2017-09-22,10.0,10.47,9.49,9.92,13805.0
2017-09-25,10.21,11.2,10.12,11.0,38200.0
2017-09-26,11.1,12.45,11.01,11.92,64891.0
2017-09-27,11.95,13.0,11.95,12.99,61692.0
2017-09-28,13.0,14.89,13.0,14.7,77891.0
2017-09-29,15.0,22.63,15.0,18.67,147456.0
2017-10-02,18.7,18.88,15.12,16.04,94716.0
2017-10-03,15.2,15.39,14.01,14.9,43578.0
2017-10-04,14.9,15.91,14.9,15.33,27046.0
2017-10-05,14.8,15.25,14.8,15.15,16035.0
2017-10-06,15.0,18.2,14.6,17.45,101298.0
2017-10-09,16.99,17.65,16.17,17.65,31774.0
2017-10-10,17.8,18.2,16.65,18.0,23783.0
2017-10-11,17.47,18.0,16.77,17.75,22642.0
2017-10-12,18.16,19.5,17.92,18.7,32971.0
2017-10-13,19.08,19.1,18.04,19.1,26078.0
2017-10-16,19.1,19.35,18.26,19.35,30300.0
2017-10-17,19.0,19.0,18.5,19.0,8970.0
2017-10-18,18.5,18.55,16.82,17.91,14279.0
2017-10-19,17.85,18.01,17.6,17.81,3762.0
2017-10-20,17.87,17.87,17.53,17.81,12365.0
2017-10-23,17.88,18.57,17.36,18.57,29209.0
2017-10-24,18.27,18.42,18.21,18.26,4953.0
2017-10-25,17.9,18.25,17.6,17.91,13361.0
2017-10-26,17.91,17.91,17.5,17.51,2042.0
2017-10-27,17.64,17.85,17.21,17.45,7296.0
2017-10-30,17.73,17.73,17.47,17.47,3635.0
2017-10-31,17.54,17.54,17.25,17.26,3873.0
2017-11-01,17.3,17.93,17.25,17.75,9543.0
2017-11-02,17.95,17.95,16.63,17.85,4511.0
2017-11-03,17.61,18.12,17.25,17.98,11138.0
2017-11-06,17.81,17.9,17.54,17.9,13323.0
2017-11-07,17.9,18.69,17.87,17.87,9855.0
2017-11-08,17.45,17.87,16.5,17.65,9204.0
2017-11-09,17.46,17.7,17.01,17.45,3717.0
2017-11-10,17.49,18.37,17.31,17.51,4485.0
2017-11-13,18.22,18.22,17.64,17.89,6606.0
2017-11-14,18.03,18.7,17.5,17.69,7347.0
2017-11-15,17.54,17.7,17.0,17.4,4615.0
2017-11-16,17.22,17.5,16.5,17.29,4015.0
2017-11-17,17.2,18.29,17.0,17.75,12140.0
2017-11-20,17.38,17.74,17.3,17.45,2362.0
2017-11-21,17.4,17.75,17.36,17.64,10344.0
2017-11-22,16.5,17.61,16.5,17.43,8416.0
2017-11-24,17.7,17.8,17.3,17.66,4970.0
2017-11-27,17.62,17.8,17.57,17.585,5177.0
2017-11-28,16.85,17.235,16.76,17.06,4285.0
2017-11-29,16.94,17.275,16.69,16.69,8138.0
2017-11-30,16.57,16.76,16.5,16.635,2257.0
2017-12-01,16.45,16.7918,16.45,16.7918,3682.0
2017-12-04,16.69,16.69,16.15,16.15,1770.0
2017-12-05,15.8322,16.0,14.62,14.81,7487.0
2017-12-06,14.8,15.145,14.8,14.91,4413.0
2017-12-07,14.9,14.9,13.95,14.02,6282.0
2017-12-08,14.04,14.76,13.04,14.57,5721.0
2017-12-11,14.57,14.7931,13.915,14.15,6116.0
2017-12-12,12.73,12.99,11.9,11.99,222550.0
2017-12-13,12.0,12.0,11.84,11.9,29978.0
2017-12-14,12.0,12.01,11.81,11.81,21469.0
2017-12-15,11.99,12.0,11.81,11.81,21816.0
2017-12-18,12.0443,12.18,11.36,12.18,20371.0
2017-12-19,12.17,12.17,11.84,12.0,18678.0
2017-12-20,12.2,12.5,11.965,12.44,155815.0
2017-12-21,12.67,14.89,12.67,12.8,78621.0
2017-12-22,13.3615,13.85,13.001,13.5,51372.0
2017-12-26,13.72,14.4324,13.301,13.866,42383.0
2017-12-27,14.06,14.3566,13.948,14.0805,20809.0
2017-12-28,13.97,14.2139,13.33,13.78,24188.0
2017-12-29,13.75,13.96,13.65,13.85,12947.0
2018-01-02,13.86,15.53,13.71,14.81,16171.0
2018-01-03,15.03,16.63,14.76,15.81,62450.0
2018-01-04,15.995,16.63,15.5,16.36,40971.0
2018-01-05,17.0,17.0,16.0915,16.3771,28860.0
2018-01-08,16.14,16.8976,15.01,15.69,40783.0
2018-01-09,16.32,17.7873,16.32,17.42,58493.0
2018-01-10,17.63,19.35,16.6885,18.53,121853.0
2018-01-11,18.8,20.75,18.8,19.5,147454.0
2018-01-12,19.82,20.25,17.8,18.28,72815.0
2018-01-16,19.0,19.0937,17.35,19.02,27021.0
2018-01-17,19.015,19.73,18.725,19.0,35484.0
2018-01-18,19.1,19.4,18.875,19.03,21603.0
2018-01-19,19.07,19.25,18.775,19.1,25731.0
2018-01-22,18.5553,18.8899,18.29,18.71,30694.0
2018-01-23,18.5819,19.0,18.07,18.8,32908.0
2018-01-24,18.766,18.8,18.5,18.64,31688.0
2018-01-25,18.849,19.1999,18.52,19.09,34522.0
2018-01-26,18.9,19.49,18.85,19.49,38341.0
2018-01-29,19.45,19.5,19.11,19.34,30582.0
2018-01-30,19.275,19.4,19.175,19.34,24039.0
2018-01-31,19.22,19.69,19.15,19.69,35991.0
2018-02-01,19.37,19.6953,19.246,19.35,21055.0
2018-02-02,19.11,19.11,18.011,19.0,25887.0
2018-02-05,18.71,19.14,18.01,19.14,18635.0
2018-02-06,18.82,18.82,18.03,18.05,17715.0
2018-02-07,18.17,18.17,17.011,18.0,17841.0
2018-02-08,17.83,18.525,17.36,17.64,23728.0
2018-02-09,17.38,18.0,17.05,18.0,4901.0
2018-02-12,17.6,17.97,17.315,17.48,6685.0
2018-02-13,17.13,17.9999,17.13,17.2,3556.0
2018-02-14,16.92,17.188,16.17,17.0,28925.0
2018-02-15,16.825,17.35,16.825,16.91,8081.0
2018-02-16,17.99,18.6,17.08,17.37,73685.0
2018-02-20,16.89,19.319,16.8482,18.12,37894.0
2018-02-21,18.3502,18.9045,18.32,18.64,2330.0
2018-02-22,18.99,18.99,18.03,18.1575,8272.0
2018-02-23,17.81,18.1496,17.28,17.28,23188.0
2018-02-26,17.64,18.36,17.64,18.36,28778.0
2018-02-27,18.4,19.5,17.8101,18.0,25966.0
2018-02-28,18.1,18.23,17.5,17.89,33589.0
2018-03-01,17.515,17.73,17.294,17.32,1974.0
2018-03-02,17.37,18.65,17.1,18.0,19315.0
2018-03-05,18.0,18.0,17.38,17.58,9752.0
2018-03-06,17.51,18.1,17.51,17.82,6453.0
2018-03-07,18.0,18.15,17.61,17.61,7621.0
2018-03-08,17.61,18.56,17.61,18.4,29263.0
2018-03-09,18.5,19.49,18.0,19.46,46237.0
2018-03-12,18.83,19.27,18.0077,18.16,56093.0
2018-03-13,18.4,19.28,18.201,19.15,29446.0
2018-03-14,18.5347,19.5999,18.5347,19.11,10688.0
2018-03-15,18.7,19.6,18.7,19.11,49884.0
2018-03-16,19.415,20.68,19.28,19.79,49443.0
2018-03-19,19.71,19.71,18.03,19.49,18614.0
2018-03-20,19.29,20.49,18.62,20.22,19007.0
2018-03-21,20.09,20.61,19.225,20.0,15387.0
2018-03-22,19.84,20.65,18.0,19.47,10470.0
2018-03-23,19.12,19.25,18.2,19.0,8968.0
2018-03-26,19.21,19.44,18.0,19.1499,15440.0
2018-03-27,19.02,19.5,18.52,18.52,20414.0
2018-03-28,18.52,18.69,17.72,17.72,13290.0
2018-03-29,17.8,19.31,17.355,19.27,21669.0
2018-04-02,19.03,19.03,17.5,18.5,7505.0
2018-04-03,18.5,19.23,18.26,18.56,6302.0
2018-04-04,18.1459,19.83,18.0,18.39,4975.0
2018-04-05,18.56,19.2,18.43,18.43,6550.0
2018-04-06,18.71,19.23,18.71,19.04,20247.0
2018-04-09,19.0,19.46,18.74,19.12,8174.0
2018-04-10,19.22,19.43,18.565,19.43,6124.0
2018-04-11,18.4,19.42,18.4,19.01,1464.0
2018-04-12,19.05,19.285,17.75,17.75,22419.0
2018-04-13,18.87,20.65,17.51,19.27,34662.0
2018-04-16,19.48,20.11,17.52,19.49,8975.0
2018-04-17,19.1,19.4,18.64,19.0,15732.0
2018-04-18,19.02,19.7177,18.538,19.06,7766.0
2018-04-19,18.995,18.995,18.68,18.94,3417.0
2018-04-20,18.7,19.25,18.5,18.75,10665.0
2018-04-23,18.59,20.4,18.59,19.21,11080.0
2018-04-24,18.92,19.9375,18.85,18.99,20934.0
2018-04-25,18.85,19.415,18.75,18.9,9633.0
2018-04-26,19.14,19.78,18.7608,19.77,23667.0
2018-04-27,19.78,20.25,19.0,19.0,20218.0
2018-04-30,19.0,20.5,17.95,20.5,21254.0
2018-05-01,19.99,19.99,18.801,18.93,11098.0
2018-05-02,19.11,19.31,18.37,18.9,13801.0
2018-05-03,18.8,19.41,18.05,18.9,6447.0
2018-05-04,18.273,19.02,18.21,18.65,7889.0
2018-05-07,18.75,19.5817,18.65,19.03,10311.0
2018-05-08,19.08,19.44,18.94,18.94,6311.0
2018-05-09,18.99,18.99,18.44,18.89,9935.0
2018-05-10,18.75,18.75,18.355,18.71,6532.0
2018-05-11,18.6,18.7,18.3108,18.33,6390.0
2018-05-14,18.21,18.56,18.1,18.38,6814.0
2018-05-15,18.17,18.29,18.051,18.26,4210.0
2018-05-16,18.4444,19.4713,18.4444,19.25,4932.0
2018-05-17,19.25,19.82,18.4033,19.82,14123.0
2018-05-18,19.75,19.8524,18.89,18.97,11330.0
2018-05-21,19.0553,19.0553,18.72,18.98,5904.0
2018-05-22,18.89,19.3,18.621,18.97,3441.0
2018-05-23,18.74,19.1,18.73,18.8,28537.0
2018-05-24,19.02,19.02,18.26,18.26,14459.0
2018-05-25,18.25,18.4,18.11,18.215,4588.0
2018-05-29,18.06,18.2446,17.78,17.78,7614.0
2018-05-30,17.71,18.49,17.7,17.71,9824.0
2018-05-31,18.005,18.085,17.5,18.0,8441.0
2018-06-01,17.6634,18.17,17.65,18.17,12309.0
2018-06-04,17.75,18.1967,17.75,17.95,10089.0
2018-06-05,18.03,18.45,17.6586,18.0,8867.0
2018-06-06,18.245,18.41,18.07,18.25,5843.0
2018-06-07,18.49,19.45,18.49,19.0,29624.0
2018-06-08,18.74,19.3,18.45,19.0,6116.0
2018-06-11,18.79,19.28,18.19,18.98,13391.0
2018-06-12,18.87,19.53,18.87,19.25,35454.0
2018-06-13,19.4,19.86,18.83,19.86,16945.0
2018-06-14,19.4,19.8,19.4,19.4761,12785.0
2018-06-15,19.97,19.97,18.7,18.7,20286.0
2018-06-18,18.79,19.82,18.74,18.74,31204.0
2018-06-19,19.07,19.86,18.6701,19.16,10975.0
2018-06-20,19.12,19.88,19.0,19.06,12241.0
2018-06-21,19.17,19.4107,19.05,19.25,7866.0
2018-06-22,19.29,20.86,19.05,20.68,27728.0
2018-06-25,20.7,20.8135,19.81,19.96,9354.0
2018-06-26,20.31,20.31,19.69,19.77,6429.0
2018-06-27,19.96,19.99,19.28,19.87,7989.0
2018-06-28,19.9,20.294,19.27,19.75,24649.0
2018-06-29,19.7,21.6,19.7,21.6,25290.0
2018-07-02,21.7,23.5,21.315,23.5,41001.0
2018-07-03,23.45,24.8786,22.26,23.5,16781.0
2018-07-05,23.1634,24.3399,23.14,23.55,16495.0
2018-07-06,23.92,24.15,23.57,23.83,15476.0
2018-07-09,24.16,24.89,24.03,24.63,21129.0
2018-07-10,24.89,27.7953,23.001,23.51,26290.0
2018-07-11,23.4,24.3788,22.5,23.01,19348.0
2018-07-12,23.15,24.6017,22.0335,23.1,12074.0
2018-07-13,23.42,24.45,22.3,22.3,18104.0
2018-07-16,22.17,24.2758,21.5959,22.545,8510.0
2018-07-17,22.66,22.66,20.69,21.73,10581.0
2018-07-18,21.78,23.05,19.77,19.77,29942.0
2018-07-19,19.97,20.68,19.75,20.35,8849.0
2018-07-20,20.6,20.6,19.625,20.25,9694.0
2018-07-23,20.26,21.255,20.0,20.11,5367.0
2018-07-24,20.21,20.599,20.0,20.18,5765.0
2018-07-25,20.05,20.47,19.995,20.001,4199.0
2018-07-26,20.18,20.48,19.765,20.21,3974.0
2018-07-27,20.07,20.3387,19.75,19.75,1337.0
2018-07-30,19.61,19.61,18.05,19.5,7011.0
2018-07-31,19.2,19.61,16.46,18.0,11977.0
2018-08-01,18.53,21.5,18.5,21.29,410167.0
2018-08-02,21.4,21.4,19.65,20.89,41040.0
2018-08-03,20.75,22.4488,20.05,21.1,36664.0
2018-08-06,21.3,23.45,21.25,23.05,99347.0
2018-08-07,23.77,25.89,23.5,25.89,95753.0
2018-08-08,25.83,26.0,23.59,25.68,73126.0
2018-08-09,26.05,30.0,24.7625,29.82,163712.0
2018-08-10,30.07,30.225,27.7,27.89,202333.0
2018-08-13,27.7,29.47,26.0,29.0,36613.0
2018-08-14,29.0,29.68,26.23,27.77,84205.0
2018-08-15,27.73,29.0,26.33,26.97,56071.0
2018-08-16,27.0,27.0,25.46,26.24,54242.0
2018-08-17,28.0,29.9323,27.88,28.94,154146.0
2018-08-20,29.84,29.9,28.6982,29.9,85934.0
2018-08-21,30.0,31.43,29.79,30.78,67824.0
2018-08-22,31.05,34.1,30.05,32.83,116406.0
2018-08-23,33.18,34.0417,31.57,31.82,63297.0
2018-08-24,32.0,32.7288,31.72,32.19,50868.0
2018-08-27,32.26,32.99,31.987,32.75,35496.0
2018-08-28,32.84,33.48,31.21,31.62,21151.0
2018-08-29,31.75,32.33,30.865,32.1,67986.0
2018-08-30,32.01,32.302,30.87,31.21,27956.0
2018-08-31,31.31,32.84,30.925,32.08,21469.0
2018-09-04,32.29,32.3886,30.5001,31.65,22934.0
2018-09-05,31.38,31.7591,30.53,31.41,49021.0
2018-09-06,31.66,32.0,30.61,31.09,17648.0
2018-09-07,31.0,31.523,29.44,30.16,41389.0
2018-09-10,30.15,31.3,29.5,30.5,75680.0
2018-09-11,30.46,30.97,29.0,30.04,57469.0
2018-09-12,29.97,30.617,29.2917,30.11,24124.0
2018-09-13,30.39,32.0,29.912,31.75,53605.0
2018-09-14,31.78,32.75,30.56,31.31,47627.0
2018-09-17,31.42,32.0,30.335,30.85,70487.0
2018-09-18,30.93,31.125,29.51,30.645,26728.0
2018-09-19,30.305,31.0,29.7,30.68,67283.0
2018-09-20,30.85,31.0,30.0099,30.88,103959.0
2018-09-21,31.18,31.99,30.5,30.94,110906.0
2018-09-24,30.7,30.95,29.7,29.99,71130.0
2018-09-25,30.06,31.35,30.06,30.57,87714.0
2018-09-26,30.69,30.99,29.525,29.8,9124.0
2018-09-27,29.78,30.8948,29.2,29.21,59655.0
2018-09-28,29.3,30.93,29.3,30.84,16238.0
2018-10-01,31.19,31.19,30.0,30.22,21562.0
2018-10-02,30.1,30.1,29.05,29.1,12465.0
2018-10-03,29.26,29.5,27.1,27.9,34394.0
2018-10-04,27.81,29.5087,27.5,28.28,13492.0
2018-10-05,28.37,29.9718,27.205,28.23,8461.0
2018-10-08,28.29,29.0669,27.345,28.37,20226.0
2018-10-09,28.1,29.105,27.305,28.15,28646.0
2018-10-10,28.27,28.97,27.11,27.11,13234.0
2018-10-11,27.13,27.13,23.8917,25.23,40008.0
2018-10-12,25.42,25.585,24.51,24.84,9856.0
2018-10-15,24.77,26.58,23.89,25.25,13752.0
2018-10-16,25.68,28.5,24.83,25.3,21968.0
2018-10-17,25.32,25.86,23.9205,23.98,68105.0
2018-10-18,23.86,24.55,23.37,23.64,19973.0
2018-10-19,23.89,27.47,23.89,25.3,21456.0
2018-10-22,25.26,25.26,23.43,23.76,7542.0
2018-10-23,23.41,24.0,23.05,23.19,8988.0
2018-10-24,23.11,23.81,22.25,22.64,22480.0
2018-10-25,22.77,23.705,22.11,22.8,33312.0
2018-10-26,22.57,22.58,21.75,22.47,68684.0
2018-10-29,22.81,22.81,20.79,21.46,51352.0
2018-10-30,21.42,21.42,20.01,20.29,16465.0
2018-10-31,20.5,22.94,20.08,22.58,46325.0
2018-11-01,22.74,25.71,22.28,25.4,56448.0
2018-11-02,25.49,26.51,24.505,25.09,52802.0
2018-11-05,25.17,25.46,24.1655,25.29,13605.0
2018-11-06,25.35,25.35,23.72,24.18,9442.0
2018-11-07,23.635,25.4,23.555,24.92,12897.0
2018-11-08,25.15,25.685,23.7624,24.62,11121.0
2018-11-09,24.43,25.33,24.04,24.91,7118.0
2018-11-12,24.44,25.18,24.0,24.18,9550.0
2018-11-13,24.0,25.3161,24.0,24.36,11807.0
2018-11-14,24.4,25.46,24.17,24.6,9627.0
2018-11-15,24.31,25.18,24.01,24.18,9893.0
2018-11-16,24.13,25.99,24.13,25.58,19947.0
2018-11-19,24.925,26.15,22.245,22.77,32856.0
2018-11-20,22.14,23.2551,21.23,21.6,106862.0
2018-11-21,21.34,25.25,21.34,24.1,24702.0
2018-11-23,23.183,25.37,22.9139,25.37,14835.0
2018-11-26,25.37,25.7999,23.48,24.76,15918.0
2018-11-27,25.9,25.9,23.22,23.34,14160.0
2018-11-28,23.47,24.686,23.18,23.62,25960.0
2018-11-29,23.0586,24.0,22.0,23.71,30756.0
2018-11-30,23.41,23.66,22.24,22.91,15840.0
2018-12-03,23.4,23.4,22.0,22.95,10595.0
2018-12-04,22.75,22.995,21.3782,22.58,23316.0
2018-12-06,22.0,23.049,21.0,21.0,23320.0
2018-12-07,20.887,22.49,19.72,20.02,29250.0
2018-12-10,20.04,21.2,19.5,19.68,15043.0
2018-12-11,19.52,20.56,19.51,19.82,14091.0
2018-12-12,20.0,21.155,19.25,20.44,25091.0
2018-12-13,20.3,20.9,18.5,18.98,46558.0
2018-12-14,19.11,20.753,17.04,17.88,40623.0
2018-12-17,17.36,18.17,16.02,17.5,50237.0
2018-12-18,17.1,17.83,16.58,17.24,32497.0
2018-12-19,17.2,17.39,16.04,16.71,35452.0
2018-12-20,17.01,18.86,16.815,17.46,91435.0
2018-12-21,17.46,17.9699,16.6,16.69,42638.0
2018-12-24,16.51,17.35,16.51,16.55,2081.0
2018-12-26,16.51,18.63,16.51,18.42,34922.0
2018-12-27,18.09,18.6653,17.7,18.53,32121.0
2018-12-28,18.74,18.74,17.5,18.25,32327.0
2018-12-31,18.79,20.44,18.79,20.12,20330.0
2019-01-02,19.92,21.95,19.9,21.45,47657.0
2019-01-03,21.24,21.24,19.69,20.4,35102.0
2019-01-04,20.5,21.6,20.401,21.5,19649.0
2019-01-07,21.65,23.25,21.0,23.09,39208.0
2019-01-08,23.5,24.95,22.74,23.5,38842.0
2019-01-09,23.57,23.9799,23.1,23.6,34793.0
2019-01-10,23.27,25.15,22.4264,25.15,62394.0
2019-01-11,25.25,25.3926,23.525,25.0,23941.0
2019-01-14,24.75,25.0,22.54,23.91,34420.0
2019-01-15,23.96,24.47,23.67,23.81,11083.0
2019-01-16,24.06,24.155,23.67,23.82,11162.0
2019-01-17,23.9,24.41,23.495,24.02,25505.0
2019-01-18,24.24,25.0,23.422,24.99,20715.0
2019-01-22,25.2,25.2,23.91,24.8,10514.0
2019-01-23,25.05,25.05,24.6,25.0,12375.0
2019-01-24,25.03,25.03,23.551,23.9,25116.0
2019-01-25,24.11,24.4,23.8,24.26,13839.0
2019-01-28,24.25,24.26,23.39,23.9,16090.0
2019-01-29,24.0,24.0,22.94,23.04,30080.0
2019-01-30,23.27,24.29,22.6129,24.24,19956.0
2019-01-31,24.04,24.5,23.9873,24.49,14213.0
2019-02-01,24.54,24.599,24.1201,24.47,21987.0
2019-02-04,24.59,24.59,23.74,23.75,20957.0
2019-02-05,24.0,24.1,23.63,23.76,10009.0
2019-02-06,23.62,23.99,23.335,23.7,24293.0
2019-02-07,23.5,23.5,22.97,23.2,10575.0
2019-02-08,22.97,23.4499,22.97,23.28,17544.0
2019-02-11,23.4,23.6,23.202,23.31,12785.0
2019-02-12,23.56,24.27,23.21,23.99,39767.0
2019-02-13,24.25,24.35,23.335,24.35,63486.0
2019-02-14,24.1,24.85,23.4,23.4,43711.0
2019-02-15,23.9,24.13,22.99,23.72,32924.0
2019-02-19,23.75,24.25,23.56,23.95,27375.0
2019-02-20,24.0,24.05,23.4,23.78,21852.0
2019-02-21,23.78,24.13,23.41,23.87,22357.0
2019-02-22,24.04,24.3501,23.6,23.61,23548.0
2019-02-25,23.7,23.86,23.32,23.5,70111.0
2019-02-26,23.57,23.74,23.42,23.58,18917.0
2019-02-27,23.63,23.68,23.48,23.68,22655.0
2019-02-28,23.54,23.93,23.42,23.7,25280.0
2019-03-01,23.7,24.73,23.4,23.6,46077.0
2019-03-04,23.61,24.99,23.42,23.9,74459.0
2019-03-05,23.9,23.9,23.4,23.4,17756.0
2019-03-06,23.52,23.813,23.27,23.45,29106.0
2019-03-07,23.46,23.61,23.0,23.38,15163.0
2019-03-08,23.1,23.5,22.15,22.24,17919.0
2019-03-11,22.3,22.3,21.431,21.9,42031.0
2019-03-12,22.1809,23.75,22.1809,23.32,53331.0
2019-03-13,23.49,24.5,23.12,23.64,42807.0
2019-03-14,23.36,23.89,22.8101,23.22,14132.0
2019-03-15,23.23,23.33,22.82,22.95,10717.0
2019-03-18,22.99,23.25,22.565,23.3,17070.0
2019-03-19,23.45,24.25,23.01,23.5,57053.0
2019-03-20,23.34,24.0,23.2569,23.75,94370.0
2019-03-21,23.7,24.2,23.4,23.51,18612.0
2019-03-22,23.52,23.52,22.53,22.9,22313.0
2019-03-25,22.93,23.5,22.67,23.47,25281.0
