
2019-03-19 09:31:00,42.9,42.9,42.9,42.9,0.0
2019-03-19 12:09:00,42.8699,42.8699,42.8699,42.8699,210.0
2019-03-19 12:40:00,42.79,42.79,42.75,42.75,1000.0
2019-03-19 12:41:00,42.78,42.78,42.75,42.75,2000.0
2019-03-19 12:43:00,42.78,42.79,42.75,42.79,3248.0
2019-03-19 14:47:00,42.75,42.75,42.75,42.75,7183.0
2019-03-20 12:20:00,42.8992,42.8992,42.8992,42.8992,0.0
2019-03-20 14:52:00,42.68,42.68,42.68,42.68,231.0
2019-03-20 15:23:00,42.69,42.69,42.6779,42.6779,403.0
2019-03-21 09:31:00,42.63,42.63,42.63,42.63,0.0
2019-03-21 11:13:00,42.56,42.56,42.54,42.54,1750.0
2019-03-21 12:06:00,42.6439,42.6439,42.6439,42.6439,200.0
2019-03-21 13:09:00,42.6498,42.845,42.6498,42.845,3168.0
2019-03-21 13:29:00,42.5301,42.5301,42.5301,42.5301,400.0
2019-03-21 14:00:00,42.5501,42.5501,42.5501,42.5501,262.0
2019-03-21 14:11:00,42.5501,42.5501,42.5501,42.5501,1464.0
2019-03-21 14:29:00,42.6223,42.6223,42.6223,42.6223,1597.0
2019-03-21 15:21:00,42.7225,42.7225,42.7225,42.7225,816.0
2019-03-21 15:34:00,42.5625,42.5625,42.5625,42.5625,200.0
2019-03-22 10:46:00,42.6005,42.6005,42.6005,42.6005,0.0
2019-03-22 10:57:00,42.55,42.66,42.5408,42.5878,2800.0
2019-03-22 11:49:00,42.4751,42.4751,42.4751,42.4751,600.0
2019-03-22 12:17:00,42.3301,42.3301,42.3301,42.3301,169.0
2019-03-22 12:31:00,42.3301,42.3301,42.3301,42.3301,355.0
2019-03-22 14:36:00,42.3901,42.3901,42.3901,42.3901,672.0
2019-03-22 15:15:00,42.5189,42.5189,42.5189,42.5189,340.0
2019-03-22 15:17:00,42.5145,42.5145,42.5145,42.5145,500.0
2019-03-22 15:46:00,42.4942,42.4942,42.4942,42.4942,225.0
2019-03-25 09:31:00,42.5,42.5,42.5,42.5,22.0
2019-03-26 09:31:00,42.43,42.43,42.43,42.43,670.0
2019-03-26 10:23:00,42.4628,42.4628,42.4628,42.4628,240.0
2019-03-26 10:28:00,42.463,42.463,42.463,42.463,235.0
2019-03-26 11:39:00,42.489,42.489,42.489,42.489,500.0
2019-03-26 11:48:00,42.4628,42.4628,42.4628,42.4628,300.0
2019-03-26 12:59:00,42.3744,42.3744,42.3744,42.3744,250.0
2019-03-26 13:00:00,42.3744,42.3744,42.3744,42.3744,150.0
2019-03-26 13:13:00,42.3,42.3686,42.3,42.3686,1983.0
2019-03-26 13:14:00,42.3956,42.3956,42.3956,42.3956,3155.0
2019-03-26 13:15:00,42.2701,42.2701,42.2701,42.2701,2442.0
2019-03-26 15:55:00,42.2701,42.2701,42.2701,42.2701,368.0
2019-03-26 15:59:00,42.33,42.33,42.33,42.33,200.0
2019-03-27 09:31:00,42.28,42.28,42.28,42.28,0.0
2019-03-27 10:19:00,42.3828,42.3828,42.3828,42.3828,400.0
2019-03-27 10:35:00,42.19,42.19,42.19,42.19,201.0
2019-03-27 11:36:00,42.19,42.19,42.19,42.19,101.0
2019-03-27 11:55:00,42.28,42.28,42.28,42.28,400.0
2019-03-27 12:32:00,42.3,42.3,42.3,42.3,474.0
2019-03-27 14:43:00,42.2399,42.2399,42.2399,42.2399,323.0
2019-03-27 14:46:00,42.36,42.36,42.19,42.3415,5963.0
2019-03-27 15:08:00,42.3191,42.3191,42.3191,42.3191,711.0
2019-03-27 15:59:00,42.23,42.23,42.23,42.23,400.0
2019-03-28 10:37:00,42.275,42.3744,42.165,42.275,0.0
2019-03-28 10:41:00,42.1401,42.1401,42.1401,42.1401,806.0
2019-03-28 10:53:00,42.2,42.2,42.2,42.2,827.0
2019-03-28 12:35:00,42.2304,42.2304,42.2304,42.2304,459.0
2019-03-28 13:19:00,42.1407,42.41,42.1401,42.3807,12698.0
2019-03-28 14:17:00,42.18,42.18,42.17,42.18,3803.0
2019-03-28 14:35:00,42.2413,42.2413,42.2413,42.2413,684.0
2019-03-28 15:51:00,42.2333,42.2333,42.2333,42.2333,926.0
2019-03-29 11:12:00,42.3426,42.3426,42.3426,42.3426,6.0
2019-03-29 12:29:00,42.4099,42.4099,42.4099,42.4099,1067.0
2019-04-01 10:57:00,42.47,42.47,42.47,42.47,191.0
2019-04-01 14:21:00,42.485,42.59,42.485,42.59,1453.0
2019-04-01 15:11:00,42.51,42.51,42.51,42.51,36431.0
2019-04-01 15:39:00,42.67,42.67,42.67,42.67,0.0
2019-04-02 09:34:00,42.36,42.4008,42.36,42.4008,0.0
2019-04-02 12:20:00,42.48,42.48,42.48,42.48,244.0
2019-04-02 13:23:00,42.5086,42.5086,42.5086,42.5086,410.0
2019-04-03 09:31:00,42.6,42.6,42.6,42.6,0.0
2019-04-03 10:26:00,42.635,42.635,42.635,42.635,171.0
2019-04-03 10:35:00,42.6363,42.6363,42.635,42.635,601.0
2019-04-03 10:45:00,42.635,42.635,42.635,42.635,532.0
2019-04-03 10:54:00,42.75,42.75,42.675,42.675,5423.0
2019-04-03 11:23:00,42.66,42.66,42.6229,42.6229,2247.0
2019-04-03 11:56:00,42.66,42.661,42.6397,42.6397,2527.0
2019-04-03 15:59:00,42.66,42.75,42.66,42.75,0.0
