
2019-03-19 09:32:00,1.5701,1.5701,1.5701,1.5701,39033.0
2019-03-19 09:35:00,1.5748,1.5748,1.5748,1.5748,891.0
2019-03-19 09:36:00,1.5738,1.5738,1.5738,1.5738,8747.0
2019-03-19 09:39:00,1.5874,1.5874,1.5874,1.5874,6270.0
2019-03-19 09:41:00,1.5839,1.5839,1.5839,1.5839,5033.0
2019-03-19 09:43:00,1.59,1.59,1.59,1.59,410.0
2019-03-19 09:47:00,1.5901,1.5901,1.5901,1.5901,1259.0
2019-03-19 09:53:00,1.5951,1.5951,1.5951,1.5951,530.0
2019-03-19 09:54:00,1.6,1.6,1.6,1.6,357.0
2019-03-19 09:56:00,1.5703,1.5703,1.5703,1.5703,5047.0
2019-03-19 10:00:00,1.5835,1.5835,1.5835,1.5835,915.0
2019-03-19 10:02:00,1.58,1.58,1.58,1.58,6001.0
2019-03-19 10:04:00,1.5862,1.59,1.5862,1.59,3424.0
2019-03-19 10:11:00,1.5902,1.5902,1.5902,1.5902,1201.0
2019-03-19 10:14:00,1.6,1.6,1.6,1.6,2041.0
2019-03-19 10:19:00,1.6,1.6,1.6,1.6,469.0
2019-03-19 10:20:00,1.6,1.6,1.6,1.6,212.0
2019-03-19 10:22:00,1.595,1.595,1.595,1.595,316.0
2019-03-19 10:35:00,1.59,1.59,1.5801,1.5801,1581.0
2019-03-19 10:36:00,1.59,1.59,1.59,1.59,4984.0
2019-03-19 10:43:00,1.585,1.585,1.585,1.585,1312.0
2019-03-19 10:44:00,1.59,1.59,1.59,1.59,3301.0
2019-03-19 10:46:00,1.5801,1.5801,1.5801,1.5801,3736.0
2019-03-19 10:51:00,1.59,1.59,1.59,1.59,1532.0
2019-03-19 10:53:00,1.6,1.6,1.6,1.6,2400.0
2019-03-19 10:58:00,1.6,1.6,1.6,1.6,211.0
2019-03-19 11:04:00,1.5901,1.5901,1.5901,1.5901,2500.0
2019-03-19 11:07:00,1.6,1.6,1.6,1.6,100.0
2019-03-19 11:08:00,1.595,1.595,1.595,1.595,330.0
2019-03-19 11:10:00,1.595,1.595,1.595,1.595,2888.0
2019-03-19 11:14:00,1.598,1.6,1.598,1.6,1213.0
2019-03-19 11:20:00,1.59,1.59,1.59,1.59,11172.0
2019-03-19 11:29:00,1.5972,1.5972,1.5972,1.5972,190.0
2019-03-19 11:32:00,1.6,1.6,1.6,1.6,120.0
2019-03-19 11:41:00,1.5879,1.5879,1.5879,1.5879,203.0
2019-03-19 11:45:00,1.6,1.6,1.6,1.6,200.0
2019-03-19 11:52:00,1.5844,1.5844,1.5844,1.5844,500.0
2019-03-19 11:58:00,1.5973,1.5973,1.5973,1.5973,710.0
2019-03-19 12:00:00,1.5832,1.5832,1.5832,1.5832,300.0
2019-03-19 12:04:00,1.5839,1.5839,1.5839,1.5839,1960.0
2019-03-19 12:06:00,1.6,1.6,1.6,1.6,2218.0
2019-03-19 12:11:00,1.6,1.6,1.6,1.6,604.0
2019-03-19 12:15:00,1.6,1.6,1.5935,1.5935,200.0
2019-03-19 12:21:00,1.5901,1.5901,1.5901,1.5901,2100.0
2019-03-19 12:22:00,1.595,1.595,1.595,1.595,1881.0
2019-03-19 12:24:00,1.595,1.595,1.595,1.595,200.0
2019-03-19 12:26:00,1.595,1.595,1.595,1.595,100.0
2019-03-19 12:27:00,1.595,1.595,1.595,1.595,3700.0
2019-03-19 12:31:00,1.599,1.599,1.599,1.599,360.0
2019-03-19 12:37:00,1.595,1.595,1.595,1.595,1100.0
2019-03-19 12:38:00,1.6,1.6,1.6,1.6,13201.0
2019-03-19 12:41:00,1.5951,1.5951,1.5951,1.5951,7006.0
2019-03-19 12:45:00,1.6,1.6,1.6,1.6,8486.0
2019-03-19 12:46:00,1.6,1.6,1.6,1.6,105.0
2019-03-19 12:55:00,1.598,1.6,1.598,1.6,900.0
2019-03-19 13:03:00,1.5924,1.5924,1.59,1.59,1515.0
2019-03-19 13:09:00,1.6,1.6,1.6,1.6,3124.0
2019-03-19 13:13:00,1.5926,1.5926,1.5926,1.5926,3100.0
2019-03-19 13:15:00,1.59,1.595,1.59,1.595,541.0
2019-03-19 13:30:00,1.6,1.6,1.6,1.6,1903.0
2019-03-19 13:38:00,1.6,1.6,1.6,1.6,146.0
2019-03-19 13:49:00,1.595,1.595,1.595,1.595,3210.0
2019-03-19 13:52:00,1.595,1.595,1.595,1.595,3910.0
2019-03-19 13:54:00,1.595,1.595,1.595,1.595,2430.0
2019-03-19 13:59:00,1.595,1.595,1.595,1.595,10301.0
2019-03-19 14:02:00,1.595,1.595,1.595,1.595,2400.0
2019-03-19 14:04:00,1.59,1.59,1.59,1.59,576.0
2019-03-19 14:06:00,1.6,1.6,1.6,1.6,13527.0
2019-03-19 14:07:00,1.6,1.6,1.6,1.6,6100.0
2019-03-19 14:08:00,1.595,1.595,1.595,1.595,4308.0
2019-03-19 14:14:00,1.598,1.598,1.598,1.598,1000.0
2019-03-19 14:16:00,1.6,1.6,1.6,1.6,5611.0
2019-03-19 14:21:00,1.6,1.6,1.595,1.595,7599.0
2019-03-19 14:22:00,1.595,1.595,1.595,1.595,2304.0
2019-03-19 14:23:00,1.6,1.6,1.595,1.595,1105.0
2019-03-19 14:29:00,1.5984,1.5984,1.5984,1.5984,200.0
2019-03-19 14:30:00,1.6,1.6,1.6,1.6,1400.0
2019-03-19 14:35:00,1.6,1.6,1.595,1.595,5121.0
2019-03-19 14:43:00,1.5909,1.5909,1.5901,1.5901,940.0
2019-03-19 14:50:00,1.6,1.6,1.6,1.6,101.0
2019-03-19 14:53:00,1.5916,1.5916,1.5916,1.5916,1155.0
2019-03-19 15:03:00,1.6,1.6,1.6,1.6,100.0
2019-03-19 15:08:00,1.6,1.6,1.6,1.6,150.0
2019-03-19 15:11:00,1.6,1.6,1.6,1.6,5100.0
2019-03-19 15:12:00,1.595,1.595,1.595,1.595,11274.0
2019-03-19 15:13:00,1.6,1.6,1.6,1.6,1605.0
2019-03-19 15:24:00,1.6,1.6,1.6,1.6,1802.0
2019-03-19 15:26:00,1.5999,1.5999,1.5999,1.5999,300.0
2019-03-19 15:30:00,1.6,1.6,1.6,1.6,100.0
2019-03-19 15:31:00,1.5971,1.5971,1.5971,1.5971,1550.0
2019-03-19 15:36:00,1.5916,1.5916,1.5916,1.5916,1625.0
2019-03-19 15:38:00,1.6,1.6,1.6,1.6,100.0
2019-03-19 15:42:00,1.595,1.599,1.595,1.599,8033.0
2019-03-19 15:44:00,1.595,1.595,1.595,1.595,4273.0
2019-03-19 15:45:00,1.6,1.6,1.5901,1.5901,2532.0
2019-03-19 15:49:00,1.595,1.595,1.595,1.595,2000.0
2019-03-19 15:50:00,1.595,1.6,1.595,1.6,9001.0
2019-03-19 15:51:00,1.6,1.6,1.6,1.6,3705.0
2019-03-19 15:55:00,1.59,1.59,1.59,1.59,370.0
2019-03-19 15:57:00,1.598,1.598,1.598,1.598,10866.0
2019-03-19 16:00:00,1.59,1.59,1.59,1.59,557.0
2019-03-20 09:31:00,1.6,1.63,1.59,1.59,23270.0
2019-03-20 09:32:00,1.5821,1.5821,1.5821,1.5821,25539.0
2019-03-20 09:35:00,1.5899,1.5899,1.5899,1.5899,1000.0
2019-03-20 09:36:00,1.6,1.6,1.5875,1.6,43054.0
2019-03-20 09:39:00,1.62,1.62,1.62,1.62,151.0
2019-03-20 09:42:00,1.608,1.608,1.608,1.608,1001.0
2019-03-20 09:43:00,1.63,1.63,1.63,1.63,200.0
2019-03-20 09:45:00,1.63,1.63,1.63,1.63,1000.0
2019-03-20 09:46:00,1.6269,1.6293,1.6132,1.6293,3100.0
2019-03-20 09:47:00,1.61,1.61,1.61,1.61,7710.0
2019-03-20 09:48:00,1.6268,1.6268,1.6268,1.6268,2300.0
2019-03-20 09:50:00,1.61,1.61,1.61,1.61,8455.0
2019-03-20 09:52:00,1.62,1.62,1.62,1.62,301.0
2019-03-20 09:53:00,1.62,1.62,1.62,1.62,2803.0
2019-03-20 09:54:00,1.62,1.62,1.62,1.62,200.0
2019-03-20 09:55:00,1.62,1.62,1.62,1.62,1100.0
2019-03-20 09:57:00,1.61,1.61,1.61,1.61,8222.0
2019-03-20 09:58:00,1.62,1.62,1.62,1.62,100.0
2019-03-20 09:59:00,1.6199,1.6199,1.6199,1.6199,202.0
2019-03-20 10:00:00,1.62,1.62,1.61,1.61,503.0
2019-03-20 10:02:00,1.65,1.65,1.6498,1.6498,37589.0
2019-03-20 10:03:00,1.65,1.65,1.63,1.63,1700.0
2019-03-20 10:04:00,1.6496,1.6496,1.6496,1.6496,2700.0
2019-03-20 10:05:00,1.635,1.635,1.635,1.635,2902.0
2019-03-20 10:06:00,1.6362,1.6362,1.6362,1.6362,3318.0
2019-03-20 10:07:00,1.63,1.63,1.63,1.63,1240.0
2019-03-20 10:10:00,1.6374,1.6374,1.63,1.63,600.0
2019-03-20 10:12:00,1.64,1.64,1.64,1.64,710.0
2019-03-20 10:13:00,1.63,1.63,1.63,1.63,4555.0
2019-03-20 10:16:00,1.6315,1.6315,1.6315,1.6315,2900.0
2019-03-20 10:18:00,1.63,1.63,1.6,1.6,18092.0
2019-03-20 10:23:00,1.619,1.619,1.6,1.6,2200.0
2019-03-20 10:24:00,1.6,1.6,1.6,1.6,2700.0
2019-03-20 10:25:00,1.62,1.62,1.62,1.62,200.0
2019-03-20 10:26:00,1.62,1.62,1.62,1.62,410.0
2019-03-20 10:31:00,1.62,1.62,1.62,1.62,207.0
2019-03-20 10:34:00,1.6032,1.6032,1.6032,1.6032,136.0
2019-03-20 10:35:00,1.62,1.62,1.62,1.62,103.0
2019-03-20 10:40:00,1.6,1.6,1.6,1.6,5357.0
2019-03-20 10:42:00,1.6,1.6,1.6,1.6,1035.0
2019-03-20 10:48:00,1.605,1.605,1.605,1.605,100.0
2019-03-20 10:50:00,1.605,1.605,1.605,1.605,100.0
2019-03-20 10:51:00,1.6,1.6,1.6,1.6,702.0
2019-03-20 10:53:00,1.6,1.6,1.6,1.6,250.0
2019-03-20 10:54:00,1.6,1.6,1.6,1.6,8863.0
2019-03-20 10:57:00,1.59,1.59,1.59,1.59,4290.0
2019-03-20 10:58:00,1.597,1.597,1.597,1.597,180.0
2019-03-20 11:00:00,1.6,1.6,1.6,1.6,1100.0
2019-03-20 11:02:00,1.59,1.59,1.59,1.59,1200.0
2019-03-20 11:03:00,1.61,1.61,1.61,1.61,100.0
2019-03-20 11:06:00,1.61,1.61,1.61,1.61,100.0
2019-03-20 11:07:00,1.59,1.59,1.59,1.59,295.0
2019-03-20 11:18:00,1.59,1.59,1.59,1.59,130.0
2019-03-20 11:32:00,1.59,1.59,1.59,1.59,200.0
2019-03-20 11:33:00,1.59,1.59,1.59,1.59,300.0
2019-03-20 11:39:00,1.59,1.5965,1.59,1.595,1600.0
2019-03-20 11:41:00,1.59,1.59,1.59,1.59,1830.0
2019-03-20 11:45:00,1.6,1.6,1.6,1.6,200.0
2019-03-20 11:46:00,1.6,1.6,1.6,1.6,105.0
2019-03-20 11:48:00,1.6,1.6,1.6,1.6,100.0
2019-03-20 11:49:00,1.59,1.59,1.59,1.59,395.0
2019-03-20 11:53:00,1.6,1.6,1.6,1.6,100.0
2019-03-20 11:55:00,1.59,1.59,1.59,1.59,200.0
2019-03-20 12:00:00,1.6,1.6,1.6,1.6,2000.0
2019-03-20 12:01:00,1.5999,1.5999,1.5999,1.5999,2035.0
2019-03-20 12:04:00,1.5912,1.592,1.59,1.59,9985.0
2019-03-20 12:05:00,1.59,1.59,1.59,1.59,10985.0
2019-03-20 12:07:00,1.6,1.6,1.6,1.6,235.0
2019-03-20 12:10:00,1.5916,1.5916,1.5916,1.5916,176.0
2019-03-20 12:14:00,1.595,1.595,1.595,1.595,305.0
2019-03-20 12:15:00,1.598,1.598,1.598,1.598,2200.0
2019-03-20 12:22:00,1.595,1.595,1.595,1.595,320.0
2019-03-20 12:25:00,1.5941,1.5941,1.5941,1.5941,1200.0
2019-03-20 12:27:00,1.59,1.59,1.59,1.59,1700.0
2019-03-20 12:29:00,1.5952,1.5952,1.5952,1.5952,600.0
2019-03-20 12:31:00,1.5972,1.5972,1.5972,1.5972,1000.0
2019-03-20 12:32:00,1.59,1.59,1.59,1.59,150.0
2019-03-20 12:38:00,1.6,1.6,1.6,1.6,100.0
2019-03-20 12:39:00,1.595,1.6,1.595,1.6,3720.0
2019-03-20 12:41:00,1.5935,1.5935,1.5935,1.5935,1031.0
2019-03-20 12:48:00,1.6,1.6,1.6,1.6,5815.0
2019-03-20 12:55:00,1.595,1.595,1.595,1.595,312.0
2019-03-20 12:56:00,1.6,1.6,1.6,1.6,100.0
2019-03-20 12:58:00,1.6,1.6,1.6,1.6,200.0
2019-03-20 13:03:00,1.5912,1.5912,1.5912,1.5912,4049.0
2019-03-20 13:05:00,1.595,1.595,1.595,1.595,200.0
2019-03-20 13:06:00,1.6,1.6,1.6,1.6,100.0
2019-03-20 13:09:00,1.6,1.6,1.6,1.6,205.0
2019-03-20 13:12:00,1.5905,1.5905,1.5905,1.5905,6300.0
2019-03-20 13:16:00,1.59,1.59,1.59,1.59,105.0
2019-03-20 13:22:00,1.6,1.6,1.6,1.6,100.0
2019-03-20 13:23:00,1.6,1.6,1.6,1.6,100.0
2019-03-20 13:27:00,1.6,1.6,1.6,1.6,300.0
2019-03-20 13:29:00,1.6,1.6,1.6,1.6,100.0
2019-03-20 13:30:00,1.6,1.6,1.6,1.6,200.0
2019-03-20 13:35:00,1.59,1.59,1.59,1.59,100.0
2019-03-20 13:36:00,1.6,1.6,1.6,1.6,4700.0
2019-03-20 13:38:00,1.59,1.59,1.59,1.59,7785.0
2019-03-20 13:41:00,1.59,1.59,1.59,1.59,301.0
2019-03-20 13:42:00,1.6,1.6,1.6,1.6,200.0
2019-03-20 13:43:00,1.59,1.59,1.59,1.59,1600.0
2019-03-20 13:50:00,1.59,1.59,1.59,1.59,103.0
2019-03-20 13:51:00,1.6,1.6,1.6,1.6,105.0
2019-03-20 13:54:00,1.6,1.6,1.6,1.6,120.0
2019-03-20 13:56:00,1.5847,1.5847,1.5847,1.5847,5440.0
2019-03-20 13:57:00,1.59,1.59,1.5801,1.5801,2120.0
2019-03-20 14:00:00,1.5801,1.5801,1.58,1.58,9561.0
2019-03-20 14:02:00,1.6,1.6,1.6,1.6,400.0
2019-03-20 14:04:00,1.5801,1.5801,1.5801,1.5801,127.0
2019-03-20 14:05:00,1.5838,1.5838,1.5838,1.5838,641.0
2019-03-20 14:07:00,1.6,1.6,1.6,1.6,200.0
2019-03-20 14:09:00,1.5916,1.5916,1.5916,1.5916,300.0
2019-03-20 14:10:00,1.5916,1.5916,1.5916,1.5916,102.0
2019-03-20 14:12:00,1.5997,1.5997,1.5997,1.5997,5316.0
2019-03-20 14:16:00,1.59,1.59,1.59,1.59,100.0
2019-03-20 14:17:00,1.59,1.59,1.59,1.59,200.0
2019-03-20 14:22:00,1.5927,1.5927,1.5927,1.5927,502.0
2019-03-20 14:24:00,1.6,1.6,1.6,1.6,400.0
2019-03-20 14:26:00,1.595,1.595,1.595,1.595,3400.0
2019-03-20 14:27:00,1.5906,1.6,1.5906,1.6,3811.0
2019-03-20 14:32:00,1.59,1.59,1.59,1.59,102.0
2019-03-20 14:33:00,1.59,1.5947,1.59,1.5947,1400.0
2019-03-20 14:34:00,1.595,1.595,1.595,1.595,1800.0
2019-03-20 14:35:00,1.58,1.58,1.58,1.58,36977.0
2019-03-20 14:38:00,1.5758,1.5758,1.5758,1.5758,2475.0
2019-03-20 14:40:00,1.58,1.58,1.58,1.58,210.0
2019-03-20 14:43:00,1.58,1.58,1.58,1.58,420.0
2019-03-20 14:45:00,1.57,1.57,1.57,1.57,100.0
2019-03-20 14:48:00,1.5784,1.5784,1.5784,1.5784,200.0
2019-03-20 14:51:00,1.577,1.577,1.577,1.577,1400.0
2019-03-20 14:54:00,1.5796,1.5796,1.5796,1.5796,192.0
2019-03-20 14:58:00,1.57,1.57,1.57,1.57,8604.0
2019-03-20 15:01:00,1.5602,1.5602,1.5602,1.5602,3390.0
2019-03-20 15:02:00,1.5624,1.5624,1.5624,1.5624,3525.0
2019-03-20 15:03:00,1.57,1.57,1.57,1.57,2987.0
2019-03-20 15:04:00,1.5602,1.5602,1.5602,1.5602,4770.0
2019-03-20 15:11:00,1.565,1.565,1.565,1.565,100.0
2019-03-20 15:12:00,1.5634,1.57,1.5634,1.57,1223.0
2019-03-20 15:26:00,1.57,1.5711,1.57,1.5711,3679.0
2019-03-20 15:28:00,1.57,1.57,1.57,1.57,1341.0
2019-03-20 15:33:00,1.58,1.58,1.58,1.58,145.0
2019-03-20 15:36:00,1.5799,1.5799,1.5799,1.5799,750.0
2019-03-20 15:38:00,1.58,1.58,1.58,1.58,200.0
2019-03-20 15:42:00,1.5701,1.5701,1.5701,1.5701,200.0
2019-03-20 15:44:00,1.5799,1.5799,1.57,1.57,4441.0
2019-03-20 15:45:00,1.57,1.57,1.57,1.57,200.0
2019-03-20 15:50:00,1.56,1.5668,1.56,1.5668,704.0
2019-03-20 15:53:00,1.56,1.5601,1.56,1.5601,800.0
2019-03-20 15:54:00,1.57,1.57,1.56,1.56,1415.0
2019-03-20 15:56:00,1.57,1.57,1.57,1.57,184.0
2019-03-20 15:57:00,1.5671,1.5671,1.56,1.56,1106.0
2019-03-20 15:59:00,1.5532,1.5532,1.5532,1.5532,11303.0
2019-03-21 09:31:00,1.58,1.58,1.58,1.58,3624.0
2019-03-21 09:33:00,1.5578,1.5668,1.5578,1.5668,5494.0
2019-03-21 09:34:00,1.5501,1.5501,1.5501,1.5501,8000.0
2019-03-21 09:37:00,1.553,1.553,1.553,1.553,630.0
2019-03-21 09:38:00,1.56,1.56,1.56,1.56,252.0
2019-03-21 09:41:00,1.5548,1.5548,1.5501,1.5501,320.0
2019-03-21 09:42:00,1.5532,1.5534,1.5532,1.5534,1050.0
2019-03-21 09:46:00,1.56,1.56,1.56,1.56,1536.0
2019-03-21 09:47:00,1.569,1.569,1.569,1.569,1084.0
2019-03-21 09:49:00,1.5578,1.5578,1.5578,1.5578,1604.0
2019-03-21 09:50:00,1.5501,1.5501,1.5501,1.5501,1045.0
2019-03-21 09:51:00,1.57,1.57,1.57,1.57,1145.0
2019-03-21 09:52:00,1.55,1.55,1.55,1.55,2458.0
2019-03-21 09:53:00,1.57,1.57,1.57,1.57,2662.0
2019-03-21 09:55:00,1.5532,1.5532,1.5532,1.5532,100.0
2019-03-21 09:56:00,1.5501,1.56,1.5501,1.56,1316.0
2019-03-21 10:02:00,1.5501,1.5501,1.5501,1.5501,615.0
2019-03-21 10:06:00,1.56,1.56,1.56,1.56,251.0
2019-03-21 10:07:00,1.5629,1.5629,1.5629,1.5629,240.0
2019-03-21 10:08:00,1.57,1.57,1.57,1.57,730.0
2019-03-21 10:09:00,1.5601,1.5601,1.5601,1.5601,3604.0
2019-03-21 10:13:00,1.5676,1.5676,1.5676,1.5676,1072.0
2019-03-21 10:15:00,1.56,1.56,1.56,1.56,1905.0
2019-03-21 10:16:00,1.54,1.54,1.54,1.54,2305.0
2019-03-21 10:17:00,1.54,1.54,1.54,1.54,2539.0
2019-03-21 10:18:00,1.533,1.536,1.533,1.536,4761.0
2019-03-21 10:21:00,1.53,1.535,1.52,1.52,5853.0
2019-03-21 10:22:00,1.52,1.52,1.5,1.5,20453.0
2019-03-21 10:23:00,1.5001,1.5001,1.5001,1.5001,6873.0
2019-03-21 10:24:00,1.5,1.5076,1.5,1.5001,1000.0
2019-03-21 10:25:00,1.5,1.5,1.5,1.5,5024.0
2019-03-21 10:26:00,1.5078,1.5078,1.5078,1.5078,3411.0
2019-03-21 10:29:00,1.51,1.51,1.5,1.51,4000.0
2019-03-21 10:30:00,1.5252,1.5252,1.5252,1.5252,4100.0
2019-03-21 10:32:00,1.52,1.52,1.51,1.51,1872.0
2019-03-21 10:34:00,1.5399,1.54,1.5399,1.54,800.0
2019-03-21 10:35:00,1.56,1.56,1.55,1.55,11300.0
2019-03-21 10:40:00,1.56,1.56,1.54,1.54,1525.0
2019-03-21 10:41:00,1.55,1.55,1.55,1.55,1625.0
2019-03-21 10:42:00,1.55,1.55,1.5478,1.5478,3100.0
2019-03-21 10:45:00,1.545,1.5599,1.545,1.5599,15400.0
2019-03-21 10:47:00,1.55,1.5501,1.55,1.5501,1820.0
2019-03-21 10:48:00,1.5499,1.5499,1.5499,1.5499,3749.0
2019-03-21 10:49:00,1.5301,1.5301,1.5301,1.5301,4137.0
2019-03-21 10:54:00,1.55,1.55,1.55,1.55,100.0
2019-03-21 10:55:00,1.5389,1.5389,1.5389,1.5389,7500.0
2019-03-21 10:56:00,1.55,1.55,1.55,1.55,7600.0
2019-03-21 10:57:00,1.5459,1.5459,1.5459,1.5459,750.0
2019-03-21 10:58:00,1.55,1.55,1.55,1.55,100.0
2019-03-21 10:59:00,1.55,1.55,1.55,1.55,103.0
2019-03-21 11:00:00,1.5484,1.5484,1.5484,1.5484,823.0
2019-03-21 11:03:00,1.5499,1.5499,1.5499,1.5499,300.0
2019-03-21 11:08:00,1.5401,1.5401,1.5401,1.5401,200.0
2019-03-21 11:12:00,1.55,1.55,1.55,1.55,300.0
2019-03-21 11:14:00,1.5456,1.5456,1.5456,1.5456,4000.0
2019-03-21 11:17:00,1.55,1.55,1.55,1.55,100.0
2019-03-21 11:18:00,1.5606,1.5606,1.5606,1.5606,400.0
2019-03-21 11:20:00,1.55,1.55,1.55,1.55,131.0
2019-03-21 11:25:00,1.57,1.57,1.57,1.57,302.0
2019-03-21 11:30:00,1.57,1.57,1.57,1.57,100.0
2019-03-21 11:32:00,1.56,1.56,1.56,1.56,200.0
2019-03-21 11:34:00,1.5599,1.5599,1.5599,1.5599,5100.0
2019-03-21 11:36:00,1.54,1.54,1.54,1.54,7100.0
2019-03-21 11:39:00,1.56,1.56,1.56,1.56,5100.0
2019-03-21 11:40:00,1.5425,1.5425,1.5425,1.5425,1100.0
2019-03-21 11:45:00,1.56,1.56,1.56,1.56,200.0
2019-03-21 11:46:00,1.56,1.56,1.56,1.56,300.0
2019-03-21 11:48:00,1.5552,1.5552,1.5552,1.5552,258.0
2019-03-21 11:51:00,1.55,1.55,1.55,1.55,100.0
2019-03-21 11:53:00,1.56,1.56,1.56,1.56,200.0
2019-03-21 11:55:00,1.56,1.56,1.56,1.56,171.0
2019-03-21 12:06:00,1.5348,1.5348,1.5348,1.5348,200.0
2019-03-21 12:07:00,1.56,1.56,1.56,1.56,1510.0
2019-03-21 12:12:00,1.5303,1.5303,1.5303,1.5303,320.0
2019-03-21 12:14:00,1.56,1.56,1.56,1.56,2900.0
2019-03-21 12:17:00,1.5366,1.5366,1.53,1.53,2011.0
2019-03-21 12:22:00,1.54,1.54,1.54,1.54,115.0
2019-03-21 12:26:00,1.54,1.54,1.54,1.54,2199.0
2019-03-21 12:28:00,1.54,1.54,1.54,1.54,100.0
2019-03-21 12:29:00,1.54,1.54,1.54,1.54,206.0
2019-03-21 12:34:00,1.54,1.54,1.54,1.54,100.0
2019-03-21 12:35:00,1.54,1.54,1.54,1.54,700.0
2019-03-21 12:37:00,1.52,1.52,1.52,1.52,22642.0
2019-03-21 12:39:00,1.53,1.53,1.53,1.53,500.0
2019-03-21 12:40:00,1.54,1.54,1.54,1.54,705.0
2019-03-21 12:43:00,1.52,1.52,1.52,1.52,22664.0
2019-03-21 12:46:00,1.5299,1.5299,1.5299,1.5299,1300.0
2019-03-21 12:47:00,1.53,1.53,1.53,1.53,313.0
2019-03-21 12:51:00,1.5351,1.54,1.5351,1.54,1000.0
2019-03-21 13:00:00,1.5301,1.5301,1.5301,1.5301,2552.0
2019-03-21 13:02:00,1.53,1.53,1.53,1.53,11987.0
2019-03-21 13:07:00,1.54,1.54,1.54,1.54,343.0
2019-03-21 13:10:00,1.54,1.54,1.54,1.54,120.0
2019-03-21 13:13:00,1.5267,1.5267,1.5267,1.5267,1500.0
2019-03-21 13:16:00,1.54,1.54,1.53,1.53,4863.0
2019-03-21 13:25:00,1.5236,1.5236,1.5236,1.5236,2200.0
2019-03-21 13:26:00,1.5322,1.5322,1.5322,1.5322,300.0
2019-03-21 13:28:00,1.5264,1.5264,1.5264,1.5264,751.0
2019-03-21 13:30:00,1.54,1.54,1.54,1.54,100.0
2019-03-21 13:32:00,1.5384,1.5384,1.5384,1.5384,215.0
2019-03-21 13:33:00,1.535,1.5399,1.535,1.5399,3415.0
2019-03-21 13:41:00,1.535,1.54,1.535,1.54,1120.0
2019-03-21 13:47:00,1.55,1.55,1.55,1.55,719.0
2019-03-21 13:52:00,1.55,1.55,1.55,1.55,585.0
2019-03-21 14:06:00,1.54,1.54,1.54,1.54,110.0
2019-03-21 14:07:00,1.55,1.55,1.55,1.55,1115.0
2019-03-21 14:13:00,1.55,1.55,1.55,1.55,447.0
2019-03-21 14:15:00,1.555,1.555,1.555,1.555,11300.0
2019-03-21 14:16:00,1.55,1.5501,1.55,1.5501,6810.0
2019-03-21 14:20:00,1.55,1.55,1.55,1.55,500.0
2019-03-21 14:23:00,1.56,1.56,1.56,1.56,116.0
2019-03-21 14:27:00,1.55,1.55,1.55,1.55,2356.0
2019-03-21 14:33:00,1.55,1.55,1.55,1.55,200.0
2019-03-21 14:36:00,1.5522,1.5522,1.5522,1.5522,575.0
2019-03-21 14:38:00,1.55,1.55,1.55,1.55,300.0
2019-03-21 14:40:00,1.56,1.56,1.56,1.56,200.0
2019-03-21 14:41:00,1.56,1.56,1.56,1.56,100.0
2019-03-21 14:43:00,1.57,1.57,1.57,1.57,1001.0
2019-03-21 14:47:00,1.567,1.567,1.567,1.567,1408.0
2019-03-21 14:48:00,1.57,1.57,1.57,1.57,2396.0
2019-03-21 14:52:00,1.5668,1.5668,1.5668,1.5668,1419.0
2019-03-21 14:54:00,1.5641,1.5641,1.5641,1.5641,1300.0
2019-03-21 14:56:00,1.56,1.56,1.56,1.56,2700.0
2019-03-21 14:59:00,1.5667,1.5667,1.5667,1.5667,1080.0
2019-03-21 15:01:00,1.565,1.57,1.565,1.57,201.0
2019-03-21 15:11:00,1.565,1.565,1.565,1.565,510.0
2019-03-21 15:14:00,1.57,1.57,1.57,1.57,100.0
2019-03-21 15:17:00,1.565,1.565,1.565,1.565,100.0
2019-03-21 15:22:00,1.565,1.565,1.56,1.56,1375.0
2019-03-21 15:33:00,1.57,1.57,1.57,1.57,100.0
2019-03-21 15:34:00,1.57,1.57,1.57,1.57,200.0
2019-03-21 15:37:00,1.565,1.565,1.565,1.565,200.0
2019-03-21 15:39:00,1.57,1.57,1.57,1.57,1700.0
2019-03-21 15:40:00,1.57,1.57,1.57,1.57,3100.0
2019-03-21 15:41:00,1.5616,1.5616,1.5616,1.5616,960.0
2019-03-21 15:42:00,1.57,1.57,1.57,1.57,162.0
2019-03-21 15:47:00,1.57,1.57,1.57,1.57,100.0
2019-03-21 15:48:00,1.57,1.57,1.57,1.57,4265.0
2019-03-21 15:50:00,1.56,1.56,1.56,1.56,5000.0
2019-03-21 15:52:00,1.565,1.565,1.565,1.565,700.0
2019-03-21 15:54:00,1.57,1.57,1.57,1.57,9915.0
2019-03-21 15:55:00,1.565,1.565,1.565,1.565,1400.0
2019-03-21 15:56:00,1.57,1.57,1.57,1.57,200.0
2019-03-21 15:58:00,1.57,1.57,1.57,1.57,200.0
2019-03-21 15:59:00,1.57,1.57,1.57,1.57,324.0
2019-03-21 16:00:00,1.565,1.565,1.565,1.565,6303.0
2019-03-22 09:31:00,1.56,1.56,1.54,1.54,0.0
2019-03-22 09:36:00,1.5513,1.5513,1.5513,1.5513,3213.0
2019-03-22 09:38:00,1.56,1.56,1.56,1.56,3313.0
2019-03-22 09:39:00,1.56,1.56,1.56,1.56,2201.0
2019-03-22 09:41:00,1.5667,1.5667,1.5667,1.5667,2456.0
2019-03-22 09:43:00,1.57,1.57,1.57,1.57,803.0
2019-03-22 09:45:00,1.55,1.55,1.55,1.55,501.0
2019-03-22 09:48:00,1.5578,1.5578,1.5578,1.5578,1000.0
2019-03-22 09:49:00,1.57,1.57,1.57,1.57,100.0
2019-03-22 09:50:00,1.5562,1.5562,1.5562,1.5562,300.0
2019-03-22 09:52:00,1.5547,1.5547,1.5547,1.5547,710.0
2019-03-22 09:57:00,1.5501,1.5501,1.5501,1.5501,510.0
2019-03-22 09:58:00,1.54,1.54,1.54,1.54,7132.0
2019-03-22 09:59:00,1.55,1.55,1.55,1.55,100.0
2019-03-22 10:01:00,1.5499,1.5499,1.5499,1.5499,660.0
2019-03-22 10:06:00,1.5435,1.5435,1.5435,1.5435,200.0
2019-03-22 10:07:00,1.54,1.5475,1.54,1.5475,1105.0
2019-03-22 10:10:00,1.5475,1.5475,1.5475,1.5475,1419.0
2019-03-22 10:11:00,1.55,1.55,1.541,1.541,500.0
2019-03-22 10:13:00,1.54,1.54,1.54,1.54,834.0
2019-03-22 10:18:00,1.55,1.55,1.55,1.55,100.0
2019-03-22 10:22:00,1.57,1.57,1.57,1.57,220.0
2019-03-22 10:25:00,1.57,1.57,1.57,1.57,1000.0
2019-03-22 10:26:00,1.54,1.54,1.54,1.54,1929.0
2019-03-22 10:29:00,1.5501,1.5501,1.5501,1.5501,443.0
2019-03-22 10:33:00,1.55,1.55,1.55,1.55,883.0
2019-03-22 10:42:00,1.5514,1.5514,1.5514,1.5514,100.0
2019-03-22 10:43:00,1.55,1.55,1.55,1.55,100.0
2019-03-22 10:44:00,1.5599,1.5599,1.5599,1.5599,1039.0
2019-03-22 10:45:00,1.54,1.54,1.54,1.54,4835.0
2019-03-22 10:46:00,1.55,1.55,1.55,1.55,1778.0
2019-03-22 10:47:00,1.53,1.53,1.53,1.53,28716.0
2019-03-22 10:50:00,1.5216,1.53,1.5216,1.53,200.0
2019-03-22 10:51:00,1.53,1.53,1.53,1.53,100.0
2019-03-22 10:53:00,1.5222,1.5222,1.5222,1.5222,1544.0
2019-03-22 10:54:00,1.51,1.51,1.51,1.51,715.0
2019-03-22 10:55:00,1.5281,1.5281,1.5281,1.5281,400.0
2019-03-22 10:56:00,1.53,1.53,1.53,1.53,601.0
2019-03-22 10:58:00,1.5325,1.5325,1.5325,1.5325,2121.0
2019-03-22 11:01:00,1.53,1.53,1.53,1.53,100.0
2019-03-22 11:04:00,1.54,1.54,1.54,1.54,100.0
2019-03-22 11:05:00,1.5499,1.5499,1.5499,1.5499,7499.0
2019-03-22 11:08:00,1.54,1.54,1.54,1.54,100.0
2019-03-22 11:09:00,1.54,1.54,1.54,1.54,2200.0
2019-03-22 11:12:00,1.53,1.53,1.53,1.53,100.0
2019-03-22 11:16:00,1.53,1.53,1.53,1.53,150.0
2019-03-22 11:20:00,1.53,1.53,1.53,1.53,100.0
2019-03-22 11:21:00,1.53,1.53,1.53,1.53,612.0
2019-03-22 11:24:00,1.5313,1.5313,1.5313,1.5313,1505.0
2019-03-22 11:25:00,1.54,1.54,1.54,1.54,1705.0
2019-03-22 11:26:00,1.54,1.54,1.54,1.54,187.0
2019-03-22 11:29:00,1.53,1.53,1.53,1.53,100.0
2019-03-22 11:34:00,1.53,1.53,1.53,1.53,108.0
2019-03-22 11:38:00,1.54,1.54,1.54,1.54,100.0
2019-03-22 11:40:00,1.53,1.53,1.53,1.53,216.0
2019-03-22 11:42:00,1.53,1.53,1.53,1.53,600.0
2019-03-22 11:43:00,1.54,1.54,1.54,1.54,100.0
2019-03-22 11:45:00,1.5333,1.5333,1.5333,1.5333,1400.0
2019-03-22 11:47:00,1.5395,1.5395,1.5395,1.5395,7860.0
2019-03-22 11:51:00,1.54,1.54,1.54,1.54,601.0
2019-03-22 11:53:00,1.54,1.54,1.54,1.54,400.0
2019-03-22 11:54:00,1.53,1.53,1.52,1.52,16262.0
2019-03-22 11:55:00,1.54,1.54,1.54,1.54,100.0
2019-03-22 11:56:00,1.52,1.52,1.52,1.52,200.0
2019-03-22 11:59:00,1.53,1.53,1.53,1.53,1278.0
2019-03-22 12:02:00,1.52,1.52,1.52,1.52,153.0
2019-03-22 12:03:00,1.5213,1.53,1.5213,1.53,1100.0
2019-03-22 12:04:00,1.53,1.53,1.53,1.53,1200.0
2019-03-22 12:06:00,1.52,1.52,1.52,1.52,645.0
2019-03-22 12:08:00,1.52,1.52,1.52,1.52,100.0
2019-03-22 12:10:00,1.53,1.53,1.52,1.52,1394.0
2019-03-22 12:22:00,1.53,1.53,1.53,1.53,100.0
2019-03-22 12:23:00,1.53,1.53,1.53,1.53,100.0
2019-03-22 12:26:00,1.52,1.52,1.52,1.52,400.0
2019-03-22 12:29:00,1.5282,1.5282,1.5282,1.5282,2699.0
2019-03-22 12:33:00,1.52,1.52,1.52,1.52,200.0
2019-03-22 12:35:00,1.52,1.52,1.52,1.52,5594.0
2019-03-22 12:38:00,1.52,1.52,1.52,1.52,13149.0
2019-03-22 12:39:00,1.53,1.53,1.53,1.53,1514.0
2019-03-22 12:40:00,1.52,1.52,1.52,1.52,1000.0
2019-03-22 12:45:00,1.5176,1.53,1.5176,1.53,4000.0
2019-03-22 12:49:00,1.55,1.55,1.55,1.55,100.0
2019-03-22 12:51:00,1.55,1.55,1.55,1.55,200.0
2019-03-22 12:54:00,1.5236,1.5236,1.5236,1.5236,1200.0
2019-03-22 12:55:00,1.52,1.52,1.52,1.52,300.0
2019-03-22 12:56:00,1.5449,1.5449,1.5449,1.5449,2500.0
2019-03-22 12:57:00,1.52,1.52,1.52,1.52,402.0
2019-03-22 13:01:00,1.54,1.54,1.54,1.54,200.0
2019-03-22 13:02:00,1.53,1.53,1.53,1.53,6270.0
2019-03-22 13:15:00,1.53,1.53,1.53,1.53,300.0
2019-03-22 13:20:00,1.535,1.535,1.535,1.535,1209.0
2019-03-22 13:25:00,1.535,1.535,1.535,1.535,100.0
2019-03-22 13:27:00,1.53,1.53,1.53,1.53,200.0
2019-03-22 13:29:00,1.54,1.54,1.54,1.54,400.0
2019-03-22 13:30:00,1.52,1.52,1.52,1.52,700.0
2019-03-22 13:36:00,1.53,1.53,1.53,1.53,200.0
2019-03-22 13:38:00,1.53,1.53,1.53,1.53,180.0
2019-03-22 13:42:00,1.53,1.53,1.53,1.53,1787.0
2019-03-22 13:47:00,1.525,1.525,1.525,1.525,100.0
2019-03-22 13:48:00,1.52,1.52,1.52,1.52,1000.0
2019-03-22 13:49:00,1.529,1.529,1.529,1.529,437.0
2019-03-22 13:53:00,1.52,1.52,1.52,1.52,200.0
2019-03-22 13:56:00,1.525,1.525,1.52,1.52,900.0
2019-03-22 14:01:00,1.5299,1.5299,1.5299,1.5299,145.0
2019-03-22 14:04:00,1.53,1.53,1.53,1.53,100.0
2019-03-22 14:05:00,1.52,1.52,1.52,1.52,300.0
2019-03-22 14:07:00,1.52,1.52,1.52,1.52,1996.0
2019-03-22 14:08:00,1.5199,1.5199,1.5199,1.5199,2849.0
2019-03-22 14:09:00,1.5147,1.5147,1.5147,1.5147,2878.0
2019-03-22 14:11:00,1.5149,1.5149,1.51,1.51,3500.0
2019-03-22 14:12:00,1.51,1.51,1.51,1.51,3600.0
2019-03-22 14:13:00,1.51,1.51,1.51,1.51,100.0
2019-03-22 14:14:00,1.51,1.51,1.51,1.51,100.0
2019-03-22 14:16:00,1.51,1.51,1.51,1.51,500.0
2019-03-22 14:17:00,1.51,1.52,1.51,1.52,2649.0
2019-03-22 14:23:00,1.52,1.52,1.52,1.52,100.0
2019-03-22 14:24:00,1.515,1.515,1.515,1.515,102.0
2019-03-22 14:26:00,1.5188,1.5188,1.5188,1.5188,350.0
2019-03-22 14:32:00,1.51,1.51,1.51,1.51,100.0
2019-03-22 14:33:00,1.51,1.51,1.5,1.5,12811.0
2019-03-22 14:34:00,1.5,1.5,1.485,1.49,16447.0
2019-03-22 14:35:00,1.49,1.49,1.49,1.49,5500.0
2019-03-22 14:39:00,1.48,1.49,1.48,1.485,18401.0
2019-03-22 14:43:00,1.48,1.48,1.48,1.48,101.0
2019-03-22 14:44:00,1.4899,1.4899,1.4899,1.4899,3015.0
2019-03-22 14:45:00,1.4899,1.4899,1.4899,1.4899,2000.0
2019-03-22 14:46:00,1.4895,1.4895,1.4895,1.4895,2500.0
2019-03-22 14:47:00,1.48,1.48,1.48,1.48,400.0
2019-03-22 14:48:00,1.49,1.49,1.49,1.49,600.0
2019-03-22 14:50:00,1.49,1.49,1.49,1.49,255.0
2019-03-22 14:51:00,1.48,1.48,1.48,1.48,5422.0
2019-03-22 14:53:00,1.4802,1.4802,1.4802,1.4802,679.0
2019-03-22 14:56:00,1.48,1.48,1.48,1.48,122.0
2019-03-22 14:58:00,1.48,1.48,1.48,1.48,808.0
2019-03-22 15:00:00,1.49,1.49,1.49,1.49,200.0
2019-03-22 15:01:00,1.485,1.49,1.485,1.49,4124.0
2019-03-22 15:03:00,1.5,1.5,1.5,1.5,2169.0
2019-03-22 15:05:00,1.5,1.5,1.5,1.5,189.0
2019-03-22 15:06:00,1.5,1.5,1.5,1.5,289.0
2019-03-22 15:07:00,1.49,1.49,1.49,1.49,501.0
2019-03-22 15:09:00,1.49,1.49,1.49,1.49,200.0
2019-03-22 15:10:00,1.4984,1.4984,1.4984,1.4984,2300.0
2019-03-22 15:12:00,1.4925,1.4925,1.4925,1.4925,1000.0
2019-03-22 15:13:00,1.49,1.4907,1.49,1.49,1095.0
2019-03-22 15:14:00,1.49,1.49,1.49,1.49,1195.0
2019-03-22 15:16:00,1.49,1.49,1.49,1.49,5250.0
2019-03-22 15:18:00,1.4925,1.4925,1.4925,1.4925,429.0
2019-03-22 15:20:00,1.49,1.49,1.49,1.49,300.0
2019-03-22 15:21:00,1.49,1.49,1.49,1.49,600.0
2019-03-22 15:22:00,1.49,1.49,1.49,1.49,800.0
2019-03-22 15:24:00,1.4947,1.4947,1.4947,1.4947,1525.0
2019-03-22 15:26:00,1.4999,1.4999,1.4999,1.4999,500.0
2019-03-22 15:27:00,1.5,1.5,1.5,1.5,100.0
2019-03-22 15:28:00,1.4962,1.4962,1.4962,1.4962,9849.0
2019-03-22 15:30:00,1.5,1.5,1.5,1.5,2543.0
2019-03-22 15:32:00,1.49,1.49,1.49,1.49,100.0
2019-03-22 15:33:00,1.49,1.49,1.49,1.49,600.0
2019-03-22 15:35:00,1.49,1.49,1.49,1.49,300.0
2019-03-22 15:36:00,1.4907,1.4907,1.4907,1.4907,11035.0
2019-03-22 15:38:00,1.495,1.495,1.495,1.495,130.0
2019-03-22 15:39:00,1.49,1.49,1.49,1.49,400.0
2019-03-22 15:40:00,1.495,1.495,1.495,1.495,1000.0
2019-03-22 15:42:00,1.495,1.495,1.495,1.495,100.0
2019-03-22 15:44:00,1.49,1.49,1.49,1.49,14427.0
2019-03-22 15:45:00,1.49,1.49,1.49,1.49,2918.0
2019-03-22 15:46:00,1.49,1.4901,1.49,1.4901,1300.0
2019-03-22 15:47:00,1.49,1.49,1.49,1.49,1400.0
2019-03-22 15:48:00,1.49,1.49,1.49,1.49,400.0
2019-03-22 15:49:00,1.49,1.49,1.49,1.49,758.0
2019-03-22 15:50:00,1.49,1.49,1.49,1.49,6100.0
2019-03-22 15:51:00,1.48,1.48,1.48,1.48,200.0
2019-03-22 15:52:00,1.485,1.485,1.48,1.48,1100.0
2019-03-22 15:53:00,1.485,1.485,1.485,1.485,100.0
2019-03-22 15:54:00,1.48,1.48,1.48,1.48,450.0
2019-03-22 15:55:00,1.49,1.49,1.48,1.48,32681.0
2019-03-22 15:56:00,1.4726,1.4726,1.4726,1.4726,1682.0
2019-03-22 15:57:00,1.47,1.47,1.47,1.47,3059.0
2019-03-22 15:58:00,1.47,1.47,1.45,1.45,29836.0
2019-03-22 15:59:00,1.45,1.45,1.45,1.45,5011.0
2019-03-22 16:00:00,1.45,1.45,1.45,1.45,28753.0
2019-03-25 09:31:00,1.5,1.5,1.5,1.5,5996.0
2019-03-25 09:33:00,1.5087,1.5087,1.5087,1.5087,1253.0
2019-03-25 09:35:00,1.5,1.5,1.5,1.5,100.0
2019-03-25 09:36:00,1.5084,1.5084,1.5084,1.5084,4400.0
2019-03-25 09:39:00,1.5097,1.5097,1.5097,1.5097,873.0
2019-03-25 09:40:00,1.51,1.51,1.51,1.51,415.0
2019-03-25 09:45:00,1.5001,1.5001,1.5001,1.5001,520.0
2019-03-25 09:47:00,1.5,1.5,1.5,1.5,996.0
2019-03-25 09:48:00,1.5,1.5,1.5,1.5,725.0
2019-03-25 09:49:00,1.5,1.5,1.5,1.5,410.0
2019-03-25 09:51:00,1.5014,1.5014,1.5014,1.5014,285.0
2019-03-25 09:53:00,1.509,1.509,1.509,1.509,3044.0
2019-03-25 09:54:00,1.5,1.5,1.5,1.5,9171.0
2019-03-25 09:59:00,1.5066,1.5066,1.5066,1.5066,1451.0
2019-03-25 10:03:00,1.5084,1.5084,1.5084,1.5084,4745.0
2019-03-25 10:04:00,1.5,1.5,1.5,1.5,15759.0
2019-03-25 10:06:00,1.49,1.495,1.49,1.495,12465.0
2019-03-25 10:08:00,1.5025,1.5025,1.5025,1.5025,9432.0
2019-03-25 10:09:00,1.51,1.51,1.51,1.51,115.0
2019-03-25 10:13:00,1.5099,1.5099,1.5099,1.5099,852.0
2019-03-25 10:17:00,1.51,1.51,1.51,1.51,555.0
2019-03-25 10:18:00,1.525,1.525,1.525,1.525,813.0
2019-03-25 10:20:00,1.54,1.54,1.54,1.54,1344.0
2019-03-25 10:21:00,1.5368,1.5368,1.5368,1.5368,921.0
2019-03-25 10:23:00,1.54,1.54,1.54,1.54,700.0
2019-03-25 10:24:00,1.54,1.54,1.54,1.54,5633.0
2019-03-25 10:25:00,1.54,1.54,1.54,1.54,500.0
2019-03-25 10:26:00,1.54,1.54,1.54,1.54,831.0
2019-03-25 10:28:00,1.54,1.54,1.54,1.54,470.0
2019-03-25 10:29:00,1.54,1.54,1.54,1.54,400.0
2019-03-25 10:30:00,1.54,1.54,1.54,1.54,1774.0
2019-03-25 10:32:00,1.54,1.54,1.54,1.54,626.0
2019-03-25 10:33:00,1.5324,1.5324,1.5324,1.5324,15925.0
2019-03-25 10:34:00,1.5324,1.5324,1.5324,1.5324,1002.0
2019-03-25 10:38:00,1.535,1.535,1.535,1.535,200.0
2019-03-25 10:39:00,1.5361,1.5361,1.5361,1.5361,1104.0
2019-03-25 10:40:00,1.54,1.54,1.54,1.54,800.0
2019-03-25 10:41:00,1.54,1.54,1.54,1.54,500.0
2019-03-25 10:42:00,1.52,1.52,1.52,1.52,10400.0
2019-03-25 10:43:00,1.54,1.54,1.54,1.54,900.0
2019-03-25 10:44:00,1.54,1.54,1.54,1.54,504.0
2019-03-25 10:45:00,1.55,1.55,1.55,1.55,400.0
2019-03-25 10:47:00,1.55,1.55,1.55,1.55,500.0
2019-03-25 10:48:00,1.55,1.55,1.55,1.55,358.0
2019-03-25 10:49:00,1.55,1.55,1.55,1.55,300.0
2019-03-25 10:50:00,1.55,1.55,1.55,1.55,200.0
2019-03-25 10:51:00,1.55,1.55,1.55,1.55,200.0
2019-03-25 10:52:00,1.55,1.55,1.55,1.55,303.0
2019-03-25 10:53:00,1.55,1.55,1.55,1.55,200.0
2019-03-25 10:54:00,1.55,1.55,1.55,1.55,275.0
2019-03-25 10:56:00,1.55,1.55,1.55,1.55,200.0
2019-03-25 10:57:00,1.55,1.55,1.55,1.55,200.0
2019-03-25 10:58:00,1.55,1.55,1.52,1.52,2901.0
2019-03-25 11:00:00,1.54,1.54,1.54,1.54,202.0
2019-03-25 11:07:00,1.54,1.54,1.54,1.54,300.0
2019-03-25 11:08:00,1.54,1.54,1.54,1.54,200.0
2019-03-25 11:09:00,1.54,1.54,1.54,1.54,200.0
2019-03-25 11:11:00,1.54,1.54,1.54,1.54,120.0
2019-03-25 11:13:00,1.54,1.54,1.54,1.54,200.0
2019-03-25 11:15:00,1.54,1.54,1.54,1.54,200.0
2019-03-25 11:16:00,1.54,1.54,1.54,1.54,400.0
2019-03-25 11:18:00,1.54,1.54,1.54,1.54,100.0
2019-03-25 11:19:00,1.54,1.54,1.52,1.52,3007.0
2019-03-25 11:22:00,1.54,1.54,1.54,1.54,200.0
2019-03-25 11:24:00,1.54,1.54,1.54,1.54,100.0
2019-03-25 11:27:00,1.54,1.54,1.54,1.54,522.0
2019-03-25 11:31:00,1.54,1.54,1.54,1.54,200.0
2019-03-25 11:32:00,1.54,1.54,1.54,1.54,100.0
2019-03-25 11:34:00,1.54,1.54,1.54,1.54,100.0
2019-03-25 11:35:00,1.54,1.54,1.54,1.54,101.0
2019-03-25 11:36:00,1.54,1.54,1.54,1.54,100.0
2019-03-25 11:38:00,1.54,1.54,1.54,1.54,100.0
2019-03-25 11:39:00,1.54,1.54,1.54,1.54,1902.0
2019-03-25 11:41:00,1.54,1.54,1.54,1.54,100.0
2019-03-25 11:43:00,1.54,1.54,1.54,1.54,306.0
2019-03-25 11:45:00,1.54,1.54,1.54,1.54,100.0
2019-03-25 11:46:00,1.54,1.54,1.54,1.54,580.0
2019-03-25 11:49:00,1.54,1.54,1.54,1.54,405.0
2019-03-25 11:51:00,1.54,1.54,1.54,1.54,1671.0
2019-03-25 11:54:00,1.54,1.54,1.54,1.54,100.0
2019-03-25 11:57:00,1.54,1.54,1.54,1.54,100.0
2019-03-25 11:59:00,1.54,1.54,1.54,1.54,100.0
2019-03-25 12:00:00,1.54,1.54,1.54,1.54,100.0
2019-03-25 12:02:00,1.54,1.54,1.54,1.54,110.0
2019-03-25 12:07:00,1.54,1.54,1.54,1.54,379.0
2019-03-25 12:09:00,1.54,1.54,1.54,1.54,1321.0
2019-03-25 12:10:00,1.54,1.54,1.54,1.54,277.0
2019-03-25 12:12:00,1.54,1.54,1.54,1.54,106.0
2019-03-25 12:14:00,1.54,1.54,1.54,1.54,100.0
2019-03-25 12:18:00,1.54,1.54,1.54,1.54,230.0
2019-03-25 12:19:00,1.54,1.54,1.54,1.54,225.0
2019-03-25 12:22:00,1.54,1.54,1.54,1.54,125.0
2019-03-25 12:25:00,1.54,1.54,1.54,1.54,100.0
2019-03-25 12:26:00,1.54,1.54,1.54,1.54,2000.0
2019-03-25 12:30:00,1.55,1.55,1.55,1.55,300.0
2019-03-25 12:31:00,1.55,1.55,1.55,1.55,103.0
2019-03-25 12:34:00,1.5423,1.5423,1.5423,1.5423,1105.0
2019-03-25 12:36:00,1.55,1.55,1.55,1.55,100.0
2019-03-25 12:37:00,1.54,1.54,1.54,1.54,100.0
2019-03-25 12:38:00,1.54,1.54,1.54,1.54,100.0
2019-03-25 12:40:00,1.54,1.54,1.54,1.54,121.0
2019-03-25 12:41:00,1.54,1.54,1.54,1.54,100.0
2019-03-25 12:44:00,1.54,1.54,1.54,1.54,200.0
2019-03-25 12:47:00,1.54,1.54,1.54,1.54,1433.0
2019-03-25 12:50:00,1.54,1.54,1.54,1.54,220.0
2019-03-25 12:56:00,1.535,1.535,1.535,1.535,1100.0
2019-03-25 12:59:00,1.54,1.54,1.54,1.54,650.0
2019-03-25 13:00:00,1.55,1.55,1.55,1.55,1551.0
2019-03-25 13:02:00,1.55,1.55,1.55,1.55,121.0
2019-03-25 13:04:00,1.55,1.55,1.55,1.55,320.0
2019-03-25 13:10:00,1.54,1.54,1.54,1.54,1600.0
2019-03-25 13:12:00,1.52,1.52,1.52,1.52,1025.0
2019-03-25 13:18:00,1.54,1.54,1.54,1.54,100.0
2019-03-25 13:22:00,1.54,1.54,1.54,1.54,300.0
2019-03-25 13:24:00,1.54,1.54,1.54,1.54,100.0
2019-03-25 13:27:00,1.5324,1.5324,1.5324,1.5324,400.0
2019-03-25 13:28:00,1.53,1.53,1.53,1.53,1105.0
2019-03-25 13:34:00,1.55,1.55,1.55,1.55,300.0
2019-03-25 13:36:00,1.55,1.55,1.55,1.55,400.0
2019-03-25 13:38:00,1.54,1.54,1.54,1.54,321.0
2019-03-25 13:40:00,1.55,1.55,1.55,1.55,110.0
2019-03-25 13:45:00,1.55,1.55,1.55,1.55,500.0
2019-03-25 13:49:00,1.55,1.55,1.55,1.55,100.0
2019-03-25 13:50:00,1.55,1.55,1.55,1.55,100.0
2019-03-25 13:51:00,1.55,1.55,1.55,1.55,100.0
2019-03-25 13:52:00,1.54,1.54,1.54,1.54,7141.0
2019-03-25 13:55:00,1.54,1.54,1.54,1.54,235.0
2019-03-25 13:57:00,1.52,1.5246,1.52,1.5246,8586.0
2019-03-25 14:00:00,1.5399,1.5399,1.5399,1.5399,900.0
2019-03-25 14:03:00,1.5398,1.5398,1.5398,1.5398,800.0
2019-03-25 14:04:00,1.5373,1.5373,1.5373,1.5373,1831.0
2019-03-25 14:05:00,1.5399,1.5399,1.5399,1.5399,2400.0
2019-03-25 14:07:00,1.5398,1.5398,1.5398,1.5398,2471.0
2019-03-25 14:08:00,1.54,1.54,1.54,1.54,300.0
2019-03-25 14:10:00,1.54,1.54,1.54,1.54,100.0
2019-03-25 14:11:00,1.54,1.54,1.54,1.54,1700.0
2019-03-25 14:12:00,1.54,1.54,1.54,1.54,100.0
2019-03-25 14:14:00,1.5256,1.5256,1.5256,1.5256,435.0
2019-03-25 14:16:00,1.54,1.54,1.54,1.54,270.0
2019-03-25 14:18:00,1.54,1.54,1.54,1.54,100.0
2019-03-25 14:23:00,1.54,1.54,1.54,1.54,300.0
2019-03-25 14:24:00,1.54,1.54,1.54,1.54,100.0
2019-03-25 14:25:00,1.54,1.54,1.54,1.54,198.0
2019-03-25 14:27:00,1.54,1.54,1.54,1.54,121.0
2019-03-25 14:29:00,1.54,1.54,1.54,1.54,105.0
2019-03-25 14:32:00,1.54,1.54,1.54,1.54,103.0
2019-03-25 14:34:00,1.54,1.54,1.54,1.54,200.0
2019-03-25 14:35:00,1.54,1.54,1.54,1.54,100.0
2019-03-25 14:38:00,1.54,1.54,1.54,1.54,400.0
2019-03-25 14:42:00,1.54,1.54,1.54,1.54,500.0
2019-03-25 14:45:00,1.54,1.54,1.54,1.54,200.0
2019-03-25 14:47:00,1.54,1.54,1.54,1.54,121.0
2019-03-25 14:49:00,1.54,1.54,1.54,1.54,100.0
2019-03-25 14:52:00,1.54,1.54,1.54,1.54,100.0
2019-03-25 14:54:00,1.54,1.54,1.54,1.54,101.0
2019-03-25 14:56:00,1.54,1.54,1.54,1.54,100.0
2019-03-25 14:58:00,1.53,1.53,1.53,1.53,300.0
2019-03-25 14:59:00,1.54,1.54,1.54,1.54,721.0
2019-03-25 15:02:00,1.54,1.54,1.54,1.54,100.0
2019-03-25 15:03:00,1.54,1.54,1.54,1.54,322.0
2019-03-25 15:07:00,1.55,1.55,1.55,1.55,500.0
2019-03-25 15:09:00,1.54,1.54,1.54,1.54,400.0
2019-03-25 15:14:00,1.54,1.54,1.54,1.54,716.0
2019-03-25 15:15:00,1.55,1.55,1.55,1.55,1491.0
2019-03-25 15:17:00,1.54,1.54,1.54,1.54,113.0
2019-03-25 15:18:00,1.53,1.53,1.53,1.53,202.0
2019-03-25 15:20:00,1.55,1.55,1.55,1.55,100.0
2019-03-25 15:23:00,1.55,1.55,1.55,1.55,200.0
2019-03-25 15:25:00,1.55,1.55,1.55,1.55,315.0
2019-03-25 15:26:00,1.55,1.55,1.55,1.55,160.0
2019-03-25 15:28:00,1.55,1.55,1.55,1.55,200.0
2019-03-25 15:29:00,1.54,1.54,1.54,1.54,1300.0
2019-03-25 15:31:00,1.54,1.54,1.54,1.54,2350.0
2019-03-25 15:32:00,1.54,1.54,1.54,1.54,100.0
2019-03-25 15:33:00,1.54,1.54,1.54,1.54,201.0
2019-03-25 15:36:00,1.54,1.545,1.54,1.545,3731.0
2019-03-25 15:37:00,1.54,1.54,1.54,1.54,1200.0
2019-03-25 15:38:00,1.54,1.54,1.54,1.54,1800.0
2019-03-25 15:39:00,1.54,1.54,1.54,1.54,700.0
2019-03-25 15:41:00,1.54,1.54,1.54,1.54,245.0
2019-03-25 15:42:00,1.5365,1.5365,1.5365,1.5365,1215.0
2019-03-25 15:44:00,1.54,1.54,1.53,1.53,2362.0
2019-03-25 15:47:00,1.54,1.54,1.54,1.54,374.0
2019-03-25 15:49:00,1.5375,1.5375,1.5375,1.5375,2108.0
2019-03-25 15:51:00,1.53,1.53,1.53,1.53,1590.0
2019-03-25 15:53:00,1.54,1.54,1.54,1.54,1610.0
2019-03-25 15:55:00,1.54,1.54,1.54,1.54,400.0
2019-03-25 15:57:00,1.5387,1.54,1.5387,1.54,1859.0
2019-03-25 15:58:00,1.54,1.54,1.54,1.54,100.0
2019-03-25 15:59:00,1.5499,1.5499,1.5499,1.5499,3244.0
2019-03-25 16:00:00,1.549,1.549,1.549,1.549,3053.0
2019-03-26 09:31:00,1.53,1.53,1.53,1.53,5515.0
2019-03-26 09:33:00,1.5132,1.5132,1.5132,1.5132,2150.0
2019-03-26 09:36:00,1.5132,1.5132,1.5132,1.5132,330.0
2019-03-26 09:37:00,1.51,1.51,1.51,1.51,268.0
2019-03-26 09:42:00,1.5248,1.5248,1.51,1.51,3000.0
2019-03-26 09:47:00,1.5107,1.5107,1.5107,1.5107,1150.0
2019-03-26 09:52:00,1.54,1.54,1.54,1.54,2300.0
2019-03-26 09:54:00,1.5289,1.5289,1.5289,1.5289,2838.0
2019-03-26 10:00:00,1.54,1.54,1.54,1.54,200.0
2019-03-26 10:11:00,1.54,1.54,1.54,1.54,203.0
2019-03-26 10:15:00,1.54,1.54,1.54,1.54,156.0
2019-03-26 10:24:00,1.53,1.53,1.53,1.53,400.0
2019-03-26 10:26:00,1.53,1.53,1.53,1.53,100.0
2019-03-26 10:30:00,1.54,1.54,1.54,1.54,200.0
2019-03-26 10:33:00,1.54,1.54,1.54,1.54,100.0
2019-03-26 10:35:00,1.5324,1.5324,1.5324,1.5324,6422.0
2019-03-26 10:36:00,1.54,1.54,1.54,1.54,340.0
2019-03-26 10:41:00,1.54,1.54,1.54,1.54,500.0
2019-03-26 10:46:00,1.549,1.549,1.549,1.549,647.0
2019-03-26 10:48:00,1.54,1.54,1.54,1.54,100.0
2019-03-26 10:50:00,1.53,1.53,1.53,1.53,1510.0
2019-03-26 10:51:00,1.54,1.54,1.54,1.54,3900.0
2019-03-26 10:52:00,1.54,1.54,1.54,1.54,400.0
2019-03-26 10:56:00,1.523,1.523,1.523,1.523,705.0
2019-03-26 10:59:00,1.55,1.55,1.55,1.55,126.0
2019-03-26 11:01:00,1.5296,1.5296,1.5296,1.5296,1006.0
2019-03-26 11:12:00,1.525,1.525,1.525,1.525,454.0
2019-03-26 11:16:00,1.52,1.52,1.52,1.52,900.0
2019-03-26 11:20:00,1.5424,1.5424,1.5424,1.5424,333.0
2019-03-26 11:23:00,1.52,1.53,1.5059,1.53,0.0
2019-03-26 11:24:00,1.5303,1.5303,1.5303,1.5303,729.0
2019-03-26 11:32:00,1.54,1.54,1.54,1.54,100.0
2019-03-26 11:37:00,1.53,1.53,1.53,1.53,252.0
2019-03-26 11:42:00,1.54,1.54,1.54,1.54,100.0
2019-03-26 11:45:00,1.5224,1.5224,1.5224,1.5224,0.0
2019-03-26 11:46:00,1.5368,1.5368,1.5368,1.5368,103.0
2019-03-26 11:58:00,1.54,1.54,1.54,1.54,100.0
2019-03-26 12:00:00,1.54,1.54,1.54,1.54,100.0
2019-03-26 12:01:00,1.54,1.54,1.54,1.54,3100.0
2019-03-26 12:08:00,1.52,1.52,1.52,1.52,100.0
2019-03-26 12:12:00,1.54,1.54,1.54,1.54,100.0
2019-03-26 12:14:00,1.53,1.53,1.53,1.53,106.0
2019-03-26 12:20:00,1.5322,1.5322,1.5322,1.5322,110.0
2019-03-26 12:27:00,1.53,1.53,1.53,1.53,700.0
2019-03-26 12:33:00,1.53,1.53,1.53,1.53,200.0
2019-03-26 12:35:00,1.53,1.53,1.53,1.53,200.0
2019-03-26 12:36:00,1.53,1.53,1.53,1.53,202.0
2019-03-26 12:40:00,1.52,1.52,1.52,1.52,700.0
2019-03-26 12:48:00,1.54,1.54,1.54,1.54,830.0
2019-03-26 12:53:00,1.5312,1.5312,1.5312,1.5312,500.0
2019-03-26 12:56:00,1.53,1.53,1.53,1.53,1008.0
2019-03-26 13:02:00,1.54,1.54,1.54,1.54,300.0
2019-03-26 13:07:00,1.5387,1.5387,1.5387,1.5387,556.0
2019-03-26 13:14:00,1.54,1.54,1.54,1.54,0.0
2019-03-26 13:19:00,1.54,1.54,1.54,1.54,100.0
2019-03-26 13:24:00,1.54,1.54,1.53,1.53,0.0
2019-03-26 13:30:00,1.54,1.54,1.54,1.54,100.0
2019-03-26 13:33:00,1.535,1.535,1.535,1.535,400.0
2019-03-26 13:34:00,1.535,1.535,1.535,1.535,100.0
2019-03-26 13:35:00,1.535,1.535,1.535,1.535,210.0
2019-03-26 13:37:00,1.535,1.535,1.535,1.535,111.0
2019-03-26 13:41:00,1.55,1.55,1.55,1.55,100.0
2019-03-26 13:43:00,1.53,1.53,1.53,1.53,301.0
2019-03-26 13:46:00,1.55,1.55,1.55,1.55,110.0
2019-03-26 13:49:00,1.54,1.54,1.54,1.54,300.0
2019-03-26 13:56:00,1.55,1.55,1.55,1.55,1167.0
2019-03-26 13:57:00,1.55,1.55,1.55,1.55,185.0
2019-03-26 14:07:00,1.55,1.55,1.55,1.55,100.0
2019-03-26 14:10:00,1.53,1.53,1.53,1.53,1000.0
2019-03-26 14:11:00,1.55,1.55,1.55,1.55,130.0
2019-03-26 14:14:00,1.55,1.55,1.55,1.55,200.0
2019-03-26 14:18:00,1.55,1.55,1.55,1.55,1220.0
2019-03-26 14:20:00,1.55,1.55,1.55,1.55,100.0
2019-03-26 14:21:00,1.55,1.55,1.55,1.55,2820.0
2019-03-26 14:22:00,1.56,1.56,1.56,1.56,10569.0
2019-03-26 14:26:00,1.5575,1.5575,1.5575,1.5575,1465.0
2019-03-26 14:27:00,1.55,1.55,1.55,1.55,651.0
2019-03-26 14:39:00,1.55,1.55,1.55,1.55,607.0
2019-03-26 14:44:00,1.56,1.56,1.56,1.56,204.0
2019-03-26 14:52:00,1.5584,1.5584,1.5584,1.5584,1000.0
2019-03-26 14:53:00,1.5501,1.56,1.5501,1.56,1004.0
2019-03-26 14:59:00,1.56,1.56,1.56,1.56,1600.0
2019-03-26 15:03:00,1.55,1.56,1.55,1.56,303.0
2019-03-26 15:06:00,1.55,1.55,1.55,1.55,409.0
2019-03-26 15:08:00,1.55,1.55,1.55,1.55,391.0
2019-03-26 15:10:00,1.5416,1.5416,1.5416,1.5416,766.0
2019-03-26 15:11:00,1.54,1.54,1.52,1.52,5980.0
2019-03-26 15:12:00,1.5268,1.5268,1.5268,1.5268,4500.0
2019-03-26 15:16:00,1.52,1.52,1.52,1.52,100.0
2019-03-26 15:20:00,1.53,1.53,1.53,1.53,313.0
2019-03-26 15:28:00,1.52,1.52,1.52,1.52,0.0
2019-03-26 15:29:00,1.5296,1.5296,1.5296,1.5296,300.0
2019-03-26 15:31:00,1.52,1.52,1.51,1.515,1514.0
2019-03-26 15:32:00,1.52,1.52,1.52,1.52,501.0
2019-03-26 15:33:00,1.5101,1.5101,1.5101,1.5101,965.0
2019-03-26 15:43:00,1.52,1.52,1.52,1.52,532.0
2019-03-26 16:00:00,1.52,1.52,1.52,1.52,996.0
2019-03-27 09:31:00,1.5,1.5,1.5,1.5,11149.0
2019-03-27 09:37:00,1.5368,1.5368,1.5368,1.5368,189.0
2019-03-27 09:47:00,1.54,1.54,1.5367,1.5367,408.0
2019-03-27 09:50:00,1.53,1.53,1.53,1.53,100.0
2019-03-27 09:51:00,1.54,1.54,1.5217,1.53,1694.0
2019-03-27 09:52:00,1.5384,1.5384,1.5384,1.5384,173.0
2019-03-27 09:56:00,1.53,1.53,1.51,1.51,1178.0
2019-03-27 09:57:00,1.515,1.5181,1.5,1.51,6436.0
2019-03-27 09:58:00,1.5184,1.5184,1.5184,1.5184,101.0
2019-03-27 10:00:00,1.5101,1.5101,1.5,1.5084,2198.0
2019-03-27 10:01:00,1.5073,1.52,1.5073,1.5084,1448.0
2019-03-27 10:03:00,1.52,1.52,1.52,1.52,144.0
2019-03-27 10:09:00,1.5216,1.5276,1.5216,1.5276,990.0
2019-03-27 10:10:00,1.525,1.525,1.5,1.525,13978.0
2019-03-27 10:11:00,1.5068,1.508,1.5,1.5,1300.0
2019-03-27 10:12:00,1.5072,1.5072,1.505,1.505,400.0
2019-03-27 10:13:00,1.5062,1.51,1.5,1.51,5000.0
2019-03-27 10:14:00,1.51,1.51,1.51,1.51,100.0
2019-03-27 10:16:00,1.505,1.505,1.505,1.505,100.0
2019-03-27 10:17:00,1.5038,1.51,1.49,1.495,4552.0
2019-03-27 10:18:00,1.49,1.5,1.49,1.49,3943.0
2019-03-27 10:20:00,1.5,1.5,1.5,1.5,200.0
2019-03-27 10:22:00,1.5,1.5,1.5,1.5,100.0
2019-03-27 10:23:00,1.49,1.49,1.49,1.49,100.0
2019-03-27 10:24:00,1.49,1.49,1.49,1.49,100.0
2019-03-27 10:25:00,1.49,1.49,1.49,1.49,300.0
2019-03-27 10:26:00,1.49,1.495,1.49,1.49,500.0
2019-03-27 10:27:00,1.49,1.495,1.49,1.49,6598.0
2019-03-27 10:28:00,1.49,1.49,1.49,1.49,109.0
2019-03-27 10:29:00,1.49,1.49,1.49,1.49,100.0
2019-03-27 10:30:00,1.49,1.49,1.49,1.49,200.0
2019-03-27 10:31:00,1.49,1.49,1.49,1.49,900.0
2019-03-27 10:33:00,1.4925,1.4925,1.49,1.49,203.0
2019-03-27 10:34:00,1.5,1.5,1.5,1.5,803.0
2019-03-27 10:35:00,1.495,1.495,1.49,1.49,200.0
2019-03-27 10:37:00,1.495,1.5,1.49,1.5,2174.0
2019-03-27 10:39:00,1.49,1.5,1.49,1.5,205.0
2019-03-27 10:40:00,1.49,1.49,1.49,1.49,109.0
2019-03-27 10:41:00,1.49,1.49,1.49,1.49,100.0
2019-03-27 10:42:00,1.49,1.49,1.49,1.49,195.0
2019-03-27 10:43:00,1.49,1.49,1.49,1.49,100.0
2019-03-27 10:44:00,1.49,1.49,1.49,1.49,203.0
2019-03-27 10:45:00,1.49,1.4913,1.49,1.4913,500.0
2019-03-27 10:47:00,1.49,1.5,1.49,1.49,400.0
2019-03-27 10:49:00,1.49,1.5,1.49,1.49,3380.0
2019-03-27 10:50:00,1.4901,1.4901,1.49,1.49,200.0
2019-03-27 10:51:00,1.49,1.5,1.49,1.49,1000.0
2019-03-27 10:53:00,1.4993,1.4993,1.4993,1.4993,754.0
2019-03-27 10:54:00,1.49,1.49,1.49,1.49,100.0
2019-03-27 10:56:00,1.495,1.495,1.49,1.49,300.0
2019-03-27 10:57:00,1.497,1.497,1.497,1.497,650.0
2019-03-27 10:58:00,1.495,1.5,1.495,1.5,200.0
2019-03-27 11:00:00,1.49,1.5,1.49,1.5,362.0
2019-03-27 11:01:00,1.4984,1.4985,1.4984,1.4985,1334.0
2019-03-27 11:02:00,1.49,1.49,1.49,1.49,100.0
2019-03-27 11:03:00,1.49,1.49,1.49,1.49,108.0
2019-03-27 11:04:00,1.49,1.49,1.49,1.49,100.0
2019-03-27 11:05:00,1.49,1.5,1.49,1.49,3434.0
2019-03-27 11:07:00,1.49,1.495,1.49,1.495,200.0
2019-03-27 11:08:00,1.5,1.5,1.5,1.5,200.0
2019-03-27 11:09:00,1.49,1.49,1.49,1.49,100.0
2019-03-27 11:10:00,1.5,1.5,1.5,1.5,100.0
2019-03-27 11:13:00,1.49,1.49,1.49,1.49,102.0
2019-03-27 11:14:00,1.5,1.5,1.5,1.5,200.0
2019-03-27 11:15:00,1.49,1.49,1.49,1.49,100.0
2019-03-27 11:16:00,1.5,1.5,1.49,1.49,200.0
2019-03-27 11:17:00,1.5,1.5,1.5,1.5,100.0
2019-03-27 11:18:00,1.495,1.495,1.495,1.495,100.0
2019-03-27 11:19:00,1.4984,1.4984,1.4984,1.4984,1093.0
2019-03-27 11:20:00,1.49,1.495,1.49,1.495,200.0
2019-03-27 11:21:00,1.49,1.5,1.49,1.5,2301.0
2019-03-27 11:24:00,1.495,1.495,1.49,1.49,2000.0
2019-03-27 11:25:00,1.49,1.49,1.49,1.49,100.0
2019-03-27 11:26:00,1.4967,1.4967,1.49,1.495,952.0
2019-03-27 11:27:00,1.5,1.5,1.491,1.491,1707.0
2019-03-27 11:31:00,1.49,1.49,1.49,1.49,220.0
2019-03-27 11:34:00,1.4999,1.5,1.4999,1.5,200.0
2019-03-27 11:35:00,1.495,1.495,1.495,1.495,100.0
2019-03-27 11:36:00,1.4925,1.4925,1.4925,1.4925,102.0
2019-03-27 11:37:00,1.4901,1.4901,1.49,1.49,599.0
2019-03-27 11:39:00,1.5,1.5,1.5,1.5,705.0
2019-03-27 11:40:00,1.49,1.5,1.49,1.5,335.0
2019-03-27 11:44:00,1.49,1.49,1.49,1.49,100.0
2019-03-27 11:48:00,1.49,1.49,1.49,1.49,100.0
2019-03-27 11:52:00,1.49,1.49,1.49,1.49,200.0
2019-03-27 11:54:00,1.5,1.5,1.5,1.5,200.0
2019-03-27 11:56:00,1.49,1.49,1.49,1.49,103.0
2019-03-27 11:58:00,1.4966,1.5,1.49,1.5,12256.0
2019-03-27 11:59:00,1.49,1.49,1.49,1.49,292.0
2019-03-27 12:00:00,1.49,1.5,1.49,1.5,200.0
2019-03-27 12:01:00,1.49,1.49,1.49,1.49,100.0
2019-03-27 12:02:00,1.4925,1.4925,1.4925,1.4925,1534.0
2019-03-27 12:04:00,1.5,1.5,1.5,1.5,200.0
2019-03-27 12:06:00,1.52,1.52,1.5125,1.5125,3492.0
2019-03-27 12:09:00,1.5199,1.5199,1.5199,1.5199,760.0
2019-03-27 12:10:00,1.515,1.515,1.515,1.515,100.0
2019-03-27 12:13:00,1.5125,1.5125,1.5125,1.5125,100.0
2019-03-27 12:16:00,1.515,1.515,1.515,1.515,100.0
2019-03-27 12:18:00,1.51,1.51,1.51,1.51,250.0
2019-03-27 12:20:00,1.51,1.51,1.51,1.51,200.0
2019-03-27 12:22:00,1.515,1.515,1.515,1.515,244.0
2019-03-27 12:26:00,1.5124,1.5124,1.5124,1.5124,301.0
2019-03-27 12:27:00,1.51,1.51,1.51,1.51,100.0
2019-03-27 12:28:00,1.51,1.5116,1.51,1.5116,300.0
2019-03-27 12:29:00,1.52,1.52,1.52,1.52,100.0
2019-03-27 12:32:00,1.51,1.51,1.51,1.51,201.0
2019-03-27 12:35:00,1.52,1.52,1.52,1.52,300.0
2019-03-27 12:36:00,1.52,1.53,1.52,1.53,2148.0
2019-03-27 12:37:00,1.535,1.535,1.535,1.535,400.0
2019-03-27 12:38:00,1.54,1.54,1.54,1.54,152.0
2019-03-27 12:46:00,1.52,1.52,1.52,1.52,218.0
2019-03-27 12:48:00,1.5239,1.5239,1.52,1.52,2905.0
2019-03-27 12:52:00,1.5116,1.5116,1.51,1.51,1049.0
2019-03-27 12:55:00,1.52,1.52,1.52,1.52,1000.0
2019-03-27 12:57:00,1.53,1.53,1.53,1.53,100.0
2019-03-27 12:58:00,1.53,1.53,1.51,1.51,14300.0
2019-03-27 13:01:00,1.53,1.53,1.5268,1.53,1520.0
2019-03-27 13:08:00,1.54,1.54,1.51,1.51,4976.0
2019-03-27 13:09:00,1.53,1.53,1.53,1.53,400.0
2019-03-27 13:13:00,1.535,1.535,1.535,1.535,301.0
2019-03-27 13:15:00,1.54,1.54,1.54,1.54,10.0
2019-03-27 13:18:00,1.5309,1.5309,1.5309,1.5309,275.0
2019-03-27 13:19:00,1.54,1.54,1.53,1.535,700.0
2019-03-27 13:20:00,1.53,1.53,1.53,1.53,103.0
2019-03-27 13:23:00,1.54,1.54,1.54,1.54,100.0
2019-03-27 13:25:00,1.5325,1.5325,1.5325,1.5325,100.0
2019-03-27 13:28:00,1.54,1.54,1.54,1.54,100.0
2019-03-27 13:30:00,1.53,1.53,1.53,1.53,200.0
2019-03-27 13:31:00,1.54,1.54,1.53,1.53,1016.0
2019-03-27 13:40:00,1.5299,1.5299,1.52,1.52,600.0
2019-03-27 13:41:00,1.5298,1.5298,1.529,1.529,6000.0
2019-03-27 13:42:00,1.51,1.52,1.51,1.52,1000.0
2019-03-27 13:45:00,1.53,1.53,1.52,1.525,3598.0
2019-03-27 13:47:00,1.54,1.54,1.54,1.54,230.0
2019-03-27 13:49:00,1.525,1.525,1.525,1.525,100.0
2019-03-27 13:50:00,1.5368,1.5368,1.5368,1.5368,212.0
2019-03-27 13:54:00,1.54,1.54,1.52,1.54,401.0
2019-03-27 13:56:00,1.54,1.54,1.52,1.525,3008.0
2019-03-27 13:59:00,1.54,1.54,1.54,1.54,101.0
2019-03-27 14:00:00,1.525,1.525,1.525,1.525,100.0
2019-03-27 14:02:00,1.54,1.54,1.525,1.525,1501.0
2019-03-27 14:07:00,1.54,1.54,1.54,1.54,176.0
2019-03-27 14:12:00,1.54,1.54,1.525,1.525,2255.0
2019-03-27 14:14:00,1.54,1.54,1.525,1.5301,622.0
2019-03-27 14:17:00,1.5315,1.54,1.5315,1.54,400.0
2019-03-27 14:20:00,1.525,1.525,1.525,1.525,200.0
2019-03-27 14:21:00,1.54,1.54,1.54,1.54,200.0
2019-03-27 14:22:00,1.54,1.54,1.54,1.54,180.0
2019-03-27 14:26:00,1.525,1.525,1.525,1.525,100.0
2019-03-27 14:31:00,1.525,1.525,1.525,1.525,100.0
2019-03-27 14:33:00,1.5225,1.5225,1.5225,1.5225,100.0
2019-03-27 14:34:00,1.53,1.54,1.52,1.52,6300.0
2019-03-27 14:35:00,1.5284,1.5284,1.5225,1.5225,250.0
2019-03-27 14:41:00,1.53,1.53,1.53,1.53,203.0
2019-03-27 14:53:00,1.52,1.52,1.52,1.52,146.0
2019-03-27 14:54:00,1.5215,1.5216,1.52,1.52,500.0
2019-03-27 14:59:00,1.52,1.52,1.52,1.52,200.0
2019-03-27 15:01:00,1.53,1.53,1.53,1.53,2633.0
2019-03-27 15:06:00,1.53,1.53,1.53,1.53,100.0
2019-03-27 15:11:00,1.53,1.53,1.52,1.53,500.0
2019-03-27 15:20:00,1.52,1.52,1.52,1.52,125.0
2019-03-27 15:25:00,1.52,1.52,1.52,1.52,100.0
2019-03-27 15:27:00,1.52,1.52,1.52,1.52,100.0
2019-03-27 15:28:00,1.53,1.53,1.53,1.53,100.0
2019-03-27 15:29:00,1.52,1.52,1.52,1.52,100.0
2019-03-27 15:30:00,1.5276,1.5276,1.5276,1.5276,1000.0
2019-03-27 15:31:00,1.52,1.52,1.52,1.52,100.0
2019-03-27 15:32:00,1.53,1.53,1.5241,1.5241,2507.0
2019-03-27 15:33:00,1.52,1.5284,1.52,1.52,2400.0
2019-03-27 15:34:00,1.53,1.53,1.53,1.53,1337.0
2019-03-27 15:40:00,1.5216,1.5216,1.52,1.52,2100.0
2019-03-27 15:41:00,1.5225,1.5225,1.5225,1.5225,100.0
2019-03-27 15:42:00,1.525,1.53,1.52,1.52,3500.0
2019-03-27 15:44:00,1.5201,1.5201,1.5201,1.5201,3000.0
2019-03-27 15:45:00,1.5235,1.5235,1.52,1.52,600.0
2019-03-27 15:46:00,1.53,1.53,1.53,1.53,200.0
2019-03-27 15:48:00,1.53,1.53,1.52,1.52,200.0
2019-03-27 15:50:00,1.53,1.53,1.53,1.53,262.0
2019-03-27 15:52:00,1.53,1.53,1.53,1.53,2102.0
2019-03-27 15:54:00,1.5201,1.5201,1.5201,1.5201,500.0
2019-03-27 15:58:00,1.52,1.52,1.52,1.52,137.0
2019-03-27 15:59:00,1.52,1.53,1.52,1.53,524.0
2019-03-27 16:00:00,1.52,1.52,1.52,1.52,1111.0
2019-03-28 09:32:00,1.52,1.55,1.52,1.55,11105.0
2019-03-28 09:34:00,1.526,1.528,1.526,1.528,5065.0
2019-03-28 09:36:00,1.52,1.52,1.5,1.5,11956.0
2019-03-28 09:39:00,1.5032,1.5032,1.5,1.5,1850.0
2019-03-28 09:40:00,1.5,1.5,1.49,1.49,302.0
2019-03-28 09:42:00,1.49,1.49,1.4801,1.4801,41037.0
2019-03-28 09:43:00,1.48,1.48,1.48,1.48,1100.0
2019-03-28 09:44:00,1.49,1.49,1.49,1.49,234.0
2019-03-28 09:45:00,1.4825,1.485,1.4825,1.485,405.0
2019-03-28 09:46:00,1.48,1.48,1.48,1.48,5545.0
2019-03-28 09:47:00,1.48,1.48,1.48,1.48,102.0
2019-03-28 09:48:00,1.49,1.49,1.487,1.487,603.0
2019-03-28 09:49:00,1.485,1.485,1.48,1.48,1410.0
2019-03-28 09:50:00,1.4873,1.4873,1.4873,1.4873,2019.0
2019-03-28 09:51:00,1.4873,1.4873,1.4873,1.4873,300.0
2019-03-28 09:52:00,1.4811,1.4811,1.4811,1.4811,150.0
2019-03-28 09:53:00,1.485,1.485,1.485,1.485,140.0
2019-03-28 09:54:00,1.4849,1.4849,1.4849,1.4849,702.0
2019-03-28 10:00:00,1.4831,1.4831,1.48,1.4831,1000.0
2019-03-28 10:02:00,1.48,1.48,1.48,1.48,100.0
2019-03-28 10:05:00,1.4866,1.4866,1.4866,1.4866,108.0
2019-03-28 10:07:00,1.49,1.49,1.49,1.49,150.0
2019-03-28 10:13:00,1.4854,1.4854,1.4854,1.4854,100.0
2019-03-28 10:14:00,1.4803,1.4803,1.4803,1.4803,195.0
2019-03-28 10:16:00,1.4897,1.5,1.4842,1.5,12800.0
2019-03-28 10:19:00,1.5,1.5,1.5,1.5,1784.0
2019-03-28 10:21:00,1.5078,1.5078,1.5078,1.5078,3100.0
2019-03-28 10:27:00,1.5,1.5,1.5,1.5,200.0
2019-03-28 10:29:00,1.51,1.51,1.51,1.51,100.0
2019-03-28 10:31:00,1.5,1.5,1.5,1.5,100.0
2019-03-28 10:33:00,1.5,1.5,1.5,1.5,195.0
2019-03-28 10:35:00,1.5,1.5,1.5,1.5,100.0
2019-03-28 10:37:00,1.48,1.48,1.48,1.48,103.0
2019-03-28 10:39:00,1.52,1.52,1.5,1.5,290.0
2019-03-28 10:41:00,1.5,1.5,1.5,1.5,123.0
2019-03-28 10:44:00,1.5,1.5,1.5,1.5,200.0
2019-03-28 10:46:00,1.5,1.5,1.5,1.5,100.0
2019-03-28 10:48:00,1.5,1.5,1.5,1.5,100.0
2019-03-28 10:49:00,1.5136,1.5136,1.5136,1.5136,113.0
2019-03-28 10:50:00,1.505,1.505,1.505,1.505,100.0
2019-03-28 10:51:00,1.52,1.52,1.52,1.52,200.0
2019-03-28 10:54:00,1.5053,1.5053,1.5053,1.5053,385.0
2019-03-28 10:55:00,1.505,1.505,1.505,1.505,100.0
2019-03-28 10:58:00,1.505,1.505,1.48,1.48,62536.0
2019-03-28 11:00:00,1.49,1.49,1.49,1.49,200.0
2019-03-28 11:01:00,1.485,1.485,1.48,1.4801,21497.0
2019-03-28 11:02:00,1.485,1.485,1.48,1.4836,1080.0
2019-03-28 11:03:00,1.4889,1.4889,1.48,1.48,802.0
2019-03-28 11:04:00,1.48,1.48,1.48,1.48,100.0
2019-03-28 11:05:00,1.48,1.48,1.48,1.48,100.0
2019-03-28 11:06:00,1.48,1.48,1.48,1.48,100.0
2019-03-28 11:07:00,1.48,1.49,1.48,1.49,400.0
2019-03-28 11:08:00,1.485,1.485,1.485,1.485,102.0
2019-03-28 11:09:00,1.485,1.485,1.485,1.485,100.0
2019-03-28 11:10:00,1.48,1.48,1.48,1.48,100.0
2019-03-28 11:11:00,1.4816,1.4816,1.48,1.48,381.0
2019-03-28 11:12:00,1.48,1.48,1.48,1.48,104.0
2019-03-28 11:13:00,1.485,1.485,1.485,1.485,180.0
2019-03-28 11:17:00,1.4893,1.4893,1.4893,1.4893,100.0
2019-03-28 11:20:00,1.485,1.485,1.485,1.485,300.0
2019-03-28 11:23:00,1.485,1.5,1.485,1.5,2500.0
2019-03-28 11:25:00,1.49,1.495,1.49,1.49,2224.0
2019-03-28 11:27:00,1.48,1.48,1.48,1.48,100.0
2019-03-28 11:29:00,1.49,1.49,1.49,1.49,205.0
2019-03-28 11:35:00,1.49,1.49,1.49,1.49,178.0
2019-03-28 11:40:00,1.5,1.5,1.4999,1.4999,2427.0
2019-03-28 11:42:00,1.5,1.5,1.5,1.5,201.0
2019-03-28 11:46:00,1.495,1.495,1.495,1.495,101.0
2019-03-28 11:47:00,1.495,1.495,1.495,1.495,100.0
2019-03-28 11:49:00,1.495,1.495,1.495,1.495,100.0
2019-03-28 11:51:00,1.49,1.4999,1.49,1.4999,600.0
2019-03-28 11:53:00,1.495,1.495,1.495,1.495,100.0
2019-03-28 11:57:00,1.5,1.5,1.5,1.5,100.0
2019-03-28 12:04:00,1.4984,1.4984,1.4984,1.4984,500.0
2019-03-28 12:11:00,1.5,1.5,1.5,1.5,100.0
2019-03-28 12:12:00,1.5,1.5,1.5,1.5,100.0
2019-03-28 12:13:00,1.5026,1.5026,1.5026,1.5026,4700.0
2019-03-28 12:24:00,1.51,1.51,1.5,1.5,300.0
2019-03-28 12:31:00,1.5,1.5,1.5,1.5,1100.0
2019-03-28 12:32:00,1.51,1.51,1.51,1.51,200.0
2019-03-28 12:34:00,1.51,1.51,1.51,1.51,401.0
2019-03-28 12:40:00,1.5,1.5,1.5,1.5,800.0
2019-03-28 12:41:00,1.5,1.5,1.5,1.5,205.0
2019-03-28 12:42:00,1.4925,1.5,1.4925,1.5,4100.0
2019-03-28 12:49:00,1.5,1.5,1.5,1.5,264.0
2019-03-28 12:50:00,1.49,1.49,1.49,1.49,215.0
2019-03-28 12:54:00,1.49,1.49,1.49,1.49,200.0
2019-03-28 12:56:00,1.4952,1.4952,1.4952,1.4952,2500.0
2019-03-28 12:57:00,1.49,1.49,1.49,1.49,100.0
2019-03-28 13:00:00,1.5,1.5,1.5,1.5,100.0
2019-03-28 13:01:00,1.49,1.5,1.49,1.5,300.0
2019-03-28 13:05:00,1.48,1.5,1.48,1.5,300.0
2019-03-28 13:15:00,1.495,1.51,1.495,1.51,300.0
2019-03-28 13:16:00,1.51,1.51,1.49,1.51,1220.0
2019-03-28 13:18:00,1.52,1.52,1.52,1.52,102.0
2019-03-28 13:22:00,1.52,1.52,1.52,1.52,200.0
2019-03-28 13:30:00,1.52,1.52,1.52,1.52,100.0
2019-03-28 13:35:00,1.5125,1.5125,1.5125,1.5125,740.0
2019-03-28 13:36:00,1.52,1.52,1.52,1.52,100.0
2019-03-28 13:37:00,1.52,1.52,1.52,1.52,181.0
2019-03-28 13:39:00,1.52,1.52,1.52,1.52,325.0
2019-03-28 13:48:00,1.52,1.53,1.52,1.53,3336.0
2019-03-28 13:49:00,1.53,1.54,1.53,1.54,247.0
2019-03-28 13:53:00,1.54,1.54,1.54,1.54,100.0
2019-03-28 13:54:00,1.535,1.535,1.535,1.535,200.0
2019-03-28 13:56:00,1.55,1.55,1.55,1.55,154.0
2019-03-28 13:57:00,1.535,1.535,1.535,1.535,100.0
2019-03-28 13:58:00,1.5386,1.5386,1.5386,1.5386,185.0
2019-03-28 13:59:00,1.55,1.55,1.55,1.55,200.0
2019-03-28 14:01:00,1.535,1.55,1.535,1.535,10424.0
2019-03-28 14:04:00,1.525,1.55,1.525,1.55,621.0
2019-03-28 14:07:00,1.55,1.55,1.5452,1.5452,540.0
2019-03-28 14:10:00,1.535,1.535,1.535,1.535,100.0
2019-03-28 14:11:00,1.535,1.535,1.535,1.535,100.0
2019-03-28 14:12:00,1.5499,1.55,1.5499,1.55,1394.0
2019-03-28 14:13:00,1.535,1.535,1.535,1.535,100.0
2019-03-28 14:14:00,1.535,1.535,1.535,1.535,100.0
2019-03-28 14:16:00,1.535,1.535,1.535,1.535,100.0
2019-03-28 14:17:00,1.535,1.535,1.535,1.535,100.0
2019-03-28 14:18:00,1.55,1.55,1.55,1.55,341.0
2019-03-28 14:19:00,1.54,1.55,1.54,1.55,1751.0
2019-03-28 14:20:00,1.55,1.55,1.55,1.55,100.0
2019-03-28 14:21:00,1.545,1.545,1.545,1.545,108.0
2019-03-28 14:23:00,1.545,1.545,1.545,1.545,100.0
2019-03-28 14:24:00,1.545,1.545,1.545,1.545,100.0
2019-03-28 14:26:00,1.545,1.545,1.545,1.545,100.0
2019-03-28 14:28:00,1.54,1.54,1.54,1.54,200.0
2019-03-28 14:30:00,1.55,1.55,1.55,1.55,1660.0
2019-03-28 14:32:00,1.5401,1.55,1.5401,1.545,3860.0
2019-03-28 14:33:00,1.54,1.55,1.54,1.55,869.0
2019-03-28 14:34:00,1.53,1.53,1.53,1.53,600.0
2019-03-28 14:41:00,1.53,1.53,1.53,1.53,100.0
2019-03-28 14:46:00,1.53,1.53,1.53,1.53,110.0
2019-03-28 14:48:00,1.54,1.54,1.54,1.54,308.0
2019-03-28 14:59:00,1.54,1.54,1.54,1.54,101.0
2019-03-28 15:07:00,1.54,1.54,1.54,1.54,200.0
2019-03-28 15:08:00,1.54,1.54,1.54,1.54,200.0
2019-03-28 15:13:00,1.54,1.54,1.52,1.52,350.0
2019-03-28 15:19:00,1.54,1.54,1.53,1.53,211.0
2019-03-28 15:30:00,1.55,1.55,1.5468,1.5468,729.0
2019-03-28 15:31:00,1.544,1.55,1.53,1.53,660.0
2019-03-28 15:33:00,1.5499,1.55,1.53,1.55,11501.0
2019-03-28 15:34:00,1.5466,1.55,1.5466,1.55,300.0
2019-03-28 15:35:00,1.55,1.55,1.5401,1.55,5900.0
2019-03-28 15:36:00,1.54,1.5401,1.53,1.54,4371.0
2019-03-28 15:37:00,1.54,1.54,1.54,1.54,250.0
2019-03-28 15:38:00,1.5323,1.54,1.5323,1.535,806.0
2019-03-28 15:39:00,1.5356,1.5356,1.53,1.53,1097.0
2019-03-28 15:40:00,1.5399,1.54,1.53,1.53,1825.0
2019-03-28 15:41:00,1.53,1.53,1.53,1.53,100.0
2019-03-28 15:42:00,1.53,1.53,1.53,1.53,200.0
2019-03-28 15:43:00,1.53,1.53,1.53,1.53,100.0
2019-03-28 15:44:00,1.53,1.54,1.53,1.54,300.0
2019-03-28 15:45:00,1.53,1.53,1.53,1.53,100.0
2019-03-28 15:46:00,1.53,1.53,1.53,1.53,200.0
2019-03-28 15:47:00,1.53,1.53,1.53,1.53,200.0
2019-03-28 15:48:00,1.53,1.53,1.53,1.53,200.0
2019-03-28 15:49:00,1.53,1.53,1.53,1.53,200.0
2019-03-28 15:51:00,1.53,1.53,1.53,1.53,200.0
2019-03-28 15:52:00,1.53,1.54,1.53,1.53,1700.0
2019-03-28 15:53:00,1.53,1.54,1.53,1.54,300.0
2019-03-28 15:54:00,1.5399,1.54,1.5399,1.54,1300.0
2019-03-28 15:55:00,1.53,1.54,1.53,1.535,7529.0
2019-03-28 15:56:00,1.53,1.535,1.53,1.53,600.0
2019-03-28 15:57:00,1.53,1.535,1.52,1.52,1029.0
2019-03-28 15:58:00,1.52,1.52,1.52,1.52,600.0
2019-03-28 15:59:00,1.52,1.52,1.52,1.52,100.0
2019-03-28 16:00:00,1.52,1.54,1.52,1.54,860.0
2019-03-29 09:31:00,1.55,1.55,1.55,1.55,0.0
2019-03-29 09:32:00,1.54,1.54,1.54,1.54,800.0
2019-03-29 09:33:00,1.54,1.54,1.54,1.54,900.0
2019-03-29 09:36:00,1.53,1.53,1.53,1.53,200.0
2019-03-29 09:37:00,1.5234,1.5234,1.5234,1.5234,401.0
2019-03-29 09:38:00,1.54,1.54,1.54,1.54,2050.0
2019-03-29 09:40:00,1.55,1.55,1.55,1.55,8705.0
2019-03-29 09:42:00,1.55,1.55,1.55,1.55,302.0
2019-03-29 09:47:00,1.5423,1.5423,1.5423,1.5423,1001.0
2019-03-29 09:50:00,1.54,1.54,1.54,1.54,815.0
2019-03-29 09:51:00,1.5332,1.5332,1.5332,1.5332,15202.0
2019-03-29 09:52:00,1.5332,1.5332,1.5332,1.5332,110.0
2019-03-29 09:57:00,1.5416,1.5416,1.5416,1.5416,575.0
2019-03-29 09:59:00,1.54,1.54,1.54,1.54,2300.0
2019-03-29 10:00:00,1.55,1.55,1.55,1.55,2900.0
2019-03-29 10:05:00,1.53,1.53,1.53,1.53,18876.0
2019-03-29 10:06:00,1.53,1.53,1.53,1.53,4778.0
2019-03-29 10:07:00,1.52,1.52,1.52,1.52,1996.0
2019-03-29 10:09:00,1.5224,1.5224,1.5224,1.5224,857.0
2019-03-29 10:12:00,1.52,1.53,1.52,1.53,1224.0
2019-03-29 10:13:00,1.5399,1.5399,1.5399,1.5399,1860.0
2019-03-29 10:18:00,1.5306,1.5306,1.5306,1.5306,915.0
2019-03-29 10:19:00,1.5289,1.5289,1.5289,1.5289,1916.0
2019-03-29 10:21:00,1.5331,1.5331,1.5331,1.5331,500.0
2019-03-29 10:23:00,1.52,1.52,1.52,1.52,900.0
2019-03-29 10:25:00,1.52,1.52,1.52,1.52,107.0
2019-03-29 10:30:00,1.53,1.53,1.53,1.53,10357.0
2019-03-29 10:33:00,1.5299,1.5299,1.5299,1.5299,2000.0
2019-03-29 10:34:00,1.52,1.52,1.52,1.52,2100.0
2019-03-29 10:36:00,1.5216,1.5216,1.5216,1.5216,347.0
2019-03-29 10:37:00,1.53,1.53,1.53,1.53,100.0
2019-03-29 10:38:00,1.525,1.525,1.525,1.525,200.0
2019-03-29 10:40:00,1.53,1.53,1.53,1.53,340.0
2019-03-29 10:44:00,1.525,1.525,1.525,1.525,900.0
2019-03-29 10:47:00,1.5252,1.5252,1.5252,1.5252,1900.0
2019-03-29 10:48:00,1.53,1.53,1.53,1.53,145.0
2019-03-29 10:52:00,1.52,1.52,1.52,1.52,100.0
2019-03-29 10:57:00,1.53,1.53,1.53,1.53,460.0
2019-03-29 10:59:00,1.53,1.53,1.5299,1.5299,760.0
2019-03-29 11:01:00,1.53,1.53,1.53,1.53,440.0
2019-03-29 11:04:00,1.54,1.55,1.54,1.55,16144.0
2019-03-29 11:07:00,1.55,1.55,1.55,1.55,100.0
2019-03-29 11:09:00,1.55,1.55,1.55,1.55,296.0
2019-03-29 11:10:00,1.5332,1.55,1.5332,1.55,220.0
2019-03-29 11:15:00,1.55,1.55,1.55,1.55,520.0
2019-03-29 11:16:00,1.55,1.55,1.55,1.55,200.0
2019-03-29 11:17:00,1.55,1.55,1.55,1.55,303.0
2019-03-29 11:22:00,1.53,1.5399,1.53,1.5399,11600.0
2019-03-29 11:27:00,1.5201,1.5201,1.5201,1.5201,1400.0
2019-03-29 11:28:00,1.535,1.5376,1.535,1.5376,2584.0
2019-03-29 11:33:00,1.54,1.54,1.54,1.54,116.0
2019-03-29 11:40:00,1.5201,1.54,1.5201,1.54,5265.0
2019-03-29 11:46:00,1.5234,1.54,1.5234,1.54,201.0
2019-03-29 11:53:00,1.54,1.54,1.54,1.54,100.0
2019-03-29 11:54:00,1.54,1.54,1.54,1.54,6515.0
2019-03-29 12:04:00,1.54,1.54,1.54,1.54,217.0
2019-03-29 12:09:00,1.54,1.54,1.54,1.54,3739.0
2019-03-29 12:10:00,1.5209,1.5209,1.5209,1.5209,500.0
2019-03-29 12:11:00,1.52,1.52,1.52,1.52,600.0
2019-03-29 12:12:00,1.53,1.53,1.53,1.53,2406.0
2019-03-29 12:15:00,1.54,1.54,1.53,1.53,1206.0
2019-03-29 12:16:00,1.53,1.53,1.53,1.53,500.0
2019-03-29 12:20:00,1.52,1.52,1.52,1.52,4656.0
2019-03-29 12:21:00,1.51,1.51,1.51,1.51,605.0
2019-03-29 12:25:00,1.51,1.51,1.51,1.51,1995.0
2019-03-29 12:27:00,1.53,1.53,1.53,1.53,100.0
2019-03-29 12:36:00,1.52,1.52,1.52,1.52,807.0
2019-03-29 12:40:00,1.53,1.53,1.53,1.53,200.0
2019-03-29 12:47:00,1.5394,1.5394,1.5317,1.5317,573.0
2019-03-29 12:50:00,1.52,1.52,1.52,1.52,500.0
2019-03-29 12:51:00,1.5369,1.5369,1.5369,1.5369,723.0
2019-03-29 12:56:00,1.53,1.53,1.53,1.53,235.0
2019-03-29 13:00:00,1.5269,1.5269,1.5269,1.5269,200.0
2019-03-29 13:02:00,1.5299,1.5299,1.5299,1.5299,800.0
2019-03-29 13:03:00,1.5299,1.5299,1.5299,1.5299,5635.0
2019-03-29 13:09:00,1.53,1.53,1.53,1.53,100.0
2019-03-29 13:11:00,1.53,1.53,1.53,1.53,200.0
2019-03-29 13:14:00,1.5176,1.5176,1.5176,1.5176,140.0
2019-03-29 13:18:00,1.52,1.52,1.52,1.52,100.0
2019-03-29 13:19:00,1.53,1.53,1.53,1.53,100.0
2019-03-29 13:20:00,1.53,1.53,1.53,1.53,208.0
2019-03-29 13:24:00,1.5268,1.5268,1.5268,1.5268,100.0
2019-03-29 13:30:00,1.51,1.53,1.51,1.53,200.0
2019-03-29 13:35:00,1.52,1.52,1.52,1.52,100.0
2019-03-29 13:37:00,1.53,1.54,1.53,1.54,20000.0
2019-03-29 13:39:00,1.53,1.53,1.51,1.51,3345.0
2019-03-29 13:48:00,1.53,1.53,1.53,1.53,149.0
2019-03-29 13:50:00,1.53,1.53,1.53,1.53,100.0
2019-03-29 13:54:00,1.53,1.53,1.53,1.53,200.0
2019-03-29 13:58:00,1.53,1.53,1.53,1.53,101.0
2019-03-29 14:00:00,1.5224,1.5224,1.5224,1.5224,100.0
2019-03-29 14:03:00,1.53,1.53,1.53,1.53,100.0
2019-03-29 14:04:00,1.525,1.525,1.525,1.525,200.0
2019-03-29 14:05:00,1.53,1.53,1.53,1.53,100.0
2019-03-29 14:06:00,1.525,1.525,1.525,1.525,615.0
2019-03-29 14:19:00,1.525,1.525,1.525,1.525,100.0
2019-03-29 14:20:00,1.525,1.525,1.525,1.525,101.0
2019-03-29 14:25:00,1.525,1.525,1.525,1.525,103.0
2019-03-29 14:32:00,1.525,1.525,1.525,1.525,100.0
2019-03-29 14:33:00,1.53,1.53,1.53,1.53,100.0
2019-03-29 14:34:00,1.525,1.525,1.525,1.525,300.0
2019-03-29 14:36:00,1.53,1.53,1.53,1.53,100.0
2019-03-29 14:38:00,1.53,1.53,1.53,1.53,200.0
2019-03-29 14:44:00,1.53,1.53,1.53,1.53,200.0
2019-03-29 14:45:00,1.5257,1.5257,1.5257,1.5257,578.0
2019-03-29 14:47:00,1.5257,1.5257,1.5257,1.5257,1000.0
2019-03-29 14:48:00,1.525,1.525,1.525,1.525,1100.0
2019-03-29 14:50:00,1.525,1.525,1.525,1.525,203.0
2019-03-29 14:51:00,1.525,1.525,1.525,1.525,100.0
2019-03-29 14:52:00,1.5284,1.5284,1.5284,1.5284,3120.0
2019-03-29 14:54:00,1.53,1.53,1.5248,1.5248,1004.0
2019-03-29 15:00:00,1.525,1.525,1.525,1.525,100.0
2019-03-29 15:02:00,1.53,1.53,1.53,1.53,130.0
2019-03-29 15:03:00,1.53,1.53,1.53,1.53,200.0
2019-03-29 15:07:00,1.53,1.53,1.53,1.53,1401.0
2019-03-29 15:11:00,1.5254,1.5254,1.525,1.525,4205.0
2019-03-29 15:18:00,1.53,1.53,1.53,1.53,1100.0
2019-03-29 15:21:00,1.52,1.525,1.52,1.52,310.0
2019-03-29 15:25:00,1.525,1.525,1.525,1.525,410.0
2019-03-29 15:26:00,1.525,1.525,1.5229,1.5229,2479.0
2019-03-29 15:28:00,1.5228,1.5228,1.5228,1.5228,3179.0
2019-03-29 15:31:00,1.525,1.525,1.525,1.525,100.0
2019-03-29 15:37:00,1.52,1.52,1.52,1.52,1142.0
2019-03-29 15:38:00,1.52,1.52,1.52,1.52,1102.0
2019-03-29 15:39:00,1.52,1.52,1.52,1.52,244.0
2019-03-29 15:45:00,1.5132,1.5132,1.5132,1.5132,400.0
2019-03-29 15:46:00,1.53,1.53,1.53,1.53,1500.0
2019-03-29 15:47:00,1.525,1.53,1.525,1.53,700.0
2019-03-29 15:48:00,1.53,1.53,1.53,1.53,800.0
2019-03-29 15:51:00,1.53,1.53,1.53,1.53,100.0
2019-03-29 15:52:00,1.53,1.53,1.53,1.53,3679.0
2019-03-29 15:53:00,1.53,1.53,1.52,1.53,2505.0
2019-03-29 15:54:00,1.52,1.52,1.52,1.52,2605.0
2019-03-29 15:55:00,1.52,1.52,1.52,1.52,3200.0
2019-03-29 15:56:00,1.53,1.53,1.53,1.53,861.0
2019-03-29 15:57:00,1.52,1.52,1.51,1.52,300.0
2019-03-29 16:00:00,1.52,1.53,1.52,1.53,1181.0
2019-04-01 09:31:00,1.52,1.52,1.52,1.52,3612.0
2019-04-01 09:37:00,1.5324,1.5324,1.5324,1.5324,5801.0
2019-04-01 09:38:00,1.54,1.54,1.54,1.54,1247.0
2019-04-01 09:42:00,1.5,1.5,1.5,1.5,6393.0
2019-04-01 09:45:00,1.4801,1.4801,1.4801,1.4801,4100.0
2019-04-01 09:47:00,1.4823,1.4823,1.4823,1.4823,1165.0
2019-04-01 09:50:00,1.49,1.49,1.49,1.49,4871.0
2019-04-01 09:57:00,1.4971,1.4971,1.4971,1.4971,520.0
2019-04-01 09:58:00,1.49,1.49,1.49,1.49,11422.0
2019-04-01 10:04:00,1.5,1.5,1.5,1.5,500.0
2019-04-01 10:06:00,1.48,1.48,1.48,1.48,2466.0
2019-04-01 10:09:00,1.49,1.49,1.49,1.49,1665.0
2019-04-01 10:12:00,1.5075,1.5075,1.49,1.49,803.0
2019-04-01 10:16:00,1.48,1.48,1.48,1.48,500.0
2019-04-01 10:20:00,1.5099,1.5099,1.5099,1.5099,1000.0
2019-04-01 10:22:00,1.5079,1.5079,1.5079,1.5079,2100.0
2019-04-01 10:24:00,1.5099,1.5099,1.5099,1.5099,3700.0
2019-04-01 10:25:00,1.508,1.508,1.508,1.508,3300.0
2019-04-01 10:26:00,1.48,1.48,1.48,1.48,3032.0
2019-04-01 10:28:00,1.5069,1.5069,1.5069,1.5069,2069.0
2019-04-01 10:36:00,1.48,1.48,1.48,1.48,21487.0
2019-04-01 10:38:00,1.48,1.4801,1.48,1.4801,12013.0
2019-04-01 10:41:00,1.4874,1.49,1.4874,1.49,9525.0
2019-04-01 10:45:00,1.48,1.48,1.48,1.48,800.0
2019-04-01 10:50:00,1.49,1.49,1.49,1.49,1730.0
2019-04-01 10:53:00,1.48,1.48,1.48,1.48,6034.0
2019-04-01 10:54:00,1.47,1.47,1.47,1.47,3200.0
2019-04-01 10:55:00,1.48,1.48,1.48,1.48,3250.0
2019-04-01 10:57:00,1.4816,1.4816,1.4816,1.4816,2603.0
2019-04-01 10:59:00,1.4857,1.4857,1.4857,1.4857,250.0
2019-04-01 11:00:00,1.4833,1.4833,1.4833,1.4833,1055.0
2019-04-01 11:04:00,1.48,1.48,1.48,1.48,2441.0
2019-04-01 11:08:00,1.4801,1.4801,1.4801,1.4801,2800.0
2019-04-01 11:12:00,1.49,1.49,1.49,1.49,117.0
2019-04-01 11:14:00,1.48,1.48,1.48,1.48,900.0
2019-04-01 11:15:00,1.4889,1.4889,1.4889,1.4889,1018.0
2019-04-01 11:24:00,1.48,1.48,1.48,1.48,759.0
2019-04-01 11:29:00,1.48,1.48,1.48,1.48,2705.0
2019-04-01 11:30:00,1.48,1.48,1.48,1.48,200.0
2019-04-01 11:36:00,1.48,1.48,1.48,1.48,3610.0
2019-04-01 11:38:00,1.49,1.49,1.49,1.49,502.0
2019-04-01 11:46:00,1.48,1.48,1.4799,1.4799,2011.0
2019-04-01 11:49:00,1.48,1.48,1.48,1.48,1175.0
2019-04-01 11:52:00,1.4724,1.4724,1.4724,1.4724,1988.0
2019-04-01 11:53:00,1.48,1.48,1.48,1.48,2501.0
2019-04-01 11:59:00,1.47,1.47,1.47,1.47,864.0
2019-04-01 12:02:00,1.48,1.48,1.48,1.48,900.0
2019-04-01 12:03:00,1.49,1.49,1.49,1.49,105.0
2019-04-01 12:08:00,1.48,1.48,1.48,1.48,100.0
2019-04-01 12:11:00,1.48,1.48,1.47,1.47,1200.0
2019-04-01 12:13:00,1.47,1.47,1.47,1.47,900.0
2019-04-01 12:26:00,1.4868,1.4868,1.4868,1.4868,946.0
2019-04-01 12:32:00,1.49,1.49,1.49,1.49,102.0
2019-04-01 12:34:00,1.49,1.49,1.49,1.49,1264.0
2019-04-01 12:41:00,1.49,1.49,1.49,1.49,460.0
2019-04-01 12:53:00,1.49,1.49,1.49,1.49,519.0
2019-04-01 12:58:00,1.499,1.499,1.499,1.499,301.0
2019-04-01 13:05:00,1.49,1.49,1.49,1.49,100.0
2019-04-01 13:06:00,1.5,1.5,1.5,1.5,465.0
2019-04-01 13:17:00,1.49,1.49,1.49,1.49,890.0
2019-04-01 13:21:00,1.5,1.5,1.5,1.5,215.0
2019-04-01 13:23:00,1.495,1.495,1.495,1.495,100.0
2019-04-01 13:29:00,1.49,1.49,1.49,1.49,2515.0
2019-04-01 13:40:00,1.49,1.49,1.49,1.49,400.0
2019-04-01 13:42:00,1.495,1.495,1.495,1.495,500.0
2019-04-01 13:44:00,1.495,1.495,1.495,1.495,400.0
2019-04-01 13:45:00,1.495,1.495,1.495,1.495,8836.0
2019-04-01 13:52:00,1.5,1.51,1.5,1.51,2511.0
2019-04-01 14:04:00,1.5,1.5,1.5,1.5,200.0
2019-04-01 14:14:00,1.49,1.49,1.49,1.49,200.0
2019-04-01 14:16:00,1.4909,1.4909,1.4909,1.4909,950.0
2019-04-01 14:19:00,1.494,1.494,1.494,1.494,1492.0
2019-04-01 14:20:00,1.5,1.5,1.5,1.5,600.0
2019-04-01 14:22:00,1.5,1.5,1.5,1.5,800.0
2019-04-01 14:23:00,1.49,1.49,1.49,1.49,106.0
2019-04-01 14:31:00,1.5,1.5,1.5,1.5,285.0
2019-04-01 14:32:00,1.495,1.5,1.495,1.5,1603.0
2019-04-01 14:37:00,1.5,1.5,1.5,1.5,360.0
2019-04-01 14:40:00,1.5,1.5,1.5,1.5,1300.0
2019-04-01 14:41:00,1.4993,1.4993,1.4993,1.4993,11258.0
2019-04-01 14:42:00,1.505,1.505,1.505,1.505,2100.0
2019-04-01 14:43:00,1.505,1.505,1.505,1.505,503.0
2019-04-01 14:49:00,1.505,1.505,1.505,1.505,210.0
2019-04-01 14:51:00,1.51,1.51,1.51,1.51,822.0
2019-04-01 14:53:00,1.5,1.5,1.5,1.5,600.0
2019-04-01 14:59:00,1.5,1.5,1.5,1.5,100.0
2019-04-01 15:00:00,1.51,1.51,1.51,1.51,500.0
2019-04-01 15:02:00,1.505,1.505,1.505,1.505,329.0
2019-04-01 15:10:00,1.5,1.5,1.49,1.49,1657.0
2019-04-01 15:16:00,1.5,1.5,1.5,1.5,112.0
2019-04-01 15:19:00,1.49,1.495,1.49,1.495,290.0
2019-04-01 15:24:00,1.49,1.49,1.49,1.49,637.0
2019-04-01 15:29:00,1.49,1.49,1.49,1.49,17195.0
2019-04-01 15:30:00,1.49,1.49,1.49,1.49,950.0
2019-04-01 15:31:00,1.495,1.495,1.495,1.495,512.0
2019-04-01 15:35:00,1.49,1.49,1.49,1.49,1125.0
2019-04-01 15:37:00,1.49,1.49,1.49,1.49,600.0
2019-04-01 15:41:00,1.495,1.5,1.495,1.495,27767.0
2019-04-01 15:42:00,1.49,1.49,1.49,1.49,3246.0
2019-04-01 15:45:00,1.485,1.485,1.48,1.48,826.0
2019-04-01 15:48:00,1.48,1.48,1.48,1.48,200.0
2019-04-01 15:50:00,1.485,1.485,1.485,1.485,902.0
2019-04-01 15:51:00,1.48,1.48,1.48,1.48,587.0
2019-04-01 15:53:00,1.49,1.49,1.49,1.49,400.0
2019-04-01 15:55:00,1.485,1.49,1.485,1.49,8909.0
2019-04-01 15:56:00,1.49,1.49,1.49,1.49,2895.0
2019-04-01 15:58:00,1.49,1.49,1.49,1.49,462.0
2019-04-01 15:59:00,1.485,1.485,1.485,1.485,1113.0
2019-04-01 16:00:00,1.48,1.48,1.48,1.48,1941.0
2019-04-02 09:31:00,1.56,1.56,1.55,1.55,22366.0
2019-04-02 09:33:00,1.5503,1.5503,1.5219,1.5219,9671.0
2019-04-02 09:36:00,1.5373,1.5373,1.5373,1.5373,700.0
2019-04-02 09:37:00,1.5303,1.54,1.5231,1.5231,4644.0
2019-04-02 09:43:00,1.5362,1.5375,1.5362,1.5375,275.0
2019-04-02 09:44:00,1.54,1.54,1.54,1.54,2822.0
2019-04-02 09:46:00,1.541,1.55,1.54,1.55,16702.0
2019-04-02 09:48:00,1.54,1.54,1.54,1.54,700.0
2019-04-02 09:49:00,1.55,1.55,1.55,1.55,501.0
2019-04-02 09:51:00,1.5473,1.55,1.5402,1.55,3047.0
2019-04-02 09:52:00,1.54,1.55,1.53,1.5469,2728.0
2019-04-02 09:54:00,1.5485,1.5485,1.5485,1.5485,667.0
2019-04-02 09:55:00,1.55,1.55,1.5473,1.5473,4400.0
2019-04-02 09:56:00,1.55,1.55,1.55,1.55,200.0
2019-04-02 09:59:00,1.55,1.55,1.5473,1.55,700.0
2019-04-02 10:00:00,1.5498,1.5498,1.5473,1.5473,300.0
2019-04-02 10:02:00,1.5401,1.5401,1.5401,1.5401,700.0
2019-04-02 10:04:00,1.54,1.5401,1.54,1.54,6627.0
2019-04-02 10:05:00,1.535,1.535,1.535,1.535,510.0
2019-04-02 10:07:00,1.52,1.53,1.52,1.53,375.0
2019-04-02 10:09:00,1.5499,1.55,1.54,1.55,7658.0
2019-04-02 10:10:00,1.55,1.55,1.54,1.54,5101.0
2019-04-02 10:11:00,1.54,1.5476,1.54,1.54,1862.0
2019-04-02 10:12:00,1.5205,1.54,1.5205,1.54,300.0
2019-04-02 10:14:00,1.52,1.52,1.52,1.52,100.0
2019-04-02 10:15:00,1.52,1.54,1.52,1.54,300.0
2019-04-02 10:16:00,1.538,1.538,1.538,1.538,400.0
2019-04-02 10:18:00,1.53,1.54,1.53,1.54,300.0
2019-04-02 10:20:00,1.53,1.53,1.53,1.53,100.0
2019-04-02 10:21:00,1.53,1.5325,1.52,1.53,5765.0
2019-04-02 10:27:00,1.52,1.54,1.52,1.54,401.0
2019-04-02 10:30:00,1.52,1.52,1.52,1.52,100.0
2019-04-02 10:31:00,1.52,1.52,1.52,1.52,200.0
2019-04-02 10:34:00,1.52,1.52,1.52,1.52,205.0
2019-04-02 10:36:00,1.52,1.52,1.52,1.52,100.0
2019-04-02 10:38:00,1.52,1.53,1.52,1.5201,1022.0
2019-04-02 10:40:00,1.52,1.52,1.52,1.52,103.0
2019-04-02 10:41:00,1.53,1.53,1.51,1.51,528.0
2019-04-02 10:42:00,1.52,1.52,1.52,1.52,182.0
2019-04-02 10:44:00,1.5269,1.5269,1.5269,1.5269,100.0
2019-04-02 10:45:00,1.52,1.52,1.52,1.52,100.0
2019-04-02 10:46:00,1.52,1.52,1.52,1.52,200.0
2019-04-02 10:47:00,1.53,1.53,1.53,1.53,100.0
2019-04-02 10:48:00,1.52,1.52,1.52,1.52,100.0
2019-04-02 10:50:00,1.52,1.52,1.52,1.52,100.0
2019-04-02 10:51:00,1.52,1.5208,1.52,1.5208,674.0
2019-04-02 10:57:00,1.51,1.51,1.51,1.51,205.0
2019-04-02 11:00:00,1.52,1.52,1.51,1.51,419.0
2019-04-02 11:01:00,1.5199,1.5199,1.5199,1.5199,200.0
2019-04-02 11:02:00,1.52,1.52,1.515,1.515,323.0
2019-04-02 11:05:00,1.5115,1.5115,1.5115,1.5115,1359.0
2019-04-02 11:06:00,1.51,1.51,1.51,1.51,180.0
2019-04-02 11:11:00,1.52,1.52,1.52,1.52,283.0
2019-04-02 11:12:00,1.515,1.515,1.515,1.515,100.0
2019-04-02 11:13:00,1.5116,1.5116,1.5116,1.5116,200.0
2019-04-02 11:14:00,1.5199,1.52,1.5199,1.52,1129.0
2019-04-02 11:15:00,1.5299,1.5299,1.5299,1.5299,101.0
2019-04-02 11:18:00,1.5269,1.53,1.5269,1.53,300.0
2019-04-02 11:20:00,1.53,1.53,1.53,1.53,300.0
2019-04-02 11:23:00,1.53,1.53,1.53,1.53,115.0
2019-04-02 11:24:00,1.53,1.53,1.53,1.53,300.0
2019-04-02 11:25:00,1.53,1.53,1.53,1.53,113.0
2019-04-02 11:27:00,1.52,1.52,1.52,1.52,2834.0
2019-04-02 11:28:00,1.52,1.52,1.52,1.52,153.0
2019-04-02 11:40:00,1.52,1.52,1.51,1.51,10650.0
2019-04-02 11:41:00,1.515,1.52,1.51,1.51,2108.0
2019-04-02 11:44:00,1.51,1.52,1.51,1.52,200.0
2019-04-02 11:45:00,1.5185,1.5185,1.51,1.51,1800.0
2019-04-02 11:46:00,1.51,1.51,1.51,1.51,100.0
2019-04-02 11:47:00,1.5176,1.5176,1.5176,1.5176,1000.0
2019-04-02 11:49:00,1.5176,1.5176,1.51,1.51,2028.0
2019-04-02 11:50:00,1.52,1.52,1.518,1.518,1740.0
2019-04-02 11:51:00,1.5185,1.5185,1.51,1.51,1000.0
2019-04-02 11:52:00,1.51,1.51,1.51,1.51,100.0
2019-04-02 11:53:00,1.5185,1.5185,1.5185,1.5185,900.0
2019-04-02 11:55:00,1.51,1.51,1.51,1.51,100.0
2019-04-02 11:57:00,1.51,1.5185,1.51,1.5185,500.0
2019-04-02 11:59:00,1.51,1.51,1.51,1.51,100.0
2019-04-02 12:01:00,1.5185,1.5185,1.5185,1.5185,100.0
2019-04-02 12:02:00,1.51,1.51,1.51,1.51,100.0
2019-04-02 12:05:00,1.51,1.51,1.51,1.51,100.0
2019-04-02 12:06:00,1.5185,1.52,1.5185,1.52,401.0
2019-04-02 12:07:00,1.5124,1.5124,1.5124,1.5124,600.0
2019-04-02 12:08:00,1.51,1.51,1.51,1.51,100.0
2019-04-02 12:11:00,1.51,1.51,1.51,1.51,100.0
2019-04-02 12:12:00,1.5185,1.5185,1.5185,1.5185,200.0
2019-04-02 12:14:00,1.51,1.51,1.51,1.51,100.0
2019-04-02 12:18:00,1.51,1.51,1.51,1.51,100.0
2019-04-02 12:21:00,1.5125,1.5185,1.5125,1.5185,300.0
2019-04-02 12:24:00,1.51,1.51,1.51,1.51,100.0
2019-04-02 12:25:00,1.52,1.52,1.52,1.52,305.0
2019-04-02 12:27:00,1.5199,1.5199,1.5199,1.5199,500.0
2019-04-02 12:28:00,1.51,1.51,1.51,1.51,110.0
2019-04-02 12:30:00,1.5185,1.5185,1.5185,1.5185,329.0
2019-04-02 12:33:00,1.52,1.52,1.51,1.52,1700.0
2019-04-02 12:34:00,1.52,1.52,1.52,1.52,134.0
2019-04-02 12:38:00,1.53,1.53,1.53,1.53,300.0
2019-04-02 12:40:00,1.5266,1.53,1.5266,1.53,2100.0
2019-04-02 12:41:00,1.52,1.52,1.51,1.51,1358.0
2019-04-02 12:43:00,1.5299,1.5299,1.5299,1.5299,770.0
2019-04-02 12:48:00,1.53,1.53,1.52,1.52,338.0
2019-04-02 12:51:00,1.52,1.52,1.52,1.52,100.0
2019-04-02 12:53:00,1.53,1.53,1.5201,1.5201,600.0
2019-04-02 12:55:00,1.52,1.52,1.52,1.52,100.0
2019-04-02 12:56:00,1.52,1.527,1.52,1.5201,6600.0
2019-04-02 12:59:00,1.52,1.52,1.52,1.52,100.0
2019-04-02 13:00:00,1.53,1.53,1.53,1.53,103.0
2019-04-02 13:01:00,1.53,1.53,1.5285,1.53,2700.0
2019-04-02 13:02:00,1.53,1.54,1.53,1.53,14823.0
2019-04-02 13:07:00,1.53,1.54,1.53,1.54,2390.0
2019-04-02 13:09:00,1.5329,1.5329,1.5329,1.5329,2000.0
2019-04-02 13:13:00,1.54,1.54,1.5385,1.5385,602.0
2019-04-02 13:15:00,1.53,1.54,1.53,1.54,296.0
2019-04-02 13:16:00,1.5348,1.54,1.5348,1.54,4000.0
2019-04-02 13:19:00,1.53,1.53,1.53,1.53,200.0
2019-04-02 13:20:00,1.54,1.54,1.5373,1.54,900.0
2019-04-02 13:22:00,1.535,1.5364,1.52,1.52,7890.0
2019-04-02 13:25:00,1.53,1.53,1.53,1.53,100.0
2019-04-02 13:26:00,1.53,1.53,1.53,1.53,702.0
2019-04-02 13:28:00,1.52,1.52,1.52,1.52,100.0
2019-04-02 13:30:00,1.5285,1.5285,1.5285,1.5285,100.0
2019-04-02 13:32:00,1.52,1.52,1.52,1.52,100.0
2019-04-02 13:33:00,1.53,1.53,1.53,1.53,200.0
2019-04-02 13:41:00,1.52,1.52,1.52,1.52,150.0
2019-04-02 13:43:00,1.5218,1.5218,1.5218,1.5218,138.0
2019-04-02 13:44:00,1.5284,1.5284,1.5284,1.5284,200.0
2019-04-02 13:45:00,1.52,1.52,1.52,1.52,1300.0
2019-04-02 13:46:00,1.52,1.52,1.52,1.52,455.0
2019-04-02 13:47:00,1.5135,1.5135,1.5135,1.5135,100.0
2019-04-02 13:50:00,1.515,1.52,1.515,1.52,208.0
2019-04-02 13:52:00,1.5284,1.5284,1.5284,1.5284,129.0
2019-04-02 13:57:00,1.52,1.52,1.52,1.52,100.0
2019-04-02 14:01:00,1.53,1.53,1.53,1.53,200.0
2019-04-02 14:02:00,1.52,1.52,1.52,1.52,100.0
2019-04-02 14:06:00,1.52,1.52,1.52,1.52,100.0
2019-04-02 14:11:00,1.52,1.52,1.52,1.52,100.0
2019-04-02 14:12:00,1.5224,1.5224,1.5224,1.5224,100.0
2019-04-02 14:14:00,1.53,1.53,1.53,1.53,400.0
2019-04-02 14:16:00,1.5299,1.5299,1.5264,1.5264,750.0
2019-04-02 14:21:00,1.52,1.52,1.52,1.52,100.0
2019-04-02 14:22:00,1.5284,1.5284,1.5284,1.5284,400.0
2019-04-02 14:25:00,1.52,1.52,1.52,1.52,180.0
2019-04-02 14:28:00,1.53,1.53,1.53,1.53,100.0
2019-04-02 14:30:00,1.52,1.53,1.52,1.53,200.0
2019-04-02 14:34:00,1.5265,1.53,1.52,1.52,300.0
2019-04-02 14:39:00,1.52,1.52,1.52,1.52,300.0
2019-04-02 14:44:00,1.52,1.53,1.52,1.52,6423.0
2019-04-02 14:45:00,1.51,1.515,1.51,1.5101,2880.0
2019-04-02 14:49:00,1.51,1.5118,1.51,1.5118,250.0
2019-04-02 14:50:00,1.5185,1.5185,1.5185,1.5185,1100.0
2019-04-02 14:51:00,1.51,1.51,1.51,1.51,100.0
2019-04-02 14:53:00,1.51,1.51,1.51,1.51,100.0
2019-04-02 14:55:00,1.52,1.52,1.5185,1.5185,200.0
2019-04-02 14:56:00,1.52,1.52,1.52,1.52,200.0
2019-04-02 14:57:00,1.5199,1.5199,1.51,1.51,720.0
2019-04-02 15:01:00,1.5165,1.5165,1.5165,1.5165,200.0
2019-04-02 15:02:00,1.51,1.51,1.51,1.51,101.0
2019-04-02 15:03:00,1.52,1.52,1.52,1.52,367.0
2019-04-02 15:06:00,1.52,1.52,1.51,1.51,1599.0
2019-04-02 15:09:00,1.52,1.52,1.52,1.52,345.0
2019-04-02 15:10:00,1.52,1.52,1.51,1.52,300.0
2019-04-02 15:11:00,1.52,1.52,1.52,1.52,500.0
2019-04-02 15:12:00,1.5173,1.52,1.5173,1.52,800.0
2019-04-02 15:13:00,1.51,1.51,1.51,1.51,100.0
2019-04-02 15:14:00,1.52,1.52,1.52,1.52,300.0
2019-04-02 15:15:00,1.52,1.52,1.52,1.52,1464.0
2019-04-02 15:16:00,1.52,1.52,1.51,1.5176,2011.0
2019-04-02 15:19:00,1.52,1.52,1.52,1.52,100.0
2019-04-02 15:20:00,1.52,1.52,1.52,1.52,1002.0
2019-04-02 15:23:00,1.53,1.53,1.53,1.53,294.0
2019-04-02 15:25:00,1.5285,1.5285,1.5285,1.5285,200.0
2019-04-02 15:27:00,1.52,1.52,1.52,1.52,200.0
2019-04-02 15:28:00,1.52,1.5201,1.52,1.5201,2850.0
2019-04-02 15:29:00,1.5201,1.5201,1.5201,1.5201,1000.0
2019-04-02 15:30:00,1.52,1.5201,1.52,1.52,2038.0
2019-04-02 15:31:00,1.5108,1.53,1.5108,1.5201,2400.0
2019-04-02 15:33:00,1.52,1.52,1.52,1.52,100.0
2019-04-02 15:35:00,1.53,1.53,1.5285,1.5285,1000.0
2019-04-02 15:36:00,1.5277,1.5277,1.5277,1.5277,503.0
2019-04-02 15:39:00,1.52,1.52,1.52,1.52,100.0
2019-04-02 15:40:00,1.53,1.53,1.5269,1.5269,3200.0
2019-04-02 15:41:00,1.52,1.52,1.52,1.52,100.0
2019-04-02 15:42:00,1.53,1.53,1.53,1.53,100.0
2019-04-02 15:43:00,1.525,1.525,1.52,1.5201,2100.0
2019-04-02 15:44:00,1.5201,1.5201,1.5173,1.5201,11674.0
2019-04-02 15:45:00,1.5201,1.5201,1.5201,1.5201,3090.0
2019-04-02 15:48:00,1.5201,1.5201,1.52,1.5201,3200.0
2019-04-02 15:49:00,1.515,1.52,1.51,1.51,2300.0
2019-04-02 15:51:00,1.5173,1.52,1.5101,1.515,2700.0
2019-04-02 15:52:00,1.5113,1.52,1.51,1.5118,8789.0
2019-04-02 15:53:00,1.5173,1.52,1.5173,1.52,200.0
2019-04-02 15:54:00,1.51,1.51,1.51,1.51,200.0
2019-04-02 15:56:00,1.5175,1.5175,1.5175,1.5175,548.0
2019-04-02 15:57:00,1.51,1.51,1.51,1.51,200.0
2019-04-02 15:58:00,1.5199,1.5199,1.5199,1.5199,2000.0
2019-04-02 15:59:00,1.52,1.52,1.52,1.52,193.0
2019-04-02 16:00:00,1.51,1.51,1.51,1.51,387.0
2019-04-03 09:31:00,1.51,1.51,1.51,1.51,1258.0
2019-04-03 09:33:00,1.5224,1.5224,1.5101,1.5101,1500.0
2019-04-03 09:34:00,1.53,1.53,1.53,1.53,2010.0
2019-04-03 09:39:00,1.53,1.53,1.53,1.53,5710.0
2019-04-03 09:45:00,1.5269,1.5269,1.5269,1.5269,2000.0
2019-04-03 09:46:00,1.5208,1.5208,1.5208,1.5208,1150.0
2019-04-03 09:48:00,1.5101,1.5101,1.5101,1.5101,419.0
2019-04-03 09:51:00,1.525,1.525,1.51,1.51,400.0
2019-04-03 09:52:00,1.51,1.51,1.47,1.4701,55250.0
2019-04-03 09:53:00,1.4904,1.4904,1.4849,1.4849,775.0
2019-04-03 09:54:00,1.4913,1.4913,1.4913,1.4913,275.0
2019-04-03 09:56:00,1.5171,1.5171,1.5171,1.5171,133.0
2019-04-03 09:57:00,1.53,1.53,1.53,1.53,150.0
2019-04-03 09:58:00,1.53,1.54,1.53,1.54,220.0
2019-04-03 10:04:00,1.53,1.53,1.53,1.53,105.0
2019-04-03 10:06:00,1.53,1.53,1.53,1.53,130.0
2019-04-03 10:13:00,1.4991,1.514,1.4991,1.514,409.0
2019-04-03 10:15:00,1.53,1.53,1.53,1.53,100.0
2019-04-03 10:16:00,1.5004,1.5299,1.5004,1.5299,319.0
2019-04-03 10:21:00,1.5048,1.51,1.5048,1.51,2101.0
2019-04-03 10:27:00,1.52,1.52,1.52,1.52,1302.0
2019-04-03 10:28:00,1.52,1.52,1.52,1.52,100.0
2019-04-03 10:29:00,1.5085,1.5085,1.5,1.5084,7529.0
2019-04-03 10:34:00,1.5025,1.5025,1.5025,1.5025,100.0
2019-04-03 10:35:00,1.51,1.51,1.51,1.51,100.0
2019-04-03 10:36:00,1.5199,1.5199,1.515,1.515,3481.0
2019-04-03 10:38:00,1.513,1.513,1.513,1.513,4000.0
2019-04-03 10:40:00,1.52,1.52,1.515,1.52,1332.0
2019-04-03 10:52:00,1.5381,1.54,1.53,1.53,4016.0
2019-04-03 10:54:00,1.5268,1.5268,1.52,1.52,400.0
2019-04-03 10:58:00,1.5216,1.5216,1.5216,1.5216,6909.0
2019-04-03 11:00:00,1.5216,1.5216,1.5216,1.5216,100.0
2019-04-03 11:04:00,1.52,1.52,1.51,1.51,7001.0
2019-04-03 11:05:00,1.51,1.51,1.51,1.51,510.0
2019-04-03 11:08:00,1.5058,1.5058,1.5058,1.5058,1000.0
2019-04-03 11:09:00,1.5045,1.5045,1.5045,1.5045,800.0
2019-04-03 11:13:00,1.5024,1.52,1.5024,1.52,200.0
2019-04-03 11:15:00,1.51,1.51,1.505,1.51,700.0
2019-04-03 11:18:00,1.52,1.52,1.52,1.52,200.0
2019-04-03 11:19:00,1.52,1.52,1.52,1.52,200.0
2019-04-03 11:20:00,1.5001,1.5001,1.5001,1.5001,150.0
2019-04-03 11:21:00,1.5199,1.5199,1.5199,1.5199,1308.0
2019-04-03 11:22:00,1.52,1.52,1.5,1.5,1527.0
2019-04-03 11:23:00,1.5093,1.5093,1.5093,1.5093,338.0
2019-04-03 11:36:00,1.505,1.505,1.505,1.505,110.0
2019-04-03 11:40:00,1.505,1.5095,1.4945,1.4945,4750.0
2019-04-03 11:43:00,1.5,1.5,1.5,1.5,600.0
2019-04-03 11:45:00,1.5,1.5,1.5,1.5,791.0
2019-04-03 11:58:00,1.5,1.5,1.5,1.5,137.0
2019-04-03 12:01:00,1.49,1.4905,1.48,1.48,2931.0
2019-04-03 12:06:00,1.4899,1.4899,1.4899,1.4899,2501.0
2019-04-03 12:07:00,1.49,1.49,1.49,1.49,139.0
2019-04-03 12:10:00,1.4801,1.4801,1.4801,1.4801,1000.0
2019-04-03 12:14:00,1.4871,1.4871,1.4871,1.4871,138.0
2019-04-03 12:18:00,1.5,1.5,1.5,1.5,134.0
2019-04-03 12:39:00,1.5,1.5,1.5,1.5,500.0
2019-04-03 12:41:00,1.4926,1.4926,1.4926,1.4926,900.0
2019-04-03 12:43:00,1.5,1.5,1.5,1.5,128.0
2019-04-03 12:46:00,1.5,1.5,1.5,1.5,200.0
2019-04-03 12:47:00,1.48,1.48,1.48,1.48,100.0
2019-04-03 12:48:00,1.48,1.48,1.48,1.48,7283.0
2019-04-03 12:51:00,1.5,1.5,1.5,1.5,200.0
2019-04-03 12:53:00,1.4999,1.4999,1.4999,1.4999,531.0
2019-04-03 12:56:00,1.5,1.5,1.5,1.5,250.0
2019-04-03 13:02:00,1.5,1.5,1.5,1.5,271.0
2019-04-03 13:20:00,1.4926,1.5,1.49,1.49,557.0
2019-04-03 13:38:00,1.5,1.5,1.49,1.5,400.0
2019-04-03 13:41:00,1.48,1.48,1.48,1.48,352.0
2019-04-03 13:50:00,1.4802,1.4802,1.4802,1.4802,196.0
2019-04-03 13:55:00,1.49,1.49,1.49,1.49,205.0
2019-04-03 14:02:00,1.48,1.4874,1.48,1.4874,595.0
2019-04-03 14:03:00,1.4857,1.4857,1.4857,1.4857,312.0
2019-04-03 14:08:00,1.4866,1.4866,1.4866,1.4866,1503.0
2019-04-03 14:10:00,1.48,1.48,1.48,1.48,25210.0
2019-04-03 14:11:00,1.48,1.48,1.48,1.48,100.0
2019-04-03 14:12:00,1.48,1.48,1.48,1.48,337.0
2019-04-03 14:13:00,1.47,1.47,1.47,1.47,500.0
2019-04-03 14:16:00,1.475,1.475,1.475,1.475,100.0
2019-04-03 14:17:00,1.475,1.475,1.475,1.475,100.0
2019-04-03 14:19:00,1.475,1.475,1.475,1.475,100.0
2019-04-03 14:21:00,1.475,1.475,1.475,1.475,100.0
2019-04-03 14:24:00,1.475,1.48,1.475,1.48,200.0
2019-04-03 14:26:00,1.475,1.475,1.475,1.475,216.0
2019-04-03 14:30:00,1.48,1.48,1.48,1.48,100.0
2019-04-03 14:31:00,1.49,1.49,1.49,1.49,200.0
2019-04-03 14:32:00,1.49,1.49,1.49,1.49,200.0
2019-04-03 14:33:00,1.4887,1.49,1.4887,1.49,5800.0
2019-04-03 14:41:00,1.5,1.5,1.4984,1.4984,1775.0
2019-04-03 14:52:00,1.4908,1.4908,1.4908,1.4908,1500.0
2019-04-03 14:54:00,1.4901,1.4901,1.4901,1.4901,1505.0
2019-04-03 15:04:00,1.4943,1.5,1.4943,1.5,1072.0
2019-04-03 15:05:00,1.49,1.49,1.49,1.49,100.0
2019-04-03 15:08:00,1.4909,1.4909,1.49,1.49,1400.0
2019-04-03 15:13:00,1.49,1.49,1.49,1.49,4300.0
2019-04-03 15:16:00,1.49,1.49,1.49,1.49,1120.0
2019-04-03 15:30:00,1.4841,1.4841,1.4841,1.4841,369.0
2019-04-03 15:33:00,1.48,1.48,1.48,1.48,200.0
2019-04-03 15:35:00,1.485,1.49,1.485,1.49,252.0
2019-04-03 15:39:00,1.49,1.49,1.49,1.49,1387.0
2019-04-03 15:47:00,1.49,1.49,1.49,1.49,613.0
2019-04-03 15:49:00,1.49,1.49,1.49,1.49,200.0
