
2019-03-19 09:31:00,74.11,74.11,74.11,74.11,0.0
2019-03-19 09:44:00,74.04,74.04,74.04,74.04,153.0
2019-03-19 09:45:00,73.88,73.88,73.88,73.88,308.0
2019-03-19 09:50:00,73.95,73.95,73.95,73.95,112.0
2019-03-19 09:55:00,73.93,73.93,73.93,73.93,525.0
2019-03-19 09:57:00,73.72,73.72,73.72,73.72,129.0
2019-03-19 09:59:00,73.78,73.78,73.78,73.78,410.0
2019-03-19 10:03:00,73.805,73.805,73.805,73.805,372.0
2019-03-19 10:23:00,73.78,73.78,73.78,73.78,491.0
2019-03-19 10:35:00,73.77,73.77,73.77,73.77,381.0
2019-03-19 10:39:00,73.72,73.72,73.72,73.72,100.0
2019-03-19 10:44:00,73.69,73.7,73.69,73.7,571.0
2019-03-19 10:54:00,73.46,73.46,73.46,73.46,132.0
2019-03-19 10:57:00,73.64,73.64,73.64,73.64,155.0
2019-03-19 11:05:00,73.72,73.72,73.72,73.72,301.0
2019-03-19 11:10:00,73.72,73.72,73.72,73.72,1075.0
2019-03-19 11:16:00,73.76,73.76,73.76,73.76,444.0
2019-03-19 11:31:00,73.795,73.795,73.68,73.68,229.0
2019-03-19 11:35:00,73.7,73.7,73.7,73.7,177.0
2019-03-19 11:42:00,73.77,73.77,73.77,73.77,200.0
2019-03-19 11:48:00,73.76,73.76,73.76,73.76,112.0
2019-03-19 11:51:00,73.9,73.9,73.9,73.9,246.0
2019-03-19 12:04:00,73.95,73.95,73.95,73.95,200.0
2019-03-19 12:08:00,73.995,73.995,73.995,73.995,333.0
2019-03-19 12:18:00,74.05,74.05,74.05,74.05,401.0
2019-03-19 12:25:00,74.24,74.24,74.24,74.24,112.0
2019-03-19 12:28:00,74.24,74.24,74.24,74.24,100.0
2019-03-19 12:29:00,74.1,74.1,74.1,74.1,100.0
2019-03-19 12:30:00,74.25,74.25,74.25,74.25,1606.0
2019-03-19 12:31:00,74.3,74.3,74.3,74.3,385.0
2019-03-19 12:37:00,74.12,74.12,74.12,74.12,944.0
2019-03-19 12:40:00,74.085,74.085,74.085,74.085,407.0
2019-03-19 12:44:00,74.11,74.11,74.11,74.11,2040.0
2019-03-19 12:45:00,74.16,74.16,74.16,74.16,606.0
2019-03-19 12:48:00,74.105,74.105,74.105,74.105,1898.0
2019-03-19 12:50:00,74.06,74.135,74.06,74.135,1634.0
2019-03-19 12:51:00,74.17,74.17,74.17,74.17,751.0
2019-03-19 12:54:00,74.2,74.2,74.2,74.2,2393.0
2019-03-19 12:58:00,74.25,74.25,74.25,74.25,508.0
2019-03-19 13:00:00,74.28,74.28,74.28,74.28,103.0
2019-03-19 13:02:00,74.35,74.35,74.35,74.35,642.0
2019-03-19 13:16:00,74.24,74.24,74.24,74.24,289.0
2019-03-19 13:33:00,74.315,74.315,74.315,74.315,100.0
2019-03-19 13:41:00,74.21,74.21,74.21,74.21,1104.0
2019-03-19 13:42:00,74.245,74.245,74.245,74.245,438.0
2019-03-19 14:04:00,74.235,74.235,74.235,74.235,511.0
2019-03-19 14:06:00,74.23,74.23,74.23,74.23,769.0
2019-03-19 14:12:00,74.215,74.215,74.215,74.215,458.0
2019-03-19 14:13:00,74.22,74.22,74.22,74.22,1591.0
2019-03-19 14:15:00,74.24,74.24,74.24,74.24,103.0
2019-03-19 14:17:00,74.2,74.2,74.2,74.2,813.0
2019-03-19 14:18:00,74.235,74.235,74.235,74.235,408.0
2019-03-19 14:20:00,74.36,74.36,74.36,74.36,600.0
2019-03-19 14:42:00,74.355,74.355,74.355,74.355,100.0
2019-03-19 14:45:00,74.51,74.51,74.5,74.5,973.0
2019-03-19 14:49:00,74.5,74.5,74.5,74.5,601.0
2019-03-19 14:57:00,74.4501,74.4501,74.4501,74.4501,314.0
2019-03-19 15:02:00,74.37,74.37,74.37,74.37,210.0
2019-03-19 15:03:00,74.37,74.37,74.37,74.37,195.0
2019-03-19 15:08:00,74.285,74.285,74.285,74.285,100.0
2019-03-19 15:11:00,74.25,74.25,74.21,74.21,1213.0
2019-03-19 15:12:00,74.25,74.25,74.25,74.25,507.0
2019-03-19 15:15:00,74.22,74.22,74.22,74.22,219.0
2019-03-19 15:17:00,74.16,74.16,74.16,74.16,929.0
2019-03-19 15:18:00,74.1,74.1,74.1,74.1,140.0
2019-03-19 15:19:00,74.18,74.18,74.18,74.18,1041.0
2019-03-19 15:21:00,74.15,74.15,74.15,74.15,963.0
2019-03-19 15:24:00,74.23,74.23,74.23,74.23,502.0
2019-03-19 15:26:00,74.25,74.25,74.25,74.25,805.0
2019-03-19 15:27:00,74.18,74.18,74.18,74.18,520.0
2019-03-19 15:33:00,74.29,74.29,74.29,74.29,1153.0
2019-03-19 15:35:00,74.22,74.22,74.22,74.22,301.0
2019-03-19 15:36:00,74.14,74.14,74.14,74.14,455.0
2019-03-19 15:37:00,74.05,74.05,74.05,74.05,1142.0
2019-03-19 15:40:00,73.99,73.99,73.99,73.99,681.0
2019-03-19 15:41:00,73.95,73.95,73.95,73.95,216.0
2019-03-19 15:43:00,73.93,73.93,73.93,73.93,803.0
2019-03-19 15:46:00,73.95,73.99,73.95,73.99,554.0
2019-03-19 15:49:00,74.015,74.015,74.015,74.015,700.0
2019-03-19 15:50:00,74.06,74.06,74.06,74.06,301.0
2019-03-19 15:51:00,74.065,74.065,74.065,74.065,280.0
2019-03-19 15:54:00,74.01,74.01,74.01,74.01,660.0
2019-03-19 15:55:00,74.07,74.07,74.07,74.07,967.0
2019-03-19 15:56:00,74.15,74.15,74.15,74.15,1275.0
2019-03-19 15:58:00,74.18,74.18,74.18,74.18,760.0
2019-03-19 15:59:00,74.13,74.13,74.13,74.13,806.0
2019-03-19 16:00:00,74.09,74.09,74.09,74.09,2124.0
2019-03-20 09:31:00,73.96,73.96,73.96,73.96,420.0
2019-03-20 09:34:00,73.64,73.64,73.49,73.49,0.0
2019-03-20 09:35:00,73.82,74.14,73.82,74.14,1036.0
2019-03-20 09:55:00,74.095,74.095,74.095,74.095,700.0
2019-03-20 09:57:00,73.67,73.67,73.67,73.67,1224.0
2019-03-20 10:00:00,73.88,73.88,73.88,73.88,549.0
2019-03-20 10:03:00,73.64,73.66,73.64,73.66,664.0
2019-03-20 10:04:00,73.555,73.555,73.555,73.555,899.0
2019-03-20 10:05:00,73.78,73.78,73.78,73.78,723.0
2019-03-20 10:08:00,73.685,73.685,73.685,73.685,100.0
2019-03-20 10:09:00,74.16,74.16,74.16,74.16,631.0
2019-03-20 10:10:00,73.68,73.68,73.68,73.68,132.0
2019-03-20 10:11:00,73.94,73.94,73.94,73.94,112.0
2019-03-20 10:13:00,73.62,73.62,73.62,73.62,312.0
2019-03-20 10:16:00,73.7848,73.7848,73.7848,73.7848,115.0
2019-03-20 10:17:00,73.82,73.82,73.82,73.82,722.0
2019-03-20 10:26:00,73.81,73.81,73.81,73.81,100.0
2019-03-20 10:29:00,73.725,73.725,73.725,73.725,100.0
2019-03-20 10:30:00,73.73,73.73,73.73,73.73,100.0
2019-03-20 10:35:00,73.84,73.84,73.84,73.84,300.0
2019-03-20 10:37:00,73.9,73.9,73.9,73.9,1217.0
2019-03-20 10:39:00,73.88,73.88,73.88,73.88,201.0
2019-03-20 10:40:00,73.8,73.8,73.8,73.8,115.0
2019-03-20 10:42:00,73.86,73.86,73.86,73.86,374.0
2019-03-20 10:44:00,73.795,73.795,73.72,73.72,200.0
2019-03-20 10:45:00,73.8,73.8,73.8,73.8,656.0
2019-03-20 11:00:00,73.88,73.88,73.88,73.88,105.0
2019-03-20 11:01:00,73.9,73.9,73.9,73.9,1086.0
2019-03-20 11:05:00,73.935,73.935,73.935,73.935,108.0
2019-03-20 11:11:00,73.935,73.935,73.935,73.935,112.0
2019-03-20 11:13:00,73.98,73.98,73.98,73.98,105.0
2019-03-20 11:14:00,73.98,73.98,73.98,73.98,105.0
2019-03-20 11:19:00,74.02,74.02,74.02,74.02,2811.0
2019-03-20 11:23:00,73.985,73.985,73.985,73.985,318.0
2019-03-20 11:24:00,73.985,73.985,73.985,73.985,1403.0
2019-03-20 11:25:00,73.985,73.985,73.985,73.985,210.0
2019-03-20 11:29:00,74.0,74.0,74.0,74.0,1242.0
2019-03-20 11:34:00,73.98,73.98,73.98,73.98,320.0
2019-03-20 11:43:00,73.94,73.94,73.94,73.94,186.0
2019-03-20 11:48:00,73.885,73.885,73.885,73.885,206.0
2019-03-20 11:50:00,73.88,73.88,73.85,73.85,300.0
2019-03-20 11:52:00,73.88,73.88,73.88,73.88,400.0
2019-03-20 11:53:00,73.845,73.845,73.845,73.845,206.0
2019-03-20 11:54:00,73.8,73.8,73.8,73.8,226.0
2019-03-20 11:56:00,73.68,73.68,73.68,73.68,205.0
2019-03-20 11:58:00,73.54,73.54,73.54,73.54,305.0
2019-03-20 11:59:00,73.62,73.67,73.62,73.67,2043.0
2019-03-20 12:04:00,73.73,73.73,73.73,73.73,423.0
2019-03-20 12:14:00,73.73,73.73,73.73,73.73,281.0
2019-03-20 12:33:00,73.8,73.8,73.64,73.64,1006.0
2019-03-20 12:36:00,73.735,73.735,73.735,73.735,100.0
2019-03-20 12:41:00,73.785,73.89,73.785,73.89,300.0
2019-03-20 12:44:00,73.84,73.84,73.66,73.82,300.0
2019-03-20 12:45:00,73.73,73.73,73.73,73.73,400.0
2019-03-20 12:50:00,73.82,73.82,73.82,73.82,101.0
2019-03-20 12:53:00,73.81,73.81,73.81,73.81,115.0
2019-03-20 12:56:00,73.82,73.82,73.82,73.82,303.0
2019-03-20 12:59:00,73.97,73.97,73.97,73.97,403.0
2019-03-20 13:01:00,73.99,73.99,73.99,73.99,200.0
2019-03-20 13:03:00,73.99,73.99,73.99,73.99,132.0
2019-03-20 13:04:00,74.0,74.0,73.95,73.95,2352.0
2019-03-20 13:06:00,73.97,73.97,73.97,73.97,100.0
2019-03-20 13:08:00,74.03,74.03,74.03,74.03,631.0
2019-03-20 13:10:00,74.11,74.11,74.11,74.11,200.0
2019-03-20 13:13:00,74.04,74.26,74.04,74.26,2651.0
2019-03-20 13:15:00,74.155,74.155,74.155,74.155,318.0
2019-03-20 13:19:00,74.08,74.08,74.08,74.08,638.0
2019-03-20 13:20:00,74.22,74.22,74.22,74.22,697.0
2019-03-20 13:36:00,74.15,74.15,74.15,74.15,200.0
2019-03-20 13:37:00,74.18,74.18,74.18,74.18,756.0
2019-03-20 13:41:00,74.12,74.12,74.12,74.12,553.0
2019-03-20 13:48:00,74.29,74.33,74.235,74.33,501.0
2019-03-20 13:51:00,74.25,74.25,74.25,74.25,606.0
2019-03-20 13:53:00,74.17,74.17,74.15,74.16,830.0
2019-03-20 13:54:00,74.17,74.17,74.17,74.17,1006.0
2019-03-20 13:55:00,74.28,74.28,74.28,74.28,300.0
2019-03-20 13:56:00,74.16,74.16,74.16,74.16,301.0
2019-03-20 13:58:00,74.23,74.23,74.2,74.2,777.0
2019-03-20 13:59:00,74.2,74.2,74.2,74.2,935.0
2019-03-20 14:00:00,74.15,74.15,74.15,74.15,381.0
2019-03-20 14:04:00,74.35,74.35,74.35,74.35,527.0
2019-03-20 14:06:00,75.04,75.04,75.04,75.04,818.0
2019-03-20 14:08:00,75.15,75.15,75.15,75.15,253.0
2019-03-20 14:15:00,74.99,74.99,74.7,74.7,336.0
2019-03-20 14:22:00,74.77,74.77,74.77,74.77,137.0
2019-03-20 14:23:00,74.63,74.63,74.6,74.6,2642.0
2019-03-20 14:27:00,74.58,74.58,74.58,74.58,263.0
2019-03-20 14:28:00,75.01,75.01,75.01,75.01,100.0
2019-03-20 14:29:00,74.885,74.885,74.885,74.885,425.0
2019-03-20 14:30:00,75.03,75.03,75.03,75.03,100.0
2019-03-20 14:31:00,74.895,75.08,74.895,75.08,698.0
2019-03-20 14:35:00,74.895,74.895,74.895,74.895,115.0
2019-03-20 14:39:00,74.755,74.755,74.755,74.755,908.0
2019-03-20 14:41:00,74.75,74.75,74.75,74.75,541.0
2019-03-20 14:43:00,74.735,74.735,74.735,74.735,223.0
2019-03-20 14:44:00,74.75,74.75,74.75,74.75,1124.0
2019-03-20 14:46:00,74.64,74.64,74.64,74.64,432.0
2019-03-20 14:47:00,74.42,74.42,74.42,74.42,1444.0
2019-03-20 14:49:00,74.66,74.66,74.66,74.66,200.0
2019-03-20 14:51:00,74.52,74.52,74.52,74.52,115.0
2019-03-20 14:53:00,74.7,74.7,74.7,74.7,1048.0
2019-03-20 14:54:00,74.675,74.675,74.675,74.675,558.0
2019-03-20 14:58:00,74.57,74.57,74.57,74.57,559.0
2019-03-20 15:01:00,74.67,74.765,74.67,74.765,1403.0
2019-03-20 15:02:00,74.77,74.77,74.77,74.77,530.0
2019-03-20 15:03:00,74.65,74.65,74.65,74.65,1610.0
2019-03-20 15:04:00,74.56,74.56,74.56,74.56,956.0
2019-03-20 15:09:00,74.33,74.33,74.33,74.33,644.0
2019-03-20 15:11:00,74.44,74.44,74.38,74.38,638.0
2019-03-20 15:13:00,74.26,74.26,74.26,74.26,784.0
2019-03-20 15:18:00,74.26,74.26,74.26,74.26,574.0
2019-03-20 15:24:00,74.06,74.06,74.06,74.06,100.0
2019-03-20 15:25:00,74.11,74.11,74.11,74.11,1140.0
2019-03-20 15:26:00,74.19,74.19,74.19,74.19,200.0
2019-03-20 15:28:00,74.18,74.18,74.18,74.18,193.0
2019-03-20 15:29:00,74.05,74.05,74.05,74.05,590.0
2019-03-20 15:30:00,74.07,74.07,74.07,74.07,2046.0
2019-03-20 15:31:00,74.12,74.12,74.12,74.12,612.0
2019-03-20 15:32:00,74.0,74.0,73.99,74.0,311.0
2019-03-20 15:33:00,73.9,73.9,73.9,73.9,2829.0
2019-03-20 15:34:00,73.79,73.79,73.79,73.79,822.0
2019-03-20 15:35:00,73.68,73.79,73.68,73.79,1799.0
2019-03-20 15:36:00,73.8,73.81,73.8,73.8,620.0
2019-03-20 15:37:00,73.82,73.92,73.82,73.92,1478.0
2019-03-20 15:38:00,73.97,73.97,73.97,73.97,210.0
2019-03-20 15:39:00,73.9,73.9,73.9,73.9,714.0
2019-03-20 15:40:00,73.97,73.97,73.97,73.97,949.0
2019-03-20 15:41:00,73.95,73.95,73.95,73.95,111.0
2019-03-20 15:42:00,73.94,73.94,73.94,73.94,159.0
2019-03-20 15:43:00,73.86,73.86,73.86,73.86,406.0
2019-03-20 15:44:00,73.89,73.89,73.89,73.89,819.0
2019-03-20 15:45:00,74.02,74.02,73.95,73.95,1651.0
2019-03-20 15:47:00,74.01,74.01,74.01,74.01,249.0
2019-03-20 15:48:00,74.105,74.105,74.105,74.105,777.0
2019-03-20 15:49:00,74.07,74.07,74.07,74.07,1371.0
2019-03-20 15:50:00,73.92,73.92,73.92,73.92,318.0
2019-03-20 15:51:00,73.87,73.87,73.87,73.87,784.0
2019-03-20 15:52:00,73.82,73.82,73.82,73.82,1221.0
2019-03-20 15:53:00,73.81,73.81,73.8,73.8,651.0
2019-03-20 15:54:00,73.73,73.73,73.68,73.68,3773.0
2019-03-20 15:55:00,73.83,73.83,73.83,73.83,1474.0
2019-03-20 15:56:00,73.83,73.85,73.77,73.85,1168.0
2019-03-20 15:57:00,73.895,73.895,73.895,73.895,1213.0
2019-03-20 15:58:00,73.91,73.91,73.91,73.91,1047.0
2019-03-20 15:59:00,73.89,73.89,73.89,73.89,1596.0
2019-03-20 16:00:00,73.88,73.88,73.88,73.88,2381.0
2019-03-21 09:31:00,73.46,73.46,73.46,73.46,703.0
2019-03-21 09:37:00,73.625,73.625,73.625,73.625,194.0
2019-03-21 09:45:00,73.83,73.83,73.83,73.83,1104.0
2019-03-21 09:46:00,73.96,73.97,73.83,73.915,653.0
2019-03-21 09:47:00,73.83,73.83,73.83,73.83,958.0
2019-03-21 09:48:00,74.36,74.36,74.36,74.36,200.0
2019-03-21 09:49:00,74.31,74.31,74.31,74.31,112.0
2019-03-21 09:51:00,74.32,74.32,74.32,74.32,109.0
2019-03-21 09:52:00,74.505,74.505,74.505,74.505,209.0
2019-03-21 09:54:00,74.54,74.54,74.54,74.54,200.0
2019-03-21 10:00:00,74.63,74.63,74.63,74.63,511.0
2019-03-21 10:02:00,74.77,74.77,74.77,74.77,119.0
2019-03-21 10:08:00,74.67,74.67,74.67,74.67,100.0
2019-03-21 10:09:00,74.69,74.745,74.67,74.695,1826.0
2019-03-21 10:10:00,74.485,74.485,74.485,74.485,1997.0
2019-03-21 10:26:00,74.58,74.58,74.58,74.58,288.0
2019-03-21 10:31:00,74.665,74.665,74.665,74.665,102.0
2019-03-21 10:36:00,74.79,74.79,74.79,74.79,200.0
2019-03-21 10:41:00,74.78,74.78,74.78,74.78,378.0
2019-03-21 10:42:00,74.805,74.805,74.805,74.805,342.0
2019-03-21 10:45:00,74.93,74.93,74.93,74.93,557.0
2019-03-21 10:46:00,74.875,74.875,74.875,74.875,792.0
2019-03-21 10:54:00,74.97,74.97,74.97,74.97,734.0
2019-03-21 11:01:00,75.19,75.19,75.19,75.19,214.0
2019-03-21 11:04:00,75.51,75.51,75.44,75.44,2596.0
2019-03-21 11:08:00,75.325,75.325,75.325,75.325,656.0
2019-03-21 11:14:00,75.27,75.27,75.27,75.27,303.0
2019-03-21 11:20:00,75.22,75.22,75.22,75.22,1818.0
2019-03-21 11:21:00,75.185,75.185,75.185,75.185,3734.0
2019-03-21 11:22:00,75.095,75.095,75.095,75.095,1363.0
2019-03-21 11:24:00,74.87,74.87,74.87,74.87,212.0
2019-03-21 11:27:00,74.895,74.895,74.895,74.895,200.0
2019-03-21 11:29:00,74.86,74.86,74.86,74.86,300.0
2019-03-21 11:31:00,74.79,74.79,74.79,74.79,521.0
2019-03-21 11:34:00,75.095,75.095,75.095,75.095,405.0
2019-03-21 11:38:00,75.05,75.05,75.05,75.05,904.0
2019-03-21 11:43:00,75.12,75.12,75.12,75.12,202.0
2019-03-21 11:45:00,75.06,75.06,75.06,75.06,100.0
2019-03-21 11:47:00,75.24,75.24,75.24,75.24,234.0
2019-03-21 11:51:00,75.17,75.17,75.17,75.17,302.0
2019-03-21 11:57:00,75.33,75.33,75.33,75.33,676.0
2019-03-21 11:58:00,75.23,75.23,75.23,75.23,528.0
2019-03-21 12:03:00,75.2,75.2,75.2,75.2,178.0
2019-03-21 12:06:00,75.185,75.185,75.11,75.11,4225.0
2019-03-21 12:08:00,75.13,75.13,75.13,75.13,582.0
2019-03-21 12:11:00,75.16,75.16,75.16,75.16,1041.0
2019-03-21 12:12:00,75.12,75.12,75.12,75.12,1038.0
2019-03-21 12:14:00,75.03,75.03,75.03,75.03,200.0
2019-03-21 12:16:00,75.2,75.2,75.2,75.2,205.0
2019-03-21 12:19:00,75.12,75.12,75.12,75.12,262.0
2019-03-21 12:31:00,75.0,75.0,75.0,75.0,599.0
2019-03-21 12:35:00,75.01,75.01,75.01,75.01,145.0
2019-03-21 12:37:00,75.0,75.0,75.0,75.0,203.0
2019-03-21 12:39:00,75.05,75.05,75.05,75.05,100.0
2019-03-21 12:40:00,74.9,74.9,74.89,74.89,1500.0
2019-03-21 12:42:00,74.96,74.96,74.96,74.96,538.0
2019-03-21 12:45:00,74.955,74.955,74.955,74.955,201.0
2019-03-21 12:47:00,74.71,74.71,74.71,74.71,618.0
2019-03-21 12:49:00,74.73,74.73,74.73,74.73,427.0
2019-03-21 12:58:00,74.825,74.825,74.825,74.825,257.0
2019-03-21 13:08:00,74.835,74.835,74.835,74.835,100.0
2019-03-21 13:10:00,74.76,74.76,74.76,74.76,581.0
2019-03-21 13:16:00,74.8,74.8,74.8,74.8,240.0
2019-03-21 13:19:00,74.74,74.74,74.74,74.74,200.0
2019-03-21 13:20:00,74.59,74.59,74.59,74.59,1137.0
2019-03-21 13:26:00,74.62,74.66,74.62,74.66,1006.0
2019-03-21 13:29:00,74.81,74.81,74.81,74.81,688.0
2019-03-21 13:35:00,74.69,74.69,74.69,74.69,271.0
2019-03-21 13:38:00,74.56,74.56,74.56,74.56,446.0
2019-03-21 13:42:00,74.58,74.59,74.58,74.59,373.0
2019-03-21 13:47:00,74.51,74.51,74.51,74.51,105.0
2019-03-21 13:50:00,74.765,74.765,74.765,74.765,225.0
2019-03-21 13:53:00,74.87,74.87,74.87,74.87,773.0
2019-03-21 13:54:00,74.84,74.84,74.8,74.8,944.0
2019-03-21 13:57:00,74.74,74.74,74.74,74.74,719.0
2019-03-21 14:02:00,74.72,74.72,74.72,74.72,313.0
2019-03-21 14:06:00,74.7052,74.7052,74.7052,74.7052,248.0
2019-03-21 14:08:00,74.77,74.77,74.77,74.77,521.0
2019-03-21 14:11:00,74.74,74.74,74.65,74.65,961.0
2019-03-21 14:16:00,74.67,74.67,74.67,74.67,100.0
2019-03-21 14:20:00,74.78,74.78,74.695,74.695,437.0
2019-03-21 14:23:00,74.65,74.65,74.65,74.65,201.0
2019-03-21 14:29:00,74.685,74.685,74.685,74.685,551.0
2019-03-21 14:38:00,74.63,74.7,74.63,74.7,1989.0
2019-03-21 14:46:00,74.695,74.695,74.695,74.695,189.0
2019-03-21 14:48:00,74.71,74.71,74.71,74.71,100.0
2019-03-21 14:51:00,74.72,74.72,74.72,74.72,412.0
2019-03-21 14:52:00,74.66,74.66,74.66,74.66,600.0
2019-03-21 14:57:00,74.6,74.6,74.6,74.6,100.0
2019-03-21 14:58:00,74.445,74.445,74.445,74.445,788.0
2019-03-21 14:59:00,74.37,74.37,74.37,74.37,393.0
2019-03-21 15:01:00,74.36,74.36,74.36,74.36,401.0
2019-03-21 15:03:00,74.43,74.43,74.43,74.43,104.0
2019-03-21 15:04:00,74.46,74.46,74.46,74.46,1124.0
2019-03-21 15:09:00,74.6,74.6,74.6,74.6,708.0
2019-03-21 15:11:00,74.5,74.5,74.5,74.5,335.0
2019-03-21 15:12:00,74.46,74.46,74.46,74.46,355.0
2019-03-21 15:13:00,74.36,74.36,74.36,74.36,670.0
2019-03-21 15:14:00,74.38,74.38,74.38,74.38,526.0
2019-03-21 15:15:00,74.46,74.46,74.46,74.46,100.0
2019-03-21 15:17:00,74.38,74.38,74.38,74.38,356.0
2019-03-21 15:20:00,74.49,74.49,74.49,74.49,125.0
2019-03-21 15:21:00,74.55,74.55,74.55,74.55,922.0
2019-03-21 15:22:00,74.53,74.53,74.53,74.53,1207.0
2019-03-21 15:24:00,74.6,74.6,74.6,74.6,385.0
2019-03-21 15:26:00,74.59,74.59,74.59,74.59,1100.0
2019-03-21 15:27:00,74.65,74.65,74.65,74.65,500.0
2019-03-21 15:28:00,74.59,74.59,74.59,74.59,612.0
2019-03-21 15:31:00,74.635,74.635,74.635,74.635,100.0
2019-03-21 15:32:00,74.46,74.46,74.46,74.46,1211.0
2019-03-21 15:33:00,74.31,74.31,74.31,74.31,830.0
2019-03-21 15:34:00,74.3375,74.3375,74.3375,74.3375,1844.0
2019-03-21 15:35:00,74.3,74.3,74.3,74.3,613.0
2019-03-21 15:36:00,74.2378,74.2378,74.2378,74.2378,2038.0
2019-03-21 15:37:00,74.185,74.185,74.185,74.185,820.0
2019-03-21 15:38:00,74.18,74.27,74.18,74.27,1914.0
2019-03-21 15:40:00,74.28,74.3,74.28,74.3,2180.0
2019-03-21 15:41:00,74.22,74.28,74.22,74.28,2156.0
2019-03-21 15:42:00,74.355,74.355,74.355,74.355,2115.0
2019-03-21 15:43:00,74.305,74.305,74.305,74.305,1200.0
2019-03-21 15:44:00,74.33,74.33,74.33,74.33,599.0
2019-03-21 15:45:00,74.32,74.32,74.31,74.31,3872.0
2019-03-21 15:46:00,74.32,74.32,74.32,74.32,1770.0
2019-03-21 15:47:00,74.27,74.27,74.27,74.27,814.0
2019-03-21 15:48:00,74.27,74.27,74.27,74.27,1114.0
2019-03-21 15:49:00,74.31,74.32,74.31,74.32,2415.0
2019-03-21 15:50:00,74.3,74.3,74.3,74.3,1199.0
2019-03-21 15:52:00,74.3,74.3,74.3,74.3,1439.0
2019-03-21 15:53:00,74.265,74.265,74.265,74.265,2005.0
2019-03-21 15:54:00,74.34,74.34,74.34,74.34,1128.0
2019-03-21 15:55:00,74.36,74.36,74.36,74.36,1602.0
2019-03-21 15:56:00,74.24,74.24,74.24,74.24,2324.0
2019-03-21 15:57:00,74.34,74.38,74.34,74.38,3435.0
2019-03-21 15:58:00,74.35,74.35,74.35,74.35,4330.0
2019-03-21 15:59:00,74.29,74.29,74.29,74.29,1266.0
2019-03-21 16:00:00,74.29,74.29,74.29,74.29,1668.0
2019-03-22 09:31:00,73.8,73.8,73.8,73.8,801.0
2019-03-22 09:34:00,73.39,73.39,73.39,73.39,3601.0
2019-03-22 09:35:00,73.685,73.685,73.685,73.685,103.0
2019-03-22 09:36:00,73.18,73.18,73.18,73.18,603.0
2019-03-22 09:37:00,72.82,72.82,72.82,72.82,200.0
2019-03-22 09:39:00,72.73,72.73,72.73,72.73,100.0
2019-03-22 09:40:00,72.74,72.74,72.74,72.74,100.0
2019-03-22 09:41:00,72.77,72.77,72.77,72.77,140.0
2019-03-22 09:42:00,72.72,72.72,72.72,72.72,663.0
2019-03-22 09:43:00,72.72,72.72,72.72,72.72,449.0
2019-03-22 09:44:00,72.72,73.065,72.72,73.065,5112.0
2019-03-22 09:45:00,73.085,73.085,73.085,73.085,1600.0
2019-03-22 09:46:00,72.77,72.77,72.77,72.77,100.0
2019-03-22 09:47:00,72.78,72.78,72.78,72.78,218.0
2019-03-22 09:48:00,72.78,72.78,72.78,72.78,178.0
2019-03-22 09:50:00,73.155,73.155,73.155,73.155,900.0
2019-03-22 09:51:00,73.135,73.135,73.135,73.135,1101.0
2019-03-22 09:52:00,73.02,73.02,73.02,73.02,1386.0
2019-03-22 09:53:00,73.14,73.14,73.14,73.14,1400.0
2019-03-22 09:54:00,73.125,73.125,73.125,73.125,1705.0
2019-03-22 09:55:00,73.21,73.295,73.21,73.295,4691.0
2019-03-22 09:56:00,73.36,73.36,73.36,73.36,225.0
2019-03-22 09:59:00,73.21,73.29,73.21,73.29,600.0
2019-03-22 10:00:00,73.395,73.395,73.395,73.395,947.0
2019-03-22 10:01:00,73.27,73.27,73.27,73.27,300.0
2019-03-22 10:02:00,73.34,73.34,73.34,73.34,962.0
2019-03-22 10:03:00,73.24,73.24,73.24,73.24,1226.0
2019-03-22 10:04:00,73.46,73.54,73.46,73.54,2404.0
2019-03-22 10:05:00,73.72,73.72,73.72,73.72,1308.0
2019-03-22 10:06:00,73.565,73.565,73.565,73.565,1000.0
2019-03-22 10:07:00,73.68,73.68,73.68,73.68,400.0
2019-03-22 10:08:00,73.55,73.55,73.55,73.55,600.0
2019-03-22 10:09:00,73.755,73.755,73.755,73.755,1300.0
2019-03-22 10:10:00,73.76,73.76,73.76,73.76,500.0
2019-03-22 10:11:00,73.68,73.68,73.455,73.455,1938.0
2019-03-22 10:12:00,73.58,73.58,73.58,73.58,300.0
2019-03-22 10:16:00,73.57,73.57,73.57,73.57,200.0
2019-03-22 10:18:00,73.7261,73.7261,73.7261,73.7261,209.0
2019-03-22 10:22:00,73.75,73.75,73.75,73.75,200.0
2019-03-22 10:25:00,73.53,73.53,73.53,73.53,602.0
2019-03-22 10:26:00,73.44,73.44,73.44,73.44,247.0
2019-03-22 10:27:00,73.39,73.39,73.39,73.39,106.0
2019-03-22 10:28:00,73.23,73.23,73.23,73.23,306.0
2019-03-22 10:29:00,73.15,73.34,73.15,73.34,200.0
2019-03-22 10:30:00,73.17,73.17,73.17,73.17,300.0
2019-03-22 10:31:00,73.15,73.26,73.15,73.26,200.0
2019-03-22 10:32:00,73.14,73.14,73.01,73.01,1000.0
2019-03-22 10:34:00,73.22,73.23,73.22,73.23,201.0
2019-03-22 10:35:00,73.03,73.03,73.03,73.03,757.0
2019-03-22 10:36:00,72.9701,72.9701,72.9701,72.9701,1439.0
2019-03-22 10:43:00,72.86,72.86,72.86,72.86,200.0
2019-03-22 10:45:00,73.1,73.1,73.1,73.1,590.0
2019-03-22 10:49:00,73.02,73.02,73.02,73.02,102.0
2019-03-22 10:50:00,73.01,73.01,73.01,73.01,200.0
2019-03-22 10:53:00,72.91,72.92,72.91,72.92,1673.0
2019-03-22 10:55:00,72.95,72.95,72.95,72.95,200.0
2019-03-22 10:56:00,73.05,73.09,73.05,73.09,200.0
2019-03-22 10:57:00,72.98,72.98,72.98,72.98,500.0
2019-03-22 10:58:00,72.94,72.96,72.94,72.96,400.0
2019-03-22 10:59:00,72.975,73.02,72.975,73.02,1117.0
2019-03-22 11:00:00,72.82,72.82,72.82,72.82,217.0
2019-03-22 11:02:00,72.85,72.85,72.85,72.85,200.0
2019-03-22 11:05:00,72.75,72.75,72.73,72.73,354.0
2019-03-22 11:06:00,72.74,72.74,72.69,72.69,774.0
2019-03-22 11:07:00,72.63,72.63,72.58,72.58,305.0
2019-03-22 11:08:00,72.6,72.6,72.6,72.6,505.0
2019-03-22 11:13:00,72.47,72.47,72.47,72.47,295.0
2019-03-22 11:14:00,72.49,72.49,72.49,72.49,537.0
2019-03-22 11:15:00,72.625,72.625,72.625,72.625,495.0
2019-03-22 11:16:00,72.59,72.59,72.59,72.59,248.0
2019-03-22 11:17:00,72.47,72.47,72.45,72.45,778.0
2019-03-22 11:18:00,72.67,72.67,72.67,72.67,279.0
2019-03-22 11:21:00,72.46,72.46,72.46,72.46,100.0
2019-03-22 11:24:00,72.34,72.34,72.34,72.34,100.0
2019-03-22 11:25:00,72.32,72.32,72.32,72.32,234.0
2019-03-22 11:26:00,72.3,72.515,72.3,72.515,836.0
2019-03-22 11:33:00,72.42,72.42,72.42,72.42,100.0
2019-03-22 11:36:00,72.08,72.08,72.08,72.08,166.0
2019-03-22 11:37:00,72.09,72.09,72.09,72.09,590.0
2019-03-22 11:44:00,72.12,72.12,72.12,72.12,201.0
2019-03-22 11:45:00,71.96,71.96,71.96,71.96,1642.0
2019-03-22 11:47:00,71.96,71.96,71.96,71.96,110.0
2019-03-22 11:49:00,72.105,72.105,71.98,71.98,200.0
2019-03-22 11:50:00,71.91,71.91,71.91,71.91,405.0
2019-03-22 11:53:00,71.79,71.79,71.79,71.79,1611.0
2019-03-22 11:55:00,71.78,71.78,71.78,71.78,520.0
2019-03-22 11:58:00,71.64,71.64,71.64,71.64,100.0
2019-03-22 11:59:00,71.61,71.61,71.61,71.61,563.0
2019-03-22 12:00:00,71.67,71.67,71.65,71.65,1447.0
2019-03-22 12:02:00,71.77,71.77,71.77,71.77,501.0
2019-03-22 12:06:00,71.715,71.715,71.715,71.715,386.0
2019-03-22 12:09:00,71.61,71.61,71.61,71.61,306.0
2019-03-22 12:11:00,71.61,71.61,71.61,71.61,500.0
2019-03-22 12:12:00,71.61,71.61,71.61,71.61,1000.0
2019-03-22 12:19:00,71.62,71.62,71.62,71.62,311.0
2019-03-22 12:21:00,71.55,71.55,71.55,71.55,743.0
2019-03-22 12:22:00,71.68,71.68,71.68,71.68,298.0
2019-03-22 12:23:00,71.74,71.74,71.74,71.74,398.0
2019-03-22 12:24:00,71.67,71.67,71.67,71.67,107.0
2019-03-22 12:25:00,71.62,71.62,71.62,71.62,307.0
2019-03-22 12:26:00,71.54,71.55,71.54,71.55,1000.0
2019-03-22 12:28:00,71.36,71.36,71.36,71.36,818.0
2019-03-22 12:32:00,71.36,71.36,71.36,71.36,600.0
2019-03-22 12:34:00,71.425,71.425,71.425,71.425,507.0
2019-03-22 12:36:00,71.415,71.415,71.415,71.415,146.0
2019-03-22 12:39:00,71.36,71.36,71.35,71.36,1195.0
2019-03-22 12:40:00,71.4,71.4,71.4,71.4,1645.0
2019-03-22 12:41:00,71.33,71.33,71.33,71.33,571.0
2019-03-22 12:42:00,71.26,71.26,71.26,71.26,275.0
2019-03-22 12:43:00,71.12,71.12,71.12,71.12,261.0
2019-03-22 12:47:00,71.22,71.22,71.22,71.22,400.0
2019-03-22 12:51:00,71.29,71.29,71.29,71.29,100.0
2019-03-22 12:52:00,71.08,71.08,71.08,71.08,218.0
2019-03-22 13:02:00,71.39,71.39,71.39,71.39,426.0
2019-03-22 13:06:00,71.43,71.43,71.43,71.43,236.0
2019-03-22 13:07:00,71.4,71.4,71.4,71.4,500.0
2019-03-22 13:08:00,71.48,71.48,71.48,71.48,102.0
2019-03-22 13:09:00,71.45,71.45,71.45,71.45,202.0
2019-03-22 13:10:00,71.485,71.485,71.485,71.485,100.0
2019-03-22 13:12:00,71.38,71.38,71.38,71.38,100.0
2019-03-22 13:14:00,71.37,71.37,71.37,71.37,204.0
2019-03-22 13:16:00,71.185,71.185,71.185,71.185,668.0
2019-03-22 13:21:00,71.25,71.25,71.25,71.25,102.0
2019-03-22 13:23:00,71.18,71.18,71.18,71.18,245.0
2019-03-22 13:29:00,71.13,71.13,71.06,71.06,1869.0
2019-03-22 13:30:00,71.175,71.175,71.175,71.175,816.0
2019-03-22 13:31:00,71.3,71.3,71.265,71.265,2133.0
2019-03-22 13:32:00,71.16,71.16,71.16,71.16,1124.0
2019-03-22 13:33:00,71.11,71.11,71.11,71.11,401.0
2019-03-22 13:34:00,71.21,71.21,71.13,71.13,837.0
2019-03-22 13:35:00,71.17,71.17,71.17,71.17,197.0
2019-03-22 13:36:00,71.16,71.17,71.16,71.17,844.0
2019-03-22 13:39:00,71.17,71.17,71.17,71.17,411.0
2019-03-22 13:40:00,71.17,71.17,71.17,71.17,612.0
2019-03-22 13:41:00,71.26,71.26,71.26,71.26,440.0
2019-03-22 13:42:00,71.175,71.175,71.175,71.175,235.0
2019-03-22 13:45:00,71.2,71.2,71.2,71.2,100.0
2019-03-22 13:46:00,71.17,71.17,71.17,71.17,103.0
2019-03-22 13:48:00,71.17,71.17,71.17,71.17,174.0
2019-03-22 13:49:00,71.15,71.15,71.15,71.15,131.0
2019-03-22 13:50:00,71.19,71.19,71.14,71.14,1245.0
2019-03-22 13:51:00,71.03,71.03,71.03,71.03,413.0
2019-03-22 13:54:00,71.04,71.04,71.04,71.04,100.0
2019-03-22 13:57:00,71.0,71.0,70.98,70.98,885.0
2019-03-22 13:58:00,70.92,70.92,70.92,70.92,310.0
2019-03-22 14:01:00,70.939,70.939,70.939,70.939,600.0
2019-03-22 14:02:00,71.015,71.015,71.015,71.015,104.0
2019-03-22 14:05:00,71.07,71.07,71.07,71.07,300.0
2019-03-22 14:10:00,71.12,71.12,71.12,71.12,314.0
2019-03-22 14:13:00,71.19,71.19,71.19,71.19,105.0
2019-03-22 14:15:00,71.21,71.21,71.21,71.21,600.0
2019-03-22 14:17:00,71.22,71.22,71.22,71.22,100.0
2019-03-22 14:20:00,71.21,71.21,71.21,71.21,494.0
2019-03-22 14:26:00,71.16,71.16,71.16,71.16,300.0
2019-03-22 14:27:00,71.12,71.12,71.12,71.12,156.0
2019-03-22 14:28:00,71.12,71.12,71.12,71.12,362.0
2019-03-22 14:29:00,71.2,71.2,71.2,71.2,212.0
2019-03-22 14:32:00,71.11,71.11,71.11,71.11,300.0
2019-03-22 14:35:00,70.9,70.9,70.9,70.9,507.0
2019-03-22 14:37:00,71.04,71.04,71.04,71.04,650.0
2019-03-22 14:38:00,70.98,70.98,70.98,70.98,300.0
2019-03-22 14:42:00,70.99,70.99,70.99,70.99,506.0
2019-03-22 14:43:00,71.0,71.0,71.0,71.0,228.0
2019-03-22 14:50:00,71.035,71.035,71.035,71.035,102.0
2019-03-22 14:51:00,70.99,70.99,70.99,70.99,202.0
2019-03-22 14:53:00,71.07,71.07,71.07,71.07,178.0
2019-03-22 15:01:00,71.165,71.165,71.165,71.165,788.0
2019-03-22 15:03:00,71.2,71.2,71.2,71.2,553.0
2019-03-22 15:04:00,71.14,71.14,71.14,71.14,487.0
2019-03-22 15:05:00,71.0,71.0,71.0,71.0,341.0
2019-03-22 15:06:00,71.02,71.02,70.99,70.99,764.0
2019-03-22 15:10:00,71.06,71.06,71.06,71.06,151.0
2019-03-22 15:11:00,71.06,71.06,71.06,71.06,451.0
2019-03-22 15:12:00,71.01,71.01,71.01,71.01,207.0
2019-03-22 15:16:00,70.93,70.93,70.93,70.93,251.0
2019-03-22 15:19:00,70.91,70.91,70.85,70.85,608.0
2019-03-22 15:21:00,70.9,70.9,70.9,70.9,885.0
2019-03-22 15:22:00,70.88,70.88,70.85,70.85,899.0
2019-03-22 15:23:00,70.785,70.82,70.785,70.82,1718.0
2019-03-22 15:24:00,70.835,70.835,70.835,70.835,145.0
2019-03-22 15:27:00,70.78,70.78,70.78,70.78,107.0
2019-03-22 15:28:00,70.74,70.74,70.74,70.74,609.0
2019-03-22 15:29:00,70.74,70.74,70.71,70.71,475.0
2019-03-22 15:30:00,70.67,70.67,70.67,70.67,575.0
2019-03-22 15:31:00,70.61,70.61,70.61,70.61,225.0
2019-03-22 15:32:00,70.58,70.58,70.58,70.58,510.0
2019-03-22 15:33:00,70.575,70.575,70.575,70.575,781.0
2019-03-22 15:34:00,70.53,70.53,70.53,70.53,392.0
2019-03-22 15:35:00,70.49,70.49,70.49,70.49,846.0
2019-03-22 15:36:00,70.47,70.47,70.47,70.47,615.0
2019-03-22 15:37:00,70.44,70.44,70.44,70.44,651.0
2019-03-22 15:40:00,70.41,70.41,70.41,70.41,803.0
2019-03-22 15:41:00,70.42,70.42,70.42,70.42,431.0
2019-03-22 15:42:00,70.37,70.37,70.37,70.37,392.0
2019-03-22 15:43:00,70.465,70.465,70.465,70.465,966.0
2019-03-22 15:44:00,70.42,70.42,70.42,70.42,105.0
2019-03-22 15:45:00,70.41,70.44,70.41,70.44,1391.0
2019-03-22 15:46:00,70.43,70.43,70.43,70.43,134.0
2019-03-22 15:47:00,70.41,70.41,70.41,70.41,1181.0
2019-03-22 15:48:00,70.57,70.57,70.51,70.51,498.0
2019-03-22 15:49:00,70.48,70.48,70.42,70.42,1285.0
2019-03-22 15:50:00,70.505,70.505,70.43,70.43,871.0
2019-03-22 15:51:00,70.41,70.41,70.38,70.38,2388.0
2019-03-22 15:53:00,70.31,70.31,70.3,70.3,1005.0
2019-03-22 15:54:00,70.27,70.27,70.27,70.27,1034.0
2019-03-22 15:55:00,70.42,70.42,70.4,70.4,2441.0
2019-03-22 15:56:00,70.34,70.4,70.34,70.4,1901.0
2019-03-22 15:57:00,70.4,70.4,70.4,70.4,1671.0
2019-03-22 15:58:00,70.31,70.31,70.27,70.27,2523.0
2019-03-22 15:59:00,70.21,70.21,70.21,70.21,2601.0
2019-03-22 16:00:00,70.2,70.2,70.2,70.2,3042.0
2019-03-25 09:31:00,70.14,70.14,70.14,70.14,137.0
2019-03-25 09:37:00,70.08,70.08,70.08,70.08,421.0
2019-03-25 09:41:00,69.78,69.78,69.78,69.78,107.0
2019-03-25 09:48:00,70.0,70.0,70.0,70.0,100.0
2019-03-25 09:50:00,69.445,69.445,69.255,69.255,2775.0
2019-03-25 09:52:00,69.32,69.32,69.32,69.32,117.0
2019-03-25 09:56:00,69.87,69.98,69.87,69.98,930.0
2019-03-25 10:03:00,69.99,69.99,69.99,69.99,100.0
2019-03-25 10:04:00,69.76,69.76,69.76,69.76,702.0
2019-03-25 10:09:00,70.02,70.03,70.02,70.03,1165.0
2019-03-25 10:10:00,69.96,69.96,69.96,69.96,207.0
2019-03-25 10:13:00,69.75,69.75,69.75,69.75,312.0
2019-03-25 10:16:00,69.86,69.86,69.86,69.86,277.0
2019-03-25 10:23:00,69.76,69.76,69.59,69.59,337.0
2019-03-25 10:26:00,69.915,69.915,69.915,69.915,331.0
2019-03-25 10:29:00,70.14,70.14,70.14,70.14,100.0
2019-03-25 10:31:00,70.19,70.19,70.19,70.19,100.0
2019-03-25 10:35:00,70.355,70.355,70.355,70.355,123.0
2019-03-25 10:36:00,70.065,70.065,70.065,70.065,642.0
2019-03-25 10:37:00,69.9,69.9,69.9,69.9,481.0
2019-03-25 10:41:00,69.93,69.93,69.93,69.93,101.0
2019-03-25 10:43:00,69.92,69.92,69.92,69.92,404.0
2019-03-25 10:45:00,69.905,69.905,69.905,69.905,817.0
2019-03-25 10:46:00,69.94,69.94,69.94,69.94,621.0
2019-03-25 10:47:00,69.93,69.93,69.93,69.93,726.0
2019-03-25 10:49:00,69.85,69.85,69.85,69.85,387.0
2019-03-25 10:51:00,69.95,69.95,69.95,69.95,357.0
2019-03-25 10:52:00,70.18,70.18,70.18,70.18,214.0
2019-03-25 11:00:00,70.19,70.19,70.19,70.19,524.0
2019-03-25 11:01:00,70.05,70.05,70.05,70.05,100.0
2019-03-25 11:02:00,70.07,70.07,70.07,70.07,100.0
2019-03-25 11:06:00,70.14,70.14,70.14,70.14,815.0
2019-03-25 11:08:00,70.27,70.27,70.27,70.27,403.0
2019-03-25 11:09:00,70.31,70.43,70.31,70.43,895.0
2019-03-25 11:12:00,70.43,70.43,70.43,70.43,100.0
2019-03-25 11:14:00,70.48,70.48,70.48,70.48,101.0
2019-03-25 11:16:00,70.61,70.61,70.61,70.61,108.0
2019-03-25 11:19:00,70.69,70.69,70.69,70.69,206.0
2019-03-25 11:20:00,70.73,70.73,70.73,70.73,392.0
2019-03-25 11:21:00,70.89,70.89,70.89,70.89,221.0
2019-03-25 11:22:00,70.94,70.94,70.94,70.94,117.0
2019-03-25 11:24:00,70.845,70.855,70.845,70.855,792.0
2019-03-25 11:28:00,71.01,71.01,71.01,71.01,358.0
2019-03-25 11:29:00,71.05,71.05,71.05,71.05,151.0
2019-03-25 11:30:00,71.015,71.015,71.015,71.015,211.0
2019-03-25 11:32:00,71.0,71.0,71.0,71.0,363.0
2019-03-25 11:34:00,70.79,70.79,70.79,70.79,456.0
2019-03-25 11:37:00,70.75,70.75,70.75,70.75,311.0
2019-03-25 11:44:00,70.605,70.605,70.605,70.605,408.0
2019-03-25 11:45:00,70.515,70.515,70.515,70.515,305.0
2019-03-25 11:54:00,70.51,70.51,70.51,70.51,262.0
2019-03-25 11:58:00,70.41,70.41,70.41,70.41,509.0
2019-03-25 11:59:00,70.41,70.41,70.41,70.41,472.0
2019-03-25 12:04:00,70.52,70.55,70.52,70.55,772.0
2019-03-25 12:06:00,70.51,70.51,70.51,70.51,531.0
2019-03-25 12:08:00,70.51,70.51,70.51,70.51,100.0
2019-03-25 12:10:00,70.5,70.5,70.5,70.5,337.0
2019-03-25 12:11:00,70.41,70.41,70.41,70.41,326.0
2019-03-25 12:12:00,70.63,70.63,70.63,70.63,313.0
2019-03-25 12:16:00,70.46,70.46,70.46,70.46,202.0
2019-03-25 12:17:00,70.502,70.502,70.502,70.502,204.0
2019-03-25 12:19:00,70.44,70.44,70.44,70.44,200.0
2019-03-25 12:20:00,70.56,70.56,70.56,70.56,351.0
2019-03-25 12:24:00,70.51,70.51,70.51,70.51,104.0
2019-03-25 12:28:00,70.39,70.39,70.39,70.39,314.0
2019-03-25 12:30:00,70.38,70.38,70.38,70.38,419.0
2019-03-25 12:31:00,70.405,70.405,70.405,70.405,207.0
2019-03-25 12:32:00,70.42,70.42,70.42,70.42,578.0
2019-03-25 12:38:00,70.275,70.275,70.275,70.275,750.0
2019-03-25 12:40:00,70.13,70.13,70.13,70.13,325.0
2019-03-25 12:41:00,70.155,70.155,70.155,70.155,136.0
2019-03-25 12:42:00,70.21,70.21,70.21,70.21,455.0
2019-03-25 12:44:00,70.186,70.186,70.186,70.186,200.0
2019-03-25 12:46:00,70.05,70.05,70.05,70.05,106.0
2019-03-25 12:50:00,70.11,70.11,70.11,70.11,140.0
2019-03-25 12:51:00,70.21,70.21,70.2,70.2,518.0
2019-03-25 12:56:00,70.2,70.2,70.2,70.2,261.0
2019-03-25 12:57:00,70.195,70.195,70.195,70.195,312.0
2019-03-25 12:58:00,70.26,70.26,70.26,70.26,413.0
2019-03-25 13:01:00,70.435,70.435,70.435,70.435,138.0
2019-03-25 13:03:00,70.38,70.38,70.38,70.38,368.0
2019-03-25 13:05:00,70.3,70.3,70.25,70.25,706.0
2019-03-25 13:07:00,70.31,70.31,70.31,70.31,544.0
2019-03-25 13:13:00,70.36,70.36,70.36,70.36,392.0
2019-03-25 13:15:00,70.475,70.475,70.475,70.475,122.0
2019-03-25 13:17:00,70.38,70.38,70.38,70.38,1004.0
2019-03-25 13:27:00,70.4199,70.4199,70.4199,70.4199,236.0
2019-03-25 13:28:00,70.41,70.41,70.41,70.41,335.0
2019-03-25 13:30:00,70.38,70.38,70.38,70.38,463.0
2019-03-25 13:31:00,70.33,70.33,70.33,70.33,374.0
2019-03-25 13:37:00,70.4,70.4,70.4,70.4,415.0
2019-03-25 13:38:00,70.53,70.53,70.53,70.53,654.0
2019-03-25 13:44:00,70.36,70.41,70.36,70.41,1130.0
2019-03-25 13:46:00,70.47,70.47,70.47,70.47,150.0
2019-03-25 13:48:00,70.29,70.29,70.29,70.29,140.0
2019-03-25 13:52:00,70.27,70.27,70.27,70.27,124.0
2019-03-25 13:53:00,70.26,70.26,70.26,70.26,204.0
2019-03-25 13:55:00,70.27,70.27,70.27,70.27,266.0
2019-03-25 13:57:00,70.23,70.23,70.23,70.23,137.0
2019-03-25 13:59:00,70.23,70.23,70.23,70.23,113.0
2019-03-25 14:00:00,70.23,70.23,70.23,70.23,514.0
2019-03-25 14:04:00,70.43,70.43,70.43,70.43,455.0
2019-03-25 14:06:00,70.32,70.32,70.3,70.3,758.0
2019-03-25 14:09:00,70.25,70.25,70.25,70.25,494.0
2019-03-25 14:10:00,70.16,70.16,70.16,70.16,110.0
2019-03-25 14:11:00,70.15,70.15,70.15,70.15,307.0
2019-03-25 14:16:00,70.24,70.24,70.24,70.24,200.0
2019-03-25 14:17:00,70.145,70.145,70.145,70.145,210.0
2019-03-25 14:18:00,70.04,70.04,70.04,70.04,200.0
2019-03-25 14:19:00,70.03,70.03,70.03,70.03,447.0
2019-03-25 14:20:00,69.97,69.97,69.97,69.97,393.0
2019-03-25 14:22:00,70.01,70.01,70.01,70.01,216.0
2019-03-25 14:23:00,69.96,69.96,69.96,69.96,122.0
2019-03-25 14:24:00,70.1,70.1,70.1,70.1,835.0
2019-03-25 14:25:00,70.125,70.125,70.125,70.125,106.0
2019-03-25 14:27:00,70.075,70.075,70.075,70.075,100.0
2019-03-25 14:28:00,70.25,70.25,70.25,70.25,586.0
2019-03-25 14:32:00,70.45,70.45,70.25,70.25,804.0
2019-03-25 14:39:00,70.27,70.27,70.27,70.27,109.0
2019-03-25 14:41:00,70.39,70.39,70.39,70.39,130.0
2019-03-25 14:42:00,70.42,70.42,70.42,70.42,211.0
2019-03-25 14:47:00,70.53,70.53,70.53,70.53,271.0
2019-03-25 14:48:00,70.54,70.54,70.54,70.54,567.0
2019-03-25 14:51:00,70.63,70.63,70.63,70.63,221.0
2019-03-25 14:52:00,70.39,70.48,70.39,70.48,939.0
2019-03-25 14:54:00,70.55,70.55,70.55,70.55,922.0
2019-03-25 14:57:00,70.61,70.61,70.61,70.61,379.0
2019-03-25 14:58:00,70.76,70.76,70.66,70.66,573.0
2019-03-25 15:01:00,70.74,70.85,70.74,70.85,553.0
2019-03-25 15:05:00,70.64,70.64,70.64,70.64,315.0
2019-03-25 15:06:00,70.68,70.68,70.68,70.68,409.0
2019-03-25 15:08:00,70.67,70.67,70.67,70.67,660.0
2019-03-25 15:09:00,70.79,70.79,70.79,70.79,303.0
2019-03-25 15:10:00,70.73,70.73,70.73,70.73,117.0
2019-03-25 15:11:00,70.66,70.66,70.66,70.66,224.0
2019-03-25 15:12:00,70.63,70.63,70.63,70.63,100.0
2019-03-25 15:13:00,70.61,70.61,70.61,70.61,400.0
2019-03-25 15:14:00,70.5,70.52,70.5,70.52,1602.0
2019-03-25 15:15:00,70.46,70.46,70.46,70.46,409.0
2019-03-25 15:17:00,70.45,70.45,70.45,70.45,457.0
2019-03-25 15:18:00,70.39,70.39,70.39,70.39,898.0
2019-03-25 15:19:00,70.42,70.5,70.42,70.5,825.0
2019-03-25 15:21:00,70.39,70.39,70.39,70.39,218.0
2019-03-25 15:23:00,70.53,70.53,70.53,70.53,128.0
2019-03-25 15:24:00,70.61,70.61,70.61,70.61,801.0
2019-03-25 15:25:00,70.73,70.73,70.73,70.73,106.0
2019-03-25 15:27:00,70.74,70.74,70.74,70.74,405.0
2019-03-25 15:29:00,70.73,70.73,70.73,70.73,349.0
2019-03-25 15:30:00,70.66,70.66,70.66,70.66,575.0
2019-03-25 15:31:00,70.57,70.57,70.57,70.57,407.0
2019-03-25 15:33:00,70.52,70.52,70.52,70.52,220.0
2019-03-25 15:34:00,70.49,70.49,70.49,70.49,109.0
2019-03-25 15:35:00,70.56,70.59,70.56,70.59,1689.0
2019-03-25 15:36:00,70.56,70.56,70.56,70.56,306.0
2019-03-25 15:37:00,70.54,70.54,70.54,70.54,820.0
2019-03-25 15:38:00,70.6,70.6,70.6,70.6,335.0
2019-03-25 15:39:00,70.54,70.54,70.54,70.54,205.0
2019-03-25 15:41:00,70.45,70.47,70.45,70.47,630.0
2019-03-25 15:42:00,70.55,70.55,70.55,70.55,1236.0
2019-03-25 15:45:00,70.61,70.63,70.61,70.63,740.0
2019-03-25 15:47:00,70.68,70.68,70.68,70.68,867.0
2019-03-25 15:48:00,70.69,70.69,70.58,70.58,1985.0
2019-03-25 15:49:00,70.5,70.5,70.5,70.5,644.0
2019-03-25 15:50:00,70.45,70.46,70.45,70.46,1912.0
2019-03-25 15:52:00,70.51,70.51,70.51,70.51,589.0
2019-03-25 15:54:00,70.48,70.48,70.48,70.48,204.0
2019-03-25 15:55:00,70.46,70.46,70.46,70.46,895.0
2019-03-25 15:56:00,70.5,70.5,70.41,70.41,2172.0
2019-03-25 15:57:00,70.39,70.39,70.39,70.39,1987.0
2019-03-25 15:58:00,70.42,70.52,70.42,70.52,2412.0
2019-03-25 15:59:00,70.57,70.57,70.57,70.57,1425.0
2019-03-25 16:00:00,70.49,70.49,70.49,70.49,1864.0
2019-03-26 09:31:00,71.14,71.14,71.14,71.14,677.0
2019-03-26 09:36:00,70.95,70.95,70.95,70.95,249.0
2019-03-26 09:39:00,71.12,71.12,71.12,71.12,652.0
2019-03-26 09:54:00,71.12,71.12,71.09,71.09,494.0
2019-03-26 10:02:00,71.04,71.04,71.04,71.04,789.0
2019-03-26 10:03:00,71.05,71.05,71.05,71.05,200.0
2019-03-26 10:08:00,70.87,70.87,70.87,70.87,287.0
2019-03-26 10:09:00,70.87,70.87,70.87,70.87,214.0
2019-03-26 10:13:00,70.99,70.99,70.99,70.99,875.0
2019-03-26 10:14:00,71.035,71.035,71.035,71.035,391.0
2019-03-26 10:24:00,71.02,71.02,71.02,71.02,325.0
2019-03-26 10:28:00,71.1,71.1,71.1,71.1,200.0
2019-03-26 10:32:00,71.07,71.07,71.07,71.07,100.0
2019-03-26 10:35:00,71.12,71.12,71.12,71.12,906.0
2019-03-26 10:51:00,71.63,71.63,71.63,71.63,501.0
2019-03-26 10:55:00,71.89,71.89,71.89,71.89,201.0
2019-03-26 10:58:00,71.71,71.71,71.71,71.71,205.0
2019-03-26 11:04:00,71.86,71.86,71.86,71.86,100.0
2019-03-26 11:05:00,71.87,71.87,71.87,71.87,210.0
2019-03-26 11:09:00,71.55,71.55,71.55,71.55,680.0
2019-03-26 11:11:00,71.62,71.62,71.62,71.62,218.0
2019-03-26 11:17:00,71.56,71.56,71.56,71.56,200.0
2019-03-26 11:24:00,71.28,71.28,71.28,71.28,101.0
2019-03-26 11:27:00,71.46,71.46,71.46,71.46,0.0
2019-03-26 11:32:00,71.29,71.29,71.29,71.29,200.0
2019-03-26 11:33:00,71.47,71.47,71.28,71.28,855.0
2019-03-26 11:42:00,71.3465,71.37,71.3465,71.37,514.0
2019-03-26 11:48:00,71.35,71.35,71.35,71.35,100.0
2019-03-26 11:49:00,71.22,71.22,71.22,71.22,0.0
2019-03-26 11:50:00,71.12,71.12,71.12,71.12,101.0
2019-03-26 11:52:00,71.21,71.21,71.21,71.21,100.0
2019-03-26 11:58:00,71.135,71.135,71.135,71.135,100.0
2019-03-26 12:03:00,71.23,71.23,71.23,71.23,100.0
2019-03-26 12:04:00,71.31,71.31,71.31,71.31,200.0
2019-03-26 12:07:00,71.31,71.31,71.31,71.31,154.0
2019-03-26 12:08:00,71.19,71.19,71.19,71.19,202.0
2019-03-26 12:12:00,71.28,71.33,71.28,71.33,1671.0
2019-03-26 12:14:00,71.33,71.33,71.33,71.33,910.0
2019-03-26 12:17:00,71.31,71.31,71.31,71.31,792.0
2019-03-26 12:20:00,71.19,71.19,71.19,71.19,281.0
2019-03-26 12:23:00,71.27,71.27,71.21,71.21,602.0
2019-03-26 12:27:00,71.2,71.2,71.2,71.2,302.0
2019-03-26 12:35:00,71.31,71.31,71.31,71.31,100.0
2019-03-26 12:48:00,71.09,71.09,71.09,71.09,771.0
2019-03-26 12:50:00,71.04,71.04,71.04,71.04,300.0
2019-03-26 12:51:00,71.19,71.19,71.19,71.19,300.0
2019-03-26 12:56:00,71.21,71.21,71.21,71.21,421.0
2019-03-26 13:10:00,71.14,71.14,71.14,71.14,163.0
2019-03-26 13:20:00,71.15,71.15,71.15,71.15,0.0
2019-03-26 13:29:00,71.275,71.28,71.275,71.275,1314.0
2019-03-26 13:31:00,71.3,71.3,71.3,71.3,422.0
2019-03-26 13:37:00,71.28,71.295,71.28,71.295,1600.0
2019-03-26 13:45:00,71.18,71.18,71.18,71.18,127.0
2019-03-26 13:51:00,71.24,71.24,71.24,71.24,200.0
2019-03-26 13:54:00,71.33,71.33,71.33,71.33,139.0
2019-03-26 13:57:00,71.2998,71.2998,71.2998,71.2998,200.0
2019-03-26 13:59:00,71.3,71.3,71.3,71.3,791.0
2019-03-26 14:01:00,71.26,71.26,71.26,71.26,177.0
2019-03-26 14:08:00,71.35,71.35,71.35,71.35,618.0
2019-03-26 14:11:00,71.36,71.36,71.36,71.36,473.0
2019-03-26 14:18:00,71.49,71.49,71.47,71.47,742.0
2019-03-26 14:29:00,71.58,71.58,71.58,71.58,320.0
2019-03-26 14:37:00,71.61,71.61,71.61,71.61,507.0
2019-03-26 14:41:00,71.59,71.6,71.57,71.57,1593.0
2019-03-26 14:43:00,71.52,71.52,71.52,71.52,200.0
2019-03-26 14:46:00,71.55,71.55,71.55,71.55,1100.0
2019-03-26 14:54:00,71.52,71.52,71.52,71.52,206.0
2019-03-26 14:56:00,71.48,71.48,71.48,71.48,129.0
2019-03-26 14:59:00,71.63,71.63,71.6,71.6,1160.0
2019-03-26 15:02:00,71.8,71.82,71.8,71.82,325.0
2019-03-26 15:07:00,71.72,71.72,71.72,71.72,206.0
2019-03-26 15:09:00,71.735,71.735,71.735,71.735,200.0
2019-03-26 15:11:00,71.63,71.63,71.63,71.63,141.0
2019-03-26 15:12:00,71.61,71.61,71.61,71.61,102.0
2019-03-26 15:17:00,71.578,71.578,71.578,71.578,593.0
2019-03-26 15:19:00,71.63,71.63,71.63,71.63,239.0
2019-03-26 15:23:00,71.47,71.47,71.47,71.47,0.0
2019-03-26 15:24:00,71.535,71.535,71.535,71.535,1448.0
2019-03-26 15:26:00,71.49,71.49,71.49,71.49,345.0
2019-03-26 15:27:00,71.385,71.385,71.385,71.385,782.0
2019-03-26 15:28:00,71.44,71.46,71.42,71.42,1722.0
2019-03-26 15:32:00,71.335,71.335,71.335,71.335,688.0
2019-03-26 15:34:00,71.34,71.34,71.34,71.34,675.0
2019-03-26 15:35:00,71.28,71.28,71.27,71.27,2096.0
2019-03-26 15:36:00,71.225,71.28,71.225,71.28,2408.0
2019-03-26 15:38:00,71.2,71.2,71.2,71.2,200.0
2019-03-26 15:39:00,71.17,71.17,71.17,71.17,670.0
2019-03-26 15:41:00,71.075,71.075,71.075,71.075,1013.0
2019-03-26 15:42:00,71.05,71.05,71.05,71.05,1163.0
2019-03-26 15:43:00,71.04,71.05,71.0,71.0,5717.0
2019-03-26 15:44:00,70.92,70.92,70.83,70.845,3741.0
2019-03-26 15:45:00,70.78,70.78,70.71,70.71,2842.0
2019-03-26 15:46:00,70.57,70.71,70.57,70.71,2107.0
2019-03-26 15:47:00,70.83,70.83,70.83,70.83,980.0
2019-03-26 15:48:00,70.995,70.995,70.995,70.995,684.0
2019-03-26 15:49:00,71.075,71.075,71.075,71.075,804.0
2019-03-26 15:50:00,71.12,71.12,71.12,71.12,628.0
2019-03-26 15:51:00,71.18,71.18,71.18,71.18,416.0
2019-03-26 15:52:00,71.21,71.21,71.21,71.21,700.0
2019-03-26 15:54:00,71.25,71.25,71.25,71.25,332.0
2019-03-26 15:55:00,71.2,71.2,71.16,71.16,3161.0
2019-03-26 15:56:00,71.17,71.17,71.12,71.12,3304.0
2019-03-26 15:57:00,71.13,71.13,71.115,71.115,3377.0
2019-03-26 15:58:00,71.05,71.05,71.03,71.03,4724.0
2019-03-26 15:59:00,71.01,71.07,71.01,71.07,3806.0
2019-03-26 16:00:00,71.125,71.125,71.125,71.125,3018.0
2019-03-27 09:31:00,71.09,71.09,71.09,71.09,455.0
2019-03-27 09:41:00,71.51,71.51,71.51,71.51,202.0
2019-03-27 09:49:00,71.2,71.2,71.135,71.135,455.0
2019-03-27 09:51:00,71.1,71.1,71.09,71.09,229.0
2019-03-27 09:52:00,71.21,71.21,71.21,71.21,377.0
2019-03-27 09:57:00,70.86,70.86,70.86,70.86,101.0
2019-03-27 09:59:00,70.86,70.86,70.855,70.855,234.0
2019-03-27 10:00:00,70.85,70.85,70.85,70.85,185.0
2019-03-27 10:01:00,70.82,70.85,70.8,70.8,303.0
2019-03-27 10:06:00,70.94,70.97,70.94,70.97,226.0
2019-03-27 10:08:00,70.76,70.97,70.76,70.97,204.0
2019-03-27 10:12:00,71.04,71.04,71.04,71.04,206.0
2019-03-27 10:28:00,71.15,71.15,71.15,71.15,102.0
2019-03-27 10:31:00,70.975,70.975,70.975,70.975,294.0
2019-03-27 10:37:00,70.98,70.98,70.98,70.98,109.0
2019-03-27 10:41:00,70.82,70.82,70.8058,70.8058,374.0
2019-03-27 10:44:00,70.68,70.68,70.68,70.68,201.0
2019-03-27 10:48:00,70.565,70.565,70.565,70.565,114.0
2019-03-27 10:55:00,70.75,70.75,70.74,70.75,312.0
2019-03-27 10:59:00,70.85,70.85,70.85,70.85,578.0
2019-03-27 11:03:00,70.77,70.77,70.77,70.77,113.0
2019-03-27 11:05:00,70.67,70.67,70.615,70.615,210.0
2019-03-27 11:06:00,70.58,70.58,70.58,70.58,519.0
2019-03-27 11:13:00,70.55,70.55,70.55,70.55,104.0
2019-03-27 11:14:00,70.48,70.48,70.48,70.48,111.0
2019-03-27 11:17:00,70.41,70.41,70.41,70.41,101.0
2019-03-27 11:18:00,70.44,70.44,70.44,70.44,102.0
2019-03-27 11:20:00,70.55,70.55,70.55,70.55,111.0
2019-03-27 11:23:00,70.56,70.56,70.51,70.51,595.0
2019-03-27 11:28:00,70.52,70.52,70.52,70.52,354.0
2019-03-27 11:31:00,70.44,70.465,70.44,70.465,219.0
2019-03-27 11:34:00,70.52,70.55,70.5009,70.55,974.0
2019-03-27 11:40:00,70.58,70.6,70.435,70.435,902.0
2019-03-27 11:45:00,70.41,70.41,70.41,70.41,655.0
2019-03-27 11:46:00,70.39,70.39,70.39,70.39,792.0
2019-03-27 11:49:00,70.45,70.45,70.45,70.45,310.0
2019-03-27 11:53:00,70.44,70.44,70.36,70.44,1902.0
2019-03-27 11:57:00,70.55,70.55,70.53,70.53,683.0
2019-03-27 12:15:00,70.7,70.7,70.7,70.7,361.0
2019-03-27 12:21:00,71.01,71.01,70.86,70.86,630.0
2019-03-27 12:22:00,70.89,70.89,70.89,70.89,274.0
2019-03-27 12:24:00,70.89,70.89,70.89,70.89,400.0
2019-03-27 12:25:00,70.88,70.9,70.88,70.9,439.0
2019-03-27 12:27:00,71.05,71.05,71.05,71.05,171.0
2019-03-27 12:30:00,71.11,71.11,71.11,71.11,210.0
2019-03-27 12:33:00,71.06,71.06,71.06,71.06,215.0
2019-03-27 12:34:00,71.14,71.18,71.14,71.175,636.0
2019-03-27 12:36:00,71.03,71.03,70.99,70.99,350.0
2019-03-27 12:38:00,71.04,71.04,71.04,71.04,110.0
2019-03-27 12:39:00,71.1,71.11,71.1,71.11,614.0
2019-03-27 12:54:00,71.37,71.37,71.35,71.37,960.0
2019-03-27 12:55:00,71.35,71.36,71.35,71.36,636.0
2019-03-27 13:08:00,71.14,71.145,71.14,71.145,290.0
2019-03-27 13:09:00,71.1,71.1,71.08,71.08,212.0
2019-03-27 13:10:00,70.97,70.97,70.97,70.97,101.0
2019-03-27 13:11:00,71.03,71.03,70.98,71.0,462.0
2019-03-27 13:12:00,70.96,70.96,70.96,70.96,104.0
2019-03-27 13:13:00,71.05,71.05,71.05,71.05,210.0
2019-03-27 13:15:00,71.3,71.3,71.3,71.3,177.0
2019-03-27 13:18:00,71.38,71.38,71.38,71.38,204.0
2019-03-27 13:19:00,71.34,71.44,71.34,71.44,207.0
2019-03-27 13:20:00,71.35,71.35,71.35,71.35,100.0
2019-03-27 13:22:00,71.3,71.44,71.3,71.44,221.0
2019-03-27 13:24:00,71.36,71.43,71.36,71.43,399.0
2019-03-27 13:26:00,71.335,71.335,71.28,71.28,499.0
2019-03-27 13:32:00,71.36,71.36,71.36,71.36,115.0
2019-03-27 13:37:00,71.21,71.21,71.21,71.21,440.0
2019-03-27 13:41:00,71.17,71.17,71.17,71.17,428.0
2019-03-27 13:43:00,71.27,71.27,71.27,71.27,102.0
2019-03-27 13:45:00,71.3232,71.3232,71.3232,71.3232,375.0
2019-03-27 13:46:00,71.42,71.43,71.42,71.43,392.0
2019-03-27 13:49:00,71.4202,71.4202,71.33,71.33,350.0
2019-03-27 13:54:00,71.46,71.46,71.46,71.46,269.0
2019-03-27 14:01:00,71.45,71.45,71.32,71.32,319.0
2019-03-27 14:04:00,71.33,71.36,71.33,71.36,540.0
2019-03-27 14:08:00,71.42,71.42,71.42,71.42,141.0
2019-03-27 14:11:00,71.41,71.41,71.41,71.41,206.0
2019-03-27 14:12:00,71.45,71.51,71.45,71.48,684.0
2019-03-27 14:14:00,71.59,71.59,71.59,71.59,593.0
2019-03-27 14:27:00,71.44,71.48,71.415,71.48,353.0
2019-03-27 14:28:00,71.35,71.35,71.35,71.35,201.0
2019-03-27 14:29:00,71.51,71.51,71.51,71.51,231.0
2019-03-27 14:31:00,71.47,71.47,71.47,71.47,694.0
2019-03-27 14:40:00,71.15,71.15,71.15,71.15,154.0
2019-03-27 14:41:00,71.22,71.26,71.22,71.26,418.0
2019-03-27 14:50:00,71.39,71.39,71.39,71.39,342.0
2019-03-27 14:56:00,71.35,71.35,71.35,71.35,306.0
2019-03-27 15:05:00,71.33,71.33,71.33,71.33,119.0
2019-03-27 15:06:00,71.32,71.32,71.32,71.32,211.0
2019-03-27 15:08:00,71.28,71.28,71.28,71.28,128.0
2019-03-27 15:09:00,71.3,71.3,71.3,71.3,122.0
2019-03-27 15:12:00,71.305,71.305,71.305,71.305,176.0
2019-03-27 15:13:00,71.39,71.39,71.36,71.38,740.0
2019-03-27 15:21:00,71.39,71.39,71.3,71.3,244.0
2019-03-27 15:24:00,71.4,71.4,71.4,71.4,125.0
2019-03-27 15:25:00,71.46,71.46,71.37,71.37,361.0
2019-03-27 15:26:00,71.27,71.27,71.27,71.27,117.0
2019-03-27 15:28:00,71.37,71.37,71.37,71.37,218.0
2019-03-27 15:30:00,71.37,71.39,71.37,71.37,682.0
2019-03-27 15:31:00,71.47,71.47,71.47,71.47,177.0
2019-03-27 15:35:00,71.44,71.45,71.44,71.45,217.0
2019-03-27 15:36:00,71.415,71.415,71.415,71.415,191.0
2019-03-27 15:38:00,71.44,71.445,71.44,71.445,504.0
2019-03-27 15:42:00,71.435,71.46,71.435,71.46,875.0
2019-03-27 15:43:00,71.36,71.36,71.36,71.36,140.0
2019-03-27 15:45:00,71.37,71.38,71.37,71.38,256.0
2019-03-27 15:46:00,71.39,71.41,71.39,71.41,229.0
2019-03-27 15:47:00,71.365,71.365,71.365,71.365,174.0
2019-03-27 15:49:00,71.39,71.39,71.3539,71.36,1042.0
2019-03-27 15:50:00,71.35,71.35,71.35,71.35,348.0
2019-03-27 15:51:00,71.33,71.33,71.33,71.33,142.0
2019-03-27 15:53:00,71.26,71.26,71.26,71.26,238.0
2019-03-27 15:54:00,71.2,71.2,71.2,71.2,328.0
2019-03-27 15:55:00,71.22,71.29,71.22,71.29,781.0
2019-03-27 15:57:00,71.27,71.27,71.2,71.2,740.0
2019-03-27 15:58:00,71.18,71.18,71.165,71.165,573.0
2019-03-27 15:59:00,71.13,71.16,71.12,71.12,469.0
2019-03-27 16:00:00,71.13,71.18,71.12,71.18,1096.0
2019-03-28 09:31:00,72.42,72.42,72.42,72.42,594.0
2019-03-28 09:40:00,72.445,72.445,72.445,72.445,102.0
2019-03-28 09:44:00,70.88,70.88,70.88,70.88,115.0
2019-03-28 09:48:00,71.3,71.3,71.3,71.3,107.0
2019-03-28 09:54:00,72.27,72.27,72.27,72.27,200.0
2019-03-28 09:56:00,71.12,71.12,71.12,71.12,228.0
2019-03-28 10:03:00,71.46,71.46,71.46,71.46,100.0
2019-03-28 10:06:00,71.615,71.615,71.615,71.615,120.0
2019-03-28 10:08:00,71.79,71.79,71.79,71.79,205.0
2019-03-28 10:09:00,71.88,71.88,71.46,71.46,1056.0
2019-03-28 10:10:00,71.4,71.4,71.4,71.4,100.0
2019-03-28 10:11:00,71.62,71.62,71.62,71.62,246.0
2019-03-28 10:13:00,71.81,71.82,71.81,71.82,200.0
2019-03-28 10:14:00,72.0,72.0,72.0,72.0,301.0
2019-03-28 10:15:00,71.77,71.77,71.77,71.77,200.0
2019-03-28 10:16:00,71.86,71.86,71.86,71.86,316.0
2019-03-28 10:21:00,71.69,71.69,71.69,71.69,223.0
2019-03-28 10:25:00,71.71,71.8,71.71,71.8,349.0
2019-03-28 10:26:00,71.7,71.74,71.7,71.74,604.0
2019-03-28 10:30:00,71.57,71.57,71.57,71.57,157.0
2019-03-28 10:34:00,71.76,71.79,71.76,71.79,699.0
2019-03-28 10:35:00,71.8,71.8,71.8,71.8,848.0
2019-03-28 10:42:00,71.97,71.97,71.87,71.87,458.0
2019-03-28 10:43:00,71.79,71.79,71.79,71.79,901.0
2019-03-28 10:46:00,71.79,71.79,71.79,71.79,407.0
2019-03-28 10:48:00,71.79,71.79,71.79,71.79,120.0
2019-03-28 10:52:00,71.88,71.88,71.88,71.88,100.0
2019-03-28 10:56:00,71.795,71.795,71.795,71.795,247.0
2019-03-28 11:02:00,71.54,71.54,71.54,71.54,660.0
2019-03-28 11:06:00,71.43,71.45,71.43,71.45,309.0
2019-03-28 11:08:00,71.38,71.38,71.38,71.38,419.0
2019-03-28 11:14:00,71.3,71.3,71.3,71.3,209.0
2019-03-28 11:15:00,71.3,71.3,71.3,71.3,409.0
2019-03-28 11:18:00,71.26,71.26,71.26,71.26,923.0
2019-03-28 11:19:00,71.4,71.4,71.4,71.4,100.0
2019-03-28 11:20:00,71.27,71.27,71.27,71.27,742.0
2019-03-28 11:23:00,71.18,71.18,71.18,71.18,299.0
2019-03-28 11:30:00,71.04,71.04,71.04,71.04,100.0
2019-03-28 11:32:00,70.83,70.83,70.83,70.83,104.0
2019-03-28 11:43:00,70.86,70.86,70.68,70.68,1012.0
2019-03-28 11:49:00,71.0,71.0,71.0,71.0,425.0
2019-03-28 11:50:00,71.0,71.0,71.0,71.0,671.0
2019-03-28 11:52:00,71.07,71.08,71.07,71.08,324.0
2019-03-28 11:56:00,70.965,70.965,70.96,70.96,277.0
2019-03-28 11:57:00,71.06,71.06,71.06,71.06,487.0
2019-03-28 11:58:00,71.08,71.08,71.08,71.08,201.0
2019-03-28 12:02:00,70.98,70.98,70.98,70.98,105.0
2019-03-28 12:03:00,71.01,71.01,71.01,71.01,486.0
2019-03-28 12:04:00,70.98,71.04,70.98,71.04,991.0
2019-03-28 12:05:00,71.21,71.21,71.21,71.21,192.0
2019-03-28 12:06:00,71.25,71.25,71.14,71.14,1510.0
2019-03-28 12:07:00,71.23,71.23,71.23,71.23,123.0
2019-03-28 12:08:00,71.15,71.15,71.115,71.115,679.0
2019-03-28 12:10:00,71.205,71.205,71.205,71.205,100.0
2019-03-28 12:13:00,71.06,71.06,71.06,71.06,547.0
2019-03-28 12:14:00,71.0,71.0,71.0,71.0,201.0
2019-03-28 12:15:00,71.01,71.01,70.85,70.85,1475.0
2019-03-28 12:18:00,70.78,70.825,70.78,70.825,1735.0
2019-03-28 12:21:00,70.675,70.675,70.675,70.675,100.0
2019-03-28 12:23:00,71.04,71.04,71.035,71.035,1001.0
2019-03-28 12:25:00,71.04,71.04,71.04,71.04,215.0
2019-03-28 12:34:00,70.935,70.935,70.935,70.935,180.0
2019-03-28 12:39:00,70.91,71.16,70.91,71.16,1110.0
2019-03-28 12:41:00,71.22,71.22,71.22,71.22,100.0
2019-03-28 12:42:00,71.23,71.23,71.23,71.23,216.0
2019-03-28 12:45:00,71.0944,71.0944,71.0944,71.0944,179.0
2019-03-28 12:46:00,71.16,71.16,71.16,71.16,359.0
2019-03-28 12:52:00,71.16,71.16,71.16,71.16,495.0
2019-03-28 12:54:00,71.36,71.36,71.36,71.36,130.0
2019-03-28 12:58:00,71.41,71.41,71.41,71.41,105.0
2019-03-28 13:00:00,71.33,71.33,71.33,71.33,201.0
2019-03-28 13:01:00,71.28,71.4,71.28,71.4,4194.0
2019-03-28 13:02:00,71.27,71.27,71.27,71.27,1020.0
2019-03-28 13:03:00,71.3,71.3,71.3,71.3,368.0
2019-03-28 13:04:00,71.34,71.34,71.32,71.32,1523.0
2019-03-28 13:05:00,71.4,71.4,71.4,71.4,466.0
2019-03-28 13:06:00,71.38,71.38,71.38,71.38,453.0
2019-03-28 13:07:00,71.44,71.44,71.3,71.3,2757.0
2019-03-28 13:08:00,71.39,71.39,71.39,71.39,624.0
2019-03-28 13:09:00,71.32,71.32,71.32,71.32,500.0
2019-03-28 13:10:00,71.32,71.41,71.32,71.41,1310.0
2019-03-28 13:11:00,71.21,71.21,71.21,71.21,1805.0
2019-03-28 13:12:00,71.225,71.26,71.15,71.15,3516.0
2019-03-28 13:14:00,71.195,71.195,71.1,71.1,2764.0
2019-03-28 13:15:00,71.13,71.22,71.13,71.22,1736.0
2019-03-28 13:16:00,71.1695,71.1695,71.12,71.12,1082.0
2019-03-28 13:17:00,71.12,71.27,71.12,71.27,202.0
2019-03-28 13:18:00,71.19,71.21,71.19,71.21,1715.0
2019-03-28 13:19:00,71.12,71.12,71.12,71.12,401.0
2019-03-28 13:20:00,71.16,71.16,71.16,71.16,1103.0
2019-03-28 13:21:00,71.2,71.2,71.2,71.2,331.0
2019-03-28 13:22:00,71.23,71.28,71.23,71.28,401.0
2019-03-28 13:23:00,71.3,71.41,71.3,71.41,1916.0
2019-03-28 13:24:00,71.42,71.43,71.42,71.43,2050.0
2019-03-28 13:25:00,71.365,71.365,71.365,71.365,212.0
2019-03-28 13:27:00,71.36,71.36,71.34,71.34,700.0
2019-03-28 13:28:00,71.37,71.37,71.37,71.37,1429.0
2019-03-28 13:33:00,71.47,71.47,71.47,71.47,112.0
2019-03-28 13:34:00,71.55,71.6,71.55,71.6,1512.0
2019-03-28 13:35:00,71.6,71.6,71.6,71.6,1084.0
2019-03-28 13:38:00,71.54,71.54,71.54,71.54,182.0
2019-03-28 13:42:00,71.53,71.53,71.53,71.53,315.0
2019-03-28 13:45:00,71.47,71.47,71.47,71.47,377.0
2019-03-28 13:51:00,71.49,71.49,71.49,71.49,100.0
2019-03-28 13:54:00,71.62,71.62,71.62,71.62,213.0
2019-03-28 13:57:00,71.68,71.68,71.68,71.68,211.0
2019-03-28 14:02:00,71.77,71.77,71.77,71.77,194.0
2019-03-28 14:03:00,71.635,71.635,71.635,71.635,294.0
2019-03-28 14:04:00,71.78,71.78,71.78,71.78,103.0
2019-03-28 14:06:00,71.74,71.74,71.74,71.74,130.0
2019-03-28 14:12:00,71.785,71.785,71.785,71.785,101.0
2019-03-28 14:13:00,71.86,71.86,71.86,71.86,105.0
2019-03-28 14:14:00,71.735,71.735,71.735,71.735,115.0
2019-03-28 14:17:00,71.74,71.74,71.74,71.74,321.0
2019-03-28 14:20:00,71.66,71.66,71.66,71.66,412.0
2019-03-28 14:25:00,71.62,71.73,71.62,71.73,222.0
2019-03-28 14:35:00,71.63,71.63,71.63,71.63,316.0
2019-03-28 14:45:00,71.555,71.555,71.555,71.555,100.0
2019-03-28 14:46:00,71.51,71.51,71.51,71.51,431.0
2019-03-28 14:48:00,71.53,71.59,71.53,71.59,856.0
2019-03-28 14:52:00,71.57,71.57,71.57,71.57,110.0
2019-03-28 14:53:00,71.57,71.57,71.57,71.57,1314.0
2019-03-28 14:54:00,71.595,71.595,71.595,71.595,100.0
2019-03-28 14:55:00,71.595,71.595,71.595,71.595,495.0
2019-03-28 15:02:00,71.66,71.66,71.66,71.66,595.0
2019-03-28 15:03:00,71.84,71.84,71.84,71.84,516.0
2019-03-28 15:05:00,71.66,71.66,71.66,71.66,140.0
2019-03-28 15:09:00,71.76,71.76,71.67,71.67,1415.0
2019-03-28 15:10:00,71.6,71.6,71.6,71.6,1125.0
2019-03-28 15:11:00,71.73,71.73,71.73,71.73,401.0
2019-03-28 15:12:00,71.6,71.6,71.6,71.6,100.0
2019-03-28 15:13:00,71.6,71.61,71.6,71.61,975.0
2019-03-28 15:14:00,71.585,71.585,71.585,71.585,449.0
2019-03-28 15:16:00,71.44,71.44,71.44,71.44,203.0
2019-03-28 15:17:00,71.535,71.535,71.535,71.535,100.0
2019-03-28 15:19:00,71.535,71.535,71.535,71.535,203.0
2019-03-28 15:21:00,71.54,71.54,71.54,71.54,200.0
2019-03-28 15:22:00,71.53,71.53,71.53,71.53,363.0
2019-03-28 15:26:00,71.55,71.55,71.55,71.55,103.0
2019-03-28 15:27:00,71.59,71.59,71.59,71.59,420.0
2019-03-28 15:29:00,71.69,71.69,71.69,71.69,106.0
2019-03-28 15:32:00,71.57,71.57,71.55,71.55,405.0
2019-03-28 15:34:00,71.54,71.59,71.54,71.59,1228.0
2019-03-28 15:36:00,71.56,71.56,71.56,71.56,100.0
2019-03-28 15:37:00,71.54,71.54,71.54,71.54,196.0
2019-03-28 15:38:00,71.56,71.56,71.56,71.56,502.0
2019-03-28 15:39:00,71.57,71.57,71.57,71.57,561.0
2019-03-28 15:41:00,71.47,71.47,71.47,71.47,125.0
2019-03-28 15:42:00,71.48,71.48,71.48,71.48,279.0
2019-03-28 15:43:00,71.5,71.5,71.5,71.5,866.0
2019-03-28 15:44:00,71.51,71.51,71.51,71.51,622.0
2019-03-28 15:45:00,71.505,71.505,71.505,71.505,120.0
2019-03-28 15:46:00,71.505,71.505,71.505,71.505,363.0
2019-03-28 15:47:00,71.59,71.59,71.59,71.59,704.0
2019-03-28 15:48:00,71.57,71.57,71.54,71.54,462.0
2019-03-28 15:49:00,71.515,71.54,71.515,71.54,995.0
2019-03-28 15:50:00,71.52,71.52,71.52,71.52,125.0
2019-03-28 15:51:00,71.47,71.47,71.47,71.47,726.0
2019-03-28 15:52:00,71.44,71.44,71.405,71.405,342.0
2019-03-28 15:53:00,71.44,71.44,71.44,71.44,565.0
2019-03-28 15:54:00,71.47,71.47,71.47,71.47,709.0
2019-03-28 15:55:00,71.54,71.54,71.54,71.54,614.0
2019-03-28 15:56:00,71.5,71.5,71.5,71.5,1635.0
2019-03-28 15:57:00,71.5,71.5,71.5,71.5,2729.0
2019-03-28 15:58:00,71.46,71.46,71.44,71.44,3728.0
2019-03-28 15:59:00,71.46,71.46,71.46,71.46,2055.0
2019-03-28 16:00:00,71.46,71.46,71.46,71.46,1666.0
2019-03-29 09:31:00,71.99,71.99,71.99,71.99,535.0
2019-03-29 09:32:00,71.99,71.99,71.99,71.99,311.0
2019-03-29 09:47:00,72.08,72.08,72.08,72.08,105.0
2019-03-29 09:48:00,72.07,72.07,72.07,72.07,185.0
2019-03-29 09:49:00,71.89,71.89,71.89,71.89,229.0
2019-03-29 09:50:00,72.11,72.11,72.11,72.11,185.0
2019-03-29 09:55:00,72.06,72.08,71.97,71.97,683.0
2019-03-29 10:00:00,71.96,72.1,71.95,72.1,882.0
2019-03-29 10:05:00,71.92,71.92,71.92,71.92,248.0
2019-03-29 10:14:00,71.96,71.96,71.96,71.96,104.0
2019-03-29 10:19:00,71.94,71.94,71.94,71.94,434.0
2019-03-29 10:22:00,71.92,71.92,71.92,71.92,175.0
2019-03-29 10:23:00,71.79,71.79,71.79,71.79,611.0
2019-03-29 10:27:00,71.93,71.93,71.93,71.93,101.0
2019-03-29 10:29:00,71.83,71.83,71.83,71.83,180.0
2019-03-29 10:31:00,71.825,71.825,71.73,71.73,1105.0
2019-03-29 10:32:00,71.805,71.805,71.65,71.65,1158.0
2019-03-29 10:36:00,71.79,71.79,71.79,71.79,225.0
2019-03-29 10:37:00,71.8,71.8,71.79,71.79,300.0
2019-03-29 10:38:00,71.86,71.86,71.76,71.76,613.0
2019-03-29 10:39:00,71.84,71.9,71.79,71.9,853.0
2019-03-29 10:43:00,71.84,71.84,71.84,71.84,376.0
2019-03-29 10:52:00,71.77,71.77,71.77,71.77,225.0
2019-03-29 10:55:00,71.695,71.695,71.695,71.695,182.0
2019-03-29 11:00:00,71.62,71.62,71.51,71.565,628.0
2019-03-29 11:01:00,71.545,71.545,71.545,71.545,115.0
2019-03-29 11:09:00,71.58,71.58,71.58,71.58,834.0
2019-03-29 11:12:00,71.76,71.76,71.76,71.76,189.0
2019-03-29 11:16:00,71.6,71.6,71.6,71.6,292.0
2019-03-29 11:20:00,71.58,71.58,71.58,71.58,211.0
2019-03-29 11:21:00,71.57,71.57,71.5,71.5,225.0
2019-03-29 11:30:00,71.53,71.53,71.53,71.53,206.0
2019-03-29 11:35:00,71.6,71.6,71.6,71.6,353.0
2019-03-29 11:40:00,71.63,71.63,71.63,71.63,422.0
2019-03-29 11:43:00,71.63,71.63,71.63,71.63,110.0
2019-03-29 11:45:00,71.57,71.57,71.51,71.51,521.0
2019-03-29 11:46:00,71.56,71.56,71.485,71.485,209.0
2019-03-29 11:51:00,71.41,71.41,71.38,71.38,768.0
2019-03-29 12:01:00,71.46,71.47,71.46,71.47,219.0
2019-03-29 12:05:00,71.315,71.315,71.315,71.315,105.0
2019-03-29 12:06:00,71.24,71.24,71.24,71.24,222.0
2019-03-29 12:07:00,71.22,71.22,71.21,71.21,367.0
2019-03-29 12:09:00,71.17,71.17,71.17,71.17,594.0
2019-03-29 12:10:00,71.15,71.16,71.15,71.16,486.0
2019-03-29 12:14:00,71.15,71.15,71.09,71.09,835.0
2019-03-29 12:15:00,71.14,71.14,71.09,71.09,670.0
2019-03-29 12:20:00,71.14,71.14,71.14,71.14,214.0
2019-03-29 12:22:00,71.18,71.18,71.18,71.18,238.0
2019-03-29 12:24:00,71.3,71.3,71.3,71.3,253.0
2019-03-29 12:26:00,71.47,71.47,71.47,71.47,132.0
2019-03-29 12:28:00,71.465,71.465,71.465,71.465,793.0
2019-03-29 12:30:00,71.38,71.38,71.38,71.38,238.0
2019-03-29 12:40:00,71.41,71.41,71.41,71.41,446.0
2019-03-29 12:45:00,71.38,71.41,71.35,71.35,794.0
2019-03-29 12:51:00,71.36,71.36,71.36,71.36,100.0
2019-03-29 12:52:00,71.42,71.42,71.42,71.42,241.0
2019-03-29 13:03:00,71.69,71.69,71.69,71.69,370.0
2019-03-29 13:07:00,71.54,71.54,71.54,71.54,300.0
2019-03-29 13:08:00,71.525,71.54,71.525,71.54,312.0
2019-03-29 13:14:00,71.565,71.565,71.39,71.4999,1928.0
2019-03-29 13:15:00,71.49,71.4999,71.47,71.47,658.0
2019-03-29 13:18:00,71.35,71.35,71.35,71.35,176.0
2019-03-29 13:19:00,71.33,71.33,71.33,71.33,189.0
2019-03-29 13:21:00,71.3,71.3,71.3,71.3,331.0
2019-03-29 13:22:00,71.36,71.36,71.36,71.36,157.0
2019-03-29 13:34:00,71.43,71.43,71.43,71.43,237.0
2019-03-29 13:37:00,71.29,71.29,71.29,71.29,132.0
2019-03-29 13:38:00,71.3,71.3,71.27,71.27,433.0
2019-03-29 13:39:00,71.27,71.27,71.27,71.27,548.0
2019-03-29 13:40:00,71.29,71.29,71.27,71.27,401.0
2019-03-29 13:41:00,71.26,71.26,71.26,71.26,101.0
2019-03-29 13:44:00,71.34,71.355,71.34,71.355,400.0
2019-03-29 13:45:00,71.355,71.355,71.27,71.27,1532.0
2019-03-29 13:46:00,71.27,71.2745,71.24,71.24,1111.0
2019-03-29 13:47:00,71.25,71.385,71.1,71.17,3629.0
2019-03-29 13:48:00,71.18,71.3,71.18,71.23,2214.0
2019-03-29 13:49:00,71.16,71.16,71.1492,71.1492,1100.0
2019-03-29 13:50:00,71.21,71.28,71.21,71.28,579.0
2019-03-29 13:51:00,71.28,71.28,71.26,71.26,1000.0
2019-03-29 13:52:00,71.26,71.31,71.26,71.31,507.0
2019-03-29 13:53:00,71.26,71.26,71.24,71.24,673.0
2019-03-29 13:54:00,71.21,71.21,71.21,71.21,645.0
2019-03-29 14:09:00,71.36,71.36,71.36,71.36,293.0
2019-03-29 14:10:00,71.42,71.42,71.42,71.42,100.0
2019-03-29 14:12:00,71.46,71.46,71.46,71.46,223.0
2019-03-29 14:17:00,71.5,71.5,71.5,71.5,141.0
2019-03-29 14:21:00,71.5,71.5,71.48,71.48,912.0
2019-03-29 14:29:00,71.47,71.47,71.47,71.47,328.0
2019-03-29 14:31:00,71.47,71.47,71.47,71.47,256.0
2019-03-29 14:41:00,71.45,71.45,71.4,71.4,872.0
2019-03-29 14:43:00,71.39,71.39,71.39,71.39,271.0
2019-03-29 14:44:00,71.45,71.45,71.45,71.45,100.0
2019-03-29 14:45:00,71.53,71.55,71.53,71.55,478.0
2019-03-29 14:53:00,71.63,71.63,71.63,71.63,280.0
2019-03-29 14:58:00,71.635,71.635,71.57,71.57,345.0
2019-03-29 15:01:00,71.59,71.59,71.59,71.59,104.0
2019-03-29 15:02:00,71.65,71.65,71.63,71.63,755.0
2019-03-29 15:07:00,71.51,71.51,71.5,71.5,271.0
2019-03-29 15:08:00,71.47,71.47,71.47,71.47,437.0
2019-03-29 15:09:00,71.455,71.5,71.455,71.5,200.0
2019-03-29 15:11:00,71.49,71.49,71.49,71.49,272.0
2019-03-29 15:12:00,71.485,71.485,71.485,71.485,122.0
2019-03-29 15:14:00,71.485,71.485,71.485,71.485,479.0
2019-03-29 15:19:00,71.48,71.48,71.48,71.48,131.0
2019-03-29 15:21:00,71.45,71.45,71.44,71.44,429.0
2019-03-29 15:23:00,71.39,71.39,71.34,71.34,429.0
2019-03-29 15:26:00,71.23,71.23,71.225,71.225,307.0
2019-03-29 15:27:00,71.27,71.27,71.27,71.27,344.0
2019-03-29 15:28:00,71.31,71.31,71.31,71.31,100.0
2019-03-29 15:29:00,71.36,71.4,71.33,71.33,795.0
2019-03-29 15:30:00,71.3,71.3,71.3,71.3,310.0
2019-03-29 15:31:00,71.36,71.36,71.36,71.36,378.0
2019-03-29 15:32:00,71.27,71.27,71.27,71.27,270.0
2019-03-29 15:33:00,71.26,71.28,71.25,71.25,724.0
2019-03-29 15:35:00,71.325,71.38,71.325,71.38,626.0
2019-03-29 15:37:00,71.46,71.46,71.46,71.46,100.0
2019-03-29 15:38:00,71.5,71.5,71.5,71.5,317.0
2019-03-29 15:39:00,71.54,71.54,71.52,71.52,350.0
2019-03-29 15:40:00,71.56,71.56,71.56,71.56,210.0
2019-03-29 15:42:00,71.64,71.64,71.64,71.64,100.0
2019-03-29 15:43:00,71.56,71.56,71.55,71.55,1635.0
2019-03-29 15:44:00,71.505,71.505,71.505,71.505,178.0
2019-03-29 15:45:00,71.54,71.54,71.54,71.54,408.0
2019-03-29 15:46:00,71.62,71.62,71.58,71.6,697.0
2019-03-29 15:47:00,71.64,71.685,71.61,71.61,1805.0
2019-03-29 15:48:00,71.575,71.575,71.575,71.575,100.0
2019-03-29 15:49:00,71.52,71.52,71.41,71.41,1116.0
2019-03-29 15:50:00,71.48,71.49,71.48,71.49,206.0
2019-03-29 15:51:00,71.45,71.45,71.38,71.38,1175.0
2019-03-29 15:52:00,71.38,71.43,71.38,71.43,780.0
2019-03-29 15:53:00,71.425,71.46,71.425,71.46,361.0
2019-03-29 15:54:00,71.415,71.415,71.39,71.4,747.0
2019-03-29 15:55:00,71.44,71.445,71.38,71.38,1002.0
2019-03-29 15:56:00,71.44,71.44,71.44,71.44,228.0
2019-03-29 15:57:00,71.48,71.48,71.44,71.44,1009.0
2019-03-29 15:58:00,71.4,71.51,71.39,71.51,1325.0
2019-03-29 15:59:00,71.5,71.59,71.5,71.59,1461.0
2019-03-29 16:00:00,71.53,71.53,71.53,71.53,2589.0
2019-04-01 09:31:00,72.99,72.99,72.99,72.99,724.0
2019-04-01 09:35:00,72.85,72.85,72.85,72.85,935.0
2019-04-01 09:36:00,72.605,72.605,72.605,72.605,874.0
2019-04-01 09:38:00,72.39,72.39,72.39,72.39,1363.0
2019-04-01 09:43:00,72.28,72.28,72.28,72.28,405.0
2019-04-01 09:46:00,72.24,72.24,72.24,72.24,101.0
2019-04-01 09:49:00,72.145,72.145,72.145,72.145,144.0
2019-04-01 09:51:00,72.2,72.2,72.2,72.2,1339.0
2019-04-01 09:52:00,72.24,72.24,72.24,72.24,1277.0
2019-04-01 09:53:00,72.12,72.12,72.12,72.12,220.0
2019-04-01 09:54:00,72.205,72.205,72.205,72.205,1177.0
2019-04-01 09:56:00,72.23,72.23,72.23,72.23,304.0
2019-04-01 09:57:00,72.17,72.17,72.17,72.17,905.0
2019-04-01 09:59:00,72.155,72.2,72.155,72.2,2349.0
2019-04-01 10:03:00,72.3,72.3,72.3,72.3,880.0
2019-04-01 10:05:00,72.44,72.44,72.44,72.44,697.0
2019-04-01 10:06:00,72.3,72.3,72.22,72.22,4690.0
2019-04-01 10:08:00,72.3,72.3,72.3,72.3,445.0
2019-04-01 10:10:00,72.316,72.316,72.316,72.316,120.0
2019-04-01 10:12:00,72.35,72.35,72.35,72.35,979.0
2019-04-01 10:13:00,72.395,72.395,72.395,72.395,921.0
2019-04-01 10:15:00,72.34,72.34,72.34,72.34,872.0
2019-04-01 10:16:00,72.31,72.31,72.31,72.31,1414.0
2019-04-01 10:17:00,72.32,72.32,72.32,72.32,335.0
2019-04-01 10:19:00,72.405,72.405,72.405,72.405,1541.0
2019-04-01 10:20:00,72.38,72.38,72.38,72.38,1312.0
2019-04-01 10:21:00,72.35,72.35,72.35,72.35,794.0
2019-04-01 10:24:00,72.38,72.395,72.38,72.395,1210.0
2019-04-01 10:26:00,72.4,72.4,72.4,72.4,791.0
2019-04-01 10:29:00,72.38,72.38,72.38,72.38,221.0
2019-04-01 10:30:00,72.35,72.35,72.35,72.35,293.0
2019-04-01 10:31:00,72.38,72.38,72.38,72.38,645.0
2019-04-01 10:34:00,72.31,72.31,72.31,72.31,285.0
2019-04-01 10:38:00,72.33,72.33,72.33,72.33,501.0
2019-04-01 10:41:00,72.39,72.39,72.39,72.39,601.0
2019-04-01 10:42:00,72.3899,72.3899,72.3899,72.3899,1388.0
2019-04-01 10:43:00,72.34,72.34,72.34,72.34,1545.0
2019-04-01 10:45:00,72.37,72.37,72.37,72.37,811.0
2019-04-01 10:46:00,72.37,72.37,72.37,72.37,320.0
2019-04-01 10:52:00,72.095,72.095,72.095,72.095,887.0
2019-04-01 10:57:00,72.23,72.23,72.23,72.23,1281.0
2019-04-01 11:03:00,72.23,72.23,72.23,72.23,124.0
2019-04-01 11:05:00,72.22,72.22,72.22,72.22,348.0
2019-04-01 11:11:00,72.13,72.13,72.13,72.13,204.0
2019-04-01 11:15:00,72.05,72.05,72.05,72.05,349.0
2019-04-01 11:23:00,71.91,71.91,71.91,71.91,358.0
2019-04-01 11:28:00,71.98,71.98,71.98,71.98,2777.0
2019-04-01 11:29:00,71.93,71.93,71.93,71.93,1488.0
2019-04-01 11:30:00,71.92,71.92,71.92,71.92,2230.0
2019-04-01 11:31:00,71.9,71.9,71.9,71.9,642.0
2019-04-01 11:33:00,71.785,71.785,71.785,71.785,420.0
2019-04-01 11:40:00,71.76,71.76,71.76,71.76,344.0
2019-04-01 11:43:00,71.81,71.81,71.81,71.81,1992.0
2019-04-01 11:46:00,71.73,71.73,71.73,71.73,734.0
2019-04-01 11:48:00,71.74,71.74,71.74,71.74,1052.0
2019-04-01 11:51:00,71.82,71.82,71.82,71.82,758.0
2019-04-01 11:56:00,71.91,71.91,71.91,71.91,270.0
2019-04-01 12:02:00,71.89,71.89,71.89,71.89,200.0
2019-04-01 12:05:00,71.68,71.68,71.68,71.68,200.0
2019-04-01 12:08:00,71.72,71.72,71.72,71.72,205.0
2019-04-01 12:11:00,71.71,71.71,71.7,71.7,937.0
2019-04-01 12:12:00,71.74,71.74,71.74,71.74,552.0
2019-04-01 12:15:00,71.805,71.805,71.805,71.805,102.0
2019-04-01 12:18:00,71.79,71.79,71.79,71.79,420.0
2019-04-01 12:21:00,71.76,71.76,71.76,71.76,147.0
2019-04-01 12:25:00,71.69,71.69,71.69,71.69,601.0
2019-04-01 12:26:00,71.62,71.62,71.56,71.56,1291.0
2019-04-01 12:27:00,71.6,71.6,71.6,71.6,504.0
2019-04-01 12:29:00,71.55,71.55,71.55,71.55,631.0
2019-04-01 12:33:00,71.62,71.62,71.62,71.62,616.0
2019-04-01 12:47:00,71.635,71.635,71.635,71.635,215.0
2019-04-01 12:49:00,71.7,71.7,71.7,71.7,225.0
2019-04-01 12:57:00,71.59,71.59,71.59,71.59,125.0
2019-04-01 13:00:00,71.62,71.62,71.62,71.62,232.0
2019-04-01 13:03:00,71.62,71.62,71.62,71.62,1805.0
2019-04-01 13:04:00,71.61,71.61,71.59,71.59,946.0
2019-04-01 13:10:00,71.63,71.63,71.63,71.63,101.0
2019-04-01 13:13:00,71.6,71.6,71.6,71.6,134.0
2019-04-01 13:16:00,71.56,71.56,71.56,71.56,141.0
2019-04-01 13:19:00,71.47,71.47,71.47,71.47,916.0
2019-04-01 13:20:00,71.34,71.34,71.34,71.34,1041.0
2019-04-01 13:22:00,71.285,71.285,71.285,71.285,837.0
2019-04-01 13:26:00,71.44,71.44,71.44,71.44,118.0
2019-04-01 13:31:00,71.41,71.41,71.41,71.41,186.0
2019-04-01 13:35:00,71.295,71.295,71.29,71.29,459.0
2019-04-01 13:41:00,71.31,71.31,71.31,71.31,136.0
2019-04-01 13:42:00,71.38,71.38,71.38,71.38,108.0
2019-04-01 13:43:00,71.375,71.375,71.375,71.375,301.0
2019-04-01 13:45:00,71.33,71.33,71.28,71.28,915.0
2019-04-01 13:47:00,71.3,71.32,71.3,71.32,1692.0
2019-04-01 13:52:00,71.305,71.305,71.305,71.305,402.0
2019-04-01 13:54:00,71.34,71.34,71.34,71.34,437.0
2019-04-01 13:55:00,71.41,71.41,71.41,71.41,113.0
2019-04-01 13:57:00,71.34,71.34,71.34,71.34,365.0
2019-04-01 13:59:00,71.29,71.29,71.29,71.29,124.0
2019-04-01 14:00:00,71.39,71.39,71.39,71.39,303.0
2019-04-01 14:04:00,71.49,71.49,71.49,71.49,622.0
2019-04-01 14:05:00,71.39,71.39,71.39,71.39,359.0
2019-04-01 14:08:00,71.41,71.41,71.41,71.41,100.0
2019-04-01 14:09:00,71.33,71.33,71.33,71.33,400.0
2019-04-01 14:12:00,71.365,71.365,71.365,71.365,390.0
2019-04-01 14:13:00,71.365,71.365,71.365,71.365,486.0
2019-04-01 14:15:00,71.24,71.24,71.24,71.24,615.0
2019-04-01 14:16:00,71.36,71.36,71.36,71.36,1619.0
2019-04-01 14:17:00,71.37,71.37,71.37,71.37,1080.0
2019-04-01 14:18:00,71.34,71.34,71.34,71.34,808.0
2019-04-01 14:19:00,71.28,71.28,71.28,71.28,556.0
2019-04-01 14:23:00,71.305,71.36,71.305,71.36,874.0
2019-04-01 14:26:00,71.3113,71.3113,71.26,71.26,436.0
2019-04-01 14:28:00,71.41,71.41,71.41,71.41,220.0
2019-04-01 14:33:00,71.37,71.37,71.37,71.37,581.0
2019-04-01 14:37:00,71.49,71.49,71.49,71.49,330.0
2019-04-01 14:40:00,71.485,71.485,71.485,71.485,100.0
2019-04-01 14:41:00,71.53,71.53,71.53,71.53,107.0
2019-04-01 14:42:00,71.44,71.44,71.44,71.44,168.0
2019-04-01 14:44:00,71.44,71.44,71.44,71.44,1026.0
2019-04-01 14:46:00,71.485,71.485,71.485,71.485,106.0
2019-04-01 14:49:00,71.45,71.45,71.45,71.45,696.0
2019-04-01 14:51:00,71.49,71.49,71.49,71.49,100.0
2019-04-01 14:53:00,71.36,71.36,71.36,71.36,422.0
2019-04-01 14:56:00,71.5,71.5,71.5,71.5,585.0
2019-04-01 14:57:00,71.465,71.465,71.465,71.465,285.0
2019-04-01 15:03:00,71.43,71.43,71.43,71.43,300.0
2019-04-01 15:04:00,71.36,71.36,71.36,71.36,420.0
2019-04-01 15:08:00,71.48,71.48,71.48,71.48,774.0
2019-04-01 15:11:00,71.42,71.42,71.42,71.42,501.0
2019-04-01 15:13:00,71.44,71.44,71.44,71.44,336.0
2019-04-01 15:18:00,71.49,71.49,71.48,71.48,722.0
2019-04-01 15:21:00,71.47,71.47,71.47,71.47,204.0
2019-04-01 15:23:00,71.46,71.46,71.46,71.46,503.0
2019-04-01 15:27:00,71.565,71.565,71.565,71.565,101.0
2019-04-01 15:28:00,71.62,71.62,71.62,71.62,642.0
2019-04-01 15:29:00,71.74,71.74,71.74,71.74,512.0
2019-04-01 15:31:00,71.75,71.75,71.75,71.75,407.0
2019-04-01 15:33:00,71.8,71.8,71.8,71.8,308.0
2019-04-01 15:34:00,71.7,71.7,71.7,71.7,1680.0
2019-04-01 15:35:00,71.73,71.73,71.73,71.73,491.0
2019-04-01 15:39:00,71.71,71.71,71.69,71.69,1035.0
2019-04-01 15:42:00,71.7,71.7,71.7,71.7,711.0
2019-04-01 15:43:00,71.68,71.68,71.64,71.64,1208.0
2019-04-01 15:44:00,71.65,71.65,71.65,71.65,129.0
2019-04-01 15:46:00,71.74,71.74,71.74,71.74,1535.0
2019-04-01 15:47:00,71.73,71.73,71.73,71.73,1063.0
2019-04-01 15:48:00,71.76,71.76,71.76,71.76,1046.0
2019-04-01 15:50:00,71.7,71.7,71.7,71.7,882.0
2019-04-01 15:51:00,71.69,71.71,71.69,71.71,3499.0
2019-04-01 15:52:00,71.79,71.79,71.79,71.79,1676.0
2019-04-01 15:54:00,71.855,71.855,71.855,71.855,906.0
2019-04-01 15:55:00,71.84,71.84,71.84,71.84,1517.0
2019-04-01 15:56:00,71.88,71.88,71.88,71.88,1491.0
2019-04-01 15:57:00,71.87,71.87,71.87,71.87,1769.0
2019-04-01 15:58:00,71.92,71.92,71.92,71.92,1631.0
2019-04-01 15:59:00,71.89,71.905,71.89,71.89,8745.0
2019-04-01 16:00:00,71.99,71.99,71.99,71.99,3029.0
2019-04-02 09:31:00,72.09,72.09,72.09,72.09,393.0
2019-04-02 09:40:00,71.57,71.57,71.56,71.56,200.0
2019-04-02 09:41:00,71.31,71.31,71.31,71.31,336.0
2019-04-02 09:45:00,71.105,71.105,71.1,71.1,200.0
2019-04-02 09:47:00,71.45,71.45,71.45,71.45,100.0
2019-04-02 09:49:00,71.42,71.42,71.41,71.42,507.0
2019-04-02 09:50:00,71.57,71.57,71.38,71.56,846.0
2019-04-02 10:00:00,71.71,71.94,71.71,71.94,580.0
2019-04-02 10:01:00,71.96,71.96,71.96,71.96,100.0
2019-04-02 10:05:00,71.91,71.91,71.91,71.91,100.0
2019-04-02 10:08:00,71.89,71.89,71.89,71.89,142.0
2019-04-02 10:12:00,72.03,72.03,72.03,72.03,128.0
2019-04-02 10:15:00,72.03,72.03,72.03,72.03,169.0
2019-04-02 10:16:00,72.0,72.0,72.0,72.0,668.0
2019-04-02 10:23:00,72.12,72.12,72.12,72.12,100.0
2019-04-02 10:24:00,72.15,72.15,72.11,72.15,530.0
2019-04-02 10:25:00,72.2,72.2,72.11,72.11,206.0
2019-04-02 10:28:00,72.19,72.31,72.19,72.31,685.0
2019-04-02 10:30:00,72.245,72.245,72.245,72.245,100.0
2019-04-02 10:31:00,72.32,72.38,72.32,72.38,397.0
2019-04-02 10:34:00,72.4,72.4,72.4,72.4,100.0
2019-04-02 10:37:00,72.405,72.41,72.32,72.32,308.0
2019-04-02 10:39:00,72.25,72.25,72.25,72.25,100.0
2019-04-02 10:40:00,72.325,72.325,72.12,72.13,2156.0
2019-04-02 10:44:00,72.09,72.09,72.09,72.09,415.0
2019-04-02 10:52:00,72.2,72.2,72.2,72.2,1400.0
2019-04-02 10:53:00,72.2,72.2,72.2,72.2,659.0
2019-04-02 10:57:00,72.19,72.2,72.19,72.2,523.0
2019-04-02 10:58:00,72.14,72.14,72.14,72.14,200.0
2019-04-02 10:59:00,72.09,72.09,72.09,72.09,100.0
2019-04-02 11:03:00,72.23,72.23,72.23,72.23,301.0
2019-04-02 11:10:00,72.04,72.06,72.01,72.02,1253.0
2019-04-02 11:11:00,71.9,71.99,71.9,71.99,200.0
2019-04-02 11:14:00,72.01,72.09,72.01,72.09,579.0
2019-04-02 11:16:00,71.96,72.06,71.9428,72.06,1208.0
2019-04-02 11:18:00,72.05,72.05,72.05,72.05,354.0
2019-04-02 11:23:00,72.2,72.41,72.2,72.41,400.0
2019-04-02 11:25:00,72.44,72.44,72.44,72.44,101.0
2019-04-02 11:29:00,72.41,72.41,72.41,72.41,100.0
2019-04-02 11:30:00,72.46,72.46,72.46,72.46,200.0
2019-04-02 11:33:00,72.45,72.45,72.44,72.44,208.0
2019-04-02 11:34:00,72.44,72.46,72.44,72.455,507.0
2019-04-02 11:39:00,72.53,72.53,72.53,72.53,126.0
2019-04-02 11:42:00,72.535,72.535,72.535,72.535,130.0
2019-04-02 11:45:00,72.47,72.47,72.4,72.4,1260.0
2019-04-02 11:47:00,72.44,72.48,72.44,72.48,511.0
2019-04-02 11:50:00,72.53,72.54,72.53,72.54,713.0
2019-04-02 11:51:00,72.56,72.56,72.56,72.56,210.0
2019-04-02 11:52:00,72.6,72.6,72.6,72.6,106.0
2019-04-02 12:01:00,72.6,72.6,72.6,72.6,117.0
2019-04-02 12:04:00,72.59,72.6,72.59,72.6,645.0
2019-04-02 12:05:00,72.61,72.61,72.52,72.58,517.0
2019-04-02 12:06:00,72.56,72.56,72.56,72.56,105.0
2019-04-02 12:07:00,72.575,72.575,72.575,72.575,176.0
2019-04-02 12:10:00,72.57,72.57,72.57,72.57,127.0
2019-04-02 12:11:00,72.52,72.565,72.4,72.54,1603.0
2019-04-02 12:12:00,72.465,72.5,72.465,72.5,371.0
2019-04-02 12:13:00,72.5,72.5,72.5,72.5,106.0
2019-04-02 12:17:00,72.49,72.49,72.49,72.49,309.0
2019-04-02 12:23:00,72.45,72.5,72.42,72.5,400.0
2019-04-02 12:27:00,72.45,72.45,72.37,72.42,2158.0
2019-04-02 12:29:00,72.41,72.41,72.39,72.39,342.0
2019-04-02 12:30:00,72.4,72.4,72.4,72.4,326.0
2019-04-02 12:46:00,72.38,72.41,72.34,72.41,1310.0
2019-04-02 12:51:00,72.42,72.44,72.42,72.44,776.0
2019-04-02 12:52:00,72.49,72.49,72.42,72.465,507.0
2019-04-02 12:55:00,72.3585,72.3585,72.3585,72.3585,447.0
2019-04-02 13:00:00,72.34,72.39,72.33,72.33,718.0
2019-04-02 13:01:00,72.27,72.27,72.27,72.27,181.0
2019-04-02 13:06:00,72.32,72.32,72.29,72.29,730.0
2019-04-02 13:08:00,72.24,72.24,72.24,72.24,340.0
2019-04-02 13:09:00,72.35,72.35,72.25,72.26,7209.0
2019-04-02 13:10:00,72.3025,72.345,72.3025,72.34,4972.0
2019-04-02 13:11:00,72.335,72.335,72.24,72.25,615.0
2019-04-02 13:13:00,72.28,72.28,72.235,72.235,572.0
2019-04-02 13:14:00,72.28,72.28,72.235,72.235,301.0
2019-04-02 13:15:00,72.225,72.225,72.225,72.225,100.0
2019-04-02 13:16:00,72.3,72.3,72.3,72.3,1005.0
2019-04-02 13:17:00,72.34,72.34,72.34,72.34,100.0
2019-04-02 13:19:00,72.34,72.34,72.29,72.29,612.0
2019-04-02 13:21:00,72.22,72.22,72.22,72.22,307.0
2019-04-02 13:28:00,72.235,72.235,72.235,72.235,716.0
2019-04-02 13:41:00,72.16,72.16,72.16,72.16,108.0
2019-04-02 13:43:00,72.17,72.18,72.17,72.18,212.0
2019-04-02 13:47:00,72.195,72.2,72.195,72.2,554.0
2019-04-02 13:55:00,72.19,72.21,72.19,72.205,1439.0
2019-04-02 13:58:00,72.245,72.245,72.245,72.245,111.0
2019-04-02 14:01:00,72.2,72.2,72.19,72.19,852.0
2019-04-02 14:02:00,72.2,72.2,72.2,72.2,100.0
2019-04-02 14:04:00,72.12,72.2,72.11,72.2,386.0
2019-04-02 14:11:00,72.2,72.2,72.2,72.2,100.0
2019-04-02 14:14:00,72.2,72.24,72.18,72.18,2043.0
2019-04-02 14:16:00,72.22,72.24,72.22,72.24,200.0
2019-04-02 14:17:00,72.12,72.12,72.045,72.045,1248.0
2019-04-02 14:21:00,72.09,72.09,72.09,72.09,516.0
2019-04-02 14:30:00,72.22,72.22,72.22,72.22,102.0
2019-04-02 14:32:00,72.2,72.2,72.2,72.2,100.0
2019-04-02 14:33:00,72.22,72.22,72.22,72.22,106.0
2019-04-02 14:34:00,72.2,72.2,72.2,72.2,200.0
2019-04-02 14:35:00,72.2,72.2,72.2,72.2,101.0
2019-04-02 14:36:00,72.22,72.22,72.22,72.22,106.0
2019-04-02 14:39:00,72.22,72.22,72.22,72.22,202.0
2019-04-02 14:42:00,72.22,72.22,72.22,72.22,101.0
2019-04-02 14:45:00,72.13,72.2,72.105,72.2,724.0
2019-04-02 14:47:00,72.2,72.2,72.2,72.2,219.0
2019-04-02 14:48:00,72.17,72.195,72.17,72.195,1667.0
2019-04-02 14:50:00,72.2,72.2,72.2,72.2,112.0
2019-04-02 14:52:00,72.17,72.255,72.17,72.2275,3459.0
2019-04-02 14:53:00,72.2275,72.2275,72.14,72.14,1675.0
2019-04-02 14:54:00,72.08,72.08,72.08,72.08,200.0
2019-04-02 14:55:00,72.13,72.27,72.08,72.15,3259.0
2019-04-02 14:56:00,72.27,72.27,72.27,72.27,248.0
2019-04-02 15:00:00,72.27,72.27,72.27,72.27,567.0
2019-04-02 15:04:00,72.285,72.285,72.285,72.285,107.0
2019-04-02 15:06:00,72.28,72.28,72.28,72.28,278.0
2019-04-02 15:13:00,72.27,72.27,72.2,72.2,1515.0
2019-04-02 15:14:00,72.2,72.22,72.01,72.01,3052.0
2019-04-02 15:15:00,72.06,72.08,72.06,72.08,785.0
2019-04-02 15:19:00,72.15,72.155,72.15,72.155,443.0
2019-04-02 15:23:00,72.2,72.2,72.2,72.2,200.0
2019-04-02 15:28:00,72.17,72.17,72.17,72.17,109.0
2019-04-02 15:29:00,72.22,72.22,72.22,72.22,100.0
2019-04-02 15:30:00,72.17,72.21,72.17,72.21,605.0
2019-04-02 15:31:00,72.2,72.2,72.2,72.2,205.0
2019-04-02 15:32:00,72.2025,72.215,72.18,72.18,2414.0
2019-04-02 15:34:00,72.22,72.22,72.2,72.21,2054.0
2019-04-02 15:35:00,72.22,72.22,72.17,72.1999,815.0
2019-04-02 15:37:00,72.2,72.2,72.19,72.19,300.0
2019-04-02 15:38:00,72.2,72.2,72.2,72.2,193.0
2019-04-02 15:41:00,72.17,72.185,72.11,72.11,1736.0
2019-04-02 15:42:00,72.11,72.11,72.09,72.09,533.0
2019-04-02 15:45:00,72.07,72.08,72.07,72.08,384.0
2019-04-02 15:46:00,72.03,72.03,72.03,72.03,220.0
2019-04-02 15:47:00,72.02,72.02,72.01,72.01,294.0
2019-04-02 15:48:00,72.01,72.02,72.01,72.02,203.0
2019-04-02 15:49:00,72.03,72.04,71.98,71.99,3283.0
2019-04-02 15:50:00,71.99,72.0,71.99,72.0,1408.0
2019-04-02 15:51:00,71.99,72.015,71.99,72.015,1365.0
2019-04-02 15:52:00,72.0,72.0,71.97,71.97,580.0
2019-04-02 15:53:00,71.97,72.0,71.97,72.0,423.0
2019-04-02 15:54:00,72.01,72.01,72.0,72.0,300.0
2019-04-02 15:55:00,72.0,72.01,71.99,71.99,896.0
2019-04-02 15:56:00,72.0,72.0,71.95,71.95,2738.0
2019-04-02 15:57:00,71.94,71.95,71.93,71.94,3197.0
2019-04-02 15:58:00,71.95,71.99,71.87,71.95,3220.0
2019-04-02 15:59:00,71.975,71.975,71.88,71.89,6900.0
2019-04-02 16:00:00,71.92,71.93,71.77,71.82,15392.0
2019-04-03 09:31:00,72.57,72.57,72.57,72.57,860.0
2019-04-03 09:48:00,72.03,72.03,72.03,72.03,285.0
2019-04-03 09:57:00,72.55,72.55,72.55,72.55,100.0
2019-04-03 10:00:00,72.46,72.61,72.46,72.61,217.0
2019-04-03 10:01:00,72.6,72.61,72.6,72.61,300.0
2019-04-03 10:03:00,72.59,72.85,72.59,72.66,1000.0
2019-04-03 10:07:00,72.68,72.72,72.56,72.71,2418.0
2019-04-03 10:08:00,72.69,72.725,72.5,72.725,1083.0
2019-04-03 10:09:00,72.85,72.85,72.85,72.85,200.0
2019-04-03 10:10:00,72.86,72.915,72.86,72.915,300.0
2019-04-03 10:11:00,72.95,72.95,72.95,72.95,960.0
2019-04-03 10:18:00,73.3,73.3,73.3,73.3,300.0
2019-04-03 10:19:00,73.33,73.33,73.31,73.31,765.0
2019-04-03 10:23:00,73.38,73.39,73.36,73.36,333.0
2019-04-03 10:25:00,73.39,73.39,73.39,73.39,100.0
2019-04-03 10:26:00,73.16,73.16,73.16,73.16,136.0
2019-04-03 10:28:00,73.39,73.39,73.39,73.39,311.0
2019-04-03 10:29:00,73.39,73.41,73.29,73.41,1281.0
2019-04-03 10:33:00,73.4,73.4,73.16,73.17,3062.0
2019-04-03 10:34:00,73.18,73.18,73.12,73.12,328.0
2019-04-03 10:35:00,73.09,73.09,73.0,73.0,1766.0
2019-04-03 10:36:00,72.96,73.025,72.92,72.98,424.0
2019-04-03 10:37:00,72.98,73.07,72.98,73.0,1033.0
2019-04-03 10:38:00,72.99,72.99,72.99,72.99,253.0
2019-04-03 10:39:00,73.2,73.2,73.2,73.2,558.0
2019-04-03 10:40:00,73.2,73.3395,73.13,73.339,1893.0
2019-04-03 10:42:00,73.18,73.18,73.18,73.18,333.0
2019-04-03 10:43:00,73.05,73.05,73.05,73.05,469.0
2019-04-03 10:45:00,73.35,73.35,73.31,73.35,513.0
2019-04-03 10:46:00,73.39,73.56,73.39,73.56,978.0
2019-04-03 10:47:00,73.47,73.58,73.47,73.58,636.0
2019-04-03 10:49:00,73.47,73.48,73.34,73.34,715.0
2019-04-03 10:55:00,73.55,73.55,73.55,73.55,170.0
2019-04-03 10:56:00,73.57,73.64,73.57,73.64,846.0
2019-04-03 10:59:00,73.74,73.74,73.74,73.74,305.0
2019-04-03 11:02:00,73.71,73.72,73.71,73.72,300.0
2019-04-03 11:06:00,73.83,73.9,73.76,73.9,911.0
2019-04-03 11:09:00,73.925,73.925,73.925,73.925,200.0
2019-04-03 11:12:00,73.925,73.925,73.925,73.925,100.0
2019-04-03 11:13:00,73.815,73.815,73.65,73.65,2146.0
2019-04-03 11:14:00,73.57,73.57,73.38,73.38,1048.0
2019-04-03 11:17:00,73.445,73.445,73.325,73.325,1032.0
2019-04-03 11:19:00,73.41,73.43,73.41,73.43,215.0
2019-04-03 11:20:00,73.44,73.44,73.44,73.44,100.0
2019-04-03 11:21:00,73.51,73.51,73.33,73.37,1311.0
2019-04-03 11:22:00,73.41,73.4199,73.41,73.4199,200.0
2019-04-03 11:23:00,73.5,73.5,73.495,73.495,533.0
2019-04-03 11:29:00,73.2916,73.2916,73.2916,73.2916,370.0
2019-04-03 11:34:00,73.43,73.48,73.43,73.48,426.0
2019-04-03 11:37:00,73.5,73.555,73.5,73.555,584.0
2019-04-03 11:41:00,73.53,73.53,73.53,73.53,491.0
2019-04-03 11:43:00,73.54,73.54,73.54,73.54,100.0
2019-04-03 11:44:00,73.56,73.56,73.56,73.56,100.0
2019-04-03 11:47:00,73.56,73.56,73.56,73.56,100.0
2019-04-03 11:50:00,73.53,73.53,73.53,73.53,100.0
2019-04-03 11:51:00,73.53,73.57,73.53,73.57,423.0
2019-04-03 11:52:00,73.64,73.64,73.64,73.64,201.0
2019-04-03 11:53:00,73.7,73.7,73.7,73.7,100.0
2019-04-03 11:54:00,73.7,73.7,73.7,73.7,100.0
2019-04-03 11:55:00,73.55,73.7,73.55,73.7,205.0
2019-04-03 11:58:00,73.69,73.69,73.69,73.69,200.0
2019-04-03 12:01:00,73.72,73.72,73.72,73.72,106.0
2019-04-03 12:04:00,73.72,73.76,73.72,73.76,605.0
2019-04-03 12:05:00,73.82,73.82,73.81,73.81,202.0
2019-04-03 12:07:00,73.845,73.93,73.845,73.93,400.0
2019-04-03 12:08:00,73.79,73.79,73.79,73.79,115.0
2019-04-03 12:19:00,73.78,73.88,73.75,73.88,1122.0
2019-04-03 12:20:00,73.66,73.74,73.66,73.74,232.0
2019-04-03 12:21:00,73.66,73.66,73.66,73.66,177.0
2019-04-03 12:30:00,73.7192,73.7192,73.7192,73.7192,392.0
2019-04-03 12:38:00,73.73,73.73,73.72,73.72,607.0
2019-04-03 12:41:00,73.65,73.65,73.65,73.65,10007.0
2019-04-03 12:43:00,73.665,73.665,73.6,73.6,800.0
2019-04-03 12:44:00,73.6,73.61,73.5425,73.5425,1830.0
2019-04-03 12:45:00,73.515,73.515,73.44,73.515,580.0
2019-04-03 12:46:00,73.44,73.44,73.44,73.44,137.0
2019-04-03 12:47:00,73.37,73.37,73.36,73.37,357.0
2019-04-03 12:48:00,73.39,73.42,73.39,73.42,882.0
2019-04-03 12:54:00,73.36,73.36,73.36,73.36,124.0
2019-04-03 12:56:00,73.34,73.34,73.34,73.34,700.0
2019-04-03 12:57:00,73.21,73.21,73.0,73.0,931.0
2019-04-03 12:58:00,73.16,73.16,73.16,73.16,223.0
2019-04-03 13:00:00,73.17,73.17,73.17,73.17,1108.0
2019-04-03 13:12:00,73.19,73.19,73.17,73.17,668.0
2019-04-03 13:16:00,73.15,73.15,73.15,73.15,868.0
2019-04-03 13:35:00,73.15,73.15,73.15,73.15,499.0
2019-04-03 13:41:00,73.01,73.01,73.0,73.0,727.0
2019-04-03 13:42:00,72.99,72.99,72.98,72.98,726.0
2019-04-03 13:43:00,72.92,72.92,72.92,72.92,369.0
2019-04-03 13:45:00,73.01,73.01,73.01,73.01,212.0
2019-04-03 13:52:00,72.94,72.94,72.82,72.82,699.0
2019-04-03 13:53:00,72.825,72.825,72.825,72.825,435.0
2019-04-03 14:00:00,72.75,72.75,72.75,72.75,612.0
2019-04-03 14:01:00,72.74,72.75,72.74,72.75,403.0
2019-04-03 14:07:00,72.8,72.81,72.69,72.735,1394.0
2019-04-03 14:10:00,72.735,72.735,72.735,72.735,697.0
2019-04-03 14:14:00,72.79,72.79,72.79,72.79,170.0
2019-04-03 14:17:00,72.75,72.82,72.67,72.82,2008.0
2019-04-03 14:19:00,72.84,72.84,72.84,72.84,164.0
2019-04-03 14:22:00,72.9,72.925,72.9,72.925,442.0
2019-04-03 14:29:00,73.05,73.05,73.05,73.05,430.0
2019-04-03 14:31:00,73.055,73.055,73.01,73.035,400.0
2019-04-03 14:34:00,73.05,73.05,73.05,73.05,163.0
2019-04-03 14:35:00,73.09,73.09,73.09,73.09,311.0
2019-04-03 14:40:00,72.98,72.98,72.98,72.98,301.0
2019-04-03 14:41:00,72.95,72.95,72.95,72.95,568.0
2019-04-03 14:45:00,72.87,72.87,72.87,72.87,222.0
2019-04-03 14:51:00,72.96,72.96,72.96,72.96,281.0
2019-04-03 14:56:00,73.02,73.02,73.02,73.02,100.0
2019-04-03 14:58:00,73.13,73.14,73.12,73.12,692.0
2019-04-03 15:04:00,73.16,73.16,73.16,73.16,181.0
2019-04-03 15:05:00,73.15,73.15,73.15,73.15,242.0
2019-04-03 15:07:00,73.15,73.15,73.15,73.15,234.0
2019-04-03 15:09:00,73.15,73.15,73.15,73.15,212.0
2019-04-03 15:10:00,73.15,73.15,73.15,73.15,403.0
2019-04-03 15:11:00,73.05,73.15,73.02,73.15,7993.0
2019-04-03 15:13:00,73.04,73.0725,73.04,73.0725,203.0
2019-04-03 15:14:00,73.0,73.0,73.0,73.0,104.0
2019-04-03 15:15:00,72.91,72.91,72.91,72.91,200.0
2019-04-03 15:17:00,72.94,72.94,72.94,72.94,121.0
2019-04-03 15:19:00,72.98,72.98,72.98,72.98,100.0
2019-04-03 15:20:00,72.99,72.99,72.99,72.99,100.0
2019-04-03 15:21:00,72.99,72.99,72.99,72.99,532.0
2019-04-03 15:24:00,73.05,73.05,73.05,73.05,266.0
2019-04-03 15:25:00,73.09,73.09,73.09,73.09,106.0
2019-04-03 15:26:00,73.1,73.2,73.1,73.2,871.0
2019-04-03 15:27:00,73.15,73.18,73.15,73.18,915.0
2019-04-03 15:29:00,73.25,73.31,73.25,73.31,402.0
2019-04-03 15:33:00,73.25,73.27,73.24,73.27,513.0
2019-04-03 15:34:00,73.28,73.28,73.28,73.28,421.0
2019-04-03 15:35:00,73.28,73.28,73.26,73.26,1818.0
2019-04-03 15:37:00,73.29,73.29,73.29,73.29,347.0
2019-04-03 15:38:00,73.31,73.33,73.31,73.33,224.0
2019-04-03 15:40:00,73.28,73.28,73.28,73.28,609.0
2019-04-03 15:42:00,73.28,73.28,73.28,73.28,102.0
2019-04-03 15:44:00,73.28,73.29,73.28,73.29,421.0
2019-04-03 15:45:00,73.3,73.33,73.29,73.3,1221.0
2019-04-03 15:47:00,73.33,73.33,73.22,73.22,836.0
2019-04-03 15:49:00,73.22,73.22,73.22,73.22,404.0
2019-04-03 15:50:00,73.23,73.23,73.22,73.22,603.0
2019-04-03 15:51:00,73.22,73.26,73.22,73.26,559.0
2019-04-03 15:52:00,73.29,73.29,73.29,73.29,107.0
2019-04-03 15:53:00,73.23,73.24,73.23,73.24,571.0
2019-04-03 15:54:00,73.25,73.27,73.24,73.24,2651.0
2019-04-03 15:55:00,73.24,73.24,73.24,73.24,204.0
2019-04-03 15:56:00,73.27,73.34,73.2,73.2,2085.0
2019-04-03 15:57:00,73.2,73.225,73.16,73.19,1677.0
2019-04-03 15:58:00,73.21,73.21,73.07,73.095,3084.0
2019-04-03 15:59:00,73.11,73.12,73.065,73.07,2861.0
2019-04-03 16:00:00,73.06,73.08,73.01,73.01,3748.0
