
2019-03-19 09:31:00,1.68,1.68,1.68,1.68,0.0
2019-03-19 11:27:00,1.6916,1.6916,1.6916,1.6916,3006.0
2019-03-19 14:27:00,1.6815,1.6899,1.6815,1.6824,2053.0
2019-03-19 16:00:00,1.69,1.69,1.69,1.69,100.0
2019-03-20 11:17:00,1.662,1.662,1.66,1.66,0.0
2019-03-20 13:00:00,1.7,1.7,1.7,1.7,100.0
2019-03-20 13:03:00,1.6999,1.6999,1.6999,1.6999,100.0
2019-03-20 14:31:00,1.6878,1.6878,1.6878,1.6878,5214.0
2019-03-21 11:04:00,1.6817,1.6817,1.6817,1.6817,0.0
2019-03-21 13:34:00,1.7,1.7,1.7,1.7,100.0
2019-03-21 15:05:00,1.68,1.68,1.68,1.68,323.0
2019-03-22 10:40:00,1.6527,1.6527,1.6527,1.6527,0.0
2019-03-22 15:45:00,1.65,1.65,1.65,1.65,425.0
2019-03-25 09:42:00,1.65,1.65,1.65,1.65,1146.0
2019-03-25 14:03:00,1.65,1.65,1.65,1.65,101.0
2019-03-25 16:00:00,1.65,1.65,1.65,1.65,0.0
2019-03-26 09:31:00,1.65,1.65,1.65,1.65,0.0
2019-03-26 10:16:00,1.65,1.65,1.65,1.65,0.0
2019-03-26 11:31:00,1.68,1.68,1.68,1.68,200.0
2019-03-26 11:32:00,1.68,1.68,1.68,1.68,393.0
2019-03-26 12:18:00,1.6859,1.6859,1.6859,1.6859,1008.0
2019-03-26 15:54:00,1.67,1.67,1.67,1.67,676.0
2019-03-26 16:00:00,1.68,1.68,1.68,1.68,0.0
2019-03-27 11:14:00,1.6529,1.6529,1.6529,1.6529,1507.0
2019-03-27 12:10:00,1.6544,1.6544,1.6544,1.6544,3006.0
2019-03-27 13:13:00,1.655,1.6585,1.655,1.6585,950.0
2019-03-27 13:52:00,1.6799,1.6799,1.6799,1.6799,5000.0
2019-03-27 14:14:00,1.665,1.69,1.665,1.69,35.0
2019-03-28 11:02:00,1.69,1.69,1.69,1.69,101.0
2019-03-28 13:15:00,1.7,1.7,1.7,1.7,100.0
2019-03-28 14:21:00,1.67,1.67,1.67,1.67,200.0
2019-03-28 14:22:00,1.67,1.67,1.67,1.67,974.0
2019-03-28 14:31:00,1.57,1.57,1.57,1.57,2095.0
2019-03-28 15:31:00,1.5908,1.5908,1.5908,1.5908,101.0
2019-03-28 16:00:00,1.6499,1.68,1.6252,1.68,0.0
2019-03-29 13:23:00,1.659,1.659,1.6505,1.6505,0.0
2019-03-29 13:25:00,1.652,1.652,1.652,1.652,3000.0
2019-03-29 13:34:00,1.652,1.652,1.652,1.652,4000.0
2019-03-29 14:44:00,1.65,1.65,1.65,1.65,100.0
2019-03-29 14:54:00,1.63,1.63,1.63,1.63,2662.0
2019-03-29 15:29:00,1.68,1.68,1.68,1.68,210.0
2019-04-01 10:36:00,1.6,1.6,1.6,1.6,270.0
2019-04-01 11:52:00,1.62,1.62,1.62,1.62,681.0
2019-04-01 12:21:00,1.6,1.6,1.6,1.6,100.0
2019-04-01 12:23:00,1.6,1.6,1.6,1.6,101.0
2019-04-01 12:48:00,1.6,1.6,1.6,1.6,100.0
2019-04-01 13:22:00,1.6,1.6,1.6,1.6,240.0
2019-04-01 14:31:00,1.6,1.6,1.6,1.6,100.0
2019-04-01 15:05:00,1.6,1.6,1.6,1.6,100.0
2019-04-01 15:39:00,1.6,1.6,1.6,1.6,990.0
2019-04-02 12:22:00,1.6,1.6,1.6,1.6,0.0
2019-04-02 12:36:00,1.6,1.6,1.6,1.6,148.0
2019-04-02 12:51:00,1.6,1.6,1.6,1.6,200.0
2019-04-02 13:03:00,1.6,1.6,1.6,1.6,100.0
2019-04-02 13:06:00,1.6,1.6,1.6,1.6,115.0
2019-04-02 14:37:00,1.52,1.52,1.5,1.5,279.0
2019-04-02 15:08:00,1.52,1.52,1.52,1.52,100.0
2019-04-02 15:12:00,1.53,1.53,1.53,1.53,100.0
2019-04-02 15:17:00,1.57,1.57,1.57,1.57,600.0
2019-04-02 15:53:00,1.57,1.57,1.57,1.57,215.0
2019-04-03 11:08:00,1.5809,1.5809,1.57,1.57,0.0
2019-04-03 11:20:00,1.57,1.57,1.57,1.57,200.0
2019-04-03 11:34:00,1.54,1.54,1.54,1.54,100.0
2019-04-03 11:48:00,1.54,1.54,1.54,1.54,100.0
2019-04-03 12:05:00,1.54,1.54,1.54,1.54,151.0
2019-04-03 12:44:00,1.55,1.55,1.55,1.55,200.0
2019-04-03 14:01:00,1.55,1.55,1.55,1.55,439.0
