
2019-03-19 09:31:00,359.38,359.38,359.38,359.38,0.0
2019-03-19 11:00:00,361.9,361.9,361.9,361.9,117.0
2019-03-19 11:36:00,361.64,361.64,361.64,361.64,155.0
2019-03-19 12:38:00,364.31,364.31,364.31,364.31,212.0
2019-03-19 13:05:00,359.92,359.92,359.92,359.92,104.0
2019-03-19 13:06:00,360.02,360.38,360.02,360.38,703.0
2019-03-20 15:40:00,357.75,357.75,357.75,357.75,512.0
2019-03-21 09:31:00,359.07,359.07,359.07,359.07,0.0
2019-03-21 10:52:00,362.435,362.435,362.435,362.435,956.0
2019-03-21 16:00:00,367.93,367.93,367.93,367.93,531.0
2019-03-22 09:31:00,366.4,366.4,366.4,366.4,694.0
2019-03-22 15:46:00,364.78,364.78,364.78,364.78,100.0
2019-03-22 16:00:00,362.97,365.51,362.97,365.51,904.0
2019-03-25 12:07:00,355.83,355.83,355.83,355.83,0.0
2019-03-25 13:41:00,361.895,361.895,361.895,361.895,326.0
2019-03-25 13:55:00,363.5,363.5,362.93,362.93,785.0
2019-03-25 13:56:00,362.6,362.6,362.6,362.6,274.0
2019-03-25 13:57:00,362.8,362.8,362.8,362.8,200.0
2019-03-25 14:18:00,362.71,362.71,362.71,362.71,359.0
2019-03-25 14:53:00,364.97,366.0,364.97,366.0,1492.0
2019-03-25 14:54:00,367.0,368.0,367.0,368.0,1256.0
2019-03-25 14:55:00,367.5,367.5,367.5,367.5,800.0
2019-03-25 14:56:00,368.82,368.82,368.78,368.78,820.0
2019-03-25 14:59:00,369.5,369.5,369.5,369.5,351.0
2019-03-25 15:01:00,370.0,370.0,370.0,370.0,573.0
2019-03-25 15:06:00,370.0,370.0,370.0,370.0,645.0
2019-03-25 15:07:00,370.51,370.51,370.51,370.51,577.0
2019-03-25 15:09:00,370.5,370.5,370.5,370.5,241.0
2019-03-25 15:12:00,370.0,370.0,370.0,370.0,693.0
2019-03-25 15:18:00,367.05,367.05,367.05,367.05,437.0
2019-03-25 15:56:00,368.81,368.81,368.81,368.81,188.0
2019-03-26 09:31:00,369.71,369.71,369.71,369.71,0.0
2019-03-26 09:37:00,371.65,371.65,371.65,371.65,1132.0
2019-03-26 09:43:00,370.0,370.0,370.0,370.0,433.0
2019-03-26 09:46:00,370.01,370.01,370.01,370.01,100.0
2019-03-26 09:49:00,368.7,368.7,368.7,368.7,497.0
2019-03-26 09:53:00,367.1,367.1,367.1,367.1,573.0
2019-03-26 09:55:00,365.005,365.005,365.005,365.005,890.0
2019-03-26 10:00:00,366.0,366.0,366.0,366.0,305.0
2019-03-26 10:12:00,366.0,366.0,366.0,366.0,222.0
2019-03-26 10:13:00,364.54,364.54,364.54,364.54,618.0
2019-03-26 10:20:00,364.89,364.89,364.89,364.89,240.0
2019-03-26 10:24:00,364.3,364.3,364.3,364.3,330.0
2019-03-26 10:37:00,365.0,365.4,365.0,365.4,1725.0
2019-03-26 10:38:00,365.03,365.03,365.03,365.03,1064.0
2019-03-26 10:39:00,364.35,364.35,364.35,364.35,483.0
2019-03-26 10:44:00,363.15,363.15,363.15,363.15,582.0
2019-03-26 10:49:00,364.5,364.5,364.5,364.5,509.0
2019-03-26 10:57:00,363.41,363.41,363.41,363.41,512.0
2019-03-26 11:09:00,365.5,365.5,365.5,365.5,582.0
2019-03-26 11:10:00,365.01,365.01,365.01,365.01,331.0
2019-03-26 11:11:00,366.75,366.75,366.75,366.75,550.0
2019-03-26 11:12:00,366.0,366.74,366.0,366.74,1372.0
2019-03-26 11:14:00,369.34,369.34,369.34,369.34,600.0
2019-03-26 11:20:00,368.885,368.885,367.85,367.85,0.0
2019-03-26 11:30:00,366.99,366.99,366.99,366.99,100.0
2019-03-26 11:32:00,366.1,366.1,366.02,366.02,969.0
2019-03-26 11:53:00,366.51,366.51,366.5,366.5,1049.0
2019-03-26 12:11:00,365.1,365.1,364.85,364.85,200.0
2019-03-26 12:27:00,358.62,358.62,358.62,358.62,190.0
2019-03-26 12:44:00,364.99,364.99,364.99,364.99,598.0
2019-03-26 12:52:00,365.31,365.31,365.31,365.31,974.0
2019-03-26 13:11:00,365.21,365.21,365.21,365.21,762.0
2019-03-26 13:49:00,367.0,367.0,367.0,367.0,219.0
2019-03-26 13:50:00,366.02,366.02,366.02,366.02,860.0
2019-03-26 13:51:00,366.0,366.0,366.0,366.0,438.0
2019-03-26 14:25:00,365.96,365.96,365.96,365.96,228.0
2019-03-26 14:26:00,366.5,366.5,366.5,366.5,424.0
2019-03-26 14:28:00,368.0,368.0,368.0,368.0,1503.0
2019-03-26 15:31:00,373.0,373.0,373.0,373.0,150.0
2019-03-26 15:32:00,371.75,371.75,371.75,371.75,216.0
2019-03-26 15:34:00,370.4,370.4,370.4,370.4,609.0
2019-03-26 15:43:00,372.8,372.8,372.8,372.8,135.0
2019-03-26 15:52:00,371.055,371.055,371.055,371.055,201.0
2019-03-26 15:54:00,370.1,370.1,370.1,370.1,464.0
2019-03-26 15:56:00,371.88,371.88,371.88,371.88,319.0
2019-03-26 15:59:00,371.8,371.8,371.8,371.8,265.0
2019-03-27 09:31:00,373.5,373.5,373.5,373.5,215.0
2019-03-27 10:25:00,377.0,377.0,377.0,377.0,536.0
2019-03-27 10:26:00,376.01,376.01,376.01,376.01,785.0
2019-03-27 10:28:00,376.04,376.04,376.04,376.04,433.0
2019-03-27 10:54:00,372.03,372.03,372.03,372.03,191.0
2019-03-27 11:10:00,372.01,372.01,372.01,372.01,527.0
2019-03-27 11:50:00,370.5,370.5,370.5,370.5,200.0
2019-03-27 11:51:00,370.5,370.5,370.5,370.5,552.0
2019-03-27 12:43:00,371.51,371.51,371.51,371.51,390.0
2019-03-27 13:16:00,370.38,371.5,370.38,371.5,1328.0
2019-03-27 13:32:00,372.0,372.0,372.0,372.0,306.0
2019-03-27 14:40:00,374.01,374.01,374.01,374.01,471.0
2019-03-27 14:42:00,372.76,372.76,372.76,372.76,221.0
2019-03-27 14:44:00,372.9,372.9,372.9,372.9,100.0
2019-03-27 14:49:00,372.9,372.9,372.9,372.9,258.0
2019-03-27 15:41:00,374.18,374.18,374.18,374.18,1135.0
2019-03-27 16:00:00,375.08,375.08,375.08,375.08,650.0
2019-03-28 09:36:00,375.0,375.0,375.0,375.0,304.0
2019-03-28 11:22:00,372.46,372.46,372.46,372.46,1101.0
2019-03-28 16:00:00,376.44,376.44,376.44,376.44,586.0
2019-03-29 09:31:00,376.54,376.54,376.54,376.54,471.0
2019-03-29 13:56:00,378.75,378.75,378.75,378.75,373.0
2019-03-29 14:01:00,376.96,376.96,376.96,376.96,532.0
2019-03-29 15:45:00,379.39,379.39,379.39,379.39,109.0
2019-03-29 15:54:00,377.5,377.74,376.49,377.512,681.0
2019-03-29 15:55:00,379.15,379.55,379.15,379.55,396.0
2019-04-01 09:31:00,378.19,378.19,378.19,378.19,0.0
2019-04-01 09:35:00,379.58,379.58,379.58,379.58,337.0
2019-04-01 10:38:00,376.4,376.4,376.4,376.4,806.0
2019-04-01 10:56:00,376.674,376.674,376.674,376.674,1194.0
2019-04-01 11:29:00,374.0,374.0,374.0,374.0,326.0
2019-04-01 11:46:00,370.35,370.35,370.35,370.35,494.0
2019-04-01 11:48:00,372.6,372.6,372.6,372.6,310.0
2019-04-01 12:25:00,375.01,375.01,375.01,375.01,1046.0
2019-04-01 15:16:00,374.57,374.57,374.57,374.57,555.0
2019-04-02 09:31:00,376.19,376.19,376.19,376.19,0.0
2019-04-02 10:41:00,374.19,374.19,374.19,374.19,100.0
2019-04-02 10:42:00,373.5,373.97,373.42,373.7,643.0
2019-04-02 10:43:00,373.225,373.225,373.2012,373.2012,496.0
2019-04-02 10:45:00,370.85,372.0968,370.85,372.035,392.0
2019-04-02 10:48:00,372.9,372.9,372.9,372.9,201.0
2019-04-02 11:56:00,374.5275,374.585,374.5275,374.585,318.0
2019-04-02 12:48:00,372.99,373.0,372.99,373.0,483.0
2019-04-02 13:23:00,374.365,374.365,374.365,374.365,100.0
2019-04-02 13:25:00,374.365,374.365,374.2082,374.2082,350.0
2019-04-03 09:31:00,376.72,376.72,376.72,376.72,144.0
2019-04-03 14:26:00,380.0,380.0,380.0,380.0,980.0
2019-04-03 15:50:00,382.82,382.82,382.82,382.82,244.0
2019-04-03 15:57:00,382.06,382.06,382.06,382.06,133.0
