
2019-03-11 09:31:00,25.95,25.95,25.95,25.95,0.0
2019-03-11 09:46:00,25.4868,25.4868,25.4868,25.4868,506.0
2019-03-11 11:31:00,26.52,26.52,26.52,26.52,721.0
2019-03-11 11:34:00,26.41,26.41,26.41,26.41,708.0
2019-03-11 11:49:00,26.5,26.5,26.5,26.5,200.0
2019-03-11 12:04:00,26.51,26.51,26.51,26.51,100.0
2019-03-11 12:11:00,26.51,26.51,26.51,26.51,100.0
2019-03-11 12:18:00,26.84,26.84,26.84,26.84,100.0
2019-03-11 12:25:00,26.85,26.85,26.85,26.85,100.0
2019-03-11 12:32:00,26.83,26.84,26.83,26.84,1740.0
2019-03-11 12:48:00,26.83,26.83,26.83,26.83,498.0
2019-03-11 12:56:00,26.84,26.84,26.84,26.84,100.0
2019-03-11 13:05:00,26.84,26.84,26.84,26.84,100.0
2019-03-11 13:07:00,26.59,26.59,26.59,26.59,668.0
2019-03-11 13:14:00,26.75,26.75,26.75,26.75,192.0
2019-03-11 13:24:00,26.69,26.69,26.69,26.69,1100.0
2019-03-11 13:31:00,26.66,26.66,26.66,26.66,100.0
2019-03-11 13:40:00,26.72,26.72,26.72,26.72,100.0
2019-03-11 13:48:00,26.73,26.73,26.73,26.73,108.0
2019-03-11 13:55:00,26.7,26.7,26.7,26.7,208.0
2019-03-11 13:56:00,26.73,26.73,26.73,26.73,100.0
2019-03-11 14:00:00,26.7,26.7,26.7,26.7,100.0
2019-03-11 14:04:00,26.67,26.67,26.67,26.67,100.0
2019-03-11 14:11:00,26.66,26.66,26.66,26.66,100.0
2019-03-11 14:13:00,26.66,26.66,26.66,26.66,137.0
2019-03-11 14:16:00,26.54,26.54,26.54,26.54,237.0
2019-03-11 14:19:00,26.67,26.67,26.67,26.67,200.0
2019-03-11 14:21:00,26.735,26.735,26.7175,26.7175,6023.0
2019-03-11 14:22:00,26.78,26.78,26.78,26.78,340.0
2019-03-11 14:24:00,26.75,26.75,26.75,26.75,440.0
2019-03-11 14:28:00,26.705,26.705,26.66,26.66,2223.0
2019-03-11 14:33:00,26.66,26.66,26.66,26.66,6601.0
2019-03-11 14:34:00,26.65,26.65,26.52,26.52,1900.0
2019-03-11 14:35:00,26.51,26.51,26.51,26.51,1247.0
2019-03-11 14:39:00,26.66,26.66,26.66,26.66,200.0
2019-03-11 14:41:00,26.66,26.66,26.66,26.66,646.0
2019-03-11 14:51:00,26.725,26.725,26.725,26.725,204.0
2019-03-11 14:52:00,26.725,26.725,26.61,26.61,321.0
2019-03-11 14:55:00,26.7,26.7,26.7,26.7,1311.0
2019-03-11 15:12:00,26.7,26.7,26.7,26.7,348.0
2019-03-11 15:13:00,26.645,26.645,26.645,26.645,645.0
2019-03-11 15:16:00,26.6,26.6,26.6,26.6,272.0
2019-03-11 15:19:00,26.66,26.66,26.66,26.66,283.0
2019-03-11 15:20:00,26.68,26.68,26.68,26.68,502.0
2019-03-11 15:21:00,26.65,26.65,26.65,26.65,644.0
2019-03-11 15:22:00,26.75,26.75,26.75,26.75,342.0
2019-03-11 15:23:00,26.72,26.72,26.72,26.72,400.0
2019-03-11 15:24:00,26.75,26.75,26.61,26.61,1210.0
2019-03-11 15:25:00,26.5396,26.5396,26.5396,26.5396,740.0
2019-03-11 15:39:00,26.7,26.7,26.7,26.7,355.0
2019-03-11 15:43:00,26.7,26.71,26.7,26.71,1168.0
2019-03-11 15:45:00,26.635,26.635,26.635,26.635,100.0
2019-03-11 15:47:00,26.63,26.63,26.63,26.63,182.0
2019-03-11 15:49:00,26.61,26.61,26.61,26.61,666.0
2019-03-11 15:51:00,26.64,26.64,26.585,26.585,1035.0
2019-03-11 15:58:00,26.69,26.69,26.69,26.69,299.0
2019-03-11 16:00:00,26.7,26.71,26.7,26.71,3692.0
2019-03-12 09:31:00,26.57,26.57,26.57,26.57,0.0
2019-03-12 09:50:00,26.66,26.66,26.66,26.66,500.0
2019-03-12 10:06:00,26.345,26.595,26.345,26.595,938.0
2019-03-12 10:32:00,26.675,26.675,26.675,26.675,724.0
2019-03-12 10:34:00,26.7,26.7,26.7,26.7,100.0
2019-03-12 10:36:00,26.635,26.635,26.635,26.635,411.0
2019-03-12 10:47:00,26.4695,26.4695,26.4695,26.4695,305.0
2019-03-12 10:59:00,26.51,26.51,26.51,26.51,630.0
2019-03-12 11:06:00,26.64,26.64,26.64,26.64,1192.0
2019-03-12 11:15:00,26.09,26.09,26.09,26.09,100.0
2019-03-12 11:16:00,26.45,26.45,26.45,26.45,2010.0
2019-03-12 11:17:00,26.675,26.675,26.675,26.675,2110.0
2019-03-12 11:20:00,26.6005,26.6005,26.6005,26.6005,800.0
2019-03-12 11:21:00,26.61,26.61,26.61,26.61,2300.0
2019-03-12 11:22:00,26.5505,26.5505,26.5505,26.5505,3705.0
2019-03-12 11:23:00,26.61,26.61,26.61,26.61,100.0
2019-03-12 11:35:00,26.11,26.11,26.11,26.11,100.0
2019-03-12 11:38:00,26.39,26.4,26.39,26.4,765.0
2019-03-12 12:08:00,26.59,26.59,26.59,26.59,715.0
2019-03-12 12:11:00,26.5725,26.5725,26.5725,26.5725,227.0
2019-03-12 12:12:00,26.4,26.4,26.4,26.4,100.0
2019-03-12 12:29:00,26.49,26.49,26.49,26.49,100.0
2019-03-12 12:30:00,26.4905,26.4905,26.4905,26.4905,2515.0
2019-03-12 12:31:00,26.51,26.51,26.5,26.5,1595.0
2019-03-12 12:38:00,26.54,26.54,26.54,26.54,277.0
2019-03-12 12:40:00,26.58,26.58,26.56,26.56,1782.0
2019-03-12 12:42:00,26.545,26.545,26.545,26.545,121.0
2019-03-12 12:48:00,26.51,26.51,26.51,26.51,100.0
2019-03-12 12:49:00,26.51,26.51,26.51,26.51,211.0
2019-03-12 12:52:00,26.545,26.545,26.545,26.545,226.0
2019-03-12 12:56:00,26.6,26.6,26.6,26.6,469.0
2019-03-12 13:24:00,26.52,26.52,26.52,26.52,111.0
2019-03-12 14:03:00,26.63,26.63,26.63,26.63,295.0
2019-03-12 14:19:00,26.55,26.55,26.55,26.55,300.0
2019-03-12 14:28:00,26.3,26.3,26.3,26.3,300.0
2019-03-12 14:29:00,26.54,26.54,26.54,26.54,1461.0
2019-03-12 14:30:00,26.46,26.46,26.46,26.46,210.0
2019-03-12 14:43:00,26.53,26.53,26.5,26.5,400.0
2019-03-12 14:47:00,26.6,26.6,26.6,26.6,394.0
2019-03-12 14:58:00,26.75,26.75,26.75,26.75,100.0
2019-03-12 15:02:00,26.79,26.79,26.79,26.79,310.0
2019-03-12 15:07:00,26.85,26.85,26.85,26.85,410.0
2019-03-12 15:12:00,26.85,26.85,26.85,26.85,200.0
2019-03-12 15:15:00,26.85,26.85,26.85,26.85,100.0
2019-03-12 15:17:00,26.83,26.83,26.83,26.83,102.0
2019-03-12 15:18:00,26.615,26.615,26.615,26.615,302.0
2019-03-12 15:20:00,26.8,26.8,26.8,26.8,220.0
2019-03-12 15:24:00,26.85,26.85,26.85,26.85,100.0
2019-03-12 15:27:00,26.8625,26.8625,26.85,26.85,786.0
2019-03-12 15:33:00,26.85,26.85,26.85,26.85,1084.0
2019-03-12 15:53:00,26.9804,26.9804,26.9804,26.9804,600.0
2019-03-12 15:54:00,26.94,26.94,26.94,26.94,155.0
2019-03-12 15:57:00,27.25,27.25,27.25,27.25,210.0
2019-03-12 16:00:00,27.19,27.19,27.19,27.19,546.0
2019-03-13 09:31:00,26.96,26.96,26.96,26.96,0.0
2019-03-13 09:40:00,26.47,26.47,26.47,26.47,100.0
2019-03-13 09:42:00,26.7773,26.7773,26.7773,26.7773,131.0
2019-03-13 09:50:00,26.53,26.53,26.53,26.53,266.0
2019-03-13 10:09:00,27.3,27.3,27.3,27.3,295.0
2019-03-13 11:16:00,27.1856,27.1856,27.1856,27.1856,222.0
2019-03-13 11:40:00,27.22,27.22,27.22,27.22,450.0
2019-03-13 12:09:00,27.26,27.26,27.26,27.26,130.0
2019-03-13 12:28:00,27.1,27.1,27.1,27.1,133.0
2019-03-13 13:08:00,27.1,27.1,27.1,27.1,480.0
2019-03-13 13:09:00,27.03,27.03,27.0205,27.0205,1312.0
2019-03-13 13:15:00,27.17,27.17,27.1,27.1,1680.0
2019-03-13 13:16:00,27.04,27.04,27.04,27.04,505.0
2019-03-13 13:20:00,27.05,27.05,27.05,27.05,504.0
2019-03-13 13:22:00,26.95,26.95,26.95,26.95,396.0
2019-03-13 13:26:00,26.96,26.96,26.96,26.96,743.0
2019-03-13 13:39:00,27.01,27.01,27.01,27.01,110.0
2019-03-13 14:00:00,27.05,27.05,27.05,27.05,336.0
2019-03-13 14:03:00,27.01,27.01,27.01,27.01,105.0
2019-03-13 14:07:00,27.0,27.0,27.0,27.0,210.0
2019-03-13 14:27:00,27.01,27.01,27.01,27.01,128.0
2019-03-13 14:52:00,27.0,27.02,27.0,27.02,1554.0
2019-03-13 14:59:00,27.035,27.035,27.035,27.035,149.0
2019-03-13 15:01:00,27.02,27.02,26.94,26.94,2277.0
2019-03-13 15:04:00,26.84,26.84,26.84,26.84,1289.0
2019-03-13 15:05:00,26.8,26.8,26.8,26.8,688.0
2019-03-13 15:10:00,26.84,26.84,26.84,26.84,514.0
2019-03-13 15:16:00,26.93,26.93,26.93,26.93,1005.0
2019-03-13 15:17:00,26.9,26.9,26.9,26.9,701.0
2019-03-13 15:43:00,26.92,26.92,26.92,26.92,149.0
2019-03-13 15:53:00,27.1,27.1,27.1,27.1,223.0
2019-03-13 15:58:00,27.11,27.11,27.11,27.11,227.0
2019-03-13 16:00:00,27.1,27.1,27.1,27.1,1876.0
2019-03-14 09:32:00,26.81,26.81,26.81,26.81,511.0
2019-03-14 09:49:00,26.67,26.67,26.67,26.67,100.0
2019-03-14 09:54:00,26.69,26.69,26.69,26.69,100.0
2019-03-14 10:03:00,26.7,26.7,26.7,26.7,200.0
2019-03-14 10:11:00,26.85,26.85,26.85,26.85,100.0
2019-03-14 11:00:00,26.7,26.705,26.7,26.705,316.0
2019-03-14 11:14:00,26.47,26.47,26.47,26.47,103.0
2019-03-14 11:16:00,26.49,26.49,26.49,26.49,505.0
2019-03-14 11:18:00,26.74,26.74,26.74,26.74,104.0
2019-03-14 11:19:00,26.94,26.94,26.94,26.94,383.0
2019-03-14 11:21:00,26.81,26.81,26.81,26.81,702.0
2019-03-14 11:23:00,26.75,26.75,26.75,26.75,607.0
2019-03-14 11:37:00,26.8,26.8,26.8,26.8,988.0
2019-03-14 11:38:00,26.86,26.86,26.86,26.86,504.0
2019-03-14 11:41:00,26.88,26.88,26.88,26.88,104.0
2019-03-14 11:42:00,26.35,26.35,26.35,26.35,508.0
2019-03-14 11:43:00,26.41,26.41,26.41,26.41,103.0
2019-03-14 11:44:00,26.39,26.39,26.39,26.39,201.0
2019-03-14 11:46:00,26.51,26.51,26.51,26.51,657.0
2019-03-14 11:48:00,26.73,26.73,26.73,26.73,107.0
2019-03-14 11:49:00,26.6,26.6,26.6,26.6,492.0
2019-03-14 11:50:00,26.77,26.77,26.77,26.77,103.0
2019-03-14 11:51:00,26.55,26.55,26.55,26.55,794.0
2019-03-14 11:52:00,26.15,26.15,26.15,26.15,801.0
2019-03-14 11:53:00,26.38,26.38,26.38,26.38,1441.0
2019-03-14 11:57:00,26.74,26.77,26.74,26.77,676.0
2019-03-14 11:58:00,26.66,26.66,26.66,26.66,300.0
2019-03-14 12:01:00,26.36,26.36,26.36,26.36,207.0
2019-03-14 12:03:00,26.4,26.4,26.4,26.4,619.0
2019-03-14 12:04:00,26.42,26.42,26.42,26.42,407.0
2019-03-14 12:05:00,26.62,26.62,26.62,26.62,887.0
2019-03-14 12:07:00,26.65,26.65,26.65,26.65,371.0
2019-03-14 12:16:00,26.73,26.73,26.73,26.73,1401.0
2019-03-14 12:26:00,26.73,26.73,26.73,26.73,346.0
2019-03-14 12:36:00,26.73,26.73,26.73,26.73,106.0
2019-03-14 12:47:00,26.73,26.73,26.73,26.73,120.0
2019-03-14 12:57:00,26.72,26.72,26.72,26.72,205.0
2019-03-14 13:14:00,26.35,26.35,26.35,26.35,118.0
2019-03-14 13:20:00,26.71,26.71,26.71,26.71,100.0
2019-03-14 13:31:00,26.69,26.69,26.69,26.69,100.0
2019-03-14 13:37:00,26.64,26.64,26.33,26.33,522.0
2019-03-14 13:40:00,26.46,26.46,26.46,26.46,686.0
2019-03-14 13:53:00,26.69,26.69,26.69,26.69,100.0
2019-03-14 13:55:00,26.6,26.6,26.6,26.6,303.0
2019-03-14 14:02:00,26.55,26.55,26.55,26.55,165.0
2019-03-14 14:13:00,26.71,26.71,26.71,26.71,172.0
2019-03-14 14:22:00,26.7,26.7,26.7,26.7,200.0
2019-03-14 14:32:00,26.72,26.72,26.72,26.72,145.0
2019-03-14 14:41:00,26.73,26.73,26.73,26.73,100.0
2019-03-14 14:44:00,26.97,26.97,26.97,26.97,200.0
2019-03-14 14:46:00,26.97,27.0,26.62,26.97,2250.0
2019-03-14 14:47:00,27.0,27.13,26.62,27.0,6362.0
2019-03-14 14:49:00,27.09,27.09,27.09,27.09,100.0
2019-03-14 14:54:00,27.0713,27.0713,27.01,27.01,212.0
2019-03-14 15:01:00,27.03,27.03,27.03,27.03,116.0
2019-03-14 15:04:00,27.0,27.0,27.0,27.0,207.0
2019-03-14 15:10:00,26.95,26.95,26.94,26.95,778.0
2019-03-14 15:16:00,26.77,26.77,26.77,26.77,101.0
2019-03-14 15:25:00,26.96,26.96,26.88,26.88,520.0
2019-03-14 15:37:00,26.96,26.96,26.86,26.96,489.0
2019-03-14 15:40:00,26.965,26.965,26.965,26.965,100.0
2019-03-14 15:43:00,26.965,26.965,26.965,26.965,206.0
2019-03-14 15:46:00,26.95,26.95,26.89,26.89,359.0
2019-03-14 15:47:00,26.62,26.97,26.62,26.77,1093.0
2019-03-14 15:49:00,26.96,26.96,26.96,26.96,103.0
2019-03-14 15:56:00,27.0,27.0,27.0,27.0,288.0
2019-03-14 15:57:00,26.77,27.0,26.77,27.0,500.0
2019-03-14 15:58:00,27.0,27.0,27.0,27.0,379.0
2019-03-14 16:00:00,27.02,27.15,26.77,26.77,1088.0
2019-03-15 09:31:00,27.0,27.0,27.0,27.0,0.0
2019-03-15 09:48:00,26.33,26.56,26.33,26.56,207.0
2019-03-15 09:51:00,26.33,26.69,26.33,26.42,686.0
2019-03-15 09:53:00,26.8,26.975,26.8,26.975,19100.0
2019-03-15 09:54:00,26.975,26.975,26.9001,26.9745,1650.0
2019-03-15 09:57:00,26.97,27.0,26.8,26.8,539.0
2019-03-15 09:59:00,26.85,26.85,26.85,26.85,400.0
2019-03-15 10:07:00,26.8,26.835,26.8,26.8,600.0
2019-03-15 10:08:00,26.9,26.945,26.9,26.945,201.0
2019-03-15 10:12:00,26.85,26.85,26.85,26.85,359.0
2019-03-15 10:20:00,26.85,26.85,26.85,26.85,149.0
2019-03-15 10:29:00,26.68,26.68,26.68,26.68,100.0
2019-03-15 11:03:00,26.95,26.95,26.95,26.95,200.0
2019-03-15 11:04:00,26.95,26.95,26.95,26.95,200.0
2019-03-15 11:05:00,26.95,26.95,26.95,26.95,203.0
2019-03-15 11:06:00,26.96,27.19,26.96,27.19,988.0
2019-03-15 11:23:00,27.01,27.01,27.01,27.01,100.0
2019-03-15 11:28:00,27.155,27.155,27.155,27.155,100.0
2019-03-15 11:33:00,27.155,27.155,27.15,27.155,660.0
2019-03-15 11:37:00,27.3,27.3,27.3,27.3,208.0
2019-03-15 11:44:00,27.1,27.1,27.1,27.1,100.0
2019-03-15 11:45:00,27.225,27.34,27.11,27.34,19507.0
2019-03-15 11:47:00,27.12,27.32,27.12,27.32,200.0
2019-03-15 11:55:00,27.115,27.15,27.1,27.1,400.0
2019-03-15 11:56:00,27.225,27.225,27.17,27.17,1544.0
2019-03-15 11:58:00,27.135,27.135,27.135,27.135,7000.0
2019-03-15 12:02:00,27.175,27.175,27.175,27.175,3588.0
2019-03-15 12:21:00,27.35,27.35,27.35,27.35,208.0
2019-03-15 12:24:00,27.245,27.245,27.245,27.245,100.0
2019-03-15 12:25:00,27.2,27.2,27.2,27.2,2500.0
2019-03-15 12:26:00,27.175,27.175,27.175,27.175,0.0
2019-03-15 12:27:00,27.13,27.15,27.13,27.15,65281.0
2019-03-15 12:40:00,27.15,27.215,27.15,27.215,18415.0
2019-03-15 12:46:00,27.15,27.225,27.15,27.225,2480.0
2019-03-15 12:51:00,27.15,27.15,27.15,27.15,600.0
2019-03-15 12:59:00,27.2,27.47,27.2,27.35,10730.0
2019-03-15 13:00:00,27.35,27.35,27.35,27.35,600.0
2019-03-15 13:02:00,27.32,27.34,27.32,27.34,223.0
2019-03-15 13:11:00,27.35,27.47,27.35,27.47,2675.0
2019-03-15 13:12:00,27.46,27.4699,27.46,27.46,888.0
2019-03-15 13:16:00,27.43,27.43,27.43,27.43,100.0
2019-03-15 13:19:00,27.46,27.46,27.46,27.46,100.0
2019-03-15 13:21:00,27.46,27.46,27.46,27.46,130.0
2019-03-15 13:28:00,27.38,27.385,27.38,27.385,779.0
2019-03-15 13:31:00,27.375,27.375,27.375,27.375,209.0
2019-03-15 13:41:00,27.375,27.375,27.375,27.375,100.0
2019-03-15 13:44:00,27.31,27.31,27.31,27.31,288.0
2019-03-15 13:45:00,27.3,27.3,27.3,27.3,440.0
2019-03-15 13:55:00,27.35,27.54,27.31,27.35,39323.0
2019-03-15 13:56:00,27.305,27.305,27.305,27.305,2450.0
2019-03-15 14:00:00,27.705,27.705,27.705,27.705,100.0
2019-03-15 14:02:00,27.65,27.65,27.55,27.55,1036.0
2019-03-15 14:03:00,27.25,27.25,27.25,27.25,4174.0
2019-03-15 14:05:00,27.54,27.595,27.54,27.595,1089.0
2019-03-15 14:12:00,27.3,27.3,27.3,27.3,100.0
2019-03-15 14:15:00,27.39,27.39,27.225,27.225,9730.0
2019-03-15 14:16:00,26.95,26.95,26.95,26.95,410.0
2019-03-15 14:22:00,26.95,26.95,26.95,26.95,300.0
2019-03-15 14:23:00,26.72,26.72,26.72,26.72,201.0
2019-03-15 14:32:00,27.06,27.06,26.9194,26.9194,590.0
2019-03-15 14:41:00,26.985,26.985,26.985,26.985,200.0
2019-03-15 14:46:00,27.18,27.18,27.18,27.18,700.0
2019-03-15 14:48:00,27.18,27.18,27.18,27.18,800.0
2019-03-15 14:49:00,27.24,27.24,27.24,27.24,114.0
2019-03-15 14:50:00,27.25,27.25,27.25,27.25,1430.0
2019-03-15 14:52:00,27.15,27.15,27.15,27.15,820.0
2019-03-15 14:55:00,27.2,27.2,27.2,27.2,100.0
2019-03-15 15:03:00,27.18,27.18,27.18,27.18,100.0
2019-03-15 15:07:00,27.145,27.145,27.145,27.145,169.0
2019-03-15 15:12:00,27.145,27.145,27.145,27.145,100.0
2019-03-15 15:15:00,27.06,27.06,27.0,27.0,2824.0
2019-03-15 15:17:00,27.14,27.14,27.14,27.14,120.0
2019-03-15 15:18:00,27.18,27.18,27.15,27.15,1440.0
2019-03-15 15:22:00,27.24,27.24,27.24,27.24,1200.0
2019-03-15 15:23:00,27.15,27.15,27.15,27.15,3732.0
2019-03-15 15:25:00,27.23,27.23,27.23,27.23,309.0
2019-03-15 15:26:00,27.31,27.31,27.31,27.31,1900.0
2019-03-15 15:29:00,27.46,27.46,27.46,27.46,1339.0
2019-03-15 15:31:00,27.38,27.38,27.355,27.355,1116.0
2019-03-15 15:34:00,27.33,27.33,27.33,27.33,800.0
2019-03-15 15:35:00,27.335,27.335,27.335,27.335,600.0
2019-03-15 15:37:00,27.4,27.4,27.4,27.4,451.0
2019-03-15 15:40:00,27.605,27.605,27.605,27.605,700.0
2019-03-15 15:41:00,27.5595,27.5595,27.5595,27.5595,800.0
2019-03-15 15:42:00,27.64,27.64,27.64,27.64,500.0
2019-03-15 15:43:00,27.9,27.9,27.9,27.9,914.0
2019-03-15 15:44:00,28.0,28.0,28.0,28.0,844.0
2019-03-15 15:46:00,28.7,28.7,28.7,28.7,1007.0
2019-03-15 15:48:00,28.6,28.6,28.6,28.6,900.0
2019-03-15 15:49:00,28.56,28.56,28.56,28.56,1300.0
2019-03-15 15:50:00,28.47,28.47,28.47,28.47,1100.0
2019-03-15 15:51:00,28.47,28.47,28.47,28.47,1072.0
2019-03-15 15:52:00,28.6,28.6,28.6,28.6,1900.0
2019-03-15 15:53:00,28.6,28.6,28.6,28.6,1200.0
2019-03-15 15:54:00,28.6,28.6,28.6,28.6,900.0
2019-03-15 15:55:00,28.355,28.355,28.355,28.355,2400.0
2019-03-15 15:56:00,28.59,28.75,28.59,28.75,6240.0
2019-03-15 15:57:00,29.08,29.08,29.08,29.08,2414.0
2019-03-15 15:58:00,28.97,28.97,28.97,28.97,3150.0
2019-03-15 15:59:00,29.0,29.0,29.0,29.0,5258.0
2019-03-15 16:00:00,28.76,28.96,28.16,28.16,8461.0
2019-03-18 09:31:00,27.66,27.66,27.66,27.66,0.0
2019-03-18 09:49:00,27.5258,27.5258,27.5258,27.5258,0.0
2019-03-18 10:20:00,28.14,28.14,28.14,28.14,1900.0
2019-03-18 10:31:00,28.145,28.145,28.145,28.145,200.0
2019-03-18 10:37:00,28.14,28.14,28.14,28.14,356.0
2019-03-18 10:39:00,28.15,28.15,27.5,27.5,5973.0
2019-03-18 10:40:00,27.8,27.8,27.8,27.8,1400.0
2019-03-18 10:52:00,28.0,28.0,28.0,28.0,1100.0
2019-03-18 10:56:00,27.7,27.7,27.7,27.7,298.0
2019-03-18 11:04:00,27.82,27.82,27.82,27.82,100.0
2019-03-18 11:19:00,27.65,27.65,27.65,27.65,988.0
2019-03-18 11:25:00,27.65,27.65,27.65,27.65,362.0
2019-03-18 11:42:00,27.65,27.65,27.65,27.65,107.0
2019-03-18 12:21:00,27.21,27.21,27.21,27.21,1414.0
2019-03-18 12:31:00,27.3005,27.3005,27.3005,27.3005,2878.0
2019-03-18 12:55:00,27.3,27.3,27.3,27.3,138.0
2019-03-18 12:59:00,27.32,27.32,27.25,27.25,9531.0
2019-03-18 13:00:00,27.3,27.3,27.3,27.3,1349.0
2019-03-18 13:01:00,27.3,27.3,27.3,27.3,860.0
2019-03-18 13:03:00,27.295,27.295,27.295,27.295,2089.0
2019-03-18 13:07:00,27.14,27.14,27.14,27.14,1836.0
2019-03-18 13:08:00,27.15,27.15,27.15,27.15,167.0
2019-03-18 13:10:00,27.05,27.05,27.05,27.05,540.0
2019-03-18 13:11:00,26.875,26.875,26.875,26.875,169.0
2019-03-18 13:14:00,27.1,27.1,27.1,27.1,261.0
2019-03-18 13:25:00,26.49,26.49,26.49,26.49,200.0
2019-03-18 13:26:00,26.68,26.68,26.68,26.68,361.0
2019-03-18 13:29:00,27.11,27.11,27.11,27.11,409.0
2019-03-18 13:30:00,26.76,26.76,26.76,26.76,650.0
2019-03-18 13:40:00,26.85,26.85,26.85,26.85,100.0
2019-03-18 13:44:00,26.62,26.62,26.62,26.62,376.0
2019-03-18 13:57:00,26.61,26.61,26.61,26.61,100.0
2019-03-18 14:07:00,26.72,26.72,26.72,26.72,100.0
2019-03-18 14:28:00,26.76,26.76,26.76,26.76,350.0
2019-03-18 14:29:00,26.96,26.97,26.8905,26.8905,450.0
2019-03-18 14:30:00,26.81,26.81,26.68,26.68,2500.0
2019-03-18 14:32:00,26.53,26.73,26.53,26.61,687.0
2019-03-18 14:34:00,26.81,26.81,26.81,26.81,490.0
2019-03-18 14:35:00,26.81,26.81,26.78,26.795,340.0
2019-03-18 14:38:00,26.79,26.79,26.75,26.75,201.0
2019-03-18 14:50:00,26.485,26.485,26.485,26.485,270.0
2019-03-18 14:58:00,26.35,26.41,26.35,26.41,530.0
2019-03-18 15:02:00,26.3775,26.3775,26.3775,26.3775,200.0
2019-03-18 15:03:00,26.7435,26.7435,26.55,26.55,704.0
2019-03-18 15:11:00,26.3,26.3,26.3,26.3,381.0
2019-03-18 15:14:00,26.59,26.79,26.545,26.545,1317.0
2019-03-18 15:15:00,26.819,26.819,26.73,26.73,1439.0
2019-03-18 15:20:00,26.7,26.73,26.69,26.69,1089.0
2019-03-18 15:21:00,26.5,26.5,26.5,26.5,695.0
2019-03-18 15:29:00,26.5,26.5,26.5,26.5,195.0
2019-03-18 15:30:00,26.5,26.5,26.3,26.3,1697.0
2019-03-18 15:31:00,26.4,26.4,26.4,26.4,100.0
2019-03-18 15:41:00,26.34,26.34,26.34,26.34,100.0
2019-03-18 15:45:00,26.33,26.33,26.33,26.33,100.0
2019-03-18 15:56:00,26.52,26.52,26.52,26.52,100.0
2019-03-18 15:57:00,26.48,26.48,26.48,26.48,200.0
2019-03-18 15:58:00,26.31,26.31,26.31,26.31,926.0
2019-03-18 15:59:00,26.21,26.21,26.21,26.21,1659.0
2019-03-18 16:00:00,26.3,26.3,26.3,26.3,0.0
2019-03-19 09:31:00,26.15,26.15,26.15,26.15,0.0
2019-03-19 09:34:00,26.46,26.46,26.46,26.46,190.0
2019-03-19 09:39:00,26.6,26.79,26.37,26.75,1276.0
2019-03-19 10:04:00,26.75,26.75,26.75,26.75,0.0
2019-03-19 10:08:00,26.79,26.79,26.79,26.79,1980.0
2019-03-19 10:18:00,26.84,26.87,26.84,26.87,301.0
2019-03-19 10:19:00,26.91,26.91,26.91,26.91,401.0
2019-03-19 10:20:00,27.33,27.8,27.16,27.7,5596.0
2019-03-19 10:21:00,27.13,27.13,27.13,27.13,100.0
2019-03-19 10:23:00,26.9,26.9,26.9,26.9,158.0
2019-03-19 10:25:00,27.41,27.41,27.41,27.41,200.0
2019-03-19 10:26:00,27.25,27.25,27.25,27.25,203.0
2019-03-19 10:28:00,27.27,27.27,27.27,27.27,201.0
2019-03-19 10:30:00,26.905,26.905,26.905,26.905,101.0
2019-03-19 10:32:00,27.05,27.31,27.05,27.31,302.0
2019-03-19 10:33:00,27.33,27.3399,27.33,27.3399,261.0
2019-03-19 10:36:00,27.29,27.2999,27.1,27.1,900.0
2019-03-19 10:37:00,27.15,27.25,27.15,27.25,230.0
2019-03-19 10:38:00,27.25,27.2595,27.25,27.2595,215.0
2019-03-19 10:40:00,27.275,27.275,27.275,27.275,101.0
2019-03-19 10:42:00,27.18,27.18,27.18,27.18,402.0
2019-03-19 10:54:00,27.265,27.265,27.265,27.265,196.0
2019-03-19 11:06:00,27.4,27.4,27.4,27.4,402.0
2019-03-19 11:10:00,27.67,27.8,27.67,27.8,200.0
2019-03-19 11:14:00,27.85,27.85,27.85,27.85,300.0
2019-03-19 11:17:00,27.9375,28.0,27.875,28.0,10858.0
2019-03-19 11:22:00,27.83,28.19,27.83,28.19,350.0
2019-03-19 11:23:00,27.9,27.9,27.9,27.9,108.0
2019-03-19 11:37:00,27.92,28.6096,27.92,28.6096,457.0
2019-03-19 11:48:00,28.25,28.25,28.25,28.25,5000.0
2019-03-19 11:49:00,28.2025,28.25,27.8,27.8,4700.0
2019-03-19 11:50:00,28.25,28.25,28.2,28.2,500.0
2019-03-19 11:53:00,28.21,28.21,27.9611,27.9611,200.0
2019-03-19 11:55:00,28.2075,28.2075,28.2075,28.2075,200.0
2019-03-19 12:00:00,28.165,28.2075,28.165,28.2075,310.0
2019-03-19 12:10:00,27.99,27.99,27.99,27.99,101.0
2019-03-19 12:16:00,28.21,28.21,28.21,28.21,200.0
2019-03-19 12:18:00,28.25,28.25,28.225,28.25,5200.0
2019-03-19 12:20:00,28.225,28.25,28.225,28.25,5100.0
2019-03-19 12:22:00,28.215,28.215,28.215,28.215,100.0
2019-03-19 12:23:00,28.26,28.38,28.26,28.38,600.0
2019-03-19 12:29:00,28.39,28.39,28.39,28.39,300.0
2019-03-19 12:42:00,28.35,28.45,28.35,28.45,301.0
2019-03-19 13:04:00,27.97,27.97,27.97,27.97,100.0
2019-03-19 13:05:00,28.55,28.55,28.55,28.55,390.0
2019-03-19 13:17:00,28.5,28.5,28.16,28.5,50511.0
2019-03-19 13:21:00,28.5,28.5,28.5,28.5,815.0
2019-03-19 13:22:00,28.17,28.17,28.17,28.17,115.0
2019-03-19 13:24:00,28.495,28.51,28.495,28.51,18063.0
2019-03-19 13:31:00,28.5,28.5,28.5,28.5,211.0
2019-03-19 13:43:00,28.36,28.36,28.36,28.36,107.0
2019-03-19 13:51:00,28.5,28.5,28.5,28.5,210.0
2019-03-19 14:01:00,28.55,28.55,28.55,28.55,285.0
2019-03-19 14:16:00,28.52,28.55,28.52,28.55,55100.0
2019-03-19 14:17:00,28.55,28.55,28.55,28.55,105.0
2019-03-19 14:19:00,28.55,28.55,28.55,28.55,100.0
2019-03-19 14:25:00,28.55,28.55,28.55,28.55,200.0
2019-03-19 14:30:00,28.55,28.55,28.55,28.55,200.0
2019-03-19 14:36:00,28.55,28.55,28.55,28.55,100.0
2019-03-19 14:37:00,28.6108,28.6108,28.6108,28.6108,117.0
2019-03-19 14:39:00,28.55,28.55,28.36,28.445,1252.0
2019-03-19 14:40:00,28.181,28.181,28.181,28.181,363.0
2019-03-19 14:41:00,28.255,28.33,28.255,28.33,300.0
2019-03-19 14:46:00,28.255,28.255,28.255,28.255,200.0
2019-03-19 14:47:00,28.255,28.33,28.161,28.33,600.0
2019-03-19 14:48:00,28.255,28.55,28.161,28.5025,2084.0
2019-03-19 14:49:00,28.29,28.9995,28.2683,28.47,5610.0
2019-03-19 14:52:00,28.481,28.481,28.48,28.48,643.0
2019-03-19 14:53:00,28.49,28.49,28.24,28.24,302.0
2019-03-19 14:55:00,28.3,28.3,28.3,28.3,501.0
2019-03-19 14:59:00,28.445,28.445,28.445,28.445,500.0
2019-03-19 15:02:00,28.2,28.2,28.2,28.2,235.0
2019-03-19 15:05:00,28.24,28.45,28.18,28.445,949.0
2019-03-19 15:19:00,28.51,28.51,28.51,28.51,200.0
2019-03-19 15:20:00,28.5,28.5,28.5,28.5,121.0
2019-03-19 15:21:00,28.36,28.36,28.36,28.36,145.0
2019-03-19 15:23:00,28.37,28.47,28.37,28.44,3276.0
2019-03-19 15:27:00,28.47,28.47,28.47,28.47,100.0
2019-03-19 15:29:00,28.75,28.75,28.75,28.75,110.0
2019-03-19 15:34:00,28.75,28.75,28.75,28.75,100.0
2019-03-19 15:38:00,28.72,28.72,28.72,28.72,163.0
2019-03-19 15:40:00,28.75,28.75,28.75,28.75,704.0
2019-03-19 15:41:00,28.75,28.75,28.75,28.75,910.0
2019-03-19 15:44:00,29.08,29.08,28.57,29.08,2202.0
2019-03-19 15:46:00,29.52,29.52,29.52,29.52,100.0
2019-03-19 15:47:00,29.42,29.42,29.07,29.35,2816.0
2019-03-19 15:48:00,29.07,29.34,29.07,29.34,397.0
2019-03-19 15:49:00,29.445,29.445,29.445,29.445,100.0
2019-03-19 15:50:00,29.36,29.8685,29.36,29.65,2420.0
2019-03-19 15:51:00,29.88,29.88,29.88,29.88,290.0
2019-03-19 15:52:00,29.88,29.88,29.8007,29.87,366.0
2019-03-19 15:53:00,29.5,29.53,29.08,29.37,1569.0
2019-03-19 15:54:00,29.01,29.41,29.0,29.0,3020.0
2019-03-19 15:55:00,29.38,29.38,29.05,29.18,500.0
2019-03-19 15:56:00,29.36,29.36,29.36,29.36,400.0
2019-03-19 15:57:00,29.24,29.38,29.06,29.215,1110.0
2019-03-19 15:58:00,29.36,29.38,29.15,29.15,960.0
2019-03-19 15:59:00,29.27,29.3,29.0,29.06,2744.0
2019-03-19 16:00:00,29.26,29.27,29.0,29.0,2338.0
2019-03-20 09:31:00,29.46,29.46,29.46,29.46,923.0
2019-03-20 09:36:00,30.84,31.2,30.84,30.84,566.0
2019-03-20 09:37:00,32.21,32.21,32.21,32.21,1207.0
2019-03-20 09:38:00,30.42,30.42,30.345,30.345,2477.0
2019-03-20 09:40:00,30.5735,30.5995,29.6,29.67,3838.0
2019-03-20 09:41:00,29.81,29.81,29.81,29.81,4059.0
2019-03-20 09:44:00,29.932,29.932,29.932,29.932,100.0
2019-03-20 09:46:00,30.4684,30.4684,30.4684,30.4684,300.0
2019-03-20 09:47:00,29.81,29.81,29.81,29.81,2023.0
2019-03-20 09:48:00,30.0939,30.0939,30.0939,30.0939,110.0
2019-03-20 09:49:00,30.1132,30.1132,30.1132,30.1132,467.0
2019-03-20 09:53:00,30.5025,30.5025,30.5025,30.5025,1075.0
2019-03-20 09:55:00,29.75,30.2167,29.75,30.2167,1003.0
2019-03-20 09:56:00,30.4192,30.4192,30.4192,30.4192,1713.0
2019-03-20 10:00:00,30.025,30.025,30.025,30.025,2900.0
2019-03-20 10:01:00,30.13,30.13,29.75,29.76,4100.0
2019-03-20 10:02:00,30.102,30.102,29.75,29.75,7410.0
2019-03-20 10:05:00,29.75,29.75,29.75,29.75,1006.0
2019-03-20 10:06:00,29.6255,29.6255,29.6255,29.6255,215.0
2019-03-20 10:08:00,30.0,30.0,30.0,30.0,335.0
2019-03-20 10:11:00,29.655,29.655,29.62,29.62,200.0
2019-03-20 10:12:00,29.9007,29.9007,29.9007,29.9007,436.0
2019-03-20 10:13:00,29.9,29.9,29.9,29.9,205.0
2019-03-20 10:19:00,29.865,29.865,29.865,29.865,101.0
2019-03-20 10:20:00,29.87,29.87,29.87,29.87,165.0
2019-03-20 10:22:00,29.75,29.75,29.75,29.75,385.0
2019-03-20 10:25:00,29.5,29.5,29.5,29.5,1575.0
2019-03-20 10:26:00,29.51,29.51,29.5,29.5,1900.0
2019-03-20 10:27:00,29.1,29.1,29.1,29.1,2020.0
2019-03-20 10:28:00,29.0244,29.0244,29.0244,29.0244,2131.0
2019-03-20 10:32:00,29.05,29.05,29.05,29.05,100.0
2019-03-20 10:33:00,28.9105,28.9105,28.9105,28.9105,564.0
2019-03-20 10:37:00,28.64,28.64,28.64,28.64,1202.0
2019-03-20 10:51:00,28.6,28.6,28.6,28.6,1255.0
2019-03-20 10:54:00,28.415,28.415,28.415,28.415,100.0
2019-03-20 10:56:00,27.948,27.948,27.948,27.948,2107.0
2019-03-20 10:59:00,27.9872,27.9872,27.9872,27.9872,371.0
2019-03-20 11:06:00,27.8,28.05,27.8,28.05,2109.0
2019-03-20 11:07:00,28.1,28.1,28.1,28.1,2596.0
2019-03-20 11:08:00,28.03,28.03,28.03,28.03,512.0
2019-03-20 11:27:00,27.94,27.94,27.94,27.94,400.0
2019-03-20 11:29:00,28.01,28.01,28.01,28.01,300.0
2019-03-20 11:30:00,28.01,28.01,28.01,28.01,244.0
2019-03-20 11:32:00,28.11,28.11,28.11,28.11,278.0
2019-03-20 11:33:00,28.0,28.0,28.0,28.0,1245.0
2019-03-20 11:38:00,28.02,28.02,28.02,28.02,1995.0
2019-03-20 11:39:00,28.015,28.015,28.015,28.015,3872.0
2019-03-20 11:40:00,28.17,28.17,28.17,28.17,2444.0
2019-03-20 11:42:00,28.52,28.52,28.52,28.52,2653.0
2019-03-20 11:43:00,28.42,28.42,28.42,28.42,3145.0
2019-03-20 11:44:00,28.19,28.19,28.19,28.19,3800.0
2019-03-20 11:45:00,28.26,28.26,28.26,28.26,2667.0
2019-03-20 11:46:00,28.225,28.225,28.13,28.13,5680.0
2019-03-20 11:50:00,28.225,28.225,28.225,28.225,500.0
2019-03-20 11:51:00,28.38,28.57,28.365,28.57,700.0
2019-03-20 11:52:00,28.21,28.21,28.21,28.21,3800.0
2019-03-20 11:53:00,28.28,28.28,28.28,28.28,3200.0
2019-03-20 11:54:00,28.36,28.36,28.36,28.36,4140.0
2019-03-20 11:55:00,28.54,28.54,28.44,28.5305,2400.0
2019-03-20 11:56:00,28.3,28.3,28.3,28.3,2900.0
2019-03-20 11:57:00,28.405,28.405,28.34,28.34,5750.0
2019-03-20 11:58:00,28.305,28.305,28.22,28.22,600.0
2019-03-20 11:59:00,28.285,28.285,28.285,28.285,2245.0
2019-03-20 12:00:00,28.44,28.44,28.44,28.44,3981.0
2019-03-20 12:01:00,28.605,28.605,28.605,28.605,6750.0
2019-03-20 12:02:00,28.51,28.51,28.51,28.51,335.0
2019-03-20 12:04:00,28.52,28.52,28.52,28.52,831.0
2019-03-20 12:05:00,28.0775,28.0775,28.0775,28.0775,1200.0
2019-03-20 12:06:00,28.0,28.0,28.0,28.0,700.0
2019-03-20 12:07:00,28.41,28.41,28.41,28.41,1312.0
2019-03-20 12:15:00,28.56,28.56,28.54,28.56,800.0
2019-03-20 12:16:00,28.65,28.65,28.65,28.65,1089.0
2019-03-20 12:19:00,28.68,28.68,28.68,28.68,343.0
2019-03-20 12:24:00,28.79,28.79,28.79,28.79,527.0
2019-03-20 12:25:00,28.9,28.9,28.9,28.9,860.0
2019-03-20 12:26:00,29.02,29.02,29.02,29.02,1311.0
2019-03-20 12:37:00,28.69,28.69,28.69,28.69,100.0
2019-03-20 12:41:00,28.865,28.865,28.865,28.865,409.0
2019-03-20 12:47:00,28.76,28.76,28.76,28.76,120.0
2019-03-20 13:04:00,29.13,29.13,29.13,29.13,790.0
2019-03-20 13:08:00,29.365,29.365,29.11,29.11,1200.0
2019-03-20 13:09:00,29.11,29.11,29.11,29.11,1305.0
2019-03-20 13:10:00,29.4,29.4,29.21,29.21,2400.0
2019-03-20 13:12:00,29.59,29.59,29.45,29.45,1310.0
2019-03-20 13:15:00,28.9686,28.9686,28.9686,28.9686,3530.0
2019-03-20 13:18:00,29.035,29.035,29.035,29.035,602.0
2019-03-20 13:21:00,29.38,29.44,29.33,29.43,400.0
2019-03-20 13:22:00,29.6,29.75,29.6,29.75,4728.0
2019-03-20 13:23:00,29.625,29.625,29.625,29.625,2100.0
2019-03-20 13:26:00,29.6,29.6,29.6,29.6,142.0
2019-03-20 13:30:00,29.5,29.5,29.5,29.5,100.0
2019-03-20 13:31:00,29.55,29.6,29.55,29.6,1400.0
2019-03-20 13:34:00,29.58,29.62,29.58,29.62,600.0
2019-03-20 13:42:00,29.31,29.31,29.31,29.31,200.0
2019-03-20 13:43:00,29.43,29.43,29.43,29.43,751.0
2019-03-20 13:44:00,29.61,29.61,29.61,29.61,306.0
2019-03-20 13:45:00,29.55,29.55,29.532,29.532,570.0
2019-03-20 13:59:00,29.55,29.55,29.55,29.55,221.0
2019-03-20 14:15:00,29.3068,29.3068,29.3068,29.3068,171.0
2019-03-20 14:16:00,29.43,29.43,29.43,29.43,281.0
2019-03-20 14:25:00,29.7,29.7,29.7,29.7,105.0
2019-03-20 14:30:00,29.7,29.7,29.7,29.7,1299.0
2019-03-20 14:35:00,29.72,29.72,29.72,29.72,426.0
2019-03-20 14:36:00,29.77,29.81,29.77,29.81,12148.0
2019-03-20 14:37:00,29.93,29.93,28.7933,29.405,1313.0
2019-03-20 14:38:00,29.61,29.915,29.61,29.915,5113.0
2019-03-20 14:40:00,29.81,29.81,29.81,29.81,1110.0
2019-03-20 14:41:00,29.91,29.91,29.91,29.91,900.0
2019-03-20 14:42:00,30.01,30.01,29.66,29.66,3032.0
2019-03-20 14:43:00,29.86,29.9,29.66,29.82,7200.0
2019-03-20 14:44:00,29.76,29.76,29.76,29.76,8000.0
2019-03-20 14:45:00,29.9,29.9,29.9,29.9,1725.0
2019-03-20 14:46:00,29.33,29.33,29.33,29.33,205.0
2019-03-20 14:48:00,29.61,29.61,29.61,29.61,205.0
2019-03-20 15:04:00,29.663,29.663,29.663,29.663,401.0
2019-03-20 15:05:00,29.905,29.905,29.905,29.905,110.0
2019-03-20 15:11:00,29.69,29.69,29.69,29.69,105.0
2019-03-20 15:16:00,29.905,29.905,29.905,29.905,105.0
2019-03-20 15:19:00,30.14,30.14,30.14,30.14,505.0
2019-03-20 15:26:00,30.26,30.26,30.26,30.26,606.0
2019-03-20 15:31:00,29.91,29.91,29.91,29.91,205.0
2019-03-20 15:33:00,30.46,30.46,30.46,30.46,200.0
2019-03-20 15:34:00,30.49,30.49,30.49,30.49,400.0
2019-03-20 15:35:00,30.42,30.42,30.42,30.42,105.0
2019-03-20 15:36:00,30.49,30.49,30.49,30.49,390.0
2019-03-20 15:37:00,30.355,30.355,30.355,30.355,1810.0
2019-03-20 15:38:00,30.26,30.26,30.26,30.26,195.0
2019-03-20 15:39:00,30.31,30.48,30.31,30.48,734.0
2019-03-20 15:40:00,29.91,29.91,29.91,29.91,1329.0
2019-03-20 15:43:00,29.91,30.06,29.91,30.06,435.0
2019-03-20 15:47:00,30.35,30.35,30.35,30.35,432.0
2019-03-20 15:54:00,30.35,30.35,30.35,30.35,205.0
2019-03-20 15:56:00,30.18,30.18,30.18,30.18,780.0
2019-03-20 15:58:00,30.265,30.265,30.265,30.265,115.0
2019-03-20 15:59:00,30.18,30.18,30.18,30.18,237.0
2019-03-20 16:00:00,30.53,30.53,30.53,30.53,1789.0
2019-03-21 09:31:00,30.23,30.23,30.23,30.23,101.0
2019-03-21 10:01:00,30.6976,30.6976,30.6976,30.6976,330.0
2019-03-21 10:07:00,30.89,30.89,30.89,30.89,114.0
2019-03-21 10:15:00,30.8799,30.8799,30.8799,30.8799,1022.0
2019-03-21 10:21:00,30.1005,30.1005,30.1005,30.1005,295.0
2019-03-21 10:29:00,30.7311,30.7311,30.7311,30.7311,1465.0
2019-03-21 10:31:00,29.82,29.82,29.82,29.82,941.0
2019-03-21 10:32:00,29.62,29.62,29.62,29.62,120.0
2019-03-21 10:38:00,29.52,29.52,29.52,29.52,222.0
2019-03-21 10:51:00,29.73,29.73,29.73,29.73,102.0
2019-03-21 10:54:00,29.1,29.1,29.1,29.1,100.0
2019-03-21 10:58:00,29.51,29.81,29.51,29.81,1682.0
2019-03-21 10:59:00,29.615,29.615,29.615,29.615,1877.0
2019-03-21 11:04:00,29.7983,29.7983,29.7983,29.7983,232.0
2019-03-21 11:32:00,29.83,29.95,29.83,29.95,469.0
2019-03-21 11:33:00,29.9401,29.9401,29.9401,29.9401,1124.0
2019-03-21 11:48:00,29.0847,29.72,29.0847,29.72,1163.0
2019-03-21 11:54:00,29.8,29.8,29.8,29.8,558.0
2019-03-21 12:16:00,29.9,29.9095,29.9,29.9095,300.0
2019-03-21 12:34:00,29.44,29.44,29.44,29.44,600.0
2019-03-21 12:38:00,29.346,29.346,29.346,29.346,1957.0
2019-03-21 12:39:00,29.31,29.31,29.31,29.31,300.0
2019-03-21 12:41:00,29.37,29.4125,29.37,29.4125,1502.0
2019-03-21 12:44:00,29.65,29.65,29.65,29.65,100.0
2019-03-21 12:45:00,29.65,29.65,29.65,29.65,1202.0
2019-03-21 12:52:00,29.0244,29.0244,29.0244,29.0244,100.0
2019-03-21 12:56:00,29.28,29.28,29.28,29.28,113.0
2019-03-21 12:57:00,29.79,29.79,29.79,29.79,1702.0
2019-03-21 12:59:00,30.02,30.02,29.94,29.94,2799.0
2019-03-21 13:03:00,30.005,30.005,30.005,30.005,138.0
2019-03-21 13:07:00,30.01,30.01,30.01,30.01,135.0
2019-03-21 13:19:00,29.905,29.905,29.905,29.905,300.0
2019-03-21 13:39:00,30.0,30.0,30.0,30.0,2035.0
2019-03-21 13:40:00,30.0,30.0,30.0,30.0,2337.0
2019-03-21 13:47:00,30.0973,30.0973,30.0973,30.0973,575.0
2019-03-21 13:49:00,30.0,30.0,30.0,30.0,140.0
2019-03-21 13:53:00,29.678,29.678,29.678,29.678,801.0
2019-03-21 14:25:00,29.89,29.89,29.89,29.89,102.0
2019-03-21 14:26:00,29.99,29.99,29.99,29.99,900.0
2019-03-21 14:27:00,30.0,30.0,30.0,30.0,1889.0
2019-03-21 14:28:00,29.895,29.895,29.895,29.895,2000.0
2019-03-21 14:29:00,30.0,30.0,30.0,30.0,4210.0
2019-03-21 14:30:00,30.0,30.0,29.955,29.955,7290.0
2019-03-21 14:31:00,30.0,30.0,30.0,30.0,1213.0
2019-03-21 14:34:00,30.08,30.08,30.08,30.08,1000.0
2019-03-21 14:39:00,30.0,30.0,30.0,30.0,210.0
2019-03-21 14:45:00,30.14,30.14,30.14,30.14,493.0
2019-03-21 14:55:00,30.11,30.11,30.11,30.11,200.0
2019-03-21 15:00:00,30.19,30.19,30.19,30.19,1700.0
2019-03-21 15:03:00,30.3,30.3,30.3,30.3,499.0
2019-03-21 15:04:00,30.3,30.3,30.3,30.3,500.0
2019-03-21 15:05:00,30.38,30.38,30.38,30.38,530.0
2019-03-21 15:07:00,30.46,30.46,30.46,30.46,139.0
2019-03-21 15:14:00,30.46,30.46,30.46,30.46,551.0
2019-03-21 15:19:00,30.42,30.42,30.42,30.42,690.0
2019-03-21 15:32:00,30.21,30.21,30.21,30.21,527.0
2019-03-21 15:33:00,30.4505,30.4505,30.4505,30.4505,348.0
2019-03-21 15:36:00,30.14,30.14,30.14,30.14,303.0
2019-03-21 15:42:00,30.2,30.2,30.2,30.2,1813.0
2019-03-21 15:47:00,30.25,30.25,30.25,30.25,365.0
2019-03-21 15:52:00,30.0,30.0,30.0,30.0,2054.0
2019-03-21 15:53:00,30.05,30.06,30.05,30.06,1076.0
2019-03-21 15:56:00,30.03,30.03,30.03,30.03,102.0
2019-03-21 15:58:00,29.96,29.96,29.96,29.96,1079.0
2019-03-21 15:59:00,29.92,29.92,29.92,29.92,2590.0
2019-03-21 16:00:00,29.73,29.73,29.73,29.73,1864.0
2019-03-22 09:31:00,30.3125,30.3125,29.975,29.975,993.0
2019-03-22 09:33:00,29.98,29.98,29.98,29.98,1093.0
2019-03-22 09:34:00,30.355,30.355,30.355,30.355,558.0
2019-03-22 09:35:00,30.4,30.4,30.4,30.4,665.0
2019-03-22 09:37:00,30.43,30.43,30.43,30.43,200.0
2019-03-22 09:40:00,30.4,30.5,30.4,30.5,830.0
2019-03-22 09:42:00,30.4435,30.4435,30.4435,30.4435,930.0
2019-03-22 09:48:00,30.58,30.58,30.58,30.58,100.0
2019-03-22 09:49:00,30.6,30.6,30.6,30.6,1303.0
2019-03-22 09:51:00,30.7028,30.7028,30.7028,30.7028,100.0
2019-03-22 09:55:00,30.5779,30.5779,30.5779,30.5779,100.0
2019-03-22 09:56:00,30.92,30.92,30.92,30.92,324.0
2019-03-22 10:08:00,30.84,30.84,30.84,30.84,128.0
2019-03-22 10:21:00,30.7,30.7,30.7,30.7,600.0
2019-03-22 10:22:00,30.92,30.92,30.92,30.92,302.0
2019-03-22 10:24:00,30.645,30.645,30.645,30.645,100.0
2019-03-22 10:27:00,30.86,30.86,30.86,30.86,200.0
2019-03-22 10:31:00,30.63,30.795,30.63,30.795,600.0
2019-03-22 10:32:00,30.795,30.83,30.795,30.83,3220.0
2019-03-22 10:33:00,30.765,30.765,30.765,30.765,1912.0
2019-03-22 10:34:00,31.01,31.01,31.01,31.01,2420.0
2019-03-22 10:35:00,31.0,31.0,31.0,31.0,1300.0
2019-03-22 10:36:00,31.28,31.28,31.28,31.28,706.0
2019-03-22 10:37:00,31.03,31.03,30.91,30.91,5650.0
2019-03-22 10:38:00,30.9,30.9,30.8505,30.8505,200.0
2019-03-22 10:39:00,30.8,30.8,30.8,30.8,1120.0
2019-03-22 10:40:00,30.75,30.75,30.75,30.75,370.0
2019-03-22 10:41:00,30.6,30.6,30.6,30.6,5201.0
2019-03-22 10:42:00,30.845,30.845,30.75,30.75,1290.0
2019-03-22 10:45:00,30.645,30.645,30.645,30.645,617.0
2019-03-22 10:54:00,30.7,30.7,30.7,30.7,100.0
2019-03-22 10:59:00,30.79,30.79,30.79,30.79,315.0
2019-03-22 11:00:00,30.9,30.9,30.9,30.9,100.0
2019-03-22 11:01:00,30.98,30.98,30.98,30.98,624.0
2019-03-22 11:21:00,30.62,30.62,30.62,30.62,105.0
2019-03-22 11:24:00,30.48,30.48,30.48,30.48,105.0
2019-03-22 11:36:00,30.44,30.44,30.44,30.44,157.0
2019-03-22 11:43:00,30.625,30.625,30.625,30.625,108.0
2019-03-22 11:48:00,30.615,30.615,30.615,30.615,300.0
2019-03-22 11:49:00,30.615,30.615,30.615,30.615,5397.0
2019-03-22 11:56:00,30.8,30.8,30.8,30.8,108.0
2019-03-22 11:57:00,30.83,30.83,30.83,30.83,100.0
2019-03-22 11:58:00,30.57,30.57,30.57,30.57,300.0
2019-03-22 11:59:00,30.57,30.57,30.57,30.57,322.0
2019-03-22 12:00:00,30.78,30.78,30.78,30.78,635.0
2019-03-22 12:01:00,30.94,30.94,30.94,30.94,100.0
2019-03-22 12:02:00,30.4005,30.4005,30.4005,30.4005,150.0
2019-03-22 12:03:00,30.94,30.94,30.94,30.94,450.0
2019-03-22 12:05:00,30.66,30.66,30.66,30.66,1027.0
2019-03-22 12:08:00,30.91,30.91,30.91,30.91,210.0
2019-03-22 12:09:00,31.07,31.07,31.07,31.07,1110.0
2019-03-22 12:10:00,30.94,30.94,30.94,30.94,1102.0
2019-03-22 12:19:00,31.01,31.01,31.01,31.01,100.0
2019-03-22 12:20:00,30.96,31.0005,30.96,31.0005,870.0
2019-03-22 12:21:00,30.98,30.98,30.98,30.98,1737.0
2019-03-22 12:38:00,30.79,30.8,30.79,30.8,200.0
2019-03-22 12:40:00,30.75,30.87,30.75,30.87,1450.0
2019-03-22 12:41:00,31.06,31.06,31.06,31.06,337.0
2019-03-22 12:43:00,31.04,31.04,31.04,31.04,111.0
2019-03-22 12:50:00,30.96,30.96,30.96,30.96,105.0
2019-03-22 12:55:00,30.53,30.53,30.53,30.53,101.0
2019-03-22 13:00:00,30.89,30.89,30.89,30.89,216.0
2019-03-22 13:15:00,30.84,30.84,30.84,30.84,609.0
2019-03-22 13:20:00,30.851,30.851,30.851,30.851,276.0
2019-03-22 13:24:00,30.6425,30.6425,30.6425,30.6425,501.0
2019-03-22 13:26:00,30.73,30.73,30.73,30.73,226.0
2019-03-22 13:31:00,30.92,30.92,30.92,30.92,105.0
2019-03-22 13:32:00,30.91,30.91,30.91,30.91,206.0
2019-03-22 13:34:00,30.85,30.85,30.85,30.85,418.0
2019-03-22 13:38:00,30.71,30.805,30.71,30.805,1577.0
2019-03-22 13:41:00,30.84,30.84,30.84,30.84,655.0
2019-03-22 13:42:00,30.64,30.64,30.64,30.64,1288.0
2019-03-22 13:48:00,30.77,30.77,30.77,30.77,169.0
2019-03-22 13:51:00,30.8,30.8,30.8,30.8,105.0
2019-03-22 13:52:00,30.62,30.62,30.62,30.62,100.0
2019-03-22 13:53:00,30.77,30.77,30.77,30.77,274.0
2019-03-22 13:55:00,30.8,30.8,30.71,30.71,531.0
2019-03-22 13:56:00,30.71,30.71,30.71,30.71,387.0
2019-03-22 13:57:00,30.68,30.69,30.68,30.69,1108.0
2019-03-22 13:58:00,30.75,30.75,30.75,30.75,1300.0
2019-03-22 13:59:00,30.8,30.8,30.7,30.7,1797.0
2019-03-22 14:02:00,30.85,30.85,30.85,30.85,230.0
2019-03-22 14:06:00,30.8,30.8,30.8,30.8,1323.0
2019-03-22 14:07:00,30.92,30.92,30.92,30.92,615.0
2019-03-22 14:09:00,30.92,30.92,30.92,30.92,100.0
2019-03-22 14:10:00,30.92,30.92,30.92,30.92,200.0
2019-03-22 14:12:00,30.92,30.92,30.92,30.92,100.0
2019-03-22 14:13:00,31.17,31.17,30.92,30.92,3671.0
2019-03-22 14:15:00,30.94,30.94,30.94,30.94,100.0
2019-03-22 14:16:00,30.91,30.91,30.91,30.91,419.0
2019-03-22 14:22:00,31.0,31.0,31.0,31.0,100.0
2019-03-22 14:23:00,30.99,30.99,30.99,30.99,500.0
2019-03-22 14:28:00,30.99,30.99,30.98,30.99,400.0
2019-03-22 14:29:00,30.99,30.99,30.99,30.99,700.0
2019-03-22 14:30:00,30.685,30.685,30.685,30.685,625.0
2019-03-22 14:31:00,30.76,30.76,30.76,30.76,410.0
2019-03-22 14:32:00,30.83,30.87,30.83,30.87,1115.0
2019-03-22 14:33:00,30.98,30.98,30.98,30.98,296.0
2019-03-22 14:34:00,30.93,30.93,30.86,30.86,599.0
2019-03-22 14:43:00,30.95,30.95,30.95,30.95,100.0
2019-03-22 14:46:00,31.08,31.08,31.08,31.08,100.0
2019-03-22 14:49:00,30.95,30.95,30.95,30.95,771.0
2019-03-22 14:50:00,30.94,30.94,30.94,30.94,300.0
2019-03-22 14:54:00,30.9,30.9,30.9,30.9,100.0
2019-03-22 14:58:00,30.46,30.46,30.46,30.46,190.0
2019-03-22 15:04:00,30.83,30.83,30.83,30.83,132.0
2019-03-22 15:06:00,30.51,30.51,30.51,30.51,233.0
2019-03-22 15:10:00,30.48,30.48,30.48,30.48,231.0
2019-03-22 15:13:00,30.47,30.47,30.47,30.47,105.0
2019-03-22 15:16:00,30.47,30.66,30.47,30.66,613.0
2019-03-22 15:18:00,30.5,30.6,30.5,30.6,1324.0
2019-03-22 15:24:00,30.52,30.52,30.52,30.52,100.0
2019-03-22 15:25:00,30.66,30.66,30.66,30.66,938.0
2019-03-22 15:27:00,30.86,30.86,30.86,30.86,742.0
2019-03-22 15:28:00,30.85,30.85,30.85,30.85,127.0
2019-03-22 15:29:00,31.025,31.025,31.025,31.025,317.0
2019-03-22 15:31:00,30.82,30.82,30.82,30.82,100.0
2019-03-22 15:32:00,30.81,30.81,30.81,30.81,973.0
2019-03-22 15:37:00,30.56,30.56,30.56,30.56,100.0
2019-03-22 15:38:00,30.45,30.45,30.45,30.45,622.0
2019-03-22 15:43:00,30.515,30.515,30.405,30.405,510.0
2019-03-22 15:47:00,30.46,30.46,30.46,30.46,100.0
2019-03-22 15:48:00,30.515,30.515,30.515,30.515,600.0
2019-03-22 15:49:00,30.63,30.63,30.63,30.63,854.0
2019-03-22 15:50:00,30.78,30.78,30.78,30.78,100.0
2019-03-22 15:51:00,30.955,30.955,30.955,30.955,402.0
2019-03-22 15:52:00,30.9612,31.25,30.9612,31.25,200.0
2019-03-22 15:53:00,31.005,31.005,31.005,31.005,122.0
2019-03-22 15:54:00,31.07,31.07,30.82,30.82,1667.0
2019-03-22 15:55:00,30.75,30.75,30.75,30.75,1379.0
2019-03-22 15:56:00,30.85,30.85,30.85,30.85,375.0
2019-03-22 15:57:00,30.77,30.78,30.77,30.78,2793.0
2019-03-22 15:58:00,30.8,30.8,30.8,30.8,515.0
2019-03-22 15:59:00,30.8,30.8,30.8,30.8,492.0
2019-03-22 16:00:00,30.93,30.93,30.93,30.93,1487.0
2019-03-25 09:33:00,31.4,31.4,31.4,31.4,1609.0
2019-03-25 09:36:00,32.055,32.055,31.592,31.592,2233.0
2019-03-25 09:38:00,31.455,31.455,31.455,31.455,856.0
2019-03-25 09:39:00,31.465,31.465,31.465,31.465,1031.0
2019-03-25 09:41:00,31.41,31.41,31.41,31.41,2406.0
2019-03-25 09:42:00,31.5275,31.5275,31.5275,31.5275,321.0
2019-03-25 09:46:00,31.4,31.4,31.4,31.4,1357.0
2019-03-25 09:57:00,30.94,30.94,30.94,30.94,760.0
2019-03-25 09:58:00,31.2,31.2,31.2,31.2,269.0
2019-03-25 10:01:00,31.32,31.32,31.32,31.32,200.0
2019-03-25 10:03:00,31.42,31.42,31.42,31.42,650.0
2019-03-25 10:21:00,31.42,31.42,31.42,31.42,154.0
2019-03-25 10:34:00,31.42,31.42,31.42,31.42,309.0
2019-03-25 10:39:00,31.3988,31.4,31.3988,31.4,810.0
2019-03-25 10:47:00,31.33,31.33,31.33,31.33,100.0
2019-03-25 10:48:00,31.37,31.37,31.37,31.37,570.0
2019-03-25 10:51:00,31.37,31.37,31.37,31.37,200.0
2019-03-25 10:52:00,31.345,31.345,31.345,31.345,1269.0
2019-03-25 10:54:00,31.31,31.31,31.31,31.31,220.0
2019-03-25 10:55:00,31.29,31.29,31.29,31.29,900.0
2019-03-25 10:56:00,31.14,31.14,31.14,31.14,922.0
2019-03-25 11:12:00,31.22,31.22,31.22,31.22,100.0
2019-03-25 11:13:00,31.0883,31.0883,31.0883,31.0883,295.0
2019-03-25 11:15:00,31.19,31.19,31.19,31.19,100.0
2019-03-25 11:17:00,31.175,31.175,31.175,31.175,423.0
2019-03-25 11:18:00,31.175,31.175,31.175,31.175,1902.0
2019-03-25 11:21:00,31.35,31.35,31.35,31.35,262.0
2019-03-25 11:23:00,31.25,31.25,31.13,31.13,5706.0
2019-03-25 11:24:00,31.24,31.24,31.24,31.24,210.0
2019-03-25 11:25:00,31.23,31.23,31.23,31.23,278.0
2019-03-25 11:29:00,31.3,31.3,31.3,31.3,1341.0
2019-03-25 11:33:00,31.21,31.21,31.21,31.21,501.0
2019-03-25 11:49:00,31.24,31.24,31.24,31.24,110.0
2019-03-25 11:50:00,31.22,31.22,31.22,31.22,300.0
2019-03-25 11:51:00,31.17,31.17,31.17,31.17,702.0
2019-03-25 11:52:00,31.2,31.2402,31.2,31.2402,3401.0
2019-03-25 11:53:00,31.09,31.09,31.09,31.09,697.0
2019-03-25 11:55:00,31.145,31.145,31.145,31.145,101.0
2019-03-25 11:59:00,31.13,31.13,31.13,31.13,100.0
2019-03-25 12:01:00,31.2,31.2,31.2,31.2,100.0
2019-03-25 12:03:00,31.2,31.2,31.2,31.2,300.0
2019-03-25 12:05:00,31.2,31.2,31.2,31.2,300.0
2019-03-25 12:09:00,31.1236,31.1236,31.1236,31.1236,900.0
2019-03-25 12:15:00,31.17,31.17,31.17,31.17,340.0
2019-03-25 12:19:00,31.16,31.16,31.16,31.16,400.0
2019-03-25 12:23:00,31.115,31.1483,31.115,31.1483,4938.0
2019-03-25 12:24:00,31.13,31.13,31.13,31.13,700.0
2019-03-25 12:29:00,31.21,31.21,31.1575,31.1575,1756.0
2019-03-25 12:31:00,31.26,31.26,31.11,31.11,2234.0
2019-03-25 12:40:00,31.13,31.15,31.13,31.15,1749.0
2019-03-25 12:42:00,31.07,31.07,31.07,31.07,300.0
2019-03-25 12:44:00,31.0,31.0,31.0,31.0,100.0
2019-03-25 12:49:00,31.13,31.13,31.13,31.13,372.0
2019-03-25 12:53:00,31.0225,31.0225,31.0225,31.0225,500.0
2019-03-25 12:57:00,31.045,31.045,31.045,31.045,100.0
2019-03-25 12:58:00,31.0564,31.0564,31.0564,31.0564,2200.0
2019-03-25 13:04:00,31.045,31.045,31.045,31.045,200.0
2019-03-25 13:08:00,31.12,31.12,31.12,31.12,200.0
2019-03-25 13:12:00,31.15,31.15,31.15,31.15,286.0
2019-03-25 13:14:00,31.23,31.23,31.23,31.23,100.0
2019-03-25 13:15:00,31.32,31.32,31.32,31.32,1352.0
2019-03-25 13:16:00,31.27,31.27,31.27,31.27,523.0
2019-03-25 13:25:00,31.29,31.29,31.27,31.27,200.0
2019-03-25 13:28:00,31.2995,31.2995,31.2995,31.2995,1486.0
2019-03-25 13:29:00,31.3,31.3,31.18,31.18,1323.0
2019-03-25 13:37:00,31.32,31.32,31.32,31.32,1000.0
2019-03-25 13:38:00,31.41,31.41,31.41,31.41,200.0
2019-03-25 13:45:00,31.79,31.79,31.79,31.79,1236.0
2019-03-25 13:46:00,31.36,31.36,31.36,31.36,200.0
2019-03-25 13:47:00,31.21,31.21,31.21,31.21,200.0
2019-03-25 13:58:00,31.4,31.4,31.4,31.4,100.0
2019-03-25 14:03:00,31.37,31.37,31.37,31.37,100.0
2019-03-25 14:06:00,31.305,31.305,31.305,31.305,200.0
2019-03-25 14:08:00,31.42,31.42,31.42,31.42,200.0
2019-03-25 14:19:00,31.39,31.39,31.39,31.39,200.0
2019-03-25 14:21:00,31.42,31.42,31.42,31.42,100.0
2019-03-25 14:22:00,31.32,31.32,31.32,31.32,100.0
2019-03-25 14:24:00,31.3,31.3,31.3,31.3,500.0
2019-03-25 14:25:00,31.3,31.3,31.3,31.3,300.0
2019-03-25 14:28:00,31.43,31.43,31.43,31.43,100.0
2019-03-25 14:33:00,31.38,31.38,31.38,31.38,100.0
2019-03-25 14:35:00,31.32,31.32,31.32,31.32,500.0
2019-03-25 14:36:00,31.32,31.32,31.32,31.32,500.0
2019-03-25 14:38:00,31.29,31.295,31.21,31.21,2460.0
2019-03-25 14:43:00,31.3,31.3,31.3,31.3,320.0
2019-03-25 14:44:00,31.315,31.315,31.315,31.315,1081.0
2019-03-25 14:45:00,31.33,31.34,31.33,31.34,1160.0
2019-03-25 14:47:00,31.29,31.3,31.29,31.3,1322.0
2019-03-25 14:50:00,31.29,31.29,31.29,31.29,1200.0
2019-03-25 14:54:00,31.35,31.35,31.35,31.35,223.0
2019-03-25 15:00:00,31.39,31.39,31.39,31.39,490.0
2019-03-25 15:01:00,31.31,31.31,31.31,31.31,900.0
2019-03-25 15:02:00,31.48,31.48,31.48,31.48,657.0
2019-03-25 15:09:00,31.37,31.37,31.36,31.36,400.0
2019-03-25 15:14:00,31.31,31.31,31.31,31.31,485.0
2019-03-25 15:15:00,31.3,31.3,31.3,31.3,717.0
2019-03-25 15:22:00,31.47,31.47,31.47,31.47,202.0
2019-03-25 15:25:00,31.47,31.47,31.47,31.47,202.0
2019-03-25 15:27:00,31.13,31.13,31.13,31.13,200.0
2019-03-25 15:28:00,31.47,31.47,31.47,31.47,100.0
2019-03-25 15:32:00,31.31,31.31,31.31,31.31,200.0
2019-03-25 15:33:00,31.455,31.455,31.455,31.455,299.0
2019-03-25 15:36:00,31.44,31.44,31.44,31.44,101.0
2019-03-25 15:37:00,31.28,31.28,31.28,31.28,410.0
2019-03-25 15:38:00,31.3,31.3,31.29,31.3,3899.0
2019-03-25 15:40:00,31.265,31.28,31.265,31.28,1217.0
2019-03-25 15:41:00,31.28,31.28,31.28,31.28,343.0
2019-03-25 15:44:00,31.185,31.185,31.185,31.185,2188.0
2019-03-25 15:45:00,31.23,31.28,31.23,31.28,2349.0
2019-03-25 15:46:00,31.34,31.34,31.34,31.34,979.0
2019-03-25 15:47:00,31.39,31.39,31.39,31.39,470.0
2019-03-25 15:49:00,31.38,31.38,31.38,31.38,970.0
2019-03-25 15:50:00,31.34,31.34,31.34,31.34,511.0
2019-03-25 15:51:00,31.35,31.35,31.35,31.35,720.0
2019-03-25 15:52:00,31.35,31.35,31.35,31.35,800.0
2019-03-25 15:53:00,31.41,31.41,31.41,31.41,100.0
2019-03-25 15:54:00,31.4,31.4,31.4,31.4,335.0
2019-03-25 15:55:00,31.295,31.295,31.295,31.295,394.0
2019-03-25 15:56:00,31.41,31.41,31.41,31.41,400.0
2019-03-25 15:57:00,31.35,31.35,31.35,31.35,520.0
2019-03-25 15:58:00,31.49,31.49,31.4,31.4,1449.0
2019-03-25 15:59:00,31.49,31.49,31.49,31.49,1044.0
2019-03-25 16:00:00,31.61,31.71,31.61,31.71,4395.0
2019-03-26 09:31:00,31.52,31.52,31.52,31.52,0.0
2019-03-26 09:35:00,31.16,31.5,31.16,31.5,512.0
2019-03-26 09:39:00,31.085,31.085,31.085,31.085,100.0
2019-03-26 09:40:00,31.02,31.02,31.02,31.02,101.0
2019-03-26 09:43:00,31.04,31.04,31.04,31.04,184.0
2019-03-26 09:45:00,31.64,31.64,31.64,31.64,1000.0
2019-03-26 09:49:00,31.045,31.045,31.045,31.045,200.0
2019-03-26 09:51:00,31.36,31.36,31.36,31.36,201.0
2019-03-26 09:52:00,31.165,31.165,31.165,31.165,301.0
2019-03-26 09:53:00,31.3,31.3,31.3,31.3,111.0
2019-03-26 09:54:00,31.3,31.3,31.3,31.3,100.0
2019-03-26 09:57:00,31.4,31.4,31.4,31.4,795.0
2019-03-26 09:58:00,31.125,31.125,31.125,31.125,100.0
2019-03-26 10:00:00,31.175,31.175,31.175,31.175,102.0
2019-03-26 10:02:00,31.1,31.1,31.1,31.1,165.0
2019-03-26 10:04:00,31.3,31.3,31.3,31.3,1423.0
2019-03-26 10:08:00,31.16,31.4,31.16,31.4,1256.0
2019-03-26 10:12:00,31.47,31.69,31.47,31.69,3320.0
2019-03-26 10:13:00,31.58,31.58,31.58,31.58,1638.0
2019-03-26 10:14:00,31.68,31.68,31.68,31.68,400.0
2019-03-26 10:16:00,31.69,31.69,31.425,31.425,7713.0
2019-03-26 10:17:00,31.31,31.31,31.31,31.31,2240.0
2019-03-26 10:18:00,31.31,31.31,31.31,31.31,2500.0
2019-03-26 10:19:00,31.3,31.36,31.3,31.36,10800.0
2019-03-26 10:20:00,31.32,31.32,31.31,31.31,1160.0
2019-03-26 10:22:00,31.1798,31.1798,31.1798,31.1798,910.0
2019-03-26 10:23:00,31.24,31.24,31.24,31.24,901.0
2019-03-26 10:24:00,31.18,31.18,31.18,31.18,200.0
2019-03-26 10:25:00,31.25,31.25,31.25,31.25,240.0
2019-03-26 10:30:00,31.175,31.175,31.175,31.175,2125.0
2019-03-26 10:33:00,31.15,31.15,31.15,31.15,100.0
2019-03-26 10:34:00,31.07,31.07,31.07,31.07,900.0
2019-03-26 10:35:00,31.0,31.01,31.0,31.01,3592.0
2019-03-26 10:36:00,31.07,31.07,31.07,31.07,1980.0
2019-03-26 10:38:00,31.1,31.26,31.1,31.26,332.0
2019-03-26 10:45:00,31.0,31.0,31.0,31.0,105.0
2019-03-26 10:47:00,31.0,31.0,31.0,31.0,122.0
2019-03-26 10:48:00,31.0,31.0,31.0,31.0,105.0
2019-03-26 10:53:00,31.11,31.11,31.11,31.11,505.0
2019-03-26 10:54:00,31.01,31.01,31.01,31.01,100.0
2019-03-26 10:57:00,30.97,30.97,30.97,30.97,705.0
2019-03-26 10:59:00,30.995,30.995,30.995,30.995,100.0
2019-03-26 11:02:00,31.0,31.0,31.0,31.0,200.0
2019-03-26 11:04:00,30.975,30.975,30.975,30.975,208.0
2019-03-26 11:09:00,30.975,30.975,30.975,30.975,100.0
2019-03-26 11:11:00,30.975,30.975,30.975,30.975,305.0
2019-03-26 11:12:00,31.0,31.0,31.0,31.0,2576.0
2019-03-26 11:13:00,31.0,31.0,31.0,31.0,396.0
2019-03-26 11:14:00,31.0,31.0,31.0,31.0,296.0
2019-03-26 11:16:00,31.01,31.01,31.01,31.01,1309.0
2019-03-26 11:22:00,31.0,31.0,31.0,31.0,397.0
2019-03-26 11:25:00,30.97,30.97,30.97,30.97,326.0
2019-03-26 11:27:00,30.97,30.97,30.97,30.97,426.0
2019-03-26 11:28:00,31.0,31.0,31.0,31.0,100.0
2019-03-26 11:30:00,31.01,31.01,31.01,31.01,473.0
2019-03-26 11:31:00,31.0,31.0,31.0,31.0,200.0
2019-03-26 11:35:00,30.9975,30.9975,30.9975,30.9975,805.0
2019-03-26 11:39:00,31.025,31.025,31.025,31.025,806.0
2019-03-26 11:40:00,31.1,31.1,31.1,31.1,100.0
2019-03-26 11:44:00,31.015,31.015,31.015,31.015,105.0
2019-03-26 11:48:00,31.015,31.015,31.015,31.015,400.0
2019-03-26 11:49:00,31.055,31.055,31.055,31.055,0.0
2019-03-26 11:51:00,31.08,31.08,31.08,31.08,400.0
2019-03-26 11:54:00,31.11,31.11,31.11,31.11,350.0
2019-03-26 11:55:00,31.1,31.1,31.0005,31.01,1700.0
2019-03-26 11:56:00,31.0,31.0,31.0,31.0,200.0
2019-03-26 11:57:00,31.005,31.005,31.0,31.0,505.0
2019-03-26 11:58:00,30.96,30.96,30.96,30.96,150.0
2019-03-26 11:59:00,30.965,31.0,30.965,31.0,300.0
2019-03-26 12:00:00,31.01,31.01,31.01,31.01,100.0
2019-03-26 12:01:00,31.0,31.0,31.0,31.0,100.0
2019-03-26 12:04:00,31.0,31.0,31.0,31.0,305.0
2019-03-26 12:09:00,30.97,30.97,30.97,30.97,100.0
2019-03-26 12:13:00,30.995,30.995,30.995,30.995,300.0
2019-03-26 12:14:00,31.0,31.0,31.0,31.0,100.0
2019-03-26 12:16:00,30.995,31.04,30.995,31.04,673.0
2019-03-26 12:25:00,30.97,30.97,30.97,30.97,400.0
2019-03-26 12:28:00,30.97,30.97,30.97,30.97,100.0
2019-03-26 12:30:00,31.02,31.02,31.02,31.02,300.0
2019-03-26 12:32:00,30.97,30.97,30.97,30.97,212.0
2019-03-26 12:35:00,31.0,31.0,31.0,31.0,200.0
2019-03-26 12:38:00,31.0,31.0,31.0,31.0,400.0
2019-03-26 12:39:00,30.9975,30.9975,30.9975,30.9975,1000.0
2019-03-26 12:41:00,31.0,31.0,31.0,31.0,305.0
2019-03-26 12:45:00,31.05,31.05,31.05,31.05,795.0
2019-03-26 12:49:00,31.05,31.05,31.05,31.05,496.0
2019-03-26 12:53:00,31.06,31.06,31.06,31.06,105.0
2019-03-26 12:59:00,31.04,31.04,31.04,31.04,101.0
2019-03-26 13:01:00,31.03,31.03,31.03,31.03,310.0
2019-03-26 13:02:00,31.0,31.0,31.0,31.0,495.0
2019-03-26 13:03:00,31.0,31.0,31.0,31.0,1100.0
2019-03-26 13:04:00,31.0,31.0,31.0,31.0,793.0
2019-03-26 13:05:00,31.0,31.0,31.0,31.0,200.0
2019-03-26 13:06:00,31.0,31.0,31.0,31.0,200.0
2019-03-26 13:10:00,31.0,31.0,31.0,31.0,500.0
2019-03-26 13:11:00,30.99,31.0,30.99,31.0,5807.0
2019-03-26 13:12:00,31.0,31.02,31.0,31.0,0.0
2019-03-26 13:13:00,31.0,31.0,30.94,30.95,6710.0
2019-03-26 13:14:00,30.95,31.0,30.9325,31.0,3292.0
2019-03-26 13:15:00,31.02,31.02,31.02,31.02,700.0
2019-03-26 13:16:00,31.135,31.135,31.105,31.105,1604.0
2019-03-26 13:17:00,31.105,31.105,31.0,31.0,3839.0
2019-03-26 13:18:00,30.86,30.86,30.86,30.86,6192.0
2019-03-26 13:19:00,30.85,30.85,30.85,30.85,12507.0
2019-03-26 13:20:00,30.84,31.12,30.83,31.0,2680.0
2019-03-26 13:21:00,31.039,31.04,31.039,31.04,300.0
2019-03-26 13:24:00,31.0005,31.14,31.0005,31.1,0.0
2019-03-26 13:29:00,31.05,31.05,31.05,31.05,200.0
2019-03-26 13:34:00,31.03,31.03,31.03,31.03,275.0
2019-03-26 13:37:00,31.045,31.0825,31.045,31.0825,255.0
2019-03-26 13:39:00,31.03,31.1,31.03,31.1,295.0
2019-03-26 13:43:00,31.1,31.1,31.1,31.1,115.0
2019-03-26 13:47:00,31.15,31.15,31.15,31.15,661.0
2019-03-26 13:48:00,31.44,31.44,31.44,31.44,100.0
2019-03-26 13:50:00,31.38,31.38,31.38,31.38,140.0
2019-03-26 13:52:00,31.125,31.125,31.125,31.125,100.0
2019-03-26 13:55:00,31.1,31.1,31.1,31.1,1358.0
2019-03-26 13:57:00,31.1205,31.1205,31.1205,31.1205,230.0
2019-03-26 14:00:00,31.045,31.045,31.045,31.045,100.0
2019-03-26 14:03:00,31.045,31.045,31.045,31.045,100.0
2019-03-26 14:04:00,31.06,31.06,31.06,31.06,305.0
2019-03-26 14:07:00,31.1,31.1,31.1,31.1,700.0
2019-03-26 14:10:00,31.01,31.02,31.01,31.02,540.0
2019-03-26 14:13:00,31.05,31.05,31.05,31.05,100.0
2019-03-26 14:17:00,31.05,31.05,31.05,31.05,210.0
2019-03-26 14:20:00,30.995,30.995,30.995,30.995,200.0
2019-03-26 14:22:00,30.995,30.995,30.995,30.995,100.0
2019-03-26 14:24:00,30.985,30.985,30.985,30.985,100.0
2019-03-26 14:28:00,30.985,30.985,30.985,30.985,200.0
2019-03-26 14:30:00,30.985,31.1,30.985,31.1,205.0
2019-03-26 14:32:00,30.99,30.99,30.99,30.99,250.0
2019-03-26 14:36:00,30.985,30.985,30.985,30.985,150.0
2019-03-26 14:37:00,30.985,30.985,30.985,30.985,160.0
2019-03-26 14:41:00,30.985,30.985,30.985,30.985,155.0
2019-03-26 14:42:00,30.99,30.99,30.99,30.99,100.0
2019-03-26 14:44:00,31.095,31.095,31.095,31.095,200.0
2019-03-26 14:46:00,30.995,31.01,30.995,31.01,900.0
2019-03-26 14:47:00,31.0,31.03,31.0,31.03,3460.0
2019-03-26 14:49:00,31.0,31.0,31.0,31.0,100.0
2019-03-26 14:52:00,31.015,31.04,31.0,31.02,4182.0
2019-03-26 14:53:00,31.015,31.015,31.0,31.0,1620.0
2019-03-26 14:54:00,31.0002,31.01,31.0,31.01,4055.0
2019-03-26 14:55:00,31.0,31.0,30.99,30.99,4031.0
2019-03-26 14:56:00,31.0,31.0,31.0,31.0,929.0
2019-03-26 14:57:00,31.02,31.02,31.02,31.02,1280.0
2019-03-26 15:02:00,30.995,30.995,30.995,30.995,487.0
2019-03-26 15:05:00,31.04,31.04,31.04,31.04,320.0
2019-03-26 15:07:00,30.995,30.995,30.995,30.995,300.0
2019-03-26 15:08:00,31.03,31.03,30.99,31.0,2025.0
2019-03-26 15:11:00,31.0,31.0,30.98,31.0,4512.0
2019-03-26 15:12:00,30.99,30.99,30.99,30.99,772.0
2019-03-26 15:13:00,31.04,31.04,31.04,31.04,450.0
2019-03-26 15:14:00,31.09,31.09,31.03,31.03,1101.0
2019-03-26 15:15:00,31.04,31.04,30.99,30.99,2020.0
2019-03-26 15:17:00,31.0,31.0,31.0,31.0,100.0
2019-03-26 15:19:00,31.0,31.0,31.0,31.0,4400.0
2019-03-26 15:23:00,30.805,31.02,30.805,31.02,774.0
2019-03-26 15:24:00,31.05,31.05,31.05,31.05,694.0
2019-03-26 15:25:00,31.0,31.0095,31.0,31.0095,1380.0
2019-03-26 15:29:00,31.185,31.185,31.185,31.185,561.0
2019-03-26 15:30:00,31.0,31.0,31.0,31.0,825.0
2019-03-26 15:31:00,31.06,31.06,31.0,31.0,2747.0
2019-03-26 15:32:00,31.0,31.05,31.0,31.05,2020.0
2019-03-26 15:36:00,31.02,31.02,31.02,31.02,200.0
2019-03-26 15:37:00,31.05,31.05,31.05,31.05,200.0
2019-03-26 15:38:00,31.0,31.0,31.0,31.0,805.0
2019-03-26 15:39:00,31.0,31.0,31.0,31.0,520.0
2019-03-26 15:41:00,31.01,31.01,31.01,31.01,365.0
2019-03-26 15:42:00,31.0,31.0,31.0,31.0,300.0
2019-03-26 15:43:00,31.0,31.0,31.0,31.0,591.0
2019-03-26 15:45:00,31.0,31.0,31.0,31.0,1200.0
2019-03-26 15:46:00,31.03,31.03,31.03,31.03,885.0
2019-03-26 15:49:00,31.0,31.0,31.0,31.0,500.0
2019-03-26 15:50:00,31.125,31.125,31.125,31.125,420.0
2019-03-26 15:52:00,30.995,30.995,30.995,30.995,600.0
2019-03-26 15:53:00,31.0,31.0,31.0,31.0,1105.0
2019-03-26 15:55:00,31.0,31.0,31.0,31.0,10320.0
2019-03-26 15:56:00,31.04,31.04,31.005,31.005,3569.0
2019-03-26 15:58:00,31.05,31.05,31.05,31.05,695.0
2019-03-26 15:59:00,31.09,31.25,31.09,31.25,1882.0
2019-03-26 16:00:00,31.14,31.15,31.14,31.15,3912.0
2019-03-27 09:31:00,31.01,31.01,31.01,31.01,300.0
2019-03-27 09:35:00,30.795,30.795,30.795,30.795,100.0
2019-03-27 09:36:00,30.795,30.795,30.795,30.795,100.0
2019-03-27 09:38:00,30.795,30.795,30.795,30.795,100.0
2019-03-27 09:39:00,31.0,31.015,31.0,31.015,200.0
2019-03-27 09:42:00,30.8,30.8,30.8,30.8,100.0
2019-03-27 09:43:00,30.9,31.0,30.8,31.0,1800.0
2019-03-27 09:48:00,30.91,30.91,30.91,30.91,100.0
2019-03-27 09:49:00,30.91,30.98,30.91,30.95,6900.0
2019-03-27 09:50:00,31.0,31.02,30.85,30.91,13753.0
2019-03-27 09:51:00,30.935,30.935,30.795,30.895,16936.0
2019-03-27 09:52:00,30.895,30.895,30.75,30.75,1470.0
2019-03-27 09:53:00,30.655,30.895,30.655,30.7405,2900.0
2019-03-27 09:54:00,30.75,30.8,30.75,30.8,200.0
2019-03-27 09:57:00,30.8,30.8,30.75,30.8,7020.0
2019-03-27 09:58:00,30.83,30.98,30.76,30.83,1534.0
2019-03-27 10:00:00,30.8,30.8,30.8,30.8,100.0
2019-03-27 10:02:00,30.77,30.77,30.77,30.77,100.0
2019-03-27 10:04:00,30.775,30.87,30.775,30.87,200.0
2019-03-27 10:05:00,30.85,30.85,30.85,30.85,100.0
2019-03-27 10:06:00,30.775,30.775,30.775,30.775,100.0
2019-03-27 10:08:00,30.795,30.86,30.795,30.86,300.0
2019-03-27 10:10:00,30.795,30.795,30.795,30.795,100.0
2019-03-27 10:11:00,30.795,30.795,30.795,30.795,100.0
2019-03-27 10:12:00,30.81,30.9,30.8,30.8,17000.0
2019-03-27 10:13:00,30.7375,30.9,30.7375,30.9,1673.0
2019-03-27 10:15:00,30.895,30.9,30.8807,30.9,500.0
2019-03-27 10:21:00,30.75,30.75,30.75,30.75,200.0
2019-03-27 10:24:00,30.75,30.75,30.75,30.75,100.0
2019-03-27 10:25:00,30.84,30.99,30.84,30.99,850.0
2019-03-27 10:26:00,30.99,30.99,30.99,30.99,200.0
2019-03-27 10:27:00,30.99,31.05,30.97,31.05,2100.0
2019-03-27 10:28:00,31.05,31.05,31.05,31.05,300.0
2019-03-27 10:34:00,30.74,30.74,30.74,30.74,100.0
2019-03-27 10:35:00,30.74,30.74,30.74,30.74,100.0
2019-03-27 10:37:00,30.74,31.01,30.74,31.01,300.0
2019-03-27 10:38:00,31.0,31.0,31.0,31.0,701.0
2019-03-27 10:40:00,30.745,30.745,30.745,30.745,100.0
2019-03-27 10:41:00,30.89,31.0,30.74,30.9,15727.0
2019-03-27 10:42:00,30.86,30.9,30.7,30.7,5375.0
2019-03-27 10:43:00,30.59,30.75,30.59,30.6202,1317.0
2019-03-27 10:44:00,30.6205,30.635,30.575,30.575,654.0
2019-03-27 10:45:00,30.525,30.7,30.525,30.7,1427.0
2019-03-27 10:46:00,30.6525,30.7,30.65,30.65,400.0
2019-03-27 10:47:00,30.7,30.7,30.575,30.6,300.0
2019-03-27 10:48:00,30.63,30.7,30.6015,30.7,300.0
2019-03-27 10:49:00,30.68,30.68,30.675,30.675,500.0
2019-03-27 10:50:00,30.63,30.63,30.6,30.6,200.0
2019-03-27 10:51:00,30.6,30.6,30.6,30.6,200.0
2019-03-27 10:52:00,30.575,30.6,30.575,30.6,200.0
2019-03-27 10:53:00,30.6,30.65,30.6,30.65,246.0
2019-03-27 10:54:00,30.6,30.6,30.6,30.6,200.0
2019-03-27 10:55:00,30.55,30.6,30.55,30.6,225.0
2019-03-27 10:58:00,30.65,30.65,30.61,30.61,225.0
2019-03-27 11:00:00,30.6,30.6,30.6,30.6,100.0
2019-03-27 11:01:00,30.6,30.6,30.6,30.6,215.0
2019-03-27 11:05:00,30.5,30.5,30.365,30.365,200.0
2019-03-27 11:07:00,30.46,30.645,30.4,30.525,2565.0
2019-03-27 11:08:00,30.55,30.55,30.45,30.45,1000.0
2019-03-27 11:10:00,30.5,30.5,30.5,30.5,400.0
2019-03-27 11:12:00,30.5,30.55,30.5,30.55,400.0
2019-03-27 11:14:00,30.285,30.55,30.285,30.55,300.0
2019-03-27 11:15:00,30.5,30.55,30.5,30.55,400.0
2019-03-27 11:16:00,30.46,30.57,30.46,30.57,1100.0
2019-03-27 11:23:00,30.21,30.21,30.21,30.21,100.0
2019-03-27 11:24:00,30.35,30.35,30.35,30.35,100.0
2019-03-27 11:26:00,30.12,30.54,30.12,30.54,294.0
2019-03-27 11:27:00,30.5,30.5,30.5,30.5,100.0
2019-03-27 11:29:00,30.3054,30.5,30.225,30.5,500.0
2019-03-27 11:30:00,30.5,30.54,30.485,30.54,700.0
2019-03-27 11:32:00,30.54,30.54,30.5,30.51,400.0
2019-03-27 11:37:00,30.17,30.5,30.17,30.5,400.0
2019-03-27 11:40:00,30.17,30.5,30.17,30.45,600.0
2019-03-27 11:44:00,30.5,30.5,30.475,30.475,720.0
2019-03-27 11:45:00,30.5,30.5,30.5,30.5,140.0
2019-03-27 11:46:00,30.5,30.5,30.5,30.5,100.0
2019-03-27 11:47:00,30.5,30.5,30.36,30.36,200.0
2019-03-27 11:49:00,30.315,30.315,30.315,30.315,100.0
2019-03-27 11:50:00,30.51,30.51,30.51,30.51,100.0
2019-03-27 11:51:00,30.5,30.5,30.5,30.5,300.0
2019-03-27 11:52:00,30.55,30.7,30.45,30.45,700.0
2019-03-27 11:53:00,30.8,30.8,30.67,30.8,1200.0
2019-03-27 11:54:00,30.725,30.8,30.725,30.8,700.0
2019-03-27 11:55:00,30.705,30.8,30.7,30.7,500.0
2019-03-27 11:56:00,30.71,31.04,30.71,31.04,1865.0
2019-03-27 12:06:00,30.61,30.61,30.61,30.61,720.0
2019-03-27 12:09:00,30.61,30.68,30.61,30.68,301.0
2019-03-27 12:11:00,30.795,30.795,30.795,30.795,100.0
2019-03-27 12:12:00,30.78,30.78,30.78,30.78,100.0
2019-03-27 12:15:00,30.65,30.65,30.635,30.635,200.0
2019-03-27 12:19:00,30.57,30.57,30.57,30.57,100.0
2019-03-27 12:20:00,30.665,30.665,30.665,30.665,100.0
2019-03-27 12:24:00,30.56,30.56,30.56,30.56,100.0
2019-03-27 12:25:00,30.57,30.57,30.53,30.53,800.0
2019-03-27 12:28:00,30.485,30.485,30.485,30.485,100.0
2019-03-27 12:29:00,30.345,30.5,30.345,30.5,200.0
2019-03-27 12:30:00,30.5005,30.51,30.5005,30.51,200.0
2019-03-27 12:31:00,30.54,30.66,30.53,30.66,500.0
2019-03-27 12:32:00,30.565,30.565,30.565,30.565,100.0
2019-03-27 12:33:00,30.56,30.57,30.5,30.5,610.0
2019-03-27 12:38:00,30.38,30.38,30.38,30.38,100.0
2019-03-27 12:39:00,30.39,30.39,30.39,30.39,100.0
2019-03-27 12:42:00,30.445,30.69,30.445,30.69,720.0
2019-03-27 12:43:00,30.65,31.17,30.65,30.905,3830.0
2019-03-27 12:44:00,30.905,30.965,30.75,30.75,28878.0
2019-03-27 12:45:00,30.86,30.86,30.71,30.7449,6300.0
2019-03-27 12:46:00,30.8,30.8,30.6,30.7,1400.0
2019-03-27 12:47:00,30.725,30.73,30.55,30.73,2890.0
2019-03-27 12:51:00,30.7025,30.7025,30.7025,30.7025,100.0
2019-03-27 12:52:00,30.7025,30.7025,30.7025,30.7025,100.0
2019-03-27 12:53:00,30.77,30.77,30.77,30.77,300.0
2019-03-27 12:54:00,30.77,30.78,30.72,30.72,810.0
2019-03-27 12:55:00,30.72,30.72,30.72,30.72,305.0
2019-03-27 12:58:00,30.7,30.71,30.64,30.71,910.0
2019-03-27 12:59:00,30.73,30.78,30.73,30.78,300.0
2019-03-27 13:06:00,30.74,30.74,30.74,30.74,850.0
2019-03-27 13:07:00,30.735,30.735,30.735,30.735,720.0
2019-03-27 13:09:00,30.83,30.83,30.83,30.83,200.0
2019-03-27 13:11:00,30.8,30.8,30.8,30.8,1900.0
2019-03-27 13:14:00,30.78,30.78,30.78,30.78,100.0
2019-03-27 13:15:00,30.8,30.8,30.8,30.8,276.0
2019-03-27 13:20:00,30.45,30.45,30.45,30.45,110.0
2019-03-27 13:21:00,30.5625,30.99,30.5625,30.78,5100.0
2019-03-27 13:23:00,30.8,30.8,30.8,30.8,310.0
2019-03-27 13:27:00,30.67,30.67,30.67,30.67,100.0
2019-03-27 13:28:00,30.78,30.78,30.78,30.78,100.0
2019-03-27 13:31:00,30.78,30.78,30.78,30.78,200.0
2019-03-27 13:34:00,30.79,30.81,30.79,30.81,820.0
2019-03-27 13:42:00,30.96,30.96,30.51,30.51,200.0
2019-03-27 13:43:00,30.46,30.46,30.46,30.46,100.0
2019-03-27 13:44:00,30.75,30.75,30.75,30.75,110.0
2019-03-27 13:46:00,30.65,30.77,30.65,30.77,700.0
2019-03-27 13:47:00,30.85,30.85,30.76,30.76,400.0
2019-03-27 13:51:00,30.48,30.48,30.48,30.48,100.0
2019-03-27 13:53:00,30.505,30.505,30.505,30.505,100.0
2019-03-27 13:54:00,30.5775,30.5775,30.5775,30.5775,100.0
2019-03-27 13:57:00,30.505,30.505,30.505,30.505,100.0
2019-03-27 13:59:00,30.48,30.7,30.48,30.7,500.0
2019-03-27 14:00:00,30.555,30.75,30.555,30.75,9801.0
2019-03-27 14:02:00,30.7,30.77,30.7,30.77,300.0
2019-03-27 14:03:00,30.8,30.8,30.78,30.78,301.0
2019-03-27 14:05:00,30.73,30.73,30.73,30.73,150.0
2019-03-27 14:06:00,30.71,30.71,30.71,30.71,310.0
2019-03-27 14:07:00,30.72,30.72,30.7,30.7,330.0
2019-03-27 14:08:00,30.69,30.7,30.58,30.7,810.0
2019-03-27 14:09:00,30.69,30.69,30.605,30.66,6100.0
2019-03-27 14:10:00,30.6605,30.73,30.6601,30.7,1100.0
2019-03-27 14:11:00,30.64,30.64,30.64,30.64,100.0
2019-03-27 14:12:00,30.66,30.71,30.66,30.705,4040.0
2019-03-27 14:14:00,30.705,30.705,30.705,30.705,200.0
2019-03-27 14:17:00,30.59,30.59,30.59,30.59,100.0
2019-03-27 14:20:00,30.595,30.595,30.595,30.595,100.0
2019-03-27 14:23:00,30.595,30.595,30.595,30.595,100.0
2019-03-27 14:25:00,30.4801,30.6,30.4801,30.6,1100.0
2019-03-27 14:27:00,30.83,30.83,30.83,30.83,200.0
2019-03-27 14:30:00,30.655,30.655,30.655,30.655,100.0
2019-03-27 14:32:00,30.675,30.675,30.675,30.675,100.0
2019-03-27 14:34:00,30.695,30.92,30.695,30.92,300.0
2019-03-27 14:35:00,30.85,30.85,30.68,30.68,610.0
2019-03-27 14:36:00,30.74,30.74,30.74,30.74,100.0
2019-03-27 14:37:00,30.75,30.75,30.75,30.75,100.0
2019-03-27 14:42:00,30.68,30.68,30.68,30.68,100.0
2019-03-27 14:44:00,30.68,30.68,30.68,30.68,100.0
2019-03-27 14:45:00,30.76,30.76,30.76,30.76,1096.0
2019-03-27 14:48:00,30.675,30.675,30.675,30.675,100.0
2019-03-27 14:49:00,30.68,30.76,30.68,30.76,200.0
2019-03-27 14:52:00,30.725,30.725,30.725,30.725,100.0
2019-03-27 14:53:00,30.685,30.685,30.685,30.685,100.0
2019-03-27 14:54:00,30.685,30.685,30.685,30.685,100.0
2019-03-27 14:55:00,30.7605,30.8,30.7325,30.79,1000.0
2019-03-27 14:57:00,30.775,30.775,30.775,30.775,200.0
2019-03-27 14:59:00,30.775,30.775,30.775,30.775,100.0
2019-03-27 15:00:00,30.83,30.89,30.83,30.89,872.0
2019-03-27 15:05:00,31.11,31.22,31.11,31.22,200.0
2019-03-27 15:06:00,31.0,31.0,31.0,31.0,100.0
2019-03-27 15:07:00,30.865,30.865,30.865,30.865,190.0
2019-03-27 15:10:00,30.855,30.9725,30.855,30.9725,300.0
2019-03-27 15:11:00,30.95,31.01,30.95,31.01,902.0
2019-03-27 15:12:00,31.0,31.0,30.99,30.99,400.0
2019-03-27 15:17:00,30.95,30.95,30.94,30.94,200.0
2019-03-27 15:19:00,30.875,31.0,30.875,31.0,200.0
2019-03-27 15:22:00,31.0,31.0,30.84,30.865,400.0
2019-03-27 15:24:00,30.98,30.98,30.98,30.98,100.0
2019-03-27 15:25:00,31.0,31.0,30.995,31.0,655.0
2019-03-27 15:27:00,31.005,31.005,31.005,31.005,100.0
2019-03-27 15:30:00,31.01,31.01,30.99,30.99,400.0
2019-03-27 15:32:00,31.01,31.08,31.01,31.015,600.0
2019-03-27 15:35:00,31.23,31.23,31.23,31.23,129.0
2019-03-27 15:38:00,30.995,31.105,30.995,31.105,500.0
2019-03-27 15:39:00,31.025,31.025,31.025,31.025,129.0
2019-03-27 15:41:00,31.04,31.055,31.04,31.055,600.0
2019-03-27 15:42:00,31.055,31.055,31.055,31.055,200.0
2019-03-27 15:43:00,31.055,31.055,31.055,31.055,100.0
2019-03-27 15:44:00,31.055,31.19,31.055,31.19,400.0
2019-03-27 15:45:00,31.135,31.135,31.135,31.135,100.0
2019-03-27 15:46:00,31.065,31.065,31.065,31.065,250.0
2019-03-27 15:47:00,31.08,31.08,31.08,31.08,455.0
2019-03-27 15:48:00,31.09,31.09,31.09,31.09,100.0
2019-03-27 15:49:00,31.08,31.08,31.08,31.08,200.0
2019-03-27 15:50:00,31.17,31.2,31.15,31.19,826.0
2019-03-27 15:51:00,31.17,31.185,31.17,31.185,538.0
2019-03-27 15:53:00,31.14,31.14,31.14,31.14,100.0
2019-03-27 15:54:00,31.14,31.155,31.14,31.155,389.0
2019-03-27 15:55:00,31.155,31.155,31.13,31.13,250.0
2019-03-27 15:56:00,31.135,31.21,31.135,31.21,200.0
2019-03-27 15:57:00,31.135,31.23,31.135,31.14,748.0
2019-03-27 15:58:00,31.145,31.145,31.145,31.145,240.0
2019-03-27 15:59:00,31.22,31.32,31.19,31.32,1573.0
2019-03-27 16:00:00,31.32,31.365,31.09,31.34,2163.0
2019-03-28 09:31:00,31.32,31.32,31.32,31.32,0.0
2019-03-28 09:56:00,31.11,31.11,31.11,31.11,100.0
2019-03-28 09:57:00,30.76,30.82,30.69,30.82,891.0
2019-03-28 10:12:00,31.12,31.12,31.101,31.101,220.0
2019-03-28 10:40:00,31.6,31.6,31.26,31.26,218.0
2019-03-28 11:14:00,31.25,31.25,31.25,31.25,100.0
2019-03-28 11:16:00,31.08,31.08,30.995,30.995,752.0
2019-03-28 11:44:00,31.08,31.16,31.075,31.075,354.0
2019-03-28 11:55:00,31.15,31.2,30.9955,31.0855,573.0
2019-03-28 11:58:00,31.06,31.06,31.06,31.06,210.0
2019-03-28 11:59:00,31.06,31.18,30.92,31.14,605.0
2019-03-28 12:13:00,31.32,31.32,31.32,31.32,248.0
2019-03-28 12:55:00,31.52,31.52,31.52,31.52,110.0
2019-03-28 13:00:00,31.25,31.25,31.25,31.25,109.0
2019-03-28 13:10:00,31.54,31.54,31.54,31.54,100.0
2019-03-28 13:21:00,31.53,31.53,31.53,31.53,168.0
2019-03-28 13:39:00,31.435,31.4493,31.435,31.4493,314.0
2019-03-28 13:50:00,31.5,31.59,31.5,31.59,246.0
2019-03-28 13:53:00,32.02,32.02,32.02,32.02,107.0
2019-03-28 14:03:00,31.675,31.675,31.675,31.675,166.0
2019-03-28 14:16:00,31.51,31.51,31.51,31.51,116.0
2019-03-28 14:34:00,32.05,32.05,32.05,32.05,104.0
2019-03-28 14:37:00,31.735,31.735,31.735,31.735,107.0
2019-03-28 15:09:00,32.06,32.06,32.06,32.06,219.0
2019-03-28 15:19:00,31.9,31.9,31.9,31.9,222.0
2019-03-28 15:24:00,31.83,31.87,31.75,31.75,1059.0
2019-03-28 15:25:00,32.11,32.11,32.11,32.11,497.0
2019-03-28 15:43:00,31.94,31.94,31.94,31.94,105.0
2019-03-28 15:55:00,32.24,32.24,32.24,32.24,105.0
2019-03-28 15:59:00,31.92,31.92,31.92,31.92,164.0
2019-03-28 16:00:00,32.25,32.25,32.095,32.095,852.0
2019-03-29 09:40:00,32.145,32.145,32.145,32.145,0.0
2019-03-29 09:44:00,32.47,32.47,32.47,32.47,170.0
2019-03-29 09:45:00,33.005,33.005,33.005,33.005,100.0
2019-03-29 09:51:00,32.88,32.88,32.88,32.88,100.0
2019-03-29 09:53:00,32.46,32.46,32.46,32.46,105.0
2019-03-29 10:03:00,33.1345,33.1345,33.1345,33.1345,500.0
2019-03-29 10:07:00,32.9758,32.9758,32.68,32.68,700.0
2019-03-29 10:09:00,32.885,32.885,32.885,32.885,146.0
2019-03-29 10:17:00,32.71,32.71,32.71,32.71,200.0
2019-03-29 10:23:00,32.75,32.75,32.75,32.75,120.0
2019-03-29 10:30:00,32.63,32.63,32.505,32.55,864.0
2019-03-29 10:31:00,32.7,32.7,32.13,32.18,1890.0
2019-03-29 10:32:00,32.0,32.1295,32.0,32.0,2743.0
2019-03-29 10:37:00,31.95,31.95,31.95,31.95,100.0
2019-03-29 10:41:00,31.945,31.945,31.945,31.945,100.0
2019-03-29 10:54:00,32.135,32.135,32.135,32.135,100.0
2019-03-29 11:06:00,32.0,32.0,32.0,32.0,100.0
2019-03-29 11:16:00,32.13,32.13,32.13,32.13,146.0
2019-03-29 11:17:00,32.025,32.025,32.0,32.015,742.0
2019-03-29 11:22:00,32.09,32.09,32.09,32.09,108.0
2019-03-29 11:28:00,32.0,32.0595,32.0,32.0595,400.0
2019-03-29 11:29:00,32.05,32.18,32.02,32.02,1558.0
2019-03-29 11:30:00,32.04,32.04,32.04,32.04,100.0
2019-03-29 11:32:00,32.01,32.05,31.96,32.05,1960.0
2019-03-29 11:35:00,32.14,32.14,32.09,32.09,458.0
2019-03-29 11:37:00,32.185,32.185,32.185,32.185,260.0
2019-03-29 11:39:00,32.2,32.23,32.1825,32.1825,720.0
2019-03-29 11:41:00,31.98,31.98,31.98,31.98,166.0
2019-03-29 11:43:00,31.98,31.98,31.98,31.98,120.0
2019-03-29 11:50:00,32.165,32.165,32.165,32.165,189.0
2019-03-29 11:56:00,32.185,32.185,32.185,32.185,100.0
2019-03-29 11:57:00,32.185,32.185,32.185,32.185,370.0
2019-03-29 11:58:00,32.135,32.2,32.12,32.175,2260.0
2019-03-29 11:59:00,32.25,32.25,32.135,32.135,300.0
2019-03-29 12:04:00,32.05,32.05,32.05,32.05,100.0
2019-03-29 12:09:00,32.09,32.09,32.09,32.09,100.0
2019-03-29 12:10:00,32.0,32.0,32.0,32.0,100.0
2019-03-29 12:15:00,32.18,32.18,32.08,32.08,381.0
2019-03-29 12:29:00,32.15,32.15,32.15,32.15,100.0
2019-03-29 12:30:00,32.15,32.15,32.1,32.1,519.0
2019-03-29 12:31:00,32.195,32.195,32.195,32.195,600.0
2019-03-29 12:32:00,32.1,32.14,32.1,32.14,330.0
2019-03-29 12:36:00,32.235,32.235,32.235,32.235,166.0
2019-03-29 12:37:00,32.255,32.665,32.255,32.32,600.0
2019-03-29 12:39:00,32.2,32.2,32.2,32.2,100.0
2019-03-29 12:43:00,32.63,32.63,32.21,32.21,500.0
2019-03-29 12:44:00,32.23,32.275,32.19,32.275,914.0
2019-03-29 12:55:00,32.27,32.27,32.27,32.27,125.0
2019-03-29 12:59:00,32.125,32.25,32.12,32.12,590.0
2019-03-29 13:09:00,32.38,32.38,32.38,32.38,101.0
2019-03-29 13:12:00,32.25,32.25,32.25,32.25,130.0
2019-03-29 13:14:00,32.22,32.22,32.0,32.0,623.0
2019-03-29 13:15:00,32.315,32.315,32.315,32.315,100.0
2019-03-29 13:17:00,32.0,32.02,32.0,32.0,6600.0
2019-03-29 13:18:00,32.0,32.15,31.94,31.94,800.0
2019-03-29 13:19:00,32.0,32.0,32.0,32.0,2865.0
2019-03-29 13:25:00,32.0,32.0,32.0,32.0,100.0
2019-03-29 13:28:00,31.84,31.84,31.81,31.81,200.0
2019-03-29 13:29:00,32.0,32.0,31.99,31.99,600.0
2019-03-29 13:35:00,32.0,32.0,32.0,32.0,200.0
2019-03-29 13:36:00,32.0,32.0,32.0,32.0,100.0
2019-03-29 13:40:00,32.0,32.0,31.99,31.99,500.0
2019-03-29 13:41:00,31.99,31.99,31.99,31.99,100.0
2019-03-29 13:42:00,32.18,32.18,32.18,32.18,120.0
2019-03-29 13:51:00,32.0,32.14,32.0,32.0,400.0
2019-03-29 13:52:00,32.135,32.135,32.135,32.135,100.0
2019-03-29 13:55:00,32.11,32.135,32.0625,32.1112,400.0
2019-03-29 13:59:00,32.08,32.08,32.08,32.08,243.0
2019-03-29 14:02:00,32.09,32.1,32.09,32.1,700.0
2019-03-29 14:04:00,32.18,32.18,32.18,32.18,266.0
2019-03-29 14:05:00,32.34,32.34,32.34,32.34,142.0
2019-03-29 14:24:00,32.34,32.34,32.34,32.34,100.0
2019-03-29 14:45:00,32.2792,32.2792,32.2792,32.2792,140.0
2019-03-29 14:50:00,32.335,32.335,32.335,32.335,100.0
2019-03-29 14:54:00,32.445,32.445,32.25,32.25,204.0
2019-03-29 14:55:00,32.25,32.25,32.25,32.25,101.0
2019-03-29 15:10:00,32.2,32.2,32.15,32.15,1522.0
2019-03-29 15:18:00,32.26,32.26,32.26,32.26,100.0
2019-03-29 15:32:00,32.26,32.26,32.26,32.26,100.0
2019-03-29 15:33:00,32.25,32.25,32.18,32.18,200.0
2019-03-29 15:35:00,32.215,32.215,32.215,32.215,100.0
2019-03-29 15:36:00,32.26,32.26,32.225,32.225,493.0
2019-03-29 15:44:00,32.26,32.26,32.19,32.19,1158.0
2019-03-29 15:45:00,32.25,32.37,32.21,32.37,1112.0
2019-03-29 15:46:00,32.37,32.37,32.37,32.37,105.0
2019-03-29 15:48:00,32.38,32.38,32.38,32.38,300.0
2019-03-29 15:49:00,32.38,32.39,32.37,32.38,800.0
2019-03-29 15:50:00,32.3,32.44,32.3,32.34,4187.0
2019-03-29 15:52:00,32.435,32.435,32.435,32.435,100.0
2019-03-29 15:57:00,32.43,32.43,32.43,32.43,100.0
2019-03-29 15:58:00,32.44,32.44,32.35,32.35,1340.0
2019-03-29 15:59:00,32.34,32.34,32.34,32.34,460.0
2019-03-29 16:00:00,32.3,32.3,32.3,32.3,841.0
2019-04-01 09:31:00,32.15,32.15,32.15,32.15,0.0
2019-04-01 09:38:00,32.04,32.04,32.04,32.04,613.0
2019-04-01 09:39:00,32.2,32.2,32.2,32.2,241.0
2019-04-01 09:42:00,32.1025,32.1025,32.1025,32.1025,294.0
2019-04-01 10:01:00,32.55,32.55,32.55,32.55,3698.0
2019-04-01 10:05:00,32.0,32.0,32.0,32.0,11069.0
2019-04-01 10:07:00,31.15,31.15,31.15,31.15,244.0
2019-04-01 10:10:00,31.7515,31.7515,31.7515,31.7515,1143.0
2019-04-01 10:11:00,31.91,31.91,31.91,31.91,957.0
2019-04-01 10:17:00,32.17,32.17,32.17,32.17,100.0
2019-04-01 10:25:00,32.0,32.0,32.0,32.0,1511.0
2019-04-01 10:30:00,31.8,31.8,31.8,31.8,4700.0
2019-04-01 10:33:00,32.0,32.0,32.0,32.0,1399.0
2019-04-01 10:37:00,31.84,31.84,31.84,31.84,200.0
2019-04-01 10:38:00,32.0,32.0,32.0,32.0,105.0
2019-04-01 10:41:00,32.0,32.0,32.0,32.0,110.0
2019-04-01 10:47:00,32.0,32.0,32.0,32.0,279.0
2019-04-01 11:00:00,32.0,32.0,32.0,32.0,260.0
2019-04-01 11:03:00,31.8522,31.8522,31.8522,31.8522,905.0
2019-04-01 11:05:00,31.99,31.99,31.99,31.99,384.0
2019-04-01 11:43:00,32.0,32.0,32.0,32.0,2010.0
2019-04-01 11:54:00,32.01,32.01,32.01,32.01,325.0
2019-04-01 13:31:00,32.085,32.085,32.085,32.085,110.0
2019-04-01 13:43:00,31.99,31.99,31.99,31.99,110.0
2019-04-01 13:56:00,31.94,31.95,31.94,31.95,667.0
2019-04-01 14:04:00,31.9,31.9,31.9,31.9,190.0
2019-04-01 14:36:00,31.95,31.95,31.95,31.95,483.0
2019-04-01 14:37:00,31.95,31.9958,31.95,31.9958,1755.0
2019-04-01 14:38:00,31.89,31.89,31.85,31.85,5397.0
2019-04-01 14:45:00,31.91,31.91,31.91,31.91,175.0
2019-04-01 14:48:00,31.82,31.82,31.82,31.82,600.0
2019-04-01 14:52:00,31.81,31.81,31.81,31.81,500.0
2019-04-01 14:53:00,31.81,31.81,31.81,31.81,210.0
2019-04-01 14:54:00,31.8,31.8,31.8,31.8,715.0
2019-04-01 14:56:00,31.95,32.04,31.95,31.99,6490.0
2019-04-01 14:57:00,32.125,32.125,32.125,32.125,400.0
2019-04-01 14:59:00,31.9,31.9,31.9,31.9,712.0
2019-04-01 15:01:00,32.0,32.0,32.0,32.0,500.0
2019-04-01 15:04:00,31.99,31.99,31.99,31.99,100.0
2019-04-01 15:05:00,32.0,32.0,32.0,32.0,100.0
2019-04-01 15:08:00,32.0,32.0,32.0,32.0,200.0
2019-04-01 15:13:00,32.0,32.0,32.0,32.0,310.0
2019-04-01 15:16:00,31.88,31.88,31.88,31.88,420.0
2019-04-01 15:18:00,31.885,31.885,31.885,31.885,110.0
2019-04-01 15:22:00,32.0,32.0,32.0,32.0,100.0
2019-04-01 15:26:00,32.1275,32.1275,31.91,31.91,1222.0
2019-04-01 15:29:00,32.0,32.0,32.0,32.0,1102.0
2019-04-01 15:30:00,31.905,31.905,31.905,31.905,300.0
2019-04-01 15:33:00,31.9,31.9,31.9,31.9,310.0
2019-04-01 15:35:00,31.9,31.9,31.9,31.9,1820.0
2019-04-01 15:38:00,32.03,32.03,32.03,32.03,100.0
2019-04-01 15:40:00,31.83,31.83,31.83,31.83,105.0
2019-04-01 15:42:00,32.0,32.0,32.0,32.0,220.0
2019-04-01 15:44:00,31.9,31.9,31.9,31.9,230.0
2019-04-01 15:51:00,32.03,32.03,32.03,32.03,226.0
2019-04-01 15:55:00,31.9,31.9,31.9,31.9,125.0
2019-04-01 15:57:00,31.985,31.985,31.985,31.985,322.0
2019-04-01 15:59:00,31.98,31.98,31.98,31.98,1391.0
2019-04-01 16:00:00,31.895,31.9,31.895,31.9,1733.0
2019-04-02 09:31:00,32.08,32.08,32.08,32.08,0.0
2019-04-02 09:35:00,32.0,32.0,31.815,32.0,2601.0
2019-04-02 09:46:00,32.0,32.0,32.0,32.0,103.0
2019-04-02 09:55:00,31.9,32.0,31.9,32.0,605.0
2019-04-02 09:56:00,31.9,31.9,31.9,31.9,426.0
2019-04-02 10:16:00,32.05,32.05,32.0,32.0,400.0
2019-04-02 10:17:00,31.9972,32.0,31.475,31.475,6715.0
2019-04-02 10:18:00,31.8,31.81,31.475,31.6,900.0
2019-04-02 10:19:00,31.92,31.92,31.92,31.92,320.0
2019-04-02 10:26:00,32.05,32.05,31.9,31.9,1140.0
2019-04-02 10:27:00,31.91,31.91,31.85,31.85,500.0
2019-04-02 10:29:00,31.8,31.85,31.67,31.8,987.0
2019-04-02 10:40:00,31.81,31.81,31.81,31.81,190.0
2019-04-02 10:58:00,31.83,31.83,31.83,31.83,100.0
2019-04-02 11:03:00,31.93,31.98,31.93,31.9594,1449.0
2019-04-02 11:47:00,31.915,31.915,31.915,31.915,100.0
2019-04-02 11:48:00,31.915,31.94,31.85,31.85,2868.0
2019-04-02 11:49:00,31.825,31.825,31.825,31.825,1027.0
2019-04-02 12:11:00,31.82,31.84,31.82,31.84,411.0
2019-04-02 13:09:00,32.0,32.0,32.0,32.0,108.0
2019-04-02 13:16:00,31.81,31.81,31.81,31.81,631.0
2019-04-02 13:43:00,31.8,31.855,31.72,31.8,4719.0
2019-04-02 13:45:00,31.72,31.72,31.63,31.63,485.0
2019-04-02 13:49:00,31.605,31.605,31.605,31.605,377.0
2019-04-02 13:50:00,31.6,31.63,31.6,31.63,438.0
2019-04-02 13:51:00,31.62,31.62,31.595,31.595,200.0
2019-04-02 13:52:00,31.6931,31.6931,31.645,31.645,745.0
2019-04-02 14:09:00,31.81,31.82,31.81,31.82,213.0
2019-04-02 14:10:00,31.8,31.8,31.8,31.8,100.0
2019-04-02 14:11:00,31.81,31.81,31.66,31.66,463.0
2019-04-02 14:22:00,31.6555,31.6555,31.6,31.6,662.0
2019-04-02 14:29:00,31.67,31.68,31.67,31.68,394.0
2019-04-02 14:42:00,31.74,31.74,31.74,31.74,118.0
2019-04-02 14:50:00,31.74,31.74,31.65,31.66,3410.0
2019-04-02 15:03:00,31.68,31.68,31.68,31.68,100.0
2019-04-02 15:04:00,31.7,31.9,31.63,31.63,4905.0
2019-04-02 15:06:00,31.695,31.695,31.695,31.695,107.0
2019-04-02 15:07:00,31.7,31.7,31.63,31.63,405.0
2019-04-02 15:12:00,31.7,31.71,31.67,31.67,547.0
2019-04-02 15:15:00,31.9,31.9,31.63,31.64,6608.0
2019-04-02 15:16:00,31.695,31.75,31.64,31.75,3443.0
2019-04-02 15:17:00,31.745,31.75,31.64,31.75,425.0
2019-04-02 15:18:00,31.67,31.67,31.67,31.67,111.0
2019-04-02 15:25:00,31.66,31.66,31.65,31.65,368.0
2019-04-02 15:31:00,31.68,31.72,31.68,31.72,441.0
2019-04-02 15:36:00,31.65,31.65,31.65,31.65,195.0
2019-04-02 15:38:00,31.62,31.65,31.62,31.65,222.0
2019-04-02 15:39:00,31.65,31.65,31.65,31.65,100.0
2019-04-02 15:40:00,31.65,31.65,31.65,31.65,100.0
2019-04-02 15:41:00,31.65,31.65,31.65,31.65,104.0
2019-04-02 15:42:00,31.65,31.65,31.62,31.65,501.0
2019-04-02 15:43:00,31.65,31.65,31.65,31.65,103.0
2019-04-02 15:44:00,31.65,31.65,31.65,31.65,200.0
2019-04-02 15:45:00,31.63,31.64,31.63,31.64,372.0
2019-04-02 15:46:00,31.64,31.64,31.64,31.64,100.0
2019-04-02 15:47:00,31.64,31.64,31.64,31.64,205.0
2019-04-02 15:48:00,31.65,31.65,31.65,31.65,100.0
2019-04-02 15:49:00,31.64,31.64,31.64,31.64,106.0
2019-04-02 15:50:00,31.64,31.66,31.64,31.66,352.0
2019-04-02 15:51:00,31.65,31.65,31.65,31.65,405.0
2019-04-02 15:52:00,31.65,31.73,31.65,31.73,304.0
2019-04-02 15:53:00,31.68,31.68,31.68,31.68,204.0
2019-04-02 15:54:00,31.65,31.65,31.65,31.65,104.0
2019-04-02 15:55:00,31.6425,31.6425,31.6425,31.6425,206.0
2019-04-02 15:56:00,31.6425,31.6425,31.6425,31.6425,405.0
2019-04-02 15:57:00,31.6425,31.6425,31.64,31.64,633.0
2019-04-02 15:58:00,31.65,31.65,31.64,31.64,804.0
2019-04-02 15:59:00,31.65,31.65,31.63,31.64,1475.0
2019-04-02 16:00:00,31.63,31.73,31.6,31.73,3193.0
2019-04-03 09:31:00,31.89,31.89,31.89,31.89,443.0
2019-04-03 10:09:00,31.9,31.9,31.9,31.9,117.0
2019-04-03 11:01:00,31.6977,31.6977,31.6977,31.6977,1046.0
2019-04-03 12:14:00,32.07,32.35,32.07,32.35,729.0
2019-04-03 12:50:00,32.55,32.55,32.55,32.55,386.0
2019-04-03 13:00:00,32.8,32.8,32.76,32.76,410.0
2019-04-03 13:43:00,32.605,32.74,32.605,32.605,911.0
2019-04-03 13:44:00,32.62,32.785,32.62,32.785,441.0
2019-04-03 13:45:00,32.75,32.75,32.75,32.75,384.0
2019-04-03 14:08:00,32.64,32.64,32.64,32.64,108.0
2019-04-03 14:17:00,32.5,32.56,32.5,32.56,206.0
2019-04-03 14:22:00,32.7016,32.7016,32.45,32.5,774.0
2019-04-03 14:27:00,32.49,32.49,32.49,32.49,109.0
2019-04-03 14:32:00,32.45,32.45,32.45,32.45,828.0
2019-04-03 14:36:00,32.4,32.4,32.4,32.4,307.0
2019-04-03 14:41:00,32.605,32.605,32.605,32.605,100.0
2019-04-03 14:44:00,32.44,32.44,32.44,32.44,121.0
2019-04-03 14:55:00,32.44,32.44,32.44,32.44,193.0
2019-04-03 14:59:00,32.345,32.3499,32.345,32.3499,202.0
2019-04-03 15:00:00,32.46,32.46,32.32,32.32,429.0
2019-04-03 15:39:00,32.26,32.26,32.26,32.26,565.0
2019-04-03 15:41:00,32.25,32.25,32.25,32.25,400.0
2019-04-03 15:42:00,32.11,32.23,32.11,32.23,355.0
2019-04-03 15:52:00,32.225,32.225,32.225,32.225,130.0
2019-04-03 15:54:00,32.23,32.23,32.23,32.23,128.0
2019-04-03 15:56:00,32.24,32.24,32.24,32.24,209.0
2019-04-03 15:59:00,32.18,32.18,32.17,32.17,910.0
2019-04-03 16:00:00,32.37,32.37,32.14,32.14,2599.0
