2017-12-29,0.05,0.05,0.05,0.05,84.0
2018-01-02,0.05,0.05,0.05,0.05,0.0
2018-01-03,0.05,0.05,0.05,0.05,0.0
2018-01-04,0.05,0.05,0.05,0.05,0.0
2018-01-05,0.05,0.05,0.05,0.05,0.0
2018-01-08,0.05,0.05,0.05,0.05,0.0
2018-01-09,0.05,0.05,0.05,0.05,0.0
2018-01-10,0.05,0.05,0.05,0.05,0.0
2018-01-11,0.05,0.05,0.05,0.05,0.0
2018-01-12,0.05,0.05,0.05,0.05,0.0
2018-01-16,0.05,0.05,0.05,0.05,0.0
2018-01-17,0.05,0.05,0.05,0.05,0.0
2018-01-18,0.05,0.05,0.05,0.05,0.0
2018-01-19,0.05,0.05,0.05,0.05,0.0
2018-01-22,0.05,0.05,0.05,0.05,0.0
2018-01-23,0.05,0.05,0.05,0.05,0.0
2018-01-24,0.05,0.05,0.05,0.05,0.0
2018-01-25,0.05,0.05,0.05,0.05,0.0
2018-01-26,0.05,0.05,0.05,0.05,0.0
2018-01-29,0.05,0.05,0.05,0.05,0.0
2018-01-30,0.05,0.05,0.05,0.05,0.0
2018-01-31,0.05,0.05,0.05,0.05,0.0
2018-02-01,0.05,0.05,0.05,0.05,0.0
2018-02-02,0.05,0.05,0.05,0.05,0.0
2018-02-05,0.05,0.05,0.05,0.05,0.0
2018-02-06,0.05,0.05,0.05,0.05,0.0
2018-02-07,0.05,0.05,0.05,0.05,0.0
2018-02-08,0.05,0.05,0.05,0.05,0.0
2018-02-09,0.05,0.05,0.05,0.05,0.0
2018-02-12,0.05,0.05,0.05,0.05,0.0
2018-02-13,0.05,0.05,0.05,0.05,0.0
2018-02-14,0.05,0.05,0.05,0.05,0.0
2018-02-15,0.05,0.05,0.05,0.05,0.0
2018-02-16,0.05,0.05,0.05,0.05,0.0
2018-02-20,0.05,0.05,0.05,0.05,0.0
2018-02-21,0.05,0.05,0.05,0.05,0.0
2018-02-22,0.05,0.05,0.05,0.05,0.0
2018-02-23,0.05,0.05,0.05,0.05,0.0
2018-02-26,0.05,0.05,0.05,0.05,0.0
2018-02-27,0.05,0.05,0.05,0.05,0.0
2018-02-28,0.05,0.05,0.05,0.05,0.0
2018-03-01,0.5099,2.0,0.4603,1.1,7137.0
2018-03-02,1.1,1.8,1.1,1.8,950.0
2018-03-05,1.8,1.95,1.8,1.95,570.0
2018-03-06,2.0,4.5,2.0,3.0,2326.0
2018-03-07,1.55,1.6,1.1,1.1,530.0
2018-03-08,1.1,2.75,1.1,1.2,2040.0
2018-03-09,1.5,1.55,1.01,1.2,4645.0
2018-03-12,1.5,2.0,1.35,2.0,620.0
2018-03-13,1.75,1.75,1.75,1.75,300.0
2018-03-14,1.75,1.75,1.75,1.75,9.0
2018-03-15,1.75,1.75,1.75,1.75,0.0
2018-03-16,1.75,1.75,1.75,1.75,0.0
2018-03-19,1.05,1.05,1.0,1.0,484.0
2018-03-20,1.2,1.2,1.2,1.2,1160.0
2018-03-21,1.25,1.5,1.25,1.5,339.0
2018-03-22,1.04,1.04,1.04,1.04,400.0
2018-03-23,1.0,1.01,1.0,1.01,200.0
2018-03-26,1.01,1.22,1.01,1.22,336.0
2018-03-27,1.22,1.22,1.22,1.22,87.0
2018-03-28,1.22,1.22,1.22,1.22,0.0
2018-03-29,1.22,1.37,1.22,1.37,400.0
2018-04-02,1.1,1.1,1.0999,1.0999,1000.0
2018-04-03,1.15,1.156,1.15,1.156,305.0
2018-04-04,1.156,1.156,1.156,1.156,0.0
2018-04-05,1.156,1.156,1.156,1.156,40.0
2018-04-06,1.156,1.156,1.156,1.156,0.0
2018-04-09,1.156,1.156,1.156,1.156,0.0
2018-04-10,1.156,1.156,1.156,1.156,0.0
2018-04-11,1.0,1.0,1.0,1.0,100.0
2018-04-12,1.0,1.0,1.0,1.0,0.0
2018-04-13,1.0,1.0001,1.0,1.0001,200.0
2018-04-16,1.0001,1.0001,1.0001,1.0001,0.0
2018-04-17,1.2,2.01,1.185,1.25,23011.0
2018-04-18,1.1001,1.13,1.01,1.024,3441.0
2018-04-19,1.01,1.46,1.01,1.075,6800.0
2018-04-20,1.03,1.03,1.03,1.03,349.0
2018-04-23,1.03,1.03,1.03,1.03,1000.0
2018-04-24,1.2,1.2,1.2,1.2,700.0
2018-04-25,1.4,1.4,1.222,1.25,2500.0
2018-04-26,1.25,1.25,1.25,1.25,0.0
2018-04-27,1.25,1.25,1.25,1.25,0.0
2018-04-30,1.25,1.25,1.25,1.25,0.0
2018-05-01,1.25,1.25,1.25,1.25,335.0
2018-05-02,1.25,1.25,1.25,1.25,0.0
2018-05-03,1.25,1.25,1.25,1.25,0.0
2018-05-04,1.25,1.25,1.25,1.25,0.0
2018-05-07,1.265,1.265,1.265,1.265,100.0
2018-05-08,1.265,1.265,1.265,1.265,0.0
2018-05-09,1.25,1.25,1.25,1.25,100.0
2018-05-10,1.25,1.25,1.25,1.25,100.0
2018-05-11,1.25,1.25,1.25,1.25,0.0
2018-05-14,1.25,1.25,1.25,1.25,0.0
2018-05-15,1.25,1.25,1.25,1.25,0.0
2018-05-16,1.25,1.25,1.25,1.25,0.0
2018-05-17,1.25,1.25,1.25,1.25,0.0
2018-05-18,1.25,1.25,1.25,1.25,0.0
2018-05-21,1.25,1.25,1.25,1.25,0.0
2018-05-22,1.25,1.25,1.25,1.25,0.0
2018-05-23,1.25,1.25,1.25,1.25,50.0
2018-05-24,1.05,1.05,1.05,1.05,125.0
2018-05-25,1.05,1.05,1.05,1.05,0.0
2018-05-29,1.05,1.05,1.05,1.05,0.0
2018-05-30,1.05,1.05,1.05,1.05,0.0
2018-05-31,1.05,1.05,1.05,1.05,0.0
2018-06-01,1.05,1.05,1.05,1.05,0.0
2018-06-04,1.05,1.05,1.05,1.05,0.0
2018-06-05,1.05,1.05,1.05,1.05,0.0
2018-06-06,1.05,1.05,1.05,1.05,0.0
2018-06-07,1.05,1.05,1.05,1.05,0.0
2018-06-08,1.05,1.05,1.05,1.05,92.0
2018-06-11,1.05,1.05,1.05,1.05,0.0
2018-06-12,1.05,1.05,1.05,1.05,50.0
2018-06-13,1.05,1.05,1.05,1.05,0.0
2018-06-14,1.05,1.05,1.05,1.05,0.0
2018-06-15,1.05,1.05,1.05,1.05,0.0
2018-06-18,1.25,1.45,1.25,1.45,2050.0
2018-06-19,1.45,2.25,1.1,1.472,9874.0
2018-06-20,1.22,1.35,1.22,1.35,490.0
2018-06-21,1.35,1.35,1.35,1.35,55.0
2018-06-22,1.15,1.324,1.06,1.324,1140.0
2018-06-25,1.2,1.2,1.2,1.2,200.0
2018-06-26,1.2,1.2,1.2,1.2,274.0
2018-06-27,1.2,1.2,1.2,1.2,0.0
2018-06-28,1.18,1.18,1.15,1.18,1149.0
2018-06-29,1.15,1.15,1.15,1.15,200.0
2018-07-02,1.105,1.105,1.105,1.105,100.0
2018-07-03,1.105,1.105,1.105,1.105,0.0
2018-07-05,1.105,1.105,1.105,1.105,0.0
2018-07-06,1.105,1.105,1.105,1.105,0.0
2018-07-09,1.105,1.105,1.105,1.105,0.0
2018-07-10,1.105,1.105,1.105,1.105,137.0
2018-07-11,1.1,1.1,1.1,1.1,100.0
2018-07-12,1.1,1.1,1.1,1.1,0.0
2018-07-13,1.1,1.1,1.1,1.1,0.0
2018-07-16,1.1,1.1,1.1,1.1,0.0
2018-07-17,1.2,1.2,1.2,1.2,502.0
2018-07-18,1.1,1.1,1.1,1.1,400.0
2018-07-19,1.1,1.1,1.1,1.1,200.0
2018-07-20,1.13,1.13,1.13,1.13,1004.0
2018-07-23,1.13,1.13,1.13,1.13,0.0
2018-07-24,1.13,1.13,1.13,1.13,2.0
2018-07-25,1.13,1.13,1.13,1.13,0.0
2018-07-26,1.13,1.13,1.13,1.13,0.0
2018-07-27,1.13,1.13,1.13,1.13,0.0
2018-07-30,1.13,1.13,1.13,1.13,0.0
2018-07-31,1.13,1.13,1.13,1.13,0.0
2018-08-01,1.4,1.4,1.3,1.3,700.0
2018-08-02,1.3,1.3,1.3,1.3,300.0
2018-08-03,1.3,1.3,1.3,1.3,0.0
2018-08-06,1.3,1.3,1.3,1.3,0.0
2018-08-07,1.3,1.3,1.15,1.15,600.0
2018-08-08,1.15,1.15,1.15,1.15,0.0
2018-08-09,1.15,1.15,1.15,1.15,0.0
2018-08-10,1.15,1.15,1.15,1.15,0.0
2018-08-13,1.421,2.14,1.421,2.14,5590.0
2018-08-14,2.15,2.35,1.45,1.45,3533.0
2018-08-15,1.45,1.45,1.45,1.45,0.0
2018-08-16,2.4,2.4,1.29,1.29,3295.0
2018-08-17,2.05,2.05,2.0,2.0,300.0
2018-08-20,2.5,2.5,2.5,2.5,100.0
2018-08-21,2.5,2.5,2.5,2.5,250.0
2018-08-22,2.5,2.5,2.5,2.5,0.0
2018-08-23,2.5,2.5,2.5,2.5,0.0
2018-08-24,2.5,2.5,2.5,2.5,0.0
2018-08-27,2.35,2.35,1.5,1.5,380.0
2018-08-28,1.5,1.5,1.5,1.5,0.0
2018-08-29,1.5,1.5,1.5,1.5,0.0
2018-08-30,1.34,1.34,1.34,1.34,2200.0
2018-08-31,1.34,1.34,1.34,1.34,0.0
2018-09-04,1.34,1.34,1.34,1.34,0.0
2018-09-05,1.34,1.34,1.34,1.34,0.0
2018-09-06,1.34,1.34,1.34,1.34,0.0
2018-09-07,1.34,1.34,1.34,1.34,0.0
2018-09-10,1.34,1.55,1.0,1.0,400.0
2018-09-11,1.0,1.0,1.0,1.0,0.0
2018-09-12,1.0,1.0,1.0,1.0,0.0
2018-09-13,1.0,1.0,1.0,1.0,0.0
2018-09-14,1.45,1.45,1.45,1.45,1000.0
2018-09-17,1.5,3.0,1.45,3.0,11408.0
2018-09-18,3.0,6.0,3.0,6.0,3200.0
2018-09-19,6.0,6.0,6.0,6.0,7.0
2018-09-20,4.5,4.5,4.5,4.5,700.0
2018-09-21,4.75,5.0,4.75,5.0,1838.0
2018-09-24,5.1,5.5,5.1,5.5,2600.0
2018-09-25,5.51,6.0,5.51,6.0,2406.0
2018-09-26,6.5,7.0,6.0,6.9,3270.0
2018-09-27,7.0,7.05,7.0,7.05,461.0
2018-09-28,6.99,6.99,6.99,6.99,255.0
2018-10-01,7.46,7.5,7.1,7.5,800.0
2018-10-02,7.5,7.75,7.5,7.75,422.0
2018-10-03,7.5,7.5,7.5,7.5,864.0
2018-10-04,7.4,7.4,5.85,5.85,1603.0
2018-10-05,7.25,7.25,7.25,7.25,500.0
2018-10-08,6.0,6.0,6.0,6.0,633.0
2018-10-09,6.55,6.55,6.55,6.55,300.0
2018-10-10,6.55,6.55,6.55,6.55,67.0
2018-10-11,6.55,6.55,6.55,6.55,0.0
2018-10-12,7.4,7.4,7.4,7.4,190.0
2018-10-15,7.4,7.4,7.4,7.4,170.0
2018-10-16,8.0,8.0,8.0,8.0,100.0
2018-10-17,8.0,8.0,8.0,8.0,0.0
2018-10-18,8.0,8.0,8.0,8.0,1.0
2018-10-19,8.0,8.0,8.0,8.0,0.0
2018-10-22,8.0,8.0,8.0,8.0,0.0
2018-10-23,8.0,8.25,7.9,8.25,922.0
2018-10-24,9.0,9.0,9.0,9.0,100.0
2018-10-25,9.0,9.0,9.0,9.0,0.0
2018-10-26,9.0,9.0,9.0,9.0,0.0
2018-10-29,9.0,9.0,9.0,9.0,0.0
2018-10-30,9.25,9.4,9.0,9.0,616.0
2018-10-31,9.0,9.0,9.0,9.0,0.0
2018-11-01,10.0,10.0,10.0,10.0,630.0
2018-11-02,10.0,12.0,10.0,12.0,803.0
2018-11-05,13.0,13.0,13.0,13.0,100.0
2018-11-06,13.0,13.0,13.0,13.0,0.0
2018-11-07,12.5,13.0,11.5,12.79,807.0
2018-11-08,12.0,12.0,11.5,11.5,401.0
2018-11-09,11.9,12.0,11.9,12.0,210.0
2018-11-12,12.0,12.0,12.0,12.0,250.0
2018-11-13,11.0,11.0,11.0,11.0,310.0
2018-11-14,11.25,11.5,11.25,11.5,2450.0
2018-11-15,12.0,13.0,11.5,11.5,1050.0
2018-11-16,11.5,11.5,11.5,11.5,0.0
2018-11-19,11.25,12.99,6.05,11.0,2300.0
2018-11-20,11.0,11.0,11.0,11.0,0.0
2018-11-21,11.0,11.0,9.75,9.75,2584.0
2018-11-26,11.5,11.5,11.5,11.5,250.0
2018-11-27,11.5,11.5,11.5,11.5,0.0
2018-11-28,11.5,11.5,11.5,11.5,0.0
2018-11-29,11.5,11.5,11.5,11.5,0.0
2018-11-30,13.49,13.49,13.49,13.49,100.0
2018-12-03,14.0,14.0,14.0,14.0,140.0
2018-12-04,13.0,13.0,13.0,13.0,200.0
2018-12-06,10.5,10.5,10.5,10.5,200.0
2018-12-07,10.5,10.5,10.5,10.5,0.0
2018-12-10,10.5,10.5,10.5,10.5,10.0
2018-12-11,11.0,11.0,11.0,11.0,200.0
2018-12-12,13.0,13.0,13.0,13.0,100.0
2018-12-13,13.0,13.0,13.0,13.0,0.0
2018-12-14,11.0,12.75,8.0,12.75,2200.0
2018-12-18,11.0,11.0,8.55,11.0,1000.0
2018-12-20,11.0,11.0,11.0,11.0,20.0
2018-12-21,8.55,8.55,8.55,8.55,188.0
2018-12-24,8.55,8.55,8.55,8.55,0.0
2018-12-26,8.55,8.55,8.55,8.55,0.0
2018-12-27,10.0,10.0,10.0,10.0,200.0
2018-12-28,10.0,10.0,10.0,10.0,50.0
2019-01-02,8.55,9.5,8.55,9.5,600.0
2019-01-03,9.7,9.7,9.0,9.0,625.0
2019-01-04,9.63,9.75,9.63,9.75,2333.0
2019-01-07,9.8,9.8,9.8,9.8,2922.0
2019-01-08,9.99,10.0,9.99,10.0,1200.0
2019-01-09,10.0,10.0,10.0,10.0,0.0
2019-01-10,10.0,10.0,10.0,10.0,0.0
2019-01-11,10.0,10.0,9.8,9.8,400.0
2019-01-14,9.8,9.8,9.8,9.8,15.0
2019-01-15,8.85,9.9,8.85,9.9,6255.0
2019-01-16,9.9,9.9,9.9,9.9,0.0
2019-01-17,9.9,9.9,9.9,9.9,225.0
2019-01-18,10.4,10.4,10.4,10.4,100.0
2019-01-23,10.5,10.5,10.5,10.5,174.0
2019-01-24,10.5,10.5,10.5,10.5,0.0
2019-01-25,10.5,10.5,10.5,10.5,1100.0
2019-01-28,10.9,10.9,10.4,10.4,200.0
2019-01-29,10.5,10.8,10.5,10.8,390.0
2019-01-30,10.8,10.8,10.8,10.8,0.0
2019-01-31,11.1,11.1,11.0,11.0,889.0
2019-02-01,11.0,11.0,11.0,11.0,0.0
2019-02-04,11.0,11.0,11.0,11.0,0.0
2019-02-05,11.1,11.1,11.1,11.1,100.0
2019-02-06,11.4,11.8,11.4,11.8,300.0
2019-02-07,12.0,12.0,12.0,12.0,200.0
2019-02-08,12.1,12.1,12.1,12.1,100.0
2019-02-11,12.15,12.15,12.15,12.15,205.0
2019-02-12,12.2,12.2,12.2,12.2,100.0
2019-02-13,12.2,12.2,12.2,12.2,300.0
2019-02-14,11.8,11.8,11.8,11.8,100.0
2019-02-15,4.25,4.6,4.05,4.24,133700.0
2019-02-19,4.49,4.49,3.95,4.0,57167.0
2019-02-20,4.1,4.1162,3.9,3.95,24446.0
2019-02-21,3.96,4.09,3.9,3.9,22409.0
2019-02-22,3.9999,4.0,3.95,3.9805,12310.0
2019-02-25,4.0,4.0,3.9,3.9,3999.0
2019-02-26,3.9,4.0,3.9,4.0,27300.0
2019-02-27,3.91,4.1005,3.91,4.0678,68079.0
2019-02-28,4.08,4.2857,4.05,4.28,64028.0
2019-03-01,4.3,4.7,4.18,4.5501,61693.0
2019-03-04,4.65,4.94,4.5,4.7,32269.0
2019-03-05,4.762,4.762,4.5206,4.55,2152.0
2019-03-06,4.8,4.8,4.19,4.3,14941.0
2019-03-07,4.5,4.5,4.072,4.26,2649.0
2019-03-08,4.3,4.3,4.175,4.175,2402.0
2019-03-11,4.1679,4.1679,4.02,4.05,3287.0
2019-03-12,4.1205,4.1205,4.0,4.0,2170.0
2019-03-13,4.12,4.12,3.749,4.0,3116.0
2019-03-14,4.0,4.0175,3.91,3.936,3149.0
2019-03-15,4.0,4.0075,3.84,3.9,5409.0
2019-03-18,3.9,4.0,3.5359,3.9759,6938.0
2019-03-19,4.0,4.0478,4.0,4.0478,4073.0
2019-03-20,4.04,4.07,4.02,4.04,8436.0
2019-03-21,4.1,4.4352,4.1,4.35,46600.0
2019-03-22,4.3656,4.3656,4.0,4.2,6425.0
2019-03-25,4.11,4.2,4.1,4.2,1616.0
