
2019-03-19 09:31:00,34.6,34.6,34.6,34.6,0.0
2019-03-19 09:44:00,34.51,34.51,34.51,34.51,213.0
2019-03-19 11:18:00,34.2404,34.2404,34.2404,34.2404,319.0
2019-03-19 11:47:00,34.5,34.5,34.5,34.5,680.0
2019-03-19 12:36:00,34.21,34.21,34.21,34.21,200.0
2019-03-19 12:40:00,34.16,34.16,34.16,34.16,210.0
2019-03-19 12:44:00,34.08,34.08,34.08,34.08,321.0
2019-03-19 12:46:00,34.06,34.23,34.06,34.23,200.0
2019-03-19 12:48:00,34.02,34.02,34.02,34.02,100.0
2019-03-19 12:50:00,34.02,34.21,34.02,34.21,200.0
2019-03-19 12:51:00,34.02,34.03,34.02,34.02,400.0
2019-03-19 12:52:00,33.94,33.94,33.94,33.94,100.0
2019-03-19 12:53:00,33.89,33.89,33.89,33.89,410.0
2019-03-19 12:55:00,33.79,33.79,33.79,33.79,160.0
2019-03-19 12:58:00,33.79,33.79,33.79,33.79,100.0
2019-03-19 12:59:00,33.79,33.79,33.79,33.79,100.0
2019-03-19 13:00:00,33.79,33.79,33.79,33.79,176.0
2019-03-19 13:11:00,33.79,33.79,33.79,33.79,333.0
2019-03-19 14:11:00,33.79,33.79,33.68,33.68,833.0
2019-03-19 14:16:00,33.55,33.55,33.55,33.55,845.0
2019-03-19 14:23:00,33.57,33.7142,33.51,33.7142,811.0
2019-03-19 14:44:00,33.71,33.71,33.71,33.71,403.0
2019-03-19 14:48:00,33.567,33.567,33.567,33.567,267.0
2019-03-19 15:28:00,33.56,33.56,33.56,33.56,122.0
2019-03-19 15:40:00,33.75,33.75,33.75,33.75,100.0
2019-03-19 15:41:00,33.66,33.66,33.66,33.66,246.0
2019-03-19 15:55:00,33.57,33.57,33.57,33.57,334.0
2019-03-20 09:41:00,33.05,33.05,33.05,33.05,0.0
2019-03-20 09:52:00,32.74,32.74,32.74,32.74,338.0
2019-03-20 10:08:00,33.5,33.5,33.45,33.45,777.0
2019-03-20 11:25:00,33.23,33.23,33.23,33.23,252.0
2019-03-20 11:55:00,33.17,33.17,33.12,33.12,357.0
2019-03-20 12:36:00,32.94,32.94,32.94,32.94,100.0
2019-03-20 12:37:00,32.94,32.94,32.94,32.94,337.0
2019-03-20 12:41:00,32.93,32.93,32.93,32.93,178.0
2019-03-20 12:43:00,32.92,32.92,32.79,32.79,299.0
2019-03-20 12:45:00,32.75,32.75,32.75,32.75,100.0
2019-03-20 12:46:00,32.75,32.75,32.75,32.75,100.0
2019-03-20 12:47:00,32.75,32.75,32.75,32.75,100.0
2019-03-20 12:48:00,32.75,32.75,32.75,32.75,202.0
2019-03-20 12:51:00,32.76,32.76,32.75,32.75,300.0
2019-03-20 12:53:00,32.75,32.75,32.75,32.75,200.0
2019-03-20 12:54:00,32.75,32.9238,32.75,32.9238,200.0
2019-03-20 12:56:00,32.75,32.75,32.75,32.75,200.0
2019-03-20 12:58:00,32.75,32.75,32.75,32.75,200.0
2019-03-20 12:59:00,32.75,32.75,32.75,32.75,200.0
2019-03-20 13:00:00,32.75,32.75,32.71,32.71,300.0
2019-03-20 13:14:00,32.88,32.88,32.88,32.88,107.0
2019-03-20 13:15:00,33.03,33.07,33.03,33.07,1090.0
2019-03-20 13:17:00,33.07,33.07,33.07,33.07,386.0
2019-03-20 13:18:00,33.09,33.09,33.09,33.09,602.0
2019-03-20 13:36:00,33.25,33.25,33.25,33.25,201.0
2019-03-20 13:38:00,33.1101,33.1101,33.1101,33.1101,465.0
2019-03-20 13:57:00,33.49,33.49,33.49,33.49,392.0
2019-03-20 14:01:00,33.52,33.55,33.52,33.55,609.0
2019-03-20 14:02:00,33.6,33.6,33.53,33.53,672.0
2019-03-20 14:03:00,33.518,33.518,33.518,33.518,267.0
2019-03-20 15:01:00,33.65,33.65,33.63,33.63,203.0
2019-03-20 15:02:00,33.64,33.64,33.64,33.64,515.0
2019-03-20 15:17:00,33.62,33.62,33.62,33.62,200.0
2019-03-20 15:34:00,33.38,33.38,33.38,33.38,200.0
2019-03-20 15:36:00,33.38,33.38,33.38,33.38,209.0
2019-03-20 15:39:00,33.41,33.41,33.31,33.31,601.0
2019-03-20 15:40:00,33.11,33.11,33.11,33.11,100.0
2019-03-20 15:42:00,33.11,33.11,33.11,33.11,100.0
2019-03-20 15:43:00,33.325,33.325,33.325,33.325,200.0
2019-03-20 15:48:00,33.33,33.33,33.33,33.33,401.0
2019-03-20 15:52:00,33.315,33.315,33.315,33.315,100.0
2019-03-20 15:53:00,33.11,33.11,33.09,33.09,403.0
2019-03-20 15:54:00,33.245,33.245,33.245,33.245,100.0
2019-03-20 15:55:00,33.23,33.23,33.23,33.23,198.0
2019-03-20 15:57:00,33.22,33.22,33.22,33.22,100.0
2019-03-20 15:58:00,33.22,33.22,33.22,33.22,133.0
2019-03-20 15:59:00,33.23,33.23,33.23,33.23,300.0
2019-03-20 16:00:00,33.18,33.23,33.18,33.23,575.0
2019-03-21 09:31:00,33.11,33.11,33.11,33.11,0.0
2019-03-21 09:47:00,33.4075,33.4075,33.3825,33.3825,509.0
2019-03-21 10:31:00,33.58,33.58,33.58,33.58,101.0
2019-03-21 10:43:00,33.32,33.32,33.32,33.32,574.0
2019-03-21 11:02:00,33.21,33.21,33.05,33.0531,519.0
2019-03-21 11:11:00,33.1,33.1,33.1,33.1,233.0
2019-03-21 11:21:00,33.3,33.3,33.3,33.3,100.0
2019-03-21 11:26:00,33.1823,33.1823,33.1823,33.1823,513.0
2019-03-21 11:37:00,33.0531,33.0531,33.0531,33.0531,521.0
2019-03-21 12:23:00,33.2342,33.2342,33.2342,33.2342,288.0
2019-03-21 12:55:00,33.32,33.32,33.32,33.32,100.0
2019-03-21 13:03:00,33.225,33.225,33.225,33.225,212.0
2019-03-21 13:20:00,33.12,33.12,33.12,33.12,401.0
2019-03-21 14:00:00,33.225,33.225,33.225,33.225,100.0
2019-03-21 14:02:00,33.28,33.28,33.28,33.28,388.0
2019-03-21 14:24:00,33.27,33.27,33.27,33.27,202.0
2019-03-21 14:38:00,33.32,33.32,33.32,33.32,100.0
2019-03-21 14:42:00,33.41,33.41,33.41,33.41,817.0
2019-03-21 15:08:00,33.25,33.25,33.25,33.25,224.0
2019-03-21 15:11:00,33.26,33.26,33.26,33.26,202.0
2019-03-21 15:14:00,33.25,33.25,33.25,33.25,528.0
2019-03-21 15:16:00,33.22,33.22,33.17,33.17,1490.0
2019-03-21 15:37:00,33.15,33.15,33.15,33.15,2274.0
2019-03-21 15:45:00,33.18,33.18,33.18,33.18,195.0
2019-03-21 15:46:00,33.04,33.04,33.04,33.04,332.0
2019-03-21 15:48:00,32.88,32.88,32.88,32.88,100.0
2019-03-21 15:52:00,32.83,32.83,32.83,32.83,103.0
2019-03-21 15:56:00,32.83,32.83,32.83,32.83,101.0
2019-03-21 15:58:00,32.96,32.96,32.96,32.96,457.0
2019-03-22 09:31:00,32.57,32.57,32.57,32.57,124.0
2019-03-22 09:37:00,32.5134,32.5134,32.5134,32.5134,853.0
2019-03-22 11:17:00,33.34,33.34,33.34,33.34,133.0
2019-03-22 12:03:00,32.4,32.4,32.4,32.4,149.0
2019-03-22 12:31:00,32.93,32.93,32.93,32.93,227.0
2019-03-22 12:39:00,33.0,33.0,33.0,33.0,104.0
2019-03-22 12:50:00,32.4,32.4,32.4,32.4,178.0
2019-03-22 13:07:00,32.53,32.53,32.53,32.53,201.0
2019-03-22 13:42:00,32.562,32.562,32.562,32.562,232.0
2019-03-22 13:59:00,32.925,32.925,32.925,32.925,196.0
2019-03-22 14:04:00,32.46,32.46,32.4,32.4,819.0
2019-03-22 14:08:00,32.565,32.565,32.565,32.565,100.0
2019-03-22 14:09:00,32.565,32.565,32.4,32.4,300.0
2019-03-22 14:23:00,32.25,32.4931,32.25,32.4931,399.0
2019-03-22 14:29:00,32.32,32.32,32.32,32.32,661.0
2019-03-22 14:32:00,32.545,32.545,32.545,32.545,558.0
2019-03-22 14:45:00,32.25,32.25,32.25,32.25,440.0
2019-03-22 15:11:00,32.29,32.375,32.15,32.15,685.0
2019-03-22 15:28:00,32.15,32.15,32.15,32.15,570.0
2019-03-22 15:33:00,32.0,32.0,31.86,31.86,638.0
2019-03-22 15:42:00,31.7644,31.7644,31.76,31.76,584.0
2019-03-22 15:44:00,31.7,31.8,31.69,31.8,1144.0
2019-03-22 15:45:00,31.8,31.8,31.8,31.8,469.0
2019-03-22 15:46:00,31.8,31.8,31.73,31.73,204.0
2019-03-22 15:49:00,31.72,31.72,31.72,31.72,161.0
2019-03-22 15:50:00,31.62,31.62,31.6,31.6,525.0
2019-03-22 15:53:00,31.58,31.7,31.58,31.7,640.0
2019-03-22 15:55:00,31.58,31.58,31.58,31.58,100.0
2019-03-22 15:56:00,31.58,31.58,31.58,31.58,518.0
2019-03-22 15:57:00,31.64,31.67,31.64,31.67,1027.0
2019-03-22 15:59:00,31.61,31.61,31.61,31.61,118.0
2019-03-22 16:00:00,31.6,31.66,31.6,31.61,2240.0
2019-03-25 09:31:00,31.68,31.68,31.68,31.68,345.0
2019-03-25 10:06:00,31.9541,31.9541,31.9541,31.9541,325.0
2019-03-25 10:20:00,31.71,31.71,31.71,31.71,100.0
2019-03-25 10:22:00,31.7724,31.7724,31.7724,31.7724,297.0
2019-03-25 10:45:00,31.6,31.75,31.6,31.75,1649.0
2019-03-25 11:05:00,31.75,31.75,31.75,31.75,975.0
2019-03-25 11:08:00,31.9,31.9,31.9,31.9,688.0
2019-03-25 11:14:00,31.95,31.95,31.95,31.95,327.0
2019-03-25 11:25:00,32.015,32.015,32.015,32.015,176.0
2019-03-25 11:36:00,32.2299,32.2299,32.2299,32.2299,401.0
2019-03-25 11:37:00,32.2,32.2,32.2,32.2,193.0
2019-03-25 12:27:00,32.0846,32.0846,32.0846,32.0846,200.0
2019-03-25 12:28:00,32.01,32.01,32.01,32.01,636.0
2019-03-25 12:31:00,32.0,32.0,32.0,32.0,409.0
2019-03-25 13:22:00,32.02,32.02,32.02,32.02,293.0
2019-03-25 13:48:00,32.0,32.0,32.0,32.0,965.0
2019-03-25 14:13:00,32.0,32.0,32.0,32.0,600.0
2019-03-25 14:15:00,32.0,32.0,32.0,32.0,667.0
2019-03-25 14:42:00,32.06,32.06,32.06,32.06,305.0
2019-03-25 14:49:00,32.08,32.08,32.08,32.08,693.0
2019-03-25 14:52:00,32.11,32.11,32.11,32.11,310.0
2019-03-25 14:53:00,32.13,32.13,32.13,32.13,430.0
2019-03-25 15:00:00,32.2,32.2,32.2,32.2,134.0
2019-03-25 15:01:00,32.27,32.33,32.27,32.33,706.0
2019-03-25 15:08:00,32.21,32.21,32.21,32.21,105.0
2019-03-25 15:20:00,32.36,32.36,32.36,32.36,205.0
2019-03-25 15:27:00,32.36,32.37,32.36,32.37,250.0
2019-03-25 15:37:00,32.39,32.39,32.39,32.39,179.0
2019-03-25 15:38:00,32.48,32.48,32.48,32.48,1092.0
2019-03-25 15:58:00,32.3,32.3,32.3,32.3,574.0
2019-03-26 09:31:00,32.63,32.63,32.63,32.63,962.0
2019-03-26 11:38:00,32.3654,32.3654,32.3654,32.3654,314.0
2019-03-26 13:15:00,32.26,32.26,32.26,32.26,188.0
2019-03-26 13:20:00,32.53,32.53,32.53,32.53,105.0
2019-03-26 14:24:00,32.51,32.51,32.51,32.51,460.0
2019-03-26 14:31:00,32.6,32.6,32.6,32.6,100.0
2019-03-26 14:32:00,32.66,32.66,32.66,32.66,267.0
2019-03-26 14:40:00,32.73,32.73,32.73,32.73,417.0
2019-03-26 15:20:00,32.6,32.73,32.59,32.73,1695.0
2019-03-26 15:24:00,32.72,32.72,32.72,32.72,296.0
2019-03-26 15:25:00,32.72,32.72,32.72,32.72,33.0
2019-03-26 15:43:00,32.56,32.7,32.56,32.7,867.0
2019-03-26 15:45:00,32.73,32.73,32.73,32.73,116.0
2019-03-26 15:49:00,32.6699,32.6699,32.6699,32.6699,616.0
2019-03-27 09:31:00,32.67,32.67,32.02,32.02,283.0
2019-03-27 09:54:00,32.957,32.957,32.957,32.957,500.0
2019-03-27 09:56:00,32.938,32.938,32.938,32.938,500.0
2019-03-27 09:59:00,32.938,32.938,32.938,32.938,530.0
2019-03-27 10:07:00,32.938,32.938,32.938,32.938,520.0
2019-03-27 10:13:00,32.9225,32.9225,32.9225,32.9225,520.0
2019-03-27 10:19:00,32.835,32.9225,32.835,32.9225,550.0
2019-03-27 10:20:00,32.68,32.68,32.68,32.68,599.0
2019-03-27 10:41:00,32.75,32.75,32.75,32.75,365.0
2019-03-27 11:16:00,32.59,32.59,32.59,32.59,525.0
2019-03-27 11:44:00,32.51,32.51,32.5,32.5,444.0
2019-03-27 12:01:00,32.49,32.49,32.49,32.49,1286.0
2019-03-27 12:09:00,32.54,32.54,32.54,32.54,705.0
2019-03-27 13:07:00,32.645,32.65,32.645,32.65,338.0
2019-03-27 14:13:00,32.695,32.695,32.695,32.695,601.0
2019-03-27 14:24:00,32.99,33.06,32.99,33.06,300.0
2019-03-27 14:27:00,33.02,33.02,33.02,33.02,322.0
2019-03-27 14:31:00,33.24,33.29,33.24,33.29,590.0
2019-03-27 14:54:00,33.3,33.39,33.3,33.39,640.0
2019-03-27 14:59:00,33.31,33.31,33.2948,33.2948,1237.0
2019-03-27 15:02:00,33.22,33.22,33.21,33.21,229.0
2019-03-27 15:03:00,33.13,33.13,33.13,33.13,421.0
2019-03-27 15:32:00,33.17,33.17,33.05,33.05,354.0
2019-03-27 15:45:00,33.11,33.11,33.11,33.11,518.0
2019-03-27 15:54:00,33.05,33.05,33.05,33.05,472.0
2019-03-28 13:02:00,33.34,33.34,33.34,33.34,0.0
2019-03-28 13:56:00,33.25,33.47,33.25,33.47,1267.0
2019-03-28 14:34:00,33.38,33.54,33.36,33.36,1154.0
2019-03-28 14:58:00,33.34,33.34,33.34,33.34,178.0
2019-03-28 15:09:00,33.31,33.31,33.31,33.31,470.0
2019-03-28 15:36:00,33.37,33.37,33.37,33.37,385.0
2019-03-28 15:37:00,33.37,33.37,33.37,33.37,464.0
2019-03-28 15:38:00,33.44,33.44,33.44,33.44,293.0
2019-03-28 15:58:00,33.35,33.35,33.35,33.35,193.0
2019-03-28 15:59:00,33.345,33.345,33.345,33.345,489.0
2019-03-29 09:36:00,33.22,33.22,33.22,33.22,962.0
2019-03-29 11:12:00,33.4,33.4,33.4,33.4,181.0
2019-03-29 11:13:00,33.35,33.35,33.35,33.35,416.0
2019-03-29 11:16:00,33.27,33.35,33.27,33.35,400.0
2019-03-29 11:23:00,33.005,33.005,33.005,33.005,1376.0
2019-03-29 11:36:00,33.37,33.37,33.37,33.37,412.0
2019-03-29 12:12:00,33.25,33.25,33.25,33.25,376.0
2019-03-29 12:31:00,33.005,33.005,33.005,33.005,147.0
2019-03-29 12:47:00,33.0101,33.0101,32.78,32.78,1498.0
2019-03-29 12:50:00,32.77,32.77,32.77,32.77,1499.0
2019-03-29 13:16:00,32.67,32.67,32.67,32.67,346.0
2019-03-29 13:47:00,32.6,32.6,32.56,32.56,849.0
2019-03-29 13:54:00,32.7,32.7,32.7,32.7,215.0
2019-03-29 13:56:00,32.6142,32.6142,32.6142,32.6142,168.0
2019-03-29 13:57:00,32.75,32.75,32.75,32.75,472.0
2019-03-29 14:03:00,32.72,32.72,32.72,32.72,200.0
2019-03-29 14:06:00,32.8,32.8,32.8,32.8,143.0
2019-03-29 14:10:00,32.85,32.85,32.85,32.85,369.0
2019-03-29 14:34:00,32.7919,32.7919,32.7919,32.7919,1390.0
2019-03-29 15:01:00,32.75,32.75,32.75,32.75,521.0
2019-03-29 15:31:00,32.92,32.92,32.92,32.92,146.0
2019-03-29 15:32:00,32.92,32.92,32.92,32.92,418.0
2019-03-29 15:39:00,33.16,33.16,33.16,33.16,363.0
2019-03-29 15:51:00,33.04,33.04,33.04,33.04,984.0
2019-03-29 15:57:00,32.82,32.82,32.82,32.82,415.0
2019-04-01 09:31:00,32.89,32.89,32.89,32.89,508.0
2019-04-01 10:05:00,32.9327,32.9327,32.9327,32.9327,153.0
2019-04-01 10:14:00,33.2519,33.2519,33.2519,33.2519,1683.0
2019-04-01 12:31:00,33.21,33.21,33.21,33.21,509.0
2019-04-01 14:15:00,33.59,33.59,33.59,33.59,190.0
2019-04-01 14:33:00,33.47,33.47,33.47,33.47,153.0
2019-04-01 14:36:00,33.65,33.65,33.65,33.65,937.0
2019-04-01 14:44:00,33.65,33.65,33.65,33.65,105.0
2019-04-01 14:50:00,33.66,33.66,33.66,33.66,324.0
2019-04-01 15:11:00,33.42,33.42,33.42,33.42,150.0
2019-04-01 15:19:00,33.3962,33.3962,33.3962,33.3962,341.0
2019-04-01 15:31:00,33.48,33.48,33.48,33.48,205.0
2019-04-01 15:37:00,33.48,33.48,33.48,33.48,279.0
2019-04-01 15:43:00,33.4322,33.4322,33.4322,33.4322,191.0
2019-04-01 15:46:00,33.55,33.55,33.55,33.55,1202.0
2019-04-01 15:52:00,33.52,33.7,33.52,33.7,510.0
2019-04-01 15:55:00,33.7,33.7,33.7,33.7,292.0
2019-04-01 15:57:00,33.7,33.7,33.7,33.7,266.0
2019-04-01 15:58:00,33.7,33.7,33.7,33.7,192.0
2019-04-02 10:39:00,33.6,33.6,33.6,33.6,724.0
2019-04-02 11:32:00,33.68,33.68,33.68,33.68,133.0
2019-04-02 11:46:00,32.9085,32.9085,32.9085,32.9085,185.0
2019-04-02 11:53:00,33.37,33.37,32.9027,32.9027,661.0
2019-04-02 12:47:00,33.295,33.295,33.295,33.295,263.0
2019-04-02 13:17:00,33.43,33.43,33.43,33.43,233.0
2019-04-02 13:32:00,33.4043,33.4043,33.4043,33.4043,864.0
2019-04-02 14:05:00,33.2918,33.2918,33.2918,33.2918,500.0
2019-04-02 14:07:00,33.21,33.2824,33.15,33.15,1457.0
2019-04-02 14:13:00,33.19,33.19,33.1501,33.16,300.0
2019-04-02 14:14:00,33.23,33.45,33.23,33.45,782.0
2019-04-02 14:25:00,33.5,33.5,33.35,33.5,1293.0
2019-04-02 14:30:00,33.31,33.42,33.28,33.42,1006.0
2019-04-02 14:35:00,33.292,33.292,33.292,33.292,208.0
2019-04-02 14:52:00,33.31,33.31,33.19,33.19,417.0
2019-04-02 15:11:00,33.18,33.18,33.18,33.18,404.0
2019-04-02 15:32:00,33.16,33.16,33.16,33.16,429.0
2019-04-02 16:00:00,33.3,33.3,33.3,33.3,111.0
2019-04-03 09:31:00,33.79,33.79,33.79,33.79,1303.0
2019-04-03 11:05:00,33.57,33.57,33.57,33.57,189.0
2019-04-03 11:31:00,33.5799,33.5799,33.5799,33.5799,124.0
2019-04-03 11:34:00,33.58,33.58,33.58,33.58,100.0
2019-04-03 12:31:00,33.11,33.11,33.11,33.11,252.0
2019-04-03 13:14:00,33.17,33.17,33.17,33.17,431.0
2019-04-03 14:38:00,33.56,33.56,33.43,33.43,323.0
2019-04-03 14:43:00,33.43,33.43,33.43,33.43,382.0
2019-04-03 14:48:00,33.4,33.4,33.4,33.4,155.0
2019-04-03 15:01:00,33.49,33.49,33.49,33.49,267.0
2019-04-03 15:23:00,33.28,33.285,33.27,33.285,731.0
2019-04-03 15:33:00,33.14,33.14,33.14,33.14,525.0
2019-04-03 16:00:00,33.16,33.16,33.16,33.16,224.0
