
2019-03-11 09:32:00,16.87,16.87,16.87,16.87,0.0
2019-03-11 09:42:00,16.9,16.9,16.9,16.9,195.0
2019-03-11 10:07:00,16.595,16.595,16.595,16.595,195.0
2019-03-11 10:15:00,16.38,16.38,16.38,16.38,150.0
2019-03-11 10:20:00,16.35,16.35,16.35,16.35,100.0
2019-03-11 10:23:00,16.455,16.455,16.455,16.455,202.0
2019-03-11 10:34:00,16.35,16.39,16.35,16.39,1410.0
2019-03-11 10:36:00,16.5,16.5,16.5,16.5,190.0
2019-03-11 10:39:00,16.39,16.39,16.39,16.39,2959.0
2019-03-11 11:00:00,16.335,16.335,16.335,16.335,402.0
2019-03-11 11:28:00,16.16,16.16,16.16,16.16,2661.0
2019-03-11 11:30:00,16.41,16.41,16.41,16.41,400.0
2019-03-11 11:31:00,16.215,16.215,16.215,16.215,518.0
2019-03-11 12:01:00,16.3849,16.3849,16.3849,16.3849,1100.0
2019-03-11 12:06:00,16.3211,16.3211,16.3211,16.3211,200.0
2019-03-11 12:10:00,16.23,16.235,16.23,16.235,475.0
2019-03-11 12:22:00,16.3111,16.3111,16.3111,16.3111,400.0
2019-03-11 12:27:00,16.345,16.345,16.345,16.345,150.0
2019-03-11 12:28:00,16.315,16.315,16.315,16.315,3000.0
2019-03-11 12:30:00,16.315,16.315,16.315,16.315,2000.0
2019-03-11 12:31:00,16.31,16.31,16.31,16.31,2400.0
2019-03-11 12:32:00,16.3,16.3,16.3,16.3,2950.0
2019-03-11 12:35:00,16.3,16.3,16.3,16.3,100.0
2019-03-11 12:37:00,16.305,16.305,16.305,16.305,200.0
2019-03-11 12:39:00,16.3,16.3,16.3,16.3,260.0
2019-03-11 12:41:00,16.3,16.3,16.3,16.3,1200.0
2019-03-11 12:44:00,16.405,16.405,16.405,16.405,908.0
2019-03-11 12:48:00,16.38,16.38,16.38,16.38,1103.0
2019-03-11 13:00:00,16.6703,16.6703,16.6703,16.6703,266.0
2019-03-11 13:24:00,16.7273,16.7273,16.7273,16.7273,350.0
2019-03-11 13:28:00,16.5,16.5,16.5,16.5,1857.0
2019-03-11 13:29:00,16.5,16.5,16.5,16.5,200.0
2019-03-11 13:30:00,16.51,16.51,16.51,16.51,208.0
2019-03-11 13:50:00,16.46,16.46,16.46,16.46,708.0
2019-03-11 13:56:00,16.315,16.315,16.315,16.315,2766.0
2019-03-11 14:09:00,16.48,16.48,16.48,16.48,3136.0
2019-03-11 14:10:00,16.46,16.46,16.46,16.46,1661.0
2019-03-11 14:11:00,16.475,16.475,16.475,16.475,200.0
2019-03-11 14:18:00,16.5392,16.5392,16.5392,16.5392,400.0
2019-03-11 14:19:00,16.5958,16.5958,16.5958,16.5958,690.0
2019-03-11 14:22:00,16.7268,16.7268,16.7268,16.7268,478.0
2019-03-11 14:33:00,16.48,16.48,16.48,16.48,573.0
2019-03-11 14:42:00,16.74,16.74,16.74,16.74,151.0
2019-03-11 14:51:00,16.8277,16.8277,16.8277,16.8277,600.0
2019-03-11 15:01:00,16.46,16.46,16.46,16.46,263.0
2019-03-11 15:03:00,16.49,16.49,16.49,16.49,100.0
2019-03-11 15:07:00,16.465,16.465,16.465,16.465,550.0
2019-03-11 15:10:00,16.6299,16.6299,16.6299,16.6299,200.0
2019-03-11 15:11:00,16.5,16.5,16.5,16.5,250.0
2019-03-11 15:13:00,16.52,16.52,16.52,16.52,840.0
2019-03-11 15:21:00,16.56,16.565,16.56,16.565,5017.0
2019-03-11 15:22:00,16.53,16.53,16.53,16.53,1046.0
2019-03-11 15:23:00,16.53,16.53,16.53,16.53,325.0
2019-03-11 15:27:00,16.587,16.587,16.587,16.587,1300.0
2019-03-11 15:28:00,16.8,16.8,16.75,16.75,3346.0
2019-03-11 15:36:00,16.8575,16.8575,16.8575,16.8575,697.0
2019-03-11 15:39:00,16.89,16.89,16.89,16.89,303.0
2019-03-11 15:41:00,16.9,16.9,16.9,16.9,582.0
2019-03-11 15:42:00,17.0,17.0,17.0,17.0,905.0
2019-03-11 15:43:00,17.05,17.05,17.05,17.05,750.0
2019-03-11 15:44:00,16.92,16.92,16.92,16.92,1269.0
2019-03-11 15:45:00,16.92,16.92,16.92,16.92,100.0
2019-03-11 15:46:00,16.93,16.93,16.93,16.93,100.0
2019-03-11 15:50:00,16.93,16.93,16.93,16.93,200.0
2019-03-11 15:52:00,16.94,16.94,16.94,16.94,101.0
2019-03-11 15:54:00,16.94,16.94,16.94,16.94,496.0
2019-03-11 15:57:00,16.77,16.77,16.77,16.77,310.0
2019-03-11 15:58:00,16.77,16.77,16.77,16.77,394.0
2019-03-11 15:59:00,16.8,16.8,16.8,16.8,1011.0
2019-03-11 16:00:00,16.98,16.98,16.98,16.98,1323.0
2019-03-12 09:31:00,16.98,16.98,16.98,16.98,853.0
2019-03-12 10:04:00,16.78,16.78,16.78,16.78,3505.0
2019-03-12 10:13:00,16.8539,16.8539,16.78,16.78,1100.0
2019-03-12 10:18:00,16.8898,16.8898,16.8898,16.8898,2001.0
2019-03-12 10:25:00,16.52,16.52,16.52,16.52,4373.0
2019-03-12 10:26:00,16.51,16.51,16.51,16.51,3020.0
2019-03-12 10:33:00,16.5,16.5,16.5,16.5,410.0
2019-03-12 10:35:00,16.42,16.42,16.42,16.42,853.0
2019-03-12 10:42:00,16.43,16.43,16.43,16.43,252.0
2019-03-12 10:48:00,16.53,16.53,16.53,16.53,1051.0
2019-03-12 10:49:00,16.5008,16.5008,16.5008,16.5008,3126.0
2019-03-12 10:50:00,16.63,16.63,16.63,16.63,215.0
2019-03-12 10:55:00,16.5039,16.5039,16.5039,16.5039,951.0
2019-03-12 11:20:00,16.6155,16.6155,16.6155,16.6155,635.0
2019-03-12 11:22:00,16.64,16.64,16.64,16.64,1398.0
2019-03-12 11:28:00,16.775,16.775,16.775,16.775,1037.0
2019-03-12 11:30:00,16.651,16.651,16.651,16.651,101.0
2019-03-12 11:31:00,16.58,16.58,16.58,16.58,3083.0
2019-03-12 11:32:00,16.51,16.51,16.51,16.51,100.0
2019-03-12 11:33:00,16.57,16.57,16.57,16.57,596.0
2019-03-12 11:39:00,16.6547,16.6547,16.6547,16.6547,410.0
2019-03-12 11:46:00,16.52,16.52,16.52,16.52,262.0
2019-03-12 11:55:00,16.5,16.5,16.5,16.5,889.0
2019-03-12 12:12:00,16.54,16.54,16.5,16.5,2690.0
2019-03-12 12:28:00,16.5199,16.5199,16.5199,16.5199,3304.0
2019-03-12 12:45:00,16.44,16.44,16.44,16.44,1119.0
2019-03-12 13:13:00,16.35,16.35,16.35,16.35,384.0
2019-03-12 13:15:00,16.5018,16.5018,16.5018,16.5018,216.0
2019-03-12 13:22:00,16.5,16.5,16.5,16.5,428.0
2019-03-12 13:44:00,16.515,16.515,16.515,16.515,282.0
2019-03-12 13:51:00,16.37,16.37,16.37,16.37,600.0
2019-03-12 14:28:00,16.301,16.301,16.301,16.301,287.0
2019-03-12 14:44:00,16.39,16.79,16.39,16.79,2725.0
2019-03-12 14:47:00,16.63,16.63,16.625,16.625,1006.0
2019-03-12 14:56:00,16.59,16.59,16.59,16.59,709.0
2019-03-12 14:59:00,16.75,16.75,16.75,16.75,316.0
2019-03-12 15:07:00,16.53,16.53,16.53,16.53,218.0
2019-03-12 15:14:00,16.53,16.53,16.53,16.53,718.0
2019-03-12 15:26:00,16.47,16.47,16.47,16.47,104.0
2019-03-12 15:30:00,16.55,16.55,16.55,16.55,223.0
2019-03-12 15:35:00,16.44,16.44,16.44,16.44,126.0
2019-03-12 15:41:00,16.42,16.42,16.42,16.42,102.0
2019-03-12 15:42:00,16.42,16.42,16.42,16.42,217.0
2019-03-12 15:46:00,16.43,16.43,16.43,16.43,121.0
2019-03-12 15:48:00,16.44,16.44,16.44,16.44,131.0
2019-03-12 15:51:00,16.41,16.41,16.41,16.41,133.0
2019-03-12 15:52:00,16.36,16.36,16.36,16.36,216.0
2019-03-12 15:56:00,16.36,16.36,16.36,16.36,204.0
2019-03-12 15:58:00,16.36,16.36,16.36,16.36,214.0
2019-03-12 15:59:00,16.35,16.35,16.35,16.35,583.0
2019-03-12 16:00:00,16.45,16.45,16.45,16.45,761.0
2019-03-13 09:31:00,16.61,16.61,16.61,16.61,0.0
2019-03-13 09:40:00,18.93,18.93,18.93,18.93,656.0
2019-03-13 09:41:00,18.9,18.9,18.9,18.9,101.0
2019-03-13 09:43:00,17.5,17.5,17.5,17.5,702.0
2019-03-13 09:46:00,17.5,17.5,17.5,17.5,1581.0
2019-03-13 09:50:00,17.4077,17.4077,17.4077,17.4077,246.0
2019-03-13 09:54:00,16.88,16.88,16.88,16.88,410.0
2019-03-13 10:01:00,17.02,17.02,17.02,17.02,890.0
2019-03-13 10:03:00,16.72,16.72,16.72,16.72,100.0
2019-03-13 10:07:00,16.8845,16.8845,16.8845,16.8845,300.0
2019-03-13 10:08:00,17.03,17.03,17.03,17.03,303.0
2019-03-13 10:14:00,16.87,16.87,16.87,16.87,862.0
2019-03-13 11:19:00,16.9,16.9,16.8968,16.8968,1008.0
2019-03-13 11:34:00,16.8,16.8,16.8,16.8,800.0
2019-03-13 11:35:00,16.7,16.7,16.7,16.7,1094.0
2019-03-13 11:40:00,16.6995,16.6995,16.6995,16.6995,600.0
2019-03-13 11:47:00,16.6346,16.6346,16.6,16.6,2100.0
2019-03-13 11:57:00,16.6018,16.6018,16.6018,16.6018,100.0
2019-03-13 11:58:00,16.6,16.6,16.6,16.6,500.0
2019-03-13 12:07:00,16.8,16.8,16.8,16.8,2222.0
2019-03-13 12:10:00,16.8,16.8,16.8,16.8,300.0
2019-03-13 12:11:00,16.8,16.8,16.8,16.8,300.0
2019-03-13 12:22:00,16.8,16.8,16.8,16.8,400.0
2019-03-13 12:23:00,16.8,16.8,16.8,16.8,240.0
2019-03-13 12:34:00,16.8,16.8,16.8,16.8,194.0
2019-03-13 12:47:00,16.79,16.79,16.79,16.79,100.0
2019-03-13 13:03:00,16.8,16.8,16.8,16.8,2970.0
2019-03-13 13:04:00,16.88,16.88,16.88,16.88,100.0
2019-03-13 13:11:00,16.9,16.9,16.9,16.9,500.0
2019-03-13 13:20:00,16.9,16.9,16.9,16.9,100.0
2019-03-13 13:22:00,16.9,16.9,16.9,16.9,1162.0
2019-03-13 13:33:00,16.9,16.9,16.9,16.9,105.0
2019-03-13 13:39:00,16.8164,16.8164,16.8164,16.8164,175.0
2019-03-13 13:47:00,16.9,16.9,16.9,16.9,200.0
2019-03-13 13:49:00,16.9,16.9,16.9,16.9,200.0
2019-03-13 13:56:00,17.0,17.0,17.0,17.0,1415.0
2019-03-13 13:57:00,17.0,17.16,17.0,17.16,1222.0
2019-03-13 14:01:00,17.38,17.38,17.38,17.38,260.0
2019-03-13 14:06:00,17.09,17.09,17.09,17.09,400.0
2019-03-13 14:07:00,17.49,17.49,17.49,17.49,1300.0
2019-03-13 14:09:00,17.13,17.13,17.13,17.13,360.0
2019-03-13 14:10:00,17.2,17.2,17.2,17.2,545.0
2019-03-13 14:15:00,17.01,17.01,17.01,17.01,330.0
2019-03-13 14:17:00,17.02,17.02,17.02,17.02,525.0
2019-03-13 14:18:00,17.03,17.03,17.03,17.03,500.0
2019-03-13 14:19:00,17.235,17.235,17.235,17.235,540.0
2019-03-13 14:23:00,17.01,17.01,17.01,17.01,100.0
2019-03-13 14:25:00,17.02,17.02,17.02,17.02,300.0
2019-03-13 14:27:00,17.24,17.24,17.24,17.24,200.0
2019-03-13 14:31:00,17.02,17.02,17.0,17.0,3536.0
2019-03-13 14:33:00,17.0,17.0,17.0,17.0,4069.0
2019-03-13 14:35:00,17.0,17.0,17.0,17.0,2500.0
2019-03-13 14:37:00,17.215,17.215,17.215,17.215,430.0
2019-03-13 14:46:00,17.245,17.245,17.245,17.245,111.0
2019-03-13 14:50:00,17.25,17.25,17.25,17.25,1359.0
2019-03-13 14:56:00,17.0476,17.0476,17.0476,17.0476,741.0
2019-03-13 14:59:00,17.18,17.2,17.18,17.2,377.0
2019-03-13 15:02:00,17.095,17.095,17.095,17.095,100.0
2019-03-13 15:03:00,17.17,17.17,17.17,17.17,304.0
2019-03-13 15:11:00,17.115,17.115,17.115,17.115,135.0
2019-03-13 15:20:00,17.16,17.16,17.16,17.16,180.0
2019-03-13 15:26:00,17.18,17.18,17.18,17.18,305.0
2019-03-13 15:32:00,17.27,17.27,17.27,17.27,100.0
2019-03-13 15:34:00,17.2,17.2,17.2,17.2,400.0
2019-03-13 15:37:00,17.25,17.25,17.25,17.25,100.0
2019-03-13 15:40:00,17.2534,17.2534,17.2534,17.2534,100.0
2019-03-13 15:42:00,17.275,17.275,17.275,17.275,100.0
2019-03-13 15:44:00,17.4,17.4,17.4,17.4,100.0
2019-03-13 15:46:00,17.19,17.19,17.19,17.19,1323.0
2019-03-13 15:51:00,17.23,17.23,17.23,17.23,2505.0
2019-03-13 15:54:00,17.15,17.15,17.15,17.15,1179.0
2019-03-13 15:56:00,17.2,17.2,17.2,17.2,400.0
2019-03-13 15:58:00,17.04,17.04,17.04,17.04,800.0
2019-03-13 15:59:00,17.04,17.04,17.04,17.04,200.0
2019-03-13 16:00:00,17.03,17.03,17.03,17.03,1314.0
2019-03-14 09:31:00,17.04,17.04,17.04,17.04,520.0
2019-03-14 09:39:00,17.3098,17.3098,17.3098,17.3098,2169.0
2019-03-14 09:49:00,16.7034,16.7034,16.7034,16.7034,9168.0
2019-03-14 10:00:00,17.19,17.19,17.19,17.19,300.0
2019-03-14 10:01:00,16.98,16.98,16.98,16.98,584.0
2019-03-14 10:10:00,16.683,16.683,16.683,16.683,388.0
2019-03-14 10:12:00,16.965,16.965,16.965,16.965,263.0
2019-03-14 10:22:00,16.96,16.96,16.96,16.96,100.0
2019-03-14 10:23:00,16.78,16.78,16.78,16.78,300.0
2019-03-14 10:27:00,16.8,16.8,16.8,16.8,1270.0
2019-03-14 10:37:00,16.87,16.87,16.86,16.86,385.0
2019-03-14 10:54:00,16.8022,16.8022,16.8022,16.8022,1000.0
2019-03-14 11:00:00,16.612,16.612,16.612,16.612,2976.0
2019-03-14 11:08:00,16.66,16.66,16.66,16.66,100.0
2019-03-14 11:10:00,16.45,16.45,16.45,16.45,2505.0
2019-03-14 11:12:00,16.4434,16.4434,16.4434,16.4434,651.0
2019-03-14 11:19:00,16.4515,16.4515,16.4515,16.4515,562.0
2019-03-14 11:33:00,16.45,16.45,16.45,16.45,817.0
2019-03-14 11:45:00,16.35,16.35,16.35,16.35,200.0
2019-03-14 11:50:00,16.4135,16.4135,16.4135,16.4135,400.0
2019-03-14 11:53:00,16.35,16.35,16.32,16.32,3262.0
2019-03-14 11:54:00,16.3,16.3,16.3,16.3,614.0
2019-03-14 12:14:00,16.3,16.3,16.3,16.3,1800.0
2019-03-14 12:17:00,16.375,16.375,16.375,16.375,2500.0
2019-03-14 12:18:00,16.37,16.37,16.37,16.37,1640.0
2019-03-14 12:32:00,16.3709,16.3709,16.3709,16.3709,100.0
2019-03-14 12:35:00,16.3385,16.3385,16.3385,16.3385,130.0
2019-03-14 12:39:00,16.355,16.355,16.355,16.355,215.0
2019-03-14 12:43:00,16.355,16.355,16.355,16.355,2700.0
2019-03-14 12:44:00,16.365,16.365,16.365,16.365,1672.0
2019-03-14 12:47:00,16.41,16.41,16.41,16.41,300.0
2019-03-14 12:49:00,16.42,16.42,16.42,16.42,443.0
2019-03-14 12:56:00,16.59,16.59,16.59,16.59,100.0
2019-03-14 12:58:00,16.4315,16.4315,16.4315,16.4315,500.0
2019-03-14 13:05:00,16.505,16.505,16.505,16.505,100.0
2019-03-14 13:17:00,16.57,16.57,16.57,16.57,100.0
2019-03-14 13:27:00,16.515,16.515,16.515,16.515,100.0
2019-03-14 13:28:00,16.65,16.65,16.65,16.65,501.0
2019-03-14 13:32:00,16.7,16.7,16.7,16.7,100.0
2019-03-14 13:40:00,16.6505,16.66,16.6505,16.66,200.0
2019-03-14 13:45:00,16.33,16.33,16.33,16.33,900.0
2019-03-14 13:48:00,16.51,16.51,16.51,16.51,3278.0
2019-03-14 13:56:00,16.48,16.48,16.45,16.45,2403.0
2019-03-14 13:57:00,16.45,16.45,16.45,16.45,2403.0
2019-03-14 13:58:00,16.45,16.45,16.45,16.45,1097.0
2019-03-14 13:59:00,16.45,16.475,16.45,16.475,2096.0
2019-03-14 14:04:00,16.45,16.45,16.45,16.45,101.0
2019-03-14 14:13:00,16.485,16.4925,16.485,16.4925,1800.0
2019-03-14 14:14:00,16.59,16.59,16.585,16.585,250.0
2019-03-14 14:15:00,16.5,16.545,16.5,16.545,300.0
2019-03-14 14:17:00,16.6,16.6,16.6,16.6,200.0
2019-03-14 14:38:00,16.585,16.6,16.585,16.585,900.0
2019-03-14 14:40:00,16.585,16.585,16.57,16.585,2601.0
2019-03-14 14:42:00,16.595,16.595,16.595,16.595,200.0
2019-03-14 14:43:00,16.655,16.655,16.655,16.655,200.0
2019-03-14 14:47:00,16.595,16.595,16.595,16.595,100.0
2019-03-14 14:50:00,16.59,16.59,16.59,16.59,1100.0
2019-03-14 14:52:00,16.59,16.59,16.59,16.59,302.0
2019-03-14 14:57:00,16.58,16.58,16.57,16.58,3011.0
2019-03-14 15:11:00,16.705,16.705,16.705,16.705,323.0
2019-03-14 15:12:00,16.61,16.61,16.59,16.595,2400.0
2019-03-14 15:13:00,16.59,16.6,16.59,16.6,5800.0
2019-03-14 15:17:00,16.59,16.6578,16.59,16.6578,500.0
2019-03-14 15:19:00,16.6627,16.6627,16.6627,16.6627,119.0
2019-03-14 15:24:00,16.695,16.695,16.695,16.695,111.0
2019-03-14 15:37:00,16.77,16.77,16.77,16.77,100.0
2019-03-14 15:38:00,16.76,17.09,16.76,16.8801,5515.0
2019-03-14 15:39:00,16.88,16.88,16.88,16.88,200.0
2019-03-14 15:40:00,16.62,16.62,16.62,16.62,100.0
2019-03-14 15:43:00,16.625,16.625,16.625,16.625,118.0
2019-03-14 15:46:00,16.67,16.67,16.67,16.67,200.0
2019-03-14 15:48:00,16.67,16.67,16.67,16.67,310.0
2019-03-14 15:49:00,16.57,16.58,16.57,16.58,210.0
2019-03-14 15:50:00,16.565,16.565,16.565,16.565,180.0
2019-03-14 15:51:00,16.71,16.7299,16.58,16.595,6720.0
2019-03-14 15:52:00,16.575,16.64,16.555,16.64,900.0
2019-03-14 15:53:00,16.67,16.68,16.63,16.63,2182.0
2019-03-14 15:54:00,16.645,16.67,16.6,16.6,5900.0
2019-03-14 15:55:00,16.61,16.67,16.6,16.67,1212.0
2019-03-14 15:56:00,16.6,16.6,16.6,16.6,101.0
2019-03-14 15:57:00,16.6,16.6,16.6,16.6,317.0
2019-03-14 15:58:00,16.6,16.6,16.6,16.6,300.0
2019-03-14 15:59:00,16.6,16.6,16.6,16.6,160.0
2019-03-14 16:00:00,16.6,16.6,16.6,16.6,789.0
2019-03-15 09:31:00,16.68,16.68,16.68,16.68,17700.0
2019-03-15 09:47:00,16.3212,16.3212,16.3212,16.3212,320.0
2019-03-15 10:03:00,16.5131,16.5131,16.5131,16.5131,500.0
2019-03-15 10:41:00,16.7676,16.7676,16.7676,16.7676,200.0
2019-03-15 10:52:00,16.93,16.93,16.93,16.93,140.0
2019-03-15 11:04:00,17.0,17.0,16.91,16.9195,360.0
2019-03-15 11:27:00,16.92,17.01,16.92,17.01,607.0
2019-03-15 11:33:00,16.92,16.92,16.92,16.92,3605.0
2019-03-15 11:40:00,16.81,16.81,16.81,16.81,103.0
2019-03-15 11:52:00,16.935,16.935,16.935,16.935,104.0
2019-03-15 12:06:00,16.86,16.86,16.86,16.86,333.0
2019-03-15 12:24:00,16.94,16.94,16.94,16.94,1736.0
2019-03-15 12:43:00,17.02,17.02,17.02,17.02,216.0
2019-03-15 12:53:00,17.02,17.02,17.02,17.02,100.0
2019-03-15 12:56:00,17.04,17.04,17.04,17.04,107.0
2019-03-15 13:11:00,17.04,17.04,17.04,17.04,200.0
2019-03-15 13:13:00,17.06,17.06,17.06,17.06,700.0
2019-03-15 13:14:00,17.04,17.04,17.04,17.04,706.0
2019-03-15 13:15:00,16.99,16.99,16.99,16.99,1538.0
2019-03-15 13:18:00,16.98,16.98,16.98,16.98,106.0
2019-03-15 13:28:00,17.04,17.04,17.04,17.04,187.0
2019-03-15 13:49:00,16.885,16.885,16.885,16.885,332.0
2019-03-15 13:50:00,17.02,17.02,17.0,17.02,1207.0
2019-03-15 14:01:00,16.835,16.835,16.835,16.835,411.0
2019-03-15 14:20:00,16.8742,16.8742,16.8742,16.8742,1009.0
2019-03-15 14:26:00,16.8962,16.8962,16.8962,16.8962,109.0
2019-03-15 14:32:00,16.9663,16.9663,16.9663,16.9663,343.0
2019-03-15 14:41:00,16.9663,16.9663,16.9663,16.9663,288.0
2019-03-15 14:51:00,17.01,17.01,17.01,17.01,117.0
2019-03-15 15:05:00,17.01,17.01,17.01,17.01,112.0
2019-03-15 15:14:00,17.01,17.01,17.01,17.01,104.0
2019-03-15 15:21:00,17.05,17.05,16.895,16.895,521.0
2019-03-15 15:24:00,16.895,16.895,16.895,16.895,111.0
2019-03-15 15:33:00,16.895,16.895,16.895,16.895,116.0
2019-03-15 15:40:00,16.87,16.87,16.87,16.87,400.0
2019-03-15 15:41:00,16.87,16.87,16.87,16.87,481.0
2019-03-15 15:44:00,16.8,16.8,16.8,16.8,504.0
2019-03-15 15:46:00,17.01,17.01,17.01,17.01,114.0
2019-03-15 15:48:00,16.85,16.85,16.85,16.85,758.0
2019-03-15 15:50:00,16.81,16.81,16.81,16.81,200.0
2019-03-15 15:52:00,16.85,16.85,16.85,16.85,825.0
2019-03-15 15:53:00,16.85,16.85,16.85,16.85,444.0
2019-03-15 15:54:00,16.85,16.85,16.85,16.85,302.0
2019-03-15 15:55:00,16.8,16.8,16.8,16.8,104.0
2019-03-15 15:56:00,17.17,17.17,17.17,17.17,2226.0
2019-03-15 15:57:00,17.205,17.205,17.205,17.205,1300.0
2019-03-15 15:58:00,17.03,17.03,17.03,17.03,294.0
2019-03-15 15:59:00,17.14,17.14,17.14,17.14,788.0
2019-03-15 16:00:00,17.12,17.28,17.12,17.28,2003.0
2019-03-18 09:32:00,17.16,17.16,17.16,17.16,1515.0
2019-03-18 09:35:00,16.5395,16.5395,16.5395,16.5395,3315.0
2019-03-18 09:48:00,17.345,17.345,17.345,17.345,106.0
2019-03-18 09:52:00,17.39,17.39,17.39,17.39,204.0
2019-03-18 10:06:00,17.36,17.36,17.36,17.36,1501.0
2019-03-18 10:30:00,16.95,16.95,16.95,16.95,100.0
2019-03-18 10:40:00,16.725,16.725,16.725,16.725,200.0
2019-03-18 10:56:00,16.474,16.474,16.474,16.474,100.0
2019-03-18 10:57:00,16.5376,16.5376,16.5376,16.5376,1166.0
2019-03-18 11:01:00,16.5751,16.5751,16.5751,16.5751,479.0
2019-03-18 11:03:00,17.0,17.0,17.0,17.0,1205.0
2019-03-18 11:06:00,16.93,16.93,16.93,16.93,600.0
2019-03-18 11:08:00,17.2055,17.2055,17.2055,17.2055,100.0
2019-03-18 11:10:00,17.2055,17.2055,17.2055,17.2055,100.0
2019-03-18 11:12:00,16.87,16.87,16.87,16.87,787.0
2019-03-18 11:17:00,16.8014,16.8014,16.8014,16.8014,257.0
2019-03-18 11:41:00,16.9,16.9,16.9,16.9,421.0
2019-03-18 11:50:00,16.91,16.91,16.91,16.91,108.0
2019-03-18 11:55:00,16.9,16.9,16.9,16.9,100.0
2019-03-18 11:56:00,16.93,16.93,16.93,16.93,300.0
2019-03-18 12:03:00,16.85,16.85,16.85,16.85,101.0
2019-03-18 12:08:00,16.8849,16.8849,16.8849,16.8849,204.0
2019-03-18 12:20:00,16.82,16.82,16.82,16.82,311.0
2019-03-18 13:03:00,16.86,16.86,16.86,16.86,1242.0
2019-03-18 13:39:00,16.8,16.8,16.8,16.8,200.0
2019-03-18 13:40:00,16.75,16.76,16.75,16.76,1373.0
2019-03-18 13:45:00,16.68,16.7,16.68,16.7,725.0
2019-03-18 14:48:00,16.72,16.73,16.66,16.72,863.0
2019-03-18 14:54:00,16.72,16.72,16.69,16.7,672.0
2019-03-18 15:15:00,16.64,16.65,16.52,16.65,6328.0
2019-03-18 15:23:00,16.64,16.75,16.64,16.64,1700.0
2019-03-18 15:25:00,16.675,16.675,16.675,16.675,118.0
2019-03-18 15:45:00,16.53,16.53,16.53,16.53,120.0
2019-03-18 15:48:00,16.7,16.7,16.7,16.7,211.0
2019-03-18 15:52:00,16.54,16.54,16.54,16.54,207.0
2019-03-18 15:56:00,16.535,16.535,16.535,16.535,115.0
2019-03-18 15:59:00,16.51,16.51,16.51,16.51,628.0
2019-03-18 16:00:00,16.525,16.525,16.525,16.525,488.0
2019-03-19 09:31:00,16.63,16.63,16.63,16.63,0.0
2019-03-19 09:40:00,16.97,17.15,16.855,17.15,2748.0
2019-03-19 09:42:00,17.0509,17.0509,17.0509,17.0509,295.0
2019-03-19 09:53:00,17.13,17.13,17.13,17.13,100.0
2019-03-19 09:57:00,16.87,16.87,16.87,16.87,100.0
2019-03-19 09:59:00,17.0758,17.0758,17.0758,17.0758,278.0
2019-03-19 10:12:00,17.0,17.0,16.7478,16.955,1925.0
2019-03-19 10:15:00,16.9999,16.9999,16.9999,16.9999,100.0
2019-03-19 10:23:00,16.8824,16.8824,16.86,16.86,435.0
2019-03-19 10:38:00,16.86,16.86,16.86,16.86,239.0
2019-03-19 10:40:00,16.95,16.95,16.85,16.85,3120.0
2019-03-19 10:57:00,16.98,16.98,16.98,16.98,109.0
2019-03-19 11:13:00,16.99,16.99,16.99,16.99,100.0
2019-03-19 11:15:00,16.99,16.99,16.99,16.99,116.0
2019-03-19 11:26:00,16.99,16.99,16.99,16.99,102.0
2019-03-19 11:31:00,16.97,16.97,16.97,16.97,121.0
2019-03-19 11:48:00,16.9324,16.9324,16.9324,16.9324,500.0
2019-03-19 11:50:00,16.95,16.95,16.95,16.95,101.0
2019-03-19 11:53:00,16.95,16.95,16.95,16.95,110.0
2019-03-19 12:06:00,16.95,16.95,16.86,16.86,202.0
2019-03-19 12:10:00,16.95,16.95,16.95,16.95,1218.0
2019-03-19 12:31:00,17.1,17.1,17.1,17.1,106.0
2019-03-19 12:32:00,17.0062,17.025,17.0062,17.025,925.0
2019-03-19 12:33:00,17.09,17.09,17.09,17.09,104.0
2019-03-19 12:40:00,17.07,17.07,16.96,17.015,827.0
2019-03-19 12:44:00,17.015,17.015,17.015,17.015,395.0
2019-03-19 12:52:00,16.9182,16.9182,16.9182,16.9182,595.0
2019-03-19 12:54:00,16.91,16.91,16.91,16.91,683.0
2019-03-19 13:07:00,16.89,17.01,16.89,17.01,2513.0
2019-03-19 13:08:00,17.01,17.01,17.01,17.01,202.0
2019-03-19 13:11:00,17.07,17.07,17.005,17.005,426.0
2019-03-19 13:14:00,17.1,17.1,17.1,17.1,137.0
2019-03-19 13:17:00,16.94,16.94,16.94,16.94,398.0
2019-03-19 13:36:00,17.1,17.1,17.1,17.1,108.0
2019-03-19 13:43:00,17.0996,17.0996,17.0996,17.0996,500.0
2019-03-19 13:48:00,16.9943,16.9943,16.9943,16.9943,210.0
2019-03-19 13:51:00,17.1,17.1,17.08,17.08,215.0
2019-03-19 13:57:00,17.08,17.08,17.08,17.08,112.0
2019-03-19 14:05:00,17.08,17.08,17.08,17.08,100.0
2019-03-19 14:07:00,17.09,17.1,17.09,17.1,860.0
2019-03-19 14:13:00,16.945,16.945,16.945,16.945,104.0
2019-03-19 14:17:00,17.02,17.02,17.02,17.02,106.0
2019-03-19 14:18:00,17.1,17.1,17.1,17.1,111.0
2019-03-19 14:35:00,17.08,17.08,17.08,17.08,100.0
2019-03-19 14:36:00,17.02,17.02,17.02,17.02,110.0
2019-03-19 14:38:00,17.02,17.02,17.02,17.02,103.0
2019-03-19 14:41:00,17.02,17.02,17.02,17.02,200.0
2019-03-19 14:44:00,17.1,17.1,17.1,17.1,124.0
2019-03-19 14:46:00,17.09,17.09,17.04,17.04,444.0
2019-03-19 14:47:00,17.11,17.11,17.1,17.1,901.0
2019-03-19 14:53:00,16.8,16.8,16.8,16.8,422.0
2019-03-19 15:07:00,16.94,16.94,16.835,16.835,601.0
2019-03-19 15:21:00,16.91,16.91,16.91,16.91,118.0
2019-03-19 15:35:00,16.83,16.83,16.83,16.83,209.0
2019-03-19 15:43:00,16.93,16.93,16.93,16.93,232.0
2019-03-19 15:51:00,16.94,17.22,16.94,17.22,1625.0
2019-03-19 15:57:00,17.06,17.07,17.06,17.07,827.0
2019-03-19 16:00:00,16.995,17.05,16.94,17.05,1018.0
2019-03-20 09:31:00,17.05,17.05,17.05,17.05,0.0
2019-03-20 10:11:00,17.0166,17.0166,17.0166,17.0166,1000.0
2019-03-20 10:14:00,17.08,17.08,17.08,17.08,200.0
2019-03-20 10:15:00,17.08,17.08,17.07,17.07,489.0
2019-03-20 10:38:00,17.08,17.08,17.08,17.08,132.0
2019-03-20 11:00:00,17.05,17.05,17.05,17.05,233.0
2019-03-20 11:40:00,17.24,17.24,17.24,17.24,128.0
2019-03-20 12:08:00,17.06,17.06,17.06,17.06,133.0
2019-03-20 12:11:00,17.04,17.04,17.04,17.04,373.0
2019-03-20 12:17:00,16.93,16.975,16.93,16.975,758.0
2019-03-20 12:57:00,16.73,16.73,16.73,16.73,100.0
2019-03-20 12:59:00,16.805,16.81,16.805,16.81,700.0
2019-03-20 13:02:00,16.86,16.86,16.8501,16.8501,231.0
2019-03-20 13:23:00,16.9832,16.9832,16.9832,16.9832,315.0
2019-03-20 13:25:00,16.9034,16.9034,16.9034,16.9034,1043.0
2019-03-20 14:00:00,16.9,16.9,16.67,16.67,1600.0
2019-03-20 14:01:00,16.89,16.89,16.89,16.89,190.0
2019-03-20 14:06:00,16.7,16.7,16.675,16.675,514.0
2019-03-20 14:07:00,16.7731,16.7731,16.7731,16.7731,2109.0
2019-03-20 15:00:00,16.73,16.73,16.73,16.73,101.0
2019-03-20 15:03:00,16.88,16.88,16.88,16.88,218.0
2019-03-20 15:11:00,16.8137,16.8137,16.8137,16.8137,148.0
2019-03-20 15:23:00,16.7963,16.7963,16.7963,16.7963,150.0
2019-03-20 15:27:00,16.75,16.75,16.75,16.75,100.0
2019-03-20 15:29:00,16.88,16.88,16.88,16.88,268.0
2019-03-20 15:48:00,16.87,16.87,16.87,16.87,120.0
2019-03-20 15:54:00,16.87,16.87,16.87,16.87,435.0
2019-03-20 15:57:00,16.87,16.9,16.87,16.9,456.0
2019-03-20 16:00:00,16.69,16.71,16.69,16.71,567.0
2019-03-21 09:31:00,16.95,16.95,16.95,16.95,0.0
2019-03-21 10:00:00,17.0341,17.0341,16.8,16.8,684.0
2019-03-21 10:01:00,16.8,16.8,16.8,16.8,225.0
2019-03-21 10:56:00,16.97,16.98,16.97,16.98,269.0
2019-03-21 11:38:00,16.9353,16.98,16.9353,16.98,1550.0
2019-03-21 11:48:00,16.96,17.0,16.94,17.0,1119.0
2019-03-21 11:52:00,17.16,17.19,17.01,17.01,2699.0
2019-03-21 11:54:00,17.07,17.07,17.07,17.07,100.0
2019-03-21 12:03:00,17.31,17.31,17.31,17.31,399.0
2019-03-21 12:07:00,17.23,17.23,17.23,17.23,250.0
2019-03-21 12:16:00,17.28,17.28,17.28,17.28,310.0
2019-03-21 12:18:00,17.2,17.2,17.2,17.2,1600.0
2019-03-21 12:19:00,17.2,17.2,17.2,17.2,810.0
2019-03-21 12:40:00,17.1,17.1,17.1,17.1,100.0
2019-03-21 12:42:00,17.1915,17.1915,17.1915,17.1915,450.0
2019-03-21 12:44:00,17.2,17.2,17.2,17.2,102.0
2019-03-21 12:47:00,17.06,17.06,17.06,17.06,2203.0
2019-03-21 12:51:00,17.2,17.2,17.2,17.2,131.0
2019-03-21 12:55:00,17.25,17.25,17.25,17.25,231.0
2019-03-21 13:18:00,17.27,17.27,17.27,17.27,109.0
2019-03-21 13:27:00,17.22,17.22,17.22,17.22,100.0
2019-03-21 13:32:00,17.22,17.22,17.22,17.22,100.0
2019-03-21 13:34:00,17.17,17.17,17.0,17.0,3754.0
2019-03-21 13:36:00,17.11,17.11,17.11,17.11,1547.0
2019-03-21 13:38:00,17.15,17.15,17.15,17.15,100.0
2019-03-21 13:39:00,17.07,17.07,17.07,17.07,600.0
2019-03-21 13:56:00,17.2249,17.2249,17.2249,17.2249,125.0
2019-03-21 14:28:00,17.01,17.01,17.01,17.01,522.0
2019-03-21 14:36:00,17.0,17.0,17.0,17.0,1100.0
2019-03-21 14:38:00,17.0,17.04,17.0,17.04,1104.0
2019-03-21 14:47:00,16.95,16.95,16.95,16.95,201.0
2019-03-21 15:16:00,16.9,16.9,16.9,16.9,1200.0
2019-03-21 15:27:00,16.95,16.95,16.95,16.95,293.0
2019-03-21 15:29:00,17.03,17.03,17.03,17.03,100.0
2019-03-21 15:37:00,17.05,17.05,17.05,17.05,179.0
2019-03-21 15:45:00,16.95,16.95,16.95,16.95,484.0
2019-03-21 15:50:00,16.98,16.98,16.98,16.98,445.0
2019-03-21 15:53:00,16.93,16.93,16.93,16.93,390.0
2019-03-21 15:55:00,17.04,17.04,17.04,17.04,100.0
2019-03-21 15:56:00,16.9,16.9,16.9,16.9,100.0
2019-03-21 15:57:00,16.901,16.901,16.901,16.901,489.0
2019-03-21 16:00:00,16.85,16.85,16.85,16.85,999.0
2019-03-22 09:31:00,16.81,16.81,16.81,16.81,147.0
2019-03-22 10:00:00,17.505,17.505,17.505,17.505,1005.0
2019-03-22 10:03:00,17.105,17.105,17.0901,17.1,320.0
2019-03-22 10:05:00,17.0,17.0848,16.95,16.95,2208.0
2019-03-22 10:06:00,16.71,16.71,16.71,16.71,430.0
2019-03-22 10:18:00,16.81,16.81,16.81,16.81,221.0
2019-03-22 10:27:00,17.0,17.0,17.0,17.0,210.0
2019-03-22 10:30:00,17.08,17.08,17.08,17.08,270.0
2019-03-22 10:36:00,16.96,16.96,16.96,16.96,229.0
2019-03-22 10:56:00,16.85,16.85,16.57,16.59,2325.0
2019-03-22 11:11:00,16.94,16.94,16.94,16.94,250.0
2019-03-22 11:36:00,16.63,16.63,16.63,16.63,143.0
2019-03-22 11:41:00,16.61,16.61,16.5,16.5,526.0
2019-03-22 11:48:00,16.544,16.544,16.544,16.544,854.0
2019-03-22 11:56:00,16.5496,16.55,16.4,16.4,4610.0
2019-03-22 11:58:00,16.3,16.31,16.3,16.31,1222.0
2019-03-22 12:07:00,16.31,16.3154,16.31,16.3154,617.0
2019-03-22 12:12:00,16.32,16.32,16.32,16.32,244.0
2019-03-22 12:26:00,16.27,16.27,16.25,16.25,372.0
2019-03-22 12:31:00,16.25,16.25,16.25,16.25,108.0
2019-03-22 12:32:00,16.2,16.2,16.0,16.0,5230.0
2019-03-22 12:34:00,16.0,16.0446,16.0,16.0446,701.0
2019-03-22 12:38:00,16.15,16.15,16.15,16.15,266.0
2019-03-22 12:41:00,16.16,16.16,16.16,16.16,226.0
2019-03-22 12:42:00,16.0781,16.0781,16.0781,16.0781,458.0
2019-03-22 12:43:00,16.27,16.27,16.27,16.27,206.0
2019-03-22 12:48:00,16.22,16.22,16.22,16.22,127.0
2019-03-22 12:52:00,16.22,16.22,16.22,16.22,757.0
2019-03-22 13:22:00,16.21,16.21,16.21,16.21,215.0
2019-03-22 13:42:00,16.2,16.2,16.1403,16.1403,1085.0
2019-03-22 13:43:00,16.14,16.18,16.0,16.05,4172.0
2019-03-22 13:46:00,16.05,16.05,16.01,16.05,2164.0
2019-03-22 13:47:00,16.03,16.05,15.94,15.94,2205.0
2019-03-22 13:56:00,15.76,15.77,15.25,15.6,5482.0
2019-03-22 14:00:00,15.6372,15.6372,15.6372,15.6372,510.0
2019-03-22 14:15:00,15.56,15.56,15.56,15.56,224.0
2019-03-22 14:16:00,15.63,15.73,15.63,15.73,319.0
2019-03-22 14:26:00,15.73,15.73,15.73,15.73,110.0
2019-03-22 14:30:00,15.8878,15.8878,15.8878,15.8878,1447.0
2019-03-22 14:39:00,15.76,15.76,15.76,15.76,116.0
2019-03-22 14:44:00,15.75,15.75,15.75,15.75,195.0
2019-03-22 14:51:00,15.77,15.77,15.77,15.77,122.0
2019-03-22 14:59:00,15.8381,15.8381,15.8381,15.8381,713.0
2019-03-22 15:01:00,15.75,15.78,15.75,15.78,210.0
2019-03-22 15:05:00,15.73,15.75,15.58,15.7,2609.0
2019-03-22 15:08:00,15.73,15.73,15.73,15.73,116.0
2019-03-22 15:16:00,15.75,15.75,15.75,15.75,182.0
2019-03-22 15:18:00,15.8692,15.8692,15.8692,15.8692,200.0
2019-03-22 15:19:00,15.802,15.802,15.7,15.7,423.0
2019-03-22 15:25:00,15.8144,15.9199,15.71,15.72,4903.0
2019-03-22 15:30:00,15.73,15.73,15.73,15.73,112.0
2019-03-22 15:31:00,15.9199,15.9199,15.9199,15.9199,624.0
2019-03-22 15:35:00,15.72,15.73,15.72,15.73,312.0
2019-03-22 15:40:00,15.71,15.71,15.7,15.7,292.0
2019-03-22 15:41:00,15.73,15.73,15.73,15.73,536.0
2019-03-22 15:48:00,15.74,15.74,15.74,15.74,441.0
2019-03-22 15:54:00,15.8317,15.8317,15.8317,15.8317,406.0
2019-03-22 15:56:00,15.78,15.78,15.78,15.78,314.0
2019-03-22 15:58:00,15.78,15.78,15.76,15.76,970.0
2019-03-22 16:00:00,15.7,15.77,15.7,15.7,2331.0
2019-03-25 09:31:00,15.9,15.9,15.9,15.9,5410.0
2019-03-25 09:45:00,16.1,16.1,16.1,16.1,402.0
2019-03-25 09:47:00,16.15,16.15,16.15,16.15,690.0
2019-03-25 09:48:00,16.25,16.25,16.2399,16.2399,3917.0
2019-03-25 09:55:00,16.15,16.15,16.15,16.15,3845.0
2019-03-25 10:01:00,16.2,16.2,16.2,16.2,805.0
2019-03-25 10:03:00,16.2,16.2,16.2,16.2,425.0
2019-03-25 10:07:00,16.1805,16.1805,16.075,16.075,6303.0
2019-03-25 10:08:00,16.075,16.075,16.075,16.075,700.0
2019-03-25 10:09:00,16.08,16.08,16.08,16.08,125.0
2019-03-25 10:12:00,16.055,16.055,16.055,16.055,100.0
2019-03-25 10:14:00,16.05,16.05,16.05,16.05,1025.0
2019-03-25 10:15:00,16.05,16.05,16.05,16.05,1700.0
2019-03-25 10:19:00,16.095,16.095,16.095,16.095,300.0
2019-03-25 10:22:00,16.125,16.125,16.125,16.125,4301.0
2019-03-25 10:30:00,16.15,16.15,16.15,16.15,100.0
2019-03-25 10:32:00,16.075,16.075,16.075,16.075,2004.0
2019-03-25 10:35:00,15.96,15.96,15.96,15.96,367.0
2019-03-25 10:36:00,15.9,15.9,15.9,15.9,3585.0
2019-03-25 10:37:00,15.8633,15.8633,15.8633,15.8633,326.0
2019-03-25 10:43:00,15.74,15.74,15.74,15.74,701.0
2019-03-25 10:46:00,15.61,15.61,15.61,15.61,692.0
2019-03-25 11:15:00,15.685,15.685,15.685,15.685,300.0
2019-03-25 11:16:00,15.7175,15.7175,15.7175,15.7175,1000.0
2019-03-25 11:17:00,15.685,15.685,15.685,15.685,1100.0
2019-03-25 11:19:00,15.685,15.685,15.685,15.685,100.0
2019-03-25 11:21:00,15.75,15.76,15.75,15.76,1476.0
2019-03-25 11:28:00,15.94,15.94,15.94,15.94,100.0
2019-03-25 11:30:00,16.09,16.09,16.09,16.09,8635.0
2019-03-25 11:32:00,16.09,16.09,16.09,16.09,380.0
2019-03-25 11:35:00,16.2781,16.2781,16.2781,16.2781,505.0
2019-03-25 11:51:00,15.96,15.96,15.96,15.96,251.0
2019-03-25 12:00:00,16.24,16.24,16.095,16.095,1998.0
2019-03-25 12:01:00,16.095,16.095,16.095,16.095,671.0
2019-03-25 12:02:00,16.095,16.095,16.095,16.095,100.0
2019-03-25 12:07:00,15.89,15.89,15.88,15.88,4575.0
2019-03-25 12:08:00,15.95,15.95,15.95,15.95,405.0
2019-03-25 12:11:00,15.9465,15.9465,15.9465,15.9465,450.0
2019-03-25 12:12:00,16.05,16.05,16.05,16.05,754.0
2019-03-25 12:15:00,16.15,16.15,16.1175,16.1175,5531.0
2019-03-25 12:18:00,16.1,16.1,16.09,16.09,522.0
2019-03-25 12:31:00,16.24,16.25,16.24,16.25,200.0
2019-03-25 12:35:00,16.09,16.09,16.09,16.09,218.0
2019-03-25 12:45:00,16.065,16.065,16.065,16.065,183.0
2019-03-25 13:00:00,16.21,16.21,16.21,16.21,100.0
2019-03-25 13:06:00,16.09,16.09,16.09,16.09,292.0
2019-03-25 13:14:00,16.14,16.14,16.05,16.05,806.0
2019-03-25 13:35:00,16.105,16.105,16.105,16.105,545.0
2019-03-25 13:37:00,16.05,16.05,16.05,16.05,100.0
2019-03-25 13:39:00,16.125,16.125,16.125,16.125,200.0
2019-03-25 13:46:00,16.13,16.13,16.13,16.13,100.0
2019-03-25 13:52:00,16.13,16.13,16.13,16.13,1800.0
2019-03-25 13:54:00,16.1,16.1,16.1,16.1,370.0
2019-03-25 13:55:00,16.06,16.06,16.06,16.06,407.0
2019-03-25 14:00:00,16.119,16.119,16.119,16.119,300.0
2019-03-25 14:04:00,16.15,16.15,16.15,16.15,905.0
2019-03-25 14:05:00,16.27,16.6,16.27,16.6,1435.0
2019-03-25 14:08:00,16.29,16.3,16.29,16.3,1000.0
2019-03-25 14:09:00,16.18,16.18,16.18,16.18,790.0
2019-03-25 14:10:00,16.14,16.14,16.14,16.14,1603.0
2019-03-25 14:11:00,16.2,16.2,16.2,16.2,890.0
2019-03-25 14:12:00,16.2,16.2,16.2,16.2,600.0
2019-03-25 14:13:00,16.17,16.17,16.17,16.17,802.0
2019-03-25 14:14:00,16.07,16.08,16.07,16.08,2698.0
2019-03-25 14:16:00,16.13,16.13,16.13,16.13,1635.0
2019-03-25 14:19:00,16.13,16.13,16.13,16.13,800.0
2019-03-25 14:23:00,16.18,16.18,16.18,16.18,300.0
2019-03-25 14:24:00,16.13,16.13,16.13,16.13,1200.0
2019-03-25 14:25:00,16.1868,16.1868,16.1868,16.1868,480.0
2019-03-25 14:28:00,16.13,16.13,16.13,16.13,100.0
2019-03-25 14:35:00,16.05,16.05,16.05,16.05,500.0
2019-03-25 14:36:00,16.09,16.09,16.09,16.09,700.0
2019-03-25 14:37:00,16.11,16.15,16.11,16.15,1200.0
2019-03-25 14:40:00,16.17,16.17,16.17,16.17,204.0
2019-03-25 14:42:00,16.11,16.11,16.07,16.07,922.0
2019-03-25 14:45:00,16.075,16.075,16.075,16.075,685.0
2019-03-25 14:52:00,16.18,16.19,16.18,16.19,1900.0
2019-03-25 14:58:00,16.2,16.2,16.12,16.12,1428.0
2019-03-25 14:59:00,16.08,16.08,16.08,16.08,1430.0
2019-03-25 15:00:00,16.09,16.09,16.09,16.09,800.0
2019-03-25 15:01:00,16.22,16.22,16.22,16.22,500.0
2019-03-25 15:03:00,16.105,16.105,16.105,16.105,542.0
2019-03-25 15:15:00,16.08,16.08,16.08,16.08,212.0
2019-03-25 15:19:00,16.08,16.08,16.08,16.08,800.0
2019-03-25 15:21:00,16.11,16.11,16.11,16.11,1000.0
2019-03-25 15:24:00,16.12,16.12,16.12,16.12,600.0
2019-03-25 15:35:00,16.2,16.25,16.2,16.25,2250.0
2019-03-25 15:36:00,16.39,16.39,16.12,16.12,6953.0
2019-03-25 15:37:00,16.09,16.09,16.09,16.09,1400.0
2019-03-25 15:38:00,16.1,16.1,16.1,16.1,448.0
2019-03-25 15:39:00,16.03,16.03,16.0,16.0,3038.0
2019-03-25 15:42:00,15.94,15.94,15.94,15.94,160.0
2019-03-25 15:49:00,16.0,16.0,16.0,16.0,270.0
2019-03-25 15:55:00,15.87,15.87,15.87,15.87,888.0
2019-03-25 15:57:00,15.86,15.86,15.86,15.86,100.0
2019-03-25 15:59:00,15.86,15.86,15.86,15.86,558.0
2019-03-25 16:00:00,15.85,15.85,15.76,15.76,3173.0
2019-03-26 09:31:00,15.81,15.81,15.81,15.81,3943.0
2019-03-26 09:32:00,15.83,16.1,15.83,16.1,2968.0
2019-03-26 09:33:00,15.8,15.8,15.8,15.8,1222.0
2019-03-26 09:34:00,15.56,15.56,15.56,15.56,3502.0
2019-03-26 09:35:00,15.5,15.5,15.29,15.29,2218.0
2019-03-26 09:40:00,15.7541,15.7541,15.6,15.6,1598.0
2019-03-26 09:44:00,15.9054,15.95,15.9054,15.95,400.0
2019-03-26 09:50:00,15.8408,15.8408,15.8408,15.8408,2621.0
2019-03-26 09:52:00,15.7,15.7,15.7,15.7,709.0
2019-03-26 09:54:00,15.61,15.61,15.61,15.61,809.0
2019-03-26 09:56:00,15.635,15.635,15.635,15.635,1468.0
2019-03-26 09:58:00,15.5935,15.5935,15.5935,15.5935,4850.0
2019-03-26 10:03:00,15.5,15.5,15.5,15.5,713.0
2019-03-26 10:31:00,15.65,15.65,15.65,15.65,300.0
2019-03-26 10:38:00,15.8932,15.8932,15.8932,15.8932,1600.0
2019-03-26 10:43:00,15.925,15.925,15.925,15.925,200.0
2019-03-26 10:49:00,15.89,15.89,15.89,15.89,1313.0
2019-03-26 10:51:00,16.495,16.495,16.495,16.495,3400.0
2019-03-26 10:52:00,16.37,16.555,16.37,16.555,1745.0
2019-03-26 10:54:00,16.24,16.24,16.24,16.24,300.0
2019-03-26 10:56:00,16.4041,16.4041,16.4041,16.4041,750.0
2019-03-26 10:58:00,16.22,16.22,16.22,16.22,200.0
2019-03-26 11:00:00,16.22,16.29,16.22,16.29,900.0
2019-03-26 11:03:00,16.22,16.22,16.22,16.22,900.0
2019-03-26 11:05:00,16.77,16.77,16.315,16.315,603.0
2019-03-26 11:08:00,16.24,16.24,16.14,16.14,2614.0
2019-03-26 11:11:00,16.14,16.14,16.14,16.14,844.0
2019-03-26 11:13:00,16.21,16.21,16.21,16.21,900.0
2019-03-26 11:19:00,16.21,16.21,16.21,16.21,400.0
2019-03-26 11:21:00,16.21,16.21,16.21,16.21,100.0
2019-03-26 11:33:00,16.21,16.21,16.17,16.17,800.0
2019-03-26 11:41:00,16.21,16.21,16.21,16.21,1900.0
2019-03-26 11:43:00,16.21,16.21,16.21,16.21,539.0
2019-03-26 11:45:00,16.18,16.2,16.18,16.2,0.0
2019-03-26 11:50:00,16.155,16.21,16.155,16.21,900.0
2019-03-26 11:53:00,16.21,16.33,16.21,16.225,2300.0
2019-03-26 11:55:00,16.34,16.34,16.34,16.34,900.0
2019-03-26 11:57:00,16.34,16.45,16.23,16.45,1568.0
2019-03-26 11:58:00,16.34,16.34,16.22,16.2599,1206.0
2019-03-26 12:03:00,16.4,16.4,16.4,16.4,1200.0
2019-03-26 12:12:00,16.48,16.48,16.48,16.48,101.0
2019-03-26 12:13:00,16.42,16.42,16.42,16.42,110.0
2019-03-26 12:27:00,16.39,16.39,16.39,16.39,700.0
2019-03-26 12:28:00,16.25,16.25,16.25,16.25,488.0
2019-03-26 12:33:00,16.32,16.32,16.32,16.32,200.0
2019-03-26 12:36:00,16.31,16.31,16.31,16.31,7512.0
2019-03-26 12:37:00,16.39,16.39,16.3,16.3,1503.0
2019-03-26 12:39:00,16.31,16.31,16.31,16.31,102.0
2019-03-26 12:41:00,16.3,16.3,16.3,16.3,100.0
2019-03-26 12:54:00,16.24,16.24,16.2277,16.2277,1829.0
2019-03-26 12:55:00,16.55,16.55,16.405,16.405,2710.0
2019-03-26 13:05:00,16.4,16.4,16.4,16.4,100.0
2019-03-26 13:06:00,16.39,16.39,16.39,16.39,100.0
2019-03-26 13:10:00,16.35,16.35,16.35,16.35,201.0
2019-03-26 13:14:00,16.38,16.4,16.3001,16.39,0.0
2019-03-26 13:15:00,16.395,16.395,16.395,16.395,440.0
2019-03-26 13:20:00,16.5,16.5,16.435,16.435,500.0
2019-03-26 13:21:00,16.41,16.41,16.3314,16.3314,743.0
2019-03-26 13:24:00,16.35,16.35,16.23,16.245,0.0
2019-03-26 13:35:00,16.25,16.25,16.25,16.25,110.0
2019-03-26 13:38:00,16.25,16.26,16.25,16.26,900.0
2019-03-26 13:39:00,16.26,16.27,16.26,16.27,302.0
2019-03-26 13:42:00,16.09,16.35,16.09,16.35,8291.0
2019-03-26 13:45:00,16.32,16.32,16.32,16.32,301.0
2019-03-26 13:50:00,16.05,16.05,16.05,16.05,28400.0
2019-03-26 13:52:00,16.25,16.25,16.25,16.25,323.0
2019-03-26 13:53:00,16.36,16.36,16.36,16.36,1103.0
2019-03-26 13:55:00,16.48,16.48,16.48,16.48,3203.0
2019-03-26 13:56:00,16.545,16.545,16.545,16.545,5741.0
2019-03-26 13:59:00,16.2695,16.28,16.2695,16.28,700.0
2019-03-26 14:08:00,16.5,16.5,16.5,16.5,100.0
2019-03-26 14:10:00,16.275,16.275,16.275,16.275,500.0
2019-03-26 14:13:00,16.275,16.32,16.275,16.32,4105.0
2019-03-26 14:23:00,16.26,16.26,16.26,16.26,403.0
2019-03-26 14:31:00,16.22,16.22,16.22,16.22,163.0
2019-03-26 14:32:00,16.21,16.24,16.21,16.24,4480.0
2019-03-26 14:42:00,16.3753,16.3753,16.3753,16.3753,599.0
2019-03-26 14:48:00,16.3718,16.3718,16.3718,16.3718,1000.0
2019-03-26 14:50:00,16.33,16.33,16.33,16.33,650.0
2019-03-26 14:51:00,16.33,16.33,16.33,16.33,110.0
2019-03-26 14:52:00,16.33,16.33,16.33,16.33,100.0
2019-03-26 15:01:00,16.2201,16.2201,16.2201,16.2201,1888.0
2019-03-26 15:02:00,16.28,16.28,16.28,16.28,556.0
2019-03-26 15:03:00,16.31,16.31,16.31,16.31,700.0
2019-03-26 15:04:00,16.31,16.31,16.31,16.31,619.0
2019-03-26 15:12:00,16.25,16.25,16.08,16.08,6866.0
2019-03-26 15:16:00,16.13,16.13,16.13,16.13,102.0
2019-03-26 15:18:00,16.11,16.11,16.11,16.11,300.0
2019-03-26 15:23:00,16.155,16.155,16.155,16.155,200.0
2019-03-26 15:26:00,16.17,16.17,16.17,16.17,898.0
2019-03-26 15:28:00,16.25,16.25,16.15,16.15,1405.0
2019-03-26 15:31:00,16.08,16.08,16.08,16.08,400.0
2019-03-26 15:32:00,16.18,16.18,16.08,16.08,1612.0
2019-03-26 15:35:00,16.1,16.1,16.06,16.06,2100.0
2019-03-26 15:43:00,15.91,15.91,15.91,15.91,100.0
2019-03-26 15:44:00,16.16,16.16,16.16,16.16,1100.0
2019-03-26 15:45:00,16.09,16.09,16.09,16.09,701.0
2019-03-26 15:48:00,16.12,16.12,16.12,16.12,307.0
2019-03-26 15:51:00,16.005,16.005,16.005,16.005,160.0
2019-03-26 15:53:00,16.14,16.14,16.14,16.14,200.0
2019-03-26 15:54:00,16.12,16.26,16.12,16.26,4119.0
2019-03-26 15:56:00,16.14,16.3,16.14,16.3,1548.0
2019-03-26 15:58:00,16.26,16.26,16.26,16.26,386.0
2019-03-26 15:59:00,16.315,16.315,16.315,16.315,571.0
2019-03-26 16:00:00,16.38,16.38,16.33,16.33,5410.0
2019-03-27 09:31:00,15.72,15.72,15.72,15.72,5150.0
2019-03-27 09:45:00,16.29,16.29,16.29,16.29,133.0
2019-03-27 09:46:00,15.89,15.89,15.8288,15.84,3200.0
2019-03-27 09:51:00,16.3,16.3,16.3,16.3,119.0
2019-03-27 09:53:00,16.1,16.1,15.94,15.94,650.0
2019-03-27 09:54:00,15.995,15.995,15.995,15.995,300.0
2019-03-27 09:55:00,15.995,15.995,15.9901,15.9901,200.0
2019-03-27 09:56:00,16.09,16.09,16.09,16.09,222.0
2019-03-27 09:57:00,15.995,15.995,15.995,15.995,330.0
2019-03-27 09:58:00,16.08,16.08,16.08,16.08,130.0
2019-03-27 10:02:00,16.0366,16.0366,16.0366,16.0366,510.0
2019-03-27 10:07:00,16.0019,16.0019,16.0019,16.0019,200.0
2019-03-27 10:10:00,16.025,16.025,16.025,16.025,843.0
2019-03-27 10:12:00,15.95,15.95,15.95,15.95,100.0
2019-03-27 10:14:00,15.98,15.98,15.775,15.775,2366.0
2019-03-27 10:15:00,15.87,15.8799,15.87,15.8799,200.0
2019-03-27 10:16:00,15.945,15.99,15.9,15.99,405.0
2019-03-27 10:17:00,15.95,15.95,15.94,15.94,240.0
2019-03-27 10:21:00,15.94,15.94,15.94,15.94,300.0
2019-03-27 10:23:00,15.94,15.94,15.94,15.94,300.0
2019-03-27 10:24:00,16.09,16.09,16.09,16.09,200.0
2019-03-27 10:26:00,16.02,16.02,16.02,16.02,100.0
2019-03-27 10:29:00,15.95,15.95,15.95,15.95,103.0
2019-03-27 10:32:00,16.02,16.02,16.02,16.02,128.0
2019-03-27 10:34:00,15.925,15.95,15.85,15.85,1416.0
2019-03-27 10:36:00,15.85,15.85,15.7,15.7,706.0
2019-03-27 10:37:00,15.7,15.7,15.7,15.7,605.0
2019-03-27 10:38:00,15.71,15.76,15.71,15.76,250.0
2019-03-27 10:40:00,15.71,15.75,15.71,15.75,1294.0
2019-03-27 10:41:00,15.8,15.8,15.8,15.8,300.0
2019-03-27 10:42:00,15.8,15.85,15.8,15.85,785.0
2019-03-27 10:43:00,15.85,15.91,15.85,15.88,1428.0
2019-03-27 10:44:00,15.88,15.88,15.88,15.88,300.0
2019-03-27 10:45:00,15.9712,16.0184,15.9712,16.0184,568.0
2019-03-27 10:50:00,15.881,15.881,15.821,15.821,1002.0
2019-03-27 10:51:00,15.85,15.92,15.85,15.92,1100.0
2019-03-27 10:52:00,15.83,15.84,15.83,15.84,1569.0
2019-03-27 10:53:00,15.84,15.84,15.84,15.84,212.0
2019-03-27 10:55:00,15.8,15.8,15.8,15.8,188.0
2019-03-27 10:58:00,15.86,15.86,15.86,15.86,106.0
2019-03-27 11:01:00,15.7,15.7,15.7,15.7,274.0
2019-03-27 11:02:00,15.71,15.71,15.71,15.71,110.0
2019-03-27 11:04:00,15.7,15.7,15.7,15.7,100.0
2019-03-27 11:05:00,15.71,15.73,15.71,15.73,377.0
2019-03-27 11:08:00,15.73,15.73,15.73,15.73,105.0
2019-03-27 11:14:00,15.75,15.75,15.75,15.75,1000.0
2019-03-27 11:16:00,15.61,15.61,15.55,15.55,1399.0
2019-03-27 11:23:00,15.5,15.5,15.5,15.5,180.0
2019-03-27 11:31:00,15.54,15.54,15.54,15.54,100.0
2019-03-27 11:33:00,15.91,15.91,15.91,15.91,226.0
2019-03-27 11:46:00,15.595,15.595,15.595,15.595,472.0
2019-03-27 11:53:00,15.595,15.595,15.595,15.595,128.0
2019-03-27 11:55:00,15.62,15.62,15.6,15.6,1640.0
2019-03-27 11:56:00,15.67,15.67,15.56,15.66,828.0
2019-03-27 11:57:00,15.6,15.6,15.6,15.6,693.0
2019-03-27 12:06:00,15.61,15.61,15.61,15.61,282.0
2019-03-27 12:08:00,15.7778,15.7778,15.7778,15.7778,200.0
2019-03-27 12:13:00,15.695,15.695,15.695,15.695,300.0
2019-03-27 12:16:00,15.7799,15.7799,15.72,15.72,409.0
2019-03-27 12:20:00,15.6777,15.6777,15.6777,15.6777,250.0
2019-03-27 12:23:00,15.74,15.74,15.74,15.74,293.0
2019-03-27 12:31:00,15.6546,15.6546,15.6546,15.6546,105.0
2019-03-27 12:34:00,15.67,15.67,15.67,15.67,139.0
2019-03-27 12:40:00,15.6001,15.6001,15.6001,15.6001,336.0
2019-03-27 12:42:00,15.67,15.67,15.66,15.67,1303.0
2019-03-27 12:44:00,15.735,15.8,15.7,15.8,500.0
2019-03-27 12:45:00,15.8,15.8,15.8,15.8,100.0
2019-03-27 12:46:00,15.7201,15.785,15.7201,15.785,905.0
2019-03-27 12:53:00,15.85,15.85,15.85,15.85,100.0
2019-03-27 12:54:00,15.85,15.85,15.85,15.85,300.0
2019-03-27 12:55:00,15.84,15.85,15.755,15.85,1133.0
2019-03-27 12:56:00,15.85,15.85,15.815,15.85,600.0
2019-03-27 12:57:00,15.815,15.85,15.815,15.815,800.0
2019-03-27 12:58:00,15.85,15.9299,15.85,15.9299,405.0
2019-03-27 12:59:00,15.9299,15.99,15.9299,15.99,1232.0
2019-03-27 13:00:00,15.91,15.92,15.86,15.92,1013.0
2019-03-27 13:02:00,15.84,15.84,15.84,15.84,100.0
2019-03-27 13:09:00,15.74,15.74,15.71,15.71,289.0
2019-03-27 13:16:00,15.74,15.74,15.74,15.74,180.0
2019-03-27 13:36:00,15.7371,15.7371,15.7371,15.7371,101.0
2019-03-27 13:40:00,15.67,15.73,15.67,15.73,200.0
2019-03-27 13:41:00,15.74,15.74,15.74,15.74,320.0
2019-03-27 13:58:00,15.83,15.83,15.83,15.83,100.0
2019-03-27 14:01:00,15.83,15.83,15.77,15.77,320.0
2019-03-27 14:17:00,15.78,15.83,15.78,15.83,352.0
2019-03-27 14:18:00,15.77,15.77,15.77,15.77,100.0
2019-03-27 14:20:00,15.7592,15.82,15.7592,15.82,1083.0
2019-03-27 14:32:00,15.77,15.77,15.77,15.77,100.0
2019-03-27 14:34:00,15.83,15.83,15.83,15.83,100.0
2019-03-27 14:38:00,15.83,15.83,15.83,15.83,100.0
2019-03-27 14:42:00,15.82,15.82,15.82,15.82,100.0
2019-03-27 14:45:00,15.83,15.83,15.83,15.83,309.0
2019-03-27 14:48:00,15.83,15.83,15.83,15.83,430.0
2019-03-27 15:00:00,15.84,15.84,15.84,15.84,193.0
2019-03-27 15:03:00,15.81,15.81,15.81,15.81,100.0
2019-03-27 15:04:00,15.76,15.81,15.76,15.81,5655.0
2019-03-27 15:05:00,15.855,15.855,15.855,15.855,395.0
2019-03-27 15:10:00,15.9,15.9,15.9,15.9,100.0
2019-03-27 15:12:00,15.9,15.9,15.9,15.9,530.0
2019-03-27 15:17:00,15.9,15.9,15.9,15.9,405.0
2019-03-27 15:18:00,15.9,15.9,15.9,15.9,295.0
2019-03-27 15:19:00,15.9,15.9,15.9,15.9,489.0
2019-03-27 15:21:00,15.86,15.86,15.7802,15.7802,2457.0
2019-03-27 15:32:00,15.75,15.75,15.72,15.75,1775.0
2019-03-27 15:37:00,15.65,15.75,15.65,15.75,1185.0
2019-03-27 15:41:00,15.65,15.68,15.64,15.68,305.0
2019-03-27 15:44:00,15.64,15.64,15.58,15.58,1270.0
2019-03-27 15:45:00,15.53,15.53,15.53,15.53,105.0
2019-03-27 15:46:00,15.52,15.52,15.52,15.52,100.0
2019-03-27 15:47:00,15.54,15.55,15.5,15.5,1019.0
2019-03-27 15:48:00,15.5,15.5,15.45,15.45,2923.0
2019-03-27 15:49:00,15.36,15.37,15.25,15.27,1052.0
2019-03-27 15:51:00,15.3,15.3,15.23,15.25,3697.0
2019-03-27 15:53:00,15.2301,15.55,15.23,15.48,5659.0
2019-03-27 15:54:00,15.48,15.49,15.48,15.49,1018.0
2019-03-27 15:56:00,15.39,15.39,15.39,15.39,452.0
2019-03-27 15:57:00,15.55,15.55,15.55,15.55,356.0
2019-03-27 15:58:00,15.4,15.4,15.4,15.4,105.0
2019-03-27 15:59:00,15.475,15.54,15.475,15.54,215.0
2019-03-27 16:00:00,15.53,15.53,15.33,15.33,4953.0
2019-03-28 09:31:00,15.51,15.51,15.51,15.51,463.0
2019-03-28 09:35:00,15.5331,15.5331,15.5331,15.5331,190.0
2019-03-28 09:36:00,15.4145,15.4145,15.4145,15.4145,603.0
2019-03-28 09:44:00,15.42,15.42,15.42,15.42,140.0
2019-03-28 09:45:00,15.4501,15.4501,15.4501,15.4501,363997.0
2019-03-28 09:47:00,15.188,15.188,15.188,15.188,100.0
2019-03-28 09:49:00,15.3,15.3,15.26,15.26,502.0
2019-03-28 09:59:00,15.16,15.16,15.16,15.16,100.0
2019-03-28 10:01:00,15.15,15.15,15.15,15.15,507.0
2019-03-28 10:02:00,15.15,15.15,15.15,15.15,107.0
2019-03-28 10:04:00,15.15,15.15,15.15,15.15,100.0
2019-03-28 10:07:00,15.15,15.15,15.15,15.15,1205.0
2019-03-28 10:08:00,15.15,15.15,15.15,15.15,3404.0
2019-03-28 10:09:00,15.13,15.13,15.13,15.13,1386.0
2019-03-28 10:10:00,15.15,15.15,15.15,15.15,620.0
2019-03-28 10:12:00,15.2,15.2,15.2,15.2,3393.0
2019-03-28 10:13:00,15.15,15.15,15.15,15.15,1070.0
2019-03-28 10:14:00,15.1499,15.1499,15.1499,15.1499,362.0
2019-03-28 10:16:00,15.0925,15.0925,15.0925,15.0925,200.0
2019-03-28 10:18:00,15.05,15.05,15.05,15.05,1003.0
2019-03-28 10:19:00,15.01,15.01,15.01,15.01,1652.0
2019-03-28 10:21:00,15.0,15.0,15.0,15.0,2905.0
2019-03-28 10:22:00,15.0,15.0,15.0,15.0,1103.0
2019-03-28 10:23:00,15.0,15.0,15.0,15.0,406.0
2019-03-28 10:25:00,15.0,15.0,15.0,15.0,100.0
2019-03-28 10:27:00,14.9049,14.9049,14.9049,14.9049,100.0
2019-03-28 10:28:00,15.0,15.0,14.95,14.95,50408.0
2019-03-28 10:30:00,15.05,15.05,15.0,15.0,2003.0
2019-03-28 10:31:00,15.16,15.16,15.16,15.16,1482.0
2019-03-28 10:32:00,15.1,15.1,15.05,15.1,1200.0
2019-03-28 10:33:00,15.0748,15.0748,15.0748,15.0748,1350.0
2019-03-28 10:34:00,15.09,15.09,15.09,15.09,159.0
2019-03-28 10:35:00,15.1,15.1,15.1,15.1,2050.0
2019-03-28 10:36:00,15.1,15.1,15.1,15.1,1380.0
2019-03-28 10:37:00,15.075,15.075,15.075,15.075,252.0
2019-03-28 10:38:00,15.07,15.07,15.07,15.07,640.0
2019-03-28 10:39:00,15.05,15.05,15.05,15.05,834.0
2019-03-28 10:40:00,15.025,15.025,15.025,15.025,1617.0
2019-03-28 10:43:00,14.95,14.95,14.95,14.95,1788.0
2019-03-28 10:44:00,14.9,14.9,14.9,14.9,200.0
2019-03-28 10:45:00,14.95,14.95,14.95,14.95,300.0
2019-03-28 10:46:00,15.0,15.0,15.0,15.0,400.0
2019-03-28 10:48:00,15.0,15.0,15.0,15.0,100.0
2019-03-28 10:49:00,14.79,14.8284,14.79,14.8284,3535.0
2019-03-28 10:50:00,14.95,14.95,14.95,14.95,100.0
2019-03-28 10:51:00,14.95,14.95,14.95,14.95,102.0
2019-03-28 10:52:00,14.9111,14.9111,14.9111,14.9111,457.0
2019-03-28 10:56:00,15.0,15.0,15.0,15.0,241.0
2019-03-28 11:01:00,15.05,15.05,15.05,15.05,401.0
2019-03-28 11:09:00,15.05,15.05,15.05,15.05,162.0
2019-03-28 11:10:00,15.13,15.13,15.13,15.13,212.0
2019-03-28 11:16:00,15.05,15.05,15.05,15.05,120.0
2019-03-28 11:19:00,15.13,15.13,15.13,15.13,104.0
2019-03-28 11:25:00,15.0553,15.0553,15.0553,15.0553,650.0
2019-03-28 11:28:00,15.0,15.0,15.0,15.0,521.0
2019-03-28 11:29:00,15.0,15.0,14.9501,14.9501,355.0
2019-03-28 11:31:00,15.13,15.13,15.13,15.13,455.0
2019-03-28 11:32:00,15.04,15.04,15.0,15.0,400.0
2019-03-28 11:33:00,15.0,15.0,15.0,15.0,600.0
2019-03-28 11:34:00,15.0,15.0,15.0,15.0,995.0
2019-03-28 11:35:00,14.93,14.93,14.93,14.93,987.0
2019-03-28 11:38:00,14.9607,14.9607,14.9607,14.9607,112.0
2019-03-28 11:43:00,14.95,14.95,14.95,14.95,107.0
2019-03-28 11:46:00,14.95,14.95,14.95,14.95,100.0
2019-03-28 11:47:00,14.95,14.95,14.95,14.95,200.0
2019-03-28 11:48:00,14.92,14.92,14.8,14.8,2503.0
2019-03-28 11:49:00,14.7,14.7,14.7,14.7,2605.0
2019-03-28 11:50:00,14.7,14.76,14.7,14.76,7350.0
2019-03-28 11:51:00,14.78,14.84,14.78,14.84,6105.0
2019-03-28 11:52:00,14.8,14.8,14.8,14.8,1400.0
2019-03-28 11:53:00,14.8447,14.8447,14.8447,14.8447,614.0
2019-03-28 11:58:00,14.8,14.8,14.8,14.8,115.0
2019-03-28 12:00:00,14.8,14.8,14.8,14.8,100.0
2019-03-28 12:01:00,14.875,14.875,14.875,14.875,307.0
2019-03-28 12:02:00,14.82,14.82,14.82,14.82,100.0
2019-03-28 12:03:00,14.82,14.82,14.82,14.82,500.0
2019-03-28 12:04:00,14.82,14.82,14.82,14.82,617.0
2019-03-28 12:05:00,14.9,14.9,14.87,14.9,500.0
2019-03-28 12:06:00,14.89,14.91,14.89,14.91,5207.0
2019-03-28 12:08:00,14.93,14.93,14.93,14.93,212.0
2019-03-28 12:09:00,14.88,14.88,14.88,14.88,422.0
2019-03-28 12:11:00,14.91,14.91,14.91,14.91,1596.0
2019-03-28 12:15:00,14.91,14.91,14.91,14.91,946.0
2019-03-28 12:16:00,14.91,14.91,14.91,14.91,644.0
2019-03-28 12:17:00,14.95,14.95,14.91,14.91,1032.0
2019-03-28 12:19:00,14.91,14.95,14.91,14.91,504.0
2019-03-28 12:20:00,14.91,14.91,14.8,14.8,3225.0
2019-03-28 12:21:00,14.785,14.8,14.785,14.8,781.0
2019-03-28 12:22:00,14.8,14.8,14.8,14.8,720.0
2019-03-28 12:23:00,14.77,14.77,14.77,14.77,512.0
2019-03-28 12:24:00,14.8,14.8,14.77,14.8,913.0
2019-03-28 12:25:00,14.8,14.8,14.77,14.77,1918.0
2019-03-28 12:26:00,14.71,14.71,14.71,14.71,3300.0
2019-03-28 12:27:00,14.85,14.85,14.7367,14.7367,5100.0
2019-03-28 12:28:00,14.7,14.7,14.7,14.7,500.0
2019-03-28 12:29:00,14.7,14.7,14.7,14.7,808.0
2019-03-28 12:32:00,14.72,14.72,14.7,14.7,205.0
2019-03-28 12:33:00,14.75,14.75,14.75,14.75,3185.0
2019-03-28 12:34:00,14.715,14.715,14.715,14.715,992.0
2019-03-28 12:38:00,14.74,14.74,14.74,14.74,104.0
2019-03-28 12:40:00,14.77,14.78,14.77,14.78,1253.0
2019-03-28 12:41:00,14.78,14.78,14.78,14.78,567.0
2019-03-28 12:42:00,14.805,14.805,14.805,14.805,219.0
2019-03-28 12:46:00,14.8,14.8,14.8,14.8,105.0
2019-03-28 12:53:00,14.825,14.825,14.825,14.825,600.0
2019-03-28 12:54:00,14.825,14.825,14.825,14.825,414.0
2019-03-28 12:57:00,14.8,14.8,14.78,14.78,1111.0
2019-03-28 13:01:00,14.8,14.8,14.8,14.8,115.0
2019-03-28 13:03:00,14.815,14.815,14.815,14.815,125.0
2019-03-28 13:09:00,14.815,14.815,14.815,14.815,708.0
2019-03-28 13:10:00,14.79,14.79,14.79,14.79,1209.0
2019-03-28 13:11:00,14.74,14.75,14.74,14.75,1244.0
2019-03-28 13:16:00,14.75,14.75,14.75,14.75,252.0
2019-03-28 13:17:00,14.75,14.75,14.75,14.75,203.0
2019-03-28 13:22:00,14.72,14.72,14.72,14.72,105.0
2019-03-28 13:24:00,14.77,14.77,14.75,14.75,883.0
2019-03-28 13:30:00,14.77,14.77,14.77,14.77,120.0
2019-03-28 13:35:00,14.77,14.77,14.77,14.77,1232.0
2019-03-28 13:39:00,14.77,14.79,14.77,14.7895,512.0
2019-03-28 13:40:00,14.86,14.86,14.77,14.78,3697.0
2019-03-28 13:41:00,14.74,14.74,14.74,14.74,100.0
2019-03-28 13:44:00,14.7735,14.7735,14.7735,14.7735,204.0
2019-03-28 13:46:00,14.75,14.75,14.75,14.75,215.0
2019-03-28 13:50:00,14.75,14.75,14.75,14.75,638.0
2019-03-28 13:51:00,14.745,14.745,14.745,14.745,1316.0
2019-03-28 13:54:00,14.713,14.713,14.713,14.713,650.0
2019-03-28 13:55:00,14.7,14.725,14.7,14.725,226.0
2019-03-28 13:56:00,14.739,14.74,14.739,14.74,2438.0
2019-03-28 14:02:00,14.69,14.69,14.69,14.69,513.0
2019-03-28 14:13:00,14.7471,14.7471,14.7471,14.7471,141.0
2019-03-28 14:16:00,14.75,14.75,14.75,14.75,105.0
2019-03-28 14:22:00,14.8,14.8,14.8,14.8,210.0
2019-03-28 14:23:00,14.74,14.74,14.74,14.74,109.0
2019-03-28 14:25:00,14.75,14.75,14.75,14.75,100.0
2019-03-28 14:27:00,14.75,14.75,14.75,14.75,200.0
2019-03-28 14:28:00,14.75,14.75,14.75,14.75,1020.0
2019-03-28 14:30:00,14.75,14.75,14.75,14.75,103.0
2019-03-28 14:31:00,14.69,14.69,14.69,14.69,1424.0
2019-03-28 14:37:00,14.68,14.68,14.66,14.66,7302.0
2019-03-28 14:39:00,14.61,14.61,14.61,14.61,477.0
2019-03-28 14:41:00,14.55,14.55,14.55,14.55,3205.0
2019-03-28 14:42:00,14.505,14.505,14.42,14.42,13150.0
2019-03-28 14:43:00,14.31,14.31,14.17,14.2896,11893.0
2019-03-28 14:46:00,14.3,14.3,14.3,14.3,3424.0
2019-03-28 14:47:00,14.2,14.2,14.2,14.2,863.0
2019-03-28 14:48:00,14.2,14.2,14.2,14.2,455.0
2019-03-28 14:49:00,14.19,14.19,14.19,14.19,774.0
2019-03-28 14:50:00,14.065,14.065,14.065,14.065,627.0
2019-03-28 14:52:00,14.18,14.85,14.18,14.85,27185.0
2019-03-28 14:53:00,14.55,14.75,14.55,14.75,6024.0
2019-03-28 14:58:00,14.68,14.68,14.68,14.68,1013.0
2019-03-28 14:59:00,14.65,14.65,14.65,14.65,100.0
2019-03-28 15:00:00,14.68,14.68,14.68,14.68,200.0
2019-03-28 15:01:00,14.65,14.665,14.65,14.665,3862.0
2019-03-28 15:02:00,14.65,14.65,14.65,14.65,100.0
2019-03-28 15:03:00,14.66,14.66,14.66,14.66,2296.0
2019-03-28 15:05:00,14.63,14.63,14.63,14.63,105.0
2019-03-28 15:07:00,14.73,14.73,14.73,14.73,109.0
2019-03-28 15:08:00,14.65,14.65,14.65,14.65,850.0
2019-03-28 15:09:00,14.63,14.63,14.57,14.57,2368.0
2019-03-28 15:15:00,14.475,14.475,14.475,14.475,1013.0
2019-03-28 15:18:00,14.58,14.58,14.58,14.58,408.0
2019-03-28 15:21:00,14.5,14.5,14.5,14.5,400.0
2019-03-28 15:22:00,14.58,14.58,14.58,14.58,108.0
2019-03-28 15:23:00,14.5,14.52,14.48,14.48,2793.0
2019-03-28 15:29:00,14.5,14.5,14.5,14.5,346.0
2019-03-28 15:32:00,14.4564,14.4564,14.4564,14.4564,3060.0
2019-03-28 15:33:00,14.46,14.46,14.46,14.46,564.0
2019-03-28 15:34:00,14.45,14.45,14.45,14.45,1384.0
2019-03-28 15:36:00,14.5,14.5,14.5,14.5,300.0
2019-03-28 15:37:00,14.48,14.48,14.48,14.48,607.0
2019-03-28 15:38:00,14.4837,14.4837,14.4837,14.4837,200.0
2019-03-28 15:39:00,14.5,14.83,14.5,14.54,5703.0
2019-03-28 15:40:00,14.55,14.56,14.55,14.55,5024.0
2019-03-28 15:41:00,14.55,14.55,14.55,14.55,400.0
2019-03-28 15:42:00,14.58,14.58,14.4006,14.4006,5120.0
2019-03-28 15:44:00,14.61,14.61,14.61,14.61,1022.0
2019-03-28 15:46:00,14.505,14.505,14.505,14.505,505.0
2019-03-28 15:47:00,14.61,14.61,14.61,14.61,576.0
2019-03-28 15:49:00,14.865,14.865,14.865,14.865,162.0
2019-03-28 15:50:00,14.8384,14.8384,14.8384,14.8384,215.0
2019-03-28 15:51:00,14.79,14.79,14.675,14.675,4870.0
2019-03-28 15:52:00,14.805,14.805,14.805,14.805,1005.0
2019-03-28 15:53:00,14.815,14.815,14.815,14.815,2305.0
2019-03-28 15:54:00,14.93,14.99,14.755,14.97,5119.0
2019-03-28 15:55:00,15.04,15.04,15.0,15.0,3556.0
2019-03-28 15:56:00,15.04,15.04,15.04,15.04,209.0
2019-03-28 15:58:00,15.13,15.13,14.93,15.1,2793.0
2019-03-28 15:59:00,14.93,14.93,14.93,14.93,2751.0
2019-03-28 16:00:00,14.865,14.865,14.78,14.78,5298.0
2019-03-29 09:31:00,14.9,14.9,14.9,14.9,360.0
2019-03-29 09:33:00,14.835,14.835,14.835,14.835,147.0
2019-03-29 09:38:00,14.835,14.87,14.8,14.87,857.0
2019-03-29 09:40:00,14.945,14.98,14.945,14.98,200.0
2019-03-29 09:42:00,14.95,14.95,14.9311,14.9311,1306.0
2019-03-29 09:46:00,14.875,14.875,14.875,14.875,109.0
2019-03-29 09:53:00,14.84,14.84,14.84,14.84,100.0
2019-03-29 09:54:00,14.86,14.86,14.83,14.83,501.0
2019-03-29 10:00:00,14.88,14.88,14.8,14.8,1211.0
2019-03-29 10:05:00,14.95,14.95,14.95,14.95,100.0
2019-03-29 10:07:00,14.85,14.85,14.85,14.85,241.0
2019-03-29 10:13:00,14.7,14.7,14.65,14.65,949.0
2019-03-29 10:14:00,14.65,14.7,14.65,14.65,930.0
2019-03-29 10:15:00,14.69,14.69,14.65,14.65,1126.0
2019-03-29 10:17:00,14.5872,14.5872,14.5872,14.5872,517.0
2019-03-29 10:18:00,14.6865,14.6865,14.6865,14.6865,3647.0
2019-03-29 10:25:00,14.71,14.8,14.71,14.8,824.0
2019-03-29 10:26:00,14.8,14.8,14.8,14.8,100.0
2019-03-29 10:27:00,14.8,14.824,14.8,14.805,846.0
2019-03-29 10:33:00,14.8,14.8,14.8,14.8,200.0
2019-03-29 10:37:00,14.75,14.75,14.68,14.75,913.0
2019-03-29 10:40:00,14.74,14.74,14.74,14.74,200.0
2019-03-29 10:41:00,14.65,14.65,14.65,14.65,132.0
2019-03-29 10:50:00,14.7,14.7,14.7,14.7,115.0
2019-03-29 10:58:00,14.72,14.72,14.72,14.72,262.0
2019-03-29 11:16:00,14.67,14.67,14.67,14.67,135.0
2019-03-29 11:17:00,14.74,14.74,14.74,14.74,107.0
2019-03-29 11:20:00,14.67,14.67,14.67,14.67,321.0
2019-03-29 11:22:00,14.67,14.67,14.67,14.67,122.0
2019-03-29 11:29:00,14.6512,14.6512,14.6512,14.6512,100.0
2019-03-29 11:31:00,14.605,14.675,14.6,14.64,3573.0
2019-03-29 11:32:00,14.6,14.75,14.6,14.75,4853.0
2019-03-29 11:33:00,14.675,14.675,14.62,14.665,726.0
2019-03-29 11:41:00,14.8,14.8,14.8,14.8,100.0
2019-03-29 11:43:00,14.8,14.8,14.8,14.8,112.0
2019-03-29 11:45:00,14.81,14.81,14.81,14.81,113.0
2019-03-29 11:46:00,14.8,14.8,14.8,14.8,114.0
2019-03-29 11:49:00,14.8,14.8,14.8,14.8,128.0
2019-03-29 11:55:00,14.765,14.765,14.765,14.765,100.0
2019-03-29 11:57:00,14.8,14.8,14.8,14.8,113.0
2019-03-29 12:00:00,14.7,14.7,14.7,14.7,146.0
2019-03-29 12:04:00,14.646,14.646,14.646,14.646,700.0
2019-03-29 12:07:00,14.757,14.757,14.71,14.71,332.0
2019-03-29 12:14:00,14.8,14.8,14.8,14.8,100.0
2019-03-29 12:16:00,14.6,14.6,14.6,14.6,170.0
2019-03-29 12:21:00,14.71,14.8,14.705,14.72,808.0
2019-03-29 12:24:00,14.71,14.71,14.71,14.71,118.0
2019-03-29 12:28:00,14.7,14.7,14.7,14.7,328.0
2019-03-29 12:34:00,14.705,14.705,14.705,14.705,113.0
2019-03-29 12:38:00,14.705,14.7218,14.705,14.7218,1507.0
2019-03-29 12:41:00,14.705,14.705,14.705,14.705,100.0
2019-03-29 12:42:00,14.705,14.705,14.7,14.7,824.0
2019-03-29 12:49:00,14.705,14.705,14.705,14.705,124.0
2019-03-29 12:55:00,14.705,14.705,14.705,14.705,550.0
2019-03-29 12:56:00,14.6931,14.6931,14.6931,14.6931,500.0
2019-03-29 12:58:00,14.7,14.7025,14.7,14.7025,425.0
2019-03-29 13:06:00,14.79,14.79,14.745,14.745,405.0
2019-03-29 13:08:00,14.72,14.7225,14.72,14.7225,236.0
2019-03-29 13:11:00,14.725,14.725,14.725,14.725,224.0
2019-03-29 13:12:00,14.7,14.7,14.7,14.7,1383.0
2019-03-29 13:13:00,14.675,14.675,14.675,14.675,519.0
2019-03-29 13:34:00,14.6,14.67,14.6,14.67,1168.0
2019-03-29 13:35:00,14.6408,14.6408,14.6408,14.6408,372.0
2019-03-29 13:45:00,14.685,14.685,14.685,14.685,278.0
2019-03-29 13:47:00,14.6,14.6,14.6,14.6,1282.0
2019-03-29 13:48:00,14.6,14.6,14.6,14.6,292.0
2019-03-29 13:49:00,14.6,14.6,14.6,14.6,222.0
2019-03-29 13:55:00,14.6,14.6,14.6,14.6,419.0
2019-03-29 14:00:00,14.685,14.685,14.685,14.685,108.0
2019-03-29 14:01:00,14.635,14.635,14.635,14.635,129.0
2019-03-29 14:09:00,14.635,14.635,14.635,14.635,722.0
2019-03-29 14:45:00,14.69,14.705,14.675,14.705,789.0
2019-03-29 14:47:00,14.705,14.705,14.705,14.705,315.0
2019-03-29 14:49:00,14.725,14.725,14.725,14.725,100.0
2019-03-29 14:50:00,14.75,14.75,14.75,14.75,100.0
2019-03-29 14:51:00,14.725,14.725,14.7125,14.7125,208.0
2019-03-29 14:53:00,14.725,14.725,14.725,14.725,100.0
2019-03-29 14:54:00,14.71,14.71,14.71,14.71,100.0
2019-03-29 14:55:00,14.75,14.75,14.75,14.75,106.0
2019-03-29 14:58:00,14.71,14.71,14.71,14.71,110.0
2019-03-29 14:59:00,14.75,14.75,14.725,14.725,100100.0
2019-03-29 15:00:00,14.68,14.68,14.6,14.6,8041.0
2019-03-29 15:01:00,14.57,14.6,14.57,14.6,1439.0
2019-03-29 15:02:00,14.6,14.75,14.55,14.75,4608.0
2019-03-29 15:03:00,14.7,14.7,14.7,14.7,900.0
2019-03-29 15:06:00,14.7,14.7,14.7,14.7,2300.0
2019-03-29 15:07:00,14.7,14.7,14.7,14.7,500.0
2019-03-29 15:08:00,14.7,14.74,14.7,14.74,1656.0
2019-03-29 15:09:00,14.71,14.755,14.71,14.71,1231.0
2019-03-29 15:10:00,14.755,14.755,14.71,14.71,400.0
2019-03-29 15:12:00,14.71,14.71,14.7,14.7,621.0
2019-03-29 15:13:00,14.62,14.65,14.6,14.625,2245.0
2019-03-29 15:16:00,14.69,14.69,14.69,14.69,171.0
2019-03-29 15:17:00,14.69,14.7,14.69,14.7,1299.0
2019-03-29 15:20:00,14.7,14.7,14.7,14.7,184.0
2019-03-29 15:23:00,14.7,14.7,14.7,14.7,141.0
2019-03-29 15:24:00,14.7,14.77,14.7,14.7,6571.0
2019-03-29 15:25:00,14.745,14.75,14.745,14.75,411.0
2019-03-29 15:28:00,14.755,14.755,14.755,14.755,100.0
2019-03-29 15:30:00,14.75,14.75,14.75,14.75,115.0
2019-03-29 15:33:00,14.61,14.755,14.61,14.755,356.0
2019-03-29 15:34:00,14.75,14.75,14.7,14.7,1731.0
2019-03-29 15:35:00,14.7,14.7,14.7,14.7,100.0
2019-03-29 15:36:00,14.7,14.7,14.7,14.7,515.0
2019-03-29 15:38:00,14.75,14.75,14.75,14.75,110.0
2019-03-29 15:41:00,14.76,14.76,14.76,14.76,215.0
2019-03-29 15:42:00,14.75,14.75,14.75,14.75,212.0
2019-03-29 15:45:00,14.755,14.755,14.755,14.755,125.0
2019-03-29 15:48:00,14.75,14.75,14.75,14.75,716.0
2019-03-29 15:56:00,14.75,14.78,14.75,14.765,9729.0
2019-03-29 15:57:00,14.75,14.75,14.75,14.75,110.0
2019-03-29 15:58:00,14.75,14.765,14.74,14.74,2173.0
2019-03-29 15:59:00,14.75,14.78,14.75,14.78,7074.0
2019-03-29 16:00:00,14.77,14.77,14.77,14.77,419.0
2019-04-01 09:32:00,14.89,14.89,14.89,14.89,1441.0
2019-04-01 09:34:00,15.0,15.0,15.0,15.0,1300.0
2019-04-01 09:35:00,14.76,14.775,14.76,14.775,3700.0
2019-04-01 09:36:00,14.8,14.9,14.8,14.9,9071.0
2019-04-01 09:37:00,14.805,14.805,14.8,14.8,10787.0
2019-04-01 09:38:00,14.75,14.75,14.75,14.75,2050.0
2019-04-01 09:40:00,14.75,14.75,14.75,14.75,1000.0
2019-04-01 09:41:00,14.75,14.75,14.75,14.75,100.0
2019-04-01 09:42:00,14.82,14.82,14.82,14.82,2600.0
2019-04-01 09:44:00,14.89,15.0,14.89,15.0,4103.0
2019-04-01 09:49:00,15.14,15.14,15.14,15.14,582.0
2019-04-01 09:53:00,15.0961,15.15,15.0961,15.15,1820.0
2019-04-01 09:56:00,15.2,15.2,15.2,15.2,1520.0
2019-04-01 10:00:00,15.325,15.325,15.325,15.325,1925.0
2019-04-01 10:01:00,15.35,15.35,15.35,15.35,2900.0
2019-04-01 10:03:00,15.51,15.51,15.51,15.51,8000.0
2019-04-01 10:04:00,15.26,15.41,15.26,15.41,98150.0
2019-04-01 10:05:00,15.2,15.2,15.2,15.2,7300.0
2019-04-01 10:07:00,15.64,15.64,15.64,15.64,1595.0
2019-04-01 10:09:00,15.75,15.75,15.75,15.75,2300.0
2019-04-01 10:11:00,15.9,15.9,15.9,15.9,731.0
2019-04-01 10:13:00,15.75,15.9,15.75,15.9,2838.0
2019-04-01 10:15:00,15.99,15.99,15.99,15.99,1200.0
2019-04-01 10:17:00,16.09,16.09,16.09,16.09,1117.0
2019-04-01 10:18:00,16.05,16.05,16.05,16.05,101.0
2019-04-01 10:20:00,16.2,16.2,16.2,16.2,3548.0
2019-04-01 10:21:00,16.2,16.2,16.2,16.2,3011.0
2019-04-01 10:22:00,16.26,16.26,16.26,16.26,1555.0
2019-04-01 10:24:00,16.3,16.3,16.3,16.3,1826.0
2019-04-01 10:26:00,16.3799,16.3799,16.24,16.24,2422.0
2019-04-01 10:33:00,15.904,15.904,15.904,15.904,1020.0
2019-04-01 10:37:00,16.26,16.26,16.26,16.26,205.0
2019-04-01 10:42:00,16.28,16.28,16.28,16.28,205.0
2019-04-01 10:43:00,16.3,16.39,16.3,16.39,5211.0
2019-04-01 10:44:00,16.1504,16.1504,16.1504,16.1504,1594.0
2019-04-01 10:46:00,16.235,16.235,16.235,16.235,100.0
2019-04-01 10:47:00,16.235,16.2493,16.235,16.2493,205.0
2019-04-01 10:52:00,16.35,16.35,16.35,16.35,503.0
2019-04-01 10:56:00,16.355,16.4,16.355,16.4,4630.0
2019-04-01 10:57:00,16.31,16.31,16.19,16.19,6205.0
2019-04-01 11:02:00,16.135,16.135,16.135,16.135,300.0
2019-04-01 11:04:00,16.135,16.135,16.135,16.135,400.0
2019-04-01 11:05:00,16.14,16.14,16.14,16.14,105.0
2019-04-01 11:07:00,16.145,16.49,16.145,16.49,3449.0
2019-04-01 11:11:00,16.4,16.4,16.4,16.4,100.0
2019-04-01 11:12:00,16.48,16.49,16.48,16.49,6951.0
2019-04-01 11:13:00,16.54,16.54,16.54,16.54,1849.0
2019-04-01 11:14:00,16.74,16.74,16.74,16.74,2385.0
2019-04-01 11:20:00,16.345,16.49,16.3,16.3,3475.0
2019-04-01 11:25:00,16.3175,16.3175,16.3175,16.3175,439.0
2019-04-01 11:26:00,16.3245,16.3245,16.3245,16.3245,1220.0
2019-04-01 11:29:00,16.2,16.2,16.2,16.2,1520.0
2019-04-01 11:32:00,16.09,16.15,16.09,16.15,6653.0
2019-04-01 11:35:00,16.13,16.13,16.13,16.13,106.0
2019-04-01 11:39:00,16.225,16.225,16.225,16.225,100.0
2019-04-01 11:41:00,16.16,16.16,16.16,16.16,360.0
2019-04-01 11:42:00,16.15,16.15,16.15,16.15,155.0
2019-04-01 11:45:00,15.955,15.955,15.955,15.955,1596.0
2019-04-01 11:47:00,15.9,15.9,15.9,15.9,255.0
2019-04-01 11:48:00,15.87,15.87,15.87,15.87,294.0
2019-04-01 12:06:00,15.98,15.98,15.98,15.98,248.0
2019-04-01 12:10:00,15.99,15.99,15.99,15.99,120.0
2019-04-01 12:29:00,15.995,15.995,15.995,15.995,1724.0
2019-04-01 12:30:00,15.995,15.995,15.995,15.995,100.0
2019-04-01 12:31:00,16.02,16.02,16.02,16.02,300.0
2019-04-01 12:35:00,16.0001,16.0001,16.0001,16.0001,636.0
2019-04-01 12:38:00,16.05,16.05,16.05,16.05,200.0
2019-04-01 12:39:00,15.99,15.99,15.99,15.99,610.0
2019-04-01 12:40:00,16.005,16.005,16.005,16.005,1205.0
2019-04-01 12:42:00,15.9679,15.9679,15.9679,15.9679,219.0
2019-04-01 12:57:00,15.985,15.985,15.985,15.985,110.0
2019-04-01 12:58:00,16.02,16.02,16.02,16.02,246.0
2019-04-01 13:29:00,16.005,16.05,16.005,16.05,1141.0
2019-04-01 13:30:00,16.01,16.01,16.01,16.01,1000.0
2019-04-01 13:31:00,16.0,16.05,16.0,16.05,1715.0
2019-04-01 13:32:00,16.11,16.11,16.11,16.11,105.0
2019-04-01 13:37:00,16.165,16.165,16.165,16.165,100.0
2019-04-01 13:39:00,16.215,16.215,16.215,16.215,100.0
2019-04-01 13:45:00,16.02,16.02,16.02,16.02,600.0
2019-04-01 13:46:00,15.98,15.98,15.98,15.98,574.0
2019-04-01 14:05:00,16.0,16.0,16.0,16.0,215.0
2019-04-01 14:10:00,16.01,16.01,16.01,16.01,571.0
2019-04-01 14:13:00,15.99,16.0,15.99,16.0,615.0
2019-04-01 14:18:00,15.99,15.99,15.99,15.99,513.0
2019-04-01 14:29:00,16.0,16.0,16.0,16.0,422.0
2019-04-01 14:32:00,16.0,16.0,16.0,16.0,863.0
2019-04-01 14:36:00,16.0,16.0,16.0,16.0,2390.0
2019-04-01 14:37:00,16.0,16.0,16.0,16.0,3002.0
2019-04-01 14:41:00,16.0,16.0,16.0,16.0,200.0
2019-04-01 14:46:00,16.0,16.0,16.0,16.0,1100.0
2019-04-01 14:49:00,16.075,16.075,16.075,16.075,100.0
2019-04-01 14:50:00,16.03,16.03,16.03,16.03,1170.0
2019-04-01 14:51:00,16.0,16.0,16.0,16.0,210.0
2019-04-01 15:00:00,16.0,16.0,16.0,16.0,2000.0
2019-04-01 15:01:00,15.965,15.965,15.965,15.965,279.0
2019-04-01 15:03:00,15.99,15.99,15.99,15.99,207.0
2019-04-01 15:06:00,15.99,15.99,15.99,15.99,301.0
2019-04-01 15:16:00,15.94,15.94,15.94,15.94,3017.0
2019-04-01 15:17:00,15.68,15.86,15.68,15.86,1733.0
2019-04-01 15:20:00,16.03,16.03,16.03,16.03,326.0
2019-04-01 15:27:00,16.005,16.005,16.005,16.005,130.0
2019-04-01 15:38:00,16.005,16.005,16.005,16.005,250.0
2019-04-01 15:43:00,15.95,15.95,15.95,15.95,1400.0
2019-04-01 15:44:00,16.0,16.0,16.0,16.0,1507.0
2019-04-01 15:45:00,16.02,16.02,16.0,16.0,5753.0
2019-04-01 15:46:00,16.0,16.0,16.0,16.0,210.0
2019-04-01 15:49:00,16.0,16.0,16.0,16.0,689.0
2019-04-01 15:51:00,16.055,16.055,16.055,16.055,305.0
2019-04-01 15:52:00,16.0,16.0,16.0,16.0,2326.0
2019-04-01 15:55:00,15.95,15.95,15.95,15.95,310.0
2019-04-01 15:56:00,16.21,16.21,16.21,16.21,115.0
2019-04-01 15:58:00,16.095,16.095,16.095,16.095,627.0
2019-04-01 15:59:00,16.045,16.045,16.045,16.045,831.0
2019-04-02 09:32:00,16.52,16.52,16.52,16.52,4081.0
2019-04-02 09:33:00,16.54,16.54,16.54,16.54,601.0
2019-04-02 09:34:00,16.55,16.6,16.55,16.6,3244.0
2019-04-02 09:36:00,16.89,16.89,16.72,16.72,1629.0
2019-04-02 09:37:00,16.979,16.979,16.979,16.979,1225.0
2019-04-02 09:38:00,16.94,16.94,16.94,16.94,764.0
2019-04-02 09:40:00,16.94,16.985,16.76,16.76,4533.0
2019-04-02 09:41:00,16.6,16.6,16.6,16.6,2400.0
2019-04-02 09:42:00,16.4,16.4,16.4,16.4,300.0
2019-04-02 09:43:00,16.6755,16.6755,16.6755,16.6755,700.0
2019-04-02 09:44:00,16.405,16.405,16.405,16.405,1200.0
2019-04-02 09:45:00,16.4495,16.4495,16.4495,16.4495,700.0
2019-04-02 09:46:00,16.34,16.47,16.34,16.47,7220.0
2019-04-02 09:48:00,16.46,16.46,16.46,16.46,804.0
2019-04-02 09:49:00,16.46,16.46,16.46,16.46,900.0
2019-04-02 09:50:00,16.4,16.4,16.3,16.3,2964.0
2019-04-02 09:51:00,16.305,16.32,16.305,16.32,2900.0
2019-04-02 09:52:00,16.3,16.3,16.3,16.3,2645.0
2019-04-02 09:54:00,16.3,16.3,16.3,16.3,700.0
2019-04-02 09:55:00,16.44,16.44,16.44,16.44,787.0
2019-04-02 09:56:00,16.62,16.62,16.62,16.62,762.0
2019-04-02 09:57:00,16.85,16.85,16.85,16.85,906.0
2019-04-02 09:58:00,16.81,16.81,16.81,16.81,1095.0
2019-04-02 10:00:00,16.83,16.83,16.83,16.83,700.0
2019-04-02 10:01:00,16.84,16.84,16.67,16.67,4155.0
2019-04-02 10:02:00,16.76,16.76,16.76,16.76,1100.0
2019-04-02 10:03:00,16.96,16.96,16.96,16.96,110.0
2019-04-02 10:05:00,16.95,16.95,16.95,16.95,550.0
2019-04-02 10:06:00,16.9685,16.9685,16.9685,16.9685,800.0
2019-04-02 10:07:00,16.94,16.94,16.94,16.94,640.0
2019-04-02 10:08:00,16.95,17.0,16.95,17.0,3206.0
2019-04-02 10:09:00,17.27,17.27,17.27,17.27,990.0
2019-04-02 10:10:00,17.47,17.47,17.47,17.47,616.0
2019-04-02 10:11:00,17.48,17.5,17.48,17.5,2329.0
2019-04-02 10:12:00,17.5501,17.5501,17.35,17.35,3267.0
2019-04-02 10:13:00,17.39,17.39,17.39,17.39,300.0
2019-04-02 10:15:00,17.575,17.66,17.575,17.66,1286.0
2019-04-02 10:18:00,17.88,17.88,17.7701,17.7701,1114.0
2019-04-02 10:19:00,17.889,17.889,17.889,17.889,613.0
2019-04-02 10:20:00,17.735,17.8,17.735,17.8,2588.0
2019-04-02 10:22:00,17.656,17.656,17.656,17.656,1040.0
2019-04-02 10:23:00,17.7895,17.7895,17.7895,17.7895,1710.0
2019-04-02 10:24:00,17.8,17.8,17.8,17.8,700.0
2019-04-02 10:25:00,17.8,17.8,17.8,17.8,876.0
2019-04-02 10:26:00,17.81,17.81,17.81,17.81,1800.0
2019-04-02 10:27:00,17.92,17.92,17.92,17.92,645.0
2019-04-02 10:28:00,17.77,17.77,17.77,17.77,1180.0
2019-04-02 10:29:00,17.8,17.8,17.8,17.8,226.0
2019-04-02 10:30:00,17.85,17.85,17.84,17.84,1158.0
2019-04-02 10:34:00,17.52,17.52,17.4201,17.4201,1507.0
2019-04-02 10:36:00,17.29,17.29,17.29,17.29,251.0
2019-04-02 10:38:00,17.27,17.3,17.27,17.3,3018.0
2019-04-02 10:48:00,17.23,17.23,17.23,17.23,100.0
2019-04-02 10:49:00,17.145,17.145,17.145,17.145,928.0
2019-04-02 10:51:00,17.205,17.205,17.205,17.205,1390.0
2019-04-02 11:15:00,16.74,16.8,16.74,16.8,1839.0
2019-04-02 11:16:00,16.61,16.61,16.61,16.61,259.0
2019-04-02 11:17:00,16.75,16.75,16.75,16.75,1012.0
2019-04-02 11:22:00,16.95,16.95,16.95,16.95,1106.0
2019-04-02 11:23:00,17.09,17.1,16.94,17.1,4422.0
2019-04-02 11:25:00,17.03,17.03,17.03,17.03,501.0
2019-04-02 11:27:00,17.1727,17.1727,17.1727,17.1727,100.0
2019-04-02 11:28:00,17.26,17.34,17.26,17.34,2430.0
2019-04-02 11:41:00,17.219,17.219,17.219,17.219,763.0
2019-04-02 11:46:00,17.085,17.085,17.085,17.085,106.0
2019-04-02 11:49:00,17.1,17.1,17.1,17.1,533.0
2019-04-02 11:56:00,16.96,16.96,16.96,16.96,100.0
2019-04-02 11:59:00,17.0432,17.0432,17.0432,17.0432,1106.0
2019-04-02 12:03:00,16.945,16.945,16.945,16.945,600.0
2019-04-02 12:04:00,16.915,16.925,16.915,16.925,806.0
2019-04-02 12:06:00,16.875,16.875,16.875,16.875,780.0
2019-04-02 12:07:00,16.91,16.97,16.91,16.97,567.0
2019-04-02 12:13:00,16.94,16.94,16.94,16.94,354.0
2019-04-02 12:31:00,16.9,16.9,16.9,16.9,150.0
2019-04-02 12:38:00,16.92,16.92,16.9,16.9,1330.0
2019-04-02 12:39:00,16.776,16.776,16.776,16.776,348.0
2019-04-02 12:41:00,16.65,16.65,16.65,16.65,166.0
2019-04-02 12:45:00,16.55,16.55,16.55,16.55,202.0
2019-04-02 12:50:00,16.645,16.645,16.645,16.645,312.0
2019-04-02 12:57:00,16.74,16.74,16.74,16.74,755.0
2019-04-02 12:58:00,16.74,16.74,16.74,16.74,389.0
2019-04-02 13:08:00,16.75,16.75,16.75,16.75,219.0
2019-04-02 13:24:00,16.92,17.1,16.92,17.1,2881.0
2019-04-02 13:29:00,17.135,17.135,17.135,17.135,900.0
2019-04-02 13:30:00,17.196,17.196,17.196,17.196,400.0
2019-04-02 13:35:00,17.12,17.12,17.12,17.12,100.0
2019-04-02 13:36:00,17.17,17.17,17.17,17.17,300.0
2019-04-02 13:37:00,17.24,17.28,17.24,17.28,1046.0
2019-04-02 13:38:00,17.25,17.25,17.25,17.25,1690.0
2019-04-02 13:44:00,17.01,17.01,17.01,17.01,313.0
2019-04-02 13:45:00,17.065,17.065,17.065,17.065,639.0
2019-04-02 13:56:00,16.985,16.985,16.985,16.985,105.0
2019-04-02 13:59:00,17.03,17.03,17.03,17.03,574.0
2019-04-02 14:11:00,17.02,17.02,17.02,17.02,110.0
2019-04-02 14:14:00,17.09,17.09,17.09,17.09,343.0
2019-04-02 14:25:00,17.18,17.18,17.18,17.18,674.0
2019-04-02 14:33:00,17.08,17.08,17.08,17.08,143.0
2019-04-02 14:38:00,17.08,17.245,17.08,17.245,16221.0
2019-04-02 14:40:00,17.28,17.28,17.28,17.28,210.0
2019-04-02 14:41:00,17.3352,17.3352,17.3352,17.3352,640.0
2019-04-02 14:42:00,17.24,17.24,17.24,17.24,801.0
2019-04-02 14:45:00,17.25,17.25,17.2,17.2,26022.0
2019-04-02 14:46:00,17.205,17.205,17.205,17.205,310.0
2019-04-02 14:47:00,17.56,17.56,17.56,17.56,5519.0
2019-04-02 14:51:00,17.53,17.53,17.53,17.53,325.0
2019-04-02 14:52:00,17.495,17.495,17.495,17.495,757.0
2019-04-02 14:53:00,17.37,17.37,17.37,17.37,600.0
2019-04-02 14:56:00,17.16,17.16,17.16,17.16,924.0
2019-04-02 14:58:00,17.13,17.13,17.13,17.13,227.0
2019-04-02 15:00:00,17.205,17.21,17.085,17.21,9702.0
2019-04-02 15:01:00,17.18,17.33,17.18,17.33,2251.0
2019-04-02 15:02:00,17.33,17.33,17.33,17.33,1064.0
2019-04-02 15:04:00,17.33,17.33,17.33,17.33,227.0
2019-04-02 15:08:00,17.39,17.39,17.39,17.39,851.0
2019-04-02 15:13:00,17.27,17.32,17.25,17.32,2529.0
2019-04-02 15:20:00,17.25,17.25,17.25,17.25,635.0
2019-04-02 15:22:00,17.27,17.27,17.27,17.27,314.0
2019-04-02 15:23:00,17.34,17.34,17.34,17.34,929.0
2019-04-02 15:32:00,17.32,17.37,17.32,17.37,1418.0
2019-04-02 15:34:00,17.53,17.53,17.53,17.53,305.0
2019-04-02 15:38:00,17.455,17.455,17.455,17.455,223.0
2019-04-02 15:40:00,17.41,17.44,17.41,17.44,1154.0
2019-04-02 15:47:00,17.35,17.35,17.35,17.35,305.0
2019-04-02 15:48:00,17.34,17.34,17.34,17.34,259.0
2019-04-02 15:50:00,17.41,17.41,17.41,17.41,1059.0
2019-04-02 15:52:00,17.375,17.375,17.375,17.375,250.0
2019-04-02 15:56:00,17.335,17.335,17.335,17.335,873.0
2019-04-02 15:57:00,17.36,17.36,17.36,17.36,1048.0
2019-04-02 15:58:00,17.29,17.29,17.29,17.29,512.0
2019-04-02 15:59:00,17.33,17.33,17.33,17.33,1609.0
2019-04-02 16:00:00,17.27,17.27,17.27,17.27,5528.0
2019-04-03 09:31:00,17.44,17.44,17.44,17.44,951.0
2019-04-03 09:38:00,17.9773,17.9773,17.9773,17.9773,327.0
2019-04-03 09:39:00,17.6543,17.6543,17.6543,17.6543,506.0
2019-04-03 09:47:00,17.5,17.5,17.5,17.5,1750.0
2019-04-03 09:54:00,17.27,17.27,17.27,17.27,100.0
2019-04-03 09:55:00,17.48,17.48,17.48,17.48,200.0
2019-04-03 10:00:00,17.51,17.51,17.51,17.51,200.0
2019-04-03 10:03:00,17.5,17.5,17.5,17.5,103.0
2019-04-03 10:09:00,17.44,17.6,17.44,17.6,7069.0
2019-04-03 10:11:00,17.455,17.455,17.455,17.455,1606.0
2019-04-03 10:12:00,17.22,17.22,17.22,17.22,885.0
2019-04-03 10:13:00,17.2,17.27,17.2,17.27,972.0
2019-04-03 10:26:00,17.1,17.1,17.1,17.1,1300.0
2019-04-03 10:27:00,17.11,17.11,17.11,17.11,303.0
2019-04-03 10:28:00,17.11,17.11,17.11,17.11,1490.0
2019-04-03 10:29:00,17.14,17.14,17.14,17.14,736.0
2019-04-03 10:30:00,17.13,17.13,17.13,17.13,1050.0
2019-04-03 10:31:00,17.18,17.19,17.18,17.19,1700.0
2019-04-03 10:34:00,17.2595,17.2595,17.25,17.25,1000.0
2019-04-03 10:44:00,17.31,17.31,17.31,17.31,600.0
2019-04-03 10:46:00,17.245,17.245,17.245,17.245,321.0
2019-04-03 10:54:00,17.2,17.2,17.2,17.2,200.0
2019-04-03 11:00:00,17.24,17.24,17.24,17.24,100.0
2019-04-03 11:02:00,17.24,17.24,17.24,17.24,1200.0
2019-04-03 11:17:00,17.215,17.215,17.215,17.215,178.0
2019-04-03 11:19:00,17.19,17.19,17.19,17.19,635.0
2019-04-03 11:20:00,17.02,17.02,17.02,17.02,1333.0
2019-04-03 11:21:00,17.06,17.07,17.06,17.07,1535.0
2019-04-03 11:25:00,17.145,17.145,17.145,17.145,465.0
2019-04-03 11:31:00,17.1,17.1,17.1,17.1,6000.0
2019-04-03 11:32:00,17.1,17.1,17.08,17.08,3393.0
2019-04-03 11:33:00,17.14,17.14,17.14,17.14,614.0
2019-04-03 11:41:00,17.1,17.1,17.1,17.1,656.0
2019-04-03 11:46:00,17.14,17.14,17.14,17.14,300.0
2019-04-03 11:49:00,17.18,17.18,17.18,17.18,400.0
2019-04-03 11:53:00,17.29,17.29,17.29,17.29,300.0
2019-04-03 12:19:00,17.26,17.26,17.26,17.26,100.0
2019-04-03 12:26:00,17.21,17.21,17.21,17.21,3005.0
2019-04-03 12:28:00,17.21,17.21,17.21,17.21,360.0
2019-04-03 12:30:00,17.21,17.21,17.21,17.21,300.0
2019-04-03 12:33:00,17.21,17.21,17.21,17.21,409.0
2019-04-03 12:37:00,17.21,17.21,17.21,17.21,373.0
2019-04-03 12:42:00,17.13,17.13,17.12,17.12,351.0
2019-04-03 13:15:00,17.21,17.21,17.21,17.21,100.0
2019-04-03 13:18:00,17.21,17.21,17.21,17.21,100.0
2019-04-03 13:19:00,17.21,17.21,17.2,17.2,1200.0
2019-04-03 13:21:00,17.14,17.15,17.14,17.15,845.0
2019-04-03 13:24:00,17.15,17.15,17.15,17.15,202.0
2019-04-03 13:42:00,17.07,17.07,17.07,17.07,510.0
2019-04-03 13:49:00,17.14,17.27,17.14,17.27,26958.0
2019-04-03 13:51:00,17.2094,17.2094,17.2094,17.2094,6129.0
2019-04-03 14:00:00,17.24,17.24,17.24,17.24,7368.0
2019-04-03 14:05:00,17.23,17.23,17.23,17.23,200.0
2019-04-03 14:17:00,17.115,17.115,17.115,17.115,530.0
2019-04-03 15:04:00,17.15,17.15,17.15,17.15,197.0
2019-04-03 15:11:00,17.16,17.22,17.16,17.22,1688.0
2019-04-03 15:17:00,17.15,17.15,17.15,17.15,201.0
2019-04-03 15:18:00,17.21,17.21,17.21,17.21,2000.0
2019-04-03 15:19:00,17.23,17.23,17.23,17.23,812.0
2019-04-03 15:23:00,17.3,17.3,17.3,17.3,2713.0
2019-04-03 15:24:00,17.14,17.14,17.14,17.14,100.0
2019-04-03 15:35:00,17.27,17.27,17.26,17.26,961.0
2019-04-03 15:42:00,17.27,17.27,17.27,17.27,100.0
2019-04-03 15:47:00,17.27,17.27,17.27,17.27,146.0
2019-04-03 15:51:00,17.37,17.37,17.37,17.37,862.0
2019-04-03 15:56:00,17.39,17.39,17.39,17.39,1296.0
2019-04-03 15:57:00,17.4,17.4,17.4,17.4,662.0
2019-04-03 16:00:00,17.39,17.39,17.39,17.39,2686.0
