
2019-03-11 09:31:00,5.24,5.24,5.24,5.24,0.0
2019-03-11 09:39:00,5.21,5.21,5.21,5.21,100.0
2019-03-11 09:40:00,5.22,5.22,5.22,5.22,938.0
2019-03-11 10:09:00,5.28,5.28,5.28,5.28,730.0
2019-03-11 10:13:00,5.31,5.31,5.31,5.31,100.0
2019-03-11 10:14:00,5.28,5.28,5.28,5.28,200.0
2019-03-11 10:17:00,5.32,5.32,5.32,5.32,300.0
2019-03-11 10:18:00,5.3,5.3,5.3,5.3,1793.0
2019-03-11 10:20:00,5.35,5.35,5.35,5.35,602.0
2019-03-11 10:32:00,5.38,5.38,5.38,5.38,104.0
2019-03-11 10:41:00,5.38,5.38,5.38,5.38,100.0
2019-03-11 10:43:00,5.385,5.385,5.385,5.385,100.0
2019-03-11 10:51:00,5.395,5.395,5.395,5.395,100.0
2019-03-11 10:56:00,5.42,5.42,5.42,5.42,200.0
2019-03-11 10:57:00,5.38,5.38,5.38,5.38,1308.0
2019-03-11 11:22:00,5.38,5.41,5.38,5.41,1140.0
2019-03-11 11:31:00,5.41,5.41,5.38,5.38,200.0
2019-03-11 11:33:00,5.41,5.41,5.41,5.41,100.0
2019-03-11 11:39:00,5.395,5.395,5.395,5.395,200.0
2019-03-11 11:45:00,5.38,5.38,5.38,5.38,100.0
2019-03-11 11:48:00,5.35,5.35,5.32,5.32,2080.0
2019-03-11 11:51:00,5.36,5.36,5.36,5.36,1355.0
2019-03-11 11:57:00,5.4,5.4,5.4,5.4,350.0
2019-03-11 11:59:00,5.4,5.4,5.4,5.4,100.0
2019-03-11 12:02:00,5.43,5.43,5.43,5.43,600.0
2019-03-11 12:06:00,5.44,5.44,5.44,5.44,300.0
2019-03-11 12:10:00,5.44,5.44,5.44,5.44,320.0
2019-03-11 12:14:00,5.44,5.44,5.44,5.44,100.0
2019-03-11 12:15:00,5.44,5.44,5.44,5.44,100.0
2019-03-11 12:21:00,5.45,5.45,5.45,5.45,700.0
2019-03-11 12:30:00,5.445,5.445,5.445,5.445,200.0
2019-03-11 12:32:00,5.46,5.46,5.46,5.46,200.0
2019-03-11 12:33:00,5.46,5.46,5.46,5.46,540.0
2019-03-11 12:36:00,5.4597,5.4597,5.4597,5.4597,1100.0
2019-03-11 12:38:00,5.47,5.47,5.47,5.47,100.0
2019-03-11 12:43:00,5.45,5.45,5.45,5.45,100.0
2019-03-11 12:44:00,5.47,5.47,5.44,5.44,5967.0
2019-03-11 12:46:00,5.46,5.46,5.46,5.46,200.0
2019-03-11 12:52:00,5.46,5.46,5.46,5.46,100.0
2019-03-11 12:54:00,5.48,5.48,5.48,5.48,489.0
2019-03-11 12:58:00,5.48,5.51,5.48,5.5,9009.0
2019-03-11 12:59:00,5.48,5.48,5.48,5.48,892.0
2019-03-11 13:00:00,5.4975,5.4975,5.4975,5.4975,885.0
2019-03-11 13:01:00,5.48,5.48,5.48,5.48,940.0
2019-03-11 13:02:00,5.5,5.5,5.5,5.5,1000.0
2019-03-11 13:03:00,5.5,5.5,5.5,5.5,2583.0
2019-03-11 13:05:00,5.495,5.495,5.49,5.49,1835.0
2019-03-11 13:06:00,5.49,5.49,5.49,5.49,2776.0
2019-03-11 13:07:00,5.49,5.51,5.49,5.51,5364.0
2019-03-11 13:08:00,5.5,5.5,5.5,5.5,1523.0
2019-03-11 13:09:00,5.49,5.49,5.49,5.49,1800.0
2019-03-11 13:15:00,5.49,5.49,5.49,5.49,200.0
2019-03-11 13:17:00,5.49,5.49,5.49,5.49,200.0
2019-03-11 13:22:00,5.51,5.51,5.51,5.51,505.0
2019-03-11 13:23:00,5.5,5.5,5.5,5.5,200.0
2019-03-11 13:29:00,5.49,5.49,5.49,5.49,100.0
2019-03-11 13:32:00,5.49,5.49,5.49,5.49,1806.0
2019-03-11 13:33:00,5.49,5.49,5.49,5.49,500.0
2019-03-11 13:34:00,5.5,5.5,5.5,5.5,100.0
2019-03-11 13:37:00,5.51,5.51,5.51,5.51,200.0
2019-03-11 13:45:00,5.52,5.52,5.52,5.52,870.0
2019-03-11 13:48:00,5.53,5.53,5.53,5.53,300.0
2019-03-11 13:53:00,5.53,5.53,5.53,5.53,1310.0
2019-03-11 13:58:00,5.53,5.53,5.53,5.53,100.0
2019-03-11 14:02:00,5.53,5.53,5.53,5.53,100.0
2019-03-11 14:03:00,5.54,5.54,5.54,5.54,200.0
2019-03-11 14:05:00,5.53,5.53,5.53,5.53,100.0
2019-03-11 14:07:00,5.54,5.54,5.54,5.54,200.0
2019-03-11 14:08:00,5.54,5.54,5.54,5.54,100.0
2019-03-11 14:09:00,5.54,5.54,5.54,5.54,100.0
2019-03-11 14:11:00,5.53,5.53,5.53,5.53,200.0
2019-03-11 14:15:00,5.53,5.53,5.53,5.53,100.0
2019-03-11 14:20:00,5.54,5.54,5.54,5.54,300.0
2019-03-11 14:24:00,5.53,5.53,5.53,5.53,265.0
2019-03-11 14:28:00,5.54,5.54,5.53,5.53,245.0
2019-03-11 14:30:00,5.54,5.54,5.54,5.54,801.0
2019-03-11 14:32:00,5.55,5.55,5.55,5.55,2000.0
2019-03-11 14:34:00,5.55,5.55,5.55,5.55,104.0
2019-03-11 14:41:00,5.57,5.57,5.57,5.57,100.0
2019-03-11 14:45:00,5.57,5.57,5.54,5.54,200.0
2019-03-11 14:49:00,5.57,5.57,5.57,5.57,100.0
2019-03-11 14:50:00,5.54,5.54,5.54,5.54,2912.0
2019-03-11 14:56:00,5.54,5.54,5.54,5.54,914.0
2019-03-11 14:58:00,5.56,5.56,5.56,5.56,200.0
2019-03-11 15:06:00,5.57,5.57,5.57,5.57,100.0
2019-03-11 15:10:00,5.57,5.57,5.57,5.57,510.0
2019-03-11 15:15:00,5.56,5.56,5.56,5.56,290.0
2019-03-11 15:20:00,5.55,5.55,5.55,5.55,200.0
2019-03-11 15:23:00,5.55,5.57,5.55,5.57,300.0
2019-03-11 15:25:00,5.55,5.55,5.55,5.55,400.0
2019-03-11 15:26:00,5.56,5.56,5.56,5.56,2627.0
2019-03-11 15:27:00,5.55,5.55,5.55,5.55,1120.0
2019-03-11 15:34:00,5.54,5.54,5.54,5.54,300.0
2019-03-11 15:36:00,5.56,5.56,5.56,5.56,100.0
2019-03-11 15:37:00,5.56,5.56,5.56,5.56,974.0
2019-03-11 15:38:00,5.58,5.58,5.58,5.58,1726.0
2019-03-11 15:40:00,5.58,5.58,5.58,5.58,500.0
2019-03-11 15:42:00,5.57,5.57,5.57,5.57,2137.0
2019-03-11 15:43:00,5.57,5.57,5.57,5.57,1705.0
2019-03-11 15:44:00,5.56,5.56,5.56,5.56,400.0
2019-03-11 15:45:00,5.56,5.56,5.56,5.56,300.0
2019-03-11 15:46:00,5.57,5.57,5.57,5.57,280.0
2019-03-11 15:47:00,5.5659,5.5659,5.5659,5.5659,2561.0
2019-03-11 15:48:00,5.56,5.56,5.56,5.56,2481.0
2019-03-11 15:49:00,5.56,5.56,5.56,5.56,400.0
2019-03-11 15:50:00,5.57,5.57,5.57,5.57,1871.0
2019-03-11 15:51:00,5.56,5.56,5.56,5.56,926.0
2019-03-11 15:52:00,5.56,5.56,5.56,5.56,802.0
2019-03-11 15:53:00,5.565,5.565,5.565,5.565,1526.0
2019-03-11 15:55:00,5.56,5.56,5.56,5.56,1200.0
2019-03-11 15:56:00,5.56,5.56,5.56,5.56,800.0
2019-03-11 15:57:00,5.55,5.55,5.55,5.55,2059.0
2019-03-11 15:58:00,5.5599,5.5599,5.5599,5.5599,2029.0
2019-03-11 15:59:00,5.54,5.54,5.54,5.54,1953.0
2019-03-11 16:00:00,5.56,5.57,5.56,5.57,7016.0
2019-03-12 09:31:00,5.61,5.61,5.61,5.61,7068.0
2019-03-12 09:35:00,5.64,5.64,5.64,5.64,708.0
2019-03-12 09:37:00,5.61,5.61,5.61,5.61,242.0
2019-03-12 09:39:00,5.66,5.66,5.66,5.66,1205.0
2019-03-12 09:44:00,5.6194,5.6194,5.6194,5.6194,2458.0
2019-03-12 09:46:00,5.625,5.625,5.625,5.625,424.0
2019-03-12 09:52:00,5.65,5.65,5.65,5.65,621.0
2019-03-12 09:56:00,5.66,5.66,5.66,5.66,100.0
2019-03-12 10:02:00,5.66,5.66,5.66,5.66,102.0
2019-03-12 10:04:00,5.65,5.65,5.65,5.65,1218.0
2019-03-12 10:07:00,5.68,5.68,5.68,5.68,339.0
2019-03-12 10:12:00,5.69,5.69,5.69,5.69,107.0
2019-03-12 10:17:00,5.69,5.69,5.69,5.69,214.0
2019-03-12 10:21:00,5.68,5.68,5.68,5.68,400.0
2019-03-12 10:22:00,5.675,5.675,5.675,5.675,460.0
2019-03-12 10:25:00,5.68,5.68,5.68,5.68,1150.0
2019-03-12 10:33:00,5.74,5.74,5.74,5.74,7975.0
2019-03-12 10:35:00,5.725,5.725,5.725,5.725,300.0
2019-03-12 10:36:00,5.725,5.725,5.69,5.69,6157.0
2019-03-12 10:40:00,5.69,5.69,5.69,5.69,467.0
2019-03-12 10:49:00,5.73,5.73,5.73,5.73,100.0
2019-03-12 10:54:00,5.71,5.71,5.71,5.71,500.0
2019-03-12 10:56:00,5.705,5.705,5.705,5.705,5800.0
2019-03-12 10:58:00,5.7,5.7,5.7,5.7,400.0
2019-03-12 10:59:00,5.69,5.69,5.66,5.66,1915.0
2019-03-12 11:02:00,5.63,5.63,5.63,5.63,490.0
2019-03-12 11:05:00,5.63,5.63,5.63,5.63,400.0
2019-03-12 11:07:00,5.635,5.635,5.635,5.635,100.0
2019-03-12 11:08:00,5.665,5.665,5.665,5.665,632.0
2019-03-12 11:12:00,5.71,5.71,5.71,5.71,302.0
2019-03-12 11:18:00,5.705,5.705,5.705,5.705,201.0
2019-03-12 11:22:00,5.69,5.69,5.69,5.69,100.0
2019-03-12 11:23:00,5.705,5.72,5.705,5.72,302.0
2019-03-12 11:28:00,5.715,5.715,5.715,5.715,100.0
2019-03-12 11:29:00,5.715,5.715,5.7,5.7,200.0
2019-03-12 11:35:00,5.74,5.75,5.74,5.75,510.0
2019-03-12 11:39:00,5.75,5.75,5.73,5.73,3221.0
2019-03-12 11:43:00,5.725,5.75,5.725,5.75,994.0
2019-03-12 11:45:00,5.73,5.73,5.73,5.73,1890.0
2019-03-12 11:50:00,5.72,5.72,5.72,5.72,705.0
2019-03-12 11:53:00,5.73,5.73,5.73,5.73,122.0
2019-03-12 11:55:00,5.72,5.72,5.72,5.72,1678.0
2019-03-12 11:57:00,5.72,5.72,5.72,5.72,200.0
2019-03-12 11:59:00,5.74,5.74,5.74,5.74,100.0
2019-03-12 12:00:00,5.7175,5.7175,5.7175,5.7175,3429.0
2019-03-12 12:02:00,5.725,5.725,5.725,5.725,300.0
2019-03-12 12:07:00,5.72,5.725,5.72,5.725,1865.0
2019-03-12 12:11:00,5.725,5.725,5.725,5.725,205.0
2019-03-12 12:12:00,5.71,5.71,5.71,5.71,900.0
2019-03-12 12:14:00,5.71,5.71,5.71,5.71,220.0
2019-03-12 12:18:00,5.71,5.71,5.71,5.71,143.0
2019-03-12 12:19:00,5.71,5.71,5.71,5.71,301.0
2019-03-12 12:22:00,5.71,5.71,5.71,5.71,206.0
2019-03-12 12:24:00,5.72,5.72,5.72,5.72,100.0
2019-03-12 12:27:00,5.72,5.72,5.72,5.72,100.0
2019-03-12 12:30:00,5.72,5.72,5.72,5.72,100.0
2019-03-12 12:41:00,5.73,5.73,5.73,5.73,105.0
2019-03-12 12:47:00,5.72,5.72,5.72,5.72,133.0
2019-03-12 12:51:00,5.72,5.72,5.72,5.72,101.0
2019-03-12 12:56:00,5.72,5.72,5.72,5.72,101.0
2019-03-12 12:57:00,5.73,5.73,5.73,5.73,360.0
2019-03-12 13:11:00,5.73,5.73,5.73,5.73,1241.0
2019-03-12 13:14:00,5.69,5.69,5.69,5.69,783.0
2019-03-12 13:22:00,5.71,5.71,5.71,5.71,100.0
2019-03-12 13:30:00,5.71,5.71,5.71,5.71,100.0
2019-03-12 13:38:00,5.71,5.71,5.71,5.71,100.0
2019-03-12 13:46:00,5.71,5.71,5.71,5.71,105.0
2019-03-12 13:58:00,5.69,5.69,5.69,5.69,1258.0
2019-03-12 14:06:00,5.67,5.67,5.67,5.67,1429.0
2019-03-12 14:12:00,5.69,5.69,5.69,5.69,100.0
2019-03-12 14:16:00,5.69,5.69,5.69,5.69,200.0
2019-03-12 14:21:00,5.715,5.715,5.715,5.715,838.0
2019-03-12 14:26:00,5.715,5.715,5.715,5.715,100.0
2019-03-12 14:28:00,5.715,5.715,5.715,5.715,100.0
2019-03-12 14:31:00,5.7,5.7,5.7,5.7,1091.0
2019-03-12 14:37:00,5.7,5.7,5.7,5.7,610.0
2019-03-12 14:47:00,5.72,5.72,5.72,5.72,210.0
2019-03-12 14:51:00,5.71,5.71,5.71,5.71,595.0
2019-03-12 14:56:00,5.69,5.69,5.69,5.69,1494.0
2019-03-12 15:05:00,5.69,5.69,5.69,5.69,103.0
2019-03-12 15:11:00,5.69,5.69,5.69,5.69,100.0
2019-03-12 15:14:00,5.68,5.68,5.68,5.68,100.0
2019-03-12 15:17:00,5.69,5.69,5.69,5.69,135.0
2019-03-12 15:20:00,5.685,5.685,5.685,5.685,138.0
2019-03-12 15:26:00,5.68,5.68,5.68,5.68,563.0
2019-03-12 15:27:00,5.67,5.67,5.67,5.67,1589.0
2019-03-12 15:29:00,5.69,5.69,5.69,5.69,1633.0
2019-03-12 15:35:00,5.7,5.7,5.69,5.69,200.0
2019-03-12 15:40:00,5.7,5.7,5.7,5.7,294.0
2019-03-12 15:42:00,5.68,5.68,5.68,5.68,200.0
2019-03-12 15:44:00,5.7,5.7,5.7,5.7,100.0
2019-03-12 15:47:00,5.7,5.7,5.7,5.7,100.0
2019-03-12 15:49:00,5.7,5.7,5.7,5.7,200.0
2019-03-12 15:52:00,5.7,5.7,5.7,5.7,205.0
2019-03-12 15:54:00,5.7,5.7,5.7,5.7,303.0
2019-03-12 15:56:00,5.6999,5.6999,5.6999,5.6999,200.0
2019-03-12 15:57:00,5.69,5.69,5.69,5.69,1297.0
2019-03-12 15:58:00,5.69,5.69,5.69,5.69,1742.0
2019-03-12 15:59:00,5.695,5.695,5.695,5.695,1999.0
2019-03-12 16:00:00,5.69,5.69,5.69,5.69,441.0
2019-03-13 09:31:00,5.76,5.76,5.76,5.76,0.0
2019-03-13 09:45:00,5.76,5.77,5.76,5.77,2767.0
2019-03-13 09:49:00,5.7928,5.7928,5.7928,5.7928,152.0
2019-03-13 09:50:00,5.81,5.81,5.81,5.81,8700.0
2019-03-13 09:51:00,5.8,5.8,5.8,5.8,10900.0
2019-03-13 09:53:00,5.8,5.8,5.8,5.8,2900.0
2019-03-13 09:55:00,5.78,5.78,5.78,5.78,3552.0
2019-03-13 09:58:00,5.773,5.773,5.773,5.773,1718.0
2019-03-13 10:00:00,5.76,5.76,5.76,5.76,188.0
2019-03-13 10:05:00,5.8,5.8,5.8,5.8,1181.0
2019-03-13 10:10:00,5.81,5.81,5.81,5.81,100.0
2019-03-13 10:11:00,5.78,5.78,5.78,5.78,300.0
2019-03-13 10:12:00,5.78,5.78,5.78,5.78,616.0
2019-03-13 10:15:00,5.78,5.78,5.78,5.78,200.0
2019-03-13 10:17:00,5.78,5.78,5.78,5.78,300.0
2019-03-13 10:19:00,5.795,5.795,5.795,5.795,100.0
2019-03-13 10:20:00,5.81,5.81,5.81,5.81,100.0
2019-03-13 10:21:00,5.795,5.795,5.78,5.78,500.0
2019-03-13 10:23:00,5.77,5.77,5.77,5.77,1326.0
2019-03-13 10:24:00,5.76,5.76,5.76,5.76,1426.0
2019-03-13 10:26:00,5.74,5.74,5.74,5.74,732.0
2019-03-13 10:31:00,5.72,5.72,5.72,5.72,100.0
2019-03-13 10:37:00,5.74,5.74,5.74,5.74,400.0
2019-03-13 10:42:00,5.768,5.768,5.768,5.768,527.0
2019-03-13 10:44:00,5.74,5.74,5.74,5.74,100.0
2019-03-13 10:45:00,5.8,5.8,5.8,5.8,411.0
2019-03-13 10:51:00,5.79,5.79,5.79,5.79,904.0
2019-03-13 10:59:00,5.78,5.78,5.77,5.77,5764.0
2019-03-13 11:04:00,5.79,5.79,5.79,5.79,500.0
2019-03-13 11:07:00,5.8,5.8,5.8,5.8,200.0
2019-03-13 11:10:00,5.81,5.81,5.81,5.81,100.0
2019-03-13 11:11:00,5.77,5.77,5.77,5.77,860.0
2019-03-13 11:14:00,5.8,5.8,5.8,5.8,200.0
2019-03-13 11:15:00,5.8,5.8,5.8,5.8,100.0
2019-03-13 11:18:00,5.79,5.79,5.79,5.79,800.0
2019-03-13 11:21:00,5.805,5.805,5.805,5.805,100.0
2019-03-13 11:25:00,5.79,5.79,5.79,5.79,329.0
2019-03-13 11:30:00,5.79,5.79,5.79,5.79,892.0
2019-03-13 11:32:00,5.75,5.75,5.75,5.75,442.0
2019-03-13 11:34:00,5.77,5.77,5.77,5.77,291.0
2019-03-13 11:40:00,5.76,5.76,5.76,5.76,347.0
2019-03-13 11:47:00,5.75,5.75,5.75,5.75,100.0
2019-03-13 11:54:00,5.78,5.78,5.78,5.78,100.0
2019-03-13 11:55:00,5.75,5.75,5.75,5.75,629.0
2019-03-13 11:56:00,5.75,5.75,5.75,5.75,729.0
2019-03-13 12:02:00,5.75,5.75,5.75,5.75,100.0
2019-03-13 12:06:00,5.75,5.75,5.75,5.75,200.0
2019-03-13 12:11:00,5.73,5.73,5.73,5.73,156.0
2019-03-13 12:18:00,5.74,5.74,5.74,5.74,100.0
2019-03-13 12:21:00,5.73,5.73,5.73,5.73,1338.0
2019-03-13 12:27:00,5.72,5.72,5.72,5.72,100.0
2019-03-13 12:36:00,5.73,5.73,5.73,5.73,850.0
2019-03-13 12:39:00,5.74,5.74,5.74,5.74,200.0
2019-03-13 12:45:00,5.72,5.72,5.72,5.72,300.0
2019-03-13 12:49:00,5.735,5.735,5.735,5.735,1757.0
2019-03-13 12:51:00,5.735,5.735,5.735,5.735,100.0
2019-03-13 12:53:00,5.75,5.75,5.75,5.75,100.0
2019-03-13 12:56:00,5.735,5.735,5.735,5.735,400.0
2019-03-13 12:58:00,5.75,5.75,5.75,5.75,200.0
2019-03-13 13:00:00,5.735,5.735,5.735,5.735,400.0
2019-03-13 13:02:00,5.735,5.735,5.735,5.735,100.0
2019-03-13 13:03:00,5.735,5.735,5.735,5.735,600.0
2019-03-13 13:05:00,5.72,5.72,5.72,5.72,300.0
2019-03-13 13:06:00,5.725,5.725,5.725,5.725,100.0
2019-03-13 13:08:00,5.73,5.73,5.73,5.73,200.0
2019-03-13 13:10:00,5.72,5.73,5.72,5.73,200.0
2019-03-13 13:13:00,5.73,5.73,5.73,5.73,1020.0
2019-03-13 13:14:00,5.74,5.74,5.74,5.74,601.0
2019-03-13 13:21:00,5.72,5.72,5.72,5.72,300.0
2019-03-13 13:22:00,5.7,5.7,5.7,5.7,1200.0
2019-03-13 13:36:00,5.7,5.7,5.7,5.7,208.0
2019-03-13 13:38:00,5.7002,5.7002,5.7002,5.7002,299.0
2019-03-13 13:47:00,5.71,5.71,5.71,5.71,233.0
2019-03-13 13:49:00,5.7033,5.7033,5.7033,5.7033,650.0
2019-03-13 13:52:00,5.705,5.705,5.705,5.705,100.0
2019-03-13 14:00:00,5.705,5.705,5.705,5.705,100.0
2019-03-13 14:02:00,5.71,5.71,5.71,5.71,400.0
2019-03-13 14:03:00,5.71,5.71,5.71,5.71,564.0
2019-03-13 14:06:00,5.705,5.705,5.705,5.705,100.0
2019-03-13 14:10:00,5.705,5.705,5.705,5.705,100.0
2019-03-13 14:12:00,5.7,5.7,5.7,5.7,104.0
2019-03-13 14:13:00,5.69,5.69,5.69,5.69,2500.0
2019-03-13 14:15:00,5.69,5.69,5.69,5.69,1400.0
2019-03-13 14:28:00,5.69,5.69,5.69,5.69,200.0
2019-03-13 14:31:00,5.685,5.685,5.685,5.685,100.0
2019-03-13 14:32:00,5.69,5.69,5.69,5.69,2002.0
2019-03-13 14:33:00,5.695,5.695,5.695,5.695,2000.0
2019-03-13 14:37:00,5.695,5.695,5.695,5.695,500.0
2019-03-13 14:40:00,5.7,5.7,5.7,5.7,300.0
2019-03-13 14:44:00,5.7,5.7,5.7,5.7,900.0
2019-03-13 14:45:00,5.72,5.72,5.72,5.72,2697.0
2019-03-13 14:50:00,5.7,5.7,5.7,5.7,1540.0
2019-03-13 14:51:00,5.7,5.7,5.69,5.69,2553.0
2019-03-13 14:54:00,5.7,5.7,5.7,5.7,834.0
2019-03-13 14:55:00,5.695,5.695,5.695,5.695,400.0
2019-03-13 15:00:00,5.68,5.68,5.68,5.68,300.0
2019-03-13 15:03:00,5.6913,5.695,5.6913,5.695,573.0
2019-03-13 15:15:00,5.71,5.71,5.71,5.71,100.0
2019-03-13 15:16:00,5.695,5.695,5.695,5.695,105.0
2019-03-13 15:19:00,5.71,5.71,5.71,5.71,195.0
2019-03-13 15:25:00,5.71,5.71,5.71,5.71,100.0
2019-03-13 15:31:00,5.72,5.72,5.72,5.72,200.0
2019-03-13 15:32:00,5.72,5.72,5.72,5.72,337.0
2019-03-13 15:35:00,5.72,5.72,5.72,5.72,581.0
2019-03-13 15:36:00,5.72,5.72,5.72,5.72,200.0
2019-03-13 15:37:00,5.72,5.72,5.72,5.72,463.0
2019-03-13 15:39:00,5.72,5.72,5.72,5.72,400.0
2019-03-13 15:40:00,5.73,5.73,5.73,5.73,360.0
2019-03-13 15:41:00,5.72,5.72,5.72,5.72,330.0
2019-03-13 15:42:00,5.72,5.72,5.72,5.72,330.0
2019-03-13 15:44:00,5.73,5.73,5.72,5.72,577.0
2019-03-13 15:46:00,5.72,5.72,5.72,5.72,430.0
2019-03-13 15:47:00,5.71,5.71,5.71,5.71,575.0
2019-03-13 15:49:00,5.73,5.73,5.73,5.73,260.0
2019-03-13 15:51:00,5.725,5.725,5.725,5.725,897.0
2019-03-13 15:52:00,5.72,5.72,5.72,5.72,1228.0
2019-03-13 15:54:00,5.71,5.71,5.71,5.71,558.0
2019-03-13 15:56:00,5.71,5.71,5.71,5.71,459.0
2019-03-13 15:57:00,5.72,5.72,5.72,5.72,1196.0
2019-03-13 15:58:00,5.72,5.72,5.72,5.72,1498.0
2019-03-13 15:59:00,5.72,5.72,5.72,5.72,1777.0
2019-03-13 16:00:00,5.71,5.71,5.71,5.71,4317.0
2019-03-14 09:31:00,5.71,5.71,5.71,5.71,585.0
2019-03-14 09:36:00,5.7,5.7,5.7,5.7,1216.0
2019-03-14 09:41:00,5.72,5.72,5.72,5.72,1358.0
2019-03-14 09:47:00,5.7081,5.7081,5.7,5.7,874.0
2019-03-14 09:54:00,5.7,5.7,5.7,5.7,248.0
2019-03-14 09:58:00,5.73,5.73,5.7,5.7,525.0
2019-03-14 10:08:00,5.7,5.7,5.7,5.7,100.0
2019-03-14 10:12:00,5.7,5.7,5.7,5.7,101.0
2019-03-14 10:13:00,5.7,5.7,5.7,5.7,1876.0
2019-03-14 10:28:00,5.7,5.7,5.7,5.7,900.0
2019-03-14 10:32:00,5.68,5.69,5.68,5.69,1545.0
2019-03-14 10:37:00,5.675,5.675,5.675,5.675,101.0
2019-03-14 10:40:00,5.66,5.66,5.66,5.66,125.0
2019-03-14 10:47:00,5.65,5.65,5.65,5.65,892.0
2019-03-14 10:51:00,5.63,5.64,5.63,5.64,7800.0
2019-03-14 10:56:00,5.57,5.6,5.56,5.6,9468.0
2019-03-14 10:58:00,5.6,5.6,5.6,5.6,200.0
2019-03-14 11:00:00,5.56,5.56,5.56,5.56,183.0
2019-03-14 11:09:00,5.56,5.56,5.56,5.56,135.0
2019-03-14 11:12:00,5.56,5.56,5.56,5.56,1067.0
2019-03-14 11:15:00,5.57,5.57,5.57,5.57,1205.0
2019-03-14 11:22:00,5.62,5.62,5.62,5.62,1239.0
2019-03-14 11:27:00,5.62,5.62,5.615,5.615,2666.0
2019-03-14 11:38:00,5.6,5.6,5.6,5.6,100.0
2019-03-14 11:42:00,5.57,5.57,5.57,5.57,3223.0
2019-03-14 11:46:00,5.59,5.59,5.59,5.59,700.0
2019-03-14 11:52:00,5.63,5.63,5.63,5.63,6392.0
2019-03-14 11:55:00,5.61,5.61,5.61,5.61,100.0
2019-03-14 12:01:00,5.63,5.63,5.63,5.63,100.0
2019-03-14 12:03:00,5.61,5.61,5.61,5.61,600.0
2019-03-14 12:08:00,5.63,5.63,5.63,5.63,481.0
2019-03-14 12:16:00,5.63,5.63,5.63,5.63,360.0
2019-03-14 12:24:00,5.64,5.64,5.64,5.64,1700.0
2019-03-14 12:41:00,5.62,5.62,5.62,5.62,340.0
2019-03-14 12:55:00,5.62,5.62,5.6,5.6,848.0
2019-03-14 13:10:00,5.62,5.62,5.62,5.62,837.0
2019-03-14 13:20:00,5.62,5.63,5.62,5.63,2081.0
2019-03-14 13:23:00,5.63,5.63,5.63,5.63,395.0
2019-03-14 13:26:00,5.63,5.63,5.63,5.63,100.0
2019-03-14 13:43:00,5.6,5.6,5.6,5.6,1451.0
2019-03-14 14:00:00,5.5979,5.5979,5.5979,5.5979,750.0
2019-03-14 14:10:00,5.62,5.62,5.62,5.62,501.0
2019-03-14 14:16:00,5.59,5.59,5.59,5.59,300.0
2019-03-14 14:22:00,5.62,5.62,5.62,5.62,1100.0
2019-03-14 14:27:00,5.62,5.62,5.62,5.62,100.0
2019-03-14 14:28:00,5.63,5.63,5.63,5.63,848.0
2019-03-14 14:29:00,5.63,5.63,5.63,5.63,1700.0
2019-03-14 14:30:00,5.63,5.64,5.63,5.64,600.0
2019-03-14 14:31:00,5.64,5.64,5.64,5.64,800.0
2019-03-14 14:32:00,5.65,5.65,5.65,5.65,229.0
2019-03-14 14:36:00,5.66,5.66,5.66,5.66,100.0
2019-03-14 14:37:00,5.67,5.67,5.67,5.67,400.0
2019-03-14 14:47:00,5.67,5.67,5.67,5.67,100.0
2019-03-14 14:48:00,5.66,5.66,5.66,5.66,500.0
2019-03-14 14:49:00,5.64,5.64,5.64,5.64,400.0
2019-03-14 14:58:00,5.65,5.65,5.65,5.65,600.0
2019-03-14 15:00:00,5.65,5.65,5.64,5.65,1296.0
2019-03-14 15:01:00,5.65,5.67,5.65,5.67,2896.0
2019-03-14 15:10:00,5.67,5.67,5.67,5.67,100.0
2019-03-14 15:11:00,5.67,5.67,5.67,5.67,1000.0
2019-03-14 15:20:00,5.67,5.67,5.6625,5.6625,500.0
2019-03-14 15:23:00,5.67,5.67,5.67,5.67,500.0
2019-03-14 15:29:00,5.6625,5.6625,5.6625,5.6625,336.0
2019-03-14 15:36:00,5.64,5.64,5.64,5.64,100.0
2019-03-14 15:40:00,5.67,5.67,5.67,5.67,500.0
2019-03-14 15:42:00,5.64,5.64,5.64,5.64,600.0
2019-03-14 15:43:00,5.67,5.67,5.67,5.67,400.0
2019-03-14 15:46:00,5.67,5.67,5.67,5.67,200.0
2019-03-14 15:47:00,5.68,5.68,5.68,5.68,1063.0
2019-03-14 15:49:00,5.68,5.68,5.68,5.68,402.0
2019-03-14 15:51:00,5.69,5.69,5.69,5.69,350.0
2019-03-14 15:52:00,5.7,5.7,5.7,5.7,400.0
2019-03-14 15:53:00,5.695,5.695,5.695,5.695,900.0
2019-03-14 15:54:00,5.7025,5.7025,5.7025,5.7025,200.0
2019-03-14 15:56:00,5.71,5.71,5.71,5.71,409.0
2019-03-14 15:57:00,5.68,5.68,5.68,5.68,765.0
2019-03-14 15:58:00,5.71,5.71,5.68,5.68,622.0
2019-03-14 15:59:00,5.71,5.71,5.71,5.71,700.0
2019-03-14 16:00:00,5.705,5.705,5.705,5.705,500.0
2019-03-15 09:31:00,5.72,5.72,5.72,5.72,77302.0
2019-03-15 09:36:00,5.67,5.67,5.67,5.67,210.0
2019-03-15 09:46:00,5.66,5.66,5.66,5.66,500.0
2019-03-15 09:51:00,5.69,5.69,5.69,5.69,210.0
2019-03-15 10:09:00,5.73,5.73,5.73,5.73,2502.0
2019-03-15 10:21:00,5.75,5.75,5.75,5.75,160.0
2019-03-15 10:32:00,5.755,5.755,5.755,5.755,100.0
2019-03-15 10:42:00,5.78,5.78,5.78,5.78,300.0
2019-03-15 10:43:00,5.78,5.78,5.78,5.78,198.0
2019-03-15 10:45:00,5.78,5.78,5.78,5.78,398.0
2019-03-15 10:51:00,5.8,5.8,5.8,5.8,260.0
2019-03-15 10:58:00,5.82,5.82,5.82,5.82,297.0
2019-03-15 11:03:00,5.81,5.81,5.81,5.81,206.0
2019-03-15 11:04:00,5.81,5.81,5.81,5.81,346.0
2019-03-15 11:12:00,5.81,5.81,5.81,5.81,4705.0
2019-03-15 11:18:00,5.81,5.81,5.81,5.81,100.0
2019-03-15 11:19:00,5.8,5.81,5.79,5.79,1679.0
2019-03-15 11:20:00,5.8,5.8,5.8,5.8,3624.0
2019-03-15 11:21:00,5.835,5.835,5.835,5.835,2819.0
2019-03-15 11:36:00,5.835,5.835,5.835,5.835,100.0
2019-03-15 11:39:00,5.82,5.82,5.82,5.82,650.0
2019-03-15 11:51:00,5.82,5.82,5.82,5.82,307.0
2019-03-15 11:55:00,5.82,5.82,5.82,5.82,200.0
2019-03-15 11:59:00,5.82,5.82,5.82,5.82,100.0
2019-03-15 12:14:00,5.82,5.82,5.82,5.82,264.0
2019-03-15 12:21:00,5.83,5.83,5.83,5.83,540.0
2019-03-15 12:25:00,5.89,5.89,5.89,5.89,7688.0
2019-03-15 12:26:00,5.905,5.91,5.905,5.91,3541.0
2019-03-15 12:28:00,5.92,5.92,5.92,5.92,700.0
2019-03-15 12:30:00,5.93,5.93,5.92,5.92,900.0
2019-03-15 12:31:00,5.92,5.92,5.92,5.92,1275.0
2019-03-15 12:34:00,5.9,5.9,5.9,5.9,100.0
2019-03-15 12:39:00,5.9,5.9,5.9,5.9,400.0
2019-03-15 12:53:00,5.9,5.9,5.9,5.9,146.0
2019-03-15 12:54:00,5.9,5.9,5.9,5.9,336.0
2019-03-15 13:12:00,5.88,5.88,5.88,5.88,1300.0
2019-03-15 13:20:00,5.85,5.85,5.85,5.85,315.0
2019-03-15 13:39:00,5.86,5.86,5.86,5.86,100.0
2019-03-15 13:42:00,5.86,5.86,5.86,5.86,117.0
2019-03-15 13:44:00,5.86,5.86,5.86,5.86,200.0
2019-03-15 13:48:00,5.85,5.85,5.85,5.85,120.0
2019-03-15 13:54:00,5.85,5.85,5.85,5.85,100.0
2019-03-15 13:56:00,5.855,5.855,5.855,5.855,200.0
2019-03-15 14:01:00,5.86,5.86,5.86,5.86,294.0
2019-03-15 14:08:00,5.84,5.84,5.84,5.84,1124.0
2019-03-15 14:09:00,5.85,5.85,5.85,5.85,416.0
2019-03-15 14:12:00,5.84,5.84,5.84,5.84,1102.0
2019-03-15 14:13:00,5.86,5.86,5.86,5.86,1222.0
2019-03-15 14:16:00,5.85,5.85,5.85,5.85,1422.0
2019-03-15 14:17:00,5.85,5.85,5.85,5.85,600.0
2019-03-15 14:29:00,5.87,5.87,5.87,5.87,200.0
2019-03-15 14:41:00,5.86,5.86,5.86,5.86,102.0
2019-03-15 14:51:00,5.85,5.85,5.85,5.85,117.0
2019-03-15 14:56:00,5.87,5.87,5.87,5.87,235.0
2019-03-15 14:58:00,5.86,5.86,5.86,5.86,216.0
2019-03-15 15:03:00,5.86,5.86,5.86,5.86,104.0
2019-03-15 15:06:00,5.87,5.87,5.87,5.87,391.0
2019-03-15 15:10:00,5.86,5.86,5.86,5.86,1419.0
2019-03-15 15:18:00,5.87,5.87,5.87,5.87,100.0
2019-03-15 15:20:00,5.87,5.87,5.87,5.87,205.0
2019-03-15 15:22:00,5.86,5.86,5.86,5.86,447.0
2019-03-15 15:26:00,5.87,5.87,5.87,5.87,700.0
2019-03-15 15:27:00,5.87,5.87,5.87,5.87,269.0
2019-03-15 15:28:00,5.865,5.865,5.865,5.865,121.0
2019-03-15 15:33:00,5.865,5.865,5.86,5.86,518.0
2019-03-15 15:36:00,5.87,5.87,5.87,5.87,313.0
2019-03-15 15:37:00,5.86,5.86,5.86,5.86,451.0
2019-03-15 15:39:00,5.865,5.865,5.86,5.86,625.0
2019-03-15 15:41:00,5.86,5.86,5.86,5.86,105.0
2019-03-15 15:43:00,5.865,5.865,5.865,5.865,205.0
2019-03-15 15:45:00,5.9,5.9,5.9,5.9,2131.0
2019-03-15 15:46:00,5.9,5.9,5.9,5.9,1106.0
2019-03-15 15:47:00,5.9,5.9,5.9,5.9,1528.0
2019-03-15 15:48:00,5.9,5.9,5.9,5.9,383.0
2019-03-15 15:49:00,5.89,5.89,5.89,5.89,1084.0
2019-03-15 15:50:00,5.89,5.89,5.89,5.89,1531.0
2019-03-15 15:52:00,5.9,5.9,5.9,5.9,476.0
2019-03-15 15:53:00,5.9,5.9,5.9,5.9,701.0
2019-03-15 15:55:00,5.9,5.9,5.9,5.9,1000.0
2019-03-15 15:56:00,5.89,5.89,5.89,5.89,2172.0
2019-03-15 15:57:00,5.9,5.9,5.9,5.9,1862.0
2019-03-15 15:58:00,5.9,5.9,5.9,5.9,2668.0
2019-03-15 16:00:00,5.9,5.9,5.9,5.9,8073.0
2019-03-18 09:31:00,5.89,5.89,5.89,5.89,12284.0
2019-03-18 10:28:00,5.91,5.91,5.91,5.91,310.0
2019-03-18 10:29:00,5.89,5.89,5.89,5.89,3316.0
2019-03-18 10:31:00,5.85,5.85,5.85,5.85,400.0
2019-03-18 10:38:00,5.8401,5.8401,5.8401,5.8401,3537.0
2019-03-18 10:39:00,5.77,5.77,5.77,5.77,3500.0
2019-03-18 10:41:00,5.77,5.77,5.77,5.77,300.0
2019-03-18 10:43:00,5.77,5.85,5.77,5.85,2106.0
2019-03-18 10:54:00,5.82,5.82,5.82,5.82,110.0
2019-03-18 11:01:00,5.85,5.86,5.85,5.86,200.0
2019-03-18 11:08:00,5.86,5.86,5.86,5.86,102.0
2019-03-18 11:20:00,5.845,5.845,5.845,5.845,300.0
2019-03-18 11:22:00,5.83,5.84,5.83,5.84,1264.0
2019-03-18 11:24:00,5.79,5.79,5.79,5.79,584.0
2019-03-18 11:26:00,5.74,5.74,5.74,5.74,300.0
2019-03-18 11:28:00,5.75,5.75,5.75,5.75,100.0
2019-03-18 11:35:00,5.78,5.78,5.78,5.78,129.0
2019-03-18 11:56:00,5.79,5.79,5.79,5.79,146.0
2019-03-18 12:02:00,5.76,5.76,5.76,5.76,303.0
2019-03-18 12:23:00,5.775,5.775,5.775,5.775,198.0
2019-03-18 12:38:00,5.76,5.76,5.76,5.76,751.0
2019-03-18 12:54:00,5.78,5.78,5.78,5.78,638.0
2019-03-18 12:58:00,5.77,5.77,5.77,5.77,200.0
2019-03-18 13:01:00,5.79,5.79,5.79,5.79,584.0
2019-03-18 13:03:00,5.78,5.78,5.78,5.78,416.0
2019-03-18 13:07:00,5.785,5.785,5.785,5.785,200.0
2019-03-18 13:09:00,5.77,5.77,5.77,5.77,1177.0
2019-03-18 13:16:00,5.76,5.76,5.76,5.76,200.0
2019-03-18 13:18:00,5.77,5.77,5.77,5.77,220.0
2019-03-18 13:27:00,5.76,5.76,5.76,5.76,180.0
2019-03-18 13:28:00,5.76,5.76,5.76,5.76,100.0
2019-03-18 13:29:00,5.76,5.76,5.76,5.76,200.0
2019-03-18 13:31:00,5.72,5.72,5.72,5.72,800.0
2019-03-18 13:32:00,5.72,5.72,5.72,5.72,100.0
2019-03-18 13:33:00,5.7,5.7,5.7,5.7,334.0
2019-03-18 13:34:00,5.67,5.67,5.67,5.67,120.0
2019-03-18 13:37:00,5.67,5.67,5.67,5.67,200.0
2019-03-18 13:38:00,5.7,5.7,5.7,5.7,300.0
2019-03-18 13:40:00,5.68,5.68,5.68,5.68,400.0
2019-03-18 13:41:00,5.68,5.68,5.68,5.68,100.0
2019-03-18 13:43:00,5.68,5.68,5.68,5.68,100.0
2019-03-18 13:44:00,5.68,5.695,5.68,5.695,255.0
2019-03-18 13:46:00,5.72,5.72,5.72,5.72,820.0
2019-03-18 13:48:00,5.76,5.76,5.76,5.76,220.0
2019-03-18 13:53:00,5.76,5.76,5.76,5.76,100.0
2019-03-18 13:58:00,5.76,5.76,5.76,5.76,200.0
2019-03-18 14:07:00,5.75,5.75,5.75,5.75,100.0
2019-03-18 14:09:00,5.75,5.75,5.75,5.75,200.0
2019-03-18 14:10:00,5.75,5.75,5.74,5.74,700.0
2019-03-18 14:11:00,5.72,5.72,5.72,5.72,900.0
2019-03-18 14:15:00,5.72,5.72,5.72,5.72,100.0
2019-03-18 14:17:00,5.75,5.75,5.75,5.75,200.0
2019-03-18 14:21:00,5.73,5.73,5.73,5.73,100.0
2019-03-18 14:23:00,5.73,5.73,5.73,5.73,100.0
2019-03-18 14:26:00,5.76,5.76,5.76,5.76,124.0
2019-03-18 14:28:00,5.75,5.75,5.75,5.75,247.0
2019-03-18 14:48:00,5.79,5.79,5.755,5.755,200.0
2019-03-18 14:52:00,5.75,5.75,5.75,5.75,183.0
2019-03-18 14:58:00,5.765,5.765,5.765,5.765,400.0
2019-03-18 15:01:00,5.75,5.75,5.75,5.75,200.0
2019-03-18 15:02:00,5.75,5.75,5.75,5.75,100.0
2019-03-18 15:03:00,5.75,5.75,5.75,5.75,300.0
2019-03-18 15:07:00,5.74,5.74,5.74,5.74,700.0
2019-03-18 15:12:00,5.75,5.75,5.75,5.75,100.0
2019-03-18 15:13:00,5.72,5.72,5.72,5.72,700.0
2019-03-18 15:15:00,5.72,5.75,5.72,5.75,200.0
2019-03-18 15:16:00,5.75,5.75,5.75,5.75,300.0
2019-03-18 15:22:00,5.72,5.72,5.72,5.72,200.0
2019-03-18 15:25:00,5.71,5.71,5.71,5.71,306.0
2019-03-18 15:26:00,5.71,5.71,5.71,5.71,100.0
2019-03-18 15:28:00,5.7,5.7,5.7,5.7,200.0
2019-03-18 15:30:00,5.68,5.68,5.68,5.68,111.0
2019-03-18 15:31:00,5.68,5.68,5.68,5.68,1061.0
2019-03-18 15:38:00,5.68,5.68,5.68,5.68,140.0
2019-03-18 15:46:00,5.7,5.7,5.7,5.7,200.0
2019-03-18 15:49:00,5.7,5.7,5.7,5.7,1486.0
2019-03-18 15:50:00,5.69,5.69,5.69,5.69,800.0
2019-03-18 15:52:00,5.69,5.69,5.69,5.69,4300.0
2019-03-18 15:53:00,5.69,5.69,5.69,5.69,300.0
2019-03-18 15:54:00,5.68,5.68,5.66,5.66,1700.0
2019-03-18 15:57:00,5.65,5.65,5.65,5.65,1000.0
2019-03-18 15:58:00,5.68,5.68,5.68,5.68,1225.0
2019-03-18 16:00:00,5.67,5.67,5.67,5.67,1247.0
2019-03-19 09:31:00,5.69,5.69,5.69,5.69,300.0
2019-03-19 09:39:00,5.63,5.63,5.63,5.63,108.0
2019-03-19 09:43:00,5.7,5.7,5.7,5.7,112.0
2019-03-19 09:46:00,5.67,5.67,5.67,5.67,104.0
2019-03-19 09:52:00,5.65,5.65,5.65,5.65,102.0
2019-03-19 09:56:00,5.7,5.7,5.7,5.7,110.0
2019-03-19 09:57:00,5.63,5.63,5.63,5.63,300.0
2019-03-19 10:08:00,5.63,5.63,5.63,5.63,100.0
2019-03-19 10:13:00,5.64,5.64,5.64,5.64,119.0
2019-03-19 10:15:00,5.64,5.64,5.64,5.64,335.0
2019-03-19 10:17:00,5.644,5.65,5.644,5.65,1222.0
2019-03-19 10:18:00,5.65,5.65,5.65,5.65,100.0
2019-03-19 10:19:00,5.62,5.65,5.62,5.62,300.0
2019-03-19 10:22:00,5.65,5.65,5.65,5.65,220.0
2019-03-19 10:25:00,5.65,5.65,5.65,5.65,100.0
2019-03-19 10:30:00,5.61,5.64,5.61,5.64,200.0
2019-03-19 10:33:00,5.6104,5.66,5.61,5.66,1830.0
2019-03-19 10:42:00,5.63,5.63,5.63,5.63,100.0
2019-03-19 10:45:00,5.66,5.66,5.66,5.66,149.0
2019-03-19 10:48:00,5.63,5.63,5.63,5.63,220.0
2019-03-19 10:58:00,5.66,5.66,5.66,5.66,100.0
2019-03-19 11:00:00,5.63,5.63,5.63,5.63,100.0
2019-03-19 11:04:00,5.66,5.66,5.66,5.66,100.0
2019-03-19 11:05:00,5.66,5.66,5.66,5.66,100.0
2019-03-19 11:06:00,5.66,5.66,5.64,5.64,200.0
2019-03-19 11:10:00,5.66,5.66,5.66,5.66,198.0
2019-03-19 11:13:00,5.66,5.66,5.66,5.66,430.0
2019-03-19 11:17:00,5.66,5.66,5.66,5.66,382.0
2019-03-19 11:20:00,5.66,5.66,5.66,5.66,717.0
2019-03-19 11:25:00,5.64,5.64,5.63,5.63,220.0
2019-03-19 11:30:00,5.6385,5.65,5.63,5.63,2195.0
2019-03-19 11:32:00,5.63,5.63,5.63,5.63,253.0
2019-03-19 11:36:00,5.65,5.65,5.64,5.64,410.0
2019-03-19 11:37:00,5.66,5.66,5.64,5.64,319.0
2019-03-19 11:40:00,5.67,5.67,5.67,5.67,510.0
2019-03-19 11:41:00,5.69,5.69,5.69,5.69,100.0
2019-03-19 11:44:00,5.71,5.71,5.71,5.71,220.0
2019-03-19 11:48:00,5.71,5.71,5.71,5.71,200.0
2019-03-19 11:52:00,5.7,5.7,5.7,5.7,400.0
2019-03-19 11:58:00,5.7,5.7,5.69,5.69,475.0
2019-03-19 12:03:00,5.69,5.69,5.69,5.69,634.0
2019-03-19 12:10:00,5.69,5.69,5.69,5.69,100.0
2019-03-19 12:13:00,5.69,5.69,5.69,5.69,100.0
2019-03-19 12:15:00,5.67,5.69,5.67,5.69,220.0
2019-03-19 12:19:00,5.69,5.7,5.69,5.7,700.0
2019-03-19 12:20:00,5.7,5.71,5.7,5.71,411.0
2019-03-19 12:26:00,5.73,5.74,5.73,5.74,310.0
2019-03-19 12:30:00,5.76,5.76,5.76,5.76,200.0
2019-03-19 12:32:00,5.76,5.76,5.76,5.76,120.0
2019-03-19 12:44:00,5.76,5.76,5.76,5.76,100.0
2019-03-19 12:47:00,5.73,5.73,5.73,5.73,572.0
2019-03-19 12:50:00,5.73,5.73,5.69,5.69,1439.0
2019-03-19 12:51:00,5.7,5.7,5.7,5.7,100.0
2019-03-19 12:53:00,5.7,5.71,5.7,5.71,886.0
2019-03-19 12:55:00,5.69,5.69,5.67,5.67,411.0
2019-03-19 12:56:00,5.67,5.69,5.67,5.69,530.0
2019-03-19 12:57:00,5.69,5.69,5.69,5.69,800.0
2019-03-19 13:00:00,5.71,5.71,5.71,5.71,200.0
2019-03-19 13:04:00,5.71,5.71,5.7,5.7,879.0
2019-03-19 13:05:00,5.69,5.69,5.69,5.69,448.0
2019-03-19 13:06:00,5.7,5.7,5.69,5.69,200.0
2019-03-19 13:07:00,5.7,5.73,5.7,5.73,910.0
2019-03-19 13:08:00,5.72,5.72,5.72,5.72,500.0
2019-03-19 13:09:00,5.71,5.71,5.7,5.7,205.0
2019-03-19 13:10:00,5.69,5.69,5.69,5.69,200.0
2019-03-19 13:12:00,5.69,5.69,5.69,5.69,342.0
2019-03-19 13:21:00,5.69,5.69,5.69,5.69,101.0
2019-03-19 13:29:00,5.68,5.68,5.68,5.68,100.0
2019-03-19 13:36:00,5.69,5.69,5.69,5.69,100.0
2019-03-19 13:37:00,5.68,5.68,5.68,5.68,100.0
2019-03-19 13:38:00,5.69,5.69,5.68,5.68,200.0
2019-03-19 13:45:00,5.68,5.68,5.68,5.68,100.0
2019-03-19 13:53:00,5.68,5.68,5.68,5.68,291.0
2019-03-19 14:01:00,5.68,5.69,5.66,5.67,1561.0
2019-03-19 14:02:00,5.67,5.67,5.67,5.67,300.0
2019-03-19 14:06:00,5.67,5.69,5.67,5.69,957.0
2019-03-19 14:15:00,5.7,5.7,5.7,5.7,300.0
2019-03-19 14:30:00,5.7,5.7,5.7,5.7,200.0
2019-03-19 14:36:00,5.7,5.7,5.7,5.7,320.0
2019-03-19 14:49:00,5.69,5.69,5.69,5.69,100.0
2019-03-19 14:50:00,5.7,5.7,5.7,5.7,364.0
2019-03-19 14:55:00,5.69,5.69,5.69,5.69,299.0
2019-03-19 15:00:00,5.69,5.69,5.69,5.69,1226.0
2019-03-19 15:05:00,5.68,5.69,5.68,5.69,302.0
2019-03-19 15:14:00,5.66,5.68,5.66,5.66,610.0
2019-03-19 15:15:00,5.645,5.645,5.645,5.645,100.0
2019-03-19 15:19:00,5.63,5.63,5.63,5.63,100.0
2019-03-19 15:24:00,5.63,5.63,5.63,5.63,100.0
2019-03-19 15:28:00,5.63,5.63,5.63,5.63,100.0
2019-03-19 15:32:00,5.63,5.63,5.63,5.63,129.0
2019-03-19 15:33:00,5.64,5.64,5.64,5.64,259.0
2019-03-19 15:36:00,5.63,5.63,5.61,5.63,800.0
2019-03-19 15:37:00,5.63,5.63,5.63,5.63,200.0
2019-03-19 15:38:00,5.63,5.63,5.62,5.62,200.0
2019-03-19 15:39:00,5.61,5.61,5.61,5.61,184.0
2019-03-19 15:40:00,5.62,5.62,5.62,5.62,100.0
2019-03-19 15:42:00,5.61,5.61,5.61,5.61,100.0
2019-03-19 15:45:00,5.61,5.61,5.61,5.61,100.0
2019-03-19 15:48:00,5.61,5.61,5.61,5.61,121.0
2019-03-19 15:49:00,5.61,5.63,5.61,5.63,300.0
2019-03-19 15:50:00,5.62,5.62,5.62,5.62,100.0
2019-03-19 15:51:00,5.61,5.63,5.61,5.63,1131.0
2019-03-19 15:52:00,5.63,5.63,5.63,5.63,480.0
2019-03-19 15:53:00,5.63,5.63,5.63,5.63,100.0
2019-03-19 15:54:00,5.63,5.63,5.63,5.63,100.0
2019-03-19 15:56:00,5.61,5.63,5.61,5.62,1290.0
2019-03-19 15:57:00,5.63,5.63,5.61,5.61,505.0
2019-03-19 15:58:00,5.62,5.63,5.61,5.61,439.0
2019-03-19 15:59:00,5.63,5.63,5.61,5.63,920.0
2019-03-19 16:00:00,5.61,5.62,5.6,5.6,8357.0
2019-03-20 09:31:00,5.55,5.55,5.54,5.54,2563.0
2019-03-20 09:35:00,5.59,5.59,5.59,5.59,104.0
2019-03-20 09:43:00,5.595,5.595,5.58,5.58,320.0
2019-03-20 09:45:00,5.56,5.56,5.55,5.55,710.0
2019-03-20 09:46:00,5.55,5.55,5.55,5.55,217.0
2019-03-20 09:47:00,5.54,5.54,5.5,5.52,872.0
2019-03-20 09:49:00,5.51,5.51,5.51,5.51,0.0
2019-03-20 09:50:00,5.5,5.5,5.5,5.5,6949.0
2019-03-20 09:51:00,5.51,5.51,5.48,5.5,400.0
2019-03-20 09:52:00,5.5,5.5,5.47,5.47,700.0
2019-03-20 09:54:00,5.48,5.48,5.48,5.48,100.0
2019-03-20 09:55:00,5.5,5.51,5.49,5.49,1000.0
2019-03-20 09:58:00,5.5,5.5,5.5,5.5,100.0
2019-03-20 10:00:00,5.51,5.52,5.51,5.52,954.0
2019-03-20 10:01:00,5.52,5.52,5.52,5.52,200.0
2019-03-20 10:03:00,5.52,5.52,5.52,5.52,200.0
2019-03-20 10:04:00,5.52,5.52,5.52,5.52,100.0
2019-03-20 10:06:00,5.51,5.51,5.51,5.51,400.0
2019-03-20 10:08:00,5.51,5.51,5.51,5.51,100.0
2019-03-20 10:09:00,5.5,5.51,5.5,5.51,200.0
2019-03-20 10:11:00,5.51,5.51,5.51,5.51,100.0
2019-03-20 10:12:00,5.49,5.49,5.49,5.49,100.0
2019-03-20 10:13:00,5.5,5.5,5.5,5.5,100.0
2019-03-20 10:18:00,5.5,5.5,5.5,5.5,160.0
2019-03-20 10:20:00,5.505,5.52,5.505,5.52,1042.0
2019-03-20 10:27:00,5.52,5.52,5.52,5.52,100.0
2019-03-20 10:30:00,5.515,5.515,5.515,5.515,100.0
2019-03-20 10:31:00,5.52,5.53,5.52,5.52,700.0
2019-03-20 10:32:00,5.55,5.55,5.55,5.55,100.0
2019-03-20 10:38:00,5.55,5.55,5.55,5.55,101.0
2019-03-20 10:39:00,5.53,5.53,5.53,5.53,100.0
2019-03-20 10:45:00,5.53,5.53,5.53,5.53,718.0
2019-03-20 10:48:00,5.53,5.53,5.53,5.53,100.0
2019-03-20 10:51:00,5.51,5.51,5.51,5.51,100.0
2019-03-20 10:53:00,5.525,5.525,5.525,5.525,100.0
2019-03-20 10:54:00,5.51,5.51,5.51,5.51,100.0
2019-03-20 10:58:00,5.51,5.51,5.51,5.51,100.0
2019-03-20 11:00:00,5.51,5.51,5.51,5.51,140.0
2019-03-20 11:03:00,5.525,5.525,5.51,5.51,500.0
2019-03-20 11:05:00,5.525,5.525,5.51,5.51,900.0
2019-03-20 11:06:00,5.51,5.51,5.51,5.51,200.0
2019-03-20 11:07:00,5.51,5.51,5.51,5.51,200.0
2019-03-20 11:12:00,5.51,5.525,5.51,5.525,297.0
2019-03-20 11:13:00,5.51,5.51,5.51,5.51,100.0
2019-03-20 11:15:00,5.525,5.525,5.525,5.525,100.0
2019-03-20 11:19:00,5.51,5.51,5.51,5.51,100.0
2019-03-20 11:21:00,5.53,5.53,5.51,5.53,500.0
2019-03-20 11:25:00,5.54,5.54,5.54,5.54,200.0
2019-03-20 11:26:00,5.53,5.53,5.52,5.52,301.0
2019-03-20 11:30:00,5.53,5.53,5.53,5.53,200.0
2019-03-20 11:31:00,5.53,5.53,5.52,5.52,201.0
2019-03-20 11:32:00,5.52,5.52,5.52,5.52,106.0
2019-03-20 11:36:00,5.52,5.53,5.52,5.53,500.0
2019-03-20 11:38:00,5.52,5.52,5.52,5.52,300.0
2019-03-20 11:39:00,5.51,5.51,5.48,5.48,1000.0
2019-03-20 11:41:00,5.48,5.48,5.48,5.48,100.0
2019-03-20 11:45:00,5.495,5.495,5.495,5.495,200.0
2019-03-20 11:46:00,5.495,5.495,5.48,5.48,300.0
2019-03-20 11:50:00,5.51,5.51,5.51,5.51,200.0
2019-03-20 11:53:00,5.48,5.48,5.48,5.48,100.0
2019-03-20 11:55:00,5.495,5.495,5.495,5.495,200.0
2019-03-20 12:00:00,5.495,5.495,5.48,5.495,700.0
2019-03-20 12:04:00,5.51,5.51,5.51,5.51,304.0
2019-03-20 12:08:00,5.52,5.52,5.52,5.52,124.0
2019-03-20 12:11:00,5.51,5.56,5.51,5.56,1000.0
2019-03-20 12:15:00,5.57,5.57,5.57,5.57,244.0
2019-03-20 12:20:00,5.55,5.55,5.55,5.55,700.0
2019-03-20 12:21:00,5.54,5.55,5.53,5.53,1100.0
2019-03-20 12:22:00,5.52,5.52,5.52,5.52,300.0
2019-03-20 12:23:00,5.51,5.51,5.51,5.51,200.0
2019-03-20 12:24:00,5.5,5.52,5.49,5.5,1872.0
2019-03-20 12:29:00,5.52,5.52,5.52,5.52,100.0
2019-03-20 12:33:00,5.5,5.51,5.5,5.5,604.0
2019-03-20 12:40:00,5.51,5.51,5.51,5.51,149.0
2019-03-20 12:41:00,5.51,5.52,5.51,5.52,475.0
2019-03-20 12:42:00,5.53,5.53,5.53,5.53,100.0
2019-03-20 12:51:00,5.54,5.54,5.54,5.54,100.0
2019-03-20 12:57:00,5.54,5.54,5.54,5.54,100.0
2019-03-20 12:59:00,5.54,5.56,5.54,5.56,300.0
2019-03-20 13:02:00,5.56,5.56,5.55,5.55,200.0
2019-03-20 13:03:00,5.56,5.56,5.56,5.56,100.0
2019-03-20 13:10:00,5.56,5.56,5.56,5.56,100.0
2019-03-20 13:11:00,5.56,5.57,5.55,5.57,700.0
2019-03-20 13:12:00,5.575,5.575,5.56,5.57,2224.0
2019-03-20 13:15:00,5.57,5.57,5.57,5.57,100.0
2019-03-20 13:17:00,5.58,5.58,5.55,5.565,400.0
2019-03-20 13:21:00,5.565,5.565,5.565,5.565,200.0
2019-03-20 13:29:00,5.57,5.57,5.56,5.56,300.0
2019-03-20 13:35:00,5.56,5.57,5.56,5.57,200.0
2019-03-20 13:38:00,5.55,5.57,5.55,5.57,700.0
2019-03-20 13:40:00,5.57,5.57,5.57,5.57,316.0
2019-03-20 13:41:00,5.57,5.57,5.57,5.57,217.0
2019-03-20 13:43:00,5.58,5.58,5.58,5.58,567.0
2019-03-20 13:46:00,5.58,5.59,5.58,5.59,400.0
2019-03-20 13:50:00,5.58,5.58,5.58,5.58,200.0
2019-03-20 13:53:00,5.59,5.59,5.59,5.59,400.0
2019-03-20 13:54:00,5.59,5.61,5.59,5.61,300.0
2019-03-20 13:56:00,5.59,5.64,5.59,5.64,700.0
2019-03-20 13:59:00,5.64,5.64,5.64,5.64,400.0
2019-03-20 14:00:00,5.63,5.63,5.59,5.59,1076.0
2019-03-20 14:03:00,5.5896,5.6,5.5896,5.6,525.0
2019-03-20 14:06:00,5.5922,5.62,5.5922,5.61,1813.0
2019-03-20 14:07:00,5.64,5.64,5.64,5.64,200.0
2019-03-20 14:11:00,5.63,5.63,5.63,5.63,172.0
2019-03-20 14:12:00,5.65,5.65,5.65,5.65,400.0
2019-03-20 14:13:00,5.64,5.64,5.64,5.64,100.0
2019-03-20 14:15:00,5.65,5.65,5.65,5.65,100.0
2019-03-20 14:16:00,5.65,5.66,5.64,5.66,448.0
2019-03-20 14:17:00,5.67,5.67,5.66,5.67,500.0
2019-03-20 14:18:00,5.65,5.65,5.65,5.65,259.0
2019-03-20 14:19:00,5.65,5.65,5.65,5.65,279.0
2019-03-20 14:21:00,5.65,5.65,5.64,5.64,529.0
2019-03-20 14:22:00,5.64,5.64,5.64,5.64,130.0
2019-03-20 14:23:00,5.64,5.64,5.64,5.64,110.0
2019-03-20 14:24:00,5.64,5.64,5.64,5.64,300.0
2019-03-20 14:29:00,5.64,5.64,5.64,5.64,100.0
2019-03-20 14:33:00,5.65,5.68,5.64,5.68,848.0
2019-03-20 14:35:00,5.68,5.68,5.68,5.68,100.0
2019-03-20 14:40:00,5.685,5.685,5.685,5.685,118.0
2019-03-20 14:45:00,5.7,5.7,5.68,5.69,1100.0
2019-03-20 14:47:00,5.7,5.71,5.695,5.71,1078.0
2019-03-20 14:49:00,5.7,5.71,5.7,5.71,496.0
2019-03-20 14:51:00,5.73,5.73,5.7101,5.7165,1460.0
2019-03-20 14:56:00,5.72,5.72,5.69,5.69,1120.0
2019-03-20 15:01:00,5.7,5.71,5.7,5.71,820.0
2019-03-20 15:02:00,5.73,5.73,5.73,5.73,1418.0
2019-03-20 15:08:00,5.69,5.69,5.69,5.69,1913.0
2019-03-20 15:12:00,5.695,5.695,5.695,5.695,200.0
2019-03-20 15:14:00,5.7,5.72,5.7,5.72,1306.0
2019-03-20 15:15:00,5.72,5.72,5.72,5.72,348.0
2019-03-20 15:20:00,5.72,5.72,5.71,5.71,1704.0
2019-03-20 15:28:00,5.71,5.715,5.71,5.715,843.0
2019-03-20 15:34:00,5.72,5.72,5.72,5.72,400.0
2019-03-20 15:35:00,5.715,5.715,5.715,5.715,330.0
2019-03-20 15:36:00,5.72,5.73,5.72,5.725,530.0
2019-03-20 15:37:00,5.73,5.73,5.73,5.73,116.0
2019-03-20 15:38:00,5.73,5.73,5.73,5.73,128.0
2019-03-20 15:41:00,5.74,5.74,5.73,5.73,1304.0
2019-03-20 15:45:00,5.73,5.73,5.72,5.72,300.0
2019-03-20 15:46:00,5.72,5.72,5.71,5.71,676.0
2019-03-20 15:48:00,5.71,5.72,5.71,5.715,890.0
2019-03-20 15:49:00,5.71,5.71,5.71,5.71,100.0
2019-03-20 15:51:00,5.71,5.71,5.71,5.71,170.0
2019-03-20 15:53:00,5.71,5.72,5.7,5.71,1431.0
2019-03-20 15:54:00,5.7,5.7,5.7,5.7,307.0
2019-03-20 15:55:00,5.7,5.7,5.7,5.7,100.0
2019-03-20 15:56:00,5.7,5.71,5.7,5.71,260.0
2019-03-20 15:57:00,5.71,5.71,5.7,5.7,1287.0
2019-03-20 15:58:00,5.71,5.71,5.71,5.71,416.0
2019-03-20 15:59:00,5.7,5.73,5.7,5.72,3617.0
2019-03-20 16:00:00,5.73,5.73,5.72,5.72,3414.0
2019-03-21 09:31:00,5.66,5.66,5.66,5.66,1840.0
2019-03-21 09:52:00,5.695,5.695,5.695,5.695,122.0
2019-03-21 09:56:00,5.641,5.641,5.641,5.641,253.0
2019-03-21 10:04:00,5.71,5.71,5.71,5.71,430.0
2019-03-21 10:09:00,5.75,5.75,5.75,5.75,400.0
2019-03-21 10:12:00,5.74,5.74,5.74,5.74,200.0
2019-03-21 10:13:00,5.75,5.75,5.75,5.75,320.0
2019-03-21 10:24:00,5.76,5.76,5.76,5.76,100.0
2019-03-21 10:27:00,5.78,5.78,5.78,5.78,555.0
2019-03-21 10:28:00,5.77,5.77,5.77,5.77,960.0
2019-03-21 10:32:00,5.77,5.77,5.77,5.77,830.0
2019-03-21 10:34:00,5.76,5.76,5.76,5.76,930.0
2019-03-21 10:38:00,5.73,5.73,5.73,5.73,100.0
2019-03-21 10:53:00,5.74,5.74,5.74,5.74,100.0
2019-03-21 11:01:00,5.74,5.74,5.74,5.74,1164.0
2019-03-21 11:02:00,5.77,5.77,5.77,5.77,1884.0
2019-03-21 11:06:00,5.83,5.83,5.83,5.83,3329.0
2019-03-21 11:11:00,5.85,5.85,5.85,5.85,100.0
2019-03-21 11:13:00,5.8301,5.8301,5.8301,5.8301,152.0
2019-03-21 11:16:00,5.87,5.87,5.87,5.87,100.0
2019-03-21 11:26:00,5.87,5.87,5.84,5.84,400.0
2019-03-21 11:27:00,5.87,5.87,5.87,5.87,700.0
2019-03-21 11:30:00,5.86,5.87,5.84,5.84,1037.0
2019-03-21 11:33:00,5.825,5.825,5.825,5.825,1237.0
2019-03-21 11:34:00,5.85,5.85,5.85,5.85,499.0
2019-03-21 11:42:00,5.87,5.87,5.87,5.87,100.0
2019-03-21 11:46:00,5.87,5.87,5.86,5.86,500.0
2019-03-21 11:48:00,5.89,5.89,5.89,5.89,740.0
2019-03-21 11:53:00,5.89,5.89,5.89,5.89,200.0
2019-03-21 11:54:00,5.89,5.89,5.89,5.89,300.0
2019-03-21 11:57:00,5.91,5.91,5.91,5.91,3868.0
2019-03-21 12:00:00,5.895,5.895,5.895,5.895,100.0
2019-03-21 12:03:00,5.9,5.9,5.9,5.9,100.0
2019-03-21 12:06:00,5.87,5.87,5.87,5.87,2911.0
2019-03-21 12:12:00,5.85,5.85,5.85,5.85,100.0
2019-03-21 12:13:00,5.84,5.84,5.84,5.84,600.0
2019-03-21 12:22:00,5.8,5.8,5.8,5.8,240.0
2019-03-21 12:25:00,5.775,5.775,5.775,5.775,300.0
2019-03-21 12:28:00,5.76,5.76,5.76,5.76,100.0
2019-03-21 12:42:00,5.78,5.78,5.78,5.78,882.0
2019-03-21 12:48:00,5.8,5.8,5.8,5.8,325.0
2019-03-21 12:58:00,5.8,5.8,5.8,5.8,665.0
2019-03-21 13:00:00,5.81,5.81,5.81,5.81,211.0
2019-03-21 13:07:00,5.84,5.84,5.84,5.84,200.0
2019-03-21 13:14:00,5.84,5.84,5.84,5.84,190.0
2019-03-21 13:27:00,5.84,5.84,5.84,5.84,200.0
2019-03-21 13:29:00,5.825,5.825,5.825,5.825,1387.0
2019-03-21 13:30:00,5.825,5.825,5.825,5.825,354.0
2019-03-21 13:34:00,5.82,5.82,5.82,5.82,200.0
2019-03-21 13:37:00,5.8,5.8,5.8,5.8,3815.0
2019-03-21 13:39:00,5.76,5.76,5.76,5.76,784.0
2019-03-21 13:42:00,5.76,5.76,5.76,5.76,297.0
2019-03-21 13:44:00,5.72,5.72,5.72,5.72,373.0
2019-03-21 13:59:00,5.72,5.72,5.72,5.72,1116.0
2019-03-21 14:03:00,5.72,5.72,5.72,5.72,200.0
2019-03-21 14:04:00,5.72,5.72,5.72,5.72,868.0
2019-03-21 14:06:00,5.75,5.75,5.75,5.75,272.0
2019-03-21 14:16:00,5.72,5.72,5.72,5.72,898.0
2019-03-21 14:18:00,5.735,5.735,5.735,5.735,400.0
2019-03-21 14:19:00,5.75,5.75,5.75,5.75,940.0
2019-03-21 14:21:00,5.7797,5.7797,5.7797,5.7797,1238.0
2019-03-21 14:22:00,5.805,5.805,5.79,5.79,1090.0
2019-03-21 14:26:00,5.8,5.8,5.8,5.8,300.0
2019-03-21 14:29:00,5.81,5.81,5.8,5.8,599.0
2019-03-21 14:31:00,5.79,5.79,5.79,5.79,381.0
2019-03-21 14:34:00,5.79,5.79,5.79,5.79,710.0
2019-03-21 14:40:00,5.7869,5.7869,5.7869,5.7869,2040.0
2019-03-21 14:50:00,5.76,5.76,5.76,5.76,300.0
2019-03-21 14:54:00,5.76,5.76,5.76,5.76,100.0
2019-03-21 14:55:00,5.73,5.73,5.73,5.73,1557.0
2019-03-21 14:56:00,5.745,5.745,5.745,5.745,400.0
2019-03-21 14:59:00,5.73,5.73,5.71,5.71,661.0
2019-03-21 15:06:00,5.7,5.7,5.7,5.7,130.0
2019-03-21 15:13:00,5.68,5.68,5.68,5.68,200.0
2019-03-21 15:24:00,5.695,5.695,5.695,5.695,200.0
2019-03-21 15:25:00,5.69,5.69,5.69,5.69,506.0
2019-03-21 15:27:00,5.68,5.68,5.67,5.67,5703.0
2019-03-21 15:31:00,5.65,5.65,5.65,5.65,414.0
2019-03-21 15:32:00,5.68,5.68,5.68,5.68,100.0
2019-03-21 15:34:00,5.69,5.69,5.69,5.69,879.0
2019-03-21 15:35:00,5.68,5.68,5.68,5.68,1115.0
2019-03-21 15:41:00,5.68,5.68,5.68,5.68,1255.0
2019-03-21 15:43:00,5.7,5.7,5.7,5.7,873.0
2019-03-21 15:45:00,5.69,5.69,5.69,5.69,638.0
2019-03-21 15:46:00,5.69,5.69,5.69,5.69,1337.0
2019-03-21 15:47:00,5.68,5.68,5.68,5.68,1669.0
2019-03-21 15:50:00,5.69,5.69,5.69,5.69,100.0
2019-03-21 15:52:00,5.68,5.68,5.68,5.68,100.0
2019-03-21 15:53:00,5.675,5.675,5.675,5.675,1097.0
2019-03-21 15:55:00,5.67,5.67,5.67,5.67,400.0
2019-03-21 15:57:00,5.69,5.69,5.69,5.69,900.0
2019-03-21 15:58:00,5.72,5.72,5.71,5.71,2633.0
2019-03-21 16:00:00,5.72,5.72,5.72,5.72,2979.0
2019-03-22 09:31:00,5.63,5.63,5.63,5.63,2051.0
2019-03-22 09:37:00,5.63,5.63,5.63,5.63,100.0
2019-03-22 09:39:00,5.62,5.62,5.62,5.62,200.0
2019-03-22 09:40:00,5.63,5.65,5.61,5.65,15944.0
2019-03-22 09:43:00,5.65,5.65,5.65,5.65,220.0
2019-03-22 09:51:00,5.6,5.6,5.6,5.6,306.0
2019-03-22 09:53:00,5.59,5.59,5.59,5.59,417.0
2019-03-22 09:54:00,5.58,5.58,5.58,5.58,2225.0
2019-03-22 09:56:00,5.61,5.61,5.59,5.6,824.0
2019-03-22 09:58:00,5.59,5.59,5.59,5.59,1324.0
2019-03-22 09:59:00,5.61,5.61,5.61,5.61,2298.0
2019-03-22 10:03:00,5.63,5.63,5.63,5.63,200.0
2019-03-22 10:07:00,5.58,5.58,5.57,5.57,220.0
2019-03-22 10:11:00,5.555,5.555,5.555,5.555,425.0
2019-03-22 10:14:00,5.54,5.54,5.54,5.54,100.0
2019-03-22 10:19:00,5.54,5.54,5.54,5.54,200.0
2019-03-22 10:21:00,5.54,5.54,5.54,5.54,1200.0
2019-03-22 10:22:00,5.55,5.55,5.55,5.55,954.0
2019-03-22 10:23:00,5.58,5.58,5.58,5.58,209.0
2019-03-22 10:24:00,5.6,5.6,5.6,5.6,502.0
2019-03-22 10:25:00,5.595,5.62,5.59,5.59,1200.0
2019-03-22 10:26:00,5.61,5.61,5.61,5.61,1400.0
2019-03-22 10:27:00,5.59,5.59,5.57,5.57,1600.0
2019-03-22 10:35:00,5.57,5.57,5.57,5.57,100.0
2019-03-22 10:37:00,5.585,5.585,5.585,5.585,305.0
2019-03-22 10:46:00,5.59,5.59,5.59,5.59,110.0
2019-03-22 10:47:00,5.57,5.57,5.57,5.57,358.0
2019-03-22 10:48:00,5.555,5.555,5.555,5.555,458.0
2019-03-22 10:50:00,5.54,5.54,5.52,5.52,961.0
2019-03-22 10:52:00,5.5,5.5,5.5,5.5,1060.0
2019-03-22 10:55:00,5.52,5.52,5.52,5.52,1800.0
2019-03-22 10:56:00,5.52,5.54,5.52,5.54,596.0
2019-03-22 10:59:00,5.54,5.54,5.51,5.51,996.0
2019-03-22 11:05:00,5.53,5.53,5.53,5.53,100.0
2019-03-22 11:06:00,5.52,5.52,5.5,5.5,2176.0
2019-03-22 11:07:00,5.51,5.51,5.51,5.51,1848.0
2019-03-22 11:08:00,5.52,5.52,5.52,5.52,940.0
2019-03-22 11:09:00,5.55,5.55,5.55,5.55,700.0
2019-03-22 11:14:00,5.56,5.57,5.56,5.57,300.0
2019-03-22 11:17:00,5.58,5.59,5.58,5.59,609.0
2019-03-22 11:22:00,5.54,5.54,5.54,5.54,824.0
2019-03-22 11:26:00,5.52,5.52,5.52,5.52,100.0
2019-03-22 11:29:00,5.5,5.5,5.5,5.5,425.0
2019-03-22 11:30:00,5.505,5.505,5.505,5.505,1000.0
2019-03-22 11:31:00,5.5,5.5,5.5,5.5,300.0
2019-03-22 11:33:00,5.5,5.5,5.5,5.5,3200.0
2019-03-22 11:34:00,5.5,5.5,5.5,5.5,2502.0
2019-03-22 11:43:00,5.47,5.47,5.47,5.47,110.0
2019-03-22 11:44:00,5.49,5.49,5.49,5.49,400.0
2019-03-22 11:46:00,5.47,5.47,5.47,5.47,100.0
2019-03-22 11:49:00,5.47,5.47,5.47,5.47,200.0
2019-03-22 11:50:00,5.47,5.47,5.465,5.465,900.0
2019-03-22 11:53:00,5.45,5.45,5.45,5.45,1000.0
2019-03-22 11:55:00,5.45,5.45,5.45,5.45,312.0
2019-03-22 11:58:00,5.45,5.45,5.45,5.45,200.0
2019-03-22 11:59:00,5.45,5.45,5.45,5.45,348.0
2019-03-22 12:02:00,5.46,5.51,5.46,5.51,1304.0
2019-03-22 12:05:00,5.53,5.54,5.52,5.52,1927.0
2019-03-22 12:11:00,5.51,5.51,5.51,5.51,275.0
2019-03-22 12:13:00,5.49,5.49,5.49,5.49,263.0
2019-03-22 12:18:00,5.485,5.485,5.485,5.485,200.0
2019-03-22 12:24:00,5.47,5.47,5.47,5.47,100.0
2019-03-22 12:26:00,5.49,5.49,5.49,5.49,200.0
2019-03-22 12:28:00,5.47,5.47,5.47,5.47,400.0
2019-03-22 12:32:00,5.44,5.44,5.44,5.44,305.0
2019-03-22 12:33:00,5.44,5.45,5.44,5.45,1628.0
2019-03-22 12:34:00,5.48,5.48,5.48,5.48,100.0
2019-03-22 12:36:00,5.49,5.49,5.49,5.49,1900.0
2019-03-22 12:37:00,5.5,5.5,5.5,5.5,100.0
2019-03-22 12:40:00,5.5,5.5,5.5,5.5,200.0
2019-03-22 12:41:00,5.52,5.52,5.5,5.5,811.0
2019-03-22 12:45:00,5.49,5.49,5.49,5.49,911.0
2019-03-22 12:46:00,5.48,5.48,5.48,5.48,299.0
2019-03-22 12:53:00,5.49,5.51,5.49,5.51,748.0
2019-03-22 12:54:00,5.515,5.515,5.515,5.515,1148.0
2019-03-22 12:57:00,5.53,5.53,5.53,5.53,300.0
2019-03-22 12:59:00,5.525,5.54,5.525,5.54,300.0
2019-03-22 13:11:00,5.525,5.525,5.525,5.525,100.0
2019-03-22 13:13:00,5.531,5.531,5.531,5.531,1100.0
2019-03-22 13:14:00,5.51,5.51,5.51,5.51,650.0
2019-03-22 13:15:00,5.53,5.53,5.525,5.525,250.0
2019-03-22 13:16:00,5.54,5.54,5.54,5.54,400.0
2019-03-22 13:26:00,5.51,5.51,5.51,5.51,100.0
2019-03-22 13:27:00,5.54,5.54,5.54,5.54,100.0
2019-03-22 13:29:00,5.54,5.54,5.54,5.54,300.0
2019-03-22 13:36:00,5.52,5.52,5.52,5.52,200.0
2019-03-22 13:39:00,5.52,5.52,5.52,5.52,100.0
2019-03-22 13:41:00,5.52,5.52,5.52,5.52,400.0
2019-03-22 13:45:00,5.53,5.53,5.53,5.53,100.0
2019-03-22 13:46:00,5.52,5.52,5.52,5.52,510.0
2019-03-22 13:51:00,5.48,5.48,5.48,5.48,200.0
2019-03-22 13:52:00,5.48,5.49,5.48,5.49,801.0
2019-03-22 13:53:00,5.49,5.49,5.49,5.49,7102.0
2019-03-22 13:54:00,5.49,5.49,5.49,5.49,407.0
2019-03-22 13:55:00,5.49,5.49,5.49,5.49,1007.0
2019-03-22 13:56:00,5.49,5.49,5.49,5.49,600.0
2019-03-22 13:57:00,5.47,5.47,5.47,5.47,200.0
2019-03-22 13:58:00,5.47,5.47,5.43,5.43,539.0
2019-03-22 13:59:00,5.45,5.45,5.45,5.45,839.0
2019-03-22 14:05:00,5.45,5.45,5.45,5.45,200.0
2019-03-22 14:07:00,5.455,5.455,5.455,5.455,300.0
2019-03-22 14:08:00,5.455,5.455,5.455,5.455,299.0
2019-03-22 14:09:00,5.47,5.47,5.47,5.47,552.0
2019-03-22 14:11:00,5.45,5.45,5.45,5.45,200.0
2019-03-22 14:16:00,5.47,5.47,5.47,5.47,800.0
2019-03-22 14:19:00,5.48,5.48,5.48,5.48,924.0
2019-03-22 14:20:00,5.51,5.51,5.51,5.51,1009.0
2019-03-22 14:21:00,5.51,5.51,5.51,5.51,231.0
2019-03-22 14:33:00,5.49,5.49,5.49,5.49,100.0
2019-03-22 14:34:00,5.49,5.49,5.49,5.49,700.0
2019-03-22 14:35:00,5.49,5.49,5.49,5.49,700.0
2019-03-22 14:36:00,5.52,5.52,5.52,5.52,1400.0
2019-03-22 14:41:00,5.52,5.52,5.52,5.52,100.0
2019-03-22 14:47:00,5.49,5.49,5.49,5.49,100.0
2019-03-22 14:52:00,5.49,5.49,5.49,5.49,100.0
2019-03-22 14:53:00,5.52,5.52,5.52,5.52,100.0
2019-03-22 14:56:00,5.505,5.505,5.505,5.505,310.0
2019-03-22 15:01:00,5.49,5.505,5.49,5.505,300.0
2019-03-22 15:04:00,5.52,5.52,5.52,5.52,100.0
2019-03-22 15:05:00,5.49,5.49,5.49,5.49,100.0
2019-03-22 15:07:00,5.49,5.49,5.49,5.49,254.0
2019-03-22 15:08:00,5.51,5.51,5.51,5.51,100.0
2019-03-22 15:09:00,5.49,5.49,5.49,5.49,100.0
2019-03-22 15:10:00,5.49,5.5,5.49,5.5,1605.0
2019-03-22 15:15:00,5.51,5.51,5.51,5.51,800.0
2019-03-22 15:16:00,5.49,5.49,5.49,5.49,1108.0
2019-03-22 15:18:00,5.49,5.49,5.49,5.49,2713.0
2019-03-22 15:19:00,5.48,5.48,5.48,5.48,787.0
2019-03-22 15:20:00,5.5,5.5,5.5,5.5,487.0
2019-03-22 15:30:00,5.49,5.49,5.49,5.49,100.0
2019-03-22 15:31:00,5.49,5.5,5.49,5.5,800.0
2019-03-22 15:32:00,5.49,5.51,5.49,5.51,2500.0
2019-03-22 15:35:00,5.495,5.495,5.495,5.495,300.0
2019-03-22 15:37:00,5.49,5.49,5.49,5.49,1400.0
2019-03-22 15:38:00,5.5,5.5,5.5,5.5,700.0
2019-03-22 15:39:00,5.5,5.5,5.5,5.5,600.0
2019-03-22 15:40:00,5.49,5.49,5.49,5.49,1300.0
2019-03-22 15:41:00,5.49,5.49,5.49,5.49,100.0
2019-03-22 15:42:00,5.5,5.5,5.5,5.5,3281.0
2019-03-22 15:43:00,5.5,5.5,5.5,5.5,218.0
2019-03-22 15:47:00,5.5,5.5,5.5,5.5,318.0
2019-03-22 15:48:00,5.49,5.49,5.49,5.49,445.0
2019-03-22 15:49:00,5.48,5.48,5.48,5.48,478.0
2019-03-22 15:50:00,5.48,5.48,5.48,5.48,633.0
2019-03-22 15:51:00,5.47,5.47,5.47,5.47,100.0
2019-03-22 15:52:00,5.47,5.48,5.47,5.48,463.0
2019-03-22 15:54:00,5.49,5.49,5.49,5.49,337.0
2019-03-22 15:55:00,5.47,5.47,5.47,5.47,1200.0
2019-03-22 15:56:00,5.47,5.47,5.46,5.46,1020.0
2019-03-22 15:57:00,5.47,5.47,5.47,5.47,1120.0
2019-03-22 15:58:00,5.46,5.46,5.46,5.46,1900.0
2019-03-22 15:59:00,5.46,5.46,5.46,5.46,1658.0
2019-03-22 16:00:00,5.47,5.47,5.47,5.47,3602.0
2019-03-25 09:35:00,5.5,5.51,5.5,5.51,1756.0
2019-03-25 09:38:00,5.44,5.44,5.44,5.44,111.0
2019-03-25 09:42:00,5.4766,5.4766,5.4766,5.4766,608.0
2019-03-25 09:45:00,5.45,5.45,5.45,5.45,100.0
2019-03-25 09:48:00,5.435,5.435,5.435,5.435,400.0
2019-03-25 09:51:00,5.5,5.5,5.5,5.5,814.0
2019-03-25 09:57:00,5.5,5.5,5.5,5.5,240.0
2019-03-25 10:04:00,5.48,5.48,5.48,5.48,100.0
2019-03-25 10:05:00,5.46,5.46,5.46,5.46,434.0
2019-03-25 10:09:00,5.48,5.5,5.48,5.5,1893.0
2019-03-25 10:15:00,5.46,5.46,5.46,5.46,3400.0
2019-03-25 10:16:00,5.455,5.455,5.455,5.455,200.0
2019-03-25 10:19:00,5.45,5.45,5.45,5.45,300.0
2019-03-25 10:20:00,5.43,5.43,5.43,5.43,1300.0
2019-03-25 10:22:00,5.45,5.45,5.45,5.45,160.0
2019-03-25 10:27:00,5.49,5.49,5.49,5.49,806.0
2019-03-25 10:28:00,5.48,5.48,5.48,5.48,327.0
2019-03-25 10:32:00,5.47,5.47,5.47,5.47,100.0
2019-03-25 10:34:00,5.48,5.48,5.48,5.48,606.0
2019-03-25 10:35:00,5.48,5.48,5.48,5.48,531.0
2019-03-25 10:36:00,5.48,5.48,5.46,5.46,3815.0
2019-03-25 10:38:00,5.465,5.465,5.465,5.465,600.0
2019-03-25 10:45:00,5.45,5.45,5.45,5.45,500.0
2019-03-25 10:46:00,5.43,5.43,5.43,5.43,2527.0
2019-03-25 10:48:00,5.44,5.44,5.44,5.44,200.0
2019-03-25 10:49:00,5.42,5.42,5.42,5.42,500.0
2019-03-25 10:51:00,5.43,5.43,5.43,5.43,2080.0
2019-03-25 10:53:00,5.44,5.44,5.44,5.44,900.0
2019-03-25 10:56:00,5.44,5.44,5.44,5.44,400.0
2019-03-25 10:57:00,5.44,5.44,5.44,5.44,100.0
2019-03-25 11:04:00,5.455,5.455,5.455,5.455,300.0
2019-03-25 11:06:00,5.45,5.45,5.45,5.45,700.0
2019-03-25 11:07:00,5.44,5.44,5.44,5.44,400.0
2019-03-25 11:08:00,5.45,5.45,5.45,5.45,3100.0
2019-03-25 11:09:00,5.45,5.45,5.45,5.45,800.0
2019-03-25 11:11:00,5.42,5.42,5.42,5.42,911.0
2019-03-25 11:15:00,5.44,5.44,5.44,5.44,760.0
2019-03-25 11:16:00,5.43,5.43,5.43,5.43,500.0
2019-03-25 11:18:00,5.44,5.44,5.44,5.44,200.0
2019-03-25 11:20:00,5.42,5.42,5.42,5.42,200.0
2019-03-25 11:21:00,5.43,5.44,5.43,5.44,1213.0
2019-03-25 11:23:00,5.46,5.46,5.46,5.46,504.0
2019-03-25 11:24:00,5.48,5.48,5.48,5.48,800.0
2019-03-25 11:26:00,5.49,5.49,5.49,5.49,1000.0
2019-03-25 11:29:00,5.5,5.5,5.5,5.5,600.0
2019-03-25 11:30:00,5.5,5.5,5.5,5.5,1687.0
2019-03-25 11:33:00,5.51,5.51,5.51,5.51,507.0
2019-03-25 11:36:00,5.48,5.48,5.48,5.48,802.0
2019-03-25 11:41:00,5.49,5.49,5.49,5.49,500.0
2019-03-25 11:43:00,5.48,5.48,5.48,5.48,200.0
2019-03-25 11:44:00,5.49,5.49,5.49,5.49,1300.0
2019-03-25 11:46:00,5.49,5.49,5.49,5.49,300.0
2019-03-25 11:47:00,5.47,5.47,5.46,5.46,1791.0
2019-03-25 11:59:00,5.47,5.47,5.47,5.47,300.0
2019-03-25 12:04:00,5.48,5.48,5.47,5.47,2166.0
2019-03-25 12:06:00,5.5025,5.5025,5.5025,5.5025,963.0
2019-03-25 12:15:00,5.48,5.48,5.48,5.48,100.0
2019-03-25 12:20:00,5.51,5.51,5.51,5.51,100.0
2019-03-25 12:21:00,5.49,5.49,5.49,5.49,300.0
2019-03-25 12:27:00,5.49,5.49,5.49,5.49,100.0
2019-03-25 12:30:00,5.5,5.5,5.5,5.5,200.0
2019-03-25 12:32:00,5.49,5.49,5.49,5.49,100.0
2019-03-25 12:38:00,5.49,5.49,5.48,5.48,1470.0
2019-03-25 12:41:00,5.47,5.47,5.47,5.47,100.0
2019-03-25 12:44:00,5.47,5.47,5.47,5.47,400.0
2019-03-25 12:46:00,5.48,5.48,5.46,5.46,8006.0
2019-03-25 12:51:00,5.5,5.5,5.48,5.48,1195.0
2019-03-25 12:56:00,5.49,5.49,5.49,5.49,100.0
2019-03-25 13:00:00,5.51,5.51,5.51,5.51,400.0
2019-03-25 13:01:00,5.51,5.51,5.51,5.51,500.0
2019-03-25 13:03:00,5.5,5.5,5.5,5.5,500.0
2019-03-25 13:05:00,5.485,5.485,5.485,5.485,100.0
2019-03-25 13:08:00,5.47,5.47,5.47,5.47,100.0
2019-03-25 13:14:00,5.48,5.48,5.48,5.48,885.0
2019-03-25 13:16:00,5.48,5.48,5.48,5.48,233.0
2019-03-25 13:21:00,5.47,5.47,5.47,5.47,100.0
2019-03-25 13:25:00,5.48,5.48,5.48,5.48,200.0
2019-03-25 13:27:00,5.47,5.47,5.47,5.47,300.0
2019-03-25 13:29:00,5.47,5.47,5.47,5.47,100.0
2019-03-25 13:33:00,5.46,5.46,5.46,5.46,100.0
2019-03-25 13:35:00,5.46,5.46,5.46,5.46,100.0
2019-03-25 13:37:00,5.49,5.49,5.49,5.49,100.0
2019-03-25 13:39:00,5.49,5.49,5.49,5.49,1659.0
2019-03-25 13:51:00,5.47,5.47,5.47,5.47,752.0
2019-03-25 13:57:00,5.46,5.46,5.46,5.46,100.0
2019-03-25 14:02:00,5.46,5.46,5.46,5.46,100.0
2019-03-25 14:07:00,5.475,5.475,5.475,5.475,100.0
2019-03-25 14:08:00,5.46,5.46,5.46,5.46,100.0
2019-03-25 14:13:00,5.4693,5.4693,5.4693,5.4693,185.0
2019-03-25 14:17:00,5.49,5.49,5.49,5.49,300.0
2019-03-25 14:19:00,5.46,5.465,5.46,5.465,4800.0
2019-03-25 14:20:00,5.46,5.46,5.46,5.46,2400.0
2019-03-25 14:21:00,5.47,5.47,5.46,5.46,4860.0
2019-03-25 14:22:00,5.48,5.499,5.48,5.499,3000.0
2019-03-25 14:24:00,5.48,5.48,5.48,5.48,2073.0
2019-03-25 14:25:00,5.495,5.495,5.495,5.495,218.0
2019-03-25 14:28:00,5.49,5.49,5.49,5.49,1300.0
2019-03-25 14:29:00,5.4925,5.4925,5.4925,5.4925,1000.0
2019-03-25 14:34:00,5.495,5.495,5.495,5.495,200.0
2019-03-25 14:36:00,5.4925,5.4925,5.4925,5.4925,200.0
2019-03-25 14:38:00,5.4925,5.4925,5.4925,5.4925,100.0
2019-03-25 14:39:00,5.49,5.49,5.49,5.49,718.0
2019-03-25 14:41:00,5.49,5.49,5.49,5.49,1605.0
2019-03-25 14:42:00,5.5,5.5,5.5,5.5,1877.0
2019-03-25 14:43:00,5.49,5.49,5.49,5.49,702.0
2019-03-25 14:50:00,5.4825,5.4825,5.4825,5.4825,202.0
2019-03-25 14:55:00,5.47,5.47,5.47,5.47,100.0
2019-03-25 14:57:00,5.4825,5.4825,5.4825,5.4825,100.0
2019-03-25 15:00:00,5.47,5.47,5.47,5.47,100.0
2019-03-25 15:05:00,5.47,5.47,5.47,5.47,100.0
2019-03-25 15:08:00,5.4825,5.4825,5.4825,5.4825,100.0
2019-03-25 15:10:00,5.47,5.47,5.47,5.47,200.0
2019-03-25 15:13:00,5.4825,5.4825,5.4825,5.4825,500.0
2019-03-25 15:15:00,5.47,5.47,5.47,5.47,100.0
2019-03-25 15:16:00,5.485,5.485,5.485,5.485,110.0
2019-03-25 15:17:00,5.49,5.49,5.48,5.48,2658.0
2019-03-25 15:18:00,5.49,5.49,5.49,5.49,1107.0
2019-03-25 15:22:00,5.48,5.48,5.48,5.48,300.0
2019-03-25 15:23:00,5.48,5.48,5.48,5.48,1901.0
2019-03-25 15:24:00,5.48,5.48,5.48,5.48,2700.0
2019-03-25 15:25:00,5.5,5.5,5.5,5.5,1298.0
2019-03-25 15:26:00,5.53,5.53,5.53,5.53,1100.0
2019-03-25 15:27:00,5.53,5.53,5.53,5.53,200.0
2019-03-25 15:37:00,5.55,5.55,5.55,5.55,100.0
2019-03-25 15:38:00,5.58,5.58,5.58,5.58,805.0
2019-03-25 15:40:00,5.58,5.58,5.58,5.58,300.0
2019-03-25 15:42:00,5.6,5.6,5.6,5.6,600.0
2019-03-25 15:44:00,5.6,5.6,5.6,5.6,100.0
2019-03-25 15:46:00,5.62,5.62,5.62,5.62,200.0
2019-03-25 15:50:00,5.62,5.62,5.62,5.62,357.0
2019-03-25 15:52:00,5.62,5.62,5.62,5.62,100.0
2019-03-25 15:55:00,5.6,5.6,5.6,5.6,500.0
2019-03-25 15:56:00,5.6,5.6,5.6,5.6,500.0
2019-03-25 15:57:00,5.62,5.62,5.62,5.62,1294.0
2019-03-25 15:58:00,5.6,5.6,5.6,5.6,969.0
2019-03-25 15:59:00,5.6,5.6,5.6,5.6,823.0
2019-03-25 16:00:00,5.62,5.62,5.62,5.62,1088.0
2019-03-26 09:35:00,5.63,5.63,5.63,5.63,2603.0
2019-03-26 09:36:00,5.63,5.63,5.63,5.63,400.0
2019-03-26 09:37:00,5.6,5.6,5.6,5.6,500.0
2019-03-26 09:38:00,5.66,5.66,5.66,5.66,3707.0
2019-03-26 09:39:00,5.61,5.61,5.6,5.6,2200.0
2019-03-26 09:42:00,5.62,5.64,5.62,5.64,2993.0
2019-03-26 09:47:00,5.64,5.67,5.64,5.67,2840.0
2019-03-26 09:50:00,5.61,5.61,5.61,5.61,3800.0
2019-03-26 09:52:00,5.56,5.56,5.56,5.56,200.0
2019-03-26 09:53:00,5.55,5.55,5.55,5.55,100.0
2019-03-26 09:56:00,5.53,5.53,5.53,5.53,130.0
2019-03-26 10:00:00,5.531,5.531,5.531,5.531,1770.0
2019-03-26 10:01:00,5.54,5.54,5.54,5.54,329.0
2019-03-26 10:02:00,5.54,5.54,5.54,5.54,816.0
2019-03-26 10:16:00,5.48,5.48,5.48,5.48,210.0
2019-03-26 10:20:00,5.46,5.46,5.46,5.46,1420.0
2019-03-26 10:21:00,5.46,5.46,5.46,5.46,2597.0
2019-03-26 10:22:00,5.475,5.475,5.475,5.475,401.0
2019-03-26 10:23:00,5.48,5.48,5.48,5.48,2760.0
2019-03-26 10:24:00,5.5,5.5,5.5,5.5,1500.0
2019-03-26 10:25:00,5.53,5.53,5.53,5.53,2292.0
2019-03-26 10:28:00,5.54,5.54,5.54,5.54,600.0
2019-03-26 10:29:00,5.54,5.54,5.54,5.54,140.0
2019-03-26 10:33:00,5.54,5.54,5.54,5.54,298.0
2019-03-26 10:34:00,5.524,5.524,5.524,5.524,509.0
2019-03-26 10:37:00,5.5368,5.5368,5.5368,5.5368,476.0
2019-03-26 10:39:00,5.54,5.54,5.54,5.54,1370.0
2019-03-26 10:41:00,5.55,5.55,5.55,5.55,472.0
2019-03-26 10:42:00,5.56,5.56,5.56,5.56,603.0
2019-03-26 10:43:00,5.58,5.58,5.58,5.58,2160.0
2019-03-26 10:44:00,5.58,5.58,5.58,5.58,134.0
2019-03-26 10:51:00,5.6,5.6,5.6,5.6,805.0
2019-03-26 10:55:00,5.61,5.61,5.61,5.61,2832.0
2019-03-26 10:56:00,5.6,5.6,5.6,5.6,300.0
2019-03-26 10:59:00,5.58,5.58,5.58,5.58,501.0
2019-03-26 11:00:00,5.55,5.55,5.55,5.55,1286.0
2019-03-26 11:07:00,5.54,5.54,5.54,5.54,701.0
2019-03-26 11:11:00,5.53,5.53,5.53,5.53,200.0
2019-03-26 11:12:00,5.52,5.52,5.52,5.52,101.0
2019-03-26 11:15:00,5.52,5.52,5.52,5.52,101.0
2019-03-26 11:23:00,5.5332,5.5332,5.52,5.52,1605.0
2019-03-26 11:26:00,5.54,5.54,5.54,5.54,100.0
2019-03-26 11:27:00,5.53,5.53,5.53,5.53,200.0
2019-03-26 11:31:00,5.5344,5.56,5.5344,5.55,6440.0
2019-03-26 11:33:00,5.54,5.54,5.54,5.54,300.0
2019-03-26 11:34:00,5.54,5.54,5.54,5.54,309.0
2019-03-26 11:36:00,5.54,5.54,5.54,5.54,409.0
2019-03-26 11:48:00,5.51,5.51,5.51,5.51,100.0
2019-03-26 11:49:00,5.51,5.51,5.51,5.51,100.0
2019-03-26 11:51:00,5.53,5.53,5.53,5.53,0.0
2019-03-26 11:52:00,5.54,5.54,5.54,5.54,300.0
2019-03-26 11:56:00,5.51,5.51,5.51,5.51,100.0
2019-03-26 12:01:00,5.54,5.54,5.54,5.54,1163.0
2019-03-26 12:11:00,5.53,5.53,5.53,5.53,576.0
2019-03-26 12:16:00,5.52,5.52,5.52,5.52,447.0
2019-03-26 12:19:00,5.52,5.52,5.52,5.52,300.0
2019-03-26 12:20:00,5.52,5.52,5.52,5.52,100.0
2019-03-26 12:22:00,5.52,5.52,5.52,5.52,887.0
2019-03-26 12:24:00,5.51,5.51,5.51,5.51,213.0
2019-03-26 12:27:00,5.53,5.53,5.53,5.53,100.0
2019-03-26 12:29:00,5.51,5.51,5.51,5.51,103.0
2019-03-26 12:31:00,5.49,5.49,5.49,5.49,7111.0
2019-03-26 12:33:00,5.5,5.5,5.5,5.5,673.0
2019-03-26 12:41:00,5.5,5.5,5.5,5.5,100.0
2019-03-26 12:44:00,5.5,5.5,5.5,5.5,800.0
2019-03-26 12:46:00,5.5,5.5,5.5,5.5,200.0
2019-03-26 12:49:00,5.5,5.5,5.5,5.5,106.0
2019-03-26 12:51:00,5.51,5.51,5.51,5.51,200.0
2019-03-26 12:52:00,5.5,5.5,5.5,5.5,686.0
2019-03-26 12:56:00,5.52,5.52,5.52,5.52,710.0
2019-03-26 13:02:00,5.5,5.5,5.5,5.5,2900.0
2019-03-26 13:03:00,5.485,5.5,5.485,5.5,1820.0
2019-03-26 13:08:00,5.52,5.52,5.52,5.52,0.0
2019-03-26 13:16:00,5.505,5.505,5.505,5.505,131.0
2019-03-26 13:20:00,5.49,5.49,5.49,5.49,100.0
2019-03-26 13:22:00,5.5,5.5,5.5,5.5,900.0
2019-03-26 13:25:00,5.49,5.49,5.49,5.49,200.0
2019-03-26 13:26:00,5.505,5.505,5.505,5.505,0.0
2019-03-26 13:34:00,5.52,5.52,5.52,5.52,100.0
2019-03-26 13:35:00,5.5,5.5,5.5,5.5,500.0
2019-03-26 13:37:00,5.5194,5.5194,5.5194,5.5194,300.0
2019-03-26 13:41:00,5.5,5.5,5.5,5.5,100.0
2019-03-26 13:45:00,5.5,5.5,5.5,5.5,100.0
2019-03-26 13:47:00,5.5,5.5,5.5,5.5,100.0
2019-03-26 13:50:00,5.5,5.505,5.5,5.505,200.0
2019-03-26 13:57:00,5.505,5.505,5.505,5.505,100.0
2019-03-26 14:00:00,5.5,5.5,5.5,5.5,100.0
2019-03-26 14:02:00,5.5,5.5,5.49,5.49,2500.0
2019-03-26 14:03:00,5.49,5.49,5.49,5.49,920.0
2019-03-26 14:05:00,5.48,5.48,5.48,5.48,967.0
2019-03-26 14:06:00,5.47,5.48,5.47,5.48,5299.0
2019-03-26 14:08:00,5.48,5.48,5.48,5.48,100.0
2019-03-26 14:10:00,5.48,5.48,5.46,5.46,9200.0
2019-03-26 14:11:00,5.45,5.45,5.44,5.44,1161.0
2019-03-26 14:14:00,5.42,5.42,5.42,5.42,700.0
2019-03-26 14:15:00,5.44,5.44,5.44,5.44,1440.0
2019-03-26 14:19:00,5.45,5.46,5.45,5.46,5113.0
2019-03-26 14:20:00,5.44,5.44,5.44,5.44,2274.0
2019-03-26 14:21:00,5.44,5.44,5.44,5.44,698.0
2019-03-26 14:23:00,5.42,5.42,5.42,5.42,500.0
2019-03-26 14:24:00,5.42,5.42,5.42,5.42,1098.0
2019-03-26 14:25:00,5.42,5.42,5.42,5.42,700.0
2019-03-26 14:26:00,5.4425,5.45,5.4425,5.45,610.0
2019-03-26 14:30:00,5.455,5.455,5.455,5.455,132.0
2019-03-26 14:33:00,5.45,5.45,5.45,5.45,195.0
2019-03-26 14:42:00,5.43,5.43,5.43,5.43,200.0
2019-03-26 14:46:00,5.43,5.43,5.43,5.43,100.0
2019-03-26 14:50:00,5.43,5.43,5.43,5.43,355.0
2019-03-26 14:52:00,5.4,5.41,5.4,5.41,4034.0
2019-03-26 14:58:00,5.43,5.43,5.43,5.43,100.0
2019-03-26 14:59:00,5.43,5.43,5.43,5.43,200.0
2019-03-26 15:00:00,5.43,5.43,5.43,5.43,400.0
2019-03-26 15:03:00,5.43,5.45,5.43,5.45,1172.0
2019-03-26 15:10:00,5.485,5.485,5.485,5.485,300.0
2019-03-26 15:13:00,5.49,5.49,5.49,5.49,418.0
2019-03-26 15:15:00,5.5,5.5,5.5,5.5,396.0
2019-03-26 15:17:00,5.5,5.505,5.5,5.505,872.0
2019-03-26 15:19:00,5.51,5.51,5.51,5.51,301.0
2019-03-26 15:23:00,5.53,5.53,5.53,5.53,740.0
2019-03-26 15:25:00,5.54,5.54,5.52,5.52,2004.0
2019-03-26 15:27:00,5.56,5.56,5.56,5.56,792.0
2019-03-26 15:28:00,5.56,5.56,5.56,5.56,894.0
2019-03-26 15:30:00,5.58,5.58,5.58,5.58,638.0
2019-03-26 15:32:00,5.6,5.6,5.6,5.6,370.0
2019-03-26 15:33:00,5.62,5.62,5.62,5.62,670.0
2019-03-26 15:34:00,5.62,5.62,5.62,5.62,1200.0
2019-03-26 15:35:00,5.61,5.61,5.61,5.61,1200.0
2019-03-26 15:36:00,5.61,5.61,5.61,5.61,1000.0
2019-03-26 15:37:00,5.6,5.6,5.6,5.6,510.0
2019-03-26 15:38:00,5.61,5.61,5.61,5.61,1529.0
2019-03-26 15:40:00,5.61,5.61,5.61,5.61,902.0
2019-03-26 15:42:00,5.62,5.62,5.62,5.62,693.0
2019-03-26 15:43:00,5.64,5.64,5.64,5.64,600.0
2019-03-26 15:44:00,5.62,5.62,5.62,5.62,1331.0
2019-03-26 15:46:00,5.61,5.61,5.61,5.61,437.0
2019-03-26 15:47:00,5.64,5.64,5.64,5.64,767.0
2019-03-26 15:48:00,5.64,5.64,5.64,5.64,772.0
2019-03-26 15:49:00,5.64,5.64,5.64,5.64,600.0
2019-03-26 15:50:00,5.64,5.64,5.64,5.64,416.0
2019-03-26 15:51:00,5.65,5.66,5.65,5.66,2844.0
2019-03-26 15:53:00,5.67,5.67,5.67,5.67,1230.0
2019-03-26 15:54:00,5.68,5.68,5.68,5.68,856.0
2019-03-26 15:55:00,5.69,5.69,5.69,5.69,505.0
2019-03-26 15:56:00,5.69,5.69,5.69,5.69,631.0
2019-03-26 15:57:00,5.685,5.685,5.685,5.685,650.0
2019-03-26 15:58:00,5.69,5.69,5.69,5.69,1441.0
2019-03-26 16:00:00,5.69,5.69,5.69,5.69,1256.0
2019-03-27 09:31:00,5.65,5.65,5.65,5.65,1288.0
2019-03-27 09:37:00,5.67,5.67,5.67,5.67,200.0
2019-03-27 09:38:00,5.67,5.67,5.67,5.67,619.0
2019-03-27 09:39:00,5.7,5.7,5.7,5.7,1186.0
2019-03-27 09:40:00,5.73,5.73,5.73,5.73,209.0
2019-03-27 09:41:00,5.73,5.73,5.73,5.73,183.0
2019-03-27 09:42:00,5.73,5.73,5.73,5.73,358.0
2019-03-27 09:44:00,5.69,5.69,5.69,5.69,333.0
2019-03-27 09:45:00,5.69,5.69,5.65,5.65,3621.0
2019-03-27 09:46:00,5.66,5.66,5.66,5.66,1198.0
2019-03-27 09:47:00,5.67,5.67,5.67,5.67,1660.0
2019-03-27 09:51:00,5.67,5.67,5.67,5.67,321.0
2019-03-27 09:54:00,5.66,5.66,5.66,5.66,114.0
2019-03-27 09:55:00,5.65,5.65,5.65,5.65,428.0
2019-03-27 09:57:00,5.64,5.64,5.64,5.64,231.0
2019-03-27 09:59:00,5.62,5.62,5.62,5.62,100.0
2019-03-27 10:08:00,5.61,5.61,5.61,5.61,100.0
2019-03-27 10:11:00,5.61,5.61,5.61,5.61,100.0
2019-03-27 10:14:00,5.62,5.62,5.62,5.62,600.0
2019-03-27 10:16:00,5.62,5.62,5.62,5.62,4900.0
2019-03-27 10:21:00,5.62,5.62,5.62,5.62,100.0
2019-03-27 10:24:00,5.62,5.62,5.62,5.62,200.0
2019-03-27 10:25:00,5.62,5.64,5.62,5.64,18184.0
2019-03-27 10:28:00,5.62,5.62,5.62,5.62,1084.0
2019-03-27 10:33:00,5.62,5.62,5.62,5.62,100.0
2019-03-27 10:38:00,5.605,5.605,5.605,5.605,100.0
2019-03-27 10:40:00,5.59,5.59,5.59,5.59,100.0
2019-03-27 10:41:00,5.585,5.585,5.585,5.585,1505.0
2019-03-27 10:43:00,5.57,5.57,5.57,5.57,400.0
2019-03-27 10:44:00,5.58,5.58,5.58,5.58,690.0
2019-03-27 10:56:00,5.58,5.58,5.58,5.58,100.0
2019-03-27 10:58:00,5.57,5.59,5.57,5.59,1324.0
2019-03-27 10:59:00,5.595,5.595,5.595,5.595,1635.0
2019-03-27 11:08:00,5.61,5.61,5.61,5.61,100.0
2019-03-27 11:10:00,5.58,5.58,5.58,5.58,1677.0
2019-03-27 11:14:00,5.62,5.62,5.62,5.62,100.0
2019-03-27 11:15:00,5.59,5.59,5.59,5.59,1010.0
2019-03-27 11:16:00,5.58,5.58,5.58,5.58,1095.0
2019-03-27 11:17:00,5.58,5.58,5.57,5.57,1595.0
2019-03-27 11:29:00,5.5624,5.5624,5.5624,5.5624,309.0
2019-03-27 11:33:00,5.575,5.575,5.575,5.575,100.0
2019-03-27 11:35:00,5.56,5.57,5.56,5.57,4068.0
2019-03-27 11:37:00,5.57,5.61,5.57,5.61,2242.0
2019-03-27 11:53:00,5.62,5.62,5.62,5.62,100.0
2019-03-27 11:54:00,5.62,5.62,5.62,5.62,100.0
2019-03-27 11:57:00,5.64,5.64,5.64,5.64,204.0
2019-03-27 12:06:00,5.67,5.67,5.67,5.67,300.0
2019-03-27 12:16:00,5.72,5.72,5.72,5.72,278.0
2019-03-27 12:28:00,5.73,5.73,5.73,5.73,607.0
2019-03-27 12:29:00,5.72,5.72,5.72,5.72,100.0
2019-03-27 12:30:00,5.73,5.73,5.73,5.73,505.0
2019-03-27 12:34:00,5.73,5.73,5.73,5.73,300.0
2019-03-27 12:45:00,5.77,5.77,5.77,5.77,321.0
2019-03-27 12:55:00,5.78,5.78,5.78,5.78,100.0
2019-03-27 13:08:00,5.75,5.75,5.75,5.75,100.0
2019-03-27 13:09:00,5.765,5.765,5.765,5.765,101.0
2019-03-27 13:14:00,5.78,5.78,5.78,5.78,100.0
2019-03-27 13:15:00,5.79,5.79,5.79,5.79,1046.0
2019-03-27 13:19:00,5.76,5.76,5.76,5.76,1005.0
2019-03-27 13:22:00,5.79,5.79,5.79,5.79,2191.0
2019-03-27 13:26:00,5.8,5.82,5.8,5.82,4655.0
2019-03-27 13:31:00,5.83,5.85,5.83,5.85,200.0
2019-03-27 13:32:00,5.87,5.87,5.87,5.87,565.0
2019-03-27 13:39:00,5.84,5.84,5.82,5.82,1225.0
2019-03-27 13:49:00,5.81,5.81,5.81,5.81,101.0
2019-03-27 13:54:00,5.81,5.81,5.81,5.81,230.0
2019-03-27 13:57:00,5.81,5.81,5.81,5.81,539.0
2019-03-27 14:00:00,5.79,5.79,5.79,5.79,1461.0
2019-03-27 14:01:00,5.8,5.8,5.8,5.8,0.0
2019-03-27 14:07:00,5.79,5.79,5.79,5.79,69260.0
2019-03-27 14:08:00,5.8,5.8,5.8,5.8,500.0
2019-03-27 14:11:00,5.81,5.81,5.81,5.81,400.0
2019-03-27 14:28:00,5.84,5.84,5.8399,5.8399,958.0
2019-03-27 14:30:00,5.84,5.84,5.84,5.84,200.0
2019-03-27 14:34:00,5.86,5.86,5.86,5.86,100.0
2019-03-27 14:40:00,5.83,5.83,5.83,5.83,705.0
2019-03-27 14:45:00,5.83,5.83,5.83,5.83,100.0
2019-03-27 14:59:00,5.8,5.8,5.8,5.8,100.0
2019-03-27 15:01:00,5.8,5.83,5.8,5.83,404.0
2019-03-27 15:06:00,5.81,5.81,5.81,5.81,100.0
2019-03-27 15:07:00,5.8,5.8,5.8,5.8,300.0
2019-03-27 15:11:00,5.82,5.84,5.82,5.84,1015.0
2019-03-27 15:15:00,5.8385,5.8385,5.8385,5.8385,823.0
2019-03-27 15:21:00,5.845,5.845,5.845,5.845,100.0
2019-03-27 15:25:00,5.83,5.83,5.83,5.83,404.0
2019-03-27 15:29:00,5.825,5.825,5.825,5.825,121.0
2019-03-27 15:30:00,5.84,5.84,5.84,5.84,300.0
2019-03-27 15:31:00,5.85,5.86,5.85,5.86,1500.0
2019-03-27 15:34:00,5.86,5.86,5.86,5.86,100.0
2019-03-27 15:35:00,5.84,5.84,5.84,5.84,1200.0
2019-03-27 15:37:00,5.83,5.83,5.83,5.83,1625.0
2019-03-27 15:45:00,5.82,5.82,5.82,5.82,100.0
2019-03-27 15:46:00,5.82,5.82,5.82,5.82,1227.0
2019-03-27 15:47:00,5.83,5.83,5.83,5.83,198.0
2019-03-27 15:49:00,5.82,5.82,5.82,5.82,123.0
2019-03-27 15:50:00,5.83,5.83,5.83,5.83,200.0
2019-03-27 15:51:00,5.85,5.85,5.85,5.85,228.0
2019-03-27 15:52:00,5.85,5.85,5.85,5.85,1000.0
2019-03-27 15:53:00,5.85,5.85,5.85,5.85,300.0
2019-03-27 15:54:00,5.855,5.855,5.855,5.855,1283.0
2019-03-27 15:55:00,5.86,5.86,5.86,5.86,564.0
2019-03-27 15:56:00,5.85,5.85,5.85,5.85,1728.0
2019-03-27 15:57:00,5.85,5.85,5.85,5.85,1402.0
2019-03-27 15:58:00,5.87,5.87,5.87,5.87,1091.0
2019-03-27 15:59:00,5.86,5.86,5.86,5.86,2032.0
2019-03-27 16:00:00,5.86,5.86,5.86,5.86,1813.0
2019-03-28 09:33:00,5.88,5.88,5.88,5.88,1531.0
2019-03-28 09:48:00,5.82,5.82,5.82,5.82,505.0
2019-03-28 09:57:00,5.85,5.86,5.85,5.86,605.0
2019-03-28 10:00:00,5.95,5.95,5.89,5.89,7621.0
2019-03-28 10:13:00,5.89,5.89,5.89,5.89,688.0
2019-03-28 10:30:00,5.89,5.89,5.85,5.85,3251.0
2019-03-28 10:40:00,5.82,5.82,5.82,5.82,121.0
2019-03-28 11:01:00,5.83,5.83,5.83,5.83,1176.0
2019-03-28 11:02:00,5.83,5.83,5.82,5.82,1000.0
2019-03-28 11:04:00,5.81,5.81,5.81,5.81,1104.0
2019-03-28 11:05:00,5.8,5.8,5.8,5.8,335.0
2019-03-28 11:09:00,5.81,5.81,5.81,5.81,110.0
2019-03-28 11:11:00,5.79,5.79,5.79,5.79,101.0
2019-03-28 11:16:00,5.7965,5.7965,5.7965,5.7965,210.0
2019-03-28 11:17:00,5.81,5.81,5.81,5.81,200.0
2019-03-28 11:29:00,5.79,5.79,5.79,5.79,110.0
2019-03-28 11:35:00,5.81,5.81,5.81,5.81,100.0
2019-03-28 11:36:00,5.82,5.84,5.82,5.84,1823.0
2019-03-28 11:43:00,5.84,5.84,5.84,5.84,100.0
2019-03-28 11:45:00,5.84,5.84,5.84,5.84,122.0
2019-03-28 11:48:00,5.86,5.86,5.86,5.86,996.0
2019-03-28 11:50:00,5.89,5.89,5.88,5.88,2525.0
2019-03-28 11:53:00,5.87,5.87,5.84,5.84,2734.0
2019-03-28 12:01:00,5.85,5.85,5.85,5.85,1104.0
2019-03-28 12:03:00,5.82,5.82,5.82,5.82,930.0
2019-03-28 12:06:00,5.82,5.82,5.82,5.82,111.0
2019-03-28 12:10:00,5.81,5.81,5.81,5.81,502.0
2019-03-28 12:14:00,5.8,5.8,5.79,5.79,258.0
2019-03-28 12:15:00,5.79,5.83,5.79,5.83,1481.0
2019-03-28 12:17:00,5.82,5.82,5.82,5.82,211.0
2019-03-28 12:30:00,5.85,5.85,5.85,5.85,100.0
2019-03-28 12:31:00,5.85,5.85,5.85,5.85,122.0
2019-03-28 12:40:00,5.85,5.85,5.85,5.85,900.0
2019-03-28 12:41:00,5.87,5.87,5.87,5.87,111.0
2019-03-28 12:42:00,5.84,5.84,5.84,5.84,311.0
2019-03-28 12:45:00,5.855,5.855,5.84,5.84,382.0
2019-03-28 12:52:00,5.8525,5.8525,5.8525,5.8525,444.0
2019-03-28 12:53:00,5.86,5.86,5.86,5.86,122.0
2019-03-28 12:54:00,5.86,5.86,5.86,5.86,2903.0
2019-03-28 12:55:00,5.835,5.835,5.82,5.82,1894.0
2019-03-28 13:03:00,5.85,5.85,5.85,5.85,300.0
2019-03-28 13:21:00,5.84,5.84,5.84,5.84,100.0
2019-03-28 13:24:00,5.86,5.86,5.86,5.86,110.0
2019-03-28 13:27:00,5.85,5.85,5.85,5.85,100.0
2019-03-28 13:30:00,5.86,5.86,5.86,5.86,139.0
2019-03-28 13:40:00,5.86,5.86,5.86,5.86,100.0
2019-03-28 13:43:00,5.84,5.84,5.84,5.84,100.0
2019-03-28 13:46:00,5.84,5.84,5.84,5.84,918.0
2019-03-28 13:49:00,5.835,5.835,5.835,5.835,567.0
2019-03-28 14:02:00,5.835,5.8425,5.835,5.8425,600.0
2019-03-28 14:08:00,5.85,5.85,5.85,5.85,894.0
2019-03-28 14:13:00,5.88,5.88,5.88,5.88,100.0
2019-03-28 14:14:00,5.87,5.87,5.87,5.87,193.0
2019-03-28 14:17:00,5.86,5.86,5.86,5.86,493.0
2019-03-28 14:19:00,5.88,5.88,5.88,5.88,440.0
2019-03-28 14:20:00,5.85,5.85,5.85,5.85,300.0
2019-03-28 14:22:00,5.85,5.85,5.85,5.85,708.0
2019-03-28 14:23:00,5.85,5.85,5.84,5.84,1582.0
2019-03-28 14:24:00,5.835,5.835,5.835,5.835,700.0
2019-03-28 14:25:00,5.835,5.835,5.835,5.835,200.0
2019-03-28 14:30:00,5.835,5.835,5.835,5.835,240.0
2019-03-28 14:33:00,5.83,5.83,5.83,5.83,340.0
2019-03-28 14:36:00,5.83,5.83,5.81,5.81,979.0
2019-03-28 14:37:00,5.82,5.82,5.82,5.82,137.0
2019-03-28 14:39:00,5.81,5.81,5.81,5.81,205.0
2019-03-28 14:48:00,5.79,5.79,5.79,5.79,208.0
2019-03-28 14:51:00,5.78,5.78,5.78,5.78,4183.0
2019-03-28 14:52:00,5.8,5.82,5.8,5.82,2637.0
2019-03-28 14:55:00,5.84,5.84,5.84,5.84,761.0
2019-03-28 14:56:00,5.84,5.84,5.84,5.84,280.0
2019-03-28 14:57:00,5.83,5.83,5.83,5.83,433.0
2019-03-28 14:58:00,5.83,5.83,5.83,5.83,516.0
2019-03-28 14:59:00,5.84,5.84,5.84,5.84,200.0
2019-03-28 15:00:00,5.84,5.89,5.84,5.89,1330.0
2019-03-28 15:02:00,5.87,5.87,5.87,5.87,1180.0
2019-03-28 15:03:00,5.88,5.88,5.88,5.88,575.0
2019-03-28 15:06:00,5.88,5.88,5.88,5.88,173.0
2019-03-28 15:08:00,5.905,5.905,5.8925,5.8925,4847.0
2019-03-28 15:09:00,5.9,5.9,5.9,5.9,700.0
2019-03-28 15:11:00,5.905,5.97,5.905,5.94,9511.0
2019-03-28 15:12:00,5.95,6.0,5.95,5.99,7232.0
2019-03-28 15:19:00,5.975,5.975,5.95,5.95,9972.0
2019-03-28 15:20:00,5.94,5.94,5.94,5.94,482.0
2019-03-28 15:21:00,5.95,5.95,5.95,5.95,676.0
2019-03-28 15:22:00,5.96,5.96,5.96,5.96,1121.0
2019-03-28 15:24:00,5.97,5.98,5.97,5.97,5175.0
2019-03-28 15:25:00,5.96,5.96,5.96,5.96,893.0
2019-03-28 15:27:00,5.99,5.99,5.99,5.99,865.0
2019-03-28 15:32:00,5.98,5.98,5.98,5.98,200.0
2019-03-28 15:33:00,5.98,5.98,5.97,5.97,845.0
2019-03-28 15:37:00,5.97,5.97,5.97,5.97,257.0
2019-03-28 15:38:00,5.97,5.97,5.97,5.97,1460.0
2019-03-28 15:39:00,5.97,5.97,5.97,5.97,693.0
2019-03-28 15:41:00,5.97,5.97,5.95,5.97,8057.0
2019-03-28 15:42:00,5.97,5.97,5.97,5.97,2074.0
2019-03-28 15:43:00,6.02,6.02,6.02,6.02,1400.0
2019-03-28 15:44:00,6.01,6.01,6.01,6.01,110.0
2019-03-28 15:46:00,6.02,6.02,6.02,6.02,239.0
2019-03-28 15:47:00,6.025,6.025,6.025,6.025,473.0
2019-03-28 15:49:00,6.05,6.06,6.05,6.06,1444.0
2019-03-28 15:51:00,6.06,6.06,6.06,6.06,811.0
2019-03-28 15:52:00,6.05,6.05,6.05,6.05,151.0
2019-03-28 15:53:00,6.06,6.06,6.06,6.06,251.0
2019-03-28 15:54:00,6.07,6.07,6.07,6.07,1511.0
2019-03-28 15:55:00,6.07,6.07,6.07,6.07,2192.0
2019-03-28 15:56:00,6.08,6.08,6.08,6.08,1868.0
2019-03-28 15:57:00,6.0817,6.085,6.0817,6.085,4936.0
2019-03-28 15:58:00,6.09,6.09,6.09,6.09,2088.0
2019-03-28 15:59:00,6.07,6.07,6.07,6.07,1930.0
2019-03-28 16:00:00,6.0815,6.0815,6.0815,6.0815,5324.0
2019-03-29 09:31:00,6.08,6.09,6.03,6.03,7777.0
2019-03-29 09:37:00,6.1,6.1,6.1,6.1,2510.0
2019-03-29 09:44:00,6.13,6.13,6.13,6.13,114.0
2019-03-29 09:45:00,6.12,6.12,6.06,6.06,18009.0
2019-03-29 09:46:00,6.06,6.06,6.06,6.06,450.0
2019-03-29 09:49:00,6.1,6.15,6.1,6.15,908.0
2019-03-29 09:51:00,6.1402,6.1402,6.1402,6.1402,545.0
2019-03-29 09:52:00,6.16,6.16,6.16,6.16,209.0
2019-03-29 09:53:00,6.16,6.16,6.16,6.16,103.0
2019-03-29 09:54:00,6.16,6.16,6.16,6.16,400.0
2019-03-29 09:55:00,6.17,6.17,6.17,6.17,447.0
2019-03-29 09:56:00,6.2,6.2,6.2,6.2,240.0
2019-03-29 09:57:00,6.2,6.2,6.2,6.2,1572.0
2019-03-29 09:58:00,6.2,6.21,6.2,6.2,827.0
2019-03-29 09:59:00,6.2,6.2,6.2,6.2,206.0
2019-03-29 10:00:00,6.2,6.22,6.2,6.21,2696.0
2019-03-29 10:05:00,6.21,6.25,6.21,6.25,1504.0
2019-03-29 10:06:00,6.25,6.25,6.25,6.25,752.0
2019-03-29 10:07:00,6.25,6.25,6.23,6.23,1800.0
2019-03-29 10:10:00,6.24,6.26,6.24,6.25,377.0
2019-03-29 10:11:00,6.25,6.25,6.24,6.24,1120.0
2019-03-29 10:12:00,6.22,6.22,6.21,6.21,500.0
2019-03-29 10:15:00,6.204,6.204,6.204,6.204,200.0
2019-03-29 10:17:00,6.1917,6.1917,6.1917,6.1917,475.0
2019-03-29 10:20:00,6.1901,6.205,6.1901,6.205,2050.0
2019-03-29 10:22:00,6.19,6.19,6.18,6.18,556.0
2019-03-29 10:24:00,6.17,6.17,6.12,6.12,8500.0
2019-03-29 10:25:00,6.12,6.12,6.11,6.12,1000.0
2019-03-29 10:26:00,6.12,6.15,6.12,6.15,1141.0
2019-03-29 10:29:00,6.14,6.14,6.13,6.13,600.0
2019-03-29 10:38:00,6.12,6.12,6.09,6.09,1300.0
2019-03-29 10:39:00,6.08,6.13,6.08,6.13,1248.0
2019-03-29 10:40:00,6.12,6.13,6.11,6.11,1795.0
2019-03-29 10:41:00,6.11,6.11,6.11,6.11,400.0
2019-03-29 10:43:00,6.13,6.13,6.13,6.13,120.0
2019-03-29 10:51:00,6.11,6.11,6.1,6.1,2110.0
2019-03-29 10:52:00,6.1,6.17,6.1,6.17,1641.0
2019-03-29 10:53:00,6.15,6.15,6.11,6.11,3189.0
2019-03-29 10:54:00,6.11,6.115,6.09,6.09,2742.0
2019-03-29 10:55:00,6.11,6.12,6.09,6.12,3600.0
2019-03-29 10:56:00,6.1,6.12,6.05,6.05,3492.0
2019-03-29 10:57:00,6.08,6.08,6.0701,6.0701,1784.0
2019-03-29 10:59:00,6.09,6.16,6.09,6.15,2021.0
2019-03-29 11:00:00,6.15,6.15,6.14,6.14,1149.0
2019-03-29 11:02:00,6.16,6.16,6.16,6.16,222.0
2019-03-29 11:06:00,6.13,6.13,6.13,6.13,404.0
2019-03-29 11:07:00,6.11,6.11,6.0901,6.1,333.0
2019-03-29 11:10:00,6.105,6.105,6.105,6.105,111.0
2019-03-29 11:12:00,6.09,6.12,6.09,6.12,529.0
2019-03-29 11:14:00,6.08,6.08,6.08,6.08,152.0
2019-03-29 11:21:00,6.055,6.055,6.055,6.055,111.0
2019-03-29 11:22:00,6.07,6.07,6.07,6.07,112.0
2019-03-29 11:26:00,6.04,6.04,6.04,6.04,222.0
2019-03-29 11:30:00,6.07,6.1,6.07,6.1,1394.0
2019-03-29 11:31:00,6.09,6.09,6.09,6.09,222.0
2019-03-29 11:32:00,6.12,6.12,6.12,6.12,334.0
2019-03-29 11:43:00,6.09,6.09,6.09,6.09,111.0
2019-03-29 11:51:00,6.12,6.12,6.12,6.12,222.0
2019-03-29 11:52:00,6.12,6.12,6.12,6.12,211.0
2019-03-29 11:54:00,6.09,6.09,6.08,6.08,1122.0
2019-03-29 11:56:00,6.08,6.12,6.08,6.12,1112.0
2019-03-29 11:59:00,6.12,6.12,6.12,6.12,211.0
2019-03-29 12:07:00,6.12,6.12,6.12,6.12,111.0
2019-03-29 12:09:00,6.11,6.11,6.11,6.11,222.0
2019-03-29 12:27:00,6.11,6.15,6.11,6.15,556.0
2019-03-29 12:35:00,6.12,6.12,6.12,6.12,315.0
2019-03-29 12:36:00,6.12,6.14,6.12,6.14,1296.0
2019-03-29 12:48:00,6.11,6.11,6.09,6.09,1039.0
2019-03-29 12:50:00,6.095,6.095,6.095,6.095,111.0
2019-03-29 12:52:00,6.095,6.13,6.095,6.13,889.0
2019-03-29 12:53:00,6.115,6.115,6.115,6.115,203.0
2019-03-29 13:07:00,6.11,6.11,6.1,6.1,668.0
2019-03-29 13:12:00,6.07,6.07,6.07,6.07,111.0
2019-03-29 13:18:00,6.07,6.07,6.07,6.07,444.0
2019-03-29 13:21:00,6.05,6.05,6.05,6.05,446.0
2019-03-29 13:33:00,6.04,6.06,6.04,6.06,444.0
2019-03-29 13:37:00,6.0496,6.06,6.0496,6.06,1445.0
2019-03-29 13:38:00,6.06,6.11,6.06,6.11,1720.0
2019-03-29 13:39:00,6.12,6.12,6.12,6.12,111.0
2019-03-29 13:47:00,6.09,6.11,6.05,6.05,3186.0
2019-03-29 13:48:00,6.08,6.13,6.08,6.12,2271.0
2019-03-29 13:52:00,6.13,6.14,6.11,6.11,1615.0
2019-03-29 14:07:00,6.11,6.12,6.11,6.12,705.0
2019-03-29 14:14:00,6.12,6.12,6.12,6.12,111.0
2019-03-29 14:16:00,6.11,6.17,6.11,6.17,1279.0
2019-03-29 14:21:00,6.14,6.14,6.135,6.135,912.0
2019-03-29 14:26:00,6.1347,6.15,6.1347,6.15,333.0
2019-03-29 14:34:00,6.135,6.135,6.135,6.135,111.0
2019-03-29 14:37:00,6.14,6.14,6.13,6.13,223.0
2019-03-29 14:40:00,6.13,6.14,6.13,6.14,222.0
2019-03-29 14:41:00,6.12,6.12,6.12,6.12,222.0
2019-03-29 14:42:00,6.12,6.12,6.12,6.12,332.0
2019-03-29 14:45:00,6.12,6.12,6.12,6.12,212.0
2019-03-29 14:49:00,6.14,6.17,6.13,6.17,1613.0
2019-03-29 14:54:00,6.16,6.16,6.16,6.16,111.0
2019-03-29 14:58:00,6.16,6.185,6.16,6.17,3674.0
2019-03-29 14:59:00,6.17,6.17,6.17,6.17,334.0
2019-03-29 15:00:00,6.16,6.16,6.14,6.14,2617.0
2019-03-29 15:04:00,6.1304,6.1304,6.13,6.13,1111.0
2019-03-29 15:10:00,6.12,6.12,6.12,6.12,778.0
2019-03-29 15:12:00,6.12,6.1292,6.1,6.12,7574.0
2019-03-29 15:18:00,6.1,6.1,6.1,6.1,431.0
2019-03-29 15:19:00,6.1,6.11,6.1,6.11,2363.0
2019-03-29 15:24:00,6.1,6.1,6.1,6.1,500.0
2019-03-29 15:27:00,6.12,6.12,6.1,6.1,500.0
2019-03-29 15:31:00,6.1,6.12,6.1,6.12,300.0
2019-03-29 15:34:00,6.11,6.11,6.11,6.11,200.0
2019-03-29 15:37:00,6.11,6.11,6.11,6.11,200.0
2019-03-29 15:38:00,6.12,6.12,6.12,6.12,500.0
2019-03-29 15:39:00,6.12,6.12,6.12,6.12,100.0
2019-03-29 15:40:00,6.12,6.12,6.11,6.11,200.0
2019-03-29 15:41:00,6.12,6.12,6.12,6.12,440.0
2019-03-29 15:42:00,6.11,6.11,6.11,6.11,278.0
2019-03-29 15:44:00,6.12,6.12,6.12,6.12,100.0
2019-03-29 15:45:00,6.12,6.12,6.12,6.12,158.0
2019-03-29 15:46:00,6.12,6.12,6.12,6.12,200.0
2019-03-29 15:48:00,6.12,6.16,6.1,6.16,7024.0
2019-03-29 15:49:00,6.14,6.16,6.14,6.14,710.0
2019-03-29 15:50:00,6.16,6.16,6.14,6.14,300.0
2019-03-29 15:51:00,6.14,6.16,6.14,6.16,1960.0
2019-03-29 15:53:00,6.15,6.16,6.15,6.16,1311.0
2019-03-29 15:54:00,6.16,6.16,6.16,6.16,800.0
2019-03-29 15:55:00,6.15,6.15,6.15,6.15,300.0
2019-03-29 15:56:00,6.16,6.16,6.16,6.16,1075.0
2019-03-29 15:57:00,6.155,6.17,6.155,6.17,1472.0
2019-03-29 15:58:00,6.17,6.17,6.165,6.165,983.0
2019-03-29 15:59:00,6.16,6.17,6.16,6.17,575.0
2019-03-29 16:00:00,6.17,6.17,6.17,6.17,23345.0
2019-04-01 09:31:00,6.11,6.11,6.11,6.11,1210.0
2019-04-01 09:35:00,6.28,6.28,6.28,6.28,200.0
2019-04-01 09:39:00,6.18,6.18,6.18,6.18,100.0
2019-04-01 09:40:00,6.24,6.24,6.24,6.24,855.0
2019-04-01 09:45:00,6.2,6.2,6.2,6.2,1337.0
2019-04-01 09:47:00,6.22,6.22,6.22,6.22,583.0
2019-04-01 09:48:00,6.22,6.25,6.22,6.25,12228.0
2019-04-01 09:49:00,6.24,6.24,6.24,6.24,2408.0
2019-04-01 09:50:00,6.27,6.27,6.27,6.27,3619.0
2019-04-01 09:51:00,6.31,6.31,6.31,6.31,6066.0
2019-04-01 09:52:00,6.28,6.28,6.28,6.28,3484.0
2019-04-01 09:53:00,6.32,6.32,6.32,6.32,302.0
2019-04-01 09:54:00,6.325,6.325,6.325,6.325,1616.0
2019-04-01 09:58:00,6.38,6.385,6.38,6.385,3454.0
2019-04-01 10:04:00,6.335,6.335,6.335,6.335,157.0
2019-04-01 10:12:00,6.335,6.335,6.335,6.335,112.0
2019-04-01 10:18:00,6.335,6.335,6.335,6.335,111.0
2019-04-01 10:20:00,6.345,6.345,6.345,6.345,2662.0
2019-04-01 10:24:00,6.35,6.35,6.35,6.35,559.0
2019-04-01 10:25:00,6.35,6.35,6.35,6.35,555.0
2019-04-01 10:26:00,6.38,6.38,6.38,6.38,112.0
2019-04-01 10:28:00,6.38,6.38,6.38,6.38,222.0
2019-04-01 10:31:00,6.3638,6.3638,6.34,6.34,2416.0
2019-04-01 10:41:00,6.345,6.345,6.31,6.31,12767.0
2019-04-01 10:43:00,6.33,6.33,6.33,6.33,2266.0
2019-04-01 10:49:00,6.3,6.3,6.3,6.3,6088.0
2019-04-01 10:50:00,6.34,6.34,6.34,6.34,3523.0
2019-04-01 10:51:00,6.33,6.33,6.33,6.33,5640.0
2019-04-01 10:52:00,6.36,6.36,6.33,6.33,5028.0
2019-04-01 10:56:00,6.345,6.345,6.345,6.345,143.0
2019-04-01 10:59:00,6.35,6.35,6.35,6.35,306.0
2019-04-01 11:00:00,6.36,6.36,6.36,6.36,664.0
2019-04-01 11:04:00,6.35,6.35,6.35,6.35,553.0
2019-04-01 11:10:00,6.36,6.36,6.36,6.36,639.0
2019-04-01 11:14:00,6.33,6.33,6.33,6.33,234.0
2019-04-01 11:15:00,6.33,6.33,6.33,6.33,302.0
2019-04-01 11:23:00,6.33,6.33,6.33,6.33,855.0
2019-04-01 11:24:00,6.33,6.33,6.33,6.33,1145.0
2019-04-01 11:28:00,6.305,6.305,6.305,6.305,2874.0
2019-04-01 11:30:00,6.32,6.32,6.32,6.32,1805.0
2019-04-01 11:38:00,6.3,6.3,6.3,6.3,876.0
2019-04-01 11:39:00,6.3,6.3,6.3,6.3,680.0
2019-04-01 11:40:00,6.3,6.3,6.3,6.3,123.0
2019-04-01 11:41:00,6.31,6.31,6.31,6.31,1041.0
2019-04-01 11:45:00,6.31,6.31,6.31,6.31,1135.0
2019-04-01 11:46:00,6.315,6.315,6.31,6.31,5667.0
2019-04-01 11:47:00,6.32,6.32,6.32,6.32,256.0
2019-04-01 11:48:00,6.29,6.29,6.29,6.29,1267.0
2019-04-01 11:50:00,6.3,6.3,6.3,6.3,816.0
2019-04-01 11:54:00,6.33,6.33,6.33,6.33,583.0
2019-04-01 11:56:00,6.36,6.36,6.36,6.36,577.0
2019-04-01 11:57:00,6.35,6.35,6.35,6.35,178.0
2019-04-01 11:59:00,6.36,6.36,6.36,6.36,361.0
2019-04-01 12:00:00,6.36,6.36,6.36,6.36,1163.0
2019-04-01 12:02:00,6.35,6.35,6.35,6.35,610.0
2019-04-01 12:03:00,6.36,6.385,6.36,6.385,2227.0
2019-04-01 12:04:00,6.36,6.36,6.36,6.36,5108.0
2019-04-01 12:12:00,6.36,6.36,6.36,6.36,1253.0
2019-04-01 12:17:00,6.39,6.39,6.39,6.39,113.0
2019-04-01 12:21:00,6.44,6.44,6.4175,6.4175,3045.0
2019-04-01 12:24:00,6.41,6.41,6.41,6.41,127.0
2019-04-01 12:26:00,6.405,6.405,6.405,6.405,560.0
2019-04-01 12:27:00,6.39,6.39,6.39,6.39,412.0
2019-04-01 12:29:00,6.39,6.39,6.37,6.37,2891.0
2019-04-01 12:30:00,6.37,6.37,6.37,6.37,2760.0
2019-04-01 12:38:00,6.4,6.4,6.4,6.4,2506.0
2019-04-01 12:40:00,6.4,6.4,6.4,6.4,1453.0
2019-04-01 12:41:00,6.39,6.39,6.39,6.39,840.0
2019-04-01 12:45:00,6.365,6.365,6.365,6.365,532.0
2019-04-01 12:54:00,6.38,6.38,6.38,6.38,449.0
2019-04-01 12:55:00,6.4,6.415,6.4,6.415,1044.0
2019-04-01 12:56:00,6.41,6.41,6.41,6.41,999.0
2019-04-01 13:03:00,6.41,6.415,6.41,6.415,1771.0
2019-04-01 13:05:00,6.41,6.41,6.41,6.41,945.0
2019-04-01 13:06:00,6.38,6.38,6.38,6.38,1554.0
2019-04-01 13:13:00,6.4,6.4,6.4,6.4,241.0
2019-04-01 13:15:00,6.4,6.44,6.4,6.44,2727.0
2019-04-01 13:16:00,6.42,6.42,6.42,6.42,1497.0
2019-04-01 13:17:00,6.4,6.4,6.4,6.4,1680.0
2019-04-01 13:23:00,6.4,6.4,6.4,6.4,100.0
2019-04-01 13:24:00,6.4,6.4,6.4,6.4,1268.0
2019-04-01 13:25:00,6.4,6.4,6.4,6.4,1065.0
2019-04-01 13:28:00,6.41,6.41,6.41,6.41,305.0
2019-04-01 13:29:00,6.45,6.45,6.44,6.44,2568.0
2019-04-01 13:32:00,6.44,6.44,6.44,6.44,150.0
2019-04-01 13:37:00,6.47,6.47,6.47,6.47,100.0
2019-04-01 13:38:00,6.49,6.49,6.49,6.49,1641.0
2019-04-01 13:42:00,6.46,6.46,6.45,6.45,1120.0
2019-04-01 13:45:00,6.45,6.45,6.45,6.45,630.0
2019-04-01 13:47:00,6.45,6.45,6.45,6.45,2086.0
2019-04-01 13:48:00,6.45,6.45,6.45,6.45,4407.0
2019-04-01 13:50:00,6.45,6.45,6.45,6.45,200.0
2019-04-01 13:51:00,6.45,6.45,6.45,6.45,1620.0
2019-04-01 13:53:00,6.46,6.46,6.46,6.46,1677.0
2019-04-01 14:00:00,6.455,6.455,6.455,6.455,104.0
2019-04-01 14:03:00,6.47,6.47,6.47,6.47,300.0
2019-04-01 14:05:00,6.475,6.475,6.475,6.475,2350.0
2019-04-01 14:06:00,6.5,6.5,6.5,6.5,3110.0
2019-04-01 14:07:00,6.5,6.5,6.5,6.5,1495.0
2019-04-01 14:08:00,6.4655,6.4655,6.4655,6.4655,3450.0
2019-04-01 14:12:00,6.4514,6.4799,6.4514,6.4799,2350.0
2019-04-01 14:15:00,6.46,6.46,6.46,6.46,341.0
2019-04-01 14:16:00,6.46,6.46,6.46,6.46,359.0
2019-04-01 14:17:00,6.46,6.46,6.46,6.46,1000.0
2019-04-01 14:20:00,6.48,6.48,6.48,6.48,251.0
2019-04-01 14:21:00,6.48,6.48,6.48,6.48,2366.0
2019-04-01 14:22:00,6.48,6.48,6.48,6.48,801.0
2019-04-01 14:23:00,6.53,6.53,6.53,6.53,1520.0
2019-04-01 14:24:00,6.54,6.54,6.54,6.54,215.0
2019-04-01 14:27:00,6.58,6.58,6.58,6.58,1290.0
2019-04-01 14:31:00,6.575,6.575,6.575,6.575,620.0
2019-04-01 14:32:00,6.575,6.575,6.575,6.575,1400.0
2019-04-01 14:33:00,6.58,6.58,6.58,6.58,1115.0
2019-04-01 14:39:00,6.575,6.575,6.575,6.575,385.0
2019-04-01 14:40:00,6.575,6.575,6.575,6.575,1890.0
2019-04-01 14:43:00,6.56,6.56,6.56,6.56,1859.0
2019-04-01 14:45:00,6.541,6.541,6.541,6.541,440.0
2019-04-01 14:52:00,6.545,6.545,6.52,6.52,2252.0
2019-04-01 14:53:00,6.55,6.55,6.53,6.53,2120.0
2019-04-01 14:57:00,6.52,6.52,6.52,6.52,1856.0
2019-04-01 14:59:00,6.525,6.525,6.525,6.525,611.0
2019-04-01 15:01:00,6.5506,6.5506,6.5506,6.5506,403.0
2019-04-01 15:04:00,6.56,6.56,6.56,6.56,1767.0
2019-04-01 15:05:00,6.56,6.56,6.56,6.56,776.0
2019-04-01 15:09:00,6.55,6.55,6.53,6.53,2260.0
2019-04-01 15:15:00,6.56,6.56,6.55,6.56,3505.0
2019-04-01 15:19:00,6.55,6.55,6.53,6.53,1506.0
2019-04-01 15:20:00,6.53,6.53,6.53,6.53,114.0
2019-04-01 15:26:00,6.55,6.56,6.55,6.56,1530.0
2019-04-01 15:27:00,6.56,6.56,6.55,6.55,1220.0
2019-04-01 15:31:00,6.545,6.545,6.545,6.545,545.0
2019-04-01 15:32:00,6.545,6.545,6.545,6.545,234.0
2019-04-01 15:34:00,6.55,6.56,6.55,6.56,2728.0
2019-04-01 15:36:00,6.54,6.54,6.54,6.54,575.0
2019-04-01 15:37:00,6.53,6.53,6.53,6.53,362.0
2019-04-01 15:39:00,6.52,6.52,6.52,6.52,1809.0
2019-04-01 15:41:00,6.5,6.51,6.5,6.51,1397.0
2019-04-01 15:44:00,6.515,6.515,6.515,6.515,1806.0
2019-04-01 15:46:00,6.53,6.53,6.53,6.53,1872.0
2019-04-01 15:48:00,6.52,6.52,6.5,6.5,6384.0
2019-04-01 15:50:00,6.5,6.5,6.5,6.5,1076.0
2019-04-01 15:51:00,6.5,6.5,6.495,6.495,1200.0
2019-04-01 15:53:00,6.5,6.5,6.5,6.5,2418.0
2019-04-01 15:54:00,6.5,6.5,6.5,6.5,1024.0
2019-04-01 15:55:00,6.5,6.5,6.5,6.5,3610.0
2019-04-01 15:56:00,6.5,6.5,6.5,6.5,2797.0
2019-04-01 15:57:00,6.5,6.5,6.5,6.5,3600.0
2019-04-01 15:58:00,6.5,6.5,6.5,6.5,3558.0
2019-04-01 15:59:00,6.5,6.5,6.5,6.5,2291.0
2019-04-01 16:00:00,6.53,6.53,6.53,6.53,5373.0
2019-04-02 09:31:00,6.4421,6.4421,6.4421,6.4421,1872.0
2019-04-02 09:34:00,6.31,6.31,6.31,6.31,10610.0
2019-04-02 09:36:00,6.31,6.31,6.31,6.31,358.0
2019-04-02 09:37:00,6.3,6.3,6.3,6.3,707.0
2019-04-02 09:43:00,6.2972,6.2972,6.2972,6.2972,2100.0
2019-04-02 09:44:00,6.285,6.285,6.285,6.285,1068.0
2019-04-02 09:52:00,6.27,6.27,6.27,6.27,236.0
2019-04-02 09:55:00,6.28,6.3,6.28,6.3,2552.0
2019-04-02 09:56:00,6.3,6.3,6.3,6.3,998.0
2019-04-02 09:57:00,6.3,6.3,6.3,6.3,858.0
2019-04-02 09:59:00,6.35,6.35,6.29,6.29,3445.0
2019-04-02 10:00:00,6.3,6.3,6.3,6.3,527.0
2019-04-02 10:07:00,6.28,6.28,6.28,6.28,200.0
2019-04-02 10:08:00,6.3,6.3,6.3,6.3,2305.0
2019-04-02 10:09:00,6.32,6.32,6.32,6.32,1322.0
2019-04-02 10:25:00,6.325,6.325,6.325,6.325,116.0
2019-04-02 10:28:00,6.3197,6.3197,6.29,6.29,3977.0
2019-04-02 10:29:00,6.31,6.31,6.31,6.31,434.0
2019-04-02 10:33:00,6.295,6.295,6.295,6.295,200.0
2019-04-02 10:37:00,6.285,6.285,6.285,6.285,513.0
2019-04-02 10:40:00,6.27,6.27,6.27,6.27,224.0
2019-04-02 10:42:00,6.24,6.24,6.24,6.24,1819.0
2019-04-02 10:49:00,6.22,6.22,6.22,6.22,105.0
2019-04-02 10:57:00,6.17,6.175,6.17,6.175,5399.0
2019-04-02 10:58:00,6.16,6.16,6.16,6.16,641.0
2019-04-02 10:59:00,6.17,6.17,6.17,6.17,131.0
2019-04-02 11:02:00,6.18,6.19,6.18,6.19,1430.0
2019-04-02 11:03:00,6.18,6.18,6.18,6.18,2101.0
2019-04-02 11:10:00,6.18,6.18,6.16,6.1725,3662.0
2019-04-02 11:15:00,6.165,6.165,6.165,6.165,1260.0
2019-04-02 11:16:00,6.17,6.2,6.17,6.18,8471.0
2019-04-02 11:17:00,6.1701,6.18,6.14,6.18,2903.0
2019-04-02 11:21:00,6.19,6.19,6.19,6.19,200.0
2019-04-02 11:23:00,6.21,6.21,6.21,6.21,982.0
2019-04-02 11:38:00,6.23,6.23,6.23,6.23,1286.0
2019-04-02 11:50:00,6.25,6.25,6.25,6.25,200.0
2019-04-02 11:53:00,6.24,6.24,6.24,6.24,200.0
2019-04-02 12:00:00,6.23,6.23,6.23,6.23,200.0
2019-04-02 12:10:00,6.23,6.23,6.23,6.23,100.0
2019-04-02 12:21:00,6.245,6.245,6.245,6.245,100.0
2019-04-02 12:26:00,6.245,6.245,6.245,6.245,100.0
2019-04-02 12:29:00,6.23,6.24,6.23,6.24,5431.0
2019-04-02 12:47:00,6.235,6.235,6.235,6.235,200.0
2019-04-02 12:49:00,6.22,6.24,6.22,6.24,300.0
2019-04-02 12:55:00,6.23,6.23,6.23,6.23,386.0
2019-04-02 12:57:00,6.24,6.24,6.24,6.24,304.0
2019-04-02 13:07:00,6.23,6.23,6.23,6.23,200.0
2019-04-02 13:09:00,6.26,6.26,6.26,6.26,960.0
2019-04-02 13:23:00,6.29,6.29,6.29,6.29,100.0
2019-04-02 13:41:00,6.28,6.28,6.28,6.28,100.0
2019-04-02 13:45:00,6.32,6.32,6.32,6.32,1102.0
2019-04-02 13:58:00,6.32,6.32,6.32,6.32,101.0
2019-04-02 14:06:00,6.3,6.33,6.3,6.33,25200.0
2019-04-02 14:13:00,6.33,6.33,6.29,6.295,2512.0
2019-04-02 14:18:00,6.28,6.28,6.28,6.28,798.0
2019-04-02 14:23:00,6.27,6.27,6.27,6.27,100.0
2019-04-02 14:24:00,6.26,6.26,6.23,6.23,1707.0
2019-04-02 14:25:00,6.24,6.24,6.24,6.24,203.0
2019-04-02 14:28:00,6.21,6.21,6.21,6.21,148.0
2019-04-02 14:37:00,6.21,6.21,6.21,6.21,100.0
2019-04-02 14:38:00,6.2,6.2,6.2,6.2,600.0
2019-04-02 14:45:00,6.2,6.2,6.2,6.2,100.0
2019-04-02 14:50:00,6.21,6.21,6.21,6.21,1010.0
2019-04-02 14:52:00,6.18,6.19,6.18,6.19,702.0
2019-04-02 14:55:00,6.17,6.17,6.17,6.17,293.0
2019-04-02 15:03:00,6.17,6.17,6.17,6.17,200.0
2019-04-02 15:04:00,6.19,6.19,6.19,6.19,1143.0
2019-04-02 15:08:00,6.2,6.2,6.2,6.2,429.0
2019-04-02 15:12:00,6.215,6.23,6.215,6.23,9440.0
2019-04-02 15:15:00,6.25,6.25,6.25,6.25,700.0
2019-04-02 15:24:00,6.22,6.22,6.22,6.22,500.0
2019-04-02 15:26:00,6.205,6.205,6.205,6.205,6110.0
2019-04-02 15:27:00,6.2,6.2,6.2,6.2,1500.0
2019-04-02 15:35:00,6.1605,6.18,6.1605,6.18,3073.0
2019-04-02 15:37:00,6.19,6.19,6.19,6.19,642.0
2019-04-02 15:38:00,6.19,6.19,6.19,6.19,100.0
2019-04-02 15:42:00,6.22,6.22,6.22,6.22,600.0
2019-04-02 15:45:00,6.205,6.205,6.205,6.205,100.0
2019-04-02 15:46:00,6.21,6.21,6.21,6.21,721.0
2019-04-02 15:49:00,6.205,6.205,6.205,6.205,128.0
2019-04-02 15:52:00,6.2,6.2,6.2,6.2,303.0
2019-04-02 15:53:00,6.22,6.22,6.22,6.22,216.0
2019-04-02 15:55:00,6.205,6.205,6.205,6.205,200.0
2019-04-02 15:56:00,6.22,6.22,6.22,6.22,500.0
2019-04-02 15:57:00,6.205,6.205,6.205,6.205,5300.0
2019-04-02 15:58:00,6.19,6.19,6.19,6.19,800.0
2019-04-02 15:59:00,6.22,6.22,6.22,6.22,4455.0
2019-04-02 16:00:00,6.25,6.25,6.25,6.25,1464.0
2019-04-03 09:37:00,6.28,6.28,6.28,6.28,828.0
2019-04-03 09:43:00,6.24,6.24,6.24,6.24,2559.0
2019-04-03 09:45:00,6.26,6.26,6.26,6.26,250.0
2019-04-03 09:49:00,6.24,6.24,6.24,6.24,300.0
2019-04-03 09:51:00,6.3,6.3,6.3,6.3,1530.0
2019-04-03 09:52:00,6.2,6.2,6.2,6.2,1610.0
2019-04-03 09:56:00,6.17,6.17,6.17,6.17,842.0
2019-04-03 09:59:00,6.13,6.13,6.13,6.13,1788.0
2019-04-03 10:02:00,6.09,6.09,6.09,6.09,516.0
2019-04-03 10:04:00,6.1296,6.1296,6.1296,6.1296,450.0
2019-04-03 10:06:00,6.1,6.1,6.1,6.1,400.0
2019-04-03 10:09:00,6.1,6.1,6.1,6.1,300.0
2019-04-03 10:18:00,6.08,6.08,6.08,6.08,416.0
2019-04-03 10:21:00,6.09,6.09,6.09,6.09,1060.0
2019-04-03 10:23:00,6.11,6.11,6.11,6.11,100.0
2019-04-03 10:27:00,6.1,6.1,6.1,6.1,100.0
2019-04-03 10:28:00,6.1,6.1,6.1,6.1,700.0
2019-04-03 10:30:00,6.1,6.1,6.09,6.09,946.0
2019-04-03 10:41:00,6.11,6.11,6.11,6.11,1000.0
2019-04-03 10:51:00,6.16,6.16,6.16,6.16,290.0
2019-04-03 10:58:00,6.13,6.13,6.13,6.13,300.0
2019-04-03 10:59:00,6.12,6.12,6.12,6.12,515.0
2019-04-03 11:10:00,6.14,6.14,6.11,6.11,1800.0
2019-04-03 11:13:00,6.1,6.1,6.1,6.1,100.0
2019-04-03 11:15:00,6.11,6.11,6.11,6.11,355.0
2019-04-03 11:16:00,6.0801,6.0801,6.0801,6.0801,734.0
2019-04-03 11:18:00,6.1,6.1,6.1,6.1,1602.0
2019-04-03 11:19:00,6.11,6.11,6.11,6.11,200.0
2019-04-03 11:22:00,6.1,6.1,6.1,6.1,600.0
2019-04-03 11:24:00,6.1,6.11,6.1,6.11,772.0
2019-04-03 11:26:00,6.08,6.08,6.08,6.08,1904.0
2019-04-03 11:30:00,6.095,6.095,6.095,6.095,400.0
2019-04-03 11:31:00,6.1,6.1,6.1,6.1,1100.0
2019-04-03 11:32:00,6.11,6.11,6.11,6.11,1162.0
2019-04-03 11:33:00,6.1,6.1,6.1,6.1,2160.0
2019-04-03 11:35:00,6.1,6.1,6.1,6.1,300.0
2019-04-03 11:36:00,6.1,6.1,6.1,6.1,1678.0
2019-04-03 11:37:00,6.09,6.09,6.09,6.09,1035.0
2019-04-03 11:45:00,6.09,6.09,6.09,6.09,885.0
2019-04-03 11:52:00,6.07,6.07,6.07,6.07,200.0
2019-04-03 11:53:00,6.07,6.07,6.07,6.07,200.0
2019-04-03 11:57:00,6.07,6.07,6.07,6.07,300.0
2019-04-03 12:03:00,6.07,6.07,6.07,6.07,455.0
2019-04-03 12:04:00,6.07,6.07,6.07,6.07,1337.0
2019-04-03 12:11:00,6.08,6.08,6.08,6.08,200.0
2019-04-03 12:12:00,6.07,6.07,6.07,6.07,200.0
2019-04-03 12:15:00,6.085,6.085,6.085,6.085,500.0
2019-04-03 12:31:00,6.07,6.07,6.07,6.07,200.0
2019-04-03 12:45:00,6.08,6.08,6.08,6.08,800.0
2019-04-03 12:51:00,6.06,6.06,6.06,6.06,741.0
2019-04-03 12:55:00,6.05,6.05,6.05,6.05,710.0
2019-04-03 12:58:00,6.02,6.02,6.02,6.02,215.0
2019-04-03 12:59:00,6.02,6.02,6.02,6.02,200.0
2019-04-03 13:05:00,6.02,6.02,6.01,6.01,400.0
2019-04-03 13:11:00,6.02,6.02,6.02,6.02,200.0
2019-04-03 13:14:00,6.01,6.01,6.01,6.01,819.0
2019-04-03 13:15:00,6.025,6.025,6.025,6.025,300.0
2019-04-03 13:18:00,6.02,6.02,6.02,6.02,100.0
2019-04-03 13:23:00,6.04,6.04,6.04,6.04,1099.0
2019-04-03 13:27:00,6.07,6.07,6.07,6.07,1100.0
2019-04-03 13:30:00,6.055,6.055,6.055,6.055,100.0
2019-04-03 13:32:00,6.06,6.06,6.06,6.06,222.0
2019-04-03 13:43:00,6.04,6.04,6.04,6.04,1073.0
2019-04-03 13:46:00,6.04,6.04,6.03,6.03,4190.0
2019-04-03 13:52:00,6.04,6.04,6.04,6.04,200.0
2019-04-03 13:53:00,6.04,6.04,6.025,6.025,2230.0
2019-04-03 13:59:00,6.02,6.02,6.02,6.02,1205.0
2019-04-03 14:00:00,6.02,6.02,6.02,6.02,800.0
2019-04-03 14:02:00,6.02,6.02,6.02,6.02,570.0
2019-04-03 14:05:00,6.02,6.02,6.02,6.02,540.0
2019-04-03 14:15:00,6.02,6.02,6.02,6.02,413.0
2019-04-03 14:19:00,6.01,6.01,5.96,5.99,6253.0
2019-04-03 14:21:00,5.95,5.95,5.95,5.95,312.0
2019-04-03 14:34:00,5.97,5.97,5.97,5.97,507.0
2019-04-03 14:42:00,5.99,5.99,5.99,5.99,439.0
2019-04-03 14:46:00,5.99,5.99,5.99,5.99,302.0
2019-04-03 14:48:00,6.0,6.01,6.0,6.01,1555.0
2019-04-03 14:53:00,6.01,6.01,6.01,6.01,203.0
2019-04-03 15:01:00,6.01,6.01,6.01,6.01,100.0
2019-04-03 15:04:00,6.01,6.01,6.01,6.01,200.0
2019-04-03 15:08:00,6.01,6.01,6.01,6.01,205.0
2019-04-03 15:10:00,5.97,5.97,5.97,5.97,805.0
2019-04-03 15:12:00,5.97,5.97,5.97,5.97,105.0
2019-04-03 15:19:00,5.98,5.98,5.98,5.98,200.0
2019-04-03 15:20:00,5.98,5.98,5.98,5.98,321.0
2019-04-03 15:26:00,5.99,5.99,5.99,5.99,193.0
2019-04-03 15:33:00,5.99,5.99,5.99,5.99,500.0
2019-04-03 15:36:00,5.99,5.99,5.99,5.99,200.0
2019-04-03 15:40:00,5.97,5.97,5.97,5.97,200.0
2019-04-03 15:43:00,5.97,5.97,5.97,5.97,300.0
2019-04-03 15:45:00,5.99,5.99,5.99,5.99,334.0
2019-04-03 15:49:00,5.99,5.99,5.99,5.99,524.0
2019-04-03 15:51:00,5.99,5.99,5.99,5.99,315.0
2019-04-03 15:52:00,5.97,5.97,5.97,5.97,400.0
2019-04-03 15:53:00,5.97,5.97,5.97,5.97,400.0
2019-04-03 15:55:00,5.99,5.99,5.99,5.99,500.0
2019-04-03 15:56:00,5.99,5.99,5.99,5.99,400.0
2019-04-03 15:57:00,5.99,5.99,5.99,5.99,411.0
2019-04-03 15:58:00,5.99,5.99,5.99,5.99,2249.0
2019-04-03 16:00:00,6.0,6.0,6.0,6.0,807.0
