
2019-03-11 09:31:00,3.11,3.11,3.11,3.11,0.0
2019-03-11 09:45:00,3.22,3.22,3.22,3.22,100.0
2019-03-11 10:32:00,3.14,3.14,3.125,3.125,2800.0
2019-03-11 10:39:00,3.13,3.13,3.13,3.13,500.0
2019-03-11 11:02:00,3.16,3.16,3.16,3.16,100.0
2019-03-11 11:32:00,3.14,3.14,3.14,3.14,606.0
2019-03-11 11:37:00,3.11,3.11,3.11,3.11,315.0
2019-03-11 11:38:00,3.12,3.12,3.12,3.12,320.0
2019-03-11 12:20:00,3.14,3.14,3.14,3.14,100.0
2019-03-11 12:50:00,3.12,3.12,3.12,3.12,711.0
2019-03-11 13:30:00,3.13,3.13,3.13,3.13,105.0
2019-03-11 14:02:00,3.14,3.14,3.14,3.14,214.0
2019-03-11 14:18:00,3.15,3.15,3.15,3.15,102.0
2019-03-11 14:26:00,3.13,3.13,3.13,3.13,198.0
2019-03-11 15:11:00,3.16,3.16,3.16,3.16,100.0
2019-03-11 15:21:00,3.14,3.14,3.14,3.14,215.0
2019-03-11 15:42:00,3.16,3.16,3.16,3.16,100.0
2019-03-11 15:48:00,3.14,3.14,3.14,3.14,300.0
2019-03-11 16:00:00,3.15,3.15,3.15,3.15,303.0
2019-03-12 09:32:00,3.18,3.18,3.18,3.18,0.0
2019-03-12 11:06:00,3.14,3.14,3.14,3.14,121.0
2019-03-12 11:22:00,3.15,3.15,3.15,3.15,100.0
2019-03-12 11:25:00,3.17,3.17,3.17,3.17,150.0
2019-03-12 11:26:00,3.17,3.17,3.17,3.17,420.0
2019-03-12 11:43:00,3.175,3.175,3.175,3.175,300.0
2019-03-12 11:44:00,3.175,3.175,3.175,3.175,1594.0
2019-03-12 12:06:00,3.16,3.16,3.16,3.16,200.0
2019-03-12 12:47:00,3.18,3.18,3.18,3.18,100.0
2019-03-12 12:55:00,3.14,3.14,3.14,3.14,20135.0
2019-03-12 12:57:00,3.14,3.14,3.14,3.14,400.0
2019-03-12 12:58:00,3.13,3.13,3.13,3.13,800.0
2019-03-12 13:00:00,3.07,3.07,3.07,3.07,616.0
2019-03-12 13:02:00,3.07,3.07,3.07,3.07,100.0
2019-03-12 13:37:00,3.04,3.04,3.04,3.04,600.0
2019-03-12 13:55:00,3.09,3.09,3.09,3.09,100.0
2019-03-12 14:05:00,3.07,3.07,3.07,3.07,126.0
2019-03-12 14:26:00,3.1,3.1,3.1,3.1,100.0
2019-03-12 14:50:00,3.08,3.08,3.08,3.08,100.0
2019-03-12 14:51:00,3.08,3.08,3.08,3.08,600.0
2019-03-12 15:16:00,3.08,3.08,3.01,3.01,3159.0
2019-03-12 15:17:00,3.01,3.01,3.01,3.01,397.0
2019-03-12 15:19:00,3.02,3.02,3.02,3.02,730.0
2019-03-12 15:20:00,3.02,3.02,3.02,3.02,500.0
2019-03-12 15:26:00,3.015,3.02,3.015,3.02,280.0
2019-03-12 15:46:00,3.0,3.0,3.0,3.0,292.0
2019-03-13 09:33:00,3.68,3.68,3.68,3.68,3796.0
2019-03-13 09:41:00,3.46,3.46,3.46,3.46,7060.0
2019-03-13 09:44:00,3.39,3.39,3.39,3.39,442.0
2019-03-13 09:46:00,3.49,3.49,3.49,3.49,600.0
2019-03-13 09:49:00,3.39,3.49,3.39,3.49,348.0
2019-03-13 09:50:00,3.31,3.31,3.31,3.31,1931.0
2019-03-13 10:07:00,3.2562,3.2562,3.2562,3.2562,511.0
2019-03-13 10:09:00,3.255,3.255,3.16,3.16,2001.0
2019-03-13 10:12:00,3.15,3.15,3.15,3.15,100.0
2019-03-13 10:13:00,3.18,3.18,3.18,3.18,203.0
2019-03-13 10:23:00,3.1,3.1,3.1,3.1,231.0
2019-03-13 10:28:00,3.14,3.14,3.14,3.14,400.0
2019-03-13 10:34:00,3.135,3.135,3.135,3.135,100.0
2019-03-13 10:37:00,3.1161,3.1161,3.1161,3.1161,176.0
2019-03-13 10:40:00,3.14,3.14,3.14,3.14,1642.0
2019-03-13 10:52:00,3.16,3.16,3.16,3.16,270.0
2019-03-13 10:57:00,3.125,3.125,3.125,3.125,100100.0
2019-03-13 11:00:00,3.1,3.1,3.1,3.1,5212.0
2019-03-13 11:02:00,3.1,3.1,3.1,3.1,90817.0
2019-03-13 11:04:00,3.1,3.1,3.1,3.1,1700.0
2019-03-13 11:05:00,3.1,3.1,3.05,3.05,6218.0
2019-03-13 11:06:00,3.0425,3.0425,3.0425,3.0425,2000.0
2019-03-13 11:08:00,3.05,3.05,3.05,3.05,600.0
2019-03-13 11:09:00,3.06,3.06,3.06,3.06,400.0
2019-03-13 11:12:00,3.05,3.05,3.05,3.05,1600.0
2019-03-13 11:16:00,3.05,3.05,3.05,3.05,3566.0
2019-03-13 11:17:00,3.065,3.065,3.065,3.065,3000.0
2019-03-13 11:21:00,3.07,3.07,3.07,3.07,300.0
2019-03-13 11:24:00,3.09,3.09,3.09,3.09,626.0
2019-03-13 11:31:00,3.0846,3.0846,3.0846,3.0846,650.0
2019-03-13 11:32:00,3.0831,3.0831,3.0831,3.0831,267.0
2019-03-13 11:43:00,3.07,3.07,3.07,3.07,400.0
2019-03-13 11:48:00,3.07,3.07,3.07,3.07,400.0
2019-03-13 11:53:00,3.08,3.08,3.08,3.08,1200.0
2019-03-13 11:54:00,3.05,3.05,3.05,3.05,9533.0
2019-03-13 12:09:00,3.05,3.05,3.05,3.05,6050.0
2019-03-13 12:10:00,3.05,3.05,3.05,3.05,2200.0
2019-03-13 12:11:00,3.05,3.05,3.05,3.05,2176.0
2019-03-13 12:12:00,3.05,3.05,3.05,3.05,2061.0
2019-03-13 12:13:00,3.05,3.05,3.01,3.035,20313.0
2019-03-13 12:17:00,3.025,3.025,3.025,3.025,1350.0
2019-03-13 12:31:00,3.053,3.053,3.053,3.053,500.0
2019-03-13 12:33:00,3.05,3.05,3.05,3.05,1382.0
2019-03-13 12:34:00,3.02,3.02,3.02,3.02,1303.0
2019-03-13 12:41:00,3.04,3.04,3.04,3.04,100.0
2019-03-13 12:44:00,3.05,3.05,3.05,3.05,1471.0
2019-03-13 13:02:00,3.05,3.05,3.05,3.05,400.0
2019-03-13 13:05:00,3.05,3.05,3.05,3.05,601.0
2019-03-13 13:28:00,3.05,3.05,3.05,3.05,100.0
2019-03-13 13:41:00,3.055,3.055,3.005,3.005,20282.0
2019-03-13 13:42:00,3.0,3.0305,3.0,3.0305,3400.0
2019-03-13 13:44:00,3.0,3.0,3.0,3.0,100.0
2019-03-13 13:45:00,3.06,3.06,3.06,3.06,335.0
2019-03-13 14:05:00,3.06,3.06,3.06,3.06,301.0
2019-03-13 14:48:00,3.07,3.07,3.07,3.07,302.0
2019-03-13 15:16:00,3.07,3.07,3.07,3.07,1100.0
2019-03-13 15:22:00,3.1,3.1,3.1,3.1,1400.0
2019-03-13 15:26:00,3.1,3.1,3.1,3.1,1500.0
2019-03-13 15:28:00,3.09,3.09,3.09,3.09,200.0
2019-03-13 15:29:00,3.1,3.1,3.1,3.1,1300.0
2019-03-13 15:31:00,3.095,3.095,3.095,3.095,2300.0
2019-03-13 15:33:00,3.1,3.1,3.1,3.1,800.0
2019-03-13 15:44:00,3.1,3.1,3.1,3.1,100.0
2019-03-13 15:45:00,3.1,3.1,3.1,3.1,600.0
2019-03-13 15:46:00,3.08,3.08,3.08,3.08,709.0
2019-03-13 15:47:00,3.1,3.1,3.1,3.1,1300.0
2019-03-13 15:49:00,3.1,3.1,3.1,3.1,900.0
2019-03-13 15:51:00,3.09,3.09,3.09,3.09,900.0
2019-03-13 15:52:00,3.1,3.1,3.1,3.1,700.0
2019-03-13 15:54:00,3.1,3.1,3.1,3.1,900.0
2019-03-13 15:55:00,3.1,3.1,3.1,3.1,700.0
2019-03-13 15:56:00,3.1,3.1,3.1,3.1,825.0
2019-03-13 15:58:00,3.09,3.09,3.09,3.09,1156.0
2019-03-13 15:59:00,3.075,3.075,3.075,3.075,800.0
2019-03-14 09:32:00,3.01,3.01,3.01,3.01,0.0
2019-03-14 09:38:00,3.02,3.02,3.02,3.02,408.0
2019-03-14 09:43:00,3.01,3.01,3.01,3.01,425.0
2019-03-14 09:55:00,3.05,3.05,3.05,3.05,100.0
2019-03-14 10:08:00,3.03,3.03,3.03,3.03,143.0
2019-03-14 10:32:00,3.05,3.05,3.05,3.05,214.0
2019-03-14 10:43:00,3.06,3.06,3.06,3.06,100.0
2019-03-14 10:54:00,3.05,3.05,3.05,3.05,409.0
2019-03-14 11:08:00,3.05,3.05,3.05,3.05,440.0
2019-03-14 12:21:00,3.05,3.05,3.05,3.05,233.0
2019-03-14 13:50:00,3.0,3.0,3.0,3.0,2391.0
2019-03-14 13:52:00,3.02,3.02,3.02,3.02,347.0
2019-03-14 13:55:00,3.01,3.01,3.01,3.01,610.0
2019-03-14 14:06:00,3.01,3.01,3.01,3.01,100.0
2019-03-14 14:37:00,3.0,3.0,2.98,2.99,3800.0
2019-03-14 14:38:00,3.0,3.0,3.0,3.0,300.0
2019-03-14 14:39:00,2.98,2.98,2.98,2.98,112.0
2019-03-14 14:42:00,3.0,3.0,3.0,3.0,200.0
2019-03-14 14:50:00,3.0,3.0,3.0,3.0,1100.0
2019-03-14 14:59:00,2.99,2.99,2.99,2.99,896.0
2019-03-14 15:02:00,2.97,2.97,2.97,2.97,130.0
2019-03-14 15:03:00,2.97,2.97,2.97,2.97,100.0
2019-03-14 15:04:00,3.0,3.0,3.0,3.0,704.0
2019-03-14 15:08:00,3.01,3.01,3.0,3.01,900.0
2019-03-14 15:09:00,3.02,3.02,3.02,3.02,100.0
2019-03-14 15:10:00,3.03,3.04,3.01,3.01,803.0
2019-03-14 15:12:00,3.05,3.06,3.02,3.04,1500.0
2019-03-14 15:18:00,3.07,3.07,3.035,3.035,300.0
2019-03-14 15:20:00,3.08,3.09,3.065,3.065,400.0
2019-03-14 15:21:00,3.09,3.09,3.05,3.05,300.0
2019-03-14 15:34:00,3.09,3.09,3.065,3.065,393.0
2019-03-14 15:59:00,3.055,3.08,3.04,3.07,3138.0
2019-03-14 16:00:00,3.07,3.12,3.06,3.1,0.0
2019-03-15 09:31:00,3.1,3.12,3.01,3.02,5415.0
2019-03-15 09:33:00,3.08,3.08,3.08,3.08,190.0
2019-03-15 09:45:00,3.09,3.1,3.09,3.1,200.0
2019-03-15 09:52:00,3.05,3.05,3.05,3.05,101.0
2019-03-15 11:09:00,3.08,3.08,3.08,3.08,20400.0
2019-03-15 11:10:00,3.06,3.06,3.06,3.06,1116.0
2019-03-15 11:11:00,3.06,3.1,3.06,3.1,911.0
2019-03-15 11:21:00,3.08,3.08,3.08,3.08,384.0
2019-03-15 11:22:00,3.07,3.07,3.06,3.06,1304.0
2019-03-15 11:23:00,3.06,3.06,3.06,3.06,100.0
2019-03-15 11:27:00,3.06,3.06,3.06,3.06,111.0
2019-03-15 11:36:00,3.05,3.05,3.05,3.05,1109.0
2019-03-15 11:47:00,3.1,3.1,3.075,3.075,207.0
2019-03-15 12:12:00,3.0749,3.0749,3.0749,3.0749,191.0
2019-03-15 13:31:00,3.06,3.06,3.01,3.01,2306.0
2019-03-15 13:32:00,3.01,3.03,3.01,3.03,221.0
2019-03-15 13:53:00,3.02,3.02,3.02,3.02,245.0
2019-03-15 14:27:00,3.04,3.04,3.04,3.04,635.0
2019-03-15 15:01:00,3.05,3.05,3.05,3.05,2209.0
2019-03-15 15:07:00,3.05,3.05,3.01,3.01,16772.0
2019-03-15 15:12:00,3.01,3.01,3.01,3.01,180.0
2019-03-15 15:28:00,3.01,3.01,3.01,3.01,104.0
2019-03-15 15:31:00,3.01,3.01,3.01,3.01,103.0
2019-03-15 15:34:00,3.01,3.01,3.01,3.01,108.0
2019-03-15 15:46:00,3.04,3.04,3.04,3.04,106.0
2019-03-15 15:52:00,3.06,3.06,3.06,3.06,1102.0
2019-03-15 15:53:00,3.085,3.085,3.085,3.085,1101.0
2019-03-15 15:54:00,3.085,3.085,3.085,3.085,601.0
2019-03-15 15:55:00,3.1,3.1,3.1,3.1,1001.0
2019-03-15 15:56:00,3.1,3.1,3.1,3.1,1401.0
2019-03-15 15:57:00,3.09,3.09,3.09,3.09,901.0
2019-03-15 15:58:00,3.115,3.115,3.115,3.115,1217.0
2019-03-15 15:59:00,3.15,3.15,3.15,3.15,1303.0
2019-03-15 16:00:00,3.12,3.12,3.12,3.12,3110.0
2019-03-18 09:31:00,3.14,3.14,3.14,3.14,0.0
2019-03-18 10:26:00,3.15,3.15,3.15,3.15,100.0
2019-03-18 10:53:00,3.12,3.12,3.12,3.12,200.0
2019-03-18 11:07:00,3.12,3.12,3.12,3.12,100.0
2019-03-18 11:08:00,3.09,3.09,3.09,3.09,815.0
2019-03-18 11:15:00,3.07,3.07,3.07,3.07,100.0
2019-03-18 11:17:00,3.05,3.05,3.05,3.05,5700.0
2019-03-18 11:18:00,3.05,3.05,3.05,3.05,300.0
2019-03-18 11:27:00,3.09,3.09,3.09,3.09,4900.0
2019-03-18 11:28:00,3.03,3.03,3.03,3.03,1110.0
2019-03-18 11:48:00,3.035,3.035,3.035,3.035,100.0
2019-03-18 12:01:00,3.09,3.09,3.09,3.09,100.0
2019-03-18 12:31:00,3.07,3.07,3.04,3.04,200.0
2019-03-18 12:36:00,3.03,3.03,3.03,3.03,100.0
2019-03-18 12:54:00,3.03,3.03,3.03,3.03,199.0
2019-03-18 13:15:00,3.03,3.03,3.03,3.03,100.0
2019-03-18 13:27:00,3.05,3.05,3.04,3.04,200.0
2019-03-18 13:41:00,3.04,3.04,3.04,3.04,200.0
2019-03-18 13:46:00,3.08,3.08,3.07,3.07,3700.0
2019-03-18 14:11:00,3.06,3.06,3.06,3.06,100.0
2019-03-18 14:49:00,3.06,3.06,3.06,3.06,100.0
2019-03-18 14:58:00,3.1,3.1,3.1,3.1,110.0
2019-03-18 15:14:00,3.0813,3.0813,3.07,3.07,2300.0
2019-03-18 15:16:00,3.07,3.07,3.07,3.07,100.0
2019-03-18 15:19:00,3.07,3.07,3.07,3.07,300.0
2019-03-18 15:28:00,3.07,3.07,3.07,3.07,100.0
2019-03-18 15:29:00,3.1,3.1,3.1,3.1,100.0
2019-03-18 15:31:00,3.1,3.1,3.1,3.1,100.0
2019-03-18 15:35:00,3.1,3.1,3.08,3.09,1900.0
2019-03-18 15:49:00,3.1,3.1,3.1,3.1,800.0
2019-03-18 15:50:00,3.105,3.105,3.105,3.105,2900.0
2019-03-18 15:51:00,3.105,3.105,3.105,3.105,900.0
2019-03-18 15:53:00,3.1,3.11,3.1,3.11,5800.0
2019-03-18 15:54:00,3.12,3.12,3.12,3.12,1700.0
2019-03-18 16:00:00,3.12,3.12,3.12,3.12,781.0
2019-03-19 09:31:00,3.15,3.15,3.15,3.15,0.0
2019-03-19 09:48:00,3.125,3.125,3.125,3.125,101.0
2019-03-19 10:14:00,3.1638,3.1638,3.08,3.08,1101.0
2019-03-19 11:02:00,3.15,3.15,3.15,3.15,208.0
2019-03-19 11:36:00,3.15,3.15,3.15,3.15,100.0
2019-03-19 12:18:00,3.1345,3.1345,3.1345,3.1345,300.0
2019-03-19 12:23:00,3.1,3.1,3.1,3.1,300.0
2019-03-19 12:25:00,3.1,3.1,3.1,3.1,200.0
2019-03-19 12:27:00,3.11,3.11,3.11,3.11,300.0
2019-03-19 12:43:00,3.08,3.08,3.08,3.08,100.0
2019-03-19 12:50:00,3.11,3.11,3.11,3.11,125.0
2019-03-19 13:25:00,3.12,3.12,3.12,3.12,100.0
2019-03-19 13:36:00,3.12,3.12,3.12,3.12,202.0
2019-03-19 14:22:00,3.12,3.12,3.12,3.12,100.0
2019-03-19 14:23:00,3.09,3.09,3.09,3.09,521.0
2019-03-19 14:57:00,3.12,3.12,3.12,3.12,208.0
2019-03-19 15:24:00,3.05,3.05,3.05,3.05,3665.0
2019-03-19 15:25:00,3.03,3.03,3.03,3.03,1048.0
2019-03-19 16:00:00,3.03,3.03,3.03,3.03,202.0
2019-03-20 09:31:00,3.03,3.03,3.03,3.03,0.0
2019-03-20 09:48:00,3.03,3.03,3.03,3.03,603.0
2019-03-20 09:57:00,3.03,3.03,3.03,3.03,850.0
2019-03-20 10:40:00,3.04,3.04,3.04,3.04,100.0
2019-03-20 10:55:00,3.04,3.04,3.04,3.04,200.0
2019-03-20 10:56:00,3.04,3.04,3.02,3.02,500.0
2019-03-20 11:00:00,3.05,3.05,3.05,3.05,100.0
2019-03-20 11:06:00,3.02,3.02,3.02,3.02,150.0
2019-03-20 11:14:00,3.02,3.02,3.02,3.02,260.0
2019-03-20 11:32:00,3.02,3.02,3.02,3.02,350.0
2019-03-20 11:36:00,3.02,3.02,3.02,3.02,150.0
2019-03-20 12:15:00,3.02,3.02,3.02,3.02,100.0
2019-03-20 12:16:00,3.02,3.02,3.0,3.0,990.0
2019-03-20 12:25:00,3.0,3.0,3.0,3.0,200.0
2019-03-20 12:28:00,3.01,3.01,3.01,3.01,200.0
2019-03-20 12:33:00,3.0,3.0,3.0,3.0,900.0
2019-03-20 12:43:00,2.95,2.95,2.95,2.95,188.0
2019-03-20 13:10:00,2.9501,2.9501,2.9501,2.9501,600.0
2019-03-20 13:11:00,2.95,2.95,2.95,2.95,100.0
2019-03-20 13:27:00,2.98,2.98,2.95,2.95,314.0
2019-03-20 14:43:00,2.96,2.96,2.96,2.96,714.0
2019-03-20 15:00:00,2.98,2.99,2.98,2.99,1000.0
2019-03-20 15:01:00,3.0,3.0,3.0,3.0,600.0
2019-03-20 15:08:00,3.02,3.02,3.0,3.0,6322.0
2019-03-20 15:09:00,3.01,3.01,3.01,3.01,214.0
2019-03-20 15:50:00,3.025,3.025,3.025,3.025,100.0
2019-03-20 16:00:00,3.03,3.03,3.03,3.03,674.0
2019-03-21 09:31:00,3.02,3.02,3.02,3.02,0.0
2019-03-21 10:22:00,3.0497,3.0497,3.03,3.03,510.0
2019-03-21 10:25:00,3.0547,3.0547,3.0547,3.0547,500.0
2019-03-21 10:50:00,3.035,3.035,3.035,3.035,120.0
2019-03-21 10:58:00,3.06,3.06,3.04,3.04,300.0
2019-03-21 11:06:00,3.0548,3.07,3.0548,3.07,200.0
2019-03-21 11:20:00,3.0556,3.0556,3.0556,3.0556,100.0
2019-03-21 11:35:00,3.04,3.04,3.03,3.03,205.0
2019-03-21 11:53:00,3.07,3.07,3.07,3.07,100.0
2019-03-21 12:19:00,3.055,3.055,3.055,3.055,634.0
2019-03-21 12:26:00,3.055,3.055,3.04,3.04,700.0
2019-03-21 12:32:00,3.045,3.045,3.045,3.045,320.0
2019-03-21 12:39:00,3.035,3.035,3.035,3.035,2113.0
2019-03-21 12:57:00,3.05,3.05,3.04,3.04,800.0
2019-03-21 13:03:00,3.04,3.04,3.04,3.04,15288.0
2019-03-21 13:04:00,3.02,3.02,3.02,3.02,15200.0
2019-03-21 13:05:00,3.02,3.02,2.99,2.99,19300.0
2019-03-21 13:06:00,2.975,3.03,2.9701,2.9701,29816.0
2019-03-21 13:09:00,3.025,3.025,3.025,3.025,1770.0
2019-03-21 13:10:00,3.015,3.015,3.015,3.015,1726.0
2019-03-21 13:14:00,3.02,3.02,3.02,3.02,200.0
2019-03-21 13:15:00,3.01,3.01,3.01,3.01,15000.0
2019-03-21 13:16:00,3.0,3.0,3.0,3.0,3706.0
2019-03-21 13:22:00,2.96,2.96,2.96,2.96,100.0
2019-03-21 13:38:00,2.96,2.96,2.96,2.96,200.0
2019-03-21 13:40:00,2.985,2.985,2.96,2.96,3300.0
2019-03-21 13:48:00,2.96,2.96,2.96,2.96,100.0
2019-03-21 13:49:00,2.96,2.96,2.96,2.96,101.0
2019-03-21 15:11:00,2.9711,2.9711,2.9711,2.9711,269.0
2019-03-22 09:31:00,2.95,2.95,2.95,2.95,0.0
2019-03-22 09:57:00,3.01,3.01,3.01,3.01,114.0
2019-03-22 10:18:00,2.97,2.97,2.97,2.97,115.0
2019-03-22 10:51:00,2.95,2.95,2.9131,2.9131,568.0
2019-03-22 11:21:00,2.91,2.91,2.91,2.91,243.0
2019-03-22 11:34:00,2.89,2.89,2.89,2.89,109.0
2019-03-22 11:44:00,2.89,2.89,2.89,2.89,121.0
2019-03-22 12:11:00,2.86,2.86,2.86,2.86,128.0
2019-03-22 12:36:00,2.84,2.84,2.84,2.84,109.0
2019-03-22 12:40:00,2.8598,2.8598,2.84,2.84,1262.0
2019-03-22 12:57:00,2.86,2.89,2.85,2.85,2626.0
2019-03-22 13:07:00,2.8531,2.8531,2.84,2.84,1329.0
2019-03-22 13:33:00,2.86,2.86,2.86,2.86,100.0
2019-03-22 13:34:00,2.835,2.835,2.83,2.83,207.0
2019-03-22 13:51:00,2.85,2.85,2.85,2.85,139.0
2019-03-22 14:35:00,2.86,2.86,2.86,2.86,110.0
2019-03-22 14:39:00,2.85,2.85,2.85,2.85,100.0
2019-03-22 14:40:00,2.85,2.85,2.85,2.85,110.0
2019-03-22 14:41:00,2.85,2.85,2.85,2.85,104.0
2019-03-22 14:43:00,2.85,2.85,2.85,2.85,323.0
2019-03-22 15:02:00,2.85,2.86,2.84,2.86,2095.0
2019-03-22 15:03:00,2.85,2.855,2.85,2.85,500.0
2019-03-22 15:04:00,2.85,2.86,2.85,2.86,715.0
2019-03-22 15:06:00,2.86,2.86,2.86,2.86,525.0
2019-03-22 15:07:00,2.86,2.86,2.85,2.86,850.0
2019-03-22 15:09:00,2.86,2.86,2.855,2.855,745.0
2019-03-22 15:13:00,2.86,2.86,2.85,2.85,1082.0
2019-03-22 15:14:00,2.86,2.86,2.86,2.86,100.0
2019-03-22 15:15:00,2.86,2.86,2.86,2.86,115.0
2019-03-22 15:16:00,2.86,2.86,2.86,2.86,102.0
2019-03-22 15:17:00,2.86,2.86,2.86,2.86,200.0
2019-03-22 15:18:00,2.86,2.86,2.86,2.86,115.0
2019-03-22 15:23:00,2.86,2.86,2.85,2.85,346.0
2019-03-22 15:28:00,2.86,2.86,2.86,2.86,100.0
2019-03-22 15:29:00,2.86,2.86,2.86,2.86,115.0
2019-03-22 15:31:00,2.86,2.86,2.85,2.85,622.0
2019-03-22 15:36:00,2.86,2.86,2.86,2.86,523.0
2019-03-22 15:44:00,2.8495,2.8495,2.84,2.84,320.0
2019-03-22 15:45:00,2.86,2.86,2.84,2.86,401.0
2019-03-22 15:50:00,2.85,2.85,2.85,2.85,223.0
2019-03-22 15:58:00,2.85,2.86,2.85,2.86,505.0
2019-03-22 15:59:00,2.855,2.86,2.83,2.845,1130.0
2019-03-22 16:00:00,2.86,2.86,2.85,2.85,1239.0
2019-03-25 09:31:00,2.81,2.81,2.75,2.75,0.0
2019-03-25 09:32:00,2.75,2.75,2.75,2.75,101.0
2019-03-25 09:50:00,2.8,2.8,2.8,2.8,200.0
2019-03-25 09:52:00,2.79,2.79,2.79,2.79,856.0
2019-03-25 10:33:00,2.77,2.77,2.77,2.77,1457.0
2019-03-25 10:35:00,2.75,2.75,2.75,2.75,100.0
2019-03-25 10:42:00,2.65,2.65,2.65,2.65,3600.0
2019-03-25 10:43:00,2.68,2.68,2.65,2.65,3351.0
2019-03-25 10:50:00,2.65,2.65,2.65,2.65,100.0
2019-03-25 10:54:00,2.68,2.68,2.68,2.68,2200.0
2019-03-25 10:58:00,2.675,2.675,2.675,2.675,100.0
2019-03-25 11:18:00,2.7,2.7,2.7,2.7,111.0
2019-03-25 11:25:00,2.7125,2.7125,2.7125,2.7125,4000.0
2019-03-25 11:27:00,2.71,2.71,2.71,2.71,771.0
2019-03-25 11:42:00,2.73,2.73,2.73,2.73,100.0
2019-03-25 12:01:00,2.73,2.73,2.73,2.73,150.0
2019-03-25 12:24:00,2.71,2.71,2.71,2.71,223.0
2019-03-25 13:05:00,2.7165,2.7165,2.7165,2.7165,150.0
2019-03-25 13:06:00,2.73,2.73,2.73,2.73,100.0
2019-03-25 13:22:00,2.71,2.71,2.7,2.7,3340.0
2019-03-25 13:27:00,2.7397,2.7397,2.71,2.71,1310.0
2019-03-25 13:58:00,2.71,2.71,2.71,2.71,102.0
2019-03-25 13:59:00,2.7105,2.7105,2.7105,2.7105,200.0
2019-03-25 14:25:00,2.72,2.72,2.72,2.72,300.0
2019-03-25 14:28:00,2.71,2.71,2.71,2.71,395.0
2019-03-25 15:17:00,2.72,2.72,2.72,2.72,220.0
2019-03-25 15:26:00,2.72,2.72,2.71,2.71,1300.0
2019-03-25 15:27:00,2.71,2.71,2.71,2.71,253.0
2019-03-26 09:31:00,2.75,2.75,2.75,2.75,0.0
2019-03-26 09:47:00,2.73,2.73,2.73,2.73,136.0
2019-03-26 10:00:00,2.73,2.73,2.73,2.73,100.0
2019-03-26 10:02:00,2.73,2.73,2.73,2.73,200.0
2019-03-26 10:08:00,2.765,2.765,2.765,2.765,100.0
2019-03-26 10:57:00,2.72,2.72,2.72,2.72,206.0
2019-03-26 11:16:00,2.72,2.72,2.72,2.72,300.0
2019-03-26 11:18:00,2.72,2.72,2.72,2.72,400.0
2019-03-26 11:26:00,2.67,2.67,2.67,2.67,100.0
2019-03-26 11:30:00,2.71,2.71,2.71,2.71,100.0
2019-03-26 11:31:00,2.71,2.71,2.71,2.71,100.0
2019-03-26 11:33:00,2.71,2.71,2.71,2.71,200.0
2019-03-26 11:35:00,2.71,2.71,2.71,2.71,200.0
2019-03-26 11:36:00,2.71,2.71,2.71,2.71,200.0
2019-03-26 11:38:00,2.7,2.7,2.7,2.7,200.0
2019-03-26 11:40:00,2.7,2.7,2.7,2.7,200.0
2019-03-26 11:42:00,2.7,2.7,2.7,2.7,200.0
2019-03-26 11:43:00,2.7,2.7,2.7,2.7,100.0
2019-03-26 11:45:00,2.7,2.7,2.7,2.7,200.0
2019-03-26 11:47:00,2.7,2.7,2.7,2.7,200.0
2019-03-26 11:48:00,2.7,2.7,2.7,2.7,200.0
2019-03-26 11:50:00,2.7,2.7,2.7,2.7,200.0
2019-03-26 11:51:00,2.7,2.7,2.7,2.7,100.0
2019-03-26 11:52:00,2.7,2.7,2.7,2.7,0.0
2019-03-26 11:53:00,2.7,2.7,2.67,2.67,200.0
2019-03-26 11:55:00,2.7,2.7,2.7,2.7,200.0
2019-03-26 11:56:00,2.7,2.7,2.7,2.7,100.0
2019-03-26 11:57:00,2.7,2.7,2.7,2.7,100.0
2019-03-26 11:59:00,2.7,2.7,2.7,2.7,100.0
2019-03-26 12:00:00,2.7,2.7,2.7,2.7,100.0
2019-03-26 12:01:00,2.7,2.7,2.7,2.7,100.0
2019-03-26 12:02:00,2.68,2.7,2.67,2.67,9300.0
2019-03-26 12:03:00,2.69,2.7,2.68,2.7,2812.0
2019-03-26 12:04:00,2.695,2.695,2.695,2.695,100.0
2019-03-26 12:06:00,2.7,2.7,2.7,2.7,100.0
2019-03-26 12:10:00,2.7,2.7,2.7,2.7,204.0
2019-03-26 12:13:00,2.7,2.7,2.7,2.7,1580.0
2019-03-26 12:25:00,2.71,2.71,2.71,2.71,1100.0
2019-03-26 12:47:00,2.7046,2.7046,2.7046,2.7046,125.0
2019-03-26 12:53:00,2.69,2.7,2.69,2.7,300.0
2019-03-26 13:05:00,2.69,2.69,2.69,2.69,100.0
2019-03-26 13:06:00,2.69,2.69,2.69,2.69,0.0
2019-03-26 13:22:00,2.69,2.69,2.69,2.69,300.0
2019-03-26 13:23:00,2.69,2.69,2.69,2.69,0.0
2019-03-26 13:33:00,2.7,2.72,2.7,2.7,6800.0
2019-03-26 13:34:00,2.72,2.72,2.68,2.68,6594.0
2019-03-26 13:35:00,2.7,2.7,2.68,2.68,700.0
2019-03-26 13:40:00,2.67,2.67,2.67,2.67,200.0
2019-03-26 13:50:00,2.68,2.68,2.68,2.68,100.0
2019-03-26 14:15:00,2.66,2.66,2.66,2.66,100.0
2019-03-26 14:21:00,2.69,2.69,2.69,2.69,100.0
2019-03-26 14:25:00,2.7,2.7,2.7,2.7,200.0
2019-03-26 14:47:00,2.705,2.705,2.69,2.69,352.0
2019-03-26 14:49:00,2.685,2.685,2.685,2.685,376.0
2019-03-26 15:29:00,2.68,2.68,2.68,2.68,113.0
2019-03-26 15:33:00,2.69,2.69,2.69,2.69,875.0
2019-03-26 15:39:00,2.7,2.7,2.7,2.7,100.0
2019-03-26 15:43:00,2.695,2.695,2.695,2.695,200.0
2019-03-26 15:44:00,2.7,2.7,2.7,2.7,100.0
2019-03-26 15:53:00,2.68,2.68,2.68,2.68,175.0
2019-03-26 16:00:00,2.68,2.68,2.68,2.68,575.0
2019-03-27 09:31:00,2.69,2.69,2.69,2.69,0.0
2019-03-27 09:58:00,2.73,2.73,2.73,2.73,900.0
2019-03-27 10:07:00,2.76,2.77,2.76,2.77,200.0
2019-03-27 10:09:00,2.74,2.74,2.74,2.74,100.0
2019-03-27 10:16:00,2.71,2.71,2.71,2.71,100.0
2019-03-27 10:20:00,2.71,2.71,2.71,2.71,200.0
2019-03-27 10:26:00,2.74,2.74,2.71,2.71,2328.0
2019-03-27 10:38:00,2.74,2.74,2.74,2.74,100.0
2019-03-27 10:40:00,2.71,2.71,2.71,2.71,100.0
2019-03-27 10:41:00,2.735,2.735,2.715,2.715,900.0
2019-03-27 10:42:00,2.71,2.71,2.71,2.71,100.0
2019-03-27 10:43:00,2.71,2.71,2.71,2.71,100.0
2019-03-27 10:44:00,2.71,2.71,2.71,2.71,100.0
2019-03-27 10:46:00,2.71,2.71,2.71,2.71,300.0
2019-03-27 10:48:00,2.71,2.71,2.71,2.71,100.0
2019-03-27 10:49:00,2.71,2.71,2.71,2.71,100.0
2019-03-27 10:51:00,2.71,2.71,2.71,2.71,103.0
2019-03-27 10:53:00,2.71,2.74,2.71,2.725,323.0
2019-03-27 10:56:00,2.71,2.71,2.71,2.71,440.0
2019-03-27 10:57:00,2.68,2.68,2.68,2.68,100.0
2019-03-27 11:00:00,2.68,2.68,2.68,2.68,100.0
2019-03-27 11:02:00,2.68,2.68,2.68,2.68,100.0
2019-03-27 11:03:00,2.705,2.705,2.68,2.705,2300.0
2019-03-27 11:06:00,2.68,2.68,2.68,2.68,100.0
2019-03-27 11:08:00,2.68,2.68,2.68,2.68,200.0
2019-03-27 11:10:00,2.695,2.695,2.68,2.68,300.0
2019-03-27 11:12:00,2.7,2.7,2.69,2.7,500.0
2019-03-27 11:15:00,2.7,2.7,2.7,2.7,100.0
2019-03-27 11:17:00,2.7,2.7,2.7,2.7,200.0
2019-03-27 11:18:00,2.69,2.69,2.69,2.69,100.0
2019-03-27 11:19:00,2.7,2.7,2.7,2.7,100.0
2019-03-27 11:20:00,2.69,2.69,2.69,2.69,100.0
2019-03-27 11:21:00,2.69,2.69,2.69,2.69,200.0
2019-03-27 11:22:00,2.7,2.7,2.7,2.7,100.0
2019-03-27 11:25:00,2.69,2.7,2.69,2.69,400.0
2019-03-27 11:27:00,2.69,2.7,2.69,2.69,694.0
2019-03-27 11:30:00,2.69,2.69,2.69,2.69,100.0
2019-03-27 11:31:00,2.68,2.68,2.68,2.68,200.0
2019-03-27 11:34:00,2.68,2.68,2.68,2.68,100.0
2019-03-27 11:37:00,2.68,2.68,2.68,2.68,100.0
2019-03-27 11:39:00,2.68,2.68,2.68,2.68,100.0
2019-03-27 11:42:00,2.68,2.68,2.68,2.68,103.0
2019-03-27 11:44:00,2.68,2.69,2.68,2.69,200.0
2019-03-27 11:45:00,2.69,2.69,2.69,2.69,100.0
2019-03-27 11:47:00,2.69,2.69,2.69,2.69,100.0
2019-03-27 11:48:00,2.68,2.68,2.68,2.68,100.0
2019-03-27 11:51:00,2.68,2.68,2.68,2.68,500.0
2019-03-27 11:54:00,2.65,2.65,2.65,2.65,200.0
2019-03-27 11:56:00,2.65,2.65,2.65,2.65,225.0
2019-03-27 11:59:00,2.62,2.62,2.62,2.62,100.0
2019-03-27 12:01:00,2.61,2.61,2.61,2.61,200.0
2019-03-27 12:03:00,2.6,2.6,2.6,2.6,200.0
2019-03-27 12:05:00,2.6,2.6,2.6,2.6,400.0
2019-03-27 12:07:00,2.6,2.6,2.6,2.6,102.0
2019-03-27 12:08:00,2.61,2.61,2.61,2.61,100.0
2019-03-27 12:10:00,2.6,2.6108,2.6,2.6108,386.0
2019-03-27 12:11:00,2.6,2.6,2.6,2.6,214.0
2019-03-27 12:13:00,2.6,2.6,2.6,2.6,100.0
2019-03-27 12:15:00,2.6,2.6,2.6,2.6,100.0
2019-03-27 12:17:00,2.6,2.6,2.6,2.6,100.0
2019-03-27 12:20:00,2.6,2.6,2.6,2.6,100.0
2019-03-27 12:23:00,2.6,2.6,2.6,2.6,100.0
2019-03-27 12:26:00,2.6,2.6,2.6,2.6,170.0
2019-03-27 12:28:00,2.6,2.6,2.6,2.6,103.0
2019-03-27 12:30:00,2.6,2.6,2.6,2.6,100.0
2019-03-27 12:32:00,2.6,2.6,2.6,2.6,200.0
2019-03-27 12:35:00,2.6,2.6,2.6,2.6,100.0
2019-03-27 12:38:00,2.6,2.6,2.6,2.6,100.0
2019-03-27 12:41:00,2.6,2.6,2.6,2.6,100.0
2019-03-27 12:44:00,2.6,2.6,2.6,2.6,100.0
2019-03-27 12:46:00,2.6,2.6,2.6,2.6,100.0
2019-03-27 12:48:00,2.6,2.6,2.6,2.6,100.0
2019-03-27 12:50:00,2.6,2.6,2.6,2.6,100.0
2019-03-27 12:52:00,2.6,2.6,2.6,2.6,100.0
2019-03-27 12:54:00,2.6,2.6,2.6,2.6,200.0
2019-03-27 12:56:00,2.6,2.6,2.6,2.6,100.0
2019-03-27 12:58:00,2.6,2.6,2.6,2.6,100.0
2019-03-27 13:00:00,2.6,2.6,2.6,2.6,100.0
2019-03-27 13:02:00,2.6,2.6,2.6,2.6,100.0
2019-03-27 13:04:00,2.6,2.6,2.6,2.6,100.0
2019-03-27 13:05:00,2.6,2.6,2.6,2.6,100.0
2019-03-27 13:07:00,2.6,2.6,2.6,2.6,100.0
2019-03-27 13:08:00,2.6,2.6,2.6,2.6,100.0
2019-03-27 13:10:00,2.6,2.6,2.6,2.6,500.0
2019-03-27 13:12:00,2.58,2.58,2.58,2.58,100.0
2019-03-27 13:13:00,2.61,2.61,2.58,2.595,1400.0
2019-03-27 13:27:00,2.605,2.605,2.605,2.605,100.0
2019-03-27 13:30:00,2.61,2.61,2.61,2.61,100.0
2019-03-27 13:33:00,2.61,2.61,2.61,2.61,107.0
2019-03-27 13:36:00,2.62,2.62,2.62,2.62,100.0
2019-03-27 13:39:00,2.62,2.62,2.62,2.62,100.0
2019-03-27 13:41:00,2.62,2.62,2.62,2.62,400.0
2019-03-27 13:42:00,2.62,2.62,2.62,2.62,100.0
2019-03-27 13:45:00,2.62,2.62,2.62,2.62,100.0
2019-03-27 13:48:00,2.62,2.62,2.62,2.62,100.0
2019-03-27 13:51:00,2.62,2.62,2.62,2.62,200.0
2019-03-27 13:53:00,2.62,2.62,2.62,2.62,100.0
2019-03-27 13:54:00,2.63,2.63,2.63,2.63,100.0
2019-03-27 13:57:00,2.63,2.63,2.63,2.63,100.0
2019-03-27 14:00:00,2.63,2.63,2.63,2.63,100.0
2019-03-27 14:02:00,2.63,2.63,2.63,2.63,100.0
2019-03-27 14:05:00,2.62,2.62,2.62,2.62,100.0
2019-03-27 14:07:00,2.63,2.63,2.63,2.63,100.0
2019-03-27 14:10:00,2.63,2.63,2.63,2.63,200.0
2019-03-27 14:12:00,2.62,2.62,2.62,2.62,100.0
2019-03-27 14:15:00,2.63,2.63,2.63,2.63,100.0
2019-03-27 14:18:00,2.63,2.63,2.61,2.63,300.0
2019-03-27 14:20:00,2.61,2.61,2.61,2.61,100.0
2019-03-27 14:23:00,2.61,2.61,2.61,2.61,100.0
2019-03-27 14:25:00,2.61,2.63,2.61,2.63,200.0
2019-03-27 14:28:00,2.61,2.61,2.61,2.61,100.0
2019-03-27 14:30:00,2.61,2.61,2.61,2.61,200.0
2019-03-27 14:31:00,2.63,2.63,2.63,2.63,300.0
2019-03-27 14:32:00,2.61,2.61,2.61,2.61,100.0
2019-03-27 14:33:00,2.61,2.61,2.61,2.61,100.0
2019-03-27 14:35:00,2.61,2.63,2.61,2.63,200.0
2019-03-27 14:36:00,2.62,2.62,2.62,2.62,100.0
2019-03-27 14:37:00,2.61,2.61,2.61,2.61,100.0
2019-03-27 14:38:00,2.62,2.62,2.61,2.61,200.0
2019-03-27 14:40:00,2.61,2.63,2.61,2.63,200.0
2019-03-27 14:42:00,2.61,2.61,2.61,2.61,100.0
2019-03-27 14:43:00,2.62,2.62,2.61,2.61,200.0
2019-03-27 14:45:00,2.61,2.61,2.61,2.61,100.0
2019-03-27 14:47:00,2.61,2.61,2.61,2.61,100.0
2019-03-27 14:50:00,2.61,2.63,2.61,2.63,400.0
2019-03-27 14:52:00,2.61,2.61,2.61,2.61,100.0
2019-03-27 14:53:00,2.62,2.62,2.62,2.62,100.0
2019-03-27 14:54:00,2.61,2.61,2.61,2.61,100.0
2019-03-27 14:56:00,2.61,2.61,2.61,2.61,100.0
2019-03-27 14:58:00,2.61,2.61,2.61,2.61,100.0
2019-03-27 15:00:00,2.61,2.61,2.61,2.61,100.0
2019-03-27 15:01:00,2.62,2.62,2.61,2.62,900.0
2019-03-27 15:02:00,2.61,2.61,2.61,2.61,100.0
2019-03-27 15:04:00,2.61,2.62,2.61,2.615,500.0
2019-03-27 15:06:00,2.61,2.615,2.61,2.615,300.0
2019-03-27 15:07:00,2.615,2.615,2.615,2.615,100.0
2019-03-27 15:09:00,2.61,2.61,2.61,2.61,100.0
2019-03-27 15:10:00,2.61,2.61,2.61,2.61,100.0
2019-03-27 15:11:00,2.61,2.61,2.61,2.61,100.0
2019-03-27 15:12:00,2.61,2.61,2.61,2.61,100.0
2019-03-27 15:13:00,2.615,2.615,2.61,2.615,500.0
2019-03-27 15:16:00,2.61,2.61,2.61,2.61,100.0
2019-03-27 15:17:00,2.61,2.61,2.61,2.61,200.0
2019-03-27 15:19:00,2.61,2.61,2.61,2.61,200.0
2019-03-27 15:20:00,2.61,2.61,2.61,2.61,100.0
2019-03-27 15:21:00,2.61,2.62,2.61,2.62,400.0
2019-03-27 15:22:00,2.615,2.615,2.615,2.615,700.0
2019-03-27 15:27:00,2.61,2.61,2.605,2.605,602.0
2019-03-27 15:29:00,2.62,2.62,2.62,2.62,100.0
2019-03-27 15:30:00,2.605,2.605,2.605,2.605,100.0
2019-03-27 15:32:00,2.605,2.605,2.605,2.605,100.0
2019-03-27 15:33:00,2.605,2.605,2.605,2.605,100.0
2019-03-27 15:35:00,2.605,2.605,2.605,2.605,100.0
2019-03-27 15:36:00,2.605,2.605,2.605,2.605,100.0
2019-03-27 15:38:00,2.62,2.62,2.62,2.62,100.0
2019-03-27 15:39:00,2.605,2.605,2.605,2.605,100.0
2019-03-27 15:41:00,2.605,2.605,2.605,2.605,100.0
2019-03-27 15:42:00,2.605,2.62,2.605,2.62,300.0
2019-03-27 15:43:00,2.62,2.62,2.62,2.62,100.0
2019-03-27 15:44:00,2.61,2.62,2.6,2.61,1000.0
2019-03-27 15:46:00,2.61,2.61,2.61,2.61,300.0
2019-03-27 15:47:00,2.6,2.61,2.6,2.61,300.0
2019-03-27 15:48:00,2.61,2.63,2.61,2.61,500.0
2019-03-27 15:49:00,2.61,2.62,2.61,2.62,300.0
2019-03-27 15:50:00,2.61,2.625,2.61,2.61,600.0
2019-03-27 15:51:00,2.62,2.62,2.61,2.61,600.0
2019-03-27 15:52:00,2.62,2.62,2.61,2.615,609.0
2019-03-27 15:53:00,2.61,2.62,2.61,2.615,900.0
2019-03-27 15:54:00,2.61,2.62,2.61,2.615,800.0
2019-03-27 15:55:00,2.615,2.615,2.61,2.61,1700.0
2019-03-27 15:56:00,2.615,2.615,2.61,2.615,604.0
2019-03-27 15:57:00,2.615,2.615,2.615,2.615,100.0
2019-03-27 15:58:00,2.615,2.615,2.615,2.615,2891.0
2019-03-27 15:59:00,2.615,2.615,2.615,2.615,400.0
2019-03-27 16:00:00,2.615,2.615,2.605,2.605,1011.0
2019-03-28 09:31:00,2.65,2.65,2.65,2.65,0.0
2019-03-28 10:34:00,2.72,2.72,2.72,2.72,200.0
2019-03-28 10:54:00,2.65,2.65,2.65,2.65,1100.0
2019-03-28 10:56:00,2.65,2.65,2.65,2.65,100.0
2019-03-28 10:57:00,2.59,2.59,2.59,2.59,230.0
2019-03-28 12:36:00,2.58,2.58,2.58,2.58,100.0
2019-03-28 12:37:00,2.58,2.58,2.58,2.58,200.0
2019-03-28 12:43:00,2.58,2.58,2.58,2.58,100.0
2019-03-28 12:44:00,2.58,2.58,2.58,2.58,400.0
2019-03-28 12:45:00,2.6,2.6,2.6,2.6,700.0
2019-03-28 12:47:00,2.58,2.58,2.58,2.58,100.0
2019-03-28 12:48:00,2.58,2.58,2.58,2.58,200.0
2019-03-28 12:50:00,2.58,2.58,2.58,2.58,300.0
2019-03-28 12:51:00,2.59,2.59,2.59,2.59,300.0
2019-03-28 13:00:00,2.58,2.58,2.58,2.58,350.0
2019-03-28 13:02:00,2.58,2.58,2.58,2.58,100.0
2019-03-28 13:03:00,2.59,2.59,2.59,2.59,255.0
2019-03-28 13:12:00,2.58,2.58,2.58,2.58,100.0
2019-03-28 13:13:00,2.58,2.58,2.58,2.58,328.0
2019-03-28 13:23:00,2.58,2.58,2.56,2.56,1235.0
2019-03-28 13:31:00,2.59,2.59,2.59,2.59,100.0
2019-03-28 14:46:00,2.59,2.59,2.59,2.59,100.0
2019-03-28 14:53:00,2.59,2.59,2.59,2.59,100.0
2019-03-28 15:00:00,2.56,2.56,2.56,2.56,100.0
2019-03-28 15:01:00,2.56,2.56,2.55,2.55,656.0
2019-03-28 15:12:00,2.52,2.52,2.52,2.52,106.0
2019-03-28 15:34:00,2.54,2.54,2.52,2.52,306.0
2019-03-28 16:00:00,2.56,2.58,2.56,2.56,0.0
2019-03-29 09:33:00,2.68,2.68,2.68,2.68,0.0
2019-03-29 09:34:00,2.56,2.56,2.56,2.56,100.0
2019-03-29 09:35:00,2.56,2.56,2.56,2.56,111.0
2019-03-29 09:49:00,2.635,2.635,2.635,2.635,200.0
2019-03-29 09:50:00,2.58,2.58,2.58,2.58,100.0
2019-03-29 09:58:00,2.67,2.67,2.67,2.67,100.0
2019-03-29 10:00:00,2.6,2.6,2.6,2.6,100.0
2019-03-29 10:02:00,2.6,2.6,2.6,2.6,200.0
2019-03-29 10:09:00,2.61,2.61,2.6,2.6,780.0
2019-03-29 10:10:00,2.6,2.6,2.6,2.6,447.0
2019-03-29 11:19:00,2.58,2.58,2.58,2.58,100.0
2019-03-29 12:00:00,2.56,2.56,2.56,2.56,150.0
2019-03-29 12:49:00,2.55,2.55,2.55,2.55,100.0
2019-03-29 13:42:00,2.52,2.52,2.51,2.51,400.0
2019-03-29 13:57:00,2.47,2.47,2.47,2.47,220.0
2019-03-29 14:29:00,2.5,2.52,2.48,2.48,1300.0
2019-03-29 14:30:00,2.505,2.505,2.505,2.505,100.0
2019-03-29 14:31:00,2.505,2.505,2.505,2.505,100.0
2019-03-29 14:44:00,2.51,2.51,2.49,2.51,1180.0
2019-03-29 14:50:00,2.52,2.52,2.52,2.52,200.0
2019-03-29 14:51:00,2.52,2.52,2.52,2.52,100.0
2019-03-29 14:52:00,2.52,2.57,2.52,2.57,2620.0
2019-03-29 15:01:00,2.55,2.56,2.53,2.53,1501.0
2019-03-29 15:12:00,2.55,2.55,2.55,2.55,100.0
2019-03-29 15:16:00,2.565,2.565,2.565,2.565,300.0
2019-03-29 15:28:00,2.565,2.565,2.565,2.565,100.0
2019-03-29 15:40:00,2.565,2.565,2.55,2.55,6600.0
2019-03-29 15:43:00,2.565,2.565,2.565,2.565,192.0
2019-03-29 15:45:00,2.55,2.555,2.54,2.54,2000.0
2019-03-29 15:56:00,2.57,2.57,2.57,2.57,100.0
2019-03-29 15:57:00,2.57,2.57,2.57,2.57,200.0
2019-03-29 15:58:00,2.57,2.57,2.54,2.555,4400.0
2019-03-29 15:59:00,2.555,2.57,2.54,2.55,4237.0
2019-03-29 16:00:00,2.52,2.52,2.52,2.52,4950.0
2019-04-01 09:32:00,2.55,2.55,2.55,2.55,0.0
2019-04-01 09:36:00,2.57,2.57,2.57,2.57,100.0
2019-04-01 09:37:00,2.59,2.59,2.59,2.59,900.0
2019-04-01 09:43:00,2.5888,2.5888,2.55,2.55,250.0
2019-04-01 10:08:00,2.58,2.58,2.56,2.56,3500.0
2019-04-01 10:27:00,2.59,2.59,2.59,2.59,2200.0
2019-04-01 10:29:00,2.59,2.59,2.59,2.59,1900.0
2019-04-01 10:31:00,2.59,2.59,2.59,2.59,100.0
2019-04-01 10:32:00,2.59,2.59,2.59,2.59,910.0
2019-04-01 10:33:00,2.59,2.59,2.59,2.59,1800.0
2019-04-01 10:34:00,2.55,2.55,2.55,2.55,300.0
2019-04-01 10:56:00,2.56,2.56,2.56,2.56,100.0
2019-04-01 10:59:00,2.56,2.56,2.56,2.56,202.0
2019-04-01 11:05:00,2.575,2.575,2.575,2.575,220.0
2019-04-01 11:10:00,2.56,2.56,2.56,2.56,2978.0
2019-04-01 11:11:00,2.58,2.58,2.58,2.58,1516.0
2019-04-01 11:13:00,2.58,2.58,2.58,2.58,1300.0
2019-04-01 11:17:00,2.57,2.57,2.57,2.57,100.0
2019-04-01 11:19:00,2.585,2.585,2.585,2.585,324.0
2019-04-01 11:27:00,2.57,2.57,2.57,2.57,100.0
2019-04-01 11:31:00,2.56,2.56,2.56,2.56,140.0
2019-04-01 11:32:00,2.56,2.56,2.56,2.56,300.0
2019-04-01 11:40:00,2.57,2.57,2.57,2.57,100.0
2019-04-01 11:43:00,2.55,2.55,2.55,2.55,100.0
2019-04-01 11:49:00,2.575,2.575,2.575,2.575,241.0
2019-04-01 12:03:00,2.55,2.55,2.55,2.55,700.0
2019-04-01 12:05:00,2.55,2.55,2.55,2.55,200.0
2019-04-01 12:27:00,2.57,2.57,2.57,2.57,2453.0
2019-04-01 12:32:00,2.53,2.53,2.53,2.53,1300.0
2019-04-01 12:34:00,2.53,2.53,2.53,2.53,282.0
2019-04-01 13:08:00,2.55,2.55,2.55,2.55,100.0
2019-04-01 13:09:00,2.54,2.54,2.54,2.54,200.0
2019-04-01 13:14:00,2.55,2.55,2.55,2.55,3600.0
2019-04-01 13:18:00,2.545,2.55,2.545,2.55,1800.0
2019-04-01 13:26:00,2.55,2.55,2.55,2.55,100.0
2019-04-01 13:28:00,2.57,2.57,2.57,2.57,100.0
2019-04-01 13:29:00,2.54,2.54,2.54,2.54,220.0
2019-04-01 13:34:00,2.57,2.57,2.54,2.54,1363.0
2019-04-01 14:54:00,2.54,2.54,2.54,2.54,100.0
2019-04-01 14:55:00,2.54,2.54,2.54,2.54,500.0
2019-04-01 14:56:00,2.54,2.54,2.54,2.54,300.0
2019-04-01 14:57:00,2.55,2.55,2.55,2.55,578.0
2019-04-01 15:03:00,2.535,2.535,2.52,2.52,1800.0
2019-04-01 15:04:00,2.52,2.52,2.52,2.52,1149.0
2019-04-01 15:05:00,2.55,2.55,2.55,2.55,1948.0
2019-04-01 15:07:00,2.55,2.55,2.55,2.55,600.0
2019-04-01 15:11:00,2.55,2.55,2.55,2.55,100.0
2019-04-01 15:17:00,2.545,2.545,2.545,2.545,200.0
2019-04-01 15:21:00,2.55,2.55,2.55,2.55,100.0
2019-04-01 15:32:00,2.55,2.55,2.55,2.55,100.0
2019-04-01 15:33:00,2.54,2.54,2.54,2.54,512.0
2019-04-01 15:38:00,2.54,2.54,2.54,2.54,504.0
2019-04-01 15:49:00,2.54,2.54,2.54,2.54,240.0
2019-04-01 15:53:00,2.55,2.55,2.55,2.55,2351.0
2019-04-01 15:54:00,2.54,2.54,2.54,2.54,1500.0
2019-04-01 15:55:00,2.55,2.55,2.55,2.55,6400.0
2019-04-01 15:56:00,2.54,2.54,2.51,2.51,23220.0
2019-04-01 15:58:00,2.51,2.51,2.51,2.51,1754.0
2019-04-01 16:00:00,2.5,2.5,2.5,2.5,143.0
2019-04-02 09:31:00,2.5,2.5,2.5,2.5,0.0
2019-04-02 09:50:00,2.54,2.54,2.51,2.51,200.0
2019-04-02 09:54:00,2.48,2.48,2.48,2.48,400.0
2019-04-02 10:15:00,2.48,2.49,2.48,2.49,600.0
2019-04-02 10:24:00,2.5,2.5,2.5,2.5,100.0
2019-04-02 10:32:00,2.5,2.5,2.5,2.5,309.0
2019-04-02 11:31:00,2.5045,2.5045,2.49,2.49,688.0
2019-04-02 12:16:00,2.48,2.48,2.48,2.48,100.0
2019-04-02 12:23:00,2.51,2.51,2.51,2.51,200.0
2019-04-02 12:36:00,2.48,2.48,2.48,2.48,800.0
2019-04-02 12:43:00,2.51,2.51,2.51,2.51,100.0
2019-04-02 12:59:00,2.5,2.505,2.5,2.505,1090.0
2019-04-02 13:06:00,2.51,2.51,2.51,2.51,100.0
2019-04-02 13:08:00,2.51,2.51,2.51,2.51,400.0
2019-04-02 13:20:00,2.48,2.48,2.48,2.48,1702.0
2019-04-02 14:26:00,2.48,2.48,2.48,2.48,177.0
2019-04-02 14:32:00,2.5,2.5,2.5,2.5,140.0
2019-04-02 15:00:00,2.5,2.5,2.48,2.48,300.0
2019-04-02 15:21:00,2.51,2.51,2.51,2.51,1680.0
2019-04-02 15:23:00,2.515,2.515,2.515,2.515,500.0
2019-04-02 15:30:00,2.515,2.515,2.515,2.515,100.0
2019-04-02 15:35:00,2.52,2.52,2.51,2.51,800.0
2019-04-02 15:37:00,2.51,2.51,2.51,2.51,1100.0
2019-04-02 15:40:00,2.525,2.525,2.525,2.525,100.0
2019-04-02 15:50:00,2.53,2.53,2.51,2.51,300.0
2019-04-02 15:55:00,2.53,2.53,2.5,2.5,200.0
2019-04-02 15:59:00,2.525,2.525,2.525,2.525,3200.0
2019-04-02 16:00:00,2.52,2.52,2.52,2.52,6202.0
2019-04-03 09:33:00,2.55,2.55,2.55,2.55,1509.0
2019-04-03 09:34:00,2.56,2.56,2.56,2.56,2800.0
2019-04-03 09:35:00,2.53,2.53,2.53,2.53,600.0
2019-04-03 09:40:00,2.56,2.56,2.56,2.56,700.0
2019-04-03 09:41:00,2.51,2.51,2.49,2.49,7200.0
2019-04-03 10:01:00,2.49,2.49,2.49,2.49,100.0
2019-04-03 10:11:00,2.4989,2.4989,2.4989,2.4989,800.0
2019-04-03 10:12:00,2.45,2.45,2.45,2.45,600.0
2019-04-03 10:13:00,2.43,2.43,2.43,2.43,100.0
2019-04-03 10:16:00,2.43,2.43,2.42,2.42,500.0
2019-04-03 10:20:00,2.43,2.43,2.43,2.43,626.0
2019-04-03 10:32:00,2.49,2.49,2.49,2.49,824.0
2019-04-03 10:44:00,2.49,2.49,2.49,2.49,200.0
2019-04-03 10:59:00,2.44,2.44,2.44,2.44,201.0
2019-04-03 11:40:00,2.485,2.485,2.485,2.485,100.0
2019-04-03 11:43:00,2.475,2.475,2.475,2.475,504.0
2019-04-03 12:26:00,2.5,2.5,2.5,2.5,270.0
2019-04-03 12:36:00,2.5,2.5,2.5,2.5,2681.0
2019-04-03 12:37:00,2.495,2.495,2.495,2.495,3400.0
2019-04-03 12:49:00,2.5,2.5,2.5,2.5,302.0
2019-04-03 12:56:00,2.495,2.495,2.495,2.495,300.0
2019-04-03 13:01:00,2.5,2.5,2.5,2.5,100.0
2019-04-03 13:04:00,2.5,2.5,2.5,2.5,200.0
2019-04-03 13:06:00,2.5,2.5,2.5,2.5,100.0
2019-04-03 13:09:00,2.5,2.5,2.5,2.5,201.0
2019-04-03 13:21:00,2.5,2.5,2.5,2.5,100.0
2019-04-03 13:22:00,2.4993,2.4993,2.4993,2.4993,240.0
2019-04-03 13:36:00,2.4999,2.5,2.4999,2.5,1200.0
2019-04-03 13:47:00,2.5,2.5,2.5,2.5,1000.0
2019-04-03 13:49:00,2.5,2.5,2.5,2.5,700.0
2019-04-03 13:55:00,2.5,2.5,2.5,2.5,100.0
2019-04-03 13:56:00,2.5,2.5,2.5,2.5,200.0
2019-04-03 14:19:00,2.495,2.5,2.495,2.5,300.0
2019-04-03 14:21:00,2.48,2.48,2.48,2.48,5600.0
2019-04-03 14:23:00,2.49,2.49,2.49,2.49,100.0
2019-04-03 15:16:00,2.5,2.5,2.5,2.5,100.0
2019-04-03 15:23:00,2.49,2.49,2.49,2.49,200.0
2019-04-03 15:24:00,2.5,2.5,2.5,2.5,131.0
2019-04-03 15:32:00,2.49,2.49,2.49,2.49,205.0
2019-04-03 15:44:00,2.5,2.5,2.5,2.5,195.0
2019-04-03 15:53:00,2.5,2.5,2.5,2.5,100.0
2019-04-03 15:56:00,2.5,2.5,2.5,2.5,100.0
2019-04-03 15:58:00,2.48,2.48,2.48,2.48,101.0
2019-04-03 16:00:00,2.48,2.48,2.48,2.48,0.0
