2016-08-05,8.13,8.7,7.86,8.08,139996.0
2016-08-08,8.0,8.3999,7.9,8.0,17820.0
2016-08-09,7.78,8.0,7.78,7.89,17028.0
2016-08-10,7.9732,8.0647,7.9,7.99,12115.0
2016-08-11,8.05,8.05,7.86,7.86,12477.0
2016-08-12,7.95,7.9999,7.8,7.81,20141.0
2016-08-15,8.01,8.1,7.82,7.95,28138.0
2016-08-16,7.95,8.1,7.9152,8.1,29342.0
2016-08-17,8.0,8.1,7.95,8.05,7832.0
2016-08-18,8.08,8.08,7.9816,8.05,6637.0
2016-08-19,8.07,8.07,7.95,8.03,3933.0
2016-08-22,8.02,8.1,7.85,8.1,30772.0
2016-08-23,8.04,8.0522,8.0,8.05,10506.0
2016-08-24,8.04,8.05,7.9175,8.04,3947.0
2016-08-25,8.0,8.05,8.0,8.05,4112.0
2016-08-26,8.05,8.05,7.98,8.04,4461.0
2016-08-29,8.05,8.3,8.04,8.26,31853.0
2016-08-30,8.26,10.25,8.2424,9.65,506412.0
2016-08-31,9.95,10.15,9.03,9.34,277144.0
2016-09-01,9.3782,9.49,8.9001,9.24,54995.0
2016-09-02,8.94,9.47,8.94,9.25,40761.0
2016-09-06,9.49,9.9985,9.02,9.1,147458.0
2016-09-07,9.4899,9.9699,9.24,9.7,95884.0
2016-09-08,10.0,10.0,8.9,9.6,109243.0
2016-09-09,9.5,9.6,8.9,9.16,62448.0
2016-09-12,9.1,9.6,9.01,9.09,32311.0
2016-09-13,9.15,9.15,8.5001,9.0,35814.0
2016-09-14,8.82,9.1,8.54,9.02,50904.0
2016-09-15,8.92,9.35,8.53,8.58,57599.0
2016-09-16,8.84,9.08,8.11,8.11,71419.0
2016-09-19,8.39,8.7,8.1,8.34,56013.0
2016-09-20,8.14,8.74,8.12,8.74,42947.0
2016-09-21,8.5564,8.89,8.45,8.8,60562.0
2016-09-22,8.83,8.989,8.1,8.17,79924.0
2016-09-23,8.38,8.5889,8.1465,8.27,13261.0
2016-09-26,8.3,8.31,7.99,8.05,43305.0
2016-09-27,8.07,8.25,7.99,8.06,12878.0
2016-09-28,8.0384,8.35,7.94,8.04,20526.0
2016-09-29,8.09,8.33,8.04,8.21,38348.0
2016-09-30,8.2,8.32,7.8,7.8,44216.0
2016-10-03,7.98,8.15,7.8,7.97,15880.0
2016-10-04,7.9,8.3,7.85,7.85,76453.0
2016-10-05,7.87,8.24,7.2,7.8,61320.0
2016-10-06,7.78,8.0199,7.75,7.75,60881.0
2016-10-07,7.75,7.843,7.5,7.5,30407.0
2016-10-10,7.7,7.96,7.61,7.689,4612.0
2016-10-11,7.67,7.67,7.25,7.25,22215.0
2016-10-12,7.53,7.75,7.06,7.65,56621.0
2016-10-13,7.6,7.67,7.281,7.35,3065.0
2016-10-14,7.68,7.76,7.28,7.51,46225.0
2016-10-17,7.66,7.66,7.465,7.465,3770.0
2016-10-18,7.42,7.68,7.4,7.54,4297.0
2016-10-19,7.6,7.7256,7.51,7.69,5821.0
2016-10-20,7.5985,7.98,7.5594,7.96,7203.0
2016-10-21,7.7597,7.88,7.7287,7.88,5192.0
2016-10-24,7.82,7.94,7.68,7.94,35243.0
2016-10-25,7.95,8.3,7.92,8.0,34555.0
2016-10-26,7.7545,8.0,7.62,7.62,3278.0
2016-10-27,7.63,7.69,7.5,7.67,3435.0
2016-10-28,7.61,7.67,7.55,7.66,1987.0
2016-10-31,7.64,7.64,7.42,7.42,4404.0
2016-11-01,7.42,7.64,7.0,7.0,42691.0
2016-11-02,7.03,7.0908,7.0,7.01,8195.0
2016-11-03,7.03,7.2,7.0,7.0501,2630.0
2016-11-04,7.03,7.06,6.9,6.9,12673.0
2016-11-07,6.98,6.98,6.9,6.9,1905.0
2016-11-08,7.07,7.25,6.75,6.76,7355.0
2016-11-09,6.75,6.8,6.61,6.75,8353.0
2016-11-10,7.31,7.31,6.8,6.8,10202.0
2016-11-11,6.6,6.93,6.6,6.65,9615.0
2016-11-14,6.65,6.6566,6.6,6.6566,3997.0
2016-11-15,6.65,6.69,6.65,6.69,458.0
2016-11-16,7.0048,7.0048,6.82,6.95,4173.0
2016-11-17,7.5,7.5,7.05,7.2,2903.0
2016-11-18,7.8,7.8,6.9,7.2,2420.0
2016-11-21,7.15,7.19,6.6,6.61,4211.0
2016-11-22,7.05,7.05,6.9024,6.98,1556.0
2016-11-23,7.05,7.05,6.7,6.85,5538.0
2016-11-25,6.66,7.05,6.66,7.05,531.0
2016-11-28,6.61,6.64,6.6,6.6,1922.0
2016-11-29,6.654,6.9869,6.6,6.98,9195.0
2016-11-30,6.62,6.8507,6.5,6.75,4500.0
2016-12-01,6.81,6.8112,6.52,6.52,3833.0
2016-12-02,6.88,6.88,6.88,6.88,122.0
2016-12-05,6.787,6.787,6.5,6.5,4257.0
2016-12-06,6.5001,6.5117,6.5,6.5117,3072.0
2016-12-07,6.51,6.8238,6.5,6.8238,2907.0
2016-12-08,6.79,6.8,6.45,6.797,8168.0
2016-12-09,6.82,7.05,6.82,6.9999,16420.0
2016-12-12,6.91,7.02,6.91,7.01,9259.0
2016-12-13,7.02,7.05,6.99,7.05,2981.0
2016-12-14,7.05,7.3089,6.77,6.9,24354.0
2016-12-15,7.0,7.0,7.0,7.0,220.0
2016-12-16,6.97,6.97,6.5976,6.8,7724.0
2016-12-19,6.82,6.82,6.8,6.8,9286.0
2016-12-20,6.8,6.8,6.46,6.46,9796.0
2016-12-21,6.59,6.59,6.0,6.0001,17865.0
2016-12-22,6.58,6.65,6.03,6.1,9923.0
2016-12-23,6.3,6.3,6.0,6.0,18808.0
2016-12-27,6.0001,6.271,6.0,6.2528,10535.0
2016-12-28,6.5099,6.51,6.02,6.29,8601.0
2016-12-29,6.2501,6.52,6.25,6.52,2123.0
2016-12-30,6.5985,6.75,6.4597,6.75,7400.0
2017-01-03,6.78,6.88,6.21,6.58,12091.0
2017-01-04,6.4,7.0,6.27,6.575,11666.0
2017-01-05,6.3,6.34,6.21,6.21,3711.0
2017-01-06,6.35,6.7,6.21,6.22,8072.0
2017-01-09,6.0201,6.22,6.01,6.03,10754.0
2017-01-10,6.021,6.2,6.0,6.15,28190.0
2017-01-11,6.0437,6.07,6.0,6.0,4074.0
2017-01-12,6.15,6.1838,5.9564,6.04,20776.0
2017-01-13,6.0,6.2032,6.0,6.0,8457.0
2017-01-17,5.8,5.9,5.51,5.87,19778.0
2017-01-18,6.0407,6.0407,5.5,6.04,85543.0
2017-01-19,6.0343,6.0343,5.94,6.03,4066.0
2017-01-20,5.6981,6.22,5.6981,6.22,9573.0
2017-01-23,6.22,6.22,5.91,6.04,3969.0
2017-01-24,5.76,6.5677,5.76,5.88,101902.0
2017-01-25,5.93,5.93,5.7396,5.75,4376.0
2017-01-26,5.8,5.92,5.7,5.92,3276.0
2017-01-27,5.68,5.85,5.68,5.71,2375.0
2017-01-30,5.71,5.77,5.71,5.76,983.0
2017-01-31,5.6071,6.25,5.6071,6.25,8733.0
2017-02-01,6.12,6.12,5.775,5.94,3691.0
2017-02-02,5.62,5.87,5.62,5.73,4111.0
2017-02-03,5.73,5.73,5.73,5.73,289.0
2017-02-06,5.67,6.0,5.67,5.79,5798.0
2017-02-07,5.62,5.818,5.62,5.65,16240.0
2017-02-08,5.62,5.823,5.62,5.682,2015.0
2017-02-09,5.65,5.91,5.65,5.8,3716.0
2017-02-10,5.63,5.83,5.63,5.75,1640.0
2017-02-13,5.86,5.87,5.7,5.83,1718.0
2017-02-14,5.65,5.8,5.65,5.68,2373.0
2017-02-15,5.66,5.8,5.5,5.66,36947.0
2017-02-16,5.55,5.75,5.52,5.65,11976.0
2017-02-17,5.69,5.8,5.55,5.65,14344.0
2017-02-21,5.7,5.7,5.5,5.59,17348.0
2017-02-22,5.54,5.6,5.5,5.59,2526.0
2017-02-23,5.64,5.7,5.61,5.61,12630.0
2017-02-24,5.53,5.64,5.5,5.63,2835.0
2017-02-27,5.62,5.62,5.54,5.61,1778.0
2017-02-28,5.754,5.79,5.5,5.78,9207.0
2017-03-01,5.716,5.8,5.716,5.73,2462.0
2017-03-02,5.77,6.24,5.77,5.99,4653.0
2017-03-03,5.724,5.98,5.724,5.98,329.0
2017-03-06,6.0,6.59,5.758,6.25,6495.0
2017-03-07,6.25,6.97,6.21,6.65,49858.0
2017-03-08,6.64,6.65,6.5,6.62,4167.0
2017-03-09,6.8,7.065,6.565,6.65,14719.0
2017-03-10,6.54,6.9,6.44,6.65,18535.0
2017-03-13,6.539,6.75,6.44,6.65,9326.0
2017-03-14,6.65,6.8,6.57,6.79,18311.0
2017-03-15,6.8,7.64,6.8,7.26,26353.0
2017-03-16,7.095,7.16,6.8,6.99,15280.0
2017-03-17,6.97,7.25,6.85,7.1,132705.0
2017-03-20,7.11,7.24,6.96,7.01,9270.0
2017-03-21,7.09,7.12,6.768,7.07,12487.0
2017-03-22,6.8,6.83,6.8,6.83,1432.0
2017-03-23,6.9,6.93,6.76,6.93,1528.0
2017-03-24,6.925,6.96,6.925,6.96,416.0
2017-03-27,6.89,6.99,6.852,6.99,641.0
2017-03-28,6.86,7.0,6.75,6.78,7017.0
2017-03-29,6.88,7.07,6.88,7.07,24029.0
2017-03-30,7.01,7.01,6.932,7.01,4671.0
2017-03-31,6.996,7.08,6.75,7.08,28827.0
2017-04-03,6.71,6.99,6.71,6.99,5010.0
2017-04-04,6.9,6.9,6.69,6.7,18854.0
2017-04-05,6.603,6.89,6.6,6.78,20546.0
2017-04-06,6.89,6.89,6.6,6.76,489.0
2017-04-07,6.68,6.68,6.68,6.68,1956.0
2017-04-10,6.75,6.75,6.75,6.75,10048.0
2017-04-11,6.67,6.75,6.48,6.48,14341.0
2017-04-12,6.527,6.527,6.25,6.29,4688.0
2017-04-13,6.36,6.45,6.36,6.36,11922.0
2017-04-17,6.455,6.56,6.35,6.42,2825.0
2017-04-18,6.44,6.52,6.42,6.5,4414.0
2017-04-19,6.47,6.49,6.36,6.47,5636.0
2017-04-20,6.464,6.5,6.36,6.49,14023.0
2017-04-21,6.3,6.4,6.282,6.39,8269.0
2017-04-24,6.39,6.39,6.25,6.34,20193.0
2017-04-25,6.32,6.58,6.24,6.3,102040.0
2017-04-26,6.25,6.26,5.76,6.05,27408.0
2017-04-27,6.45,6.45,6.06,6.2,16589.0
2017-04-28,6.05,6.33,6.02,6.33,4590.0
2017-05-01,6.25,6.25,6.07,6.1,1060.0
2017-05-02,6.2,6.285,6.02,6.17,10088.0
2017-05-03,6.05,6.17,6.05,6.17,20887.0
2017-05-04,6.11,6.34,6.0,6.12,40371.0
2017-05-05,6.1,6.16,6.035,6.085,6714.0
2017-05-08,6.12,6.21,6.1,6.1,8278.0
2017-05-09,6.081,6.2,5.8,6.01,84356.0
2017-05-10,6.05,6.05,5.95,5.95,11266.0
2017-05-11,6.05,6.05,5.8,6.0,8034.0
2017-05-12,5.9,5.94,5.56,5.94,30283.0
2017-05-15,5.75,5.953,5.4,5.41,44874.0
2017-05-16,5.51,5.51,5.301,5.45,3277.0
2017-05-17,5.5,5.5,5.356,5.356,5283.0
2017-05-18,5.402,5.402,5.34,5.34,1372.0
2017-05-19,5.33,5.52,5.25,5.37,14438.0
2017-05-22,5.52,5.52,5.35,5.36,1635.0
2017-05-23,5.3,5.347,5.26,5.26,1609.0
2017-05-24,5.48,5.48,5.25,5.3,5003.0
2017-05-25,5.36,5.36,5.0,5.11,22962.0
2017-05-26,5.23,5.275,5.0,5.05,37947.0
2017-05-30,5.1,5.1,4.6,4.672,25979.0
2017-05-31,4.59,4.75,4.393,4.63,14929.0
2017-06-01,4.59,4.59,3.97,4.33,49631.0
2017-06-02,4.21,4.52,4.08,4.102,15727.0
2017-06-05,4.3,4.38,4.15,4.17,3676.0
2017-06-06,4.39,4.49,4.13,4.15,5835.0
2017-06-07,4.19,4.35,4.034,4.2,17509.0
2017-06-08,4.4,4.5,4.2,4.2,13002.0
2017-06-09,4.49,4.49,4.25,4.26,9763.0
2017-06-12,4.32,4.33,4.16,4.32,25480.0
2017-06-13,4.25,4.326,4.2,4.25,65813.0
2017-06-14,4.2,4.25,4.16,4.25,30820.0
2017-06-15,4.169,4.31,4.161,4.31,20036.0
2017-06-16,4.31,4.31,4.25,4.31,16247.0
2017-06-19,4.263,4.263,4.25,4.26,6159.0
2017-06-20,4.33,4.5,4.33,4.4,23073.0
2017-06-21,4.2,4.44,4.2,4.44,10756.0
2017-06-22,4.281,4.283,4.28,4.28,723.0
2017-06-23,4.33,4.46,4.22,4.42,26864.0
2017-06-26,4.48,4.48,4.3,4.31,9061.0
2017-06-27,4.435,4.439,4.4,4.4,1423.0
2017-06-28,4.35,4.35,4.26,4.32,18604.0
2017-06-29,4.32,4.32,4.32,4.32,10.0
2017-06-30,4.26,4.263,4.26,4.261,2563.0
2017-07-03,4.261,4.261,4.261,4.261,0.0
2017-07-05,4.26,4.4,4.25,4.3,9848.0
2017-07-06,4.43,4.4756,4.33,4.33,5214.0
2017-07-07,4.36,4.36,4.15,4.21,44453.0
2017-07-10,4.4,4.403,4.338,4.403,910.0
2017-07-11,4.19,4.35,4.19,4.23,8421.0
2017-07-12,4.3,4.47,4.25,4.33,12137.0
2017-07-13,4.25,4.5,4.25,4.5,20206.0
2017-07-14,4.38,4.75,4.38,4.73,15919.0
2017-07-17,4.74,4.85,4.74,4.85,7615.0
2017-07-18,4.79,4.99,4.46,4.99,65150.0
2017-07-19,4.97,5.279,4.95,5.16,29355.0
2017-07-20,5.15,5.259,5.099,5.22,4411.0
2017-07-21,5.14,5.31,5.14,5.21,11419.0
2017-07-24,5.23,5.31,5.15,5.18,9348.0
2017-07-25,5.15,5.22,5.05,5.1,21083.0
2017-07-26,5.2,5.21,5.06,5.1,8585.0
2017-07-27,5.07,5.07,4.75,5.06,2000.0
2017-07-28,4.624,5.09,4.49,4.88,8162.0
2017-07-31,4.81,4.96,4.68,4.85,12811.0
2017-08-01,4.91,4.91,4.85,4.86,5169.0
2017-08-02,4.9,4.96,4.588,4.9,12243.0
2017-08-03,4.95,5.039,4.9,4.96,11287.0
2017-08-04,4.96,4.96,4.9,4.91,3882.0
2017-08-07,4.918,5.09,4.78,5.09,2231.0
2017-08-08,4.81,4.91,4.81,4.91,2548.0
2017-08-09,4.8728,4.8728,4.7,4.7,2817.0
2017-08-10,4.66,4.66,4.25,4.32,167668.0
2017-08-11,4.55,4.638,4.315,4.56,37794.0
2017-08-14,4.54,4.754,4.343,4.68,23847.0
2017-08-15,4.69,4.7982,4.6,4.7224,33702.0
2017-08-16,4.69,4.69,4.53,4.56,6189.0
2017-08-17,4.59,4.59,4.37,4.37,1775.0
2017-08-18,4.4,5.0,4.27,4.91,47316.0
2017-08-21,4.99,5.064,4.81,4.97,18521.0
2017-08-22,4.9,4.91,4.57,4.58,4772.0
2017-08-23,4.5,4.5,4.36,4.44,40113.0
2017-08-24,4.39,4.45,4.364,4.45,16280.0
2017-08-25,4.41,4.44,4.32,4.389,22487.0
2017-08-28,4.39,4.39,4.25,4.25,20504.0
2017-08-29,4.25,4.27,4.25,4.25,20365.0
2017-08-30,4.31,4.32,4.17,4.17,8013.0
2017-08-31,4.15,4.23,4.12,4.12,5677.0
2017-09-01,4.05,4.3348,4.0,4.3,48279.0
2017-09-05,4.2,4.93,4.18,4.79,57204.0
2017-09-06,4.78,4.78,4.52,4.68,21763.0
2017-09-07,4.5,4.73,4.34,4.72,53668.0
2017-09-08,4.55,4.73,3.73,4.72,54365.0
2017-09-11,4.69,5.63,4.25,5.39,83359.0
2017-09-12,5.467,6.27,5.34,6.11,83657.0
2017-09-13,5.82,6.2,5.02,6.2,50314.0
2017-09-14,6.1,6.22,5.74,6.0,46284.0
2017-09-15,5.95,6.0073,5.08,5.08,134438.0
2017-09-18,5.17,5.528,4.83,4.87,39090.0
2017-09-19,4.9,4.9,4.6,4.61,50114.0
2017-09-20,4.85,4.85,4.29,4.39,34505.0
2017-09-21,4.36,4.41,4.22,4.4,29610.0
2017-09-22,4.35,4.54,4.28,4.54,10672.0
2017-09-25,4.5,4.5,4.22,4.29,30571.0
2017-09-26,4.31,4.31,3.91,4.11,73834.0
2017-09-27,4.14,4.2,3.82,3.95,39023.0
2017-09-28,3.98,3.98,3.847,3.95,10791.0
2017-09-29,3.93,4.03,3.76,3.89,9879.0
2017-10-02,3.91,4.14,3.91,4.09,3656.0
2017-10-03,4.1,4.1,3.87,3.87,6435.0
2017-10-04,3.88,3.955,3.61,3.69,19983.0
2017-10-05,3.73,3.92,3.6,3.9,26008.0
2017-10-06,3.95,3.95,3.61,3.9,4362.0
2017-10-09,3.9,3.9,3.716,3.85,14335.0
2017-10-10,3.96,4.0,3.9,3.95,5823.0
2017-10-11,3.98,4.04,3.87,4.0,11865.0
2017-10-12,3.92,4.08,3.85,3.85,7282.0
2017-10-13,3.88,4.0,3.87,4.0,10186.0
2017-10-16,3.95,3.95,3.67,3.88,17897.0
2017-10-17,3.85,3.91,3.71,3.84,2135.0
2017-10-18,3.78,3.78,3.31,3.64,18464.0
2017-10-19,3.399,3.48,3.37,3.48,2953.0
2017-10-20,3.25,3.45,3.25,3.44,27067.0
2017-10-23,3.38,3.44,3.38,3.41,2651.0
2017-10-24,3.45,3.45,2.9,3.19,44594.0
2017-10-25,3.2,3.29,3.15,3.24,5253.0
2017-10-26,3.22,3.3,3.2,3.21,13122.0
2017-10-27,3.24,3.3,2.905,3.12,44151.0
2017-10-30,3.1,3.32,3.0,3.32,8252.0
2017-10-31,3.2,3.33,3.05,3.33,14284.0
2017-11-01,3.31,3.31,3.07,3.22,2728.0
2017-11-02,3.2,3.2,2.881,3.07,7432.0
2017-11-03,3.02,3.04,2.66,2.69,106074.0
2017-11-06,2.72,2.72,2.45,2.52,44145.0
2017-11-07,2.55,2.84,2.48,2.82,41736.0
2017-11-08,2.83,2.83,2.65,2.67,10451.0
2017-11-09,2.59,2.83,2.5,2.661,46418.0
2017-11-10,2.63,2.87,2.63,2.87,27671.0
2017-11-13,2.95,3.013,2.76,2.81,15864.0
2017-11-14,2.81,2.95,2.81,2.95,6822.0
2017-11-15,2.9,2.9,2.55,2.59,71804.0
2017-11-16,2.9,2.98,2.61,2.91,54404.0
2017-11-17,2.82,2.95,2.73,2.94,15976.0
2017-11-20,3.01,3.38,2.99,3.3,41721.0
2017-11-21,3.32,4.85,3.32,3.89,56371.0
2017-11-22,3.99,4.73,3.99,4.67,148697.0
2017-11-24,4.66,4.66,4.2,4.41,32746.0
2017-11-27,4.3,4.3098,4.0,4.09,44840.0
2017-11-28,4.009,4.19,3.81,4.01,56707.0
2017-11-29,3.8535,4.04,3.8535,4.0,55927.0
2017-11-30,3.9237,4.105,3.85,3.97,20099.0
2017-12-01,3.8,3.98,3.8,3.96,74048.0
2017-12-04,4.0,4.095,3.9,3.9,14951.0
2017-12-05,3.99,4.13,3.81,3.86,23654.0
2017-12-06,3.87,4.15,3.81,4.05,22159.0
2017-12-07,4.12,4.8,4.04,4.34,64421.0
2017-12-08,4.4407,4.4844,3.9,4.0,10834.0
2017-12-11,4.1,4.14,3.88,3.92,10905.0
2017-12-12,3.938,3.938,3.8,3.82,10381.0
2017-12-13,3.82,3.98,3.82,3.97,8503.0
2017-12-14,4.0,4.3501,3.8847,4.3,65900.0
2017-12-15,4.28,4.3,4.08,4.21,33064.0
2017-12-18,4.21,4.2552,4.11,4.17,1383.0
2017-12-19,4.15,4.15,3.9,3.97,39553.0
2017-12-20,4.07,4.36,3.9,4.18,21077.0
2017-12-21,4.15,4.21,3.96,4.0,6230.0
2017-12-22,4.0,4.29,3.85,3.89,56692.0
2017-12-26,3.86,3.94,3.86,3.9,12652.0
2017-12-27,3.91,3.99,3.81,3.85,25328.0
2017-12-28,3.86,4.34,3.8,4.1032,16214.0
2017-12-29,4.14,4.5,4.14,4.33,49395.0
2018-01-02,4.31,4.31,3.97,4.09,27035.0
2018-01-03,4.17,4.4,4.17,4.4,12611.0
2018-01-04,4.5,4.7,4.48,4.685,12260.0
2018-01-05,4.7999,5.15,4.68,4.93,36956.0
2018-01-08,4.95,4.95,4.57,4.7699,14723.0
2018-01-09,4.7,4.9,4.56,4.56,11133.0
2018-01-10,4.67,4.91,4.641,4.66,5966.0
2018-01-11,4.7,5.01,4.7,4.95,19483.0
2018-01-12,4.92,4.93,4.71,4.71,8031.0
2018-01-16,4.75,4.7748,4.45,4.6,26257.0
2018-01-17,4.6303,4.8999,4.6,4.72,14373.0
2018-01-18,4.8,4.95,4.705,4.95,8191.0
2018-01-19,4.82,5.0,4.77,4.8932,16427.0
2018-01-22,4.85,4.85,4.521,4.57,9316.0
2018-01-23,4.62,4.65,4.58,4.64,6420.0
2018-01-24,4.61,4.61,4.5088,4.56,623.0
2018-01-25,4.3515,4.41,4.3515,4.36,964.0
2018-01-26,4.39,4.4,4.3,4.4,18561.0
2018-01-29,4.27,4.315,4.19,4.25,35671.0
2018-01-30,4.3301,5.15,4.3301,4.9,51927.0
2018-01-31,5.02,5.98,4.8196,5.5,250604.0
2018-02-01,5.5,6.49,5.351,6.15,198772.0
2018-02-02,6.16,6.47,5.63,6.21,86389.0
2018-02-05,5.95,6.0,5.71,6.0,54684.0
2018-02-06,5.8,6.0,5.6812,5.9,33236.0
2018-02-07,5.85,6.3999,5.63,6.15,72195.0
2018-02-08,6.12,6.14,5.51,5.6582,79550.0
2018-02-09,5.75,5.75,5.2501,5.48,60753.0
2018-02-12,5.54,5.69,5.0101,5.11,98368.0
2018-02-13,5.42,5.7,5.16,5.43,46832.0
2018-02-14,5.52,5.52,4.88,5.08,110094.0
2018-02-15,5.11,5.23,4.9,5.13,117516.0
2018-02-16,5.051,6.4,5.051,5.5,281720.0
2018-02-20,5.29,6.07,5.29,5.82,136929.0
2018-02-21,5.38,5.81,5.25,5.32,90053.0
2018-02-22,5.43,6.21,5.43,5.86,198840.0
2018-02-23,5.85,6.72,5.85,6.15,326186.0
2018-02-26,6.1,6.9259,5.9,6.67,244224.0
2018-02-27,6.63,6.7195,6.1,6.21,208011.0
2018-02-28,6.17,6.3565,6.0172,6.13,67699.0
2018-03-01,6.09,6.35,5.55,5.68,179115.0
2018-03-02,5.56,5.9102,5.4,5.64,88600.0
2018-03-05,5.67,5.8903,5.11,5.53,139535.0
2018-03-06,5.55,5.57,5.25,5.32,83047.0
2018-03-07,5.34,6.0596,5.25,5.96,137171.0
2018-03-08,6.01,6.17,5.7501,5.84,75955.0
2018-03-09,5.8601,6.48,5.6607,6.12,230523.0
2018-03-12,6.28,6.28,5.63,6.0,85633.0
2018-03-13,6.06,7.28,5.8903,7.03,704647.0
2018-03-14,7.1,8.0,6.62,6.88,1072182.0
2018-03-15,6.85,7.3,6.51,6.82,209339.0
2018-03-16,6.5402,7.14,6.528,7.13,201429.0
2018-03-19,7.16,7.16,6.59,7.0,141161.0
2018-03-20,6.97,6.97,6.771,6.91,33781.0
2018-03-21,6.85,7.2,6.7018,6.85,105694.0
2018-03-22,6.9,7.39,6.63,7.03,163547.0
2018-03-23,7.05,7.1675,6.73,6.95,124916.0
2018-03-26,7.09,7.13,6.66,7.0,97523.0
2018-03-27,7.0,7.1458,6.5663,6.68,124713.0
2018-03-28,6.68,6.77,6.056,6.29,121279.0
2018-03-29,6.25,6.4818,6.06,6.24,43441.0
2018-04-02,6.27,6.89,6.17,6.78,96665.0
2018-04-03,6.77,6.79,6.411,6.75,81272.0
2018-04-04,6.38,6.82,6.3731,6.72,64613.0
2018-04-05,6.79,6.79,6.498,6.71,26285.0
2018-04-06,6.655,6.7,6.51,6.53,71929.0
2018-04-09,6.5399,6.5399,5.8601,6.01,88854.0
2018-04-10,6.1,6.71,6.1,6.17,49631.0
2018-04-11,6.22,6.27,5.661,5.8,117653.0
2018-04-12,5.81,6.03,5.4,5.62,73697.0
2018-04-13,5.73,5.7744,5.4375,5.55,42035.0
2018-04-16,5.55,5.59,5.31,5.44,38219.0
2018-04-17,5.45,5.84,5.45,5.795,64587.0
2018-04-18,5.7,5.9599,5.5,5.51,15150.0
2018-04-19,5.45,5.54,5.07,5.07,57654.0
2018-04-20,5.15,5.619,5.15,5.42,67702.0
2018-04-23,5.4,5.45,4.79,4.83,92419.0
2018-04-24,4.9,5.14,4.44,4.49,60914.0
2018-04-25,4.47,5.22,4.43,4.95,93910.0
2018-04-26,4.97,5.0,4.71,4.84,36021.0
2018-04-27,5.02,5.16,4.85,5.11,73633.0
2018-04-30,5.21,5.29,4.9,5.06,67448.0
2018-05-01,5.1,5.1374,4.731,5.11,49325.0
2018-05-02,5.15,5.29,5.0,5.2,23799.0
2018-05-03,5.19,5.29,5.0,5.09,45610.0
2018-05-04,5.17,6.37,5.026,6.25,184619.0
2018-05-07,6.26,6.33,5.71,5.78,67222.0
2018-05-08,5.8,6.09,5.8,5.9,65319.0
2018-05-09,5.86,5.98,5.47,5.56,79574.0
2018-05-10,5.6,5.9029,5.52,5.76,23188.0
2018-05-11,5.8725,5.93,5.75,5.92,24876.0
2018-05-14,5.95,6.019,5.645,5.805,24667.0
2018-05-15,5.9,6.33,5.9,6.03,70209.0
2018-05-16,6.04,6.1,5.66,5.66,39751.0
2018-05-17,5.7,5.77,5.38,5.49,31011.0
2018-05-18,5.43,5.97,5.43,5.83,16540.0
2018-05-21,5.88,6.1,5.7,5.75,48598.0
2018-05-22,5.7524,5.9,5.72,5.87,19613.0
2018-05-23,5.85,5.95,5.69,5.86,42196.0
2018-05-24,5.83,5.83,5.68,5.7,1539.0
2018-05-25,5.67,5.9,5.5421,5.85,5961.0
2018-05-29,5.82,6.1,5.82,5.93,88528.0
2018-05-30,5.836,6.1,5.836,5.94,55470.0
2018-05-31,6.0252,6.19,5.96,6.01,80601.0
2018-06-01,5.95,6.15,5.81,6.15,84748.0
2018-06-04,6.0907,6.49,5.94,5.95,89751.0
2018-06-05,5.9205,6.32,5.51,5.63,90492.0
2018-06-06,5.55,5.9,5.2154,5.6,107951.0
2018-06-07,5.6,5.72,5.3642,5.63,9621.0
2018-06-08,5.67,5.67,5.43,5.44,16450.0
2018-06-11,5.4,5.5746,5.36,5.44,17232.0
2018-06-12,5.48,5.5,5.3801,5.445,11755.0
2018-06-13,5.44,5.45,5.34,5.38,12588.0
2018-06-14,5.65,5.65,5.31,5.42,26882.0
2018-06-15,5.41,5.6101,5.31,5.31,22861.0
2018-06-18,5.21,5.45,5.21,5.42,18589.0
2018-06-19,5.44,5.54,5.2101,5.26,31554.0
2018-06-20,5.3,6.25,5.2239,5.78,144204.0
2018-06-21,5.75,6.0,5.71,5.99,41234.0
2018-06-22,6.01,6.6299,5.7,6.04,371315.0
2018-06-25,6.07,6.07,5.5,5.64,58599.0
2018-06-26,5.64,6.01,5.5301,5.9,40768.0
2018-06-27,5.91,6.03,5.52,5.61,18519.0
2018-06-28,5.7,5.94,5.56,5.92,12041.0
2018-06-29,6.0007,6.44,5.66,6.12,63558.0
2018-07-02,6.12,6.25,5.9,5.95,31134.0
2018-07-03,6.0,6.0,5.8,6.0,10667.0
2018-07-05,5.97,6.24,5.65,5.71,38965.0
2018-07-06,5.75,6.1,5.75,6.04,29140.0
2018-07-09,6.01,6.04,5.84,5.96,17177.0
2018-07-10,5.925,6.05,5.925,6.02,13016.0
2018-07-11,6.0,6.095,5.861,5.9,15898.0
2018-07-12,5.9628,5.9628,5.82,5.82,12511.0
2018-07-13,5.82,5.82,5.72,5.79,16924.0
2018-07-16,5.8,5.9,5.58,5.63,27661.0
2018-07-17,5.74,5.88,5.26,5.46,93495.0
2018-07-18,5.5889,5.5949,5.4574,5.59,23755.0
2018-07-19,5.5899,5.86,5.5899,5.81,18733.0
2018-07-20,5.8186,5.85,5.735,5.78,9774.0
2018-07-23,5.8,6.0,5.8,5.9,62522.0
2018-07-24,5.82,5.935,5.76,5.81,15293.0
2018-07-25,5.56,5.8299,5.56,5.81,18015.0
2018-07-26,5.851,5.9,5.66,5.9,18907.0
2018-07-27,5.652,5.85,5.61,5.63,20580.0
2018-07-30,5.55,5.6999,5.5,5.5,22888.0
2018-07-31,5.5035,5.7862,5.5011,5.74,15255.0
2018-08-01,5.655,5.8,5.6,5.7,9956.0
2018-08-02,5.5285,5.86,5.52,5.52,13912.0
2018-08-03,5.55,5.86,5.501,5.82,18112.0
2018-08-06,5.6457,6.0,5.6457,5.9,34840.0
2018-08-07,5.9,6.0,5.809,6.0,18913.0
2018-08-08,5.9,5.9,5.69,5.86,11721.0
2018-08-09,5.9,5.9,5.75,5.865,20062.0
2018-08-10,5.75,5.79,5.65,5.73,17844.0
2018-08-13,5.7,5.7,5.6,5.69,2752.0
2018-08-14,5.7207,5.925,5.62,5.925,29237.0
2018-08-15,5.8,5.8,5.629,5.65,23150.0
2018-08-16,5.7001,5.749,5.7001,5.7027,9550.0
2018-08-17,5.6045,5.67,5.47,5.47,27163.0
2018-08-20,5.4101,5.7,5.32,5.575,34180.0
2018-08-21,5.52,5.5559,4.98,5.2,75529.0
2018-08-22,5.2,5.53,5.0,5.235,63129.0
2018-08-23,5.27,5.3599,5.0964,5.32,19674.0
2018-08-24,5.33,5.33,5.1642,5.22,13564.0
2018-08-27,5.33,5.6,5.21,5.35,29166.0
2018-08-28,5.34,5.53,5.3,5.4,5126.0
2018-08-29,5.4101,5.4101,5.26,5.26,8654.0
2018-08-30,5.34,5.495,5.26,5.495,6611.0
2018-08-31,5.374,5.5,5.3,5.39,13898.0
2018-09-04,5.22,5.2954,5.21,5.21,13840.0
2018-09-05,5.21,5.25,5.15,5.15,16157.0
2018-09-06,5.22,5.22,5.1,5.1,18270.0
2018-09-07,5.1,5.15,5.036,5.07,20025.0
2018-09-10,5.05,5.079,4.87,4.87,18164.0
2018-09-11,4.95,5.11,4.89,5.11,23638.0
2018-09-12,5.01,5.07,4.97,5.0,17810.0
2018-09-13,4.9649,5.0,4.95,4.96,12695.0
2018-09-14,4.9708,5.0,4.87,4.87,14872.0
2018-09-17,4.86,4.94,4.75,4.82,22680.0
2018-09-18,4.821,4.97,4.821,4.9,11841.0
2018-09-19,4.94,4.965,4.85,4.9,4698.0
2018-09-20,4.95,5.045,4.92,4.92,8925.0
2018-09-21,4.999,5.05,4.925,5.05,17759.0
2018-09-24,5.05,5.25,5.0101,5.25,19114.0
2018-09-25,5.55,6.04,5.5,5.84,555500.0
2018-09-26,5.86,6.445,5.8405,6.02,160751.0
2018-09-27,6.08,6.08,5.83,5.97,47358.0
2018-09-28,6.06,6.06,5.8967,5.98,30687.0
2018-10-01,5.988,5.988,5.4,5.5,65713.0
2018-10-02,6.25,6.45,5.94,6.1,219600.0
2018-10-03,6.06,6.2973,5.86,5.95,65196.0
2018-10-04,5.9697,6.0562,5.7062,5.93,63152.0
2018-10-05,5.95,6.225,5.8,6.13,53184.0
2018-10-08,6.21,6.21,5.6511,5.94,72320.0
2018-10-09,5.92,6.2,5.92,6.06,26160.0
2018-10-10,5.97,6.33,5.81,5.89,92238.0
2018-10-11,4.74,4.75,4.53,4.62,456046.0
2018-10-12,4.62,4.76,4.62,4.6975,105260.0
2018-10-15,4.7,4.725,4.55,4.67,113271.0
2018-10-16,4.66,4.67,4.41,4.66,135776.0
2018-10-17,4.58,4.665,4.58,4.66,32857.0
2018-10-18,4.8,4.8,4.515,4.71,132470.0
2018-10-19,4.73,4.84,4.3801,4.61,299020.0
2018-10-22,4.7467,4.7467,4.41,4.48,63535.0
2018-10-23,4.42,4.6,4.25,4.52,153997.0
2018-10-24,4.37,4.52,4.29,4.46,67134.0
2018-10-25,4.28,4.474,4.265,4.4,132598.0
2018-10-26,4.34,4.67,4.3,4.49,86287.0
2018-10-29,4.47,4.6521,4.28,4.29,114728.0
2018-10-30,4.3,4.3,4.03,4.05,43349.0
2018-10-31,4.06,4.145,3.78,4.1,111224.0
2018-11-01,4.01,4.58,4.01,4.49,102908.0
2018-11-02,4.5,4.51,3.9926,4.06,64055.0
2018-11-05,4.1,4.26,3.95,3.95,40701.0
2018-11-06,3.8,3.96,3.5749,3.96,99334.0
2018-11-07,4.15,4.15,3.8092,3.98,23665.0
2018-11-08,3.98,4.0005,3.805,3.87,37818.0
2018-11-09,3.85,4.0,3.72,3.75,30764.0
2018-11-12,3.75,3.79,3.58,3.6,13734.0
2018-11-13,3.6,3.655,3.507,3.52,63473.0
2018-11-14,3.53,3.53,2.84,3.24,150021.0
2018-11-15,3.25,3.3735,3.2206,3.3,12747.0
2018-11-16,3.31,3.48,3.31,3.45,23502.0
2018-11-19,3.3218,3.81,3.28,3.67,57927.0
2018-11-20,3.51,3.68,3.5,3.54,47863.0
2018-11-21,3.55,3.57,3.4101,3.57,32198.0
2018-11-23,3.45,3.53,3.42,3.47,6943.0
2018-11-26,3.5,3.87,3.5,3.71,64728.0
2018-11-27,3.69,3.69,3.55,3.66,40480.0
2018-11-28,3.58,3.74,3.411,3.47,42758.0
2018-11-29,3.44,3.7,3.3165,3.7,20770.0
2018-11-30,3.68,3.8,3.6,3.6,30477.0
2018-12-03,3.47,3.54,3.43,3.54,17306.0
2018-12-04,3.46,3.46,3.4117,3.43,478.0
2018-12-06,3.5299,3.5299,3.21,3.21,30356.0
2018-12-07,3.11,3.3099,3.11,3.21,24759.0
2018-12-10,3.17,3.31,3.07,3.21,22806.0
2018-12-11,3.17,3.61,3.06,3.27,101809.0
2018-12-12,3.32,3.59,3.27,3.4,30608.0
2018-12-13,3.31,3.7,3.2,3.45,18948.0
2018-12-14,3.31,3.74,3.23,3.51,15421.0
2018-12-17,3.44,3.44,3.0644,3.0644,35174.0
2018-12-18,3.07,3.07,2.9,2.955,47802.0
2018-12-19,2.96,3.14,2.69,2.715,132205.0
2018-12-20,2.72,2.925,2.598,2.84,57747.0
2018-12-21,2.84,2.84,2.5,2.66,71105.0
2018-12-24,2.75,2.75,2.51,2.63,15418.0
2018-12-26,2.66,2.75,2.46,2.61,91841.0
2018-12-27,2.51,2.71,2.33,2.5,69657.0
2018-12-28,2.45,2.69,2.37,2.65,124581.0
2018-12-31,2.67,3.05,2.5,2.87,120445.0
2019-01-02,2.79,3.01,2.68,2.955,20345.0
2019-01-03,2.9,2.9499,2.82,2.82,2299.0
2019-01-04,2.81,2.99,2.75,2.75,11215.0
2019-01-07,2.69,3.0,2.69,2.96,9475.0
2019-01-08,3.01,3.19,2.83,2.9,29167.0
2019-01-09,2.85,3.08,2.85,2.99,19636.0
2019-01-10,3.05,3.25,2.9346,3.01,48577.0
2019-01-11,3.02,3.1589,2.9501,3.14,11270.0
2019-01-14,2.96,3.1547,2.96,3.03,10490.0
2019-01-15,3.05,3.1349,2.88,2.88,23847.0
2019-01-16,3.09,3.09,2.87,2.99,39470.0
2019-01-17,2.95,3.08,2.91,3.01,14280.0
2019-01-18,3.0,3.225,3.0,3.0803,36517.0
2019-01-22,3.0801,3.22,3.03,3.03,12628.0
2019-01-23,3.05,3.4834,3.0485,3.25,12617.0
2019-01-24,3.23,3.7,3.23,3.7,33193.0
2019-01-25,3.83,4.0,3.73,3.99,54049.0
2019-01-28,4.01,4.35,3.46,3.9,109514.0
2019-01-29,3.8,4.0902,3.4301,3.77,78267.0
2019-01-30,3.73,4.059,3.6301,3.71,44093.0
2019-01-31,3.82,3.9689,3.51,3.51,27838.0
2019-02-01,3.5,3.8,3.5,3.7,21469.0
2019-02-04,3.74,3.8,3.5101,3.75,13015.0
2019-02-05,3.77,3.975,3.64,3.66,12084.0
2019-02-06,3.63,3.8516,3.63,3.68,11784.0
2019-02-07,3.8025,3.855,3.63,3.68,19504.0
2019-02-08,3.68,3.7656,3.55,3.6,25505.0
2019-02-11,3.765,3.88,3.5933,3.7,27404.0
2019-02-12,3.7301,3.8,3.56,3.75,40674.0
2019-02-13,3.5778,3.99,3.4401,3.93,132085.0
2019-02-14,3.89,4.0,3.77,3.77,46576.0
2019-02-15,3.75,3.97,3.72,3.84,46353.0
2019-02-19,3.84,4.1,3.67,3.67,65748.0
2019-02-20,3.66,3.887,3.65,3.75,47036.0
2019-02-21,3.85,3.97,3.7505,3.82,35802.0
2019-02-22,3.91,3.94,3.6921,3.79,23125.0
2019-02-25,3.84,3.91,3.66,3.79,66157.0
2019-02-26,3.84,3.91,3.71,3.71,55184.0
2019-02-27,3.75,3.9,3.71,3.9,4480.0
2019-02-28,3.86,3.89,3.77,3.8,8027.0
2019-03-01,3.72,3.8,3.66,3.66,19264.0
2019-03-04,3.67,3.67,3.4813,3.63,60341.0
2019-03-05,3.64,3.85,3.51,3.63,40265.0
2019-03-06,3.69,3.868,3.57,3.59,47255.0
2019-03-07,3.65,3.85,3.6,3.65,15933.0
2019-03-08,3.7149,3.7149,3.5,3.56,23229.0
2019-03-11,3.5,3.55,3.38,3.39,16190.0
2019-03-12,3.41,3.63,3.41,3.56,17570.0
2019-03-13,3.61,3.61,3.38,3.445,9317.0
2019-03-14,3.5,3.62,3.4,3.41,46847.0
2019-03-15,3.43,3.48,3.37,3.37,16839.0
2019-03-18,3.43,3.51,3.35,3.44,23551.0
2019-03-19,3.55,3.65,3.25,3.53,24421.0
2019-03-20,3.47,3.47,2.978,3.15,44738.0
2019-03-21,3.15,3.45,3.0201,3.3,51859.0
2019-03-22,3.26,3.41,3.04,3.05,10163.0
2019-03-25,3.1,3.3,3.1,3.2,33270.0
