
2019-03-19 10:29:00,3.8458,3.8458,3.8458,3.8458,0.0
2019-03-19 13:54:00,3.85,3.85,3.85,3.85,100.0
2019-03-19 14:54:00,3.95,3.95,3.95,3.95,600.0
2019-03-19 15:01:00,3.94,3.94,3.94,3.94,151.0
2019-03-19 16:00:00,3.8,3.82,3.8,3.82,1665.0
2019-03-20 12:49:00,3.7301,3.7301,3.7301,3.7301,11.0
2019-03-20 15:08:00,3.85,3.85,3.85,3.85,146.0
2019-03-20 15:45:00,3.73,3.73,3.73,3.73,100.0
2019-03-20 15:51:00,3.76,3.76,3.76,3.76,387.0
2019-03-20 16:00:00,3.73,3.73,3.73,3.73,120.0
2019-03-21 09:31:00,3.78,3.78,3.78,3.78,0.0
2019-03-21 11:46:00,3.86,3.86,3.86,3.86,120.0
2019-03-21 12:24:00,3.84,3.84,3.84,3.84,100.0
2019-03-21 13:05:00,3.7242,3.7242,3.7242,3.7242,412.0
2019-03-21 14:53:00,3.77,3.77,3.77,3.77,104.0
2019-03-21 15:53:00,3.83,3.83,3.83,3.83,329.0
2019-03-22 15:58:00,3.71,3.71,3.71,3.71,0.0
2019-03-22 16:00:00,3.72,3.72,3.72,3.72,721.0
2019-03-25 14:29:00,3.78,3.79,3.78,3.79,0.0
2019-03-25 15:03:00,3.8273,3.8273,3.8273,3.8273,1201.0
2019-03-26 09:58:00,3.815,3.815,3.815,3.815,0.0
2019-03-26 09:59:00,3.72,3.72,3.7,3.7,5159.0
2019-03-26 10:00:00,3.7,3.7,3.7,3.7,2442.0
2019-03-26 12:47:00,3.74,3.74,3.74,3.74,166.0
2019-03-26 15:47:00,3.71,3.71,3.62,3.62,6617.0
2019-03-26 15:53:00,3.71,3.71,3.71,3.71,2511.0
2019-03-26 15:54:00,3.71,3.71,3.68,3.71,0.0
2019-03-27 10:00:00,3.7386,3.7386,3.7386,3.7386,0.0
2019-03-27 10:43:00,3.77,3.77,3.77,3.77,100.0
2019-03-27 10:53:00,3.72,3.72,3.72,3.72,1808.0
2019-03-27 10:54:00,3.72,3.72,3.72,3.72,2431.0
2019-03-27 10:58:00,3.72,3.72,3.72,3.72,10917.0
2019-03-27 11:08:00,3.62,3.62,3.62,3.62,250.0
2019-03-27 14:36:00,3.5704,3.5704,3.5704,3.5704,100.0
2019-03-27 15:10:00,3.639,3.639,3.6,3.6,12000.0
2019-03-27 15:11:00,3.65,3.65,3.65,3.65,5413.0
2019-03-27 15:58:00,3.65,3.65,3.65,3.65,100.0
2019-03-27 15:59:00,3.65,3.65,3.65,3.65,305.0
2019-03-28 10:52:00,3.62,3.62,3.62,3.62,0.0
2019-03-28 12:32:00,3.5879,3.5879,3.5879,3.5879,100.0
2019-03-28 13:38:00,3.5879,3.5879,3.5879,3.5879,1140.0
2019-03-28 14:10:00,3.6,3.6,3.53,3.53,25469.0
2019-03-28 14:21:00,3.65,3.65,3.64,3.64,1747.0
2019-03-28 14:22:00,3.58,3.65,3.58,3.65,5253.0
2019-03-28 14:23:00,3.65,3.65,3.65,3.65,4000.0
2019-03-28 14:24:00,3.585,3.65,3.585,3.65,1500.0
2019-03-28 14:38:00,3.6513,3.665,3.6513,3.665,1418.0
2019-03-28 14:52:00,3.67,3.67,3.67,3.67,130.0
2019-03-28 14:54:00,3.67,3.67,3.67,3.67,112.0
2019-03-28 15:05:00,3.66,3.66,3.66,3.66,41216.0
2019-03-29 11:30:00,3.6001,3.6001,3.6001,3.6001,0.0
2019-03-29 11:41:00,3.64,3.64,3.64,3.64,100.0
2019-03-29 12:01:00,3.64,3.64,3.64,3.64,116.0
2019-03-29 12:56:00,3.64,3.64,3.64,3.64,150.0
2019-03-29 14:05:00,3.64,3.64,3.64,3.64,150.0
2019-03-29 14:48:00,3.6,3.6,3.6,3.6,75000.0
2019-03-29 14:58:00,3.64,3.64,3.64,3.64,107.0
2019-03-29 15:25:00,3.625,3.64,3.625,3.64,593.0
2019-03-29 15:36:00,3.64,3.64,3.64,3.64,162.0
2019-04-01 09:31:00,3.62,3.62,3.62,3.62,184.0
2019-04-01 10:56:00,3.65,3.65,3.65,3.65,191.0
2019-04-01 11:16:00,3.54,3.54,3.54,3.54,901.0
2019-04-01 13:06:00,3.64,3.64,3.64,3.64,100.0
2019-04-01 13:18:00,3.55,3.55,3.541,3.541,1498.0
2019-04-01 14:34:00,3.5999,3.5999,3.5999,3.5999,100.0
2019-04-01 14:38:00,3.5619,3.57,3.555,3.555,0.0
2019-04-02 09:31:00,3.65,3.65,3.65,3.65,0.0
2019-04-02 09:42:00,3.59,3.59,3.59,3.59,106.0
2019-04-02 10:03:00,3.59,3.59,3.59,3.59,101.0
2019-04-02 10:54:00,3.59,3.59,3.59,3.59,101.0
2019-04-02 11:58:00,3.52,3.52,3.52,3.52,102.0
2019-04-02 12:55:00,3.57,3.57,3.57,3.57,100.0
2019-04-02 15:10:00,3.52,3.52,3.52,3.52,148.0
