
2019-03-19 09:31:00,14.79,14.79,14.75,14.7663,0.0
2019-03-19 09:37:00,14.77,14.77,14.77,14.77,300.0
2019-03-19 09:39:00,14.7807,14.7999,14.7807,14.7999,1200.0
2019-03-19 09:41:00,14.775,14.775,14.75,14.75,2400.0
2019-03-19 09:43:00,14.795,14.795,14.75,14.75,1700.0
2019-03-19 09:44:00,14.76,14.76,14.75,14.75,2900.0
2019-03-19 09:45:00,14.7599,14.7599,14.7599,14.7599,200.0
2019-03-19 09:54:00,14.75,14.75,14.75,14.75,164.0
2019-03-19 10:01:00,14.75,14.755,14.75,14.755,200.0
2019-03-19 10:02:00,14.75,14.755,14.75,14.755,3900.0
2019-03-19 10:13:00,14.74,14.75,14.74,14.75,935.0
2019-03-19 10:14:00,14.74,14.74,14.74,14.74,100.0
2019-03-19 10:15:00,14.7468,14.75,14.7468,14.75,588.0
2019-03-19 10:30:00,14.75,14.75,14.75,14.75,700.0
2019-03-19 10:31:00,14.75,14.76,14.74,14.755,4237.0
2019-03-19 10:32:00,14.75,14.75,14.75,14.75,100.0
2019-03-19 10:33:00,14.756,14.756,14.755,14.755,600.0
2019-03-19 10:35:00,14.755,14.755,14.75,14.75,689.0
2019-03-19 10:37:00,14.75,14.75,14.75,14.75,151.0
2019-03-19 10:41:00,14.75,14.75,14.75,14.75,1849.0
2019-03-19 10:42:00,14.7565,14.7565,14.7565,14.7565,200.0
2019-03-19 10:47:00,14.75,14.75,14.75,14.75,100.0
2019-03-19 10:51:00,14.75,14.7537,14.75,14.7537,1700.0
2019-03-19 10:55:00,14.759,14.759,14.759,14.759,150.0
2019-03-19 10:58:00,14.75,14.75,14.75,14.75,100.0
2019-03-19 11:07:00,14.74,14.74,14.74,14.74,409.0
2019-03-19 11:13:00,14.7518,14.7518,14.7461,14.7461,285.0
2019-03-19 11:14:00,14.75,14.75,14.74,14.75,1600.0
2019-03-19 11:17:00,14.7485,14.7485,14.7485,14.7485,235.0
2019-03-19 11:23:00,14.7483,14.7483,14.7483,14.7483,558.0
2019-03-19 11:30:00,14.7537,14.7537,14.75,14.75,914.0
2019-03-19 11:31:00,14.7444,14.7444,14.7444,14.7444,115.0
2019-03-19 11:37:00,14.75,14.75,14.75,14.75,200.0
2019-03-19 11:42:00,14.746,14.746,14.746,14.746,600.0
2019-03-19 11:44:00,14.7545,14.7545,14.7545,14.7545,1152.0
2019-03-19 11:45:00,14.7545,14.7545,14.7529,14.7529,642.0
2019-03-19 11:46:00,14.7533,14.7533,14.74,14.74,300.0
2019-03-19 11:50:00,14.75,14.75,14.75,14.75,100.0
2019-03-19 11:56:00,14.7491,14.7491,14.7491,14.7491,1500.0
2019-03-19 11:57:00,14.75,14.75,14.75,14.75,100.0
2019-03-19 12:01:00,14.74,14.74,14.74,14.74,100.0
2019-03-19 12:07:00,14.7457,14.7457,14.7457,14.7457,450.0
2019-03-19 12:09:00,14.74,14.74,14.74,14.74,300.0
2019-03-19 12:13:00,14.75,14.759,14.75,14.75,1900.0
2019-03-19 12:21:00,14.7485,14.7485,14.7485,14.7485,500.0
2019-03-19 12:30:00,14.75,14.76,14.75,14.755,3025.0
2019-03-19 12:31:00,14.75,14.755,14.75,14.755,1343.0
2019-03-19 12:41:00,14.75,14.75,14.75,14.75,1790.0
2019-03-19 12:42:00,14.75,14.755,14.75,14.755,1900.0
2019-03-19 12:46:00,14.75,14.75,14.75,14.75,436.0
2019-03-19 12:53:00,14.7555,14.7555,14.7555,14.7555,300.0
2019-03-19 12:54:00,14.75,14.75,14.74,14.75,1698.0
2019-03-19 13:05:00,14.74,14.74,14.72,14.72,3732.0
2019-03-19 13:06:00,14.73,14.73,14.73,14.73,619.0
2019-03-19 13:08:00,14.73,14.74,14.73,14.7357,1298.0
2019-03-19 13:12:00,14.73,14.73,14.72,14.7231,4000.0
2019-03-19 13:14:00,14.72,14.7214,14.72,14.72,2356.0
2019-03-19 13:17:00,14.7365,14.7365,14.7365,14.7365,3000.0
2019-03-19 13:18:00,14.7201,14.7201,14.7201,14.7201,1434.0
2019-03-19 13:32:00,14.72,14.72,14.72,14.72,120.0
2019-03-19 13:33:00,14.74,14.74,14.74,14.74,340.0
2019-03-19 13:34:00,14.7384,14.7384,14.7384,14.7384,1400.0
2019-03-19 13:35:00,14.7284,14.7284,14.7284,14.7284,700.0
2019-03-19 13:42:00,14.7342,14.7342,14.73,14.73,200.0
2019-03-19 13:43:00,14.74,14.74,14.74,14.74,360.0
2019-03-19 13:53:00,14.7406,14.7406,14.7406,14.7406,250.0
2019-03-19 14:01:00,14.7366,14.7366,14.7366,14.7366,189.0
2019-03-19 14:03:00,14.74,14.74,14.74,14.74,100.0
2019-03-19 14:04:00,14.731,14.731,14.7301,14.7301,2500.0
2019-03-19 14:07:00,14.7362,14.7362,14.73,14.73,535.0
2019-03-19 14:08:00,14.7434,14.749,14.7434,14.749,1578.0
2019-03-19 14:11:00,14.73,14.73,14.73,14.73,300.0
2019-03-19 14:18:00,14.748,14.748,14.748,14.748,500.0
2019-03-19 14:19:00,14.75,14.75,14.75,14.75,800.0
2019-03-19 14:26:00,14.731,14.74,14.731,14.74,375.0
2019-03-19 14:33:00,14.7432,14.7432,14.7432,14.7432,740.0
2019-03-19 14:36:00,14.7301,14.7301,14.73,14.73,259.0
2019-03-19 14:39:00,14.74,14.745,14.74,14.745,300.0
2019-03-19 14:43:00,14.745,14.745,14.745,14.745,400.0
2019-03-19 14:47:00,14.75,14.75,14.75,14.75,100.0
2019-03-19 14:51:00,14.75,14.75,14.75,14.75,100.0
2019-03-19 14:54:00,14.75,14.75,14.75,14.75,100.0
2019-03-19 14:57:00,14.75,14.75,14.75,14.75,100.0
2019-03-19 14:59:00,14.75,14.75,14.75,14.75,100.0
2019-03-19 15:01:00,14.75,14.75,14.75,14.75,100.0
2019-03-19 15:02:00,14.745,14.75,14.745,14.75,400.0
2019-03-19 15:03:00,14.75,14.75,14.75,14.75,100.0
2019-03-19 15:05:00,14.75,14.75,14.74,14.74,400.0
2019-03-19 15:07:00,14.75,14.75,14.75,14.75,100.0
2019-03-19 15:10:00,14.75,14.75,14.75,14.75,100.0
2019-03-19 15:13:00,14.75,14.75,14.75,14.75,100.0
2019-03-19 15:18:00,14.75,14.75,14.75,14.75,100.0
2019-03-19 15:19:00,14.75,14.75,14.75,14.75,150.0
2019-03-19 15:28:00,14.75,14.75,14.75,14.75,800.0
2019-03-19 15:29:00,14.75,14.75,14.75,14.75,200.0
2019-03-19 15:31:00,14.75,14.75,14.75,14.75,100.0
2019-03-19 15:32:00,14.745,14.745,14.745,14.745,100.0
2019-03-19 15:33:00,14.75,14.75,14.75,14.75,100.0
2019-03-19 15:35:00,14.75,14.75,14.75,14.75,200.0
2019-03-19 15:44:00,14.745,14.75,14.745,14.75,200.0
2019-03-19 15:45:00,14.75,14.75,14.75,14.75,100.0
2019-03-19 15:46:00,14.75,14.75,14.75,14.75,500.0
2019-03-19 15:47:00,14.75,14.75,14.75,14.75,300.0
2019-03-19 15:48:00,14.74,14.74,14.74,14.74,100.0
2019-03-19 15:49:00,14.75,14.75,14.75,14.75,1100.0
2019-03-19 15:50:00,14.75,14.7556,14.75,14.7556,2163.0
2019-03-19 15:51:00,14.75,14.75,14.75,14.75,1100.0
2019-03-19 15:52:00,14.75,14.755,14.75,14.75,1130.0
2019-03-19 15:53:00,14.75,14.75,14.75,14.75,1700.0
2019-03-19 15:55:00,14.743,14.743,14.743,14.743,225.0
2019-03-19 15:56:00,14.75,14.755,14.75,14.75,1400.0
2019-03-19 15:57:00,14.7501,14.7501,14.75,14.75,2260.0
2019-03-19 15:59:00,14.75,14.75,14.72,14.72,11293.0
2019-03-19 16:00:00,14.725,14.725,14.72,14.72,505.0
2019-03-20 09:31:00,14.72,14.72,14.72,14.72,0.0
2019-03-20 09:44:00,14.7403,14.7403,14.7403,14.7403,1600.0
2019-03-20 09:46:00,14.74,14.75,14.74,14.75,5250.0
2019-03-20 09:52:00,14.75,14.76,14.72,14.73,5018.0
2019-03-20 09:56:00,14.7599,14.7599,14.7599,14.7599,568.0
2019-03-20 10:12:00,14.74,14.7472,14.74,14.7472,2140.0
2019-03-20 10:24:00,14.7402,14.7402,14.7402,14.7402,1000.0
2019-03-20 10:32:00,14.73,14.73,14.73,14.73,100.0
2019-03-20 10:35:00,14.7398,14.7398,14.7398,14.7398,655.0
2019-03-20 10:39:00,14.7347,14.7347,14.7347,14.7347,1509.0
2019-03-20 10:43:00,14.735,14.735,14.735,14.735,100.0
2019-03-20 10:45:00,14.74,14.74,14.74,14.74,200.0
2019-03-20 10:46:00,14.73,14.73,14.73,14.73,1300.0
2019-03-20 10:54:00,14.725,14.725,14.725,14.725,1000.0
2019-03-20 10:57:00,14.7268,14.73,14.7268,14.73,538.0
2019-03-20 10:59:00,14.7233,14.7233,14.7233,14.7233,496.0
2019-03-20 11:00:00,14.72,14.73,14.72,14.73,950.0
2019-03-20 11:09:00,14.725,14.725,14.725,14.725,300.0
2019-03-20 11:20:00,14.725,14.725,14.725,14.725,150.0
2019-03-20 11:21:00,14.73,14.75,14.73,14.73,4251.0
2019-03-20 11:27:00,14.725,14.725,14.72,14.7201,662.0
2019-03-20 11:30:00,14.725,14.73,14.725,14.725,1700.0
2019-03-20 11:31:00,14.73,14.73,14.73,14.73,1600.0
2019-03-20 11:33:00,14.73,14.73,14.73,14.73,500.0
2019-03-20 11:34:00,14.73,14.73,14.72,14.73,2506.0
2019-03-20 11:37:00,14.7201,14.7201,14.7201,14.7201,800.0
2019-03-20 11:40:00,14.7299,14.7299,14.7299,14.7299,2000.0
2019-03-20 11:41:00,14.73,14.73,14.73,14.73,734.0
2019-03-20 11:42:00,14.73,14.73,14.73,14.73,400.0
2019-03-20 11:43:00,14.74,14.74,14.74,14.74,940.0
2019-03-20 11:52:00,14.74,14.74,14.74,14.74,100.0
2019-03-20 11:54:00,14.74,14.74,14.74,14.74,100.0
2019-03-20 11:55:00,14.7301,14.74,14.7301,14.74,850.0
2019-03-20 11:56:00,14.74,14.74,14.735,14.735,200.0
2019-03-20 11:57:00,14.74,14.74,14.74,14.74,100.0
2019-03-20 11:58:00,14.74,14.74,14.74,14.74,100.0
2019-03-20 12:00:00,14.74,14.74,14.74,14.74,100.0
2019-03-20 12:01:00,14.74,14.74,14.74,14.74,100.0
2019-03-20 12:02:00,14.74,14.74,14.74,14.74,100.0
2019-03-20 12:03:00,14.74,14.74,14.74,14.74,500.0
2019-03-20 12:04:00,14.74,14.74,14.731,14.731,1300.0
2019-03-20 12:06:00,14.73,14.73,14.73,14.73,600.0
2019-03-20 12:08:00,14.7299,14.74,14.7299,14.7399,1100.0
2019-03-20 12:10:00,14.74,14.74,14.74,14.74,100.0
2019-03-20 12:12:00,14.74,14.74,14.74,14.74,100.0
2019-03-20 12:14:00,14.74,14.74,14.74,14.74,100.0
2019-03-20 12:16:00,14.74,14.74,14.74,14.74,125.0
2019-03-20 12:17:00,14.74,14.74,14.74,14.74,100.0
2019-03-20 12:21:00,14.74,14.74,14.74,14.74,200.0
2019-03-20 12:23:00,14.74,14.74,14.74,14.74,100.0
2019-03-20 12:24:00,14.74,14.74,14.74,14.74,100.0
2019-03-20 12:26:00,14.74,14.74,14.74,14.74,100.0
2019-03-20 12:28:00,14.74,14.74,14.74,14.74,100.0
2019-03-20 12:30:00,14.74,14.74,14.74,14.74,100.0
2019-03-20 12:31:00,14.74,14.74,14.74,14.74,100.0
2019-03-20 12:33:00,14.735,14.74,14.735,14.74,667.0
2019-03-20 12:35:00,14.74,14.74,14.74,14.74,100.0
2019-03-20 12:37:00,14.74,14.74,14.74,14.74,100.0
2019-03-20 12:39:00,14.74,14.74,14.74,14.74,100.0
2019-03-20 12:40:00,14.74,14.74,14.74,14.74,100.0
2019-03-20 12:42:00,14.74,14.74,14.74,14.74,200.0
2019-03-20 12:43:00,14.735,14.735,14.7301,14.7301,1500.0
2019-03-20 12:44:00,14.74,14.74,14.7399,14.7399,200.0
2019-03-20 12:45:00,14.74,14.74,14.74,14.74,100.0
2019-03-20 12:46:00,14.7399,14.7399,14.7399,14.7399,100.0
2019-03-20 12:47:00,14.7399,14.7399,14.7399,14.7399,100.0
2019-03-20 12:49:00,14.7399,14.7399,14.7399,14.7399,150.0
2019-03-20 12:51:00,14.7399,14.7399,14.7399,14.7399,100.0
2019-03-20 12:53:00,14.7399,14.7399,14.7399,14.7399,100.0
2019-03-20 12:55:00,14.7399,14.7399,14.7399,14.7399,100.0
2019-03-20 12:56:00,14.7399,14.7399,14.7399,14.7399,100.0
2019-03-20 12:58:00,14.7399,14.7399,14.735,14.735,400.0
2019-03-20 13:00:00,14.7399,14.7399,14.7399,14.7399,100.0
2019-03-20 13:01:00,14.7399,14.7399,14.7399,14.7399,100.0
2019-03-20 13:03:00,14.7399,14.7399,14.7399,14.7399,100.0
2019-03-20 13:04:00,14.74,14.74,14.74,14.74,600.0
2019-03-20 13:05:00,14.738,14.738,14.738,14.738,125.0
2019-03-20 13:06:00,14.74,14.74,14.74,14.74,100.0
2019-03-20 13:08:00,14.74,14.74,14.73,14.73,1085.0
2019-03-20 13:09:00,14.74,14.74,14.74,14.74,100.0
2019-03-20 13:11:00,14.7384,14.74,14.7384,14.74,500.0
2019-03-20 13:13:00,14.74,14.74,14.74,14.74,100.0
2019-03-20 13:14:00,14.7314,14.74,14.7314,14.74,400.0
2019-03-20 13:16:00,14.74,14.74,14.74,14.74,101.0
2019-03-20 13:18:00,14.74,14.74,14.74,14.74,100.0
2019-03-20 13:19:00,14.74,14.74,14.74,14.74,100.0
2019-03-20 13:20:00,14.74,14.74,14.74,14.74,144.0
2019-03-20 13:26:00,14.74,14.74,14.74,14.74,300.0
2019-03-20 13:27:00,14.74,14.74,14.74,14.74,100.0
2019-03-20 13:28:00,14.7366,14.7366,14.7366,14.7366,700.0
2019-03-20 13:29:00,14.74,14.74,14.74,14.74,200.0
2019-03-20 13:31:00,14.74,14.74,14.74,14.74,100.0
2019-03-20 13:32:00,14.74,14.74,14.74,14.74,100.0
2019-03-20 13:33:00,14.7333,14.7333,14.7333,14.7333,250.0
2019-03-20 13:34:00,14.7399,14.7399,14.7399,14.7399,157.0
2019-03-20 13:36:00,14.74,14.74,14.735,14.735,200.0
2019-03-20 13:38:00,14.7399,14.7399,14.7399,14.7399,100.0
2019-03-20 13:39:00,14.735,14.74,14.735,14.74,1500.0
2019-03-20 13:44:00,14.735,14.74,14.735,14.74,1143.0
2019-03-20 13:54:00,14.74,14.74,14.73,14.73,957.0
2019-03-20 14:04:00,14.735,14.7399,14.73,14.73,5900.0
2019-03-20 14:12:00,14.735,14.735,14.735,14.735,100.0
2019-03-20 14:15:00,14.7376,14.7376,14.7376,14.7376,200.0
2019-03-20 14:26:00,14.7399,14.7399,14.73,14.73,900.0
2019-03-20 14:34:00,14.7372,14.7372,14.73,14.73,311.0
2019-03-20 15:07:00,14.7355,14.7355,14.73,14.73,500.0
2019-03-20 15:14:00,14.735,14.735,14.735,14.735,100.0
2019-03-20 15:15:00,14.7335,14.7335,14.7335,14.7335,311.0
2019-03-20 15:24:00,14.7366,14.7366,14.73,14.73,500.0
2019-03-20 15:38:00,14.73,14.735,14.72,14.72,1907.0
2019-03-20 15:47:00,14.725,14.74,14.72,14.72,6370.0
2019-03-20 15:48:00,14.725,14.729,14.7,14.7,11901.0
2019-03-20 15:49:00,14.7199,14.7199,14.71,14.71,1201.0
2019-03-20 15:52:00,14.71,14.72,14.7,14.7,2022.0
2019-03-20 15:54:00,14.71,14.72,14.7075,14.72,5175.0
2019-03-20 15:55:00,14.72,14.72,14.72,14.72,100.0
2019-03-20 15:57:00,14.72,14.72,14.71,14.71,455.0
2019-03-20 15:59:00,14.715,14.72,14.7,14.72,6934.0
2019-03-20 16:00:00,14.72,14.72,14.7,14.7,1200.0
2019-03-21 09:45:00,14.6121,14.6121,14.6121,14.6121,4461.0
2019-03-21 09:47:00,14.6263,14.64,14.6263,14.64,2260.0
2019-03-21 09:50:00,14.63,14.64,14.63,14.64,3296.0
2019-03-21 09:51:00,14.63,14.63,14.63,14.63,620.0
2019-03-21 09:52:00,14.6299,14.64,14.625,14.64,8640.0
2019-03-21 09:54:00,14.6261,14.63,14.6261,14.63,310.0
2019-03-21 10:00:00,14.63,14.63,14.63,14.63,2560.0
2019-03-21 10:01:00,14.62,14.62,14.62,14.62,200.0
2019-03-21 10:02:00,14.62,14.62,14.62,14.62,200.0
2019-03-21 10:03:00,14.62,14.62,14.62,14.62,100.0
2019-03-21 10:04:00,14.62,14.62,14.62,14.62,100.0
2019-03-21 10:05:00,14.62,14.62,14.62,14.62,200.0
2019-03-21 10:06:00,14.62,14.62,14.62,14.62,120.0
2019-03-21 10:07:00,14.62,14.629,14.62,14.629,200.0
2019-03-21 10:08:00,14.62,14.62,14.62,14.62,100.0
2019-03-21 10:09:00,14.62,14.62,14.62,14.62,110.0
2019-03-21 10:10:00,14.62,14.62,14.62,14.62,101.0
2019-03-21 10:12:00,14.62,14.62,14.62,14.62,150.0
2019-03-21 10:13:00,14.62,14.62,14.62,14.62,106.0
2019-03-21 10:15:00,14.62,14.62,14.62,14.62,100.0
2019-03-21 10:16:00,14.62,14.62,14.62,14.62,120.0
2019-03-21 10:18:00,14.62,14.62,14.62,14.62,100.0
2019-03-21 10:20:00,14.62,14.62,14.62,14.62,100.0
2019-03-21 10:22:00,14.62,14.625,14.62,14.625,300.0
2019-03-21 10:25:00,14.62,14.62,14.62,14.62,100.0
2019-03-21 10:27:00,14.6267,14.63,14.6267,14.63,2040.0
2019-03-21 10:28:00,14.62,14.63,14.62,14.63,5150.0
2019-03-21 10:30:00,14.625,14.63,14.62,14.63,900.0
2019-03-21 10:31:00,14.625,14.63,14.62,14.62,900.0
2019-03-21 10:33:00,14.62,14.62,14.62,14.62,100.0
2019-03-21 10:36:00,14.62,14.62,14.62,14.62,100.0
2019-03-21 10:37:00,14.62,14.62,14.62,14.62,105.0
2019-03-21 10:40:00,14.62,14.62,14.62,14.62,100.0
2019-03-21 10:42:00,14.62,14.62,14.62,14.62,100.0
2019-03-21 10:43:00,14.62,14.63,14.62,14.63,1500.0
2019-03-21 10:44:00,14.62,14.62,14.62,14.62,100.0
2019-03-21 10:46:00,14.6262,14.6262,14.6262,14.6262,450.0
2019-03-21 10:47:00,14.62,14.62,14.62,14.62,100.0
2019-03-21 10:51:00,14.62,14.62,14.62,14.62,100.0
2019-03-21 10:54:00,14.62,14.62,14.62,14.62,355.0
2019-03-21 10:58:00,14.62,14.62,14.62,14.62,100.0
2019-03-21 11:02:00,14.629,14.629,14.629,14.629,800.0
2019-03-21 11:03:00,14.62,14.62,14.62,14.62,100.0
2019-03-21 11:06:00,14.6271,14.6285,14.6271,14.6285,700.0
2019-03-21 11:10:00,14.6299,14.6299,14.6299,14.6299,101.0
2019-03-21 11:11:00,14.62,14.62,14.62,14.62,100.0
2019-03-21 11:15:00,14.62,14.62,14.62,14.62,150.0
2019-03-21 11:17:00,14.62,14.62,14.62,14.62,100.0
2019-03-21 11:18:00,14.6222,14.6222,14.6222,14.6222,5000.0
2019-03-21 11:19:00,14.625,14.626,14.62,14.626,5000.0
2019-03-21 11:20:00,14.625,14.625,14.6,14.6049,3800.0
2019-03-21 11:21:00,14.6051,14.6051,14.6051,14.6051,1000.0
2019-03-21 11:23:00,14.61,14.61,14.6,14.61,2000.0
2019-03-21 11:24:00,14.6061,14.6061,14.6035,14.6035,1650.0
2019-03-21 11:32:00,14.605,14.605,14.605,14.605,148.0
2019-03-21 11:33:00,14.6001,14.6001,14.6001,14.6001,500.0
2019-03-21 11:53:00,14.6069,14.61,14.6069,14.61,204.0
2019-03-21 11:54:00,14.61,14.61,14.61,14.61,200.0
2019-03-21 12:02:00,14.59,14.59,14.59,14.59,2300.0
2019-03-21 12:13:00,14.593,14.593,14.593,14.593,741.0
2019-03-21 12:15:00,14.59,14.59,14.57,14.57,2710.0
2019-03-21 12:19:00,14.57,14.57,14.57,14.57,800.0
2019-03-21 12:32:00,14.56,14.56,14.56,14.56,500.0
2019-03-21 12:42:00,14.58,14.58,14.58,14.58,200.0
2019-03-21 12:43:00,14.579,14.579,14.579,14.579,2417.0
2019-03-21 12:47:00,14.575,14.575,14.575,14.575,2800.0
2019-03-21 12:48:00,14.578,14.578,14.578,14.578,2800.0
2019-03-21 12:49:00,14.56,14.56,14.56,14.56,4408.0
2019-03-21 12:51:00,14.54,14.56,14.54,14.56,8620.0
2019-03-21 12:53:00,14.5475,14.5475,14.5475,14.5475,7270.0
2019-03-21 12:56:00,14.53,14.53,14.53,14.53,3920.0
2019-03-21 12:57:00,14.5135,14.5135,14.5135,14.5135,8700.0
2019-03-21 12:58:00,14.5081,14.5081,14.5081,14.5081,3300.0
2019-03-21 13:01:00,14.51,14.51,14.51,14.51,361.0
2019-03-21 13:04:00,14.51,14.51,14.51,14.51,160.0
2019-03-21 13:10:00,14.47,14.47,14.47,14.47,6856.0
2019-03-21 13:11:00,14.49,14.49,14.49,14.49,2100.0
2019-03-21 13:17:00,14.5,14.5,14.5,14.5,15941.0
2019-03-21 13:19:00,14.54,14.54,14.54,14.54,1000.0
2019-03-21 13:21:00,14.55,14.55,14.55,14.55,900.0
2019-03-21 13:22:00,14.55,14.55,14.55,14.55,1060.0
2019-03-21 13:23:00,14.55,14.55,14.55,14.55,1160.0
2019-03-21 13:24:00,14.55,14.55,14.55,14.55,400.0
2019-03-21 13:25:00,14.55,14.55,14.55,14.55,3835.0
2019-03-21 13:29:00,14.545,14.545,14.545,14.545,600.0
2019-03-21 13:32:00,14.5499,14.5499,14.5499,14.5499,1100.0
2019-03-21 13:33:00,14.5465,14.5465,14.5465,14.5465,506.0
2019-03-21 13:36:00,14.5451,14.5451,14.5451,14.5451,706.0
2019-03-21 13:40:00,14.5465,14.5465,14.5465,14.5465,400.0
2019-03-21 13:44:00,14.5499,14.5499,14.5499,14.5499,161.0
2019-03-21 13:45:00,14.5499,14.5499,14.5499,14.5499,3852.0
2019-03-21 13:47:00,14.5499,14.5499,14.5499,14.5499,100.0
2019-03-21 13:48:00,14.55,14.56,14.55,14.56,13680.0
2019-03-21 13:49:00,14.5662,14.5662,14.5662,14.5662,300.0
2019-03-21 13:50:00,14.57,14.57,14.57,14.57,461.0
2019-03-21 13:52:00,14.5652,14.5652,14.5652,14.5652,200.0
2019-03-21 13:54:00,14.56,14.56,14.56,14.56,309.0
2019-03-21 13:56:00,14.5601,14.5601,14.5601,14.5601,2550.0
2019-03-21 14:02:00,14.57,14.57,14.57,14.57,100.0
2019-03-21 14:05:00,14.57,14.57,14.57,14.57,100.0
2019-03-21 14:08:00,14.57,14.57,14.57,14.57,221.0
2019-03-21 14:12:00,14.56,14.56,14.56,14.56,2292.0
2019-03-21 14:18:00,14.5699,14.5699,14.5699,14.5699,222.0
2019-03-21 14:25:00,14.5699,14.5699,14.5699,14.5699,6937.0
2019-03-21 14:30:00,14.57,14.57,14.57,14.57,100.0
2019-03-21 14:31:00,14.57,14.57,14.57,14.57,217.0
2019-03-21 14:36:00,14.565,14.565,14.565,14.565,656.0
2019-03-21 14:44:00,14.5633,14.5633,14.5633,14.5633,200.0
2019-03-21 14:46:00,14.5649,14.5649,14.5649,14.5649,640.0
2019-03-21 14:48:00,14.57,14.57,14.57,14.57,682.0
2019-03-21 14:51:00,14.5685,14.5685,14.5685,14.5685,320.0
2019-03-21 15:00:00,14.5636,14.5636,14.5636,14.5636,1200.0
2019-03-21 15:02:00,14.565,14.565,14.565,14.565,1000.0
2019-03-21 15:05:00,14.5699,14.5699,14.5699,14.5699,1153.0
2019-03-21 15:06:00,14.5601,14.5601,14.5601,14.5601,1300.0
2019-03-21 15:13:00,14.5599,14.5599,14.5599,14.5599,1036.0
2019-03-21 15:17:00,14.56,14.56,14.5561,14.5561,560.0
2019-03-21 15:24:00,14.545,14.55,14.545,14.55,2807.0
2019-03-21 15:28:00,14.5486,14.5486,14.5486,14.5486,500.0
2019-03-21 15:32:00,14.51,14.51,14.49,14.49,17690.0
2019-03-21 15:34:00,14.51,14.51,14.49,14.49,419.0
2019-03-21 15:47:00,14.5126,14.5126,14.5126,14.5126,2353.0
2019-03-21 15:48:00,14.51,14.51,14.51,14.51,600.0
2019-03-21 15:53:00,14.51,14.51,14.51,14.51,761.0
2019-03-21 15:55:00,14.51,14.51,14.51,14.51,961.0
2019-03-21 15:56:00,14.52,14.52,14.52,14.52,972.0
2019-03-21 16:00:00,14.5,14.5,14.5,14.5,3359.0
2019-03-22 09:31:00,14.56,14.56,14.56,14.56,9625.0
2019-03-22 09:38:00,14.55,14.55,14.55,14.55,800.0
2019-03-22 09:39:00,14.55,14.55,14.55,14.55,840.0
2019-03-22 09:48:00,14.55,14.5534,14.54,14.55,3061.0
2019-03-22 09:55:00,14.5537,14.5537,14.5537,14.5537,773.0
2019-03-22 09:56:00,14.54,14.54,14.52,14.52,1302.0
2019-03-22 09:57:00,14.52,14.52,14.52,14.52,100.0
2019-03-22 10:00:00,14.5115,14.5115,14.5,14.5,1520.0
2019-03-22 10:03:00,14.4999,14.4999,14.4999,14.4999,500.0
2019-03-22 10:08:00,14.4991,14.5,14.4991,14.5,5120.0
2019-03-22 10:11:00,14.5021,14.5021,14.5021,14.5021,1000.0
2019-03-22 10:13:00,14.5099,14.5099,14.5099,14.5099,588.0
2019-03-22 10:19:00,14.4931,14.4931,14.4902,14.4925,2040.0
2019-03-22 10:20:00,14.4902,14.51,14.4902,14.51,5268.0
2019-03-22 10:21:00,14.505,14.505,14.505,14.505,200.0
2019-03-22 10:23:00,14.4973,14.5,14.4973,14.5,1200.0
2019-03-22 10:31:00,14.51,14.51,14.51,14.51,340.0
2019-03-22 10:34:00,14.515,14.515,14.515,14.515,102.0
2019-03-22 10:37:00,14.5154,14.52,14.5154,14.52,1350.0
2019-03-22 10:42:00,14.52,14.52,14.52,14.52,100.0
2019-03-22 10:45:00,14.513,14.513,14.513,14.513,125.0
2019-03-22 10:46:00,14.515,14.52,14.5101,14.5101,2280.0
2019-03-22 10:47:00,14.5193,14.5193,14.5193,14.5193,500.0
2019-03-22 10:51:00,14.5199,14.5199,14.5199,14.5199,155.0
2019-03-22 10:52:00,14.5173,14.5173,14.5173,14.5173,155.0
2019-03-22 10:57:00,14.52,14.52,14.52,14.52,100.0
2019-03-22 11:05:00,14.51,14.51,14.51,14.51,220.0
2019-03-22 11:19:00,14.49,14.49,14.48,14.4825,800.0
2019-03-22 11:29:00,14.4879,14.4879,14.4879,14.4879,250.0
2019-03-22 11:42:00,14.5,14.5,14.5,14.5,140.0
2019-03-22 11:45:00,14.4939,14.4939,14.4939,14.4939,100.0
2019-03-22 11:48:00,14.49,14.49,14.49,14.49,211.0
2019-03-22 11:53:00,14.48,14.48,14.45,14.46,8780.0
2019-03-22 11:54:00,14.47,14.47,14.47,14.47,100.0
2019-03-22 11:56:00,14.4798,14.4798,14.4798,14.4798,200.0
2019-03-22 11:57:00,14.4798,14.4798,14.4798,14.4798,112.0
2019-03-22 12:02:00,14.46,14.4668,14.46,14.4668,200.0
2019-03-22 12:07:00,14.46,14.4601,14.46,14.4601,520.0
2019-03-22 12:11:00,14.4401,14.4401,14.44,14.44,600.0
2019-03-22 12:12:00,14.441,14.441,14.441,14.441,220.0
2019-03-22 12:15:00,14.44,14.4408,14.44,14.44,2410.0
2019-03-22 12:16:00,14.43,14.43,14.43,14.43,100.0
2019-03-22 12:18:00,14.43,14.43,14.43,14.43,9359.0
2019-03-22 12:21:00,14.42,14.42,14.42,14.42,100.0
2019-03-22 12:23:00,14.42,14.42,14.42,14.42,100.0
2019-03-22 12:26:00,14.42,14.42,14.42,14.42,100.0
2019-03-22 12:28:00,14.41,14.41,14.4,14.41,2614.0
2019-03-22 12:30:00,14.4,14.4,14.4,14.4,100.0
2019-03-22 12:32:00,14.4159,14.4159,14.4159,14.4159,100.0
2019-03-22 12:33:00,14.4,14.4,14.4,14.4,100.0
2019-03-22 12:35:00,14.4,14.4,14.4,14.4,100.0
2019-03-22 12:38:00,14.4,14.4,14.4,14.4,100.0
2019-03-22 12:40:00,14.4,14.4,14.4,14.4,100.0
2019-03-22 12:41:00,14.4108,14.4108,14.4001,14.4108,436.0
2019-03-22 12:43:00,14.4,14.4,14.4,14.4,100.0
2019-03-22 12:45:00,14.4,14.4,14.4,14.4,100.0
2019-03-22 12:48:00,14.4,14.4,14.4,14.4,100.0
2019-03-22 12:50:00,14.4,14.4,14.4,14.4,140.0
2019-03-22 12:51:00,14.4273,14.4273,14.4273,14.4273,1000.0
2019-03-22 12:52:00,14.43,14.43,14.42,14.42,313.0
2019-03-22 12:55:00,14.41,14.41,14.41,14.41,100.0
2019-03-22 12:57:00,14.41,14.41,14.41,14.41,100.0
2019-03-22 12:59:00,14.4242,14.4242,14.4242,14.4242,1040.0
2019-03-22 13:00:00,14.41,14.41,14.41,14.41,100.0
2019-03-22 13:02:00,14.41,14.41,14.41,14.41,100.0
2019-03-22 13:04:00,14.4173,14.4173,14.4173,14.4173,500.0
2019-03-22 13:05:00,14.4,14.4,14.4,14.4,100.0
2019-03-22 13:07:00,14.4,14.4,14.4,14.4,101.0
2019-03-22 13:10:00,14.4,14.415,14.4,14.415,200.0
2019-03-22 13:11:00,14.4,14.4,14.4,14.4,100.0
2019-03-22 13:13:00,14.4,14.4,14.4,14.4,183.0
2019-03-22 13:15:00,14.4,14.4,14.4,14.4,134.0
2019-03-22 13:18:00,14.4,14.4,14.4,14.4,100.0
2019-03-22 13:20:00,14.4,14.4,14.4,14.4,100.0
2019-03-22 13:23:00,14.4,14.41,14.4,14.41,200.0
2019-03-22 13:25:00,14.41,14.41,14.41,14.41,100.0
2019-03-22 13:26:00,14.413,14.413,14.413,14.413,905.0
2019-03-22 13:28:00,14.41,14.41,14.41,14.41,100.0
2019-03-22 13:29:00,14.42,14.42,14.4185,14.4185,1000.0
2019-03-22 13:30:00,14.41,14.41,14.41,14.41,100.0
2019-03-22 13:33:00,14.41,14.42,14.41,14.42,200.0
2019-03-22 13:35:00,14.41,14.41,14.41,14.41,100.0
2019-03-22 13:38:00,14.41,14.41,14.41,14.41,100.0
2019-03-22 13:40:00,14.41,14.41,14.41,14.41,100.0
2019-03-22 13:43:00,14.41,14.41,14.41,14.41,100.0
2019-03-22 13:45:00,14.42,14.42,14.415,14.415,257.0
2019-03-22 13:46:00,14.41,14.41,14.41,14.41,100.0
2019-03-22 13:48:00,14.41,14.41,14.41,14.41,100.0
2019-03-22 13:50:00,14.41,14.41,14.41,14.41,100.0
2019-03-22 13:52:00,14.41,14.41,14.41,14.41,300.0
2019-03-22 13:53:00,14.41,14.41,14.41,14.41,100.0
2019-03-22 13:55:00,14.41,14.4101,14.4,14.4,1146.0
2019-03-22 13:58:00,14.4,14.4,14.4,14.4,100.0
2019-03-22 14:00:00,14.4,14.4,14.4,14.4,100.0
2019-03-22 14:02:00,14.4,14.4,14.4,14.4,100.0
2019-03-22 14:05:00,14.4,14.4,14.4,14.4,100.0
2019-03-22 14:07:00,14.4,14.4,14.4,14.4,100.0
2019-03-22 14:09:00,14.4144,14.4144,14.4,14.4,800.0
2019-03-22 14:12:00,14.4,14.4,14.4,14.4,107.0
2019-03-22 14:14:00,14.4,14.4,14.4,14.4,100.0
2019-03-22 14:16:00,14.4,14.4,14.4,14.4,100.0
2019-03-22 14:18:00,14.4,14.4,14.4,14.4,100.0
2019-03-22 14:21:00,14.4,14.4,14.4,14.4,100.0
2019-03-22 14:23:00,14.4116,14.4116,14.4,14.4,200.0
2019-03-22 14:25:00,14.4,14.4,14.4,14.4,100.0
2019-03-22 14:27:00,14.4,14.4,14.4,14.4,100.0
2019-03-22 14:29:00,14.4,14.4,14.4,14.4,100.0
2019-03-22 14:32:00,14.4,14.4,14.4,14.4,100.0
2019-03-22 14:34:00,14.4,14.4,14.4,14.4,100.0
2019-03-22 14:36:00,14.4,14.4,14.4,14.4,170.0
2019-03-22 14:38:00,14.4,14.4,14.4,14.4,100.0
2019-03-22 14:40:00,14.41,14.41,14.41,14.41,100.0
2019-03-22 14:41:00,14.42,14.42,14.42,14.42,1500.0
2019-03-22 14:43:00,14.4268,14.4268,14.4268,14.4268,133.0
2019-03-22 14:46:00,14.42,14.4299,14.41,14.41,3341.0
2019-03-22 14:47:00,14.4,14.41,14.4,14.41,500.0
2019-03-22 14:48:00,14.4,14.4,14.4,14.4,100.0
2019-03-22 14:50:00,14.4,14.4,14.4,14.4,100.0
2019-03-22 14:52:00,14.4,14.4,14.4,14.4,100.0
2019-03-22 14:55:00,14.4001,14.4001,14.4,14.4,4200.0
2019-03-22 14:57:00,14.41,14.41,14.4,14.4,5635.0
2019-03-22 14:58:00,14.395,14.395,14.395,14.395,100.0
2019-03-22 15:02:00,14.4,14.4,14.4,14.4,200.0
2019-03-22 15:03:00,14.3901,14.3901,14.3901,14.3901,2786.0
2019-03-22 15:06:00,14.39,14.39,14.39,14.39,100.0
2019-03-22 15:07:00,14.399,14.399,14.399,14.399,680.0
2019-03-22 15:08:00,14.39,14.39,14.39,14.39,100.0
2019-03-22 15:10:00,14.39,14.39,14.39,14.39,100.0
2019-03-22 15:12:00,14.39,14.39,14.39,14.39,100.0
2019-03-22 15:14:00,14.39,14.39,14.39,14.39,200.0
2019-03-22 15:15:00,14.39,14.4,14.39,14.4,2500.0
2019-03-22 15:16:00,14.39,14.39,14.39,14.39,100.0
2019-03-22 15:18:00,14.39,14.395,14.39,14.395,200.0
2019-03-22 15:19:00,14.39,14.39,14.39,14.39,140.0
2019-03-22 15:20:00,14.3934,14.3934,14.39,14.39,3500.0
2019-03-22 15:21:00,14.39,14.39,14.39,14.39,100.0
2019-03-22 15:23:00,14.39,14.39,14.39,14.39,100.0
2019-03-22 15:25:00,14.39,14.39,14.39,14.39,100.0
2019-03-22 15:26:00,14.3946,14.3946,14.39,14.39,297.0
2019-03-22 15:28:00,14.39,14.3901,14.39,14.3901,850.0
2019-03-22 15:30:00,14.39,14.39,14.39,14.39,100.0
2019-03-22 15:31:00,14.39,14.39,14.39,14.39,200.0
2019-03-22 15:33:00,14.395,14.4,14.395,14.3999,2836.0
2019-03-22 15:36:00,14.3999,14.3999,14.3999,14.3999,312.0
2019-03-22 15:39:00,14.39,14.39,14.39,14.39,100.0
2019-03-22 15:40:00,14.39,14.39,14.39,14.39,100.0
2019-03-22 15:41:00,14.39,14.39,14.39,14.39,100.0
2019-03-22 15:43:00,14.39,14.39,14.39,14.39,100.0
2019-03-22 15:44:00,14.39,14.39,14.39,14.39,100.0
2019-03-22 15:45:00,14.39,14.39,14.39,14.39,100.0
2019-03-22 15:47:00,14.39,14.39,14.39,14.39,200.0
2019-03-22 15:48:00,14.39,14.39,14.39,14.39,100.0
2019-03-22 15:49:00,14.39,14.39,14.39,14.39,100.0
2019-03-22 15:51:00,14.39,14.39,14.39,14.39,440.0
2019-03-22 15:52:00,14.39,14.39,14.39,14.39,809.0
2019-03-22 15:53:00,14.38,14.38,14.38,14.38,300.0
2019-03-22 15:54:00,14.38,14.38,14.38,14.38,200.0
2019-03-22 15:55:00,14.38,14.38,14.38,14.38,400.0
2019-03-22 15:56:00,14.38,14.38,14.38,14.38,378.0
2019-03-22 15:57:00,14.38,14.38,14.38,14.38,464.0
2019-03-22 15:58:00,14.38,14.38,14.38,14.38,400.0
2019-03-22 15:59:00,14.38,14.38,14.38,14.38,525.0
2019-03-22 16:00:00,14.38,14.39,14.37,14.39,4754.0
2019-03-25 09:31:00,14.26,14.26,14.26,14.26,21556.0
2019-03-25 09:33:00,14.284,14.284,14.284,14.284,4100.0
2019-03-25 09:34:00,14.33,14.33,14.33,14.33,100.0
2019-03-25 09:38:00,14.2886,14.2886,14.2886,14.2886,479.0
2019-03-25 09:40:00,14.3145,14.3145,14.3145,14.3145,1590.0
2019-03-25 09:41:00,14.33,14.33,14.33,14.33,5940.0
2019-03-25 09:43:00,14.35,14.35,14.35,14.35,455.0
2019-03-25 09:47:00,14.33,14.33,14.33,14.33,1300.0
2019-03-25 09:49:00,14.3385,14.3385,14.3385,14.3385,500.0
2019-03-25 09:51:00,14.33,14.33,14.33,14.33,600.0
2019-03-25 09:55:00,14.3323,14.3323,14.3323,14.3323,1850.0
2019-03-25 09:57:00,14.33,14.33,14.33,14.33,1500.0
2019-03-25 10:00:00,14.32,14.34,14.32,14.34,2000.0
2019-03-25 10:08:00,14.335,14.34,14.335,14.34,869.0
2019-03-25 10:12:00,14.34,14.34,14.34,14.34,2800.0
2019-03-25 10:17:00,14.32,14.32,14.32,14.32,1300.0
2019-03-25 10:20:00,14.3163,14.3163,14.3163,14.3163,220.0
2019-03-25 10:35:00,14.32,14.32,14.32,14.32,413.0
2019-03-25 10:47:00,14.32,14.32,14.32,14.32,221.0
2019-03-25 11:00:00,14.3352,14.3352,14.3352,14.3352,4693.0
2019-03-25 11:04:00,14.3494,14.3494,14.3494,14.3494,1900.0
2019-03-25 11:10:00,14.3433,14.3433,14.3433,14.3433,1000.0
2019-03-25 11:15:00,14.3466,14.3466,14.3466,14.3466,250.0
2019-03-25 11:18:00,14.3429,14.3429,14.3429,14.3429,294.0
2019-03-25 11:21:00,14.35,14.35,14.35,14.35,194.0
2019-03-25 11:22:00,14.35,14.35,14.35,14.35,504.0
2019-03-25 11:26:00,14.35,14.35,14.35,14.35,604.0
2019-03-25 11:27:00,14.34,14.34,14.34,14.34,1584.0
2019-03-25 11:28:00,14.34,14.34,14.34,14.34,1684.0
2019-03-25 11:31:00,14.34,14.34,14.34,14.34,1831.0
2019-03-25 11:35:00,14.33,14.33,14.32,14.32,4641.0
2019-03-25 11:51:00,14.315,14.3199,14.315,14.3199,2019.0
2019-03-25 11:59:00,14.3139,14.3139,14.3139,14.3139,270.0
2019-03-25 12:07:00,14.315,14.315,14.315,14.315,803.0
2019-03-25 12:15:00,14.3161,14.3161,14.3161,14.3161,286.0
2019-03-25 12:16:00,14.32,14.32,14.32,14.32,1158.0
2019-03-25 12:25:00,14.32,14.32,14.32,14.32,4600.0
2019-03-25 12:30:00,14.3199,14.3199,14.3199,14.3199,200.0
2019-03-25 12:35:00,14.3199,14.3199,14.3199,14.3199,100.0
2019-03-25 12:36:00,14.3199,14.3199,14.3199,14.3199,520.0
2019-03-25 12:37:00,14.3169,14.317,14.3169,14.317,1740.0
2019-03-25 12:40:00,14.3119,14.3119,14.3119,14.3119,1000.0
2019-03-25 12:42:00,14.315,14.315,14.315,14.315,396.0
2019-03-25 12:51:00,14.31,14.31,14.31,14.31,431.0
2019-03-25 13:00:00,14.32,14.32,14.32,14.32,2060.0
2019-03-25 13:01:00,14.33,14.33,14.33,14.33,458.0
2019-03-25 13:13:00,14.32,14.32,14.32,14.32,200.0
2019-03-25 13:16:00,14.3268,14.3268,14.3268,14.3268,258.0
2019-03-25 13:18:00,14.3263,14.3263,14.32,14.32,2252.0
2019-03-25 13:22:00,14.325,14.3258,14.325,14.3258,1763.0
2019-03-25 13:31:00,14.3226,14.3226,14.3226,14.3226,1541.0
2019-03-25 13:34:00,14.325,14.325,14.321,14.321,800.0
2019-03-25 13:54:00,14.3263,14.3263,14.3263,14.3263,186.0
2019-03-25 14:14:00,14.325,14.325,14.325,14.325,8000.0
2019-03-25 14:33:00,14.3238,14.3238,14.3238,14.3238,400.0
2019-03-25 14:34:00,14.3263,14.3263,14.3263,14.3263,1100.0
2019-03-25 14:37:00,14.33,14.33,14.33,14.33,5716.0
2019-03-25 14:59:00,14.32,14.32,14.32,14.32,400.0
2019-03-25 15:08:00,14.325,14.325,14.325,14.325,477.0
2019-03-25 15:14:00,14.32,14.32,14.32,14.32,2222.0
2019-03-25 15:18:00,14.32,14.32,14.315,14.315,804.0
2019-03-25 15:28:00,14.32,14.32,14.32,14.32,100.0
2019-03-25 15:29:00,14.32,14.32,14.32,14.32,100.0
2019-03-25 15:31:00,14.32,14.32,14.32,14.32,760.0
2019-03-25 15:33:00,14.32,14.32,14.32,14.32,629.0
2019-03-25 15:35:00,14.32,14.32,14.32,14.32,100.0
2019-03-25 15:36:00,14.32,14.32,14.32,14.32,200.0
2019-03-25 15:38:00,14.32,14.32,14.32,14.32,100.0
2019-03-25 15:41:00,14.315,14.315,14.315,14.315,300.0
2019-03-25 15:43:00,14.315,14.315,14.315,14.315,100.0
2019-03-25 15:46:00,14.32,14.32,14.32,14.32,111.0
2019-03-25 15:47:00,14.32,14.32,14.32,14.32,900.0
2019-03-25 15:48:00,14.32,14.32,14.32,14.32,427.0
2019-03-25 15:49:00,14.32,14.32,14.32,14.32,200.0
2019-03-25 15:50:00,14.32,14.32,14.32,14.32,200.0
2019-03-25 15:51:00,14.32,14.32,14.32,14.32,1032.0
2019-03-25 15:52:00,14.315,14.315,14.315,14.315,1032.0
2019-03-25 15:53:00,14.32,14.32,14.32,14.32,200.0
2019-03-25 15:54:00,14.32,14.32,14.32,14.32,200.0
2019-03-25 15:55:00,14.32,14.32,14.32,14.32,500.0
2019-03-25 15:56:00,14.32,14.32,14.32,14.32,601.0
2019-03-25 15:57:00,14.315,14.315,14.315,14.315,1340.0
2019-03-25 15:59:00,14.32,14.32,14.32,14.32,2652.0
2019-03-25 16:00:00,14.32,14.32,14.32,14.32,8758.0
2019-03-26 09:31:00,14.38,14.38,14.38,14.38,4255.0
2019-03-26 09:39:00,14.39,14.39,14.39,14.39,300.0
2019-03-26 09:41:00,14.39,14.39,14.39,14.39,319.0
2019-03-26 09:47:00,14.3862,14.3862,14.3862,14.3862,200.0
2019-03-26 09:56:00,14.4,14.4,14.4,14.4,775.0
2019-03-26 10:06:00,14.41,14.41,14.41,14.41,537.0
2019-03-26 10:08:00,14.41,14.41,14.41,14.41,200.0
2019-03-26 10:12:00,14.41,14.41,14.41,14.41,100.0
2019-03-26 10:13:00,14.41,14.41,14.41,14.41,100.0
2019-03-26 10:16:00,14.39,14.39,14.39,14.39,6000.0
2019-03-26 10:17:00,14.41,14.41,14.41,14.41,331.0
2019-03-26 10:23:00,14.385,14.385,14.38,14.38,1120.0
2019-03-26 10:25:00,14.39,14.39,14.39,14.39,1490.0
2019-03-26 10:27:00,14.4015,14.4015,14.4,14.4,3299.0
2019-03-26 10:29:00,14.41,14.41,14.41,14.41,400.0
2019-03-26 10:31:00,14.41,14.41,14.41,14.41,616.0
2019-03-26 10:32:00,14.41,14.41,14.41,14.41,100.0
2019-03-26 10:34:00,14.41,14.41,14.41,14.41,480.0
2019-03-26 10:35:00,14.4,14.4,14.4,14.4,200.0
2019-03-26 10:36:00,14.41,14.41,14.41,14.41,200.0
2019-03-26 10:38:00,14.41,14.41,14.41,14.41,200.0
2019-03-26 10:41:00,14.43,14.43,14.43,14.43,1650.0
2019-03-26 10:46:00,14.43,14.43,14.43,14.43,100.0
2019-03-26 10:52:00,14.43,14.43,14.43,14.43,202.0
2019-03-26 11:00:00,14.43,14.43,14.43,14.43,100.0
2019-03-26 11:09:00,14.44,14.44,14.43,14.43,5052.0
2019-03-26 11:10:00,14.42,14.42,14.42,14.42,100.0
2019-03-26 11:16:00,14.42,14.42,14.42,14.42,618.0
2019-03-26 11:18:00,14.42,14.42,14.42,14.42,100.0
2019-03-26 11:22:00,14.3994,14.3994,14.3994,14.3994,4385.0
2019-03-26 11:24:00,14.4,14.4035,14.4,14.4035,1985.0
2019-03-26 11:25:00,14.4199,14.4199,14.4199,14.4199,2645.0
2019-03-26 11:28:00,14.4133,14.4133,14.4133,14.4133,166.0
2019-03-26 11:31:00,14.42,14.42,14.42,14.42,1296.0
2019-03-26 11:32:00,14.42,14.42,14.42,14.42,913.0
2019-03-26 11:38:00,14.4148,14.4148,14.4148,14.4148,2001.0
2019-03-26 11:42:00,14.42,14.42,14.42,14.42,100.0
2019-03-26 11:44:00,14.42,14.42,14.42,14.42,300.0
2019-03-26 11:51:00,14.42,14.42,14.42,14.42,0.0
2019-03-26 11:58:00,14.411,14.411,14.411,14.411,2790.0
2019-03-26 12:06:00,14.415,14.415,14.415,14.415,2342.0
2019-03-26 12:12:00,14.42,14.42,14.42,14.42,1177.0
2019-03-26 12:18:00,14.415,14.4152,14.415,14.4152,2079.0
2019-03-26 12:29:00,14.41,14.41,14.41,14.41,1488.0
2019-03-26 12:45:00,14.41,14.41,14.41,14.41,100.0
2019-03-26 12:51:00,14.3956,14.4024,14.3956,14.4024,1383.0
2019-03-26 13:00:00,14.41,14.41,14.41,14.41,506.0
2019-03-26 13:10:00,14.4017,14.4017,14.4017,14.4017,0.0
2019-03-26 13:21:00,14.3902,14.3902,14.3902,14.3902,340.0
2019-03-26 13:27:00,14.4014,14.4014,14.4014,14.4014,695.0
2019-03-26 13:29:00,14.39,14.3966,14.39,14.3966,0.0
2019-03-26 13:46:00,14.384,14.384,14.384,14.384,901.0
2019-03-26 13:51:00,14.38,14.38,14.38,14.38,1233.0
2019-03-26 13:57:00,14.36,14.36,14.36,14.36,1000.0
2019-03-26 13:59:00,14.35,14.35,14.35,14.35,200.0
2019-03-26 14:02:00,14.3635,14.3635,14.3635,14.3635,554.0
2019-03-26 14:04:00,14.36,14.36,14.36,14.36,402.0
2019-03-26 14:20:00,14.37,14.37,14.37,14.37,200.0
2019-03-26 14:28:00,14.3699,14.3699,14.3699,14.3699,3435.0
2019-03-26 14:29:00,14.36,14.36,14.36,14.36,500.0
2019-03-26 14:39:00,14.36,14.36,14.36,14.36,100.0
2019-03-26 14:44:00,14.3593,14.3593,14.3593,14.3593,100.0
2019-03-26 14:58:00,14.3599,14.3599,14.3599,14.3599,295.0
2019-03-26 15:00:00,14.37,14.37,14.37,14.37,1000.0
2019-03-26 15:01:00,14.3683,14.37,14.3683,14.37,3600.0
2019-03-26 15:08:00,14.3618,14.3618,14.3618,14.3618,100.0
2019-03-26 15:12:00,14.3668,14.3668,14.3668,14.3668,125.0
2019-03-26 15:16:00,14.365,14.365,14.365,14.365,300.0
2019-03-26 15:18:00,14.37,14.37,14.37,14.37,3000.0
2019-03-26 15:23:00,14.3633,14.3633,14.3633,14.3633,375.0
2019-03-26 15:28:00,14.365,14.3656,14.365,14.3656,690.0
2019-03-26 15:33:00,14.365,14.365,14.365,14.365,100.0
2019-03-26 15:38:00,14.3656,14.3656,14.3656,14.3656,3189.0
2019-03-26 15:41:00,14.37,14.37,14.37,14.37,100.0
2019-03-26 15:48:00,14.37,14.37,14.37,14.37,110.0
2019-03-26 15:54:00,14.3674,14.3674,14.3674,14.3674,786.0
2019-03-26 16:00:00,14.365,14.365,14.365,14.365,3027.0
2019-03-27 09:32:00,14.3676,14.3676,14.3676,14.3676,700.0
2019-03-27 09:35:00,14.36,14.36,14.36,14.36,2100.0
2019-03-27 09:42:00,14.36,14.36,14.36,14.36,100.0
2019-03-27 09:43:00,14.36,14.36,14.36,14.36,400.0
2019-03-27 09:47:00,14.36,14.36,14.36,14.36,500.0
2019-03-27 09:48:00,14.36,14.36,14.36,14.36,130.0
2019-03-27 09:49:00,14.38,14.38,14.38,14.38,100.0
2019-03-27 09:50:00,14.359,14.359,14.359,14.359,8475.0
2019-03-27 09:51:00,14.369,14.369,14.36,14.36,4703.0
2019-03-27 09:52:00,14.379,14.379,14.379,14.379,2076.0
2019-03-27 09:53:00,14.38,14.38,14.38,14.38,850.0
2019-03-27 09:54:00,14.38,14.39,14.374,14.385,1369.0
2019-03-27 09:55:00,14.4,14.4,14.4,14.4,1569.0
2019-03-27 09:57:00,14.41,14.41,14.41,14.41,166.0
2019-03-27 09:58:00,14.383,14.383,14.383,14.383,548.0
2019-03-27 09:59:00,14.41,14.41,14.41,14.41,100.0
2019-03-27 10:00:00,14.41,14.41,14.41,14.41,256.0
2019-03-27 10:03:00,14.41,14.41,14.41,14.41,1140.0
2019-03-27 10:09:00,14.41,14.41,14.3995,14.3995,2000.0
2019-03-27 10:13:00,14.41,14.42,14.41,14.42,5000.0
2019-03-27 10:14:00,14.41,14.41,14.41,14.41,5210.0
2019-03-27 10:22:00,14.4,14.4032,14.4,14.4032,3100.0
2019-03-27 10:28:00,14.4,14.4,14.4,14.4,100.0
2019-03-27 10:30:00,14.4083,14.4083,14.4083,14.4083,2300.0
2019-03-27 10:31:00,14.42,14.42,14.42,14.42,4304.0
2019-03-27 10:34:00,14.415,14.415,14.415,14.415,106.0
2019-03-27 10:43:00,14.42,14.42,14.42,14.42,100.0
2019-03-27 10:44:00,14.41,14.41,14.41,14.41,100.0
2019-03-27 10:47:00,14.42,14.42,14.42,14.42,200.0
2019-03-27 10:49:00,14.41,14.41,14.41,14.41,148.0
2019-03-27 10:53:00,14.41,14.41,14.41,14.41,520.0
2019-03-27 10:58:00,14.4101,14.4101,14.4101,14.4101,1004.0
2019-03-27 10:59:00,14.42,14.42,14.42,14.42,100.0
2019-03-27 11:00:00,14.42,14.42,14.42,14.42,100.0
2019-03-27 11:02:00,14.4162,14.4162,14.4162,14.4162,427.0
2019-03-27 11:13:00,14.42,14.43,14.42,14.43,2402.0
2019-03-27 11:16:00,14.42,14.42,14.42,14.42,2502.0
2019-03-27 11:18:00,14.4293,14.4293,14.4293,14.4293,1200.0
2019-03-27 11:22:00,14.44,14.44,14.44,14.44,6868.0
2019-03-27 11:30:00,14.445,14.445,14.445,14.445,3403.0
2019-03-27 11:31:00,14.4493,14.4493,14.4493,14.4493,134.0
2019-03-27 11:35:00,14.445,14.445,14.44,14.44,4002.0
2019-03-27 11:45:00,14.435,14.435,14.43,14.43,886.0
2019-03-27 11:53:00,14.4399,14.4399,14.4399,14.4399,693.0
2019-03-27 11:57:00,14.44,14.44,14.44,14.44,100.0
2019-03-27 11:59:00,14.4367,14.4367,14.4367,14.4367,1000.0
2019-03-27 12:05:00,14.4355,14.4355,14.4355,14.4355,1750.0
2019-03-27 12:06:00,14.43,14.43,14.43,14.43,1600.0
2019-03-27 12:19:00,14.41,14.41,14.41,14.41,110.0
2019-03-27 12:25:00,14.41,14.41,14.41,14.41,100.0
2019-03-27 12:27:00,14.419,14.419,14.419,14.419,200.0
2019-03-27 12:30:00,14.4165,14.4165,14.4165,14.4165,1740.0
2019-03-27 12:31:00,14.42,14.42,14.42,14.42,100.0
2019-03-27 12:39:00,14.41,14.41,14.41,14.41,100.0
2019-03-27 12:40:00,14.4175,14.4175,14.41,14.41,1100.0
2019-03-27 12:45:00,14.4145,14.4145,14.4145,14.4145,1200.0
2019-03-27 12:46:00,14.41,14.41,14.41,14.41,100.0
2019-03-27 12:48:00,14.415,14.415,14.415,14.415,300.0
2019-03-27 12:50:00,14.42,14.42,14.42,14.42,100.0
2019-03-27 12:51:00,14.41,14.41,14.41,14.41,1700.0
2019-03-27 12:54:00,14.42,14.42,14.41,14.41,2300.0
2019-03-27 13:01:00,14.41,14.41,14.41,14.41,100.0
2019-03-27 13:08:00,14.41,14.41,14.41,14.41,100.0
2019-03-27 13:09:00,14.41,14.41,14.41,14.41,2450.0
2019-03-27 13:10:00,14.4101,14.4101,14.4101,14.4101,821.0
2019-03-27 13:21:00,14.4193,14.4193,14.4193,14.4193,100.0
2019-03-27 13:24:00,14.415,14.4199,14.415,14.4199,5730.0
2019-03-27 13:25:00,14.42,14.42,14.42,14.42,130.0
2019-03-27 13:28:00,14.4101,14.4101,14.4101,14.4101,500.0
2019-03-27 13:34:00,14.4193,14.4193,14.4193,14.4193,100.0
2019-03-27 13:37:00,14.41,14.41,14.41,14.41,200.0
2019-03-27 13:38:00,14.4125,14.4125,14.4125,14.4125,250.0
2019-03-27 13:41:00,14.42,14.42,14.42,14.42,350.0
2019-03-27 13:42:00,14.41,14.41,14.41,14.41,290.0
2019-03-27 13:43:00,14.42,14.42,14.42,14.42,690.0
2019-03-27 13:47:00,14.41,14.41,14.41,14.41,100.0
2019-03-27 13:48:00,14.4193,14.4193,14.4193,14.4193,100.0
2019-03-27 13:54:00,14.41,14.41,14.41,14.41,110.0
2019-03-27 14:00:00,14.41,14.42,14.41,14.42,350.0
2019-03-27 14:04:00,14.4193,14.4193,14.4193,14.4193,100.0
2019-03-27 14:11:00,14.415,14.4199,14.415,14.4199,2200.0
2019-03-27 14:17:00,14.41,14.41,14.41,14.41,100.0
2019-03-27 14:19:00,14.4193,14.4193,14.4193,14.4193,100.0
2019-03-27 14:23:00,14.41,14.41,14.41,14.41,270.0
2019-03-27 14:28:00,14.4109,14.4109,14.4109,14.4109,1645.0
2019-03-27 14:29:00,14.41,14.41,14.41,14.41,100.0
2019-03-27 14:30:00,14.42,14.42,14.42,14.42,110.0
2019-03-27 14:35:00,14.41,14.41,14.41,14.41,100.0
2019-03-27 14:41:00,14.414,14.414,14.41,14.41,495.0
2019-03-27 14:42:00,14.4193,14.4193,14.4193,14.4193,596.0
2019-03-27 14:47:00,14.41,14.41,14.41,14.41,100.0
2019-03-27 14:53:00,14.41,14.41,14.41,14.41,100.0
2019-03-27 14:54:00,14.4193,14.4193,14.4193,14.4193,100.0
2019-03-27 14:55:00,14.415,14.415,14.415,14.415,200.0
2019-03-27 14:59:00,14.4199,14.4199,14.4199,14.4199,1500.0
2019-03-27 15:02:00,14.4143,14.4143,14.4143,14.4143,2250.0
2019-03-27 15:03:00,14.4193,14.4193,14.4193,14.4193,218.0
2019-03-27 15:05:00,14.4188,14.4193,14.4188,14.4193,1903.0
2019-03-27 15:07:00,14.4101,14.4101,14.4101,14.4101,100.0
2019-03-27 15:11:00,14.41,14.4101,14.41,14.4101,213.0
2019-03-27 15:14:00,14.4101,14.4101,14.4101,14.4101,100.0
2019-03-27 15:15:00,14.42,14.42,14.42,14.42,912.0
2019-03-27 15:16:00,14.4,14.4,14.3879,14.3879,5530.0
2019-03-27 15:17:00,14.39,14.39,14.39,14.39,450.0
2019-03-27 15:19:00,14.3801,14.3801,14.3801,14.3801,850.0
2019-03-27 15:22:00,14.38,14.38,14.38,14.38,100.0
2019-03-27 15:23:00,14.38,14.38,14.38,14.38,100.0
2019-03-27 15:24:00,14.38,14.38,14.38,14.38,100.0
2019-03-27 15:27:00,14.38,14.38,14.38,14.38,100.0
2019-03-27 15:28:00,14.38,14.38,14.38,14.38,200.0
2019-03-27 15:29:00,14.38,14.38,14.38,14.38,100.0
2019-03-27 15:32:00,14.3899,14.39,14.3899,14.39,2697.0
2019-03-27 15:33:00,14.3961,14.3961,14.3961,14.3961,1000.0
2019-03-27 15:40:00,14.4,14.4,14.4,14.4,100.0
2019-03-27 15:41:00,14.3901,14.3901,14.3901,14.3901,100.0
2019-03-27 15:42:00,14.3999,14.3999,14.3999,14.3999,1800.0
2019-03-27 15:43:00,14.3901,14.3901,14.3901,14.3901,100.0
2019-03-27 15:45:00,14.395,14.395,14.39,14.39,740.0
2019-03-27 15:46:00,14.39,14.39,14.38,14.38,1148.0
2019-03-27 15:47:00,14.38,14.38,14.38,14.38,1457.0
2019-03-27 15:48:00,14.38,14.38,14.38,14.38,200.0
2019-03-27 15:49:00,14.38,14.38,14.38,14.38,100.0
2019-03-27 15:50:00,14.38,14.38,14.38,14.38,800.0
2019-03-27 15:51:00,14.38,14.38,14.38,14.38,100.0
2019-03-27 15:52:00,14.38,14.38,14.38,14.38,350.0
2019-03-27 15:53:00,14.38,14.38,14.38,14.38,300.0
2019-03-27 15:54:00,14.385,14.3895,14.385,14.3895,1700.0
2019-03-27 15:55:00,14.3801,14.3801,14.3801,14.3801,700.0
2019-03-27 15:56:00,14.38,14.38,14.38,14.38,300.0
2019-03-27 15:57:00,14.3801,14.3801,14.38,14.38,300.0
2019-03-27 15:58:00,14.38,14.38,14.38,14.38,400.0
2019-03-27 15:59:00,14.3801,14.3801,14.3801,14.3801,6060.0
2019-03-27 16:00:00,14.38,14.38,14.38,14.38,1295.0
2019-03-28 09:33:00,14.4,14.4,14.4,14.4,0.0
2019-03-28 09:35:00,14.38,14.38,14.38,14.38,100.0
2019-03-28 09:37:00,14.38,14.38,14.38,14.38,200.0
2019-03-28 09:44:00,14.3868,14.3868,14.35,14.35,8144.0
2019-03-28 09:48:00,14.38,14.39,14.38,14.39,313.0
2019-03-28 09:49:00,14.3899,14.3899,14.3899,14.3899,1000.0
2019-03-28 09:50:00,14.36,14.36,14.36,14.36,1487.0
2019-03-28 09:51:00,14.38,14.38,14.38,14.38,600.0
2019-03-28 09:52:00,14.39,14.39,14.32,14.32,10513.0
2019-03-28 09:53:00,14.3203,14.3203,14.3203,14.3203,175.0
2019-03-28 09:54:00,14.3499,14.3499,14.335,14.335,1600.0
2019-03-28 09:55:00,14.3499,14.3499,14.3499,14.3499,2075.0
2019-03-28 09:56:00,14.34,14.34,14.34,14.34,2200.0
2019-03-28 09:57:00,14.34,14.34,14.34,14.34,1901.0
2019-03-28 09:58:00,14.335,14.34,14.335,14.34,200.0
2019-03-28 09:59:00,14.335,14.335,14.335,14.335,400.0
2019-03-28 10:00:00,14.335,14.335,14.335,14.335,100.0
2019-03-28 10:01:00,14.3499,14.3499,14.3499,14.3499,2400.0
2019-03-28 10:02:00,14.335,14.335,14.335,14.335,8603.0
2019-03-28 10:05:00,14.335,14.335,14.335,14.335,225.0
2019-03-28 10:06:00,14.32,14.32,14.32,14.32,100.0
2019-03-28 10:07:00,14.34,14.34,14.34,14.34,203.0
2019-03-28 10:08:00,14.34,14.34,14.34,14.34,116.0
2019-03-28 10:10:00,14.34,14.34,14.34,14.34,200.0
2019-03-28 10:12:00,14.34,14.34,14.34,14.34,300.0
2019-03-28 10:13:00,14.34,14.34,14.34,14.34,100.0
2019-03-28 10:14:00,14.33,14.34,14.33,14.34,200.0
2019-03-28 10:15:00,14.34,14.34,14.34,14.34,316.0
2019-03-28 10:16:00,14.3409,14.3409,14.34,14.34,200.0
2019-03-28 10:17:00,14.3366,14.3366,14.3366,14.3366,500.0
2019-03-28 10:18:00,14.34,14.34,14.34,14.34,316.0
2019-03-28 10:19:00,14.34,14.34,14.34,14.34,3817.0
2019-03-28 10:23:00,14.35,14.35,14.35,14.35,100.0
2019-03-28 10:24:00,14.3499,14.3499,14.3499,14.3499,444.0
2019-03-28 10:26:00,14.34,14.34,14.34,14.34,700.0
2019-03-28 10:27:00,14.345,14.345,14.345,14.345,1500.0
2019-03-28 10:32:00,14.34,14.345,14.34,14.3401,600.0
2019-03-28 10:33:00,14.34,14.34,14.34,14.34,700.0
2019-03-28 10:35:00,14.3462,14.3462,14.3462,14.3462,267.0
2019-03-28 10:38:00,14.3401,14.3401,14.3401,14.3401,803.0
2019-03-28 10:39:00,14.34,14.34,14.34,14.34,100.0
2019-03-28 10:41:00,14.34,14.34,14.34,14.34,704.0
2019-03-28 10:43:00,14.34,14.34,14.34,14.34,100.0
2019-03-28 10:44:00,14.35,14.35,14.35,14.35,100.0
2019-03-28 10:46:00,14.346,14.346,14.34,14.34,1264.0
2019-03-28 10:48:00,14.34,14.34,14.34,14.34,791.0
2019-03-28 10:50:00,14.34,14.34,14.34,14.34,200.0
2019-03-28 10:52:00,14.34,14.34,14.34,14.34,100.0
2019-03-28 10:54:00,14.34,14.34,14.34,14.34,100.0
2019-03-28 10:55:00,14.346,14.346,14.346,14.346,210.0
2019-03-28 10:56:00,14.34,14.34,14.34,14.34,310.0
2019-03-28 10:57:00,14.345,14.35,14.345,14.35,575.0
2019-03-28 10:58:00,14.355,14.355,14.355,14.355,820.0
2019-03-28 11:00:00,14.3568,14.3568,14.3568,14.3568,762.0
2019-03-28 11:02:00,14.37,14.37,14.37,14.37,100.0
2019-03-28 11:07:00,14.37,14.37,14.3535,14.3535,2655.0
2019-03-28 11:10:00,14.36,14.36,14.36,14.36,101.0
2019-03-28 11:12:00,14.36,14.36,14.36,14.36,901.0
2019-03-28 11:13:00,14.36,14.36,14.36,14.36,100.0
2019-03-28 11:14:00,14.36,14.36,14.36,14.36,500.0
2019-03-28 11:15:00,14.37,14.37,14.37,14.37,5500.0
2019-03-28 11:19:00,14.38,14.4,14.38,14.4,5534.0
2019-03-28 11:23:00,14.405,14.405,14.405,14.405,170.0
2019-03-28 11:28:00,14.4,14.4,14.4,14.4,1600.0
2019-03-28 11:29:00,14.4,14.4,14.4,14.4,750.0
2019-03-28 11:31:00,14.401,14.401,14.401,14.401,500.0
2019-03-28 11:35:00,14.395,14.395,14.395,14.395,1400.0
2019-03-28 11:36:00,14.395,14.41,14.395,14.4,3198.0
2019-03-28 11:45:00,14.405,14.41,14.405,14.41,6700.0
2019-03-28 11:46:00,14.417,14.417,14.417,14.417,1000.0
2019-03-28 11:48:00,14.415,14.415,14.415,14.415,144.0
2019-03-28 11:49:00,14.4133,14.4133,14.4133,14.4133,444.0
2019-03-28 11:50:00,14.41,14.42,14.41,14.42,1000.0
2019-03-28 12:02:00,14.415,14.415,14.415,14.415,404.0
2019-03-28 12:09:00,14.41,14.41,14.41,14.41,100.0
2019-03-28 12:14:00,14.415,14.415,14.415,14.415,102.0
2019-03-28 12:24:00,14.415,14.415,14.415,14.415,3000.0
2019-03-28 12:26:00,14.41,14.41,14.41,14.41,200.0
2019-03-28 12:27:00,14.41,14.41,14.41,14.41,100.0
2019-03-28 12:28:00,14.41,14.41,14.41,14.41,200.0
2019-03-28 12:30:00,14.415,14.415,14.415,14.415,100.0
2019-03-28 12:33:00,14.41,14.4118,14.41,14.4118,6886.0
2019-03-28 12:34:00,14.4,14.4,14.4,14.4,3400.0
2019-03-28 12:35:00,14.4,14.4,14.4,14.4,1500.0
2019-03-28 12:37:00,14.4,14.4,14.4,14.4,100.0
2019-03-28 12:40:00,14.4,14.4,14.4,14.4,100.0
2019-03-28 12:43:00,14.4,14.4,14.4,14.4,207.0
2019-03-28 12:45:00,14.4,14.4,14.4,14.4,1204.0
2019-03-28 12:47:00,14.4,14.4,14.4,14.4,1304.0
2019-03-28 12:49:00,14.4,14.4,14.4,14.4,200.0
2019-03-28 12:50:00,14.4,14.4,14.39,14.39,301.0
2019-03-28 12:52:00,14.385,14.385,14.385,14.385,616.0
2019-03-28 13:00:00,14.38,14.39,14.38,14.39,2000.0
2019-03-28 13:02:00,14.38,14.38,14.38,14.38,100.0
2019-03-28 13:03:00,14.379,14.379,14.375,14.375,1200.0
2019-03-28 13:04:00,14.3772,14.3772,14.3772,14.3772,1445.0
2019-03-28 13:06:00,14.37,14.37,14.37,14.37,100.0
2019-03-28 13:08:00,14.37,14.37,14.37,14.37,200.0
2019-03-28 13:09:00,14.37,14.37,14.37,14.37,400.0
2019-03-28 13:11:00,14.37,14.37,14.37,14.37,500.0
2019-03-28 13:13:00,14.37,14.37,14.37,14.37,100.0
2019-03-28 13:15:00,14.3853,14.3853,14.3853,14.3853,1127.0
2019-03-28 13:19:00,14.38,14.38,14.38,14.38,100.0
2019-03-28 13:20:00,14.38,14.38,14.38,14.38,600.0
2019-03-28 13:21:00,14.3725,14.3725,14.3725,14.3725,1600.0
2019-03-28 13:23:00,14.375,14.375,14.375,14.375,100.0
2019-03-28 13:24:00,14.37,14.37,14.37,14.37,300.0
2019-03-28 13:25:00,14.37,14.37,14.37,14.37,500.0
2019-03-28 13:26:00,14.37,14.37,14.37,14.37,200.0
2019-03-28 13:27:00,14.36,14.36,14.34,14.345,10250.0
2019-03-28 13:28:00,14.33,14.33,14.33,14.33,5250.0
2019-03-28 13:29:00,14.33,14.33,14.32,14.32,3723.0
2019-03-28 13:31:00,14.32,14.32,14.32,14.32,100.0
2019-03-28 13:32:00,14.32,14.32,14.32,14.32,100.0
2019-03-28 13:33:00,14.32,14.34,14.32,14.34,3257.0
2019-03-28 13:34:00,14.335,14.335,14.335,14.335,613.0
2019-03-28 13:36:00,14.335,14.335,14.335,14.335,300.0
2019-03-28 13:37:00,14.335,14.335,14.335,14.335,1400.0
2019-03-28 13:38:00,14.335,14.335,14.335,14.335,200.0
2019-03-28 13:39:00,14.335,14.335,14.335,14.335,300.0
2019-03-28 13:40:00,14.335,14.335,14.335,14.335,200.0
2019-03-28 13:41:00,14.335,14.335,14.335,14.335,300.0
2019-03-28 13:42:00,14.335,14.335,14.335,14.335,200.0
2019-03-28 13:43:00,14.335,14.335,14.335,14.335,200.0
2019-03-28 13:44:00,14.335,14.335,14.335,14.335,100.0
2019-03-28 13:45:00,14.335,14.335,14.335,14.335,300.0
2019-03-28 13:46:00,14.335,14.335,14.335,14.335,300.0
2019-03-28 13:47:00,14.335,14.335,14.335,14.335,200.0
2019-03-28 13:48:00,14.33,14.33,14.33,14.33,380.0
2019-03-28 13:49:00,14.33,14.33,14.33,14.33,200.0
2019-03-28 13:50:00,14.33,14.33,14.33,14.33,700.0
2019-03-28 13:51:00,14.33,14.33,14.33,14.33,200.0
2019-03-28 13:52:00,14.32,14.32,14.32,14.32,1423.0
2019-03-28 13:53:00,14.32,14.32,14.32,14.32,100.0
2019-03-28 13:54:00,14.32,14.32,14.32,14.32,200.0
2019-03-28 13:55:00,14.32,14.32,14.32,14.32,200.0
2019-03-28 13:56:00,14.32,14.32,14.32,14.32,200.0
2019-03-28 13:57:00,14.32,14.32,14.32,14.32,200.0
2019-03-28 13:58:00,14.32,14.32,14.32,14.32,300.0
2019-03-28 13:59:00,14.32,14.32,14.32,14.32,100.0
2019-03-28 14:00:00,14.32,14.34,14.32,14.34,6403.0
2019-03-28 14:03:00,14.335,14.335,14.335,14.335,200.0
2019-03-28 14:04:00,14.32,14.32,14.32,14.32,300.0
2019-03-28 14:05:00,14.32,14.32,14.32,14.32,200.0
2019-03-28 14:06:00,14.32,14.32,14.32,14.32,100.0
2019-03-28 14:07:00,14.3268,14.3268,14.3268,14.3268,426.0
2019-03-28 14:08:00,14.32,14.32,14.32,14.32,200.0
2019-03-28 14:09:00,14.32,14.32,14.32,14.32,400.0
2019-03-28 14:10:00,14.32,14.32,14.32,14.32,300.0
2019-03-28 14:11:00,14.32,14.32,14.32,14.32,300.0
2019-03-28 14:12:00,14.32,14.32,14.32,14.32,200.0
2019-03-28 14:13:00,14.32,14.32,14.32,14.32,300.0
2019-03-28 14:14:00,14.32,14.32,14.32,14.32,200.0
2019-03-28 14:15:00,14.32,14.32,14.32,14.32,300.0
2019-03-28 14:16:00,14.32,14.32,14.32,14.32,300.0
2019-03-28 14:17:00,14.32,14.32,14.32,14.32,300.0
2019-03-28 14:18:00,14.32,14.32,14.32,14.32,300.0
2019-03-28 14:19:00,14.32,14.32,14.32,14.32,300.0
2019-03-28 14:20:00,14.32,14.32,14.31,14.31,200.0
2019-03-28 14:21:00,14.31,14.31,14.31,14.31,400.0
2019-03-28 14:22:00,14.31,14.31,14.31,14.31,300.0
2019-03-28 14:23:00,14.31,14.31,14.31,14.31,400.0
2019-03-28 14:24:00,14.31,14.31,14.31,14.31,200.0
2019-03-28 14:25:00,14.31,14.31,14.31,14.31,300.0
2019-03-28 14:26:00,14.31,14.31,14.31,14.31,100.0
2019-03-28 14:27:00,14.31,14.31,14.31,14.31,504.0
2019-03-28 14:28:00,14.31,14.31,14.31,14.31,300.0
2019-03-28 14:29:00,14.31,14.31,14.31,14.31,400.0
2019-03-28 14:30:00,14.31,14.31,14.31,14.31,300.0
2019-03-28 14:31:00,14.31,14.31,14.31,14.31,100.0
2019-03-28 14:32:00,14.3,14.3,14.3,14.3,600.0
2019-03-28 14:33:00,14.3,14.3,14.3,14.3,100.0
2019-03-28 14:34:00,14.3,14.3,14.3,14.3,200.0
2019-03-28 14:35:00,14.3,14.3,14.3,14.3,300.0
2019-03-28 14:36:00,14.3,14.3,14.3,14.3,200.0
2019-03-28 14:37:00,14.3,14.3,14.3,14.3,300.0
2019-03-28 14:38:00,14.3,14.3,14.3,14.3,100.0
2019-03-28 14:39:00,14.3,14.3,14.3,14.3,400.0
2019-03-28 14:40:00,14.3,14.3,14.3,14.3,300.0
2019-03-28 14:41:00,14.3,14.3,14.3,14.3,200.0
2019-03-28 14:42:00,14.3,14.3,14.3,14.3,300.0
2019-03-28 14:43:00,14.3,14.3,14.3,14.3,200.0
2019-03-28 14:44:00,14.3,14.3,14.3,14.3,200.0
2019-03-28 14:45:00,14.3,14.3,14.3,14.3,300.0
2019-03-28 14:46:00,14.3,14.3,14.3,14.3,500.0
2019-03-28 14:47:00,14.3,14.3,14.3,14.3,100.0
2019-03-28 14:48:00,14.29,14.29,14.29,14.29,400.0
2019-03-28 14:49:00,14.2901,14.2953,14.2901,14.2953,2200.0
2019-03-28 14:50:00,14.29,14.29,14.29,14.29,100.0
2019-03-28 14:51:00,14.29,14.29,14.29,14.29,500.0
2019-03-28 14:52:00,14.29,14.29,14.29,14.29,300.0
2019-03-28 14:53:00,14.29,14.29,14.29,14.29,200.0
2019-03-28 14:54:00,14.29,14.29,14.29,14.29,700.0
2019-03-28 14:55:00,14.29,14.29,14.29,14.29,905.0
2019-03-28 14:56:00,14.29,14.29,14.29,14.29,300.0
2019-03-28 14:57:00,14.29,14.29,14.29,14.29,300.0
2019-03-28 14:58:00,14.29,14.29,14.29,14.29,300.0
2019-03-28 14:59:00,14.29,14.29,14.29,14.29,200.0
2019-03-28 15:00:00,14.29,14.29,14.29,14.29,200.0
2019-03-28 15:01:00,14.29,14.29,14.29,14.29,300.0
2019-03-28 15:02:00,14.29,14.29,14.29,14.29,400.0
2019-03-28 15:03:00,14.29,14.29,14.29,14.29,300.0
2019-03-28 15:04:00,14.29,14.29,14.29,14.29,300.0
2019-03-28 15:05:00,14.29,14.29,14.29,14.29,200.0
2019-03-28 15:06:00,14.29,14.29,14.29,14.29,310.0
2019-03-28 15:07:00,14.29,14.29,14.29,14.29,300.0
2019-03-28 15:08:00,14.29,14.29,14.29,14.29,300.0
2019-03-28 15:09:00,14.29,14.29,14.29,14.29,200.0
2019-03-28 15:10:00,14.29,14.29,14.29,14.29,300.0
2019-03-28 15:11:00,14.29,14.29,14.29,14.29,100.0
2019-03-28 15:12:00,14.29,14.2968,14.29,14.2968,1410.0
2019-03-28 15:13:00,14.29,14.29,14.29,14.29,100.0
2019-03-28 15:14:00,14.29,14.29,14.29,14.29,300.0
2019-03-28 15:15:00,14.29,14.29,14.29,14.29,500.0
2019-03-28 15:16:00,14.29,14.29,14.29,14.29,200.0
2019-03-28 15:17:00,14.29,14.29,14.29,14.29,2780.0
2019-03-28 15:18:00,14.29,14.29,14.29,14.29,500.0
2019-03-28 15:19:00,14.29,14.29,14.29,14.29,370.0
2019-03-28 15:20:00,14.28,14.28,14.28,14.28,430.0
2019-03-28 15:21:00,14.28,14.28,14.28,14.28,200.0
2019-03-28 15:22:00,14.28,14.28,14.28,14.28,400.0
2019-03-28 15:23:00,14.28,14.28,14.28,14.28,100.0
2019-03-28 15:24:00,14.28,14.28,14.28,14.28,300.0
2019-03-28 15:25:00,14.29,14.29,14.29,14.29,1000.0
2019-03-28 15:26:00,14.29,14.29,14.29,14.29,600.0
2019-03-28 15:27:00,14.295,14.295,14.295,14.295,1500.0
2019-03-28 15:28:00,14.29,14.29,14.29,14.29,600.0
2019-03-28 15:29:00,14.29,14.29,14.29,14.29,200.0
2019-03-28 15:30:00,14.29,14.29,14.29,14.29,600.0
2019-03-28 15:31:00,14.29,14.29,14.29,14.29,300.0
2019-03-28 15:32:00,14.29,14.29,14.29,14.29,400.0
2019-03-28 15:33:00,14.29,14.29,14.29,14.29,1000.0
2019-03-28 15:34:00,14.285,14.285,14.285,14.285,550.0
2019-03-28 15:35:00,14.2875,14.2875,14.2875,14.2875,2202.0
2019-03-28 15:36:00,14.285,14.285,14.285,14.285,400.0
2019-03-28 15:37:00,14.285,14.285,14.28,14.28,200.0
2019-03-28 15:38:00,14.28,14.28,14.28,14.28,300.0
2019-03-28 15:39:00,14.28,14.28,14.28,14.28,500.0
2019-03-28 15:40:00,14.285,14.285,14.28,14.28,300.0
2019-03-28 15:41:00,14.28,14.2873,14.28,14.2873,1009.0
2019-03-28 15:42:00,14.295,14.295,14.295,14.295,1200.0
2019-03-28 15:43:00,14.3051,14.3051,14.3051,14.3051,3800.0
2019-03-28 15:44:00,14.305,14.31,14.305,14.31,1000.0
2019-03-28 15:45:00,14.31,14.31,14.31,14.31,1600.0
2019-03-28 15:46:00,14.3,14.3,14.3,14.3,34600.0
2019-03-28 15:47:00,14.3,14.3,14.3,14.3,300.0
2019-03-28 15:48:00,14.3066,14.3066,14.3066,14.3066,1900.0
2019-03-28 15:49:00,14.305,14.305,14.305,14.305,1422.0
2019-03-28 15:50:00,14.3,14.3,14.3,14.3,450.0
2019-03-28 15:51:00,14.3,14.3,14.3,14.3,500.0
2019-03-28 15:52:00,14.3,14.3,14.295,14.3,1050.0
2019-03-28 15:53:00,14.3,14.3,14.3,14.3,2849.0
2019-03-28 15:54:00,14.305,14.31,14.305,14.3076,1010.0
2019-03-28 15:55:00,14.305,14.305,14.305,14.305,1110.0
2019-03-28 15:56:00,14.3,14.3,14.3,14.3,300.0
2019-03-28 15:57:00,14.3,14.3,14.3,14.3,300.0
2019-03-28 15:58:00,14.29,14.29,14.27,14.27,41050.0
2019-03-28 15:59:00,14.27,14.28,14.27,14.28,2820.0
2019-03-28 16:00:00,14.28,14.28,14.28,14.28,2101.0
2019-03-29 09:32:00,14.3181,14.3181,14.28,14.28,14361.0
2019-03-29 09:33:00,14.2914,14.2914,14.2914,14.2914,234.0
2019-03-29 09:41:00,14.295,14.295,14.29,14.29,600.0
2019-03-29 09:46:00,14.28,14.2992,14.28,14.2992,1100.0
2019-03-29 09:48:00,14.2928,14.2928,14.28,14.28,1448.0
2019-03-29 09:50:00,14.285,14.285,14.28,14.28,300.0
2019-03-29 09:52:00,14.28,14.28,14.28,14.28,401.0
2019-03-29 09:53:00,14.28,14.28,14.28,14.28,1790.0
2019-03-29 09:55:00,14.28,14.285,14.28,14.285,1204.0
2019-03-29 09:56:00,14.285,14.285,14.285,14.285,500.0
2019-03-29 09:57:00,14.28,14.28,14.28,14.28,100.0
2019-03-29 09:59:00,14.28,14.28,14.28,14.28,1210.0
2019-03-29 10:02:00,14.28,14.28,14.28,14.28,100.0
2019-03-29 10:03:00,14.29,14.29,14.28,14.28,249.0
2019-03-29 10:04:00,14.285,14.285,14.27,14.285,8114.0
2019-03-29 10:07:00,14.29,14.29,14.285,14.285,200.0
2019-03-29 10:08:00,14.2899,14.2899,14.2899,14.2899,200.0
2019-03-29 10:09:00,14.285,14.285,14.28,14.28,440.0
2019-03-29 10:10:00,14.28,14.28,14.28,14.28,100.0
2019-03-29 10:11:00,14.29,14.29,14.28,14.28,400.0
2019-03-29 10:12:00,14.28,14.28,14.28,14.28,186.0
2019-03-29 10:13:00,14.2826,14.2826,14.28,14.28,610.0
2019-03-29 10:15:00,14.28,14.28,14.27,14.27,200.0
2019-03-29 10:17:00,14.27,14.27,14.27,14.27,100.0
2019-03-29 10:18:00,14.279,14.279,14.279,14.279,726.0
2019-03-29 10:19:00,14.27,14.27,14.27,14.27,100.0
2019-03-29 10:21:00,14.27,14.27,14.27,14.27,100.0
2019-03-29 10:22:00,14.28,14.29,14.27,14.27,716.0
2019-03-29 10:25:00,14.27,14.27,14.27,14.27,106.0
2019-03-29 10:28:00,14.28,14.28,14.27,14.2784,301.0
2019-03-29 10:29:00,14.28,14.28,14.275,14.28,405.0
2019-03-29 10:30:00,14.27,14.27,14.27,14.27,125.0
2019-03-29 10:34:00,14.28,14.28,14.27,14.27,200.0
2019-03-29 10:36:00,14.27,14.27,14.27,14.27,101.0
2019-03-29 10:38:00,14.27,14.27,14.27,14.27,100.0
2019-03-29 10:40:00,14.27,14.28,14.27,14.28,200.0
2019-03-29 10:41:00,14.275,14.28,14.275,14.28,2000.0
2019-03-29 10:43:00,14.27,14.28,14.27,14.28,300.0
2019-03-29 10:45:00,14.275,14.28,14.275,14.28,1306.0
2019-03-29 10:47:00,14.275,14.28,14.275,14.28,200.0
2019-03-29 10:49:00,14.2759,14.2759,14.2759,14.2759,534.0
2019-03-29 10:52:00,14.28,14.28,14.28,14.28,234.0
2019-03-29 10:53:00,14.27,14.27,14.27,14.27,104.0
2019-03-29 10:54:00,14.2739,14.2739,14.2739,14.2739,797.0
2019-03-29 10:57:00,14.27,14.27,14.27,14.27,100.0
2019-03-29 10:58:00,14.28,14.28,14.28,14.28,200.0
2019-03-29 10:59:00,14.27,14.27,14.27,14.27,104.0
2019-03-29 11:00:00,14.27,14.27,14.27,14.27,160.0
2019-03-29 11:01:00,14.2707,14.2707,14.2707,14.2707,178.0
2019-03-29 11:02:00,14.28,14.28,14.27,14.27,201.0
2019-03-29 11:04:00,14.28,14.28,14.28,14.28,100.0
2019-03-29 11:05:00,14.27,14.27,14.27,14.27,100.0
2019-03-29 11:06:00,14.28,14.28,14.27,14.27,1301.0
2019-03-29 11:07:00,14.27,14.27,14.27,14.27,100.0
2019-03-29 11:08:00,14.27,14.27,14.27,14.27,101.0
2019-03-29 11:10:00,14.27,14.27,14.27,14.27,100.0
2019-03-29 11:11:00,14.28,14.28,14.28,14.28,226.0
2019-03-29 11:12:00,14.27,14.27,14.27,14.27,101.0
2019-03-29 11:14:00,14.275,14.28,14.275,14.2766,1400.0
2019-03-29 11:15:00,14.2786,14.2786,14.2786,14.2786,100.0
2019-03-29 11:17:00,14.275,14.275,14.275,14.275,100.0
2019-03-29 11:19:00,14.275,14.28,14.275,14.28,200.0
2019-03-29 11:22:00,14.275,14.28,14.275,14.2792,400.0
2019-03-29 11:24:00,14.28,14.28,14.28,14.28,126.0
2019-03-29 11:29:00,14.27,14.28,14.27,14.28,200.0
2019-03-29 11:32:00,14.27,14.27,14.27,14.27,100.0
2019-03-29 11:33:00,14.2741,14.2741,14.2741,14.2741,157.0
2019-03-29 11:34:00,14.27,14.27,14.27,14.27,100.0
2019-03-29 11:35:00,14.27,14.27,14.27,14.27,100.0
2019-03-29 11:38:00,14.27,14.28,14.27,14.275,4765.0
2019-03-29 11:39:00,14.275,14.275,14.275,14.275,100.0
2019-03-29 11:41:00,14.28,14.28,14.28,14.28,301.0
2019-03-29 11:43:00,14.28,14.28,14.28,14.28,300.0
2019-03-29 11:46:00,14.28,14.29,14.28,14.28,501.0
2019-03-29 11:50:00,14.29,14.29,14.29,14.29,100.0
2019-03-29 11:51:00,14.28,14.28,14.28,14.28,101.0
2019-03-29 11:52:00,14.28,14.28,14.28,14.28,200.0
2019-03-29 11:56:00,14.28,14.285,14.275,14.28,1795.0
2019-03-29 12:00:00,14.275,14.28,14.275,14.28,1200.0
2019-03-29 12:03:00,14.29,14.29,14.285,14.285,500.0
2019-03-29 12:07:00,14.283,14.283,14.283,14.283,100.0
2019-03-29 12:08:00,14.29,14.29,14.29,14.29,100.0
2019-03-29 12:13:00,14.28,14.28,14.275,14.275,1600.0
2019-03-29 12:14:00,14.28,14.28,14.27,14.276,1262.0
2019-03-29 12:16:00,14.27,14.27,14.27,14.27,100.0
2019-03-29 12:17:00,14.2763,14.2763,14.27,14.27,2200.0
2019-03-29 12:20:00,14.28,14.28,14.275,14.279,800.0
2019-03-29 12:21:00,14.27,14.27,14.27,14.27,400.0
2019-03-29 12:22:00,14.27,14.27,14.27,14.27,500.0
2019-03-29 12:24:00,14.27,14.27,14.27,14.27,700.0
2019-03-29 12:28:00,14.28,14.28,14.26,14.27,1850.0
2019-03-29 12:29:00,14.27,14.27,14.26,14.26,6029.0
2019-03-29 12:30:00,14.25,14.2534,14.25,14.2534,1360.0
2019-03-29 12:34:00,14.25,14.2599,14.25,14.2585,900.0
2019-03-29 12:39:00,14.26,14.26,14.25,14.25,206.0
2019-03-29 12:41:00,14.25,14.25,14.25,14.25,1400.0
2019-03-29 12:44:00,14.251,14.251,14.251,14.251,400.0
2019-03-29 12:46:00,14.26,14.26,14.26,14.26,300.0
2019-03-29 12:47:00,14.25,14.25,14.25,14.25,1706.0
2019-03-29 12:49:00,14.24,14.25,14.24,14.24,1300.0
2019-03-29 12:51:00,14.24,14.2434,14.24,14.24,2902.0
2019-03-29 12:52:00,14.24,14.24,14.24,14.24,100.0
2019-03-29 12:53:00,14.24,14.24,14.24,14.24,1800.0
2019-03-29 12:54:00,14.24,14.24,14.23,14.23,2150.0
2019-03-29 12:58:00,14.23,14.23,14.23,14.23,100.0
2019-03-29 13:00:00,14.23,14.2333,14.23,14.2333,502.0
2019-03-29 13:03:00,14.2399,14.24,14.23,14.23,1800.0
2019-03-29 13:06:00,14.23,14.23,14.23,14.23,201.0
2019-03-29 13:07:00,14.2343,14.2343,14.2343,14.2343,139.0
2019-03-29 13:09:00,14.23,14.23,14.23,14.23,100.0
2019-03-29 13:10:00,14.23,14.23,14.23,14.23,100.0
2019-03-29 13:11:00,14.23,14.23,14.23,14.23,100.0
2019-03-29 13:12:00,14.235,14.2462,14.235,14.245,4810.0
2019-03-29 13:13:00,14.25,14.25,14.24,14.24,300.0
2019-03-29 13:14:00,14.24,14.245,14.24,14.245,522.0
2019-03-29 13:17:00,14.2468,14.2468,14.24,14.24,6100.0
2019-03-29 13:18:00,14.2466,14.2466,14.2466,14.2466,1756.0
2019-03-29 13:19:00,14.25,14.25,14.245,14.25,1638.0
2019-03-29 13:20:00,14.25,14.27,14.245,14.265,5034.0
2019-03-29 13:24:00,14.26,14.26,14.25,14.25,1200.0
2019-03-29 13:25:00,14.2533,14.2533,14.2533,14.2533,778.0
2019-03-29 13:26:00,14.255,14.255,14.255,14.255,1000.0
2019-03-29 13:27:00,14.26,14.27,14.255,14.27,3800.0
2019-03-29 13:31:00,14.2602,14.2602,14.2602,14.2602,550.0
2019-03-29 13:32:00,14.28,14.28,14.2775,14.2798,700.0
2019-03-29 13:37:00,14.28,14.28,14.28,14.28,100.0
2019-03-29 13:39:00,14.27,14.28,14.27,14.27,1000.0
2019-03-29 13:41:00,14.27,14.27,14.27,14.27,100.0
2019-03-29 13:42:00,14.28,14.28,14.28,14.28,200.0
2019-03-29 13:47:00,14.27,14.285,14.27,14.285,2700.0
2019-03-29 13:52:00,14.28,14.28,14.28,14.28,100.0
2019-03-29 13:53:00,14.285,14.29,14.285,14.285,323.0
2019-03-29 13:58:00,14.29,14.29,14.29,14.29,1020.0
2019-03-29 14:00:00,14.29,14.29,14.28,14.28,300.0
2019-03-29 14:04:00,14.2833,14.2833,14.2833,14.2833,700.0
2019-03-29 14:09:00,14.29,14.29,14.29,14.29,101.0
2019-03-29 14:10:00,14.285,14.285,14.28,14.28,2600.0
2019-03-29 14:13:00,14.28,14.28,14.28,14.28,100.0
2019-03-29 14:14:00,14.28,14.285,14.28,14.28,3600.0
2019-03-29 14:15:00,14.275,14.28,14.27,14.27,2100.0
2019-03-29 14:16:00,14.275,14.28,14.275,14.275,3139.0
2019-03-29 14:20:00,14.275,14.28,14.275,14.28,2524.0
2019-03-29 14:22:00,14.275,14.275,14.275,14.275,1000.0
2019-03-29 14:24:00,14.28,14.28,14.28,14.28,200.0
2019-03-29 14:25:00,14.28,14.28,14.275,14.28,500.0
2019-03-29 14:27:00,14.28,14.28,14.28,14.28,1000.0
2019-03-29 14:31:00,14.2701,14.2701,14.2701,14.2701,1000.0
2019-03-29 14:35:00,14.2773,14.2773,14.2773,14.2773,100.0
2019-03-29 14:37:00,14.28,14.28,14.28,14.28,700.0
2019-03-29 14:40:00,14.28,14.28,14.28,14.28,200.0
2019-03-29 14:45:00,14.28,14.28,14.28,14.28,100.0
2019-03-29 14:48:00,14.28,14.28,14.28,14.28,100.0
2019-03-29 14:50:00,14.275,14.28,14.275,14.28,4600.0
2019-03-29 14:51:00,14.28,14.28,14.28,14.28,200.0
2019-03-29 14:56:00,14.28,14.29,14.275,14.28,734.0
2019-03-29 15:02:00,14.28,14.28,14.28,14.28,100.0
2019-03-29 15:04:00,14.28,14.28,14.275,14.275,371.0
2019-03-29 15:07:00,14.271,14.271,14.271,14.271,1000.0
2019-03-29 15:09:00,14.2767,14.2767,14.2767,14.2767,351.0
2019-03-29 15:10:00,14.2741,14.275,14.2741,14.275,428.0
2019-03-29 15:13:00,14.27,14.27,14.27,14.27,100.0
2019-03-29 15:15:00,14.27,14.27,14.27,14.27,301.0
2019-03-29 15:18:00,14.27,14.28,14.27,14.28,1365.0
2019-03-29 15:20:00,14.27,14.27,14.27,14.27,100.0
2019-03-29 15:21:00,14.27,14.27,14.27,14.27,100.0
2019-03-29 15:23:00,14.27,14.27,14.27,14.27,300.0
2019-03-29 15:24:00,14.27,14.27,14.27,14.27,100.0
2019-03-29 15:26:00,14.27,14.27,14.27,14.27,100.0
2019-03-29 15:28:00,14.27,14.27,14.27,14.27,200.0
2019-03-29 15:29:00,14.27,14.28,14.27,14.28,200.0
2019-03-29 15:30:00,14.27,14.27,14.27,14.27,100.0
2019-03-29 15:32:00,14.27,14.27,14.26,14.26,729.0
2019-03-29 15:34:00,14.265,14.265,14.265,14.265,200.0
2019-03-29 15:35:00,14.265,14.265,14.265,14.265,825.0
2019-03-29 15:40:00,14.27,14.27,14.27,14.27,140.0
2019-03-29 15:42:00,14.265,14.27,14.2635,14.2635,997.0
2019-03-29 15:43:00,14.265,14.265,14.265,14.265,400.0
2019-03-29 15:44:00,14.261,14.265,14.261,14.265,401.0
2019-03-29 15:45:00,14.26,14.26,14.26,14.26,400.0
2019-03-29 15:46:00,14.265,14.27,14.265,14.27,400.0
2019-03-29 15:47:00,14.265,14.265,14.265,14.265,160.0
2019-03-29 15:48:00,14.261,14.261,14.261,14.261,275.0
2019-03-29 15:49:00,14.265,14.265,14.265,14.265,319.0
2019-03-29 15:51:00,14.27,14.27,14.26,14.26,400.0
2019-03-29 15:53:00,14.26,14.265,14.26,14.265,700.0
2019-03-29 15:54:00,14.26,14.26,14.26,14.26,100.0
2019-03-29 15:56:00,14.26,14.26,14.26,14.26,300.0
2019-03-29 15:57:00,14.26,14.26,14.26,14.26,1380.0
2019-03-29 15:59:00,14.26,14.26,14.26,14.26,1449.0
2019-04-01 09:31:00,14.31,14.31,14.31,14.31,0.0
2019-04-01 09:33:00,14.31,14.31,14.31,14.31,6223.0
2019-04-01 09:40:00,14.3188,14.3188,14.3188,14.3188,1702.0
2019-04-01 09:46:00,14.3271,14.3271,14.3271,14.3271,240.0
2019-04-01 09:48:00,14.3299,14.3299,14.3299,14.3299,200.0
2019-04-01 09:53:00,14.325,14.325,14.325,14.325,1780.0
2019-04-01 09:55:00,14.33,14.33,14.33,14.33,2434.0
2019-04-01 09:57:00,14.33,14.33,14.33,14.33,100.0
2019-04-01 09:59:00,14.33,14.33,14.33,14.33,300.0
2019-04-01 10:00:00,14.3443,14.3443,14.3443,14.3443,914.0
2019-04-01 10:01:00,14.35,14.35,14.35,14.35,1878.0
2019-04-01 10:04:00,14.35,14.35,14.35,14.35,479.0
2019-04-01 10:06:00,14.34,14.35,14.34,14.35,3006.0
2019-04-01 10:09:00,14.35,14.35,14.35,14.35,100.0
2019-04-01 10:14:00,14.35,14.35,14.35,14.35,2364.0
2019-04-01 10:20:00,14.35,14.35,14.35,14.35,200.0
2019-04-01 10:25:00,14.35,14.35,14.35,14.35,800.0
2019-04-01 10:29:00,14.36,14.36,14.3563,14.3563,800.0
2019-04-01 10:32:00,14.3892,14.4,14.3892,14.4,5000.0
2019-04-01 10:36:00,14.39,14.39,14.39,14.39,300.0
2019-04-01 10:37:00,14.39,14.39,14.39,14.39,568.0
2019-04-01 10:41:00,14.39,14.39,14.39,14.39,100.0
2019-04-01 10:46:00,14.3811,14.3811,14.3811,14.3811,1400.0
2019-04-01 10:47:00,14.3899,14.4,14.3899,14.4,2832.0
2019-04-01 10:52:00,14.4,14.4,14.4,14.4,100.0
2019-04-01 10:55:00,14.4,14.4,14.4,14.4,340.0
2019-04-01 10:57:00,14.3999,14.3999,14.3999,14.3999,686.0
2019-04-01 10:58:00,14.4,14.4,14.4,14.4,295.0
2019-04-01 11:02:00,14.399,14.399,14.395,14.395,215.0
2019-04-01 11:11:00,14.3999,14.3999,14.3999,14.3999,2850.0
2019-04-01 11:14:00,14.3985,14.3985,14.3985,14.3985,200.0
2019-04-01 11:17:00,14.39,14.39,14.39,14.39,200.0
2019-04-01 11:18:00,14.395,14.395,14.3901,14.3901,740.0
2019-04-01 11:24:00,14.39,14.39,14.39,14.39,800.0
2019-04-01 11:36:00,14.395,14.4,14.395,14.4,2961.0
2019-04-01 11:42:00,14.398,14.398,14.398,14.398,400.0
2019-04-01 11:43:00,14.3978,14.3978,14.3978,14.3978,330.0
2019-04-01 11:46:00,14.395,14.395,14.395,14.395,1000.0
2019-04-01 11:48:00,14.4,14.4,14.4,14.4,1415.0
2019-04-01 11:49:00,14.4,14.4,14.4,14.4,1375.0
2019-04-01 11:51:00,14.4,14.4,14.4,14.4,1798.0
2019-04-01 11:52:00,14.39,14.39,14.39,14.39,4615.0
2019-04-01 11:53:00,14.4,14.4,14.4,14.4,300.0
2019-04-01 11:55:00,14.4,14.4,14.4,14.4,100.0
2019-04-01 11:56:00,14.4,14.4,14.4,14.4,201.0
2019-04-01 11:58:00,14.4,14.4,14.4,14.4,200.0
2019-04-01 12:00:00,14.3924,14.3924,14.3924,14.3924,680.0
2019-04-01 12:01:00,14.4,14.4,14.4,14.4,200.0
2019-04-01 12:03:00,14.4,14.4,14.4,14.4,200.0
2019-04-01 12:04:00,14.4,14.4,14.4,14.4,100.0
2019-04-01 12:06:00,14.4,14.4,14.4,14.4,500.0
2019-04-01 12:08:00,14.3966,14.3966,14.3966,14.3966,731.0
2019-04-01 12:09:00,14.4,14.4,14.4,14.4,300.0
2019-04-01 12:11:00,14.4,14.4,14.4,14.4,200.0
2019-04-01 12:12:00,14.4,14.4,14.4,14.4,100.0
2019-04-01 12:14:00,14.4,14.4,14.4,14.4,1200.0
2019-04-01 12:15:00,14.4,14.4,14.4,14.4,200.0
2019-04-01 12:17:00,14.4,14.4,14.4,14.4,2326.0
2019-04-01 12:18:00,14.41,14.41,14.41,14.41,2047.0
2019-04-01 12:20:00,14.41,14.41,14.41,14.41,525.0
2019-04-01 12:22:00,14.41,14.41,14.41,14.41,305.0
2019-04-01 12:24:00,14.42,14.42,14.42,14.42,203.0
2019-04-01 12:25:00,14.42,14.42,14.42,14.42,180.0
2019-04-01 12:26:00,14.4127,14.4127,14.4127,14.4127,1357.0
2019-04-01 12:28:00,14.42,14.42,14.42,14.42,200.0
2019-04-01 12:30:00,14.41,14.41,14.41,14.41,1881.0
2019-04-01 12:31:00,14.4101,14.4101,14.4101,14.4101,315.0
2019-04-01 12:32:00,14.42,14.42,14.42,14.42,200.0
2019-04-01 12:34:00,14.42,14.42,14.42,14.42,200.0
2019-04-01 12:36:00,14.42,14.42,14.42,14.42,200.0
2019-04-01 12:37:00,14.42,14.42,14.42,14.42,200.0
2019-04-01 12:38:00,14.43,14.43,14.43,14.43,1793.0
2019-04-01 12:39:00,14.43,14.43,14.43,14.43,100.0
2019-04-01 12:40:00,14.439,14.439,14.4364,14.4364,5219.0
2019-04-01 12:45:00,14.44,14.44,14.44,14.44,300.0
2019-04-01 12:46:00,14.44,14.44,14.44,14.44,200.0
2019-04-01 12:48:00,14.44,14.44,14.44,14.44,200.0
2019-04-01 12:50:00,14.44,14.44,14.44,14.44,200.0
2019-04-01 12:51:00,14.44,14.44,14.44,14.44,2200.0
2019-04-01 12:53:00,14.44,14.44,14.44,14.44,200.0
2019-04-01 12:55:00,14.44,14.44,14.44,14.44,200.0
2019-04-01 12:56:00,14.44,14.44,14.44,14.44,200.0
2019-04-01 12:57:00,14.44,14.44,14.44,14.44,100.0
2019-04-01 12:59:00,14.44,14.44,14.44,14.44,200.0
2019-04-01 13:00:00,14.44,14.44,14.44,14.44,3598.0
2019-04-01 13:01:00,14.44,14.44,14.44,14.44,700.0
2019-04-01 13:02:00,14.44,14.5,14.44,14.5,14132.0
2019-04-01 13:03:00,14.5,14.5,14.5,14.5,100.0
2019-04-01 13:06:00,14.5,14.5,14.5,14.5,723.0
2019-04-01 13:07:00,14.5,14.5,14.5,14.5,2300.0
2019-04-01 13:08:00,14.52,14.52,14.52,14.52,2000.0
2019-04-01 13:09:00,14.53,14.53,14.53,14.53,2300.0
2019-04-01 13:10:00,14.54,14.54,14.54,14.54,200.0
2019-04-01 13:11:00,14.53,14.545,14.53,14.545,3106.0
2019-04-01 13:12:00,14.56,14.56,14.56,14.56,3600.0
2019-04-01 13:15:00,14.5632,14.5632,14.5632,14.5632,810.0
2019-04-01 13:16:00,14.57,14.57,14.57,14.57,2754.0
2019-04-01 13:18:00,14.57,14.57,14.57,14.57,200.0
2019-04-01 13:19:00,14.5601,14.5601,14.5601,14.5601,1958.0
2019-04-01 13:20:00,14.5699,14.5699,14.5699,14.5699,1485.0
2019-04-01 13:22:00,14.5601,14.5601,14.5601,14.5601,1100.0
2019-04-01 13:23:00,14.57,14.57,14.57,14.57,200.0
2019-04-01 13:24:00,14.56,14.56,14.56,14.56,100.0
2019-04-01 13:29:00,14.5627,14.5627,14.5627,14.5627,700.0
2019-04-01 13:31:00,14.58,14.58,14.58,14.58,810.0
2019-04-01 13:32:00,14.58,14.58,14.58,14.58,592.0
2019-04-01 13:33:00,14.58,14.58,14.58,14.58,647.0
2019-04-01 13:35:00,14.5805,14.5805,14.5805,14.5805,1310.0
2019-04-01 13:37:00,14.59,14.59,14.59,14.59,400.0
2019-04-01 13:38:00,14.6,14.6,14.6,14.6,800.0
2019-04-01 13:40:00,14.591,14.591,14.591,14.591,2686.0
2019-04-01 13:41:00,14.595,14.595,14.59,14.59,7054.0
2019-04-01 13:42:00,14.5655,14.5655,14.5655,14.5655,720.0
2019-04-01 13:45:00,14.565,14.565,14.565,14.565,1200.0
2019-04-01 13:46:00,14.5467,14.5467,14.5467,14.5467,1258.0
2019-04-01 13:48:00,14.53,14.53,14.53,14.53,3647.0
2019-04-01 13:54:00,14.525,14.53,14.525,14.53,4304.0
2019-04-01 13:56:00,14.525,14.525,14.525,14.525,200.0
2019-04-01 13:59:00,14.53,14.53,14.53,14.53,100.0
2019-04-01 14:00:00,14.53,14.53,14.53,14.53,337.0
2019-04-01 14:02:00,14.53,14.53,14.53,14.53,900.0
2019-04-01 14:03:00,14.53,14.53,14.53,14.53,200.0
2019-04-01 14:05:00,14.53,14.53,14.5277,14.5277,2929.0
2019-04-01 14:06:00,14.53,14.53,14.53,14.53,2376.0
2019-04-01 14:08:00,14.53,14.53,14.53,14.53,1502.0
2019-04-01 14:10:00,14.53,14.53,14.53,14.53,240.0
2019-04-01 14:11:00,14.5215,14.5215,14.5215,14.5215,800.0
2019-04-01 14:13:00,14.53,14.53,14.53,14.53,300.0
2019-04-01 14:14:00,14.53,14.53,14.53,14.53,2403.0
2019-04-01 14:16:00,14.53,14.53,14.53,14.53,400.0
2019-04-01 14:18:00,14.53,14.53,14.53,14.53,300.0
2019-04-01 14:20:00,14.53,14.53,14.53,14.53,300.0
2019-04-01 14:22:00,14.53,14.53,14.53,14.53,200.0
2019-04-01 14:23:00,14.53,14.53,14.53,14.53,200.0
2019-04-01 14:25:00,14.53,14.53,14.53,14.53,400.0
2019-04-01 14:26:00,14.53,14.53,14.53,14.53,1200.0
2019-04-01 14:27:00,14.53,14.53,14.53,14.53,200.0
2019-04-01 14:29:00,14.53,14.53,14.53,14.53,200.0
2019-04-01 14:30:00,14.54,14.54,14.54,14.54,3700.0
2019-04-01 14:32:00,14.54,14.54,14.54,14.54,1099.0
2019-04-01 14:34:00,14.54,14.54,14.54,14.54,200.0
2019-04-01 14:35:00,14.54,14.54,14.54,14.54,3102.0
2019-04-01 14:37:00,14.56,14.56,14.56,14.56,848.0
2019-04-01 14:38:00,14.56,14.56,14.56,14.56,200.0
2019-04-01 14:40:00,14.56,14.56,14.56,14.56,200.0
2019-04-01 14:41:00,14.5425,14.5425,14.5425,14.5425,200.0
2019-04-01 14:42:00,14.5507,14.5507,14.5507,14.5507,11129.0
2019-04-01 14:44:00,14.56,14.56,14.56,14.56,300.0
2019-04-01 14:46:00,14.56,14.56,14.55,14.55,953.0
2019-04-01 14:48:00,14.545,14.545,14.545,14.545,550.0
2019-04-01 14:50:00,14.55,14.55,14.55,14.55,2900.0
2019-04-01 14:52:00,14.55,14.55,14.55,14.55,1576.0
2019-04-01 14:53:00,14.55,14.55,14.55,14.55,200.0
2019-04-01 14:54:00,14.55,14.55,14.55,14.55,200.0
2019-04-01 14:56:00,14.55,14.55,14.55,14.55,1600.0
2019-04-01 14:57:00,14.55,14.5599,14.55,14.5599,7536.0
2019-04-01 14:58:00,14.56,14.56,14.56,14.56,750.0
2019-04-01 15:00:00,14.57,14.57,14.57,14.57,1308.0
2019-04-01 15:03:00,14.5772,14.5772,14.5772,14.5772,4001.0
2019-04-01 15:06:00,14.5766,14.5766,14.5766,14.5766,1200.0
2019-04-01 15:08:00,14.5701,14.5701,14.5701,14.5701,1262.0
2019-04-01 15:10:00,14.575,14.575,14.575,14.575,1762.0
2019-04-01 15:12:00,14.5701,14.5701,14.5701,14.5701,300.0
2019-04-01 15:13:00,14.58,14.58,14.58,14.58,900.0
2019-04-01 15:15:00,14.575,14.575,14.575,14.575,1376.0
2019-04-01 15:16:00,14.58,14.58,14.5766,14.58,4700.0
2019-04-01 15:22:00,14.5865,14.5865,14.5865,14.5865,1605.0
2019-04-01 15:24:00,14.5877,14.5877,14.5877,14.5877,5734.0
2019-04-01 15:26:00,14.584,14.584,14.584,14.584,2126.0
2019-04-01 15:29:00,14.585,14.585,14.585,14.585,100.0
2019-04-01 15:31:00,14.585,14.585,14.585,14.585,1895.0
2019-04-01 15:32:00,14.59,14.59,14.59,14.59,4754.0
2019-04-01 15:33:00,14.59,14.59,14.59,14.59,7836.0
2019-04-01 15:34:00,14.59,14.59,14.59,14.59,100.0
2019-04-01 15:37:00,14.6,14.6,14.6,14.6,1200.0
2019-04-01 15:39:00,14.5915,14.5915,14.5915,14.5915,2574.0
2019-04-01 15:41:00,14.5906,14.5906,14.5906,14.5906,2725.0
2019-04-01 15:43:00,14.5927,14.5927,14.5927,14.5927,100.0
2019-04-01 15:44:00,14.6122,14.6122,14.6122,14.6122,4497.0
2019-04-01 15:45:00,14.59,14.59,14.59,14.59,4440.0
2019-04-01 15:47:00,14.61,14.61,14.61,14.61,917.0
2019-04-01 15:49:00,14.61,14.6125,14.61,14.6125,5346.0
2019-04-01 15:50:00,14.611,14.611,14.611,14.611,3763.0
2019-04-01 15:51:00,14.6111,14.6111,14.6111,14.6111,3666.0
2019-04-01 15:52:00,14.62,14.62,14.614,14.614,9942.0
2019-04-01 15:54:00,14.615,14.615,14.615,14.615,3643.0
2019-04-01 15:55:00,14.6166,14.6166,14.6166,14.6166,1287.0
2019-04-01 15:56:00,14.62,14.62,14.62,14.62,1088.0
2019-04-01 16:00:00,14.62,14.62,14.62,14.62,928.0
2019-04-02 09:31:00,14.58,14.58,14.58,14.58,0.0
2019-04-02 09:44:00,14.575,14.575,14.555,14.555,231.0
2019-04-02 10:17:00,14.5554,14.5554,14.5554,14.5554,250.0
2019-04-02 10:22:00,14.55,14.55,14.55,14.55,6225.0
2019-04-02 10:26:00,14.5425,14.5425,14.5425,14.5425,2601.0
2019-04-02 10:28:00,14.5652,14.5652,14.5652,14.5652,120.0
2019-04-02 10:34:00,14.57,14.58,14.57,14.58,1212.0
2019-04-02 10:42:00,14.57,14.58,14.57,14.58,209.0
2019-04-02 10:52:00,14.58,14.58,14.58,14.58,1101.0
2019-04-02 10:55:00,14.58,14.58,14.57,14.57,1887.0
2019-04-02 10:57:00,14.5999,14.5999,14.5999,14.5999,1572.0
2019-04-02 11:02:00,14.6,14.6,14.6,14.6,686.0
2019-04-02 11:03:00,14.61,14.61,14.61,14.61,4228.0
2019-04-02 11:11:00,14.6059,14.6059,14.6059,14.6059,4800.0
2019-04-02 11:12:00,14.63,14.63,14.63,14.63,1683.0
2019-04-02 11:14:00,14.63,14.63,14.63,14.63,5476.0
2019-04-02 11:15:00,14.63,14.63,14.63,14.63,5105.0
2019-04-02 11:21:00,14.6338,14.6338,14.6338,14.6338,950.0
2019-04-02 11:23:00,14.6303,14.6303,14.6303,14.6303,1296.0
2019-04-02 11:28:00,14.63,14.63,14.63,14.63,400.0
2019-04-02 11:31:00,14.6339,14.6339,14.6339,14.6339,2420.0
2019-04-02 11:32:00,14.62,14.62,14.62,14.62,3369.0
2019-04-02 11:34:00,14.63,14.64,14.62,14.64,4183.0
2019-04-02 11:36:00,14.635,14.635,14.635,14.635,2150.0
2019-04-02 11:37:00,14.63,14.63,14.63,14.63,1846.0
2019-04-02 11:39:00,14.615,14.615,14.615,14.615,2192.0
2019-04-02 11:42:00,14.61,14.61,14.61,14.61,2414.0
2019-04-02 11:48:00,14.615,14.615,14.615,14.615,1672.0
2019-04-02 11:50:00,14.615,14.615,14.615,14.615,200.0
2019-04-02 11:51:00,14.62,14.62,14.62,14.62,1200.0
2019-04-02 11:52:00,14.61,14.61,14.61,14.61,431.0
2019-04-02 11:55:00,14.61,14.61,14.61,14.61,200.0
2019-04-02 11:56:00,14.6141,14.6141,14.6141,14.6141,1833.0
2019-04-02 12:01:00,14.615,14.615,14.615,14.615,1702.0
2019-04-02 12:05:00,14.6101,14.6101,14.6101,14.6101,602.0
2019-04-02 12:07:00,14.62,14.62,14.6157,14.6157,1200.0
2019-04-02 12:08:00,14.6127,14.6127,14.6127,14.6127,100.0
2019-04-02 12:13:00,14.62,14.62,14.62,14.62,1736.0
2019-04-02 12:18:00,14.61,14.61,14.61,14.61,2234.0
2019-04-02 12:20:00,14.6101,14.6101,14.6101,14.6101,129.0
2019-04-02 12:28:00,14.62,14.62,14.62,14.62,417.0
2019-04-02 12:32:00,14.611,14.611,14.611,14.611,1642.0
2019-04-02 12:34:00,14.615,14.615,14.61,14.61,926.0
2019-04-02 12:37:00,14.605,14.605,14.605,14.605,155.0
2019-04-02 12:42:00,14.6,14.6,14.6,14.6,229.0
2019-04-02 12:44:00,14.605,14.605,14.605,14.605,3100.0
2019-04-02 12:45:00,14.61,14.61,14.6,14.61,3460.0
2019-04-02 12:46:00,14.61,14.61,14.61,14.61,429.0
2019-04-02 12:47:00,14.61,14.61,14.61,14.61,894.0
2019-04-02 12:50:00,14.6176,14.6176,14.6176,14.6176,2825.0
2019-04-02 12:54:00,14.6101,14.6101,14.6101,14.6101,154.0
2019-04-02 12:56:00,14.6167,14.6167,14.6167,14.6167,1513.0
2019-04-02 12:57:00,14.62,14.62,14.62,14.62,2448.0
2019-04-02 12:59:00,14.6166,14.6166,14.6166,14.6166,630.0
2019-04-02 13:03:00,14.615,14.62,14.615,14.62,8371.0
2019-04-02 13:04:00,14.62,14.62,14.62,14.62,1501.0
2019-04-02 13:07:00,14.6197,14.6197,14.6197,14.6197,755.0
2019-04-02 13:11:00,14.62,14.62,14.62,14.62,329.0
2019-04-02 13:13:00,14.62,14.62,14.62,14.62,1931.0
2019-04-02 13:16:00,14.62,14.62,14.62,14.62,300.0
2019-04-02 13:17:00,14.62,14.63,14.62,14.62,5981.0
2019-04-02 13:19:00,14.62,14.62,14.62,14.62,100.0
2019-04-02 13:20:00,14.62,14.62,14.62,14.62,1740.0
2019-04-02 13:29:00,14.62,14.62,14.62,14.62,203.0
2019-04-02 13:31:00,14.6299,14.6299,14.62,14.62,223.0
2019-04-02 13:37:00,14.6125,14.6125,14.6125,14.6125,108.0
2019-04-02 13:39:00,14.6232,14.6232,14.6232,14.6232,669.0
2019-04-02 13:46:00,14.61,14.61,14.59,14.59,2405.0
2019-04-02 13:50:00,14.6072,14.6072,14.6072,14.6072,1781.0
2019-04-02 13:52:00,14.6,14.6,14.6,14.6,752.0
2019-04-02 13:53:00,14.606,14.606,14.606,14.606,1576.0
2019-04-02 13:58:00,14.595,14.595,14.595,14.595,450.0
2019-04-02 14:02:00,14.595,14.595,14.595,14.595,1853.0
2019-04-02 14:05:00,14.59,14.6,14.59,14.6,1939.0
2019-04-02 14:06:00,14.6,14.6,14.6,14.6,745.0
2019-04-02 14:08:00,14.605,14.62,14.605,14.62,7788.0
2019-04-02 14:10:00,14.62,14.62,14.62,14.62,1325.0
2019-04-02 14:14:00,14.62,14.62,14.62,14.62,378.0
2019-04-02 14:17:00,14.62,14.62,14.62,14.62,1726.0
2019-04-02 14:20:00,14.62,14.62,14.61,14.61,1974.0
2019-04-02 14:23:00,14.62,14.62,14.62,14.62,2085.0
2019-04-02 14:26:00,14.62,14.62,14.62,14.62,300.0
2019-04-02 14:27:00,14.62,14.62,14.62,14.62,3400.0
2019-04-02 14:31:00,14.615,14.62,14.615,14.62,3198.0
2019-04-02 14:36:00,14.62,14.62,14.62,14.62,100.0
2019-04-02 14:38:00,14.61,14.62,14.61,14.62,1892.0
2019-04-02 14:43:00,14.62,14.62,14.62,14.62,1084.0
2019-04-02 14:45:00,14.615,14.615,14.615,14.615,100.0
2019-04-02 14:50:00,14.615,14.615,14.615,14.615,2966.0
2019-04-02 14:54:00,14.62,14.62,14.62,14.62,1877.0
2019-04-02 14:55:00,14.6157,14.6157,14.6157,14.6157,968.0
2019-04-02 14:56:00,14.62,14.62,14.62,14.62,620.0
2019-04-02 14:59:00,14.615,14.615,14.615,14.615,1061.0
2019-04-02 15:00:00,14.615,14.615,14.615,14.615,278.0
2019-04-02 15:03:00,14.615,14.615,14.615,14.615,100.0
2019-04-02 15:07:00,14.61,14.61,14.61,14.61,100.0
2019-04-02 15:08:00,14.615,14.615,14.615,14.615,2224.0
2019-04-02 15:14:00,14.615,14.615,14.615,14.615,887.0
2019-04-02 15:19:00,14.6101,14.6101,14.6101,14.6101,392.0
2019-04-02 15:23:00,14.61,14.61,14.61,14.61,200.0
2019-04-02 15:25:00,14.6149,14.6149,14.6149,14.6149,775.0
2019-04-02 15:28:00,14.62,14.62,14.61,14.61,1619.0
2019-04-02 15:31:00,14.6101,14.6101,14.6101,14.6101,789.0
2019-04-02 15:37:00,14.605,14.605,14.605,14.605,1500.0
2019-04-02 15:38:00,14.6031,14.6031,14.6031,14.6031,150.0
2019-04-02 15:41:00,14.61,14.61,14.61,14.61,576.0
2019-04-02 15:44:00,14.605,14.605,14.605,14.605,200.0
2019-04-02 15:46:00,14.6015,14.6015,14.6015,14.6015,618.0
2019-04-02 15:50:00,14.605,14.605,14.605,14.605,400.0
2019-04-02 15:54:00,14.6099,14.6099,14.6099,14.6099,100.0
2019-04-02 15:55:00,14.6,14.6,14.6,14.6,146.0
2019-04-02 15:56:00,14.6015,14.6015,14.6015,14.6015,385.0
2019-04-02 15:58:00,14.6,14.6,14.6,14.6,211.0
2019-04-03 09:31:00,14.56,14.56,14.56,14.56,8311.0
2019-04-03 09:38:00,14.5734,14.6273,14.5734,14.6273,4239.0
2019-04-03 09:40:00,14.628,14.628,14.628,14.628,3066.0
2019-04-03 09:41:00,14.6025,14.6025,14.6025,14.6025,1578.0
2019-04-03 09:42:00,14.59,14.615,14.59,14.615,3460.0
2019-04-03 09:51:00,14.6099,14.6099,14.6099,14.6099,676.0
2019-04-03 09:56:00,14.59,14.59,14.59,14.59,700.0
2019-04-03 09:57:00,14.6029,14.6029,14.6029,14.6029,525.0
2019-04-03 09:59:00,14.59,14.59,14.59,14.59,300.0
2019-04-03 10:01:00,14.59,14.59,14.59,14.59,125.0
2019-04-03 10:05:00,14.61,14.61,14.61,14.61,2100.0
2019-04-03 10:07:00,14.62,14.62,14.62,14.62,400.0
2019-04-03 10:08:00,14.59,14.59,14.59,14.59,3000.0
2019-04-03 10:09:00,14.5899,14.5899,14.5899,14.5899,1800.0
2019-04-03 10:10:00,14.58,14.58,14.58,14.58,1800.0
2019-04-03 10:11:00,14.58,14.58,14.58,14.58,200.0
2019-04-03 10:13:00,14.58,14.58,14.58,14.58,600.0
2019-04-03 10:15:00,14.57,14.57,14.57,14.57,844.0
2019-04-03 10:16:00,14.57,14.57,14.57,14.57,3287.0
2019-04-03 10:17:00,14.5713,14.5713,14.5713,14.5713,2100.0
2019-04-03 10:22:00,14.5848,14.5848,14.5848,14.5848,600.0
2019-04-03 10:25:00,14.5801,14.5801,14.5801,14.5801,450.0
2019-04-03 10:27:00,14.585,14.5899,14.585,14.5899,2228.0
2019-04-03 10:32:00,14.5883,14.5883,14.5883,14.5883,158.0
2019-04-03 10:38:00,14.58,14.58,14.58,14.58,1850.0
2019-04-03 10:45:00,14.58,14.58,14.58,14.58,100.0
2019-04-03 10:47:00,14.59,14.59,14.59,14.59,300.0
2019-04-03 10:58:00,14.5801,14.5801,14.5801,14.5801,477.0
2019-04-03 11:00:00,14.58,14.58,14.58,14.58,2263.0
2019-04-03 11:07:00,14.58,14.58,14.58,14.58,2400.0
2019-04-03 11:08:00,14.5831,14.5831,14.5831,14.5831,2729.0
2019-04-03 11:10:00,14.58,14.58,14.58,14.58,220.0
2019-04-03 11:18:00,14.5899,14.5899,14.5899,14.5899,1000.0
2019-04-03 11:24:00,14.57,14.57,14.57,14.57,300.0
2019-04-03 11:25:00,14.585,14.585,14.58,14.58,392.0
2019-04-03 11:31:00,14.585,14.59,14.585,14.59,795.0
2019-04-03 11:38:00,14.585,14.59,14.585,14.59,11316.0
2019-04-03 11:39:00,14.5886,14.5886,14.5886,14.5886,885.0
2019-04-03 11:40:00,14.585,14.585,14.585,14.585,100.0
2019-04-03 11:44:00,14.59,14.59,14.59,14.59,400.0
2019-04-03 11:59:00,14.58,14.58,14.58,14.58,400.0
2019-04-03 12:00:00,14.59,14.59,14.59,14.59,1600.0
2019-04-03 12:02:00,14.5878,14.5878,14.5878,14.5878,2320.0
2019-04-03 12:04:00,14.5866,14.59,14.5866,14.59,2006.0
2019-04-03 12:09:00,14.585,14.585,14.585,14.585,2500.0
2019-04-03 12:15:00,14.6,14.6,14.6,14.6,4200.0
2019-04-03 12:16:00,14.59,14.59,14.59,14.59,629.0
2019-04-03 12:18:00,14.6,14.6,14.6,14.6,580.0
2019-04-03 12:22:00,14.6032,14.6032,14.6032,14.6032,525.0
2019-04-03 12:27:00,14.6,14.6,14.6,14.6,1000.0
2019-04-03 12:28:00,14.59,14.59,14.59,14.59,995.0
2019-04-03 12:31:00,14.59,14.59,14.59,14.59,100.0
2019-04-03 12:33:00,14.5925,14.5925,14.5925,14.5925,500.0
2019-04-03 12:39:00,14.595,14.6,14.595,14.6,1700.0
2019-04-03 12:44:00,14.5946,14.5946,14.5946,14.5946,750.0
2019-04-03 12:49:00,14.59,14.59,14.59,14.59,355.0
2019-04-03 12:51:00,14.6,14.6,14.6,14.6,100.0
2019-04-03 12:52:00,14.59,14.59,14.59,14.59,1100.0
2019-04-03 12:55:00,14.5952,14.5952,14.5952,14.5952,1196.0
2019-04-03 12:56:00,14.5945,14.5945,14.5945,14.5945,298.0
2019-04-03 13:02:00,14.595,14.595,14.595,14.595,400.0
2019-04-03 13:03:00,14.5967,14.5967,14.5967,14.5967,1845.0
2019-04-03 13:07:00,14.6,14.6,14.6,14.6,200.0
2019-04-03 13:08:00,14.6,14.6,14.6,14.6,1897.0
2019-04-03 13:09:00,14.595,14.595,14.595,14.595,1400.0
2019-04-03 13:19:00,14.59,14.59,14.59,14.59,100.0
2019-04-03 13:23:00,14.595,14.595,14.595,14.595,300.0
2019-04-03 13:37:00,14.59,14.59,14.59,14.59,200.0
2019-04-03 13:38:00,14.595,14.595,14.595,14.595,200.0
2019-04-03 13:43:00,14.5943,14.5943,14.5943,14.5943,471.0
2019-04-03 13:51:00,14.5942,14.5942,14.5942,14.5942,1821.0
2019-04-03 14:02:00,14.5968,14.5968,14.595,14.595,488.0
2019-04-03 14:09:00,14.59,14.59,14.59,14.59,100.0
2019-04-03 14:11:00,14.5967,14.5967,14.5967,14.5967,2000.0
2019-04-03 14:12:00,14.59,14.59,14.59,14.59,250.0
2019-04-03 14:14:00,14.59,14.59,14.59,14.59,150.0
2019-04-03 14:20:00,14.595,14.595,14.595,14.595,2200.0
2019-04-03 14:21:00,14.59,14.59,14.59,14.59,1300.0
2019-04-03 14:26:00,14.59,14.59,14.59,14.59,100.0
2019-04-03 14:27:00,14.5942,14.5942,14.5942,14.5942,600.0
2019-04-03 14:30:00,14.59,14.59,14.59,14.59,135.0
2019-04-03 14:36:00,14.59,14.59,14.59,14.59,1200.0
2019-04-03 14:38:00,14.595,14.595,14.595,14.595,2368.0
2019-04-03 14:42:00,14.5939,14.5939,14.5939,14.5939,1578.0
2019-04-03 14:53:00,14.595,14.595,14.595,14.595,400.0
2019-04-03 14:57:00,14.5999,14.5999,14.5999,14.5999,1050.0
2019-04-03 15:04:00,14.595,14.595,14.595,14.595,318.0
2019-04-03 15:11:00,14.59,14.59,14.59,14.59,2496.0
2019-04-03 15:12:00,14.58,14.58,14.58,14.58,896.0
2019-04-03 15:14:00,14.5963,14.5963,14.5963,14.5963,2869.0
2019-04-03 15:15:00,14.59,14.59,14.59,14.59,2353.0
2019-04-03 15:19:00,14.5899,14.5899,14.5899,14.5899,943.0
2019-04-03 15:21:00,14.58,14.58,14.58,14.58,501.0
2019-04-03 15:23:00,14.58,14.58,14.58,14.58,700.0
2019-04-03 15:24:00,14.5814,14.5814,14.5814,14.5814,1114.0
2019-04-03 15:26:00,14.589,14.589,14.589,14.589,1300.0
2019-04-03 15:27:00,14.585,14.585,14.585,14.585,578.0
2019-04-03 15:32:00,14.58,14.58,14.58,14.58,100.0
2019-04-03 15:34:00,14.59,14.59,14.59,14.59,640.0
2019-04-03 15:37:00,14.58,14.58,14.58,14.58,1100.0
2019-04-03 15:41:00,14.59,14.59,14.59,14.59,1600.0
2019-04-03 15:49:00,14.585,14.595,14.585,14.59,10112.0
2019-04-03 15:52:00,14.595,14.595,14.595,14.595,2490.0
2019-04-03 15:58:00,14.6,14.6,14.6,14.6,1897.0
2019-04-03 15:59:00,14.6,14.6,14.595,14.595,4590.0
