
2019-03-19 09:33:00,24.35,24.35,24.35,24.35,6236.0
2019-03-19 09:35:00,24.41,24.41,24.41,24.41,1965.0
2019-03-19 09:45:00,24.45,24.48,24.45,24.48,700.0
2019-03-19 09:48:00,24.45,24.45,24.45,24.45,900.0
2019-03-19 09:55:00,24.42,24.42,24.42,24.42,1000.0
2019-03-19 10:22:00,24.46,24.46,24.46,24.46,141.0
2019-03-19 10:25:00,24.45,24.45,24.45,24.45,500.0
2019-03-19 10:27:00,24.45,24.45,24.45,24.45,200.0
2019-03-19 10:37:00,24.47,24.48,24.47,24.48,1340.0
2019-03-19 10:42:00,24.45,24.45,24.45,24.45,1000.0
2019-03-19 10:43:00,24.45,24.45,24.45,24.45,200.0
2019-03-19 10:44:00,24.45,24.45,24.45,24.45,200.0
2019-03-19 10:46:00,24.45,24.45,24.45,24.45,1813.0
2019-03-19 10:48:00,24.45,24.45,24.45,24.45,587.0
2019-03-19 10:51:00,24.4502,24.4502,24.4502,24.4502,973.0
2019-03-19 10:58:00,24.4608,24.4608,24.4608,24.4608,100.0
2019-03-19 10:59:00,24.4477,24.4477,24.4477,24.4477,2157.0
2019-03-19 11:01:00,24.46,24.46,24.46,24.46,100.0
2019-03-19 11:02:00,24.469,24.469,24.469,24.469,1000.0
2019-03-19 11:04:00,24.4393,24.4393,24.4393,24.4393,2900.0
2019-03-19 11:06:00,24.4453,24.4453,24.4453,24.4453,1000.0
2019-03-19 11:14:00,24.4679,24.4679,24.4679,24.4679,3600.0
2019-03-19 11:15:00,24.47,24.47,24.47,24.47,933.0
2019-03-19 11:24:00,24.4357,24.4357,24.4357,24.4357,1000.0
2019-03-19 11:32:00,24.413,24.413,24.413,24.413,250.0
2019-03-19 11:35:00,24.46,24.46,24.46,24.46,1000.0
2019-03-19 11:41:00,24.47,24.47,24.47,24.47,360.0
2019-03-19 11:50:00,24.46,24.46,24.46,24.46,1300.0
2019-03-19 11:51:00,24.45,24.45,24.45,24.45,900.0
2019-03-19 11:52:00,24.47,24.47,24.47,24.47,2663.0
2019-03-19 11:53:00,24.47,24.47,24.47,24.47,111.0
2019-03-19 12:01:00,24.47,24.47,24.47,24.47,400.0
2019-03-19 12:04:00,24.45,24.45,24.45,24.45,1000.0
2019-03-19 12:10:00,24.45,24.45,24.45,24.45,3103.0
2019-03-19 12:19:00,24.4134,24.4134,24.4134,24.4134,1330.0
2019-03-19 12:24:00,24.45,24.45,24.45,24.45,500.0
2019-03-19 12:26:00,24.4311,24.4311,24.4311,24.4311,400.0
2019-03-19 12:27:00,24.45,24.45,24.45,24.45,600.0
2019-03-19 12:49:00,24.44,24.44,24.44,24.44,400.0
2019-03-19 12:54:00,24.4434,24.4434,24.4434,24.4434,600.0
2019-03-19 12:59:00,24.45,24.45,24.45,24.45,1000.0
2019-03-19 13:04:00,24.44,24.44,24.44,24.44,900.0
2019-03-19 13:16:00,24.43,24.43,24.43,24.43,400.0
2019-03-19 13:20:00,24.44,24.44,24.44,24.44,100.0
2019-03-19 13:22:00,24.44,24.44,24.44,24.44,670.0
2019-03-19 13:25:00,24.44,24.44,24.44,24.44,100.0
2019-03-19 13:28:00,24.44,24.44,24.44,24.44,1000.0
2019-03-19 13:32:00,24.4454,24.4454,24.4454,24.4454,1448.0
2019-03-19 13:35:00,24.47,24.47,24.47,24.47,443.0
2019-03-19 13:37:00,24.4485,24.4485,24.4485,24.4485,2100.0
2019-03-19 13:38:00,24.455,24.455,24.455,24.455,200.0
2019-03-19 13:40:00,24.455,24.455,24.455,24.455,4200.0
2019-03-19 13:43:00,24.44,24.44,24.44,24.44,1100.0
2019-03-19 13:44:00,24.445,24.445,24.445,24.445,200.0
2019-03-19 13:50:00,24.45,24.45,24.45,24.45,400.0
2019-03-19 14:04:00,24.4499,24.4499,24.4499,24.4499,1320.0
2019-03-19 14:06:00,24.45,24.45,24.45,24.45,100.0
2019-03-19 14:12:00,24.47,24.47,24.47,24.47,360.0
2019-03-19 14:13:00,24.455,24.455,24.455,24.455,140.0
2019-03-19 14:21:00,24.4641,24.4641,24.4641,24.4641,1000.0
2019-03-19 14:38:00,24.45,24.45,24.45,24.45,800.0
2019-03-19 14:51:00,24.47,24.47,24.47,24.47,600.0
2019-03-19 14:54:00,24.45,24.45,24.45,24.45,700.0
2019-03-19 15:02:00,24.455,24.4657,24.455,24.4657,400.0
2019-03-19 15:05:00,24.45,24.45,24.45,24.45,600.0
2019-03-19 15:09:00,24.47,24.47,24.47,24.47,225.0
2019-03-19 15:13:00,24.45,24.45,24.45,24.45,400.0
2019-03-19 15:17:00,24.46,24.46,24.46,24.46,1100.0
2019-03-19 15:18:00,24.45,24.45,24.45,24.45,980.0
2019-03-19 15:19:00,24.47,24.47,24.47,24.47,1379.0
2019-03-19 15:21:00,24.47,24.47,24.47,24.47,300.0
2019-03-19 15:24:00,24.455,24.455,24.455,24.455,1100.0
2019-03-19 15:28:00,24.47,24.47,24.47,24.47,2633.0
2019-03-19 15:30:00,24.46,24.46,24.46,24.46,700.0
2019-03-19 15:31:00,24.455,24.455,24.455,24.455,500.0
2019-03-19 15:35:00,24.47,24.47,24.47,24.47,200.0
2019-03-19 15:38:00,24.45,24.47,24.45,24.47,2175.0
2019-03-19 15:40:00,24.4522,24.4522,24.4522,24.4522,2000.0
2019-03-19 15:46:00,24.47,24.47,24.47,24.47,0.0
2019-03-19 15:50:00,24.45,24.45,24.45,24.45,1700.0
2019-03-19 15:56:00,24.46,24.46,24.46,24.46,100.0
2019-03-19 15:57:00,24.46,24.46,24.46,24.46,1025.0
2019-03-19 16:00:00,24.4556,24.4556,24.4556,24.4556,433.0
2019-03-20 09:31:00,24.47,24.47,24.47,24.47,0.0
2019-03-20 09:37:00,24.4698,24.4698,24.4698,24.4698,900.0
2019-03-20 09:43:00,24.47,24.47,24.47,24.47,300.0
2019-03-20 09:44:00,24.45,24.45,24.45,24.45,600.0
2019-03-20 09:48:00,24.4135,24.4135,24.4135,24.4135,141.0
2019-03-20 09:52:00,24.4328,24.4328,24.4328,24.4328,600.0
2019-03-20 09:53:00,24.41,24.42,24.36,24.36,2000.0
2019-03-20 09:54:00,24.3801,24.3801,24.3801,24.3801,2200.0
2019-03-20 10:00:00,24.395,24.395,24.395,24.395,200.0
2019-03-20 10:01:00,24.3952,24.3952,24.3952,24.3952,800.0
2019-03-20 10:06:00,24.34,24.34,24.33,24.33,2000.0
2019-03-20 10:18:00,24.35,24.35,24.33,24.33,1525.0
2019-03-20 10:35:00,24.43,24.43,24.43,24.43,2420.0
2019-03-20 10:41:00,24.43,24.43,24.43,24.43,676.0
2019-03-20 10:46:00,24.3989,24.3989,24.3989,24.3989,176.0
2019-03-20 11:00:00,24.43,24.43,24.43,24.43,1168.0
2019-03-20 11:04:00,24.41,24.41,24.41,24.41,100.0
2019-03-20 11:11:00,24.429,24.429,24.3994,24.3994,613.0
2019-03-20 11:27:00,24.43,24.43,24.43,24.43,240.0
2019-03-20 11:31:00,24.4258,24.4258,24.4258,24.4258,1100.0
2019-03-20 11:35:00,24.44,24.44,24.44,24.44,1400.0
2019-03-20 11:39:00,24.3791,24.3791,24.3791,24.3791,236.0
2019-03-20 11:49:00,24.44,24.44,24.44,24.44,100.0
2019-03-20 11:51:00,24.44,24.45,24.44,24.45,300.0
2019-03-20 11:52:00,24.4,24.4,24.4,24.4,1500.0
2019-03-20 11:53:00,24.45,24.45,24.45,24.45,200.0
2019-03-20 11:57:00,24.45,24.45,24.4498,24.4498,2100.0
2019-03-20 12:06:00,24.3501,24.3501,24.3501,24.3501,1000.0
2019-03-20 12:17:00,24.45,24.45,24.45,24.45,100.0
2019-03-20 12:26:00,24.4301,24.4301,24.4301,24.4301,1400.0
2019-03-20 12:31:00,24.45,24.45,24.45,24.45,300.0
2019-03-20 12:32:00,24.4432,24.4432,24.4432,24.4432,932.0
2019-03-20 12:36:00,24.44,24.44,24.44,24.44,150.0
2019-03-20 12:39:00,24.47,24.47,24.47,24.47,1167.0
2019-03-20 12:40:00,24.43,24.43,24.43,24.43,1300.0
2019-03-20 12:43:00,24.45,24.45,24.45,24.45,300.0
2019-03-20 12:47:00,24.47,24.47,24.47,24.47,1361.0
2019-03-20 12:52:00,24.47,24.47,24.47,24.47,100.0
2019-03-20 12:53:00,24.47,24.47,24.47,24.47,2000.0
2019-03-20 12:58:00,24.4699,24.4699,24.4699,24.4699,100.0
2019-03-20 13:22:00,24.49,24.49,24.49,24.49,1000.0
2019-03-20 13:31:00,24.49,24.49,24.49,24.49,100.0
2019-03-20 13:36:00,24.49,24.49,24.49,24.49,100.0
2019-03-20 13:45:00,24.49,24.49,24.49,24.49,100.0
2019-03-20 13:55:00,24.49,24.49,24.49,24.49,100.0
2019-03-20 13:57:00,24.49,24.49,24.49,24.49,300.0
2019-03-20 14:00:00,24.49,24.5314,24.49,24.5314,1000.0
2019-03-20 14:04:00,24.53,24.54,24.5195,24.5195,1200.0
2019-03-20 14:05:00,24.535,24.535,24.535,24.535,1800.0
2019-03-20 14:06:00,24.55,24.55,24.55,24.55,500.0
2019-03-20 14:07:00,24.55,24.55,24.55,24.55,2900.0
2019-03-20 14:08:00,24.55,24.55,24.55,24.55,1800.0
2019-03-20 14:15:00,24.542,24.542,24.542,24.542,600.0
2019-03-20 14:16:00,24.55,24.55,24.55,24.55,1000.0
2019-03-20 14:18:00,24.55,24.55,24.55,24.55,1500.0
2019-03-20 14:19:00,24.55,24.55,24.55,24.55,700.0
2019-03-20 14:25:00,24.58,24.58,24.58,24.58,100.0
2019-03-20 14:27:00,24.58,24.58,24.58,24.58,100.0
2019-03-20 14:28:00,24.62,24.62,24.58,24.58,4300.0
2019-03-20 14:30:00,24.64,24.64,24.6184,24.6184,400.0
2019-03-20 14:31:00,24.64,24.65,24.6218,24.6218,300.0
2019-03-20 14:32:00,24.65,24.66,24.65,24.66,1100.0
2019-03-20 14:38:00,24.65,24.65,24.65,24.65,178.0
2019-03-20 14:44:00,24.65,24.65,24.65,24.65,1522.0
2019-03-20 14:45:00,24.65,24.65,24.65,24.65,2722.0
2019-03-20 14:50:00,24.67,24.67,24.67,24.67,100.0
2019-03-20 14:51:00,24.69,24.69,24.69,24.69,527.0
2019-03-20 14:52:00,24.69,24.69,24.69,24.69,1133.0
2019-03-20 15:00:00,24.651,24.651,24.64,24.64,1354.0
2019-03-20 15:04:00,24.6348,24.6348,24.6348,24.6348,1554.0
2019-03-20 15:08:00,24.67,24.74,24.67,24.74,6466.0
2019-03-20 15:09:00,24.71,24.7307,24.71,24.71,1250.0
2019-03-20 15:11:00,24.7307,24.7307,24.7307,24.7307,5200.0
2019-03-20 15:12:00,24.71,24.77,24.71,24.71,4850.0
2019-03-20 15:14:00,24.74,24.74,24.74,24.74,5500.0
2019-03-20 15:15:00,24.72,24.72,24.72,24.72,100.0
2019-03-20 15:16:00,24.71,24.71,24.71,24.71,745.0
2019-03-20 15:17:00,24.7,24.82,24.7,24.82,4100.0
2019-03-20 15:18:00,24.71,24.71,24.71,24.71,1278.0
2019-03-20 15:22:00,24.7,24.7,24.7,24.7,8800.0
2019-03-20 15:23:00,24.71,24.71,24.7,24.7,3620.0
2019-03-20 15:30:00,24.71,24.73,24.7071,24.7071,562.0
2019-03-20 15:32:00,24.81,24.81,24.81,24.81,862.0
2019-03-20 15:34:00,24.72,24.765,24.72,24.765,900.0
2019-03-20 15:39:00,24.72,24.72,24.72,24.72,1240.0
2019-03-20 15:41:00,24.765,24.765,24.765,24.765,140.0
2019-03-20 15:43:00,24.82,24.82,24.82,24.82,1220.0
2019-03-20 15:45:00,24.83,24.83,24.83,24.83,563.0
2019-03-20 15:51:00,24.82,24.8328,24.82,24.8328,840.0
2019-03-20 16:00:00,24.84,24.84,24.84,24.84,701.0
2019-03-21 09:31:00,24.75,24.75,24.75,24.75,0.0
2019-03-21 09:32:00,24.75,24.75,24.75,24.75,800.0
2019-03-21 09:34:00,24.75,24.75,24.75,24.75,0.0
2019-03-21 09:59:00,24.75,24.75,24.75,24.75,440.0
2019-03-21 10:02:00,24.7303,24.7303,24.7303,24.7303,1000.0
2019-03-21 10:03:00,24.75,24.75,24.74,24.7499,2000.0
2019-03-21 10:04:00,24.75,24.75,24.75,24.75,3000.0
2019-03-21 10:05:00,24.75,24.75,24.75,24.75,3000.0
2019-03-21 10:06:00,24.75,24.75,24.75,24.75,670.0
2019-03-21 10:24:00,24.81,24.9228,24.81,24.9228,1845.0
2019-03-21 10:25:00,24.87,24.9063,24.87,24.901,1200.0
2019-03-21 10:28:00,24.98,24.98,24.98,24.98,1300.0
2019-03-21 10:31:00,24.96,24.96,24.96,24.96,700.0
2019-03-21 10:34:00,24.9001,24.93,24.9001,24.93,1000.0
2019-03-21 10:38:00,24.94,24.94,24.91,24.91,2000.0
2019-03-21 10:48:00,24.94,24.9498,24.94,24.9498,2225.0
2019-03-21 10:51:00,24.93,24.9306,24.93,24.9306,1100.0
2019-03-21 10:53:00,24.95,24.95,24.95,24.95,1200.0
2019-03-21 10:54:00,24.925,24.95,24.925,24.95,3700.0
2019-03-21 11:00:00,24.9086,24.9086,24.9086,24.9086,600.0
2019-03-21 11:03:00,24.925,24.925,24.925,24.925,717.0
2019-03-21 11:17:00,24.9112,24.9112,24.9112,24.9112,800.0
2019-03-21 11:18:00,24.94,24.94,24.94,24.94,990.0
2019-03-21 11:23:00,24.95,24.95,24.95,24.95,675.0
2019-03-21 11:25:00,24.94,24.94,24.94,24.94,2975.0
2019-03-21 11:30:00,24.936,24.936,24.936,24.936,200.0
2019-03-21 11:37:00,24.94,24.94,24.94,24.94,850.0
2019-03-21 11:38:00,24.94,24.94,24.94,24.94,650.0
2019-03-21 11:48:00,24.94,24.94,24.94,24.94,835.0
2019-03-21 11:49:00,24.94,24.94,24.94,24.94,935.0
2019-03-21 12:01:00,24.94,24.94,24.94,24.94,1400.0
2019-03-21 12:07:00,24.94,24.94,24.94,24.94,200.0
2019-03-21 12:11:00,24.94,24.94,24.94,24.94,600.0
2019-03-21 12:12:00,24.94,24.94,24.94,24.94,200.0
2019-03-21 12:15:00,24.95,24.95,24.95,24.95,470.0
2019-03-21 12:18:00,24.95,24.95,24.95,24.95,1539.0
2019-03-21 12:19:00,24.945,24.945,24.945,24.945,2200.0
2019-03-21 12:21:00,24.945,24.95,24.945,24.95,1361.0
2019-03-21 12:27:00,24.95,24.96,24.95,24.96,1631.0
2019-03-21 12:33:00,24.97,24.97,24.97,24.97,775.0
2019-03-21 12:39:00,25.0,25.0,25.0,25.0,250.0
2019-03-21 12:40:00,25.0,25.0,25.0,25.0,400.0
2019-03-21 12:58:00,24.99,24.99,24.99,24.99,100.0
2019-03-21 13:03:00,24.97,24.97,24.97,24.97,1213.0
2019-03-21 13:09:00,24.95,24.95,24.95,24.95,1282.0
2019-03-21 13:15:00,24.95,24.95,24.95,24.95,2150.0
2019-03-21 13:27:00,24.9037,24.9499,24.9037,24.9499,677.0
2019-03-21 13:33:00,24.9333,24.9333,24.9333,24.9333,387.0
2019-03-21 13:48:00,24.95,24.95,24.95,24.95,401.0
2019-03-21 13:53:00,24.95,24.95,24.9463,24.9463,5700.0
2019-03-21 13:59:00,24.95,24.95,24.95,24.95,1000.0
2019-03-21 14:03:00,24.95,24.95,24.95,24.95,300.0
2019-03-21 14:06:00,24.95,24.95,24.95,24.95,100.0
2019-03-21 14:09:00,24.95,24.95,24.95,24.95,800.0
2019-03-21 14:17:00,24.935,24.935,24.935,24.935,200.0
2019-03-21 14:19:00,24.94,24.94,24.94,24.94,1982.0
2019-03-21 14:21:00,24.9,24.9,24.9,24.9,2974.0
2019-03-21 14:23:00,24.87,24.87,24.87,24.87,2506.0
2019-03-21 14:24:00,24.77,24.77,24.77,24.77,1100.0
2019-03-21 14:27:00,24.8242,24.8242,24.8242,24.8242,3301.0
2019-03-21 14:38:00,24.8956,24.8956,24.8956,24.8956,500.0
2019-03-21 14:39:00,24.87,24.87,24.87,24.87,100.0
2019-03-21 14:51:00,24.8401,24.8401,24.84,24.84,1500.0
2019-03-21 15:09:00,24.86,24.86,24.86,24.86,360.0
2019-03-21 15:17:00,24.8999,24.8999,24.8999,24.8999,600.0
2019-03-21 15:19:00,24.8911,24.8911,24.8911,24.8911,990.0
2019-03-21 15:22:00,24.8201,24.8201,24.8201,24.8201,400.0
2019-03-21 15:25:00,24.9,24.9,24.818,24.818,2970.0
2019-03-21 15:35:00,24.9,24.9,24.9,24.9,350.0
2019-03-21 15:43:00,24.85,24.85,24.85,24.85,100.0
2019-03-21 15:45:00,24.85,24.85,24.85,24.85,750.0
2019-03-21 15:49:00,24.85,24.85,24.85,24.85,400.0
2019-03-21 15:57:00,24.86,24.86,24.86,24.86,474.0
2019-03-21 16:00:00,24.89,24.89,24.89,24.89,0.0
2019-03-22 09:31:00,24.96,24.96,24.96,24.96,0.0
2019-03-22 09:41:00,24.9647,24.9647,24.9647,24.9647,1000.0
2019-03-22 09:50:00,24.945,24.945,24.945,24.945,600.0
2019-03-22 09:51:00,24.9438,24.9438,24.9438,24.9438,100.0
2019-03-22 09:53:00,24.9401,24.9401,24.9401,24.9401,1100.0
2019-03-22 09:55:00,24.93,24.93,24.93,24.93,300.0
2019-03-22 09:56:00,24.8476,24.8476,24.8476,24.8476,3050.0
2019-03-22 10:01:00,24.92,24.92,24.92,24.92,140.0
2019-03-22 10:05:00,24.8353,24.8353,24.8353,24.8353,500.0
2019-03-22 10:17:00,24.92,24.92,24.92,24.92,600.0
2019-03-22 10:23:00,24.8723,24.8723,24.8723,24.8723,347.0
2019-03-22 10:26:00,24.8,24.8,24.8,24.8,100.0
2019-03-22 10:29:00,24.82,24.82,24.82,24.82,800.0
2019-03-22 10:30:00,24.76,24.76,24.76,24.76,1427.0
2019-03-22 10:31:00,24.7,24.7,24.7,24.7,3800.0
2019-03-22 10:38:00,24.6866,24.6866,24.6866,24.6866,400.0
2019-03-22 10:40:00,24.6999,24.6999,24.6999,24.6999,100.0
2019-03-22 10:41:00,24.66,24.66,24.66,24.66,335.0
2019-03-22 10:45:00,24.6376,24.6376,24.6376,24.6376,100.0
2019-03-22 10:49:00,24.6388,24.6388,24.6388,24.6388,2000.0
2019-03-22 10:50:00,24.6,24.6,24.6,24.6,700.0
2019-03-22 10:55:00,24.6709,24.6709,24.6709,24.6709,337.0
2019-03-22 10:57:00,24.61,24.61,24.61,24.61,300.0
2019-03-22 11:00:00,24.61,24.62,24.61,24.62,883.0
2019-03-22 11:05:00,24.61,24.61,24.61,24.61,1004.0
2019-03-22 11:08:00,24.66,24.66,24.66,24.66,1004.0
2019-03-22 11:31:00,24.7,24.7,24.7,24.7,980.0
2019-03-22 11:33:00,24.7,24.7,24.7,24.7,2980.0
2019-03-22 11:37:00,24.7,24.7,24.7,24.7,1069.0
2019-03-22 11:40:00,24.7,24.7,24.7,24.7,900.0
2019-03-22 11:41:00,24.7,24.7,24.7,24.7,2931.0
2019-03-22 11:45:00,24.7,24.76,24.7,24.75,3036.0
2019-03-22 11:46:00,24.75,24.75,24.75,24.75,3436.0
2019-03-22 11:54:00,24.75,24.75,24.75,24.75,100.0
2019-03-22 11:58:00,24.7245,24.7245,24.7245,24.7245,600.0
2019-03-22 11:59:00,24.78,24.78,24.78,24.78,515.0
2019-03-22 12:04:00,24.77,24.77,24.77,24.77,920.0
2019-03-22 12:23:00,24.77,24.77,24.77,24.77,138.0
2019-03-22 13:04:00,24.78,24.78,24.78,24.78,200.0
2019-03-22 13:29:00,24.79,24.79,24.79,24.79,100.0
2019-03-22 13:30:00,24.7675,24.7675,24.7675,24.7675,500.0
2019-03-22 13:34:00,24.78,24.78,24.78,24.78,188.0
2019-03-22 13:44:00,24.775,24.775,24.775,24.775,1579.0
2019-03-22 13:47:00,24.79,24.7999,24.79,24.7999,1200.0
2019-03-22 13:52:00,24.8,24.8,24.8,24.8,1300.0
2019-03-22 13:54:00,24.79,24.79,24.79,24.79,700.0
2019-03-22 13:55:00,24.8,24.8,24.8,24.8,1400.0
2019-03-22 13:57:00,24.79,24.7999,24.79,24.7999,200.0
2019-03-22 13:59:00,24.79,24.79,24.7877,24.7877,793.0
2019-03-22 14:03:00,24.8,24.8,24.8,24.8,2100.0
2019-03-22 14:08:00,24.8,24.8,24.8,24.8,900.0
2019-03-22 14:09:00,24.8,24.8,24.8,24.8,1800.0
2019-03-22 14:10:00,24.8,24.8,24.8,24.8,3100.0
2019-03-22 14:15:00,24.8,24.8,24.8,24.8,100.0
2019-03-22 14:17:00,24.8,24.8,24.8,24.8,1200.0
2019-03-22 14:18:00,24.845,24.845,24.845,24.845,1466.0
2019-03-22 14:27:00,24.82,24.82,24.82,24.82,445.0
2019-03-22 14:28:00,24.845,24.845,24.845,24.845,100.0
2019-03-22 14:29:00,24.845,24.845,24.845,24.845,777.0
2019-03-22 14:30:00,24.855,24.855,24.85,24.85,1000.0
2019-03-22 14:32:00,24.85,24.85,24.85,24.85,1100.0
2019-03-22 14:38:00,24.8,24.8,24.8,24.8,412.0
2019-03-22 14:39:00,24.8,24.8,24.8,24.8,1140.0
2019-03-22 15:03:00,24.7757,24.82,24.7757,24.82,1196.0
2019-03-22 15:06:00,24.8,24.8,24.8,24.8,1000.0
2019-03-22 15:18:00,24.82,24.82,24.82,24.82,155.0
2019-03-22 15:32:00,24.82,24.82,24.82,24.82,100.0
2019-03-22 15:41:00,24.7873,24.7873,24.7873,24.7873,100.0
2019-03-22 15:45:00,24.82,24.82,24.82,24.82,350.0
2019-03-22 15:50:00,24.82,24.82,24.82,24.82,1404.0
2019-03-22 15:58:00,24.8,24.8,24.8,24.8,200.0
2019-03-22 15:59:00,24.81,24.81,24.8,24.8,900.0
2019-03-22 16:00:00,24.8,24.82,24.8,24.82,0.0
2019-03-25 09:32:00,24.9,24.9,24.9,24.9,1709.0
2019-03-25 09:54:00,24.857,24.857,24.857,24.857,1135.0
2019-03-25 10:24:00,24.87,24.87,24.87,24.87,100.0
2019-03-25 10:42:00,24.8614,24.8614,24.8614,24.8614,200.0
2019-03-25 10:50:00,24.87,24.87,24.87,24.87,1144.0
2019-03-25 10:58:00,24.87,24.88,24.87,24.88,6235.0
2019-03-25 10:59:00,24.88,24.88,24.88,24.88,300.0
2019-03-25 11:06:00,24.88,24.88,24.88,24.88,725.0
2019-03-25 11:09:00,24.875,24.875,24.875,24.875,220.0
2019-03-25 11:11:00,24.875,24.875,24.875,24.875,504.0
2019-03-25 11:12:00,24.865,24.865,24.865,24.865,1420.0
2019-03-25 11:21:00,24.8716,24.8716,24.8716,24.8716,500.0
2019-03-25 11:26:00,24.875,24.875,24.875,24.875,700.0
2019-03-25 11:29:00,24.875,24.89,24.871,24.871,5803.0
2019-03-25 11:38:00,24.9,24.9,24.9,24.9,270.0
2019-03-25 11:40:00,24.87,24.8705,24.87,24.8705,367.0
2019-03-25 11:58:00,24.89,24.89,24.89,24.89,180.0
2019-03-25 12:07:00,24.89,24.89,24.89,24.89,850.0
2019-03-25 12:10:00,24.89,24.91,24.89,24.91,1722.0
2019-03-25 12:11:00,24.9018,24.9018,24.9018,24.9018,2408.0
2019-03-25 12:14:00,24.92,24.92,24.92,24.92,1245.0
2019-03-25 12:45:00,24.92,24.92,24.92,24.92,1500.0
2019-03-25 12:48:00,24.9244,24.9244,24.9244,24.9244,400.0
2019-03-25 12:49:00,24.9221,24.9221,24.9221,24.9221,100.0
2019-03-25 12:50:00,24.8851,24.8851,24.8851,24.8851,1550.0
2019-03-25 12:53:00,24.919,24.919,24.8986,24.8986,2100.0
2019-03-25 13:01:00,24.92,24.92,24.92,24.92,150.0
2019-03-25 13:13:00,24.9115,24.9115,24.9115,24.9115,530.0
2019-03-25 13:18:00,24.919,24.919,24.919,24.919,220.0
2019-03-25 13:22:00,24.91,24.91,24.91,24.91,145.0
2019-03-25 13:23:00,24.885,24.885,24.885,24.885,100.0
2019-03-25 13:29:00,24.9,24.9,24.9,24.9,460.0
2019-03-25 13:35:00,24.9,24.9,24.9,24.9,250.0
2019-03-25 13:54:00,24.9,24.9,24.9,24.9,340.0
2019-03-25 14:02:00,24.92,24.92,24.92,24.92,650.0
2019-03-25 14:17:00,24.94,24.94,24.94,24.94,200.0
2019-03-25 14:29:00,24.9028,24.9028,24.9,24.9,2049.0
2019-03-25 14:31:00,24.939,24.939,24.939,24.939,4141.0
2019-03-25 14:32:00,24.9399,24.9399,24.9399,24.9399,404.0
2019-03-25 14:45:00,24.94,24.94,24.94,24.94,150.0
2019-03-25 14:46:00,24.9111,24.9111,24.9111,24.9111,600.0
2019-03-25 14:49:00,24.93,24.94,24.93,24.94,6000.0
2019-03-25 14:59:00,24.94,24.94,24.94,24.94,100.0
2019-03-25 15:00:00,24.8958,24.8958,24.8958,24.8958,2150.0
2019-03-25 15:03:00,24.94,24.94,24.94,24.94,1500.0
2019-03-25 15:20:00,24.94,24.94,24.94,24.94,250.0
2019-03-25 15:23:00,24.94,24.94,24.94,24.94,100.0
2019-03-25 15:29:00,24.94,24.94,24.94,24.94,100.0
2019-03-25 15:33:00,24.94,24.94,24.94,24.94,100.0
2019-03-25 15:37:00,24.9153,24.9153,24.9153,24.9153,140.0
2019-03-25 15:41:00,24.94,24.94,24.94,24.94,1265.0
2019-03-25 15:46:00,24.94,24.94,24.94,24.94,988.0
2019-03-25 15:47:00,24.94,24.94,24.94,24.94,238.0
2019-03-25 15:53:00,24.95,24.95,24.95,24.95,2659.0
2019-03-25 15:56:00,24.95,24.95,24.95,24.95,445.0
2019-03-25 16:00:00,24.98,24.98,24.98,24.98,0.0
2019-03-26 09:31:00,25.0,25.0,25.0,25.0,0.0
2019-03-26 09:51:00,24.9501,24.975,24.9501,24.975,1000.0
2019-03-26 09:59:00,24.9823,24.9823,24.9823,24.9823,626.0
2019-03-26 10:01:00,24.9868,24.9868,24.9868,24.9868,2774.0
2019-03-26 10:02:00,24.97,24.97,24.97,24.97,380.0
2019-03-26 10:05:00,24.98,24.98,24.98,24.98,800.0
2019-03-26 10:08:00,24.95,24.95,24.95,24.95,400.0
2019-03-26 10:09:00,24.95,24.95,24.95,24.95,200.0
2019-03-26 10:10:00,24.95,24.95,24.95,24.95,400.0
2019-03-26 10:11:00,24.95,24.95,24.95,24.95,200.0
2019-03-26 10:13:00,24.95,24.95,24.95,24.95,400.0
2019-03-26 10:14:00,24.95,24.95,24.95,24.95,300.0
2019-03-26 10:15:00,24.95,24.95,24.95,24.95,158.0
2019-03-26 10:18:00,24.95,24.95,24.95,24.95,242.0
2019-03-26 10:19:00,24.95,24.95,24.95,24.95,100.0
2019-03-26 10:20:00,24.95,24.95,24.95,24.95,200.0
2019-03-26 10:28:00,24.99,24.99,24.99,24.99,1100.0
2019-03-26 10:37:00,24.9756,24.9756,24.9756,24.9756,600.0
2019-03-26 10:42:00,24.989,24.989,24.989,24.989,100.0
2019-03-26 10:44:00,24.95,24.95,24.95,24.95,1100.0
2019-03-26 10:45:00,24.99,24.99,24.99,24.99,100.0
2019-03-26 10:46:00,24.95,24.95,24.95,24.95,142.0
2019-03-26 10:51:00,24.95,24.95,24.95,24.95,5158.0
2019-03-26 10:54:00,24.965,24.965,24.965,24.965,5100.0
2019-03-26 10:55:00,24.953,24.953,24.953,24.953,10358.0
2019-03-26 10:59:00,24.979,24.979,24.9731,24.9731,2071.0
2019-03-26 11:03:00,24.99,24.99,24.99,24.99,100.0
2019-03-26 11:04:00,25.0,25.0,25.0,25.0,750.0
2019-03-26 11:20:00,25.0,25.0,24.996,24.996,800.0
2019-03-26 11:26:00,25.0,25.0,25.0,25.0,300.0
2019-03-26 11:33:00,24.9975,24.9975,24.9975,24.9975,200.0
2019-03-26 11:37:00,25.0,25.0375,25.0,25.0375,2482.0
2019-03-26 11:43:00,25.05,25.05,25.05,25.05,3164.0
2019-03-26 11:55:00,25.064,25.064,25.064,25.064,0.0
2019-03-26 11:56:00,25.0699,25.0699,25.0699,25.0699,100.0
2019-03-26 11:58:00,25.087,25.087,25.087,25.087,110.0
2019-03-26 12:04:00,25.0771,25.0771,25.0771,25.0771,420.0
2019-03-26 12:16:00,25.06,25.06,25.06,25.06,2308.0
2019-03-26 12:19:00,25.04,25.04,25.04,25.04,3362.0
2019-03-26 12:20:00,25.01,25.01,25.01,25.01,600.0
2019-03-26 12:28:00,25.03,25.03,25.03,25.03,1435.0
2019-03-26 12:34:00,25.0267,25.0267,25.0267,25.0267,650.0
2019-03-26 12:36:00,25.0417,25.0417,25.0417,25.0417,1100.0
2019-03-26 12:39:00,25.01,25.01,25.01,25.01,1320.0
2019-03-26 12:48:00,25.01,25.01,25.01,25.01,500.0
2019-03-26 12:51:00,25.01,25.01,25.01,25.01,700.0
2019-03-26 12:54:00,25.01,25.01,25.01,25.01,100.0
2019-03-26 12:55:00,25.01,25.01,25.01,25.01,1218.0
2019-03-26 13:01:00,25.0,25.0,25.0,25.0,2356.0
2019-03-26 13:06:00,24.9789,24.9789,24.9789,24.9789,0.0
2019-03-26 13:17:00,25.0,25.0,25.0,25.0,100.0
2019-03-26 13:27:00,25.0,25.0,25.0,25.0,620.0
2019-03-26 13:28:00,25.0,25.0,25.0,25.0,100.0
2019-03-26 13:32:00,25.0,25.0,25.0,25.0,760.0
2019-03-26 13:34:00,25.0,25.05,25.0,25.0,10050.0
2019-03-26 13:39:00,25.0,25.0511,25.0,25.0511,500.0
2019-03-26 13:40:00,25.03,25.03,25.03,25.03,13686.0
2019-03-26 13:53:00,25.01,25.01,25.01,25.01,5158.0
2019-03-26 13:54:00,25.0,25.0,25.0,25.0,390.0
2019-03-26 13:55:00,25.0,25.0,25.0,25.0,200.0
2019-03-26 13:57:00,25.02,25.02,25.02,25.02,600.0
2019-03-26 13:58:00,25.01,25.01,25.01,25.01,1964.0
2019-03-26 14:00:00,25.0,25.0,25.0,25.0,996.0
2019-03-26 14:01:00,25.0,25.0,25.0,25.0,410.0
2019-03-26 14:07:00,24.99,24.99,24.96,24.96,1980.0
2019-03-26 14:12:00,24.97,24.97,24.97,24.97,1590.0
2019-03-26 14:16:00,24.97,24.97,24.97,24.97,760.0
2019-03-26 14:20:00,24.97,24.97,24.97,24.97,1300.0
2019-03-26 14:34:00,24.94,24.94,24.94,24.94,1130.0
2019-03-26 14:38:00,24.95,24.95,24.95,24.95,410.0
2019-03-26 14:43:00,24.97,24.97,24.9576,24.9576,2990.0
2019-03-26 14:48:00,24.9301,24.9301,24.9301,24.9301,1000.0
2019-03-26 14:50:00,24.9465,24.9465,24.9465,24.9465,800.0
2019-03-26 14:51:00,24.97,24.97,24.97,24.97,2580.0
2019-03-26 14:55:00,24.9746,24.9746,24.9746,24.9746,1493.0
2019-03-26 14:57:00,24.98,24.98,24.98,24.98,1560.0
2019-03-26 15:01:00,24.98,24.98,24.98,24.98,304.0
2019-03-26 15:10:00,24.975,24.98,24.975,24.98,380.0
2019-03-26 15:17:00,24.98,24.98,24.98,24.98,620.0
2019-03-26 15:22:00,24.985,25.05,24.985,25.05,12891.0
2019-03-26 15:24:00,25.02,25.02,25.02,25.02,1209.0
2019-03-26 15:32:00,25.0,25.0,25.0,25.0,2300.0
2019-03-26 15:33:00,25.0,25.0,25.0,25.0,600.0
2019-03-26 15:36:00,25.0,25.0,25.0,25.0,903.0
2019-03-26 15:41:00,25.0,25.0,25.0,25.0,200.0
2019-03-26 15:42:00,25.0,25.0,25.0,25.0,271.0
2019-03-26 15:46:00,25.025,25.025,25.025,25.025,500.0
2019-03-26 15:47:00,25.025,25.025,25.025,25.025,141.0
2019-03-26 15:54:00,25.05,25.05,25.05,25.05,100.0
2019-03-26 15:55:00,25.0,25.0,25.0,25.0,2010.0
2019-03-26 15:57:00,25.05,25.05,25.05,25.05,200.0
2019-03-26 15:58:00,25.017,25.017,25.017,25.017,2150.0
2019-03-26 16:00:00,25.05,25.05,25.05,25.05,410.0
2019-03-27 09:31:00,25.04,25.04,25.04,25.04,0.0
2019-03-27 09:33:00,25.05,25.05,25.05,25.05,100.0
2019-03-27 09:35:00,25.05,25.05,25.05,25.05,1173.0
2019-03-27 09:38:00,25.05,25.05,25.05,25.05,1000.0
2019-03-27 09:39:00,25.045,25.05,25.045,25.0492,4300.0
2019-03-27 09:43:00,25.0499,25.0499,25.0499,25.0499,125.0
2019-03-27 09:47:00,25.04,25.04,25.04,25.04,884.0
2019-03-27 09:49:00,25.02,25.02,25.02,25.02,100.0
2019-03-27 09:54:00,25.0,25.02,25.0,25.0,2000.0
2019-03-27 10:00:00,25.0,25.0,25.0,25.0,1400.0
2019-03-27 10:04:00,25.0232,25.0232,25.0232,25.0232,400.0
2019-03-27 10:06:00,25.0,25.0,24.93,24.93,2522.0
2019-03-27 10:09:00,25.0,25.0,25.0,25.0,300.0
2019-03-27 10:10:00,24.9479,24.95,24.9465,24.95,2920.0
2019-03-27 10:11:00,24.95,24.95,24.9309,24.9309,904.0
2019-03-27 10:12:00,24.9309,24.9668,24.9309,24.9668,3000.0
2019-03-27 10:17:00,24.9346,24.9346,24.9346,24.9346,400.0
2019-03-27 10:20:00,25.0,25.0,25.0,25.0,400.0
2019-03-27 10:21:00,25.0,25.0,24.9,24.9,1500.0
2019-03-27 10:23:00,25.0,25.0,25.0,25.0,400.0
2019-03-27 10:24:00,25.0,25.0,25.0,25.0,359.0
2019-03-27 10:27:00,25.0,25.0,25.0,25.0,300.0
2019-03-27 10:35:00,25.0,25.0,25.0,25.0,1000.0
2019-03-27 10:40:00,25.0,25.0,25.0,25.0,500.0
2019-03-27 10:41:00,25.0,25.0,25.0,25.0,525.0
2019-03-27 10:42:00,25.01,25.01,25.01,25.01,298.0
2019-03-27 10:49:00,25.04,25.04,25.04,25.04,724.0
2019-03-27 10:57:00,25.05,25.05,25.05,25.05,400.0
2019-03-27 11:04:00,25.05,25.05,25.05,25.05,600.0
2019-03-27 11:05:00,25.04,25.04,25.04,25.04,300.0
2019-03-27 11:10:00,25.05,25.05,25.05,25.05,400.0
2019-03-27 11:15:00,25.05,25.05,25.05,25.05,1000.0
2019-03-27 11:18:00,25.05,25.05,25.05,25.05,360.0
2019-03-27 11:27:00,25.05,25.05,25.05,25.05,600.0
2019-03-27 11:31:00,25.05,25.05,25.05,25.05,900.0
2019-03-27 11:34:00,25.0435,25.0435,25.0435,25.0435,1000.0
2019-03-27 11:37:00,25.0407,25.045,25.04,25.04,2924.0
2019-03-27 11:49:00,25.05,25.05,25.0499,25.0499,3923.0
2019-03-27 11:59:00,25.05,25.05,25.0246,25.0467,3000.0
2019-03-27 12:12:00,25.05,25.05,25.04,25.04,3000.0
2019-03-27 12:24:00,25.05,25.05,25.05,25.05,500.0
2019-03-27 12:25:00,25.05,25.05,25.05,25.05,400.0
2019-03-27 12:29:00,25.049,25.049,25.049,25.049,2002.0
2019-03-27 12:37:00,25.05,25.05,25.05,25.05,3050.0
2019-03-27 12:38:00,25.05,25.05,25.05,25.05,2000.0
2019-03-27 12:39:00,25.05,25.05,25.05,25.05,168.0
2019-03-27 12:40:00,25.05,25.05,25.04,25.04,2600.0
2019-03-27 12:54:00,25.05,25.05,25.05,25.05,3900.0
2019-03-27 12:56:00,25.05,25.05,25.045,25.045,1033.0
2019-03-27 12:58:00,25.0427,25.045,25.0427,25.045,1191.0
2019-03-27 13:02:00,25.05,25.05,25.05,25.05,100.0
2019-03-27 13:04:00,25.05,25.05,25.05,25.05,1500.0
2019-03-27 13:05:00,25.045,25.05,25.045,25.05,5440.0
2019-03-27 13:06:00,25.05,25.05,25.05,25.05,500.0
2019-03-27 13:08:00,25.045,25.055,25.045,25.055,3800.0
2019-03-27 13:09:00,25.055,25.06,25.05,25.06,733.0
2019-03-27 13:19:00,25.05,25.05,25.05,25.05,200.0
2019-03-27 13:21:00,25.05,25.05,25.05,25.05,377.0
2019-03-27 13:22:00,25.05,25.06,25.05,25.06,1028.0
2019-03-27 13:23:00,25.06,25.06,25.06,25.06,500.0
2019-03-27 13:25:00,25.05,25.05,25.05,25.05,237.0
2019-03-27 13:27:00,25.05,25.05,25.05,25.05,556.0
2019-03-27 13:28:00,25.06,25.06,25.06,25.06,200.0
2019-03-27 13:29:00,25.07,25.0954,25.07,25.0954,1000.0
2019-03-27 13:30:00,25.09,25.09,25.09,25.09,1000.0
2019-03-27 13:31:00,25.05,25.06,25.05,25.06,200.0
2019-03-27 13:33:00,25.05,25.05,25.05,25.05,200.0
2019-03-27 13:34:00,25.05,25.07,25.05,25.05,300.0
2019-03-27 13:43:00,25.02,25.02,25.02,25.02,100.0
2019-03-27 13:46:00,25.05,25.0893,25.05,25.0893,1050.0
2019-03-27 13:52:00,25.05,25.05,25.0499,25.0499,2000.0
2019-03-27 13:53:00,25.05,25.09,25.05,25.09,600.0
2019-03-27 13:56:00,25.05,25.05,25.05,25.05,100.0
2019-03-27 14:00:00,25.05,25.1,25.05,25.06,3114.0
2019-03-27 14:01:00,25.05,25.05,25.05,25.05,100.0
2019-03-27 14:02:00,25.06,25.06,25.06,25.06,100.0
2019-03-27 14:03:00,25.075,25.1,25.075,25.0999,400.0
2019-03-27 14:05:00,25.05,25.1,25.05,25.1,200.0
2019-03-27 14:06:00,25.09,25.09,25.09,25.09,300.0
2019-03-27 14:07:00,25.09,25.1,25.09,25.09,537.0
2019-03-27 14:09:00,25.08,25.08,25.08,25.08,100.0
2019-03-27 14:11:00,25.07,25.09,25.07,25.07,300.0
2019-03-27 14:13:00,25.07,25.07,25.07,25.07,196.0
2019-03-27 14:14:00,25.1,25.12,25.07,25.07,1989.0
2019-03-27 14:15:00,25.07,25.07,25.07,25.07,200.0
2019-03-27 14:16:00,25.0947,25.095,25.061,25.061,3000.0
2019-03-27 14:17:00,25.13,25.13,25.06,25.06,200.0
2019-03-27 14:18:00,25.105,25.105,25.105,25.105,533.0
2019-03-27 14:19:00,25.105,25.105,25.105,25.105,100.0
2019-03-27 14:20:00,25.1098,25.1098,25.1098,25.1098,2000.0
2019-03-27 14:21:00,25.07,25.07,25.07,25.07,300.0
2019-03-27 14:23:00,25.11,25.11,25.11,25.11,100.0
2019-03-27 14:24:00,25.08,25.08,25.08,25.08,100.0
2019-03-27 14:26:00,25.1,25.1,25.1,25.1,700.0
2019-03-27 14:28:00,25.1,25.1,25.1,25.1,100.0
2019-03-27 14:30:00,25.115,25.115,25.115,25.115,100.0
2019-03-27 14:32:00,25.1,25.1,25.1,25.1,100.0
2019-03-27 14:34:00,25.12,25.12,25.11,25.12,700.0
2019-03-27 14:35:00,25.13,25.139,25.13,25.139,1200.0
2019-03-27 14:36:00,25.13,25.1395,25.13,25.1395,400.0
2019-03-27 14:37:00,25.12,25.12,25.105,25.105,980.0
2019-03-27 14:39:00,25.105,25.105,25.08,25.09,1710.0
2019-03-27 14:42:00,25.08,25.08,25.07,25.07,200.0
2019-03-27 14:43:00,25.09,25.09,25.09,25.09,100.0
2019-03-27 14:44:00,25.07,25.07,25.07,25.07,300.0
2019-03-27 14:47:00,25.09,25.09,25.09,25.09,200.0
2019-03-27 14:48:00,25.09,25.09,25.0748,25.08,1233.0
2019-03-27 14:51:00,25.085,25.09,25.0817,25.0835,7885.0
2019-03-27 14:52:00,25.08,25.08,25.08,25.08,200.0
2019-03-27 14:53:00,25.0755,25.0755,25.0755,25.0755,500.0
2019-03-27 14:57:00,25.09,25.09,25.09,25.09,100.0
2019-03-27 14:59:00,25.07,25.07,25.07,25.07,300.0
2019-03-27 15:01:00,25.08,25.08,25.08,25.08,100.0
2019-03-27 15:03:00,25.07,25.07,25.07,25.07,300.0
2019-03-27 15:04:00,25.07,25.07,25.07,25.07,111.0
2019-03-27 15:06:00,25.08,25.08,25.08,25.08,200.0
2019-03-27 15:08:00,25.07,25.07,25.07,25.07,100.0
2019-03-27 15:09:00,25.075,25.075,25.075,25.075,405.0
2019-03-27 15:10:00,25.0748,25.08,25.0748,25.08,600.0
2019-03-27 15:15:00,25.09,25.09,25.0853,25.0853,1305.0
2019-03-27 15:16:00,25.07,25.07,25.05,25.05,1395.0
2019-03-27 15:19:00,25.08,25.08,25.08,25.08,250.0
2019-03-27 15:27:00,25.09,25.09,25.09,25.09,100.0
2019-03-27 15:31:00,25.08,25.08,25.08,25.08,265.0
2019-03-27 15:32:00,25.0501,25.09,25.0501,25.09,1110.0
2019-03-27 15:34:00,25.05,25.0696,25.05,25.0696,2000.0
2019-03-27 15:35:00,25.07,25.07,25.05,25.05,1800.0
2019-03-27 15:36:00,25.04,25.04,25.04,25.04,125.0
2019-03-27 15:38:00,25.05,25.05,25.0402,25.0402,375.0
2019-03-27 15:45:00,25.05,25.05,25.05,25.05,2025.0
2019-03-27 15:49:00,25.05,25.05,25.03,25.03,2300.0
2019-03-27 15:54:00,25.05,25.05,25.05,25.05,357.0
2019-03-27 15:55:00,25.09,25.09,25.09,25.09,275.0
2019-03-27 15:56:00,25.09,25.09,25.09,25.09,1278.0
2019-03-27 15:57:00,25.09,25.09,25.09,25.09,569.0
2019-03-27 15:58:00,25.07,25.07,25.05,25.05,3256.0
2019-03-27 15:59:00,25.0464,25.05,25.0464,25.05,1023.0
2019-03-27 16:00:00,25.09,25.09,25.03,25.08,4138.0
2019-03-28 09:31:00,25.18,25.18,25.18,25.18,0.0
2019-03-28 09:34:00,25.125,25.125,25.125,25.125,200.0
2019-03-28 09:35:00,25.1,25.1,25.1,25.1,1000.0
2019-03-28 09:36:00,25.1461,25.1461,25.1461,25.1461,200.0
2019-03-28 09:39:00,25.14,25.14,25.14,25.14,100.0
2019-03-28 09:40:00,25.1,25.125,25.1,25.125,2900.0
2019-03-28 09:41:00,25.15,25.15,25.125,25.125,800.0
2019-03-28 09:42:00,25.125,25.125,25.125,25.125,700.0
2019-03-28 09:43:00,25.15,25.15,25.15,25.15,200.0
2019-03-28 09:44:00,25.15,25.15,25.15,25.15,100.0
2019-03-28 09:45:00,25.15,25.15,25.1129,25.1129,410.0
2019-03-28 09:46:00,25.15,25.15,25.15,25.15,2748.0
2019-03-28 09:47:00,25.15,25.15,25.15,25.15,4000.0
2019-03-28 09:48:00,25.15,25.15,25.15,25.15,100.0
2019-03-28 09:51:00,25.1776,25.1776,25.15,25.15,500.0
2019-03-28 09:58:00,25.15,25.15,25.1,25.1,1435.0
2019-03-28 10:00:00,25.145,25.145,25.145,25.145,267.0
2019-03-28 10:16:00,25.15,25.15,25.15,25.15,600.0
2019-03-28 10:22:00,25.15,25.15,25.15,25.15,253.0
2019-03-28 10:25:00,25.13,25.1499,25.13,25.1499,800.0
2019-03-28 10:26:00,25.15,25.15,25.15,25.15,400.0
2019-03-28 10:27:00,25.1496,25.1496,25.1216,25.1216,2500.0
2019-03-28 10:28:00,25.11,25.11,25.11,25.11,148.0
2019-03-28 10:29:00,25.11,25.11,25.11,25.11,248.0
2019-03-28 10:32:00,25.13,25.13,25.13,25.13,443.0
2019-03-28 10:36:00,25.149,25.1499,25.149,25.1499,531.0
2019-03-28 10:45:00,25.14,25.14,25.14,25.14,100.0
2019-03-28 10:49:00,25.15,25.15,25.14,25.14,865.0
2019-03-28 10:50:00,25.1475,25.15,25.1475,25.15,932.0
2019-03-28 10:53:00,25.1725,25.19,25.1725,25.19,4886.0
2019-03-28 10:54:00,25.19,25.19,25.1874,25.1883,1100.0
2019-03-28 10:55:00,25.16,25.16,25.15,25.15,3068.0
2019-03-28 10:56:00,25.15,25.15,25.15,25.15,1100.0
2019-03-28 10:57:00,25.15,25.15,25.14,25.14,1517.0
2019-03-28 10:58:00,25.1,25.12,25.1,25.12,583.0
2019-03-28 10:59:00,25.12,25.1201,25.12,25.12,1360.0
2019-03-28 11:02:00,25.2,25.2,25.2,25.2,500.0
2019-03-28 11:04:00,25.13,25.13,25.05,25.09,4138.0
2019-03-28 11:07:00,25.05,25.05,25.05,25.05,1005.0
2019-03-28 11:09:00,25.1,25.1,25.095,25.0965,1000.0
2019-03-28 11:12:00,25.1,25.1,25.1,25.1,400.0
2019-03-28 11:13:00,25.0999,25.0999,25.0999,25.0999,400.0
2019-03-28 11:15:00,25.09,25.1,25.09,25.1,200.0
2019-03-28 11:19:00,25.08,25.08,25.08,25.08,100.0
2019-03-28 11:21:00,25.098,25.098,25.098,25.098,400.0
2019-03-28 11:23:00,25.0984,25.0984,25.0944,25.0944,1100.0
2019-03-28 11:24:00,25.1,25.1,25.0986,25.1,1200.0
2019-03-28 11:25:00,25.1,25.1,25.1,25.1,376.0
2019-03-28 11:27:00,25.1329,25.1329,25.1329,25.1329,602.0
2019-03-28 11:29:00,25.1,25.1,25.1,25.1,398.0
2019-03-28 11:30:00,25.1,25.12,25.1,25.12,200.0
2019-03-28 11:32:00,25.1,25.1,25.1,25.1,100.0
2019-03-28 11:33:00,25.15,25.15,25.15,25.15,270.0
2019-03-28 11:35:00,25.125,25.15,25.1,25.1,1600.0
2019-03-28 11:40:00,25.1,25.1,25.1,25.1,200.0
2019-03-28 11:43:00,25.1286,25.1286,25.1286,25.1286,400.0
2019-03-28 11:44:00,25.1,25.1,25.1,25.1,100.0
2019-03-28 11:46:00,25.1001,25.1156,25.1001,25.1156,2200.0
2019-03-28 11:49:00,25.15,25.15,25.15,25.15,500.0
2019-03-28 11:50:00,25.1,25.1,25.1,25.1,100.0
2019-03-28 11:51:00,25.1,25.1,25.1,25.1,100.0
2019-03-28 11:53:00,25.1,25.11,25.1,25.11,1400.0
2019-03-28 11:55:00,25.1,25.1,25.1,25.1,1400.0
2019-03-28 12:00:00,25.11,25.11,25.11,25.11,600.0
2019-03-28 12:01:00,25.1,25.1,25.1,25.1,225.0
2019-03-28 12:08:00,25.1,25.1,25.1,25.1,600.0
2019-03-28 12:29:00,25.11,25.1189,25.11,25.1175,1000.0
2019-03-28 12:32:00,25.1135,25.1135,25.1,25.1,1200.0
2019-03-28 12:33:00,25.11,25.11,25.1,25.1,260.0
2019-03-28 12:45:00,25.1,25.1,25.1,25.1,961.0
2019-03-28 12:46:00,25.08,25.08,25.06,25.0728,1120.0
2019-03-28 12:47:00,25.06,25.06,25.06,25.06,1000.0
2019-03-28 12:54:00,25.06,25.06,25.06,25.06,100.0
2019-03-28 12:58:00,25.06,25.06,25.06,25.06,1200.0
2019-03-28 13:03:00,25.11,25.1199,25.11,25.1199,2000.0
2019-03-28 13:06:00,25.1,25.1,25.1,25.1,800.0
2019-03-28 13:12:00,25.06,25.06,25.06,25.06,100.0
2019-03-28 13:14:00,25.1007,25.1007,25.1007,25.1007,159.0
2019-03-28 13:19:00,25.1,25.1,25.1,25.1,1000.0
2019-03-28 13:25:00,25.1,25.1199,25.1,25.11,2710.0
2019-03-28 13:27:00,25.11,25.11,25.11,25.11,500.0
2019-03-28 13:30:00,25.11,25.11,25.11,25.11,285.0
2019-03-28 13:32:00,25.1001,25.1001,25.1001,25.1001,2000.0
2019-03-28 13:35:00,25.11,25.11,25.11,25.11,600.0
2019-03-28 13:40:00,25.1,25.1,25.1,25.1,100.0
2019-03-28 13:46:00,25.1,25.1,25.1,25.1,4555.0
2019-03-28 13:49:00,25.11,25.11,25.11,25.11,150.0
2019-03-28 13:51:00,25.11,25.11,25.11,25.11,235.0
2019-03-28 14:04:00,25.1,25.1,25.1,25.1,181.0
2019-03-28 14:19:00,25.1,25.1,25.1,25.1,100.0
2019-03-28 14:22:00,25.1123,25.1123,25.1123,25.1123,200.0
2019-03-28 14:23:00,25.11,25.12,25.11,25.12,607.0
2019-03-28 14:30:00,25.11,25.11,25.11,25.11,500.0
2019-03-28 14:33:00,25.1,25.1,25.1,25.1,100.0
2019-03-28 14:35:00,25.11,25.11,25.11,25.11,200.0
2019-03-28 14:36:00,25.11,25.11,25.11,25.11,100.0
2019-03-28 14:37:00,25.11,25.11,25.11,25.11,600.0
2019-03-28 14:44:00,25.1,25.1001,25.0683,25.0956,6553.0
2019-03-28 14:45:00,25.1199,25.1199,25.1199,25.1199,500.0
2019-03-28 14:48:00,25.06,25.06,25.06,25.06,1000.0
2019-03-28 14:52:00,25.06,25.06,25.06,25.06,100.0
2019-03-28 14:53:00,25.1199,25.1199,25.1199,25.1199,800.0
2019-03-28 14:56:00,25.11,25.11,25.11,25.11,100.0
2019-03-28 14:59:00,25.115,25.115,25.11,25.114,1100.0
2019-03-28 15:03:00,25.11,25.11,25.11,25.11,700.0
2019-03-28 15:04:00,25.11,25.11,25.11,25.11,707.0
2019-03-28 15:05:00,25.1,25.1,25.1,25.1,2407.0
2019-03-28 15:11:00,25.11,25.1119,25.11,25.1119,1000.0
2019-03-28 15:12:00,25.1,25.1,25.1,25.1,100.0
2019-03-28 15:13:00,25.11,25.11,25.11,25.11,509.0
2019-03-28 15:19:00,25.09,25.1,25.07,25.0701,6407.0
2019-03-28 15:20:00,25.0902,25.0902,25.0902,25.0902,1000.0
2019-03-28 15:21:00,25.0998,25.0998,25.0902,25.0902,1800.0
2019-03-28 15:29:00,25.09,25.1199,25.09,25.1199,600.0
2019-03-28 15:33:00,25.1065,25.1065,25.1065,25.1065,200.0
2019-03-28 15:34:00,25.1065,25.1065,25.1065,25.1065,1000.0
2019-03-28 15:37:00,25.09,25.09,25.09,25.09,100.0
2019-03-28 15:38:00,25.11,25.11,25.1,25.1,600.0
2019-03-28 15:40:00,25.11,25.11,25.11,25.11,408.0
2019-03-28 15:47:00,25.06,25.06,25.06,25.06,100.0
2019-03-28 15:48:00,25.09,25.11,25.09,25.09,900.0
2019-03-28 15:50:00,25.09,25.09,25.09,25.09,100.0
2019-03-28 15:51:00,25.11,25.11,25.11,25.11,100.0
2019-03-28 15:53:00,25.11,25.11,25.11,25.11,100.0
2019-03-28 15:54:00,25.11,25.11,25.11,25.11,240.0
2019-03-28 15:56:00,25.11,25.11,25.07,25.11,300.0
2019-03-28 15:57:00,25.11,25.11,25.11,25.11,100.0
2019-03-28 15:58:00,25.11,25.11,25.11,25.11,100.0
2019-03-28 15:59:00,25.11,25.11,25.11,25.11,200.0
2019-03-28 16:00:00,25.07,25.07,25.07,25.07,417.0
2019-03-29 09:31:00,25.15,25.15,25.15,25.15,200.0
2019-03-29 09:36:00,25.15,25.15,25.15,25.15,800.0
2019-03-29 09:41:00,25.15,25.15,25.15,25.15,100.0
2019-03-29 09:43:00,25.15,25.15,25.1361,25.1361,1554.0
2019-03-29 09:48:00,25.15,25.15,25.15,25.15,100.0
2019-03-29 09:49:00,25.15,25.15,25.15,25.15,100.0
2019-03-29 09:54:00,25.12,25.15,25.12,25.15,200.0
2019-03-29 09:55:00,25.1393,25.1393,25.1393,25.1393,235.0
2019-03-29 09:58:00,25.15,25.15,25.15,25.15,100.0
2019-03-29 09:59:00,25.15,25.15,25.15,25.15,100.0
2019-03-29 10:02:00,25.1466,25.1466,25.1466,25.1466,400.0
2019-03-29 10:03:00,25.15,25.15,25.1361,25.1361,900.0
2019-03-29 10:04:00,25.15,25.15,25.15,25.15,100.0
2019-03-29 10:08:00,25.15,25.15,25.15,25.15,100.0
2019-03-29 10:09:00,25.15,25.15,25.15,25.15,100.0
2019-03-29 10:11:00,25.1448,25.1448,25.1448,25.1448,336.0
2019-03-29 10:15:00,25.1466,25.1466,25.1466,25.1466,700.0
2019-03-29 10:28:00,25.15,25.15,25.15,25.15,1000.0
2019-03-29 10:29:00,25.15,25.15,25.15,25.15,100.0
2019-03-29 10:36:00,25.159,25.16,25.159,25.16,1600.0
2019-03-29 10:38:00,25.16,25.16,25.16,25.16,786.0
2019-03-29 10:41:00,25.1554,25.1554,25.1554,25.1554,400.0
2019-03-29 10:42:00,25.1356,25.1356,25.1356,25.1356,1907.0
2019-03-29 10:51:00,25.1418,25.1418,25.1418,25.1418,2050.0
2019-03-29 10:54:00,25.1478,25.1478,25.1478,25.1478,200.0
2019-03-29 10:57:00,25.16,25.16,25.1599,25.1599,3000.0
2019-03-29 10:59:00,25.15,25.15,25.15,25.15,2100.0
2019-03-29 11:00:00,25.1279,25.1279,25.1279,25.1279,2000.0
2019-03-29 11:03:00,25.14,25.14,25.1062,25.1062,2099.0
2019-03-29 11:06:00,25.1,25.15,25.1,25.15,2299.0
2019-03-29 11:09:00,25.1,25.1,25.1,25.1,200.0
2019-03-29 11:15:00,25.1,25.1,25.1,25.1,100.0
2019-03-29 11:19:00,25.1,25.1,25.1,25.1,100.0
2019-03-29 11:21:00,25.1,25.1,25.1,25.1,100.0
2019-03-29 11:23:00,25.1,25.1,25.1,25.1,100.0
2019-03-29 11:25:00,25.1,25.1,25.1,25.1,100.0
2019-03-29 11:28:00,25.1,25.1,25.1,25.1,100.0
2019-03-29 11:29:00,25.1,25.1,25.09,25.1,400.0
2019-03-29 11:30:00,25.095,25.095,25.095,25.095,155.0
2019-03-29 11:32:00,25.07,25.07,25.07,25.07,400.0
2019-03-29 11:33:00,25.09,25.09,25.09,25.09,100.0
2019-03-29 11:34:00,25.09,25.09,25.09,25.09,100.0
2019-03-29 11:39:00,25.1,25.1,25.1,25.1,100.0
2019-03-29 11:43:00,25.1,25.1,25.1,25.1,100.0
2019-03-29 11:44:00,25.1,25.1,25.1,25.1,100.0
2019-03-29 11:46:00,25.09,25.09,25.09,25.09,189.0
2019-03-29 11:48:00,25.09,25.09,25.09,25.09,100.0
2019-03-29 11:49:00,25.09,25.09,25.09,25.09,100.0
2019-03-29 11:53:00,25.09,25.09,25.09,25.09,100.0
2019-03-29 11:54:00,25.09,25.09,25.09,25.09,100.0
2019-03-29 11:58:00,25.09,25.09,25.0868,25.0868,900.0
2019-03-29 11:59:00,25.09,25.09,25.09,25.09,100.0
2019-03-29 12:03:00,25.09,25.09,25.09,25.09,100.0
2019-03-29 12:04:00,25.09,25.09,25.09,25.09,100.0
2019-03-29 12:09:00,25.09,25.09,25.09,25.09,100.0
2019-03-29 12:13:00,25.09,25.09,25.0877,25.0877,1180.0
2019-03-29 12:15:00,25.09,25.09,25.09,25.09,100.0
2019-03-29 12:16:00,25.09,25.09,25.09,25.09,1500.0
2019-03-29 12:18:00,25.09,25.09,25.09,25.09,100.0
2019-03-29 12:19:00,25.0803,25.09,25.0803,25.09,2960.0
2019-03-29 12:20:00,25.09,25.09,25.09,25.09,1128.0
2019-03-29 12:21:00,25.09,25.09,25.0899,25.0899,772.0
2019-03-29 12:23:00,25.1,25.1,25.1,25.1,100.0
2019-03-29 12:24:00,25.1,25.1,25.0988,25.1,1950.0
2019-03-29 12:25:00,25.1,25.14,25.0999,25.14,857.0
2019-03-29 12:29:00,25.13,25.13,25.13,25.13,100.0
2019-03-29 12:31:00,25.13,25.13,25.13,25.13,100.0
2019-03-29 12:32:00,25.14,25.14,25.14,25.14,1000.0
2019-03-29 12:34:00,25.13,25.13,25.13,25.13,101.0
2019-03-29 12:36:00,25.09,25.09,25.09,25.09,1200.0
2019-03-29 12:37:00,25.09,25.1343,25.09,25.1343,1750.0
2019-03-29 12:39:00,25.13,25.13,25.13,25.13,100.0
2019-03-29 12:41:00,25.13,25.13,25.13,25.13,100.0
2019-03-29 12:43:00,25.14,25.14,25.14,25.14,100.0
2019-03-29 12:44:00,25.14,25.14,25.14,25.14,100.0
2019-03-29 12:46:00,25.09,25.09,25.09,25.09,800.0
2019-03-29 12:48:00,25.14,25.14,25.14,25.14,100.0
2019-03-29 12:50:00,25.14,25.14,25.1188,25.1188,338.0
2019-03-29 12:53:00,25.14,25.14,25.14,25.14,100.0
2019-03-29 12:54:00,25.139,25.14,25.109,25.14,2050.0
2019-03-29 12:58:00,25.14,25.14,25.14,25.14,100.0
2019-03-29 12:59:00,25.14,25.14,25.14,25.14,100.0
2019-03-29 13:02:00,25.09,25.09,25.09,25.09,600.0
2019-03-29 13:04:00,25.14,25.14,25.14,25.14,100.0
2019-03-29 13:08:00,25.14,25.14,25.14,25.14,100.0
2019-03-29 13:10:00,25.14,25.14,25.14,25.14,100.0
2019-03-29 13:13:00,25.14,25.14,25.14,25.14,273.0
2019-03-29 13:14:00,25.14,25.14,25.14,25.14,100.0
2019-03-29 13:15:00,25.14,25.14,25.14,25.14,975.0
2019-03-29 13:19:00,25.14,25.14,25.14,25.14,100.0
2019-03-29 13:21:00,25.14,25.14,25.14,25.14,100.0
2019-03-29 13:23:00,25.14,25.14,25.1399,25.14,900.0
2019-03-29 13:25:00,25.14,25.14,25.14,25.14,300.0
2019-03-29 13:34:00,25.14,25.14,25.14,25.14,200.0
2019-03-29 13:36:00,25.15,25.16,25.1499,25.16,2257.0
2019-03-29 13:38:00,25.16,25.16,25.1599,25.1599,1000.0
2019-03-29 13:43:00,25.16,25.16,25.16,25.16,100.0
2019-03-29 13:44:00,25.16,25.16,25.1599,25.1599,2400.0
2019-03-29 13:46:00,25.1406,25.1406,25.1406,25.1406,450.0
2019-03-29 13:48:00,25.16,25.16,25.16,25.16,100.0
2019-03-29 13:49:00,25.16,25.16,25.16,25.16,100.0
2019-03-29 13:53:00,25.16,25.16,25.16,25.16,100.0
2019-03-29 13:54:00,25.15,25.16,25.15,25.16,4093.0
2019-03-29 13:57:00,25.1175,25.125,25.09,25.091,4954.0
2019-03-29 13:59:00,25.14,25.14,25.14,25.14,100.0
2019-03-29 14:00:00,25.1398,25.1398,25.1398,25.1398,200.0
2019-03-29 14:03:00,25.1,25.1,25.1,25.1,1003.0
2019-03-29 14:06:00,25.09,25.1,25.09,25.1,2413.0
2019-03-29 14:09:00,25.07,25.07,25.05,25.05,3399.0
2019-03-29 14:10:00,25.075,25.075,25.075,25.075,200.0
2019-03-29 14:11:00,25.075,25.075,25.075,25.075,100.0
2019-03-29 14:13:00,25.09,25.09,25.09,25.09,500.0
2019-03-29 14:18:00,25.099,25.0999,25.099,25.0999,980.0
2019-03-29 14:20:00,25.07,25.075,25.05,25.07,3611.0
2019-03-29 14:23:00,25.09,25.09,25.09,25.09,100.0
2019-03-29 14:24:00,25.09,25.09,25.09,25.09,173.0
2019-03-29 14:28:00,25.09,25.09,25.09,25.09,100.0
2019-03-29 14:29:00,25.09,25.09,25.09,25.09,100.0
2019-03-29 14:31:00,25.089,25.0993,25.08,25.0993,2100.0
2019-03-29 14:33:00,25.099,25.0999,25.099,25.0999,1148.0
2019-03-29 14:45:00,25.0823,25.0823,25.0823,25.0823,400.0
2019-03-29 14:47:00,25.0852,25.0852,25.07,25.07,1174.0
2019-03-29 14:55:00,25.15,25.15,25.07,25.07,1800.0
2019-03-29 14:57:00,25.13,25.13,25.13,25.13,100.0
2019-03-29 14:59:00,25.15,25.15,25.05,25.05,2515.0
2019-03-29 15:00:00,25.095,25.095,25.095,25.095,200.0
2019-03-29 15:01:00,25.05,25.05,25.05,25.05,1354.0
2019-03-29 15:02:00,25.1,25.1,25.1,25.1,600.0
2019-03-29 15:03:00,25.095,25.095,25.095,25.095,100.0
2019-03-29 15:08:00,25.06,25.13,25.05,25.13,1530.0
2019-03-29 15:09:00,25.1,25.1,25.1,25.1,100.0
2019-03-29 15:10:00,25.1216,25.1216,25.1216,25.1216,250.0
2019-03-29 15:13:00,25.1,25.1183,25.1,25.1183,300.0
2019-03-29 15:14:00,25.1002,25.12,25.1,25.12,1300.0
2019-03-29 15:18:00,25.1,25.1,25.1,25.1,100.0
2019-03-29 15:19:00,25.13,25.13,25.13,25.13,100.0
2019-03-29 15:20:00,25.06,25.1,25.06,25.1,200.0
2019-03-29 15:24:00,25.15,25.15,25.15,25.15,121.0
2019-03-29 15:28:00,25.12,25.12,25.12,25.12,100.0
2019-03-29 15:29:00,25.155,25.155,25.155,25.155,518.0
2019-03-29 15:48:00,25.16,25.16,25.16,25.16,500.0
2019-03-29 15:58:00,25.16,25.16,25.1533,25.1533,1500.0
2019-03-29 15:59:00,25.15,25.15,25.15,25.15,800.0
2019-04-01 09:34:00,25.137,25.137,25.137,25.137,101.0
2019-04-01 09:36:00,25.1,25.1,25.1,25.1,1495.0
2019-04-01 09:41:00,25.1165,25.1165,25.1165,25.1165,2600.0
2019-04-01 09:48:00,25.1001,25.1001,25.1001,25.1001,1200.0
2019-04-01 09:52:00,25.1264,25.1264,25.1264,25.1264,100.0
2019-04-01 09:59:00,25.125,25.1299,25.125,25.1299,952.0
2019-04-01 10:11:00,25.12,25.12,25.12,25.12,348.0
2019-04-01 10:13:00,25.12,25.12,25.12,25.12,1189.0
2019-04-01 10:15:00,25.1,25.1,25.1,25.1,524.0
2019-04-01 10:25:00,25.0931,25.0931,25.0931,25.0931,1000.0
2019-04-01 10:28:00,25.09,25.1,25.09,25.1,2500.0
2019-04-01 10:41:00,25.09,25.09,25.09,25.09,1401.0
2019-04-01 10:47:00,25.1,25.1,25.1,25.1,600.0
2019-04-01 10:48:00,25.095,25.095,25.095,25.095,2600.0
2019-04-01 11:02:00,25.09,25.0999,25.09,25.0999,800.0
2019-04-01 11:12:00,25.079,25.079,25.079,25.079,437.0
2019-04-01 11:18:00,25.045,25.045,25.045,25.045,3212.0
2019-04-01 11:23:00,25.1,25.1,25.1,25.1,1216.0
2019-04-01 11:33:00,25.1,25.1,25.1,25.1,187.0
2019-04-01 11:35:00,25.1,25.1,25.1,25.1,558.0
2019-04-01 11:37:00,25.09,25.09,25.09,25.09,749.0
2019-04-01 11:47:00,25.1,25.1,25.1,25.1,363.0
2019-04-01 11:50:00,25.1,25.1,25.1,25.1,280.0
2019-04-01 12:03:00,25.0999,25.0999,25.0999,25.0999,600.0
2019-04-01 12:05:00,25.0999,25.0999,25.0999,25.0999,100.0
2019-04-01 12:07:00,25.1,25.1,25.1,25.1,1400.0
2019-04-01 12:09:00,25.1,25.1,25.1,25.1,178.0
2019-04-01 12:11:00,25.1,25.1,25.1,25.1,1378.0
2019-04-01 12:28:00,25.1,25.1,25.1,25.1,2148.0
2019-04-01 12:50:00,25.095,25.095,25.095,25.095,2781.0
2019-04-01 12:55:00,25.09,25.09,25.09,25.09,1000.0
2019-04-01 13:05:00,25.1,25.1,25.1,25.1,275.0
2019-04-01 13:07:00,25.1,25.1,25.1,25.1,919.0
2019-04-01 13:11:00,25.1,25.1,25.1,25.1,100.0
2019-04-01 13:15:00,25.099,25.099,25.099,25.099,400.0
2019-04-01 13:16:00,25.1,25.1,25.09,25.09,1600.0
2019-04-01 13:24:00,25.1,25.1,25.1,25.1,340.0
2019-04-01 13:27:00,25.1,25.1,25.1,25.1,1922.0
2019-04-01 13:29:00,25.1,25.1,25.0999,25.0999,3178.0
2019-04-01 13:30:00,25.125,25.125,25.11,25.11,9784.0
2019-04-01 13:31:00,25.13,25.13,25.13,25.13,5502.0
2019-04-01 13:32:00,25.14,25.14,25.14,25.14,1000.0
2019-04-01 13:39:00,25.15,25.15,25.15,25.15,4519.0
2019-04-01 13:43:00,25.2,25.2,25.2,25.2,262.0
2019-04-01 13:45:00,25.18,25.18,25.18,25.18,100.0
2019-04-01 13:46:00,25.13,25.13,25.13,25.13,650.0
2019-04-01 13:50:00,25.1398,25.1485,25.1398,25.1485,2581.0
2019-04-01 13:52:00,25.15,25.15,25.15,25.15,1000.0
2019-04-01 13:54:00,25.1374,25.1374,25.1374,25.1374,2471.0
2019-04-01 14:02:00,25.15,25.15,25.15,25.15,600.0
2019-04-01 14:03:00,25.1625,25.1625,25.1625,25.1625,1309.0
2019-04-01 14:08:00,25.1301,25.1301,25.13,25.13,2489.0
2019-04-01 14:21:00,25.1787,25.1787,25.1787,25.1787,500.0
2019-04-01 14:25:00,25.1997,25.1997,25.1997,25.1997,400.0
2019-04-01 14:26:00,25.2,25.2,25.2,25.2,400.0
2019-04-01 14:32:00,25.2,25.2,25.2,25.2,400.0
2019-04-01 14:35:00,25.1967,25.1967,25.1967,25.1967,600.0
2019-04-01 14:54:00,25.1792,25.1792,25.1792,25.1792,1025.0
2019-04-01 15:07:00,25.19,25.19,25.175,25.175,360.0
2019-04-01 15:17:00,25.2,25.2,25.2,25.2,846.0
2019-04-01 15:19:00,25.2,25.2,25.2,25.2,428.0
2019-04-01 15:21:00,25.195,25.195,25.195,25.195,335.0
2019-04-01 15:22:00,25.1666,25.1666,25.1666,25.1666,573.0
2019-04-01 15:31:00,25.1898,25.1898,25.1898,25.1898,600.0
2019-04-01 15:34:00,25.17,25.17,25.17,25.17,100.0
2019-04-01 15:35:00,25.15,25.15,25.15,25.15,1918.0
2019-04-01 15:36:00,25.1381,25.1381,25.1381,25.1381,217.0
2019-04-01 15:42:00,25.149,25.1499,25.149,25.1499,336.0
2019-04-01 15:54:00,25.14,25.14,25.14,25.14,189.0
2019-04-01 15:57:00,25.15,25.15,25.15,25.15,488.0
2019-04-01 15:59:00,25.15,25.15,25.15,25.15,295.0
2019-04-02 09:42:00,25.1333,25.1333,25.1331,25.1331,0.0
2019-04-02 10:04:00,25.13,25.13,25.13,25.13,100.0
2019-04-02 10:10:00,25.13,25.13,25.13,25.13,300.0
2019-04-02 10:11:00,25.12,25.12,25.12,25.12,1810.0
2019-04-02 10:16:00,25.13,25.13,25.13,25.13,1624.0
2019-04-02 10:17:00,25.13,25.13,25.13,25.13,1750.0
2019-04-02 10:30:00,25.111,25.111,25.111,25.111,1466.0
2019-04-02 10:33:00,25.1381,25.1381,25.1381,25.1381,678.0
2019-04-02 10:34:00,25.1334,25.1334,25.1334,25.1334,622.0
2019-04-02 10:41:00,25.2,25.2,25.1999,25.1999,2437.0
2019-04-02 10:52:00,25.155,25.155,25.155,25.155,648.0
2019-04-02 10:54:00,25.155,25.155,25.155,25.155,100.0
2019-04-02 11:18:00,25.21,25.22,25.21,25.22,1000.0
2019-04-02 11:23:00,25.24,25.24,25.221,25.221,1110.0
2019-04-02 11:27:00,25.24,25.24,25.24,25.24,400.0
2019-04-02 11:34:00,25.19,25.19,25.19,25.19,540.0
2019-04-02 11:36:00,25.2142,25.2142,25.2142,25.2142,543.0
2019-04-02 11:37:00,25.17,25.17,25.15,25.15,4520.0
2019-04-02 11:38:00,25.14,25.19,25.14,25.19,3697.0
2019-04-02 11:39:00,25.13,25.13,25.13,25.13,1616.0
2019-04-02 11:50:00,25.14,25.14,25.14,25.14,394.0
2019-04-02 11:59:00,25.1949,25.1949,25.1949,25.1949,489.0
2019-04-02 12:05:00,25.1868,25.1868,25.1868,25.1868,1000.0
2019-04-02 12:24:00,25.1586,25.1586,25.1586,25.1586,500.0
2019-04-02 12:44:00,25.14,25.14,25.14,25.14,100.0
2019-04-02 12:47:00,25.19,25.2099,25.19,25.2099,1100.0
2019-04-02 12:49:00,25.1442,25.1442,25.1442,25.1442,420.0
2019-04-02 13:12:00,25.14,25.14,25.14,25.14,1000.0
2019-04-02 13:17:00,25.21,25.21,25.21,25.21,188.0
2019-04-02 13:20:00,25.19,25.19,25.19,25.19,112.0
2019-04-02 13:28:00,25.191,25.191,25.19,25.19,1624.0
2019-04-02 13:45:00,25.21,25.21,25.21,25.21,100.0
2019-04-02 13:49:00,25.22,25.22,25.22,25.22,35147.0
2019-04-02 13:55:00,25.18,25.18,25.18,25.18,365.0
2019-04-02 13:58:00,25.17,25.17,25.17,25.17,744.0
2019-04-02 14:08:00,25.15,25.15,25.15,25.15,1058.0
2019-04-02 14:18:00,25.1514,25.1514,25.1514,25.1514,2100.0
2019-04-02 14:23:00,25.17,25.17,25.1659,25.1659,781.0
2019-04-02 14:29:00,25.1514,25.1514,25.1514,25.1514,919.0
2019-04-02 14:31:00,25.1665,25.1666,25.1665,25.1666,6829.0
2019-04-02 14:32:00,25.1501,25.1501,25.1501,25.1501,600.0
2019-04-02 14:48:00,25.2,25.2,25.2,25.2,1126.0
2019-04-02 14:49:00,25.15,25.15,25.15,25.15,600.0
2019-04-02 14:53:00,25.2,25.2,25.2,25.2,2056.0
2019-04-02 14:57:00,25.1986,25.1986,25.1986,25.1986,396.0
2019-04-02 15:01:00,25.1993,25.1993,25.1993,25.1993,375.0
2019-04-02 15:03:00,25.185,25.185,25.185,25.185,2587.0
2019-04-02 15:04:00,25.15,25.15,25.15,25.15,3959.0
2019-04-02 15:06:00,25.15,25.15,25.15,25.15,500.0
2019-04-02 15:08:00,25.15,25.15,25.15,25.15,3166.0
2019-04-02 15:11:00,25.15,25.15,25.15,25.15,1900.0
2019-04-02 15:12:00,25.15,25.15,25.15,25.15,797.0
2019-04-02 15:13:00,25.15,25.15,25.15,25.15,813.0
2019-04-02 15:15:00,25.17,25.17,25.17,25.17,200.0
2019-04-02 15:18:00,25.16,25.16,25.16,25.16,686.0
2019-04-02 15:27:00,25.2,25.2,25.2,25.2,800.0
2019-04-02 15:28:00,25.2,25.2,25.2,25.2,594.0
2019-04-02 15:36:00,25.2,25.2,25.2,25.2,3520.0
2019-04-02 15:42:00,25.21,25.21,25.21,25.21,100.0
2019-04-02 15:45:00,25.21,25.21,25.21,25.21,1500.0
2019-04-02 15:47:00,25.2,25.2,25.2,25.2,1313.0
2019-04-03 09:35:00,25.1895,25.1895,25.1895,25.1895,0.0
2019-04-03 09:43:00,25.175,25.175,25.175,25.175,200.0
2019-04-03 09:45:00,25.1866,25.1866,25.1866,25.1866,337.0
2019-04-03 09:56:00,25.2,25.2,25.2,25.2,332.0
2019-04-03 10:02:00,25.15,25.15,25.15,25.15,5240.0
2019-04-03 10:04:00,25.2,25.2,25.2,25.2,201.0
2019-04-03 10:16:00,25.1659,25.1659,25.1659,25.1659,1000.0
2019-04-03 10:17:00,25.1651,25.1651,25.1651,25.1651,100.0
2019-04-03 10:24:00,25.1951,25.1951,25.1951,25.1951,1000.0
2019-04-03 10:25:00,25.1805,25.1805,25.1805,25.1805,400.0
2019-04-03 10:28:00,25.2,25.2,25.2,25.2,224.0
2019-04-03 10:42:00,25.1776,25.1776,25.1776,25.1776,238.0
2019-04-03 10:44:00,25.1827,25.1827,25.1827,25.1827,1099.0
2019-04-03 10:48:00,25.175,25.175,25.175,25.175,175.0
2019-04-03 10:53:00,25.175,25.175,25.175,25.175,100.0
2019-04-03 10:54:00,25.2,25.2,25.2,25.2,2000.0
2019-04-03 10:58:00,25.2,25.2,25.2,25.2,1095.0
2019-04-03 11:10:00,25.21,25.21,25.21,25.21,1000.0
2019-04-03 11:17:00,25.1974,25.1974,25.1974,25.1974,1457.0
2019-04-03 11:37:00,25.2099,25.2099,25.2099,25.2099,1300.0
2019-04-03 11:43:00,25.1997,25.1997,25.1997,25.1997,1100.0
2019-04-03 12:15:00,25.2097,25.2097,25.2097,25.2097,343.0
2019-04-03 12:38:00,25.1801,25.1801,25.1801,25.1801,1000.0
2019-04-03 12:42:00,25.195,25.195,25.195,25.195,200.0
2019-04-03 12:43:00,25.18,25.18,25.18,25.18,4254.0
2019-04-03 12:48:00,25.21,25.21,25.21,25.21,1343.0
2019-04-03 12:56:00,25.2,25.2,25.2,25.2,5304.0
2019-04-03 13:24:00,25.21,25.21,25.21,25.21,986.0
2019-04-03 13:32:00,25.18,25.18,25.18,25.18,1700.0
2019-04-03 13:53:00,25.21,25.21,25.21,25.21,3306.0
2019-04-03 14:05:00,25.2,25.2,25.2,25.2,1000.0
2019-04-03 14:06:00,25.2099,25.2099,25.2099,25.2099,513.0
2019-04-03 14:29:00,25.21,25.21,25.21,25.21,471.0
2019-04-03 14:37:00,25.21,25.21,25.205,25.205,585.0
2019-04-03 14:53:00,25.21,25.21,25.21,25.21,1000.0
2019-04-03 14:55:00,25.2,25.2,25.2,25.2,3959.0
2019-04-03 15:05:00,25.1901,25.1901,25.1901,25.1901,1500.0
2019-04-03 15:32:00,25.195,25.195,25.195,25.195,100.0
2019-04-03 15:33:00,25.195,25.195,25.195,25.195,117.0
2019-04-03 15:39:00,25.2,25.2,25.2,25.2,651.0
2019-04-03 15:47:00,25.2,25.2,25.2,25.2,1375.0
