
2019-03-19 10:06:00,15.01,15.0101,15.01,15.0101,0.0
2019-03-19 10:53:00,15.03,15.03,15.03,15.03,100.0
2019-03-19 10:57:00,15.0212,15.0212,15.0212,15.0212,1250.0
2019-03-19 11:09:00,15.02,15.02,15.02,15.02,401.0
2019-03-19 11:39:00,15.03,15.03,15.03,15.03,100.0
2019-03-19 11:46:00,15.02,15.02,15.02,15.02,600.0
2019-03-19 11:55:00,15.0259,15.0259,15.0259,15.0259,4543.0
2019-03-19 12:49:00,15.03,15.04,15.03,15.04,656.0
2019-03-19 13:42:00,15.0491,15.0491,15.0491,15.0491,3844.0
2019-03-19 14:16:00,15.04,15.05,15.02,15.04,3310.0
2019-03-19 14:25:00,15.02,15.02,15.0,15.0,4002.0
2019-03-19 15:04:00,15.02,15.02,15.0,15.0,2005.0
2019-03-19 15:49:00,15.01,15.02,15.01,15.02,2479.0
2019-03-19 15:53:00,15.02,15.02,15.02,15.02,200.0
2019-03-19 15:59:00,15.02,15.02,15.02,15.02,317.0
2019-03-19 16:00:00,15.02,15.02,15.02,15.02,26271.0
2019-03-20 09:59:00,15.03,15.03,15.03,15.03,0.0
2019-03-20 10:05:00,15.03,15.03,15.03,15.03,200.0
2019-03-20 10:11:00,15.025,15.025,15.025,15.025,535.0
2019-03-20 10:54:00,15.0265,15.0265,15.0265,15.0265,2581.0
2019-03-20 11:41:00,15.03,15.03,15.03,15.03,621.0
2019-03-20 11:44:00,15.04,15.04,15.04,15.04,800.0
2019-03-20 11:45:00,15.035,15.035,15.035,15.035,1701.0
2019-03-20 11:57:00,15.05,15.05,15.05,15.05,600.0
2019-03-20 12:16:00,15.05,15.05,15.05,15.05,100.0
2019-03-20 12:17:00,15.06,15.09,15.06,15.09,6298.0
2019-03-20 12:37:00,15.07,15.0846,15.07,15.0846,8600.0
2019-03-20 12:38:00,15.075,15.075,15.075,15.075,200.0
2019-03-20 12:44:00,15.075,15.075,15.05,15.075,2500.0
2019-03-20 12:45:00,15.07,15.07,15.07,15.07,100.0
2019-03-20 12:51:00,15.06,15.06,15.06,15.06,1000.0
2019-03-20 12:52:00,15.08,15.09,15.08,15.09,900.0
2019-03-20 12:53:00,15.09,15.09,15.08,15.08,5264.0
2019-03-20 13:05:00,15.0609,15.0609,15.0609,15.0609,2010.0
2019-03-20 13:59:00,15.05,15.05,15.05,15.05,340.0
2019-03-20 14:21:00,15.0601,15.0601,15.0601,15.0601,1812.0
2019-03-20 14:27:00,15.07,15.07,15.06,15.06,1195.0
2019-03-20 15:16:00,15.0524,15.0524,15.0524,15.0524,2000.0
2019-03-20 15:59:00,15.08,15.09,15.06,15.06,681.0
2019-03-21 09:31:00,15.07,15.07,15.07,15.07,0.0
2019-03-21 09:48:00,15.05,15.05,15.04,15.04,2001.0
2019-03-21 10:31:00,15.06,15.07,15.06,15.064,530.0
2019-03-21 11:20:00,15.055,15.06,15.055,15.06,1809.0
2019-03-21 11:22:00,15.07,15.07,15.07,15.07,100.0
2019-03-21 12:12:00,15.061,15.061,15.061,15.061,600.0
2019-03-21 12:18:00,15.06,15.06,15.06,15.06,5700.0
2019-03-21 12:23:00,15.06,15.06,15.06,15.06,300.0
2019-03-21 13:01:00,15.06,15.06,15.06,15.06,3666.0
2019-03-21 14:41:00,15.06,15.06,15.06,15.06,684.0
2019-03-21 15:26:00,15.065,15.065,15.065,15.065,800.0
2019-03-21 15:28:00,15.06,15.06,15.06,15.06,100.0
2019-03-21 15:49:00,15.06,15.06,15.031,15.031,19263.0
2019-03-21 15:59:00,15.03,15.03,15.03,15.03,1507.0
2019-03-22 09:33:00,15.04,15.05,15.04,15.05,900.0
2019-03-22 09:34:00,15.045,15.045,15.045,15.045,500.0
2019-03-22 09:37:00,15.0476,15.0476,15.045,15.0472,1000.0
2019-03-22 09:39:00,15.04,15.04,15.04,15.04,500.0
2019-03-22 09:40:00,15.04,15.05,15.04,15.05,1760.0
2019-03-22 09:43:00,15.0517,15.0575,15.0517,15.055,900.0
2019-03-22 09:46:00,15.0581,15.06,15.055,15.0591,1750.0
2019-03-22 09:49:00,15.06,15.06,15.06,15.06,400.0
2019-03-22 09:55:00,15.0699,15.07,15.0699,15.0699,1500.0
2019-03-22 10:01:00,15.06,15.063,15.06,15.063,300.0
2019-03-22 10:02:00,15.0699,15.0699,15.0699,15.0699,2501.0
2019-03-22 10:49:00,15.06,15.07,15.06,15.06,7800.0
2019-03-22 10:52:00,15.065,15.065,15.065,15.065,425.0
2019-03-22 10:57:00,15.06,15.06,15.06,15.06,501.0
2019-03-22 11:10:00,15.06,15.0635,15.06,15.0635,1300.0
2019-03-22 11:11:00,15.06,15.06,15.06,15.06,100.0
2019-03-22 11:15:00,15.06,15.06,15.06,15.06,100.0
2019-03-22 11:19:00,15.06,15.06,15.06,15.06,100.0
2019-03-22 11:24:00,15.06,15.06,15.06,15.06,100.0
2019-03-22 11:29:00,15.06,15.06,15.06,15.06,100.0
2019-03-22 12:35:00,15.07,15.07,15.065,15.065,3097.0
2019-03-22 12:43:00,15.06,15.06,15.06,15.06,1778.0
2019-03-22 12:48:00,15.06,15.06,15.06,15.06,100.0
2019-03-22 12:49:00,15.06,15.0601,15.06,15.06,506.0
2019-03-22 12:53:00,15.06,15.06,15.06,15.06,440.0
2019-03-22 12:56:00,15.06,15.06,15.06,15.06,100.0
2019-03-22 13:01:00,15.06,15.06,15.06,15.06,1278.0
2019-03-22 13:09:00,15.06,15.06,15.06,15.06,1773.0
2019-03-22 13:10:00,15.05,15.05,15.05,15.05,200.0
2019-03-22 13:15:00,15.05,15.05,15.05,15.05,100.0
2019-03-22 13:30:00,15.055,15.08,15.0537,15.06,6271.0
2019-03-22 13:34:00,15.0586,15.07,15.0541,15.0595,1300.0
2019-03-22 13:36:00,15.0587,15.06,15.0587,15.0591,1500.0
2019-03-22 13:37:00,15.06,15.06,15.0587,15.0587,900.0
2019-03-22 13:47:00,15.05,15.05,15.05,15.05,100.0
2019-03-22 13:51:00,15.05,15.06,15.05,15.06,943.0
2019-03-22 13:58:00,15.06,15.06,15.06,15.06,100.0
2019-03-22 14:29:00,15.0625,15.0625,15.0625,15.0625,866.0
2019-03-22 14:34:00,15.0634,15.0634,15.0634,15.0634,300.0
2019-03-22 14:56:00,15.062,15.062,15.062,15.062,600.0
2019-03-22 15:02:00,15.06,15.06,15.06,15.06,100.0
2019-03-22 15:06:00,15.06,15.06,15.06,15.06,300.0
2019-03-22 15:40:00,15.065,15.09,15.065,15.09,7013.0
2019-03-22 15:43:00,15.09,15.09,15.07,15.07,486.0
2019-03-22 15:52:00,15.08,15.08,15.08,15.08,300.0
2019-03-22 15:53:00,15.08,15.09,15.08,15.09,1558.0
2019-03-22 15:56:00,15.06,15.06,15.06,15.06,100.0
2019-03-22 15:57:00,15.06,15.06,15.06,15.06,100.0
2019-03-25 09:31:00,15.07,15.07,15.07,15.07,0.0
2019-03-25 10:04:00,15.0701,15.0701,15.0701,15.0701,255.0
2019-03-25 10:52:00,15.08,15.08,15.08,15.08,939.0
2019-03-25 10:59:00,15.09,15.09,15.09,15.09,500.0
2019-03-25 11:02:00,15.09,15.09,15.09,15.09,1330.0
2019-03-25 11:04:00,15.09,15.09,15.09,15.09,400.0
2019-03-25 11:06:00,15.09,15.09,15.09,15.09,600.0
2019-03-25 11:20:00,15.09,15.09,15.09,15.09,1866.0
2019-03-25 11:37:00,15.06,15.06,15.06,15.06,7586.0
2019-03-25 11:44:00,15.06,15.06,15.06,15.06,100.0
2019-03-25 11:53:00,15.06,15.06,15.06,15.06,10383.0
2019-03-25 12:01:00,15.06,15.06,15.06,15.06,2100.0
2019-03-25 12:09:00,15.07,15.07,15.07,15.07,103.0
2019-03-25 12:33:00,15.07,15.07,15.07,15.07,101.0
2019-03-25 13:20:00,15.09,15.09,15.0812,15.0812,1480.0
2019-03-25 13:54:00,15.084,15.084,15.084,15.084,1700.0
2019-03-25 14:01:00,15.0792,15.0792,15.07,15.07,1859.0
2019-03-25 14:08:00,15.07,15.07,15.07,15.07,800.0
2019-03-25 14:09:00,15.07,15.07,15.07,15.07,149.0
2019-03-25 15:19:00,15.07,15.07,15.07,15.07,1200.0
2019-03-25 15:40:00,15.0769,15.0769,15.0769,15.0769,250.0
2019-03-25 15:56:00,15.06,15.06,15.06,15.06,2900.0
2019-03-25 15:58:00,15.06,15.06,15.06,15.06,3400.0
2019-03-25 16:00:00,15.06,15.06,15.06,15.06,236.0
2019-03-26 09:31:00,15.07,15.07,15.07,15.07,0.0
2019-03-26 10:48:00,15.0719,15.0719,15.06,15.06,1689.0
2019-03-26 11:19:00,15.06,15.06,15.06,15.06,101.0
2019-03-26 12:29:00,15.08,15.08,15.08,15.08,400.0
2019-03-26 12:40:00,15.07,15.07,15.07,15.07,408.0
2019-03-26 13:02:00,15.0719,15.0719,15.0719,15.0719,170.0
2019-03-26 13:06:00,15.07,15.07,15.07,15.07,877.0
2019-03-26 13:14:00,15.075,15.075,15.075,15.075,0.0
2019-03-26 13:19:00,15.0701,15.0701,15.0701,15.0701,414.0
2019-03-26 13:21:00,15.07,15.07,15.07,15.07,100.0
2019-03-26 13:25:00,15.0701,15.0701,15.07,15.07,0.0
2019-03-26 13:42:00,15.07,15.07,15.07,15.07,1828.0
2019-03-26 14:22:00,15.075,15.08,15.075,15.08,1610.0
2019-03-26 14:36:00,15.09,15.09,15.09,15.09,429.0
2019-03-26 15:16:00,15.08,15.08,15.08,15.08,101.0
2019-03-26 15:22:00,15.085,15.085,15.085,15.085,109.0
2019-03-26 15:40:00,15.09,15.09,15.09,15.09,191.0
2019-03-26 15:44:00,15.09,15.09,15.09,15.09,1142.0
2019-03-26 15:45:00,15.09,15.09,15.09,15.09,3300.0
2019-03-26 15:47:00,15.09,15.09,15.09,15.09,100.0
2019-03-26 15:48:00,15.1,15.1,15.1,15.1,165.0
2019-03-26 15:50:00,15.1,15.1,15.1,15.1,1239.0
2019-03-26 15:51:00,15.1,15.1,15.1,15.1,1150.0
2019-03-26 15:53:00,15.1,15.1,15.1,15.1,100.0
2019-03-26 15:54:00,15.1,15.1,15.1,15.1,100.0
2019-03-26 15:56:00,15.095,15.095,15.095,15.095,580.0
2019-03-26 15:57:00,15.09,15.09,15.09,15.09,1264.0
2019-03-26 15:59:00,15.09,15.09,15.09,15.09,1396.0
2019-03-27 11:26:00,15.08,15.09,15.08,15.08,2191.0
2019-03-27 11:27:00,15.08,15.08,15.08,15.08,100.0
2019-03-27 11:30:00,15.08,15.08,15.08,15.08,101.0
2019-03-27 13:18:00,15.0962,15.0962,15.0962,15.0962,301.0
2019-03-27 13:28:00,15.095,15.1017,15.095,15.095,1634.0
2019-03-27 13:31:00,15.08,15.08,15.08,15.08,100.0
2019-03-27 13:36:00,15.08,15.08,15.08,15.08,100.0
2019-03-27 13:52:00,15.08,15.08,15.08,15.08,101.0
2019-03-27 14:47:00,15.09,15.09,15.09,15.09,863.0
2019-03-27 14:49:00,15.095,15.1,15.095,15.095,1929.0
2019-03-27 14:51:00,15.1,15.1,15.1,15.1,100.0
2019-03-27 14:53:00,15.1,15.1,15.1,15.1,100.0
2019-03-27 14:54:00,15.1,15.1,15.1,15.1,100.0
2019-03-27 14:56:00,15.1,15.1,15.1,15.1,100.0
2019-03-27 15:08:00,15.1,15.1,15.1,15.1,100.0
2019-03-27 15:28:00,15.105,15.11,15.105,15.11,2000.0
2019-03-27 15:30:00,15.1,15.1,15.1,15.1,100.0
2019-03-27 15:58:00,15.12,15.12,15.1,15.1,1300.0
2019-03-27 15:59:00,15.1063,15.1063,15.1,15.1,945.0
2019-03-27 16:00:00,15.1,15.1,15.1,15.1,531.0
2019-03-28 09:31:00,15.1,15.1,15.1,15.1,0.0
2019-03-28 09:40:00,15.09,15.09,15.09,15.09,140.0
2019-03-28 09:46:00,15.09,15.09,15.09,15.09,100.0
2019-03-28 09:50:00,15.091,15.105,15.09,15.105,3202.0
2019-03-28 09:53:00,15.1,15.1,15.1,15.1,100.0
2019-03-28 09:54:00,15.1,15.1,15.09,15.0978,5300.0
2019-03-28 09:56:00,15.105,15.105,15.105,15.105,100.0
2019-03-28 09:58:00,15.09,15.09,15.09,15.09,100.0
2019-03-28 10:03:00,15.09,15.09,15.09,15.09,100.0
2019-03-28 10:10:00,15.09,15.09,15.09,15.09,100.0
2019-03-28 10:16:00,15.09,15.09,15.09,15.09,100.0
2019-03-28 10:23:00,15.09,15.09,15.09,15.09,100.0
2019-03-28 10:30:00,15.09,15.09,15.08,15.0804,2028.0
2019-03-28 10:37:00,15.08,15.08,15.08,15.08,101.0
2019-03-28 10:44:00,15.07,15.07,15.07,15.07,100.0
2019-03-28 10:46:00,15.07,15.07,15.07,15.07,397.0
2019-03-28 10:51:00,15.06,15.06,15.06,15.06,100.0
2019-03-28 10:58:00,15.07,15.07,15.06,15.06,2000.0
2019-03-28 11:05:00,15.06,15.06,15.06,15.06,101.0
2019-03-28 11:13:00,15.07,15.07,15.07,15.07,100.0
2019-03-28 11:20:00,15.07,15.07,15.07,15.07,100.0
2019-03-28 11:28:00,15.07,15.07,15.07,15.07,100.0
2019-03-28 11:35:00,15.07,15.07,15.07,15.07,100.0
2019-03-28 11:39:00,15.07,15.07,15.07,15.07,200.0
2019-03-28 11:46:00,15.08,15.08,15.08,15.08,100.0
2019-03-28 11:56:00,15.07,15.07,15.07,15.07,200.0
2019-03-28 11:57:00,15.072,15.072,15.072,15.072,1650.0
2019-03-28 12:04:00,15.07,15.07,15.07,15.07,200.0
2019-03-28 12:13:00,15.07,15.07,15.07,15.07,269.0
2019-03-28 12:21:00,15.06,15.0699,15.06,15.0699,3965.0
2019-03-28 12:27:00,15.06,15.06,15.06,15.06,100.0
2019-03-28 12:36:00,15.06,15.06,15.06,15.06,100.0
2019-03-28 12:37:00,15.065,15.065,15.065,15.065,100.0
2019-03-28 12:39:00,15.06,15.06,15.06,15.06,100.0
2019-03-28 12:46:00,15.06,15.06,15.06,15.06,100.0
2019-03-28 12:56:00,15.06,15.06,15.06,15.06,100.0
2019-03-28 13:03:00,15.06,15.06,15.06,15.06,1100.0
2019-03-28 13:05:00,15.06,15.06,15.06,15.06,100.0
2019-03-28 13:08:00,15.06,15.06,15.06,15.06,700.0
2019-03-28 13:15:00,15.06,15.06,15.06,15.06,100.0
2019-03-28 13:18:00,15.06,15.06,15.06,15.06,1900.0
2019-03-28 13:25:00,15.06,15.06,15.06,15.06,200.0
2019-03-28 13:35:00,15.06,15.06,15.06,15.06,100.0
2019-03-28 13:37:00,15.065,15.065,15.065,15.065,100.0
2019-03-28 13:45:00,15.06,15.06,15.06,15.06,100.0
2019-03-28 13:54:00,15.06,15.06,15.06,15.06,100.0
2019-03-28 13:55:00,15.065,15.065,15.065,15.065,150.0
2019-03-28 14:03:00,15.06,15.06,15.06,15.06,100.0
2019-03-28 14:12:00,15.06,15.06,15.06,15.06,100.0
2019-03-28 14:21:00,15.06,15.06,15.06,15.06,100.0
2019-03-28 14:24:00,15.06,15.06,15.06,15.06,2000.0
2019-03-28 14:29:00,15.06,15.06,15.06,15.06,100.0
2019-03-28 14:37:00,15.06,15.06,15.06,15.06,100.0
2019-03-28 14:44:00,15.06,15.065,15.06,15.065,4540.0
2019-03-28 14:45:00,15.06,15.06,15.06,15.06,100.0
2019-03-28 14:46:00,15.06,15.06,15.06,15.06,500.0
2019-03-28 14:54:00,15.06,15.06,15.06,15.06,100.0
2019-03-28 15:03:00,15.06,15.06,15.06,15.06,100.0
2019-03-28 15:10:00,15.06,15.06,15.06,15.06,100.0
2019-03-28 15:16:00,15.06,15.06,15.06,15.06,2000.0
2019-03-28 15:17:00,15.06,15.06,15.06,15.06,100.0
2019-03-28 15:24:00,15.06,15.06,15.06,15.06,100.0
2019-03-28 15:30:00,15.06,15.06,15.06,15.06,200.0
2019-03-28 15:35:00,15.06,15.06,15.06,15.06,100.0
2019-03-28 15:36:00,15.06,15.06,15.06,15.06,6097.0
2019-03-28 15:40:00,15.06,15.06,15.06,15.06,100.0
2019-03-28 15:42:00,15.05,15.05,15.05,15.05,415.0
2019-03-28 15:44:00,15.05,15.057,15.05,15.057,800.0
2019-03-28 15:45:00,15.05,15.05,15.05,15.05,100.0
2019-03-28 15:47:00,15.05,15.05,15.05,15.05,1295.0
2019-03-28 15:48:00,15.05,15.05,15.04,15.04,600.0
2019-03-28 15:49:00,15.03,15.03,15.03,15.03,100.0
2019-03-28 15:51:00,15.03,15.0399,15.03,15.035,2100.0
2019-03-28 15:53:00,15.03,15.03,15.03,15.03,100.0
2019-03-28 15:54:00,15.03,15.04,15.03,15.04,1050.0
2019-03-28 15:55:00,15.03,15.03,15.03,15.03,100.0
2019-03-28 15:57:00,15.03,15.03,15.03,15.03,915.0
2019-03-28 15:58:00,15.02,15.02,15.02,15.02,260.0
2019-03-28 15:59:00,15.02,15.02,15.02,15.02,700.0
2019-03-28 16:00:00,15.02,15.03,15.02,15.03,891.0
2019-03-29 09:31:00,15.02,15.02,15.02,15.02,0.0
2019-03-29 09:49:00,15.021,15.0288,15.021,15.0288,2763.0
2019-03-29 10:05:00,15.039,15.04,15.039,15.04,2373.0
2019-03-29 10:15:00,15.05,15.05,15.05,15.05,100.0
2019-03-29 10:19:00,15.0499,15.0499,15.0499,15.0499,300.0
2019-03-29 10:25:00,15.04,15.04,15.04,15.04,2000.0
2019-03-29 10:31:00,15.05,15.05,15.05,15.05,112.0
2019-03-29 10:51:00,15.0457,15.0457,15.0457,15.0457,100.0
2019-03-29 10:56:00,15.05,15.05,15.05,15.05,116.0
2019-03-29 10:58:00,15.04,15.04,15.04,15.04,1405.0
2019-03-29 11:48:00,15.0327,15.0327,15.0327,15.0327,300.0
2019-03-29 11:56:00,15.03,15.03,15.03,15.03,800.0
2019-03-29 12:17:00,15.0283,15.0283,15.0283,15.0283,659.0
2019-03-29 12:37:00,15.02,15.02,15.02,15.02,1130.0
2019-03-29 12:44:00,15.01,15.01,15.01,15.01,500.0
2019-03-29 12:48:00,15.01,15.01,15.01,15.01,500.0
2019-03-29 12:52:00,15.01,15.01,15.01,15.01,500.0
2019-03-29 12:54:00,15.01,15.01,15.01,15.01,800.0
2019-03-29 12:55:00,15.005,15.01,15.005,15.0099,3400.0
2019-03-29 12:56:00,15.01,15.01,15.0091,15.0091,1846.0
2019-03-29 13:40:00,15.02,15.029,15.01,15.01,1651.0
2019-03-29 13:55:00,15.0257,15.0257,15.0257,15.0257,1657.0
2019-03-29 14:05:00,15.0101,15.0101,15.01,15.0101,2900.0
2019-03-29 14:07:00,15.0299,15.0299,15.0299,15.0299,3011.0
2019-03-29 14:41:00,15.01,15.01,15.01,15.01,102.0
2019-03-29 15:01:00,15.01,15.01,15.01,15.01,350.0
2019-03-29 15:05:00,15.0299,15.0299,15.0299,15.0299,679.0
2019-03-29 15:26:00,15.01,15.01,15.01,15.01,100.0
2019-03-29 15:35:00,15.0298,15.0298,15.0298,15.0298,1019.0
2019-03-29 15:47:00,15.0298,15.0298,15.0298,15.0298,218.0
2019-03-29 15:56:00,15.03,15.03,15.02,15.02,5100.0
2019-03-29 15:57:00,15.0299,15.0299,15.0299,15.0299,1240.0
2019-03-29 15:58:00,15.01,15.01,15.01,15.01,500.0
2019-03-29 16:00:00,15.01,15.01,15.01,15.01,322.0
2019-04-01 09:31:00,15.02,15.02,15.02,15.02,0.0
2019-04-01 09:42:00,15.029,15.029,15.029,15.029,3500.0
2019-04-01 09:46:00,15.029,15.029,15.029,15.029,1707.0
2019-04-01 10:03:00,15.0275,15.0275,15.0275,15.0275,444.0
2019-04-01 10:17:00,15.021,15.026,15.021,15.026,2069.0
2019-04-01 11:11:00,15.03,15.03,15.03,15.03,633.0
2019-04-01 12:26:00,15.0258,15.0258,15.0258,15.0258,1000.0
2019-04-01 13:23:00,15.0233,15.0233,15.0233,15.0233,665.0
2019-04-01 13:25:00,15.0283,15.0283,15.0283,15.0283,100.0
2019-04-01 13:27:00,15.03,15.03,15.03,15.03,139.0
2019-04-01 13:34:00,15.025,15.025,15.0201,15.0201,250.0
2019-04-01 13:51:00,15.025,15.025,15.025,15.025,100.0
2019-04-01 13:55:00,15.0238,15.0238,15.0238,15.0238,1933.0
2019-04-01 14:04:00,15.029,15.029,15.029,15.029,600.0
2019-04-01 14:06:00,15.03,15.03,15.03,15.03,1860.0
2019-04-01 14:27:00,15.03,15.03,15.029,15.029,1501.0
2019-04-01 14:59:00,15.0201,15.0201,15.0201,15.0201,1120.0
2019-04-01 15:14:00,15.025,15.025,15.02,15.02,700.0
2019-04-01 15:25:00,15.029,15.029,15.029,15.029,400.0
2019-04-01 15:26:00,15.0299,15.0299,15.0299,15.0299,2600.0
2019-04-01 15:36:00,15.0234,15.0234,15.0234,15.0234,525.0
2019-04-02 09:31:00,15.03,15.03,15.03,15.03,0.0
2019-04-02 09:42:00,15.03,15.03,15.03,15.03,5223.0
2019-04-02 10:01:00,15.05,15.05,15.05,15.05,4086.0
2019-04-02 10:02:00,15.05,15.05,15.05,15.05,115.0
2019-04-02 10:56:00,15.031,15.031,15.031,15.031,1802.0
2019-04-02 11:13:00,15.03,15.03,15.02,15.02,1714.0
2019-04-02 11:24:00,15.013,15.013,15.013,15.013,125.0
2019-04-02 11:53:00,15.015,15.015,15.015,15.015,3151.0
2019-04-02 13:24:00,15.02,15.02,15.02,15.02,2808.0
2019-04-02 13:56:00,15.02,15.02,15.02,15.02,102.0
2019-04-02 14:11:00,15.02,15.02,15.02,15.02,101.0
2019-04-02 14:21:00,15.02,15.02,15.02,15.02,101.0
2019-04-02 14:29:00,15.0201,15.0201,15.0201,15.0201,1636.0
2019-04-02 14:34:00,15.02,15.02,15.02,15.02,101.0
2019-04-02 14:41:00,15.0299,15.0299,15.0299,15.0299,500.0
2019-04-02 14:44:00,15.02,15.0251,15.02,15.0251,3802.0
2019-04-02 14:53:00,15.02,15.02,15.02,15.02,100.0
2019-04-02 15:00:00,15.02,15.02,15.02,15.02,100.0
2019-04-02 15:01:00,15.0201,15.0201,15.0201,15.0201,1947.0
2019-04-02 15:03:00,15.02,15.02,15.02,15.02,100.0
2019-04-02 15:07:00,15.02,15.02,15.02,15.02,100.0
2019-04-02 15:11:00,15.03,15.03,15.03,15.03,100.0
2019-04-02 15:15:00,15.02,15.02,15.02,15.02,152.0
2019-04-02 15:20:00,15.02,15.02,15.02,15.02,1558.0
2019-04-02 15:22:00,15.02,15.02,15.02,15.02,1492.0
2019-04-02 15:29:00,15.02,15.02,15.02,15.02,116.0
2019-04-02 15:34:00,15.0269,15.03,15.0269,15.03,1196.0
2019-04-02 15:47:00,15.02,15.02,15.02,15.02,201.0
2019-04-02 15:49:00,15.02,15.02,15.02,15.02,2200.0
2019-04-02 15:52:00,15.02,15.02,15.02,15.02,538.0
2019-04-02 15:53:00,15.02,15.02,15.02,15.02,703.0
2019-04-02 15:59:00,15.02,15.02,15.02,15.02,999.0
2019-04-02 16:00:00,15.02,15.02,15.02,15.02,227.0
2019-04-03 09:31:00,15.04,15.04,15.04,15.04,0.0
2019-04-03 10:17:00,15.05,15.05,15.05,15.05,4000.0
2019-04-03 10:43:00,15.02,15.0305,15.02,15.0305,5600.0
2019-04-03 10:57:00,15.02,15.0304,15.02,15.0304,1803.0
2019-04-03 11:32:00,15.03,15.0301,15.03,15.03,3400.0
2019-04-03 11:34:00,15.03,15.03,15.03,15.03,1266.0
2019-04-03 12:47:00,15.03,15.0315,15.03,15.0315,4008.0
2019-04-03 15:54:00,15.03,15.03,15.03,15.03,604.0
