
2019-03-19 09:31:00,67.5,67.5,67.5,67.5,0.0
2019-03-19 09:56:00,66.78,66.855,66.78,66.855,239.0
2019-03-19 10:11:00,66.81,66.81,66.81,66.81,100.0
2019-03-19 10:12:00,66.78,66.78,66.78,66.78,655.0
2019-03-19 10:16:00,66.58,66.58,66.58,66.58,255.0
2019-03-19 10:20:00,66.7,66.7,66.7,66.7,158.0
2019-03-19 10:23:00,66.7,66.7,66.7,66.7,135.0
2019-03-19 10:24:00,66.7,66.7,66.52,66.52,265.0
2019-03-19 10:25:00,66.52,66.52,66.52,66.52,111.0
2019-03-19 10:27:00,66.52,66.52,66.51,66.51,867.0
2019-03-19 10:28:00,66.54,66.54,66.0,66.0072,675.0
2019-03-19 10:31:00,66.04,66.0896,65.851,65.851,2459.0
2019-03-19 10:33:00,65.75,65.75,65.57,65.57,240.0
2019-03-19 10:39:00,65.8275,65.8275,65.8275,65.8275,285.0
2019-03-19 10:43:00,66.33,66.33,65.5,66.33,923.0
2019-03-19 10:44:00,66.33,66.33,65.51,65.51,638.0
2019-03-19 10:45:00,65.85,65.85,65.83,65.83,649.0
2019-03-19 10:58:00,65.63,65.63,65.63,65.63,111.0
2019-03-19 11:02:00,66.7824,66.7824,66.7824,66.7824,200.0
2019-03-19 11:04:00,66.0603,66.0603,66.0603,66.0603,253.0
2019-03-19 11:06:00,65.61,65.61,65.61,65.61,120.0
2019-03-19 11:09:00,66.18,66.18,66.18,66.18,155.0
2019-03-19 11:10:00,65.8801,65.8801,65.8801,65.8801,107.0
2019-03-19 11:11:00,65.88,65.88,65.88,65.88,521.0
2019-03-19 11:15:00,66.39,66.39,66.26,66.265,300.0
2019-03-19 11:16:00,66.275,66.52,66.12,66.12,1111.0
2019-03-19 11:20:00,66.18,66.2,66.16,66.2,650.0
2019-03-19 11:21:00,65.93,65.93,65.91,65.92,410.0
2019-03-19 11:22:00,66.0,66.0,66.0,66.0,421.0
2019-03-19 11:23:00,66.09,66.1,66.0,66.0,844.0
2019-03-19 11:24:00,66.0,66.0095,66.0,66.0095,442.0
2019-03-19 11:27:00,66.27,66.28,66.22,66.22,820.0
2019-03-19 11:28:00,66.2,66.2043,66.09,66.15,1150.0
2019-03-19 11:29:00,66.33,66.33,66.33,66.33,201.0
2019-03-19 11:30:00,66.32,66.32,66.32,66.32,130.0
2019-03-19 11:36:00,66.09,66.095,66.09,66.095,511.0
2019-03-19 11:40:00,66.31,66.36,66.31,66.36,1182.0
2019-03-19 11:54:00,66.05,66.05,66.05,66.05,100.0
2019-03-19 11:55:00,66.3123,66.3123,66.3123,66.3123,203.0
2019-03-19 11:59:00,66.08,66.2407,66.08,66.2407,211.0
2019-03-19 12:01:00,66.52,66.52,66.52,66.52,100.0
2019-03-19 12:03:00,66.08,66.08,66.08,66.08,167.0
2019-03-19 12:08:00,66.19,66.19,66.19,66.19,150.0
2019-03-19 12:09:00,66.52,66.52,66.52,66.52,165.0
2019-03-19 12:13:00,66.35,66.35,66.35,66.35,111.0
2019-03-19 12:18:00,66.53,66.53,66.37,66.37,521.0
2019-03-19 12:20:00,66.55,66.59,66.55,66.59,973.0
2019-03-19 12:21:00,66.63,66.63,66.63,66.63,154.0
2019-03-19 12:22:00,66.86,66.86,66.86,66.86,402.0
2019-03-19 12:23:00,66.99,66.99,66.99,66.99,500.0
2019-03-19 12:26:00,67.16,67.16,67.16,67.16,197.0
2019-03-19 12:35:00,67.06,67.115,67.06,67.115,253.0
2019-03-19 12:36:00,67.22,67.22,67.22,67.22,233.0
2019-03-19 12:37:00,67.1204,67.1204,67.1204,67.1204,240.0
2019-03-19 12:43:00,67.21,67.24,67.21,67.24,1613.0
2019-03-19 12:53:00,67.26,67.26,67.26,67.26,111.0
2019-03-19 13:01:00,67.44,67.44,67.44,67.44,132.0
2019-03-19 13:08:00,67.8069,67.8069,67.8069,67.8069,300.0
2019-03-19 13:10:00,67.44,67.475,67.44,67.475,265.0
2019-03-19 13:11:00,67.8,67.8,67.79,67.79,314.0
2019-03-19 13:12:00,67.64,67.64,67.26,67.26,1281.0
2019-03-19 13:18:00,66.66,66.66,66.66,66.66,141.0
2019-03-19 13:25:00,66.74,67.11,66.68,66.68,300.0
2019-03-19 13:26:00,67.11,67.11,67.11,67.11,100.0
2019-03-19 13:27:00,67.115,67.115,67.115,67.115,100.0
2019-03-19 13:30:00,67.115,67.21,66.85,67.21,1000.0
2019-03-19 13:31:00,67.215,67.215,67.215,67.215,211.0
2019-03-19 13:33:00,66.85,66.88,66.85,66.88,300.0
2019-03-19 13:35:00,66.88,67.31,66.88,67.31,326.0
2019-03-19 13:41:00,66.88,66.88,66.88,66.88,236.0
2019-03-19 13:42:00,66.88,66.88,66.83,66.83,1081.0
2019-03-19 13:56:00,65.155,66.1325,65.155,66.1325,364.0
2019-03-19 13:58:00,65.945,65.945,65.945,65.945,445.0
2019-03-19 14:05:00,66.31,66.4095,66.045,66.4095,2301.0
2019-03-19 14:06:00,66.6,66.715,66.6,66.715,400.0
2019-03-19 14:07:00,66.68,66.68,66.68,66.68,211.0
2019-03-19 14:08:00,66.66,66.84,66.66,66.84,810.0
2019-03-19 14:09:00,66.945,66.945,66.945,66.945,167.0
2019-03-19 14:15:00,66.94,66.94,66.94,66.94,200.0
2019-03-19 14:18:00,66.9284,66.9284,66.9284,66.9284,100.0
2019-03-19 14:25:00,66.94,66.94,66.94,66.94,100.0
2019-03-19 14:30:00,66.94,66.94,66.94,66.94,105.0
2019-03-19 14:35:00,66.43,66.43,66.35,66.35,205.0
2019-03-19 14:36:00,66.71,66.71,66.7,66.7,801.0
2019-03-19 14:37:00,66.755,66.755,66.72,66.72,308.0
2019-03-19 14:38:00,66.56,66.65,66.56,66.65,449.0
2019-03-19 14:39:00,66.52,66.52,66.5,66.5,683.0
2019-03-19 14:40:00,66.4,66.5045,66.4,66.5045,400.0
2019-03-19 14:41:00,66.72,66.72,66.05,66.05,900.0
2019-03-19 14:43:00,66.75,67.49,66.75,67.49,700.0
2019-03-19 14:45:00,66.81,66.8195,66.81,66.8195,211.0
2019-03-19 14:55:00,66.805,66.805,66.805,66.805,321.0
2019-03-19 15:06:00,66.575,66.575,66.51,66.51,205.0
2019-03-19 15:09:00,67.02,67.02,67.02,67.02,200.0
2019-03-19 15:13:00,66.63,66.63,66.63,66.63,216.0
2019-03-19 15:22:00,66.575,66.575,66.51,66.51,212.0
2019-03-19 15:29:00,66.51,66.51,66.51,66.51,100.0
2019-03-19 15:30:00,67.3869,67.3869,66.575,66.575,611.0
2019-03-19 15:38:00,66.65,66.65,66.65,66.65,211.0
2019-03-19 15:39:00,66.65,66.65,66.65,66.65,100.0
2019-03-19 15:40:00,67.1639,67.1639,67.1639,67.1639,111.0
2019-03-19 15:44:00,67.1,67.1,67.1,67.1,140.0
2019-03-19 15:47:00,66.695,66.695,66.695,66.695,145.0
2019-03-19 15:51:00,67.32,67.32,66.665,66.7,305.0
2019-03-19 15:52:00,67.01,67.01,66.7,66.7,500.0
2019-03-19 15:53:00,67.32,67.32,67.32,67.32,216.0
2019-03-19 15:54:00,66.685,66.72,66.685,66.72,259.0
2019-03-19 15:56:00,66.68,66.73,66.68,66.73,400.0
2019-03-19 15:57:00,67.22,67.23,66.73,67.23,626.0
2019-03-19 15:59:00,66.83,67.035,66.83,66.93,1228.0
2019-03-19 16:00:00,66.88,67.25,66.56,66.92,3072.0
2019-03-20 09:31:00,67.47,67.47,67.47,67.47,0.0
2019-03-20 09:40:00,67.351,67.351,67.351,67.351,102.0
2019-03-20 09:42:00,67.1065,67.1065,67.1065,67.1065,103.0
2019-03-20 09:47:00,67.34,67.35,67.065,67.07,516.0
2019-03-20 09:57:00,66.79,67.2839,66.79,67.2839,215.0
2019-03-20 09:58:00,66.9756,66.9756,66.9756,66.9756,150.0
2019-03-20 10:00:00,67.085,67.085,67.0154,67.085,500.0
2019-03-20 10:01:00,67.1865,67.1865,67.1865,67.1865,200.0
2019-03-20 10:04:00,67.3,67.3,66.84,67.0705,400.0
2019-03-20 10:06:00,67.0954,67.0954,67.0954,67.0954,109.0
2019-03-20 10:07:00,67.0826,67.0826,67.0826,67.0826,100.0
2019-03-20 10:08:00,67.085,67.0993,67.085,67.0993,481.0
2019-03-20 10:15:00,67.05,67.05,67.05,67.05,100.0
2019-03-20 10:16:00,67.235,67.235,67.235,67.235,160.0
2019-03-20 10:18:00,67.25,67.25,67.05,67.05,1001.0
2019-03-20 10:19:00,67.297,67.297,67.297,67.297,125.0
2019-03-20 10:20:00,67.08,67.1465,67.08,67.08,352.0
2019-03-20 10:24:00,66.85,66.85,66.85,66.85,683.0
2019-03-20 10:25:00,67.0,67.05,67.0,67.05,330.0
2019-03-20 10:29:00,67.26,67.26,67.26,67.26,116.0
2019-03-20 10:32:00,67.175,67.55,67.175,67.55,922.0
2019-03-20 10:55:00,67.4826,67.4865,67.42,67.4865,308.0
2019-03-20 11:05:00,67.66,67.66,67.55,67.55,300.0
2019-03-20 11:06:00,67.71,67.71,67.71,67.71,319.0
2019-03-20 11:14:00,67.48,67.48,67.48,67.48,100.0
2019-03-20 11:15:00,67.71,67.71,67.71,67.71,103.0
2019-03-20 11:19:00,67.6,67.69,67.6,67.6,558.0
2019-03-20 11:20:00,67.7,67.71,67.7,67.7,616.0
2019-03-20 11:31:00,68.28,68.28,68.28,68.28,100.0
2019-03-20 11:32:00,68.28,68.28,67.945,67.945,402.0
2019-03-20 11:41:00,68.31,68.31,68.31,68.31,208.0
2019-03-20 11:51:00,67.95,67.95,67.95,67.95,100.0
2019-03-20 11:52:00,67.95,68.28,67.95,68.28,224.0
2019-03-20 11:54:00,67.965,67.965,67.9032,67.9032,305.0
2019-03-20 11:57:00,68.025,68.03,67.9065,68.03,500.0
2019-03-20 11:59:00,68.06,68.06,68.0315,68.0315,244.0
2019-03-20 12:01:00,67.8601,67.8601,67.8601,67.8601,629.0
2019-03-20 12:02:00,67.87,68.045,67.87,68.0,1904.0
2019-03-20 12:05:00,67.9308,67.9308,67.9308,67.9308,280.0
2019-03-20 12:07:00,67.9025,67.95,67.9025,67.95,355.0
2019-03-20 12:09:00,67.965,67.965,67.965,67.965,241.0
2019-03-20 12:16:00,67.83,67.83,67.83,67.83,115.0
2019-03-20 12:17:00,67.8,67.8,67.44,67.5065,881.0
2019-03-20 12:25:00,67.69,67.69,67.59,67.69,1392.0
2019-03-20 12:30:00,68.12,68.12,68.12,68.12,100.0
2019-03-20 12:36:00,67.745,67.7973,67.745,67.7973,300.0
2019-03-20 12:51:00,68.18,68.18,68.18,68.18,104.0
2019-03-20 12:54:00,67.9043,67.9043,67.9043,67.9043,600.0
2019-03-20 12:57:00,68.17,68.17,67.93,67.93,202.0
2019-03-20 12:58:00,67.93,67.9395,67.93,67.9395,200.0
2019-03-20 12:59:00,67.93,68.29,67.93,68.29,205.0
2019-03-20 13:00:00,68.21,68.21,68.21,68.21,100.0
2019-03-20 13:01:00,67.99,67.99,67.99,67.99,284.0
2019-03-20 13:04:00,68.21,68.21,68.21,68.21,102.0
2019-03-20 13:05:00,68.27,68.27,67.985,67.985,268.0
2019-03-20 13:09:00,68.48,68.48,68.48,68.48,100.0
2019-03-20 13:12:00,68.21,68.21,68.21,68.21,100.0
2019-03-20 13:16:00,68.013,68.013,68.013,68.013,200.0
2019-03-20 13:25:00,68.61,68.61,68.61,68.61,129.0
2019-03-20 13:33:00,67.92,67.92,67.92,67.92,100.0
2019-03-20 13:34:00,68.55,68.55,68.55,68.55,105.0
2019-03-20 13:41:00,68.02,68.02,68.02,68.02,100.0
2019-03-20 13:44:00,68.23,68.23,68.23,68.23,150.0
2019-03-20 13:49:00,68.05,68.05,68.05,68.05,100.0
2019-03-20 13:56:00,68.05,68.05,68.05,68.05,105.0
2019-03-20 13:59:00,68.61,68.61,68.61,68.61,100.0
2019-03-20 14:00:00,68.28,68.28,68.28,68.28,100.0
2019-03-20 14:01:00,68.48,68.48,68.28,68.28,453.0
2019-03-20 14:05:00,68.315,68.34,68.315,68.34,400.0
2019-03-20 14:06:00,68.62,68.65,68.49,68.65,560.0
2019-03-20 14:14:00,69.64,69.64,69.64,69.64,100.0
2019-03-20 14:17:00,69.64,69.64,69.64,69.64,101.0
2019-03-20 14:18:00,69.5,69.5,69.5,69.5,105.0
2019-03-20 14:26:00,69.39,69.39,69.39,69.39,100.0
2019-03-20 14:27:00,68.51,68.51,68.51,68.51,102.0
2019-03-20 14:34:00,69.32,69.32,69.32,69.32,220.0
2019-03-20 14:35:00,68.95,68.95,68.95,68.95,195.0
2019-03-20 14:36:00,69.5,69.5,69.5,69.5,106.0
2019-03-20 14:38:00,69.43,69.43,69.43,69.43,119.0
2019-03-20 14:43:00,68.99,68.99,68.99,68.99,202.0
2019-03-20 14:47:00,68.951,68.951,68.951,68.951,350.0
2019-03-20 14:48:00,69.1,69.1,69.1,69.1,280.0
2019-03-20 14:51:00,69.25,69.25,69.25,69.25,162.0
2019-03-20 14:52:00,69.2414,69.2414,68.97,68.975,1170.0
2019-03-20 14:56:00,68.54,68.54,68.54,68.54,102.0
2019-03-20 14:59:00,68.5,68.5,68.5,68.5,173.0
2019-03-20 15:05:00,69.0,69.0,69.0,69.0,437.0
2019-03-20 15:08:00,68.99,68.99,68.99,68.99,100.0
2019-03-20 15:09:00,68.77,68.77,68.77,68.77,175.0
2019-03-20 15:10:00,68.54,68.54,68.54,68.54,654.0
2019-03-20 15:14:00,68.53,68.53,68.53,68.53,112.0
2019-03-20 15:15:00,68.45,68.45,68.45,68.45,100.0
2019-03-20 15:16:00,68.765,68.765,67.75,68.39,770.0
2019-03-20 15:18:00,68.12,68.12,68.12,68.12,186.0
2019-03-20 15:25:00,67.905,67.905,67.905,67.905,208.0
2019-03-20 15:26:00,68.04,68.04,68.04,68.04,202.0
2019-03-20 15:29:00,68.09,68.09,68.09,68.09,112.0
2019-03-20 15:33:00,68.06,68.06,67.86,67.86,977.0
2019-03-20 15:41:00,68.19,68.19,68.06,68.06,311.0
2019-03-20 15:42:00,67.81,67.81,67.81,67.81,235.0
2019-03-20 15:46:00,68.11,68.11,68.04,68.07,573.0
2019-03-20 15:47:00,68.13,68.13,67.7,67.7,657.0
2019-03-20 15:50:00,67.745,67.925,67.745,67.925,326.0
2019-03-20 15:51:00,67.9,67.9,67.9,67.9,100.0
2019-03-20 15:52:00,68.0,68.0,67.9,67.9,216.0
2019-03-20 15:53:00,68.09,68.1,68.09,68.1,702.0
2019-03-20 15:54:00,68.1,68.15,67.96,67.97,2362.0
2019-03-20 15:55:00,68.47,68.96,68.43,68.96,1024.0
2019-03-20 15:56:00,68.625,68.625,68.33,68.33,513.0
2019-03-20 15:58:00,68.09,68.09,68.09,68.09,126.0
2019-03-20 15:59:00,68.8,68.8,68.8,68.8,248.0
2019-03-20 16:00:00,68.06,68.11,68.02,68.02,755.0
2019-03-21 09:31:00,67.93,68.04,67.9,67.98,1214.0
2019-03-21 09:35:00,68.01,68.01,68.01,68.01,146.0
2019-03-21 09:40:00,67.98,67.98,67.93,67.93,470.0
2019-03-21 09:49:00,67.78,67.78,67.7,67.7,802.0
2019-03-21 09:52:00,67.88,67.88,67.88,67.88,150.0
2019-03-21 09:54:00,67.99,67.99,67.97,67.97,600.0
2019-03-21 10:01:00,67.7,67.76,67.7,67.76,200.0
2019-03-21 10:04:00,67.52,67.52,67.52,67.52,140.0
2019-03-21 10:06:00,67.55,67.55,67.55,67.55,390.0
2019-03-21 10:07:00,67.54,67.54,67.54,67.54,403.0
2019-03-21 10:08:00,67.51,67.51,67.5,67.5,267.0
2019-03-21 10:12:00,67.4717,67.4717,67.4717,67.4717,424.0
2019-03-21 10:22:00,67.5,67.5,67.5,67.5,487.0
2019-03-21 10:23:00,67.3295,67.3295,67.32,67.32,1055.0
2019-03-21 10:26:00,67.4134,67.535,67.325,67.535,445.0
2019-03-21 10:27:00,67.4055,67.4055,67.32,67.32,200.0
2019-03-21 10:28:00,67.71,67.71,67.71,67.71,100.0
2019-03-21 10:35:00,67.32,67.5,67.095,67.095,300.0
2019-03-21 10:36:00,67.095,67.095,67.095,67.095,763.0
2019-03-21 10:39:00,67.1,67.1,67.1,67.1,178.0
2019-03-21 10:46:00,67.106,67.95,67.03,67.95,1124.0
2019-03-21 10:50:00,67.4,67.4,67.37,67.37,374.0
2019-03-21 10:51:00,67.37,67.37,67.25,67.25,1433.0
2019-03-21 10:52:00,67.35,67.52,67.34,67.44,1581.0
2019-03-21 10:53:00,67.49,67.5,67.4,67.46,2114.0
2019-03-21 10:54:00,67.495,67.53,67.215,67.3,2265.0
2019-03-21 10:55:00,67.294,67.39,67.18,67.29,1650.0
2019-03-21 10:58:00,67.25,67.25,67.1,67.125,1105.0
2019-03-21 11:07:00,67.28,67.28,67.1001,67.1001,2877.0
2019-03-21 11:08:00,67.1,67.22,67.005,67.005,2694.0
2019-03-21 11:13:00,67.1,67.5,67.1,67.24,960.0
2019-03-21 11:14:00,67.24,67.24,67.24,67.24,350.0
2019-03-21 11:15:00,67.02,67.2,67.02,67.2,851.0
2019-03-21 11:19:00,67.34,67.38,67.34,67.38,302.0
2019-03-21 11:20:00,67.38,67.5,67.38,67.4905,789.0
2019-03-21 11:21:00,67.54,67.54,67.53,67.53,202.0
2019-03-21 11:22:00,67.6,67.61,67.49,67.61,400.0
2019-03-21 11:23:00,67.51,67.51,67.5,67.5,369.0
2019-03-21 11:25:00,67.72,68.0,67.7,68.0,2769.0
2019-03-21 11:26:00,68.0396,68.0396,68.0396,68.0396,110.0
2019-03-21 11:27:00,68.0,68.0,68.0,68.0,108.0
2019-03-21 11:41:00,67.82,67.82,67.7,67.7,1552.0
2019-03-21 11:45:00,68.8926,68.8926,68.0,68.0,435.0
2019-03-21 11:55:00,68.505,68.505,68.505,68.505,184.0
2019-03-21 12:03:00,68.0495,68.0495,68.0495,68.0495,485.0
2019-03-21 12:27:00,68.305,68.305,68.305,68.305,205.0
2019-03-21 12:38:00,68.0,68.0,68.0,68.0,355.0
2019-03-21 12:39:00,68.055,68.055,68.055,68.055,579.0
2019-03-21 12:41:00,67.99,68.0,67.99,68.0,204.0
2019-03-21 12:46:00,68.2959,68.2959,68.1,68.1,406.0
2019-03-21 12:53:00,68.435,68.435,68.0,68.0,435.0
2019-03-21 12:55:00,68.46,68.46,68.46,68.46,154.0
2019-03-21 13:09:00,68.3659,68.3659,68.3659,68.3659,114.0
2019-03-21 13:15:00,68.46,68.46,68.46,68.46,251.0
2019-03-21 13:17:00,68.465,68.465,68.465,68.465,101.0
2019-03-21 13:19:00,68.61,68.61,68.61,68.61,204.0
2019-03-21 13:21:00,68.61,68.61,68.61,68.61,209.0
2019-03-21 13:24:00,68.65,68.65,68.65,68.65,386.0
2019-03-21 13:25:00,68.42,68.42,68.39,68.39,722.0
2019-03-21 13:27:00,68.17,68.17,68.17,68.17,275.0
2019-03-21 13:28:00,68.17,68.17,68.17,68.17,938.0
2019-03-21 13:29:00,68.27,68.27,68.27,68.27,481.0
2019-03-21 13:30:00,68.25,68.25,68.25,68.25,324.0
2019-03-21 13:32:00,68.25,68.25,68.25,68.25,230.0
2019-03-21 13:33:00,68.18,68.18,68.18,68.18,329.0
2019-03-21 13:35:00,67.91,67.91,67.91,67.91,104.0
2019-03-21 13:38:00,67.72,67.72,67.72,67.72,392.0
2019-03-21 13:39:00,67.93,67.93,67.93,67.93,1170.0
2019-03-21 13:40:00,67.66,67.66,67.66,67.66,449.0
2019-03-21 13:54:00,67.33,67.33,67.33,67.33,724.0
2019-03-21 14:01:00,67.56,67.56,67.56,67.56,330.0
2019-03-21 14:21:00,67.63,67.63,67.63,67.63,302.0
2019-03-21 14:37:00,68.09,68.09,68.09,68.09,122.0
2019-03-21 14:48:00,68.05,68.05,68.05,68.05,150.0
2019-03-21 14:51:00,67.67,67.67,67.64,67.64,831.0
2019-03-21 14:53:00,67.5,67.5,67.5,67.5,141.0
2019-03-21 14:54:00,67.5,67.5,67.5,67.5,201.0
2019-03-21 15:00:00,67.49,67.49,67.49,67.49,415.0
2019-03-21 15:03:00,67.5,67.5,67.5,67.5,117.0
2019-03-21 15:06:00,67.49,67.49,67.49,67.49,223.0
2019-03-21 15:11:00,67.6742,67.6742,67.6742,67.6742,498.0
2019-03-21 15:15:00,67.5,67.5,67.5,67.5,652.0
2019-03-21 15:17:00,67.5,67.5,67.5,67.5,118.0
2019-03-21 15:23:00,67.49,67.49,67.49,67.49,532.0
2019-03-21 15:28:00,67.715,67.715,67.715,67.715,231.0
2019-03-21 15:37:00,67.42,67.42,67.42,67.42,834.0
2019-03-21 15:45:00,67.5,67.5,67.5,67.5,667.0
2019-03-21 15:48:00,67.64,67.69,67.64,67.69,1241.0
2019-03-21 15:52:00,67.5,67.5,67.5,67.5,573.0
2019-03-21 15:56:00,67.51,67.51,67.49,67.49,1399.0
2019-03-21 15:59:00,67.51,67.51,67.51,67.51,539.0
2019-03-21 16:00:00,67.505,67.505,67.49,67.49,2651.0
2019-03-22 09:31:00,67.53,67.53,67.53,67.53,491.0
2019-03-22 09:46:00,67.503,67.503,67.43,67.43,668.0
2019-03-22 09:56:00,67.315,67.315,67.315,67.315,0.0
2019-03-22 10:08:00,67.49,67.49,67.49,67.49,1440.0
2019-03-22 10:23:00,67.33,67.33,67.33,67.33,106.0
2019-03-22 10:25:00,67.33,67.33,67.2,67.33,580.0
2019-03-22 10:27:00,67.33,67.33,67.07,67.09,1617.0
2019-03-22 10:39:00,67.1,67.5,67.1,67.5,406.0
2019-03-22 10:43:00,67.39,67.39,67.1,67.1,315.0
2019-03-22 10:44:00,67.4165,67.49,67.4165,67.49,200.0
2019-03-22 10:45:00,67.2288,67.2288,67.2288,67.2288,175.0
2019-03-22 10:46:00,67.3117,67.3117,67.3117,67.3117,100.0
2019-03-22 10:47:00,67.45,67.45,67.45,67.45,271.0
2019-03-22 10:53:00,67.15,67.15,67.15,67.15,200.0
2019-03-22 10:54:00,66.9365,67.205,66.9365,67.205,1205.0
2019-03-22 10:58:00,67.28,67.41,67.195,67.195,623.0
2019-03-22 11:01:00,67.135,67.135,67.135,67.135,1317.0
2019-03-22 11:02:00,67.13,67.13,66.92,66.99,709.0
2019-03-22 11:03:00,67.0,67.0,67.0,67.0,109.0
2019-03-22 11:05:00,67.07,67.07,67.07,67.07,135.0
2019-03-22 11:10:00,66.856,66.856,66.856,66.856,105.0
2019-03-22 11:13:00,66.76,66.99,66.66,66.99,805.0
2019-03-22 11:31:00,66.5,66.72,66.3375,66.3375,833.0
2019-03-22 11:38:00,66.0901,66.0901,66.0901,66.0901,100.0
2019-03-22 11:41:00,66.5799,66.5799,66.5799,66.5799,180.0
2019-03-22 11:43:00,66.58,66.58,66.58,66.58,350.0
2019-03-22 11:46:00,66.09,66.09,66.09,66.09,156.0
2019-03-22 11:52:00,66.2896,66.2896,66.2896,66.2896,100.0
2019-03-22 11:53:00,66.02,66.02,66.02,66.02,136.0
2019-03-22 11:54:00,66.53,66.53,66.53,66.53,111.0
2019-03-22 12:07:00,66.0,66.275,66.0,66.275,200.0
2019-03-22 12:09:00,65.99,65.99,65.99,65.99,186.0
2019-03-22 12:17:00,65.99,65.99,65.99,65.99,447.0
2019-03-22 12:20:00,65.75,66.0545,65.75,66.0545,398.0
2019-03-22 12:25:00,65.75,65.75,65.75,65.75,252.0
2019-03-22 12:30:00,65.75,65.75,65.75,65.75,400.0
2019-03-22 12:32:00,65.75,66.005,65.75,66.005,389.0
2019-03-22 12:33:00,65.75,65.75,65.75,65.75,195.0
2019-03-22 12:35:00,65.4117,65.4117,65.3804,65.3804,503.0
2019-03-22 12:40:00,65.8954,65.8954,65.8954,65.8954,332.0
2019-03-22 12:45:00,66.1,66.1,65.75,65.75,1200.0
2019-03-22 12:49:00,65.764,65.764,65.764,65.764,104.0
2019-03-22 12:52:00,66.18,66.18,66.18,66.18,101.0
2019-03-22 12:57:00,65.88,65.88,65.68,65.68,379.0
2019-03-22 13:01:00,65.74,65.74,65.74,65.74,100.0
2019-03-22 13:03:00,65.7,65.7,65.7,65.7,507.0
2019-03-22 13:04:00,65.84,65.88,65.84,65.88,200.0
2019-03-22 13:08:00,65.68,65.68,65.68,65.68,100.0
2019-03-22 13:09:00,65.68,65.68,65.68,65.68,253.0
2019-03-22 13:11:00,65.54,65.54,65.51,65.51,251.0
2019-03-22 13:13:00,65.5,65.5,65.5,65.5,140.0
2019-03-22 13:20:00,65.5,65.5,65.5,65.5,127.0
2019-03-22 13:28:00,65.47,65.47,65.47,65.47,129.0
2019-03-22 13:32:00,65.495,65.495,65.495,65.495,137.0
2019-03-22 13:33:00,65.5,65.5,65.5,65.5,118.0
2019-03-22 13:44:00,65.47,65.47,65.47,65.47,197.0
2019-03-22 13:46:00,65.5,65.63,65.5,65.63,235.0
2019-03-22 13:49:00,65.5,65.505,65.5,65.5,337.0
2019-03-22 13:55:00,65.401,65.63,65.401,65.401,1035.0
2019-03-22 14:03:00,65.52,65.52,65.505,65.505,743.0
2019-03-22 14:04:00,65.45,65.45,65.45,65.45,418.0
2019-03-22 14:05:00,65.42,65.42,65.34,65.34,750.0
2019-03-22 14:14:00,65.38,65.74,65.2611,65.74,1290.0
2019-03-22 14:18:00,65.5,65.5,65.5,65.5,151.0
2019-03-22 14:20:00,65.35,65.35,65.35,65.35,278.0
2019-03-22 14:35:00,65.785,65.785,65.785,65.785,183.0
2019-03-22 14:49:00,65.6567,65.6567,65.6567,65.6567,300.0
2019-03-22 14:50:00,65.4398,65.775,65.4398,65.775,688.0
2019-03-22 14:54:00,65.525,65.55,65.525,65.525,400.0
2019-03-22 14:55:00,65.5,65.5295,65.5,65.5295,200.0
2019-03-22 14:56:00,65.5,65.845,65.47,65.845,600.0
2019-03-22 14:57:00,65.5,65.5095,65.47,65.47,605.0
2019-03-22 15:05:00,65.33,65.33,65.3,65.3,427.0
2019-03-22 15:06:00,65.25,65.375,65.25,65.375,750.0
2019-03-22 15:08:00,65.345,65.345,65.345,65.345,100.0
2019-03-22 15:10:00,65.2,65.2,65.2,65.2,200.0
2019-03-22 15:14:00,65.25,65.25,65.25,65.25,201.0
2019-03-22 15:20:00,65.355,65.355,65.355,65.355,153.0
2019-03-22 15:25:00,65.3413,65.355,65.3413,65.355,441.0
2019-03-22 15:29:00,65.2,65.22,65.17,65.17,682.0
2019-03-22 15:30:00,65.185,65.185,65.185,65.185,159.0
2019-03-22 15:36:00,65.3757,65.3757,65.3757,65.3757,192.0
2019-03-22 15:39:00,65.08,65.08,65.08,65.08,208.0
2019-03-22 15:41:00,65.02,65.02,65.0,65.0,1245.0
2019-03-22 15:42:00,65.0,65.225,65.0,65.0,625.0
2019-03-22 15:43:00,65.0,65.0,65.0,65.0,110.0
2019-03-22 15:44:00,65.0,65.205,65.0,65.205,900.0
2019-03-22 15:45:00,65.1,65.1,65.1,65.1,556.0
2019-03-22 15:47:00,65.1352,65.1925,65.1352,65.1925,604.0
2019-03-22 15:49:00,65.245,65.245,65.245,65.245,200.0
2019-03-22 15:50:00,65.2,65.2,65.2,65.2,240.0
2019-03-22 15:55:00,65.2681,65.35,65.245,65.2475,710.0
2019-03-22 15:56:00,65.22,65.27,65.21,65.26,1326.0
2019-03-22 16:00:00,65.11,65.225,65.0,65.01,1390.0
2019-03-25 09:31:00,65.01,65.01,65.01,65.01,983.0
2019-03-25 09:38:00,65.16,65.16,65.16,65.16,102.0
2019-03-25 09:43:00,65.52,65.52,65.52,65.52,243.0
2019-03-25 09:44:00,65.6848,65.6848,65.6848,65.6848,506.0
2019-03-25 09:50:00,65.04,65.04,65.04,65.04,544.0
2019-03-25 09:54:00,65.01,65.01,64.0,64.0,9766.0
2019-03-25 09:55:00,64.0,64.0,64.0,64.0,1256.0
2019-03-25 09:56:00,63.81,63.81,63.81,63.81,1439.0
2019-03-25 09:58:00,63.81,63.81,63.81,63.81,201.0
2019-03-25 09:59:00,63.5027,63.5027,63.5027,63.5027,272.0
2019-03-25 10:02:00,63.612,63.612,63.612,63.612,202.0
2019-03-25 10:04:00,63.85,63.85,63.85,63.85,705.0
2019-03-25 10:06:00,64.11,64.11,64.11,64.11,231.0
2019-03-25 10:11:00,63.8,63.8,63.8,63.8,381.0
2019-03-25 10:12:00,64.17,64.17,64.17,64.17,601.0
2019-03-25 10:13:00,64.16,64.16,64.16,64.16,415.0
2019-03-25 10:14:00,64.18,64.18,64.18,64.18,100.0
2019-03-25 10:15:00,64.14,64.14,64.14,64.14,208.0
2019-03-25 10:20:00,64.25,64.25,64.25,64.25,1121.0
2019-03-25 10:25:00,65.01,65.01,65.01,65.01,370.0
2019-03-25 10:44:00,64.21,64.21,64.21,64.21,375.0
2019-03-25 10:53:00,64.72,64.72,64.72,64.72,370.0
2019-03-25 11:05:00,64.7952,64.7952,64.7952,64.7952,105.0
2019-03-25 11:07:00,64.51,64.51,64.51,64.51,273.0
2019-03-25 11:10:00,64.785,64.785,64.785,64.785,701.0
2019-03-25 11:12:00,64.62,64.62,64.62,64.62,237.0
2019-03-25 11:17:00,64.72,64.72,64.72,64.72,339.0
2019-03-25 11:19:00,65.1799,65.1799,65.1799,65.1799,359.0
2019-03-25 11:23:00,64.95,65.04,64.95,65.0,1611.0
2019-03-25 11:27:00,64.94,64.94,64.94,64.94,705.0
2019-03-25 11:30:00,65.01,65.01,65.01,65.01,214.0
2019-03-25 11:39:00,65.01,65.01,65.01,65.01,203.0
2019-03-25 11:44:00,64.94,64.94,64.94,64.94,342.0
2019-03-25 11:50:00,64.94,64.94,64.94,64.94,860.0
2019-03-25 12:01:00,64.69,64.69,64.69,64.69,357.0
2019-03-25 12:18:00,65.0791,65.0791,65.0791,65.0791,349.0
2019-03-25 12:29:00,64.5415,64.5415,64.5415,64.5415,981.0
2019-03-25 12:30:00,64.5,64.5,64.5,64.5,152.0
2019-03-25 12:32:00,64.7,64.7,64.7,64.7,130.0
2019-03-25 12:34:00,63.86,63.86,63.15,63.15,1484.0
2019-03-25 12:35:00,63.7,63.7,63.7,63.7,610.0
2019-03-25 12:36:00,63.99,63.99,63.99,63.99,907.0
2019-03-25 12:38:00,64.1,64.1,64.1,64.1,573.0
2019-03-25 12:39:00,64.3942,64.3942,64.3942,64.3942,299.0
2019-03-25 12:40:00,64.3145,64.3145,64.3145,64.3145,359.0
2019-03-25 12:50:00,64.31,64.31,64.31,64.31,368.0
2019-03-25 12:56:00,64.345,64.495,64.345,64.495,1192.0
2019-03-25 13:04:00,64.77,64.77,64.77,64.77,310.0
2019-03-25 13:06:00,64.25,64.25,64.25,64.25,613.0
2019-03-25 13:09:00,64.25,64.25,64.25,64.25,100.0
2019-03-25 13:10:00,64.18,64.18,64.18,64.18,403.0
2019-03-25 13:11:00,64.25,64.25,64.25,64.25,171.0
2019-03-25 13:14:00,64.55,64.55,64.55,64.55,148.0
2019-03-25 13:18:00,64.25,64.25,64.25,64.25,104.0
2019-03-25 13:25:00,64.24,64.24,64.24,64.24,100.0
2019-03-25 13:26:00,64.25,64.25,64.25,64.25,203.0
2019-03-25 13:28:00,64.73,64.73,64.73,64.73,132.0
2019-03-25 13:33:00,64.45,64.45,64.45,64.45,134.0
2019-03-25 13:38:00,64.38,64.38,64.38,64.38,426.0
2019-03-25 13:40:00,64.74,64.74,64.74,64.74,274.0
2019-03-25 13:43:00,64.01,64.01,64.01,64.01,155.0
2019-03-25 13:50:00,64.66,64.66,64.66,64.66,130.0
2019-03-25 13:56:00,64.1744,64.1744,64.1744,64.1744,600.0
2019-03-25 13:57:00,64.1,64.1,64.1,64.1,196.0
2019-03-25 14:13:00,64.345,64.345,64.345,64.345,200.0
2019-03-25 14:15:00,64.305,64.305,64.305,64.305,419.0
2019-03-25 14:18:00,64.51,64.51,64.345,64.345,855.0
2019-03-25 14:29:00,64.1072,64.1072,64.1072,64.1072,328.0
2019-03-25 14:31:00,64.1,64.1,64.1,64.1,500.0
2019-03-25 14:32:00,64.1,64.1,64.1,64.1,823.0
2019-03-25 14:33:00,64.7,64.7,64.7,64.7,100.0
2019-03-25 14:36:00,64.798,64.798,64.798,64.798,200.0
2019-03-25 14:48:00,64.725,64.725,64.4,64.4,327.0
2019-03-25 14:58:00,64.41,64.41,64.41,64.41,100.0
2019-03-25 14:59:00,64.9,64.9,64.9,64.9,100.0
2019-03-25 15:03:00,64.7174,64.7174,64.7174,64.7174,105.0
2019-03-25 15:07:00,64.745,64.745,64.745,64.745,156.0
2019-03-25 15:11:00,64.38,64.38,64.38,64.38,437.0
2019-03-25 15:23:00,64.67,64.67,64.67,64.67,534.0
2019-03-25 15:33:00,64.49,64.49,64.49,64.49,112.0
2019-03-25 15:41:00,64.5,64.51,64.5,64.51,1411.0
2019-03-25 15:44:00,64.75,64.75,64.75,64.75,357.0
2019-03-25 15:48:00,64.73,64.73,64.73,64.73,269.0
2019-03-25 15:53:00,64.71,64.71,64.59,64.59,218.0
2019-03-25 15:56:00,65.04,65.04,65.04,65.04,1008.0
2019-03-25 16:00:00,64.87,64.87,64.84,64.85,4276.0
2019-03-26 09:35:00,65.54,65.54,65.54,65.54,1172.0
2019-03-26 09:38:00,65.83,65.83,65.83,65.83,212.0
2019-03-26 09:39:00,65.82,65.82,65.82,65.82,329.0
2019-03-26 09:47:00,65.4195,65.4195,65.4195,65.4195,1006.0
2019-03-26 09:48:00,65.34,65.34,65.32,65.32,531.0
2019-03-26 09:51:00,65.83,65.83,65.83,65.83,415.0
2019-03-26 09:54:00,65.5691,65.5691,65.5691,65.5691,273.0
2019-03-26 09:56:00,65.035,65.035,65.035,65.035,487.0
2019-03-26 10:05:00,65.1935,65.1935,65.1935,65.1935,200.0
2019-03-26 10:06:00,64.1701,64.1701,64.1701,64.1701,1300.0
2019-03-26 10:07:00,63.9492,63.9492,63.9492,63.9492,652.0
2019-03-26 10:17:00,64.985,64.985,64.985,64.985,166.0
2019-03-26 10:24:00,63.9073,63.9073,63.9073,63.9073,322.0
2019-03-26 10:53:00,64.8225,64.8225,64.8225,64.8225,262.0
2019-03-26 10:56:00,64.68,64.68,64.68,64.68,152.0
2019-03-26 11:06:00,65.0,65.0,65.0,65.0,175.0
2019-03-26 11:20:00,64.8,64.8,64.8,64.8,196.0
2019-03-26 11:34:00,64.89,64.89,64.89,64.89,747.0
2019-03-26 11:39:00,65.5193,65.5193,65.5193,65.5193,901.0
2019-03-26 11:42:00,64.89,64.89,64.89,64.89,105.0
2019-03-26 11:47:00,65.2411,65.2411,65.2411,65.2411,133.0
2019-03-26 11:49:00,64.89,64.89,64.89,64.89,175.0
2019-03-26 11:53:00,65.1895,65.1895,65.1895,65.1895,251.0
2019-03-26 12:06:00,65.02,65.02,65.02,65.02,326.0
2019-03-26 12:08:00,65.0,65.0,65.0,65.0,297.0
2019-03-26 12:24:00,64.95,64.95,64.95,64.95,125.0
2019-03-26 12:29:00,65.01,65.01,65.01,65.01,264.0
2019-03-26 12:33:00,65.19,65.19,65.19,65.19,404.0
2019-03-26 12:46:00,65.425,65.425,65.425,65.425,285.0
2019-03-26 12:48:00,65.49,65.49,65.49,65.49,156.0
2019-03-26 12:56:00,65.16,65.16,65.14,65.14,419.0
2019-03-26 13:09:00,65.16,65.16,65.16,65.16,152.0
2019-03-26 13:19:00,65.26,65.26,65.26,65.26,0.0
2019-03-26 13:20:00,65.25,65.25,65.25,65.25,429.0
2019-03-26 13:26:00,65.305,65.305,65.305,65.305,1538.0
2019-03-26 13:28:00,65.21,65.21,65.21,65.21,0.0
2019-03-26 13:47:00,65.215,65.215,65.0,65.0,1735.0
2019-03-26 13:48:00,65.0135,65.0135,65.0135,65.0135,792.0
2019-03-26 13:51:00,64.8206,64.8206,64.8206,64.8206,353.0
2019-03-26 14:06:00,64.5,64.5,64.5,64.5,356.0
2019-03-26 14:19:00,64.615,64.615,64.595,64.595,318.0
2019-03-26 14:41:00,64.54,64.54,64.54,64.54,107.0
2019-03-26 14:43:00,64.54,64.54,64.54,64.54,461.0
2019-03-26 14:59:00,64.83,64.83,64.75,64.75,495.0
2019-03-26 15:04:00,64.59,64.59,64.59,64.59,282.0
2019-03-26 15:12:00,64.8298,64.8298,64.8298,64.8298,367.0
2019-03-26 15:14:00,64.7,64.7,64.7,64.7,112.0
2019-03-26 15:15:00,64.63,64.63,64.63,64.63,231.0
2019-03-26 15:22:00,64.65,64.65,64.65,64.65,114.0
2019-03-26 15:24:00,64.65,64.65,64.65,64.65,110.0
2019-03-26 15:30:00,64.75,64.75,64.75,64.75,435.0
2019-03-26 15:33:00,64.82,64.82,64.82,64.82,373.0
2019-03-26 15:35:00,64.89,64.89,64.89,64.89,438.0
2019-03-26 15:39:00,64.64,64.64,64.64,64.64,566.0
2019-03-26 15:45:00,64.51,64.51,64.51,64.51,132.0
2019-03-26 15:50:00,64.52,64.52,64.52,64.52,100.0
2019-03-26 15:52:00,64.51,64.51,64.51,64.51,555.0
2019-03-26 15:58:00,64.82,64.82,64.55,64.55,407.0
2019-03-26 16:00:00,64.59,64.59,64.59,64.59,1254.0
2019-03-27 09:31:00,65.09,65.09,65.09,65.09,773.0
2019-03-27 09:36:00,64.37,64.37,64.37,64.37,113.0
2019-03-27 09:46:00,63.9379,63.9379,63.9379,63.9379,450.0
2019-03-27 09:52:00,63.6577,64.725,63.6577,64.725,530.0
2019-03-27 09:58:00,64.1894,64.1894,64.1894,64.1894,150.0
2019-03-27 09:59:00,64.32,64.52,64.32,64.325,400.0
2019-03-27 10:00:00,64.32,64.56,64.32,64.33,400.0
2019-03-27 10:01:00,64.31,64.31,64.31,64.31,500.0
2019-03-27 10:03:00,64.35,64.445,64.35,64.445,378.0
2019-03-27 10:26:00,64.12,64.14,63.83,64.02,607.0
2019-03-27 10:32:00,63.6872,63.6872,63.6872,63.6872,363.0
2019-03-27 10:35:00,64.021,64.021,63.65,63.65,350.0
2019-03-27 10:36:00,63.8628,63.8628,63.8628,63.8628,120.0
2019-03-27 10:37:00,63.85,63.85,63.85,63.85,158.0
2019-03-27 10:38:00,63.56,64.005,63.56,64.005,200.0
2019-03-27 10:39:00,63.65,63.65,63.65,63.65,112.0
2019-03-27 10:46:00,63.56,63.56,63.4443,63.4443,911.0
2019-03-27 10:47:00,63.1,63.3741,63.1,63.3741,250.0
2019-03-27 10:48:00,63.03,63.3451,62.35,62.575,3255.0
2019-03-27 10:49:00,62.8,62.8,62.53,62.53,217.0
2019-03-27 10:50:00,62.705,62.705,62.705,62.705,112.0
2019-03-27 10:52:00,62.2,62.4,61.3024,61.3024,2424.0
2019-03-27 10:55:00,62.055,62.055,62.055,62.055,249.0
2019-03-27 10:58:00,61.75,61.76,61.75,61.76,400.0
2019-03-27 10:59:00,61.75,61.76,61.75,61.76,987.0
2019-03-27 11:02:00,62.32,62.32,62.08,62.08,899.0
2019-03-27 11:03:00,62.38,62.39,62.075,62.075,615.0
2019-03-27 11:04:00,61.91,61.91,61.76,61.76,436.0
2019-03-27 11:07:00,62.19,62.19,62.19,62.19,258.0
2019-03-27 11:08:00,62.12,62.12,62.12,62.12,254.0
2019-03-27 11:09:00,62.19,62.53,62.065,62.53,617.0
2019-03-27 11:10:00,62.3,62.3,62.3,62.3,132.0
2019-03-27 11:11:00,62.244,62.244,62.244,62.244,253.0
2019-03-27 11:13:00,62.5,62.5,62.5,62.5,180.0
2019-03-27 11:14:00,62.46,62.66,62.46,62.66,1024.0
2019-03-27 11:16:00,62.66,62.66,62.66,62.66,302.0
2019-03-27 11:17:00,62.51,62.51,62.43,62.43,1109.0
2019-03-27 11:18:00,62.43,62.4609,62.43,62.4609,1082.0
2019-03-27 11:29:00,62.625,62.655,62.625,62.655,367.0
2019-03-27 11:32:00,62.67,62.67,62.67,62.67,195.0
2019-03-27 11:33:00,62.86,62.86,62.86,62.86,377.0
2019-03-27 11:40:00,62.7,62.7,62.7,62.7,762.0
2019-03-27 11:50:00,62.455,62.455,62.455,62.455,131.0
2019-03-27 11:56:00,62.1441,62.3657,62.1441,62.3657,379.0
2019-03-27 11:59:00,62.88,62.88,62.88,62.88,100.0
2019-03-27 12:03:00,62.51,62.51,62.51,62.51,294.0
2019-03-27 12:05:00,62.67,62.67,62.67,62.67,216.0
2019-03-27 12:06:00,62.89,62.89,62.87,62.8899,808.0
2019-03-27 12:09:00,63.4,63.4,63.4,63.4,108.0
2019-03-27 12:12:00,63.38,63.38,63.38,63.38,358.0
2019-03-27 12:25:00,63.14,63.14,63.14,63.14,216.0
2019-03-27 12:26:00,63.19,63.19,63.19,63.19,100.0
2019-03-27 12:27:00,63.25,63.25,63.25,63.25,211.0
2019-03-27 12:28:00,63.25,63.41,63.25,63.41,799.0
2019-03-27 12:32:00,63.85,63.85,63.85,63.85,218.0
2019-03-27 12:42:00,63.55,63.55,63.55,63.55,163.0
2019-03-27 12:47:00,63.8015,63.8015,63.8015,63.8015,668.0
2019-03-27 12:49:00,63.41,63.41,63.41,63.41,284.0
2019-03-27 12:52:00,63.5,63.5,63.5,63.5,235.0
2019-03-27 12:55:00,63.5,63.5,63.5,63.5,181.0
2019-03-27 12:56:00,63.78,63.78,63.5,63.5,431.0
2019-03-27 12:58:00,63.62,63.62,63.62,63.62,435.0
2019-03-27 12:59:00,62.955,62.955,62.955,62.955,162.0
2019-03-27 13:02:00,63.2,63.24,63.2,63.24,221.0
2019-03-27 13:05:00,63.98,63.98,63.98,63.98,161.0
2019-03-27 13:15:00,63.48,63.48,63.41,63.41,200.0
2019-03-27 13:17:00,63.41,63.41,63.0224,63.0224,412.0
2019-03-27 13:23:00,63.3,63.3,63.3,63.3,275.0
2019-03-27 13:44:00,63.79,63.79,63.79,63.79,105.0
2019-03-27 13:45:00,63.34,63.34,63.34,63.34,224.0
2019-03-27 13:54:00,63.48,63.48,63.48,63.48,156.0
2019-03-27 13:58:00,63.4745,63.4745,63.4745,63.4745,300.0
2019-03-27 13:59:00,63.67,63.67,63.67,63.67,106.0
2019-03-27 14:01:00,63.5,63.5,63.5,63.5,230.0
2019-03-27 14:10:00,63.515,63.515,63.515,63.515,167.0
2019-03-27 14:37:00,63.54,63.54,63.54,63.54,108.0
2019-03-27 14:40:00,63.29,63.54,63.29,63.3,1698.0
2019-03-27 14:47:00,63.25,63.25,63.25,63.25,505.0
2019-03-27 15:03:00,63.5,63.5,63.5,63.5,544.0
2019-03-27 15:08:00,62.9534,63.275,62.9534,63.275,442.0
2019-03-27 15:18:00,63.26,63.26,63.26,63.26,231.0
2019-03-27 15:27:00,63.15,63.15,63.14,63.14,862.0
2019-03-27 15:29:00,63.1,63.1,63.1,63.1,114.0
2019-03-27 15:32:00,63.15,63.15,63.15,63.15,100.0
2019-03-27 15:33:00,63.365,63.365,63.365,63.365,234.0
2019-03-27 15:36:00,63.63,63.63,63.4,63.4,1109.0
2019-03-27 15:43:00,63.47,63.47,63.47,63.47,288.0
2019-03-27 15:51:00,63.51,63.51,63.51,63.51,220.0
2019-03-27 15:52:00,63.51,63.51,63.51,63.51,380.0
2019-03-27 15:55:00,63.52,63.65,63.52,63.65,212.0
2019-03-27 15:57:00,63.65,63.65,63.65,63.65,166.0
2019-03-27 15:59:00,63.609,63.609,63.43,63.43,818.0
2019-03-27 16:00:00,63.26,63.63,63.26,63.63,1152.0
2019-03-28 09:31:00,63.65,63.65,63.65,63.65,1.0
2019-03-28 09:35:00,63.85,63.85,62.9866,62.9866,513.0
2019-03-28 09:45:00,63.88,63.88,63.88,63.88,108.0
2019-03-28 09:53:00,63.88,63.88,63.88,63.88,171.0
2019-03-28 09:55:00,63.87,63.87,63.87,63.87,102.0
2019-03-28 10:01:00,63.865,63.865,63.865,63.865,100.0
2019-03-28 10:03:00,64.53,64.53,63.875,64.0,1502.0
2019-03-28 10:04:00,63.875,63.875,63.875,63.875,100.0
2019-03-28 10:05:00,63.88,64.375,63.88,63.88,500.0
2019-03-28 10:07:00,63.455,63.5887,63.455,63.5887,600.0
2019-03-28 10:08:00,63.5884,63.5884,63.5884,63.5884,328.0
2019-03-28 10:09:00,63.75,63.75,63.75,63.75,200.0
2019-03-28 10:10:00,63.5184,63.5184,63.5184,63.5184,459.0
2019-03-28 10:13:00,63.825,64.0,63.825,64.0,529.0
2019-03-28 10:14:00,63.89,63.9,63.76,63.76,1242.0
2019-03-28 10:15:00,63.75,64.0683,63.75,64.0683,265.0
2019-03-28 10:17:00,63.9176,63.9176,63.77,63.77,304.0
2019-03-28 10:19:00,63.71,64.22,63.71,64.22,215.0
2019-03-28 10:20:00,64.22,64.22,64.22,64.22,300.0
2019-03-28 10:21:00,64.05,64.05,64.05,64.05,208.0
2019-03-28 10:24:00,64.35,64.35,64.35,64.35,105.0
2019-03-28 10:26:00,64.17,64.19,64.17,64.19,223.0
2019-03-28 10:32:00,63.305,63.305,63.305,63.305,576.0
2019-03-28 10:35:00,64.09,64.09,64.09,64.09,107.0
2019-03-28 10:38:00,64.09,64.09,64.09,64.09,101.0
2019-03-28 10:43:00,64.125,64.125,63.52,63.5495,1709.0
2019-03-28 10:44:00,63.315,63.315,63.315,63.315,204.0
2019-03-28 10:45:00,63.5,63.5,63.5,63.5,313.0
2019-03-28 10:52:00,63.58,63.58,63.58,63.58,100.0
2019-03-28 10:53:00,63.6221,63.6221,63.6221,63.6221,159.0
2019-03-28 10:58:00,63.315,63.315,63.315,63.315,152.0
2019-03-28 11:02:00,63.675,63.675,63.5,63.5,204.0
2019-03-28 11:06:00,63.31,64.02,63.305,63.305,896.0
2019-03-28 11:07:00,63.22,63.835,63.2,63.835,1211.0
2019-03-28 11:08:00,62.99,62.99,62.99,62.99,305.0
2019-03-28 11:09:00,63.125,63.125,63.0062,63.0062,201.0
2019-03-28 11:10:00,62.81,62.81,62.81,62.81,102.0
2019-03-28 11:13:00,62.3604,62.85,62.3604,62.81,1626.0
2019-03-28 11:15:00,63.12,63.12,63.12,63.12,226.0
2019-03-28 11:25:00,62.71,62.71,62.71,62.71,117.0
2019-03-28 11:34:00,63.19,63.19,63.19,63.19,100.0
2019-03-28 11:35:00,63.75,63.75,63.75,63.75,166.0
2019-03-28 11:56:00,62.82,62.82,62.77,62.77,206.0
2019-03-28 11:58:00,63.005,63.01,63.005,63.01,278.0
2019-03-28 12:03:00,63.2,63.2,63.2,63.2,140.0
2019-03-28 12:04:00,63.11,63.11,63.105,63.105,401.0
2019-03-28 12:05:00,62.59,63.0,62.59,63.0,296.0
2019-03-28 12:06:00,63.1,63.1,63.1,63.1,198.0
2019-03-28 12:07:00,63.0,63.0095,63.0,63.0095,305.0
2019-03-28 12:08:00,63.0,63.0,63.0,63.0,231.0
2019-03-28 12:09:00,63.11,63.13,63.11,63.13,430.0
2019-03-28 12:10:00,63.3,63.3,63.3,63.3,303.0
2019-03-28 12:11:00,63.3,63.3,63.3,63.3,200.0
2019-03-28 12:12:00,63.04,63.04,62.93,62.93,817.0
2019-03-28 12:14:00,63.08,63.16,63.08,63.16,916.0
2019-03-28 12:16:00,63.25,63.595,63.25,63.595,504.0
2019-03-28 12:17:00,63.16,63.16,63.16,63.16,209.0
2019-03-28 12:19:00,63.28,63.28,63.08,63.215,1364.0
2019-03-28 12:20:00,63.34,63.34,63.25,63.25,543.0
2019-03-28 12:21:00,63.295,63.295,63.295,63.295,200.0
2019-03-28 12:22:00,63.45,63.45,63.26,63.26,423.0
2019-03-28 12:23:00,63.15,63.15,63.15,63.15,142.0
2019-03-28 12:36:00,63.27,63.27,63.27,63.27,102.0
2019-03-28 12:40:00,63.45,63.45,63.45,63.45,300.0
2019-03-28 12:41:00,63.45,63.45,63.32,63.32,302.0
2019-03-28 12:44:00,63.2,63.2,63.2,63.2,201.0
2019-03-28 12:47:00,63.4,63.4,63.265,63.2895,1179.0
2019-03-28 12:48:00,63.255,63.2695,63.15,63.16,865.0
2019-03-28 12:51:00,63.33,63.33,63.33,63.33,104.0
2019-03-28 12:52:00,63.3,63.3,63.3,63.3,305.0
2019-03-28 12:53:00,63.17,63.17,63.17,63.17,403.0
2019-03-28 12:54:00,63.08,63.095,62.9,63.04,494.0
2019-03-28 12:55:00,63.0,63.0099,63.0,63.0099,201.0
2019-03-28 12:56:00,63.0,63.0199,63.0,63.005,1204.0
2019-03-28 12:57:00,63.15,63.15,63.15,63.15,106.0
2019-03-28 12:58:00,63.27,63.27,63.27,63.27,301.0
2019-03-28 12:59:00,63.11,63.11,63.11,63.11,0.0
2019-03-28 13:00:00,63.26,63.27,63.23,63.23,32539.0
2019-03-28 13:01:00,63.35,63.35,63.24,63.24,662.0
2019-03-28 13:02:00,63.17,63.17,63.17,63.17,100.0
2019-03-28 13:03:00,63.245,63.35,63.245,63.35,802.0
2019-03-28 13:04:00,63.37,63.37,63.1,63.1,1460.0
2019-03-28 13:05:00,63.045,63.11,63.0,63.0095,730.0
2019-03-28 13:06:00,63.03,63.335,63.03,63.335,707.0
2019-03-28 13:08:00,63.27,63.27,63.22,63.22,1255.0
2019-03-28 13:09:00,63.14,63.23,63.14,63.23,816.0
2019-03-28 13:11:00,63.305,63.305,63.1,63.1,440.0
2019-03-28 13:15:00,63.175,63.25,63.175,63.25,1102.0
2019-03-28 13:16:00,63.15,63.22,63.15,63.22,202.0
2019-03-28 13:17:00,63.165,63.165,63.015,63.02,1124.0
2019-03-28 13:18:00,63.19,63.2,63.19,63.2,400.0
2019-03-28 13:19:00,63.12,63.12,63.01,63.1,1622.0
2019-03-28 13:22:00,63.05,63.06,63.05,63.06,450.0
2019-03-28 13:24:00,63.09,63.19,63.045,63.045,1236.0
2019-03-28 13:36:00,63.0,63.0,63.0,63.0,101.0
2019-03-28 13:37:00,63.0,63.0,62.955,62.955,552.0
2019-03-28 13:38:00,63.0,63.0,63.0,63.0,138.0
2019-03-28 13:39:00,63.04,63.05,63.04,63.05,309.0
2019-03-28 13:41:00,63.0,63.06,63.0,63.0,1565.0
2019-03-28 13:44:00,63.05,63.05,63.05,63.05,224.0
2019-03-28 13:45:00,62.92,63.03,62.92,62.97,432.0
2019-03-28 13:46:00,63.04,63.04,63.04,63.04,450.0
2019-03-28 13:48:00,63.125,63.125,63.02,63.02,779.0
2019-03-28 13:54:00,63.17,63.17,62.99,62.99,1178.0
2019-03-28 13:55:00,63.0,63.0,63.0,63.0,581.0
2019-03-28 13:56:00,63.08,63.08,63.01,63.02,619.0
2019-03-28 14:00:00,63.09,63.09,63.09,63.09,298.0
2019-03-28 14:02:00,63.25,63.25,63.25,63.25,403.0
2019-03-28 14:04:00,63.16,63.2,63.05,63.2,1058.0
2019-03-28 14:05:00,63.25,63.3295,63.25,63.3295,1307.0
2019-03-28 14:07:00,63.45,63.45,63.2,63.2,424.0
2019-03-28 14:16:00,63.2,63.2,63.2,63.2,101.0
2019-03-28 14:19:00,63.06,63.06,63.06,63.06,100.0
2019-03-28 14:20:00,63.2,63.2,63.12,63.18,960.0
2019-03-28 14:31:00,63.1,63.1,63.1,63.1,113.0
2019-03-28 14:33:00,63.445,63.445,63.445,63.445,376.0
2019-03-28 14:49:00,63.505,63.505,63.505,63.505,105.0
2019-03-28 14:58:00,63.405,63.405,63.405,63.405,287.0
2019-03-28 15:05:00,63.98,63.98,63.98,63.98,138.0
2019-03-28 15:07:00,63.51,63.51,63.51,63.51,116.0
2019-03-28 15:08:00,63.67,63.67,63.67,63.67,299.0
2019-03-28 15:16:00,63.51,63.51,63.51,63.51,342.0
2019-03-28 15:30:00,63.71,63.71,63.71,63.71,295.0
2019-03-28 15:39:00,63.4869,63.4869,63.38,63.385,441.0
2019-03-28 15:40:00,63.47,63.9,63.47,63.9,874.0
2019-03-28 15:45:00,63.61,63.71,63.46,63.46,2451.0
2019-03-28 15:48:00,63.38,63.38,63.38,63.38,114.0
2019-03-28 15:49:00,63.565,63.565,63.565,63.565,182.0
2019-03-28 15:50:00,63.38,63.38,63.37,63.37,670.0
2019-03-28 15:51:00,63.01,63.01,63.01,63.01,113.0
2019-03-28 15:53:00,63.01,63.01,62.845,62.875,977.0
2019-03-28 15:54:00,63.015,63.015,62.83,62.83,462.0
2019-03-28 15:55:00,62.82,62.82,62.25,62.66,3890.0
2019-03-28 15:56:00,62.66,62.67,62.6,62.6,1485.0
2019-03-28 15:57:00,62.7729,62.88,62.695,62.88,538.0
2019-03-28 15:58:00,62.88,62.88,62.57,62.57,491.0
2019-03-28 15:59:00,63.25,63.53,62.94,63.255,1391.0
2019-03-28 16:00:00,63.26,63.26,62.61,62.69,2306.0
2019-03-29 09:31:00,63.54,63.54,63.54,63.54,356.0
2019-03-29 09:36:00,62.875,62.9938,62.875,62.9938,241.0
2019-03-29 09:49:00,62.459,62.459,62.459,62.459,472.0
2019-03-29 09:59:00,63.35,63.35,62.47,62.47,237.0
2019-03-29 10:06:00,63.41,63.41,63.41,63.41,110.0
2019-03-29 10:13:00,62.89,62.89,62.46,62.46,1000.0
2019-03-29 10:14:00,62.31,62.31,62.23,62.23,331.0
2019-03-29 10:19:00,62.5713,62.5713,62.5713,62.5713,153.0
2019-03-29 10:23:00,62.57,62.57,62.26,62.26,770.0
2019-03-29 10:25:00,62.12,62.12,62.12,62.12,153.0
2019-03-29 10:26:00,62.3,62.3,62.0,62.0,849.0
2019-03-29 10:30:00,62.26,62.3,62.26,62.3,329.0
2019-03-29 10:31:00,62.25,62.3,62.25,62.3,301.0
2019-03-29 10:32:00,62.25,62.25,62.02,62.02,1699.0
2019-03-29 10:34:00,62.0,62.0,62.0,62.0,351.0
2019-03-29 10:36:00,62.0,62.27,62.0,62.27,311.0
2019-03-29 10:40:00,62.24,62.24,62.24,62.24,103.0
2019-03-29 10:41:00,62.17,62.2,62.1601,62.2,600.0
2019-03-29 10:42:00,62.2,62.2,62.15,62.15,678.0
2019-03-29 10:44:00,62.2,62.2,62.2,62.2,100.0
2019-03-29 10:45:00,62.2,62.43,62.2,62.43,503.0
2019-03-29 10:48:00,61.9,62.0,61.85,61.85,751.0
2019-03-29 10:49:00,62.0,62.1,61.99,62.1,1405.0
2019-03-29 10:51:00,62.3,62.3,62.3,62.3,922.0
2019-03-29 10:58:00,62.35,62.35,62.3,62.3,400.0
2019-03-29 10:59:00,62.27,62.29,62.16,62.29,826.0
2019-03-29 11:00:00,62.33,62.33,61.91,61.91,201.0
2019-03-29 11:02:00,62.145,62.145,62.145,62.145,101.0
2019-03-29 11:04:00,62.17,62.18,62.17,62.18,483.0
2019-03-29 11:06:00,62.29,62.2999,62.29,62.2999,200.0
2019-03-29 11:07:00,62.2,62.33,62.2,62.33,824.0
2019-03-29 11:08:00,62.27,62.27,62.27,62.27,503.0
2019-03-29 11:09:00,62.27,62.27,62.2196,62.2196,605.0
2019-03-29 11:13:00,63.05,63.05,63.05,63.05,234.0
2019-03-29 11:16:00,62.43,62.43,62.43,62.43,103.0
2019-03-29 11:17:00,62.31,62.66,62.31,62.66,201.0
2019-03-29 11:18:00,62.57,63.4,62.57,63.4,501.0
2019-03-29 11:20:00,62.46,62.46,62.46,62.46,210.0
2019-03-29 11:22:00,62.32,62.36,62.32,62.32,1205.0
2019-03-29 11:24:00,62.88,62.88,62.44,62.44,804.0
2019-03-29 11:26:00,62.25,62.25,62.25,62.25,510.0
2019-03-29 11:27:00,62.27,62.4009,62.25,62.25,1005.0
2019-03-29 11:29:00,62.25,62.25,62.25,62.25,101.0
2019-03-29 11:30:00,63.35,63.35,63.35,63.35,124.0
2019-03-29 11:31:00,62.25,62.25,62.25,62.25,108.0
2019-03-29 11:32:00,62.66,62.66,62.66,62.66,300.0
2019-03-29 11:33:00,62.25,62.25,62.25,62.25,580.0
2019-03-29 11:34:00,62.31,62.31,62.31,62.31,328.0
2019-03-29 11:41:00,62.41,62.41,62.3,62.3,204.0
2019-03-29 11:42:00,62.72,62.72,62.72,62.72,106.0
2019-03-29 11:43:00,62.49,62.49,62.49,62.49,203.0
2019-03-29 11:44:00,62.79,62.79,62.43,62.43,505.0
2019-03-29 11:46:00,62.14,62.14,62.14,62.14,152.0
2019-03-29 11:48:00,62.15,62.47,62.15,62.47,341.0
2019-03-29 11:49:00,62.51,62.51,62.51,62.51,100.0
2019-03-29 11:50:00,62.26,62.26,62.26,62.26,400.0
2019-03-29 11:51:00,62.33,62.38,62.25,62.38,542.0
2019-03-29 11:54:00,62.29,62.29,62.29,62.29,104.0
2019-03-29 11:55:00,62.38,62.38,62.38,62.38,499.0
2019-03-29 11:56:00,62.3,62.35,62.3,62.35,971.0
2019-03-29 12:01:00,62.85,62.85,62.85,62.85,334.0
2019-03-29 12:11:00,62.63,62.63,62.63,62.63,400.0
2019-03-29 12:12:00,62.32,62.32,62.32,62.32,505.0
2019-03-29 12:19:00,62.9,62.9,62.9,62.9,100.0
2019-03-29 12:22:00,62.5,62.5,62.25,62.25,3004.0
2019-03-29 12:23:00,62.24,62.24,62.24,62.24,100.0
2019-03-29 12:25:00,62.25,62.93,62.25,62.93,200.0
2019-03-29 12:26:00,62.25,62.32,62.23,62.23,1065.0
2019-03-29 12:27:00,62.48,62.495,62.26,62.495,405.0
2019-03-29 12:33:00,62.63,62.63,62.63,62.63,100.0
2019-03-29 12:39:00,62.93,62.93,62.93,62.93,279.0
2019-03-29 12:46:00,62.78,62.78,62.78,62.78,100.0
2019-03-29 12:47:00,62.75,62.75,62.75,62.75,413.0
2019-03-29 12:53:00,62.9,62.9,62.9,62.9,100.0
2019-03-29 12:54:00,63.21,63.21,63.21,63.21,100.0
2019-03-29 12:58:00,62.9248,62.9248,62.9248,62.9248,100.0
2019-03-29 13:00:00,62.9,62.9,62.78,62.78,1160.0
2019-03-29 13:01:00,62.75,62.785,62.75,62.75,3079.0
2019-03-29 13:20:00,63.17,63.17,63.17,63.17,112.0
2019-03-29 13:34:00,62.57,62.98,62.54,62.98,2100.0
2019-03-29 13:36:00,62.7994,62.7994,62.7994,62.7994,184.0
2019-03-29 13:44:00,62.7773,62.7773,62.7773,62.7773,250.0
2019-03-29 13:54:00,62.94,62.94,62.76,62.76,247.0
2019-03-29 13:56:00,62.7904,62.7904,62.7904,62.7904,275.0
2019-03-29 13:59:00,62.68,62.68,62.68,62.68,296.0
2019-03-29 14:04:00,62.92,62.92,62.92,62.92,100.0
2019-03-29 14:05:00,62.92,62.92,62.85,62.85,307.0
2019-03-29 14:07:00,62.8483,62.85,62.815,62.85,614.0
2019-03-29 14:14:00,62.78,62.815,62.745,62.745,850.0
2019-03-29 14:19:00,62.9,62.9,62.9,62.9,129.0
2019-03-29 14:21:00,62.72,62.74,62.72,62.74,565.0
2019-03-29 14:25:00,62.74,62.74,62.74,62.74,100.0
2019-03-29 14:26:00,62.87,62.92,62.78,62.79,1766.0
2019-03-29 14:28:00,62.92,62.92,62.92,62.92,235.0
2019-03-29 14:33:00,62.91,62.91,62.86,62.86,200.0
2019-03-29 14:34:00,62.92,62.92,62.885,62.885,404.0
2019-03-29 14:35:00,62.92,62.92,62.92,62.92,600.0
2019-03-29 14:36:00,62.92,62.92,62.8,62.8,1473.0
2019-03-29 15:21:00,62.715,62.715,62.715,62.715,280.0
2019-03-29 15:28:00,62.6,62.6,62.6,62.6,216.0
2019-03-29 15:34:00,62.6,62.68,62.6,62.6,1000.0
2019-03-29 15:35:00,62.58,62.58,62.58,62.58,946.0
2019-03-29 15:40:00,62.845,62.845,62.845,62.845,200.0
2019-03-29 15:44:00,62.8,62.8,62.8,62.8,400.0
2019-03-29 15:45:00,62.45,62.45,62.45,62.45,105.0
2019-03-29 15:46:00,62.415,62.415,62.415,62.415,100.0
2019-03-29 15:47:00,62.85,62.85,62.85,62.85,200.0
2019-03-29 15:48:00,62.4,62.45,62.4,62.45,207.0
2019-03-29 15:49:00,62.35,62.4,62.35,62.4,288.0
2019-03-29 15:50:00,62.5286,62.5286,62.5286,62.5286,189.0
2019-03-29 15:52:00,62.3892,62.49,62.35,62.49,755.0
2019-03-29 15:54:00,62.615,62.615,62.615,62.615,101.0
2019-03-29 15:55:00,62.3871,62.83,62.3871,62.83,305.0
2019-03-29 15:56:00,62.4,62.4,62.4,62.4,100.0
2019-03-29 15:58:00,63.3,63.3,62.4,62.4,254.0
2019-03-29 15:59:00,62.85,62.96,62.43,62.695,435.0
2019-03-29 16:00:00,62.99,62.99,62.36,62.36,1845.0
2019-04-01 09:31:00,63.0,63.0,63.0,63.0,2333.0
2019-04-01 09:37:00,62.9656,62.9656,62.9656,62.9656,340.0
2019-04-01 09:40:00,63.0387,63.0387,63.0387,63.0387,1092.0
2019-04-01 09:58:00,62.39,62.39,62.39,62.39,311.0
2019-04-01 10:01:00,62.11,62.11,62.11,62.11,736.0
2019-04-01 10:02:00,62.14,62.14,62.14,62.14,1460.0
2019-04-01 10:03:00,62.5512,62.5512,62.5512,62.5512,535.0
2019-04-01 10:09:00,61.63,61.63,61.63,61.63,200.0
2019-04-01 10:10:00,62.0924,62.0924,62.0924,62.0924,458.0
2019-04-01 10:11:00,61.58,61.58,61.58,61.58,250.0
2019-04-01 10:15:00,61.56,61.56,61.56,61.56,2760.0
2019-04-01 10:21:00,62.3074,62.3074,62.3074,62.3074,434.0
2019-04-01 10:29:00,62.12,62.12,62.12,62.12,580.0
2019-04-01 10:38:00,60.9501,60.9501,60.9501,60.9501,318.0
2019-04-01 10:39:00,60.9601,60.9601,60.9601,60.9601,1366.0
2019-04-01 10:46:00,61.75,61.75,61.75,61.75,557.0
2019-04-01 10:50:00,62.36,62.36,62.36,62.36,106.0
2019-04-01 10:55:00,61.11,61.11,61.0,61.0,1620.0
2019-04-01 11:00:00,60.96,60.96,60.96,60.96,762.0
2019-04-01 11:02:00,61.22,61.22,61.22,61.22,210.0
2019-04-01 11:07:00,61.0,61.0,61.0,61.0,519.0
2019-04-01 11:10:00,61.8,61.8,61.8,61.8,105.0
2019-04-01 11:14:00,60.7217,60.7217,60.7217,60.7217,300.0
2019-04-01 11:18:00,61.0685,61.0685,61.0685,61.0685,130.0
2019-04-01 11:26:00,60.8,60.8,60.8,60.8,1472.0
2019-04-01 11:31:00,61.6,61.6,61.6,61.6,282.0
2019-04-01 11:40:00,61.3,61.3,61.3,61.3,1200.0
2019-04-01 11:41:00,61.05,61.05,61.04,61.04,941.0
2019-04-01 11:43:00,61.02,61.02,61.02,61.02,422.0
2019-04-01 11:45:00,61.1299,61.1299,61.1299,61.1299,203.0
2019-04-01 11:47:00,60.75,60.75,60.75,60.75,103.0
2019-04-01 11:49:00,61.07,61.07,61.07,61.07,1601.0
2019-04-01 11:50:00,61.02,61.02,61.02,61.02,1644.0
2019-04-01 11:51:00,61.0,61.0,61.0,61.0,202.0
2019-04-01 11:52:00,61.3,61.3,61.3,61.3,203.0
2019-04-01 11:53:00,61.0,61.0,61.0,61.0,204.0
2019-04-01 11:57:00,61.22,61.22,61.22,61.22,601.0
2019-04-01 11:59:00,61.6,61.6,61.19,61.19,1536.0
2019-04-01 12:01:00,61.19,61.19,61.19,61.19,819.0
2019-04-01 12:02:00,61.24,61.24,61.24,61.24,316.0
2019-04-01 12:03:00,61.18,61.18,61.18,61.18,772.0
2019-04-01 12:04:00,61.18,61.18,61.18,61.18,412.0
2019-04-01 12:06:00,60.94,60.9995,60.94,60.9995,1193.0
2019-04-01 12:11:00,61.13,61.13,61.13,61.13,324.0
2019-04-01 12:15:00,61.17,61.17,61.17,61.17,184.0
2019-04-01 12:17:00,61.24,61.24,61.19,61.19,1110.0
2019-04-01 12:20:00,61.03,61.04,61.03,61.04,413.0
2019-04-01 12:22:00,61.0,61.0,61.0,61.0,600.0
2019-04-01 12:23:00,61.22,61.22,61.22,61.22,208.0
2019-04-01 12:25:00,61.42,61.42,61.42,61.42,350.0
2019-04-01 12:26:00,61.19,61.19,61.19,61.19,979.0
2019-04-01 12:28:00,61.09,61.09,61.09,61.09,1229.0
2019-04-01 12:30:00,61.5,61.5,61.5,61.5,616.0
2019-04-01 12:31:00,61.31,61.31,61.31,61.31,576.0
2019-04-01 12:32:00,61.32,61.32,61.32,61.32,1207.0
2019-04-01 12:38:00,61.78,61.78,61.78,61.78,307.0
2019-04-01 13:00:00,61.36,61.36,61.36,61.36,105.0
2019-04-01 13:01:00,61.78,61.78,61.78,61.78,392.0
2019-04-01 13:12:00,61.75,61.75,61.7,61.7,1797.0
2019-04-01 13:13:00,61.725,61.725,61.725,61.725,1164.0
2019-04-01 13:14:00,61.61,61.61,61.57,61.57,1377.0
2019-04-01 13:15:00,61.645,61.645,61.645,61.645,205.0
2019-04-01 13:16:00,61.48,61.48,61.48,61.48,219.0
2019-04-01 13:23:00,61.62,61.62,61.62,61.62,314.0
2019-04-01 13:24:00,61.65,61.65,61.65,61.65,837.0
2019-04-01 13:38:00,61.76,61.76,61.76,61.76,143.0
2019-04-01 13:39:00,61.64,61.64,61.64,61.64,183.0
2019-04-01 13:44:00,61.6473,61.6473,61.6473,61.6473,298.0
2019-04-01 13:59:00,61.94,61.94,61.94,61.94,100.0
2019-04-01 14:00:00,61.685,61.685,61.685,61.685,435.0
2019-04-01 14:08:00,61.5775,61.5775,61.5775,61.5775,200.0
2019-04-01 14:13:00,61.575,61.575,61.575,61.575,105.0
2019-04-01 14:17:00,61.7,61.7,61.7,61.7,800.0
2019-04-01 14:21:00,61.74,61.74,61.62,61.62,873.0
2019-04-01 14:34:00,61.795,61.795,61.795,61.795,250.0
2019-04-01 14:45:00,61.795,61.795,61.795,61.795,599.0
2019-04-01 14:48:00,61.7,61.7,61.5,61.5,1435.0
2019-04-01 14:49:00,61.65,61.65,61.65,61.65,1600.0
2019-04-01 14:50:00,61.73,61.73,61.73,61.73,503.0
2019-04-01 14:51:00,61.85,61.85,61.85,61.85,823.0
2019-04-01 14:53:00,61.75,61.75,61.75,61.75,2135.0
2019-04-01 14:56:00,61.77,61.77,61.77,61.77,203.0
2019-04-01 14:58:00,61.8351,61.8351,61.8351,61.8351,280.0
2019-04-01 15:00:00,61.69,61.69,61.69,61.69,879.0
2019-04-01 15:05:00,61.425,61.425,61.425,61.425,434.0
2019-04-01 15:09:00,61.42,61.42,61.42,61.42,150.0
2019-04-01 15:14:00,61.405,61.405,61.405,61.405,518.0
2019-04-01 15:16:00,61.25,61.25,61.25,61.25,1310.0
2019-04-01 15:18:00,61.18,61.18,61.18,61.18,1730.0
2019-04-01 15:20:00,61.15,61.15,61.0,61.0,1857.0
2019-04-01 15:21:00,61.4999,61.4999,61.4999,61.4999,530.0
2019-04-01 15:32:00,61.435,61.435,61.435,61.435,407.0
2019-04-01 15:33:00,61.06,61.06,61.06,61.06,415.0
2019-04-01 15:36:00,61.05,61.225,61.05,61.225,624.0
2019-04-01 15:46:00,61.11,61.11,61.11,61.11,145.0
2019-04-01 15:48:00,61.09,61.09,61.08,61.08,1180.0
2019-04-01 15:50:00,60.95,60.95,60.92,60.92,1438.0
2019-04-01 15:53:00,60.92,60.92,60.92,60.92,707.0
2019-04-01 15:55:00,60.92,60.92,60.7329,60.7329,1976.0
2019-04-01 15:56:00,60.7551,60.7551,60.7551,60.7551,2145.0
2019-04-01 15:57:00,60.54,60.54,60.54,60.54,416.0
2019-04-01 15:59:00,60.7212,60.7212,60.7212,60.7212,556.0
2019-04-01 16:00:00,60.55,60.55,60.55,60.55,4154.0
2019-04-02 09:31:00,60.32,60.32,59.5601,59.5601,3748.0
2019-04-02 09:32:00,60.06,60.06,60.06,60.06,427.0
2019-04-02 09:34:00,59.9276,59.9276,59.9276,59.9276,558.0
2019-04-02 09:36:00,60.9,60.9,60.9,60.9,924.0
2019-04-02 09:40:00,60.8694,60.8694,60.8694,60.8694,781.0
2019-04-02 09:41:00,60.87,60.87,60.87,60.87,387.0
2019-04-02 09:43:00,60.54,60.54,60.54,60.54,1509.0
2019-04-02 09:44:00,60.5211,60.5211,60.0,60.2979,3189.0
2019-04-02 09:48:00,60.21,60.21,60.21,60.21,1602.0
2019-04-02 09:49:00,59.71,59.71,59.71,59.71,836.0
2019-04-02 09:52:00,59.68,59.68,59.68,59.68,275.0
2019-04-02 09:55:00,60.16,60.16,59.62,59.62,1437.0
2019-04-02 09:56:00,59.5,59.5,59.01,59.01,4096.0
2019-04-02 10:01:00,59.74,60.12,59.74,60.12,1201.0
2019-04-02 10:05:00,59.46,59.46,59.46,59.46,217.0
2019-04-02 10:06:00,59.73,59.73,59.73,59.73,502.0
2019-04-02 10:07:00,59.64,59.64,59.61,59.61,1413.0
2019-04-02 10:08:00,59.79,59.79,59.79,59.79,702.0
2019-04-02 10:09:00,59.55,59.55,59.55,59.55,1486.0
2019-04-02 10:10:00,59.5998,59.88,59.5998,59.88,1521.0
2019-04-02 10:12:00,59.44,59.44,59.44,59.44,560.0
2019-04-02 10:15:00,59.41,59.5936,59.41,59.5936,1525.0
2019-04-02 10:21:00,59.8,59.8,59.8,59.8,895.0
2019-04-02 10:24:00,59.8,59.8,59.755,59.755,1560.0
2019-04-02 10:25:00,59.985,59.985,59.985,59.985,2050.0
2019-04-02 10:27:00,59.9,59.9,59.9,59.9,351.0
2019-04-02 10:28:00,60.13,60.13,60.13,60.13,818.0
2019-04-02 10:30:00,59.89,59.89,59.89,59.89,100.0
2019-04-02 10:34:00,60.17,60.17,59.82,59.82,2871.0
2019-04-02 10:38:00,59.76,59.76,59.76,59.76,1159.0
2019-04-02 10:43:00,59.98,59.98,59.98,59.98,854.0
2019-04-02 10:44:00,59.94,59.94,59.94,59.94,330.0
2019-04-02 10:51:00,60.1,60.1,60.1,60.1,515.0
2019-04-02 10:52:00,60.17,60.17,60.17,60.17,107.0
2019-04-02 10:55:00,59.98,59.98,59.98,59.98,200.0
2019-04-02 10:56:00,60.17,60.17,60.17,60.17,251.0
2019-04-02 10:57:00,60.17,60.17,60.17,60.17,100.0
2019-04-02 11:00:00,60.08,60.105,60.08,60.105,1280.0
2019-04-02 11:02:00,60.11,60.25,60.11,60.2499,2752.0
2019-04-02 11:05:00,59.98,59.98,59.98,59.98,878.0
2019-04-02 11:06:00,60.105,60.105,60.105,60.105,303.0
2019-04-02 11:07:00,60.31,60.31,60.31,60.31,1101.0
2019-04-02 11:08:00,60.86,60.86,60.86,60.86,1316.0
2019-04-02 11:10:00,60.7692,60.7692,60.7692,60.7692,242.0
2019-04-02 11:12:00,60.86,60.86,60.86,60.86,529.0
2019-04-02 11:13:00,60.845,60.845,60.81,60.81,1490.0
2019-04-02 11:14:00,60.87,60.87,60.87,60.87,638.0
2019-04-02 11:16:00,60.97,61.0,60.97,61.0,1610.0
2019-04-02 11:17:00,61.24,61.24,61.24,61.24,637.0
2019-04-02 11:22:00,60.695,61.2399,60.695,61.2399,831.0
2019-04-02 11:24:00,61.1,61.1,61.1,61.1,816.0
2019-04-02 11:27:00,61.19,61.19,61.19,61.19,630.0
2019-04-02 11:29:00,60.21,60.21,60.21,60.21,101.0
2019-04-02 11:31:00,61.24,61.24,61.0224,61.0224,1305.0
2019-04-02 11:33:00,61.0,61.0,61.0,61.0,410.0
2019-04-02 11:35:00,61.03,61.03,61.03,61.03,1066.0
2019-04-02 11:36:00,61.2,61.2,61.2,61.2,130.0
2019-04-02 11:39:00,61.12,61.12,61.12,61.12,100.0
2019-04-02 11:40:00,61.19,61.2,61.19,61.2,2093.0
2019-04-02 11:41:00,61.3662,61.3662,61.3662,61.3662,976.0
2019-04-02 11:44:00,61.47,61.47,61.47,61.47,270.0
2019-04-02 11:47:00,61.53,61.53,61.53,61.53,307.0
2019-04-02 11:49:00,61.675,61.675,61.675,61.675,521.0
2019-04-02 11:50:00,61.575,61.575,61.575,61.575,578.0
2019-04-02 11:51:00,61.575,61.575,61.575,61.575,220.0
2019-04-02 11:52:00,61.55,61.55,61.55,61.55,310.0
2019-04-02 11:55:00,61.72,61.72,61.72,61.72,380.0
2019-04-02 11:59:00,62.01,62.01,62.01,62.01,706.0
2019-04-02 12:05:00,62.61,62.61,62.61,62.61,332.0
2019-04-02 12:07:00,62.6102,62.6102,62.6102,62.6102,206.0
2019-04-02 12:09:00,62.6,62.75,62.6,62.75,944.0
2019-04-02 12:12:00,63.61,63.61,63.61,63.61,500.0
2019-04-02 12:14:00,63.39,63.39,63.39,63.39,918.0
2019-04-02 12:23:00,64.1288,64.1288,64.1288,64.1288,778.0
2019-04-02 12:24:00,63.67,63.67,63.67,63.67,380.0
2019-04-02 12:25:00,63.43,63.43,63.43,63.43,297.0
2019-04-02 12:26:00,63.42,63.42,62.985,62.985,3140.0
2019-04-02 12:30:00,63.355,63.355,63.355,63.355,704.0
2019-04-02 12:35:00,63.21,63.21,62.885,62.885,1000.0
2019-04-02 12:37:00,62.6561,62.6561,62.6561,62.6561,254.0
2019-04-02 12:47:00,63.11,63.11,63.11,63.11,716.0
2019-04-02 12:48:00,63.27,63.27,63.27,63.27,206.0
2019-04-02 12:50:00,63.045,63.045,63.045,63.045,146.0
2019-04-02 12:54:00,63.15,63.15,63.15,63.15,131.0
2019-04-02 12:56:00,63.1,63.1,63.1,63.1,669.0
2019-04-02 12:57:00,63.2305,63.2305,63.2305,63.2305,685.0
2019-04-02 13:02:00,63.22,63.22,63.22,63.22,204.0
2019-04-02 13:03:00,62.98,62.98,62.98,62.98,347.0
2019-04-02 13:07:00,62.9551,62.9551,62.9551,62.9551,202.0
2019-04-02 13:14:00,63.13,63.13,63.13,63.13,356.0
2019-04-02 13:15:00,63.36,63.36,63.36,63.36,626.0
2019-04-02 13:30:00,63.2,63.2,63.2,63.2,609.0
2019-04-02 13:31:00,63.15,63.15,63.15,63.15,325.0
2019-04-02 13:36:00,63.58,63.58,63.58,63.58,106.0
2019-04-02 13:37:00,63.39,63.39,63.39,63.39,100.0
2019-04-02 13:38:00,63.47,63.47,63.47,63.47,309.0
2019-04-02 13:40:00,63.47,63.47,63.47,63.47,581.0
2019-04-02 13:41:00,63.5718,63.5718,63.5718,63.5718,457.0
2019-04-02 13:46:00,63.46,63.46,63.46,63.46,283.0
2019-04-02 13:48:00,63.61,63.61,63.61,63.61,305.0
2019-04-02 13:51:00,63.99,63.99,63.99,63.99,2000.0
2019-04-02 13:52:00,64.43,64.43,64.43,64.43,347.0
2019-04-02 13:53:00,64.44,64.44,64.44,64.44,150.0
2019-04-02 13:55:00,64.39,64.39,64.39,64.39,290.0
2019-04-02 13:57:00,64.34,64.34,64.32,64.33,2172.0
2019-04-02 13:58:00,64.2,64.2,64.18,64.18,1228.0
2019-04-02 14:00:00,64.01,64.01,64.01,64.01,490.0
2019-04-02 14:01:00,64.01,64.01,64.0,64.0,1752.0
2019-04-02 14:02:00,64.405,64.405,64.405,64.405,212.0
2019-04-02 14:07:00,63.86,63.86,63.86,63.86,243.0
2019-04-02 14:09:00,64.84,64.84,64.84,64.84,901.0
2019-04-02 14:10:00,64.8223,64.8223,64.8223,64.8223,209.0
2019-04-02 14:15:00,64.66,64.66,64.66,64.66,282.0
2019-04-02 14:22:00,64.43,64.43,64.43,64.43,990.0
2019-04-02 14:24:00,64.53,64.53,64.53,64.53,298.0
2019-04-02 14:27:00,64.61,64.61,64.61,64.61,261.0
2019-04-02 14:37:00,64.235,64.235,64.235,64.235,238.0
2019-04-02 14:42:00,64.42,64.42,64.42,64.42,616.0
2019-04-02 14:46:00,64.41,64.41,64.41,64.41,553.0
2019-04-02 15:09:00,64.42,64.43,64.42,64.43,1333.0
2019-04-02 15:14:00,64.1442,64.1442,64.1442,64.1442,187.0
2019-04-02 15:25:00,64.3,64.3,64.3,64.3,2134.0
2019-04-02 15:29:00,64.3,64.34,64.14,64.14,1879.0
2019-04-02 15:32:00,64.6789,64.6789,64.289,64.289,1253.0
2019-04-02 15:34:00,64.21,64.21,64.21,64.21,916.0
2019-04-02 15:35:00,64.025,64.025,64.025,64.025,1193.0
2019-04-02 15:37:00,63.4821,63.4821,63.4821,63.4821,405.0
2019-04-02 15:39:00,63.02,63.02,63.02,63.02,377.0
2019-04-02 15:42:00,63.19,63.19,63.19,63.19,223.0
2019-04-02 15:45:00,63.54,63.54,63.54,63.54,854.0
2019-04-02 15:47:00,63.91,63.91,63.91,63.91,100.0
2019-04-02 15:48:00,64.23,64.3,64.23,64.3,1146.0
2019-04-02 15:49:00,64.32,64.32,64.32,64.32,754.0
2019-04-02 15:50:00,64.0,64.0,64.0,64.0,609.0
2019-04-02 15:53:00,64.01,64.01,64.01,64.01,105.0
2019-04-02 15:55:00,64.1517,64.1517,63.76,63.76,1513.0
2019-04-02 15:57:00,64.25,64.25,64.25,64.25,274.0
2019-04-02 16:00:00,63.96,63.98,63.96,63.98,5758.0
2019-04-03 09:31:00,64.52,64.52,64.52,64.52,1120.0
2019-04-03 09:34:00,65.0,65.0,65.0,65.0,864.0
2019-04-03 09:35:00,64.61,64.61,64.61,64.61,817.0
2019-04-03 09:39:00,63.959,63.959,63.959,63.959,538.0
2019-04-03 09:41:00,64.8476,64.8476,64.8476,64.8476,271.0
2019-04-03 09:42:00,64.55,64.55,64.55,64.55,330.0
2019-04-03 09:54:00,64.73,64.73,64.66,64.66,200.0
2019-04-03 09:56:00,65.04,65.04,65.04,65.04,183.0
2019-04-03 10:02:00,65.04,65.04,65.04,65.04,100.0
2019-04-03 10:03:00,65.4,65.4,65.4,65.4,520.0
2019-04-03 10:05:00,65.8437,65.8437,65.8437,65.8437,478.0
2019-04-03 10:08:00,65.85,65.85,65.85,65.85,539.0
2019-04-03 10:12:00,66.62,66.62,66.62,66.62,259.0
2019-04-03 10:16:00,65.625,65.625,65.625,65.625,100.0
2019-04-03 10:17:00,66.62,66.62,66.62,66.62,174.0
2019-04-03 10:19:00,66.3164,66.3164,66.3164,66.3164,294.0
2019-04-03 10:20:00,66.5669,66.5669,66.5669,66.5669,278.0
2019-04-03 10:28:00,66.0,66.0,66.0,66.0,1025.0
2019-04-03 10:29:00,66.2382,66.2382,66.2382,66.2382,877.0
2019-04-03 10:32:00,66.69,66.69,66.68,66.68,1673.0
2019-04-03 10:40:00,66.5311,66.5311,66.5311,66.5311,650.0
2019-04-03 10:42:00,65.79,66.73,65.79,66.73,539.0
2019-04-03 10:45:00,65.93,65.93,65.93,65.93,208.0
2019-04-03 10:48:00,66.24,66.24,66.24,66.24,476.0
2019-04-03 10:50:00,66.38,66.38,66.27,66.27,752.0
2019-04-03 10:55:00,66.495,66.495,66.495,66.495,211.0
2019-04-03 11:00:00,66.365,66.365,66.365,66.365,706.0
2019-04-03 11:02:00,66.35,66.35,66.35,66.35,503.0
2019-04-03 11:08:00,66.55,66.55,66.55,66.55,287.0
2019-04-03 11:14:00,66.39,66.39,66.39,66.39,480.0
2019-04-03 11:16:00,66.5299,66.5299,66.5299,66.5299,290.0
2019-04-03 11:22:00,66.4025,66.4025,66.4025,66.4025,678.0
2019-04-03 11:25:00,66.19,66.19,66.19,66.19,678.0
2019-04-03 11:28:00,66.0989,66.0989,66.0989,66.0989,113.0
2019-04-03 11:31:00,66.24,66.24,66.24,66.24,102.0
2019-04-03 11:32:00,66.07,66.3,66.07,66.3,838.0
2019-04-03 11:33:00,66.4,66.4,66.4,66.4,684.0
2019-04-03 11:35:00,66.6,66.6,66.6,66.6,947.0
2019-04-03 11:42:00,66.8598,66.8598,66.8598,66.8598,805.0
2019-04-03 11:52:00,66.84,66.84,66.84,66.84,104.0
2019-04-03 11:55:00,66.86,66.86,66.86,66.86,624.0
2019-04-03 11:56:00,67.1,67.1,67.1,67.1,883.0
2019-04-03 12:00:00,67.5,67.5,67.5,67.5,834.0
2019-04-03 12:12:00,67.44,67.44,67.44,67.44,380.0
2019-04-03 12:13:00,67.59,67.61,67.59,67.61,878.0
2019-04-03 12:19:00,67.4502,67.4502,67.4502,67.4502,734.0
2019-04-03 12:31:00,67.48,67.48,67.48,67.48,310.0
2019-04-03 12:32:00,67.14,67.14,67.14,67.14,723.0
2019-04-03 12:43:00,66.56,66.56,66.56,66.56,300.0
2019-04-03 12:50:00,66.895,66.895,66.895,66.895,102.0
2019-04-03 12:53:00,67.14,67.14,67.14,67.14,350.0
2019-04-03 12:54:00,67.28,67.28,67.28,67.28,897.0
2019-04-03 13:02:00,66.9341,66.9341,66.9341,66.9341,634.0
2019-04-03 13:03:00,66.9728,66.9728,66.9728,66.9728,536.0
2019-04-03 13:04:00,66.99,66.99,66.99,66.99,470.0
2019-04-03 13:07:00,66.99,67.0,66.99,67.0,1800.0
2019-04-03 13:08:00,67.5,67.76,67.2267,67.6514,3532.0
2019-04-03 13:10:00,67.75,67.75,67.75,67.75,439.0
2019-04-03 13:17:00,67.86,67.86,67.86,67.86,220.0
2019-04-03 13:19:00,67.245,67.245,67.245,67.245,203.0
2019-04-03 13:20:00,67.72,67.72,67.72,67.72,101.0
2019-04-03 13:25:00,67.3706,67.3706,67.3706,67.3706,424.0
2019-04-03 13:32:00,67.72,67.72,67.72,67.72,422.0
2019-04-03 13:46:00,67.78,67.78,67.78,67.78,467.0
2019-04-03 13:52:00,67.74,67.74,67.74,67.74,489.0
2019-04-03 14:00:00,67.23,67.23,67.23,67.23,111.0
2019-04-03 14:01:00,67.32,67.32,67.32,67.32,401.0
2019-04-03 14:03:00,67.09,67.09,67.09,67.09,210.0
2019-04-03 14:04:00,67.56,67.56,67.56,67.56,378.0
2019-04-03 14:06:00,67.1535,67.1535,67.1535,67.1535,156.0
2019-04-03 14:15:00,67.055,67.055,67.055,67.055,218.0
2019-04-03 14:22:00,67.36,67.36,67.36,67.36,526.0
2019-04-03 14:29:00,67.34,67.34,67.34,67.34,100.0
2019-04-03 14:30:00,67.35,67.35,67.35,67.35,215.0
2019-04-03 14:38:00,67.38,67.38,67.38,67.38,487.0
2019-04-03 14:52:00,67.16,67.16,67.16,67.16,121.0
2019-04-03 14:55:00,67.5,67.5,67.5,67.5,834.0
2019-04-03 14:58:00,67.85,67.85,67.85,67.85,159.0
2019-04-03 15:01:00,67.85,67.85,67.85,67.85,146.0
2019-04-03 15:03:00,67.68,67.68,67.68,67.68,207.0
2019-04-03 15:07:00,67.53,67.53,67.53,67.53,741.0
2019-04-03 15:10:00,67.35,67.35,67.35,67.35,100.0
2019-04-03 15:11:00,67.5506,67.5506,67.5506,67.5506,624.0
2019-04-03 15:21:00,67.33,67.33,67.33,67.33,139.0
2019-04-03 15:24:00,67.17,67.17,67.17,67.17,337.0
2019-04-03 15:40:00,67.33,67.33,67.33,67.33,527.0
2019-04-03 15:44:00,67.35,67.35,67.35,67.35,209.0
2019-04-03 15:45:00,67.48,67.48,67.48,67.48,614.0
2019-04-03 15:49:00,67.55,67.55,67.51,67.51,921.0
2019-04-03 15:51:00,67.32,67.32,67.32,67.32,102.0
2019-04-03 15:52:00,67.11,67.11,67.11,67.11,286.0
2019-04-03 15:55:00,67.51,67.51,67.51,67.51,304.0
2019-04-03 15:56:00,67.18,67.18,67.18,67.18,126.0
2019-04-03 15:58:00,67.18,67.18,67.18,67.18,820.0
2019-04-03 16:00:00,67.37,67.57,67.37,67.57,3362.0
