
2019-03-19 09:31:00,23.51,23.51,23.51,23.51,0.0
2019-03-19 09:56:00,23.7648,23.7648,23.7648,23.7648,1575.0
2019-03-19 11:53:00,23.565,23.565,23.565,23.565,1136.0
2019-03-19 13:18:00,23.35,23.35,23.35,23.35,569.0
2019-03-19 13:20:00,23.35,23.35,23.35,23.35,200.0
2019-03-19 13:21:00,23.34,23.34,23.34,23.34,588.0
2019-03-19 13:44:00,23.33,23.33,23.33,23.33,749.0
2019-03-19 14:18:00,23.1925,23.1925,23.1925,23.1925,204.0
2019-03-19 14:19:00,23.11,23.11,23.11,23.11,648.0
2019-03-19 15:01:00,23.2,23.2,23.2,23.2,390.0
2019-03-19 15:59:00,23.0,23.0,23.0,23.0,1491.0
2019-03-20 09:56:00,22.71,22.71,22.71,22.71,2412.0
2019-03-20 10:12:00,22.9,22.9,22.9,22.9,335.0
2019-03-20 10:21:00,22.65,22.65,22.65,22.65,368.0
2019-03-20 11:18:00,22.65,22.65,22.65,22.65,570.0
2019-03-20 11:28:00,22.65,22.65,22.65,22.65,1530.0
2019-03-20 11:39:00,22.6,22.6,22.6,22.6,110.0
2019-03-20 11:42:00,22.6,22.6,22.6,22.6,701.0
2019-03-20 11:54:00,22.68,22.68,22.68,22.68,100.0
2019-03-20 11:58:00,22.63,22.63,22.6,22.6,833.0
2019-03-20 12:00:00,22.6,22.62,22.58,22.605,1951.0
2019-03-20 12:02:00,22.6,22.6,22.6,22.6,2151.0
2019-03-20 12:25:00,22.605,22.605,22.605,22.605,300.0
2019-03-20 12:26:00,22.605,22.605,22.605,22.605,1490.0
2019-03-20 12:27:00,22.625,22.625,22.61,22.61,1908.0
2019-03-20 12:41:00,22.64,22.64,22.64,22.64,100.0
2019-03-20 12:49:00,22.67,22.67,22.67,22.67,100.0
2019-03-20 13:10:00,22.732,22.732,22.732,22.732,410.0
2019-03-20 13:40:00,22.77,22.77,22.77,22.77,650.0
2019-03-20 13:46:00,22.685,22.685,22.685,22.685,721.0
2019-03-20 13:56:00,22.77,22.77,22.7,22.7,958.0
2019-03-20 14:06:00,22.725,22.725,22.725,22.725,100.0
2019-03-20 14:07:00,22.7195,22.7195,22.71,22.71,1184.0
2019-03-20 14:36:00,22.65,22.65,22.65,22.65,171.0
2019-03-20 15:04:00,22.68,22.68,22.68,22.68,1126.0
2019-03-20 15:35:00,22.69,22.69,22.69,22.69,200.0
2019-03-20 15:41:00,22.69,22.69,22.69,22.69,230.0
2019-03-20 15:45:00,22.87,22.87,22.87,22.87,100.0
2019-03-20 15:47:00,22.8,22.8,22.68,22.68,786.0
2019-03-20 15:50:00,22.62,22.65,22.62,22.65,1009.0
2019-03-20 15:52:00,22.6,22.6,22.6,22.6,230.0
2019-03-20 15:55:00,22.41,22.41,22.41,22.41,935.0
2019-03-20 15:59:00,22.55,22.55,22.55,22.55,104.0
2019-03-21 09:38:00,22.1663,22.1663,22.1663,22.1663,0.0
2019-03-21 09:41:00,22.1,22.1,22.1,22.1,1514.0
2019-03-21 09:42:00,22.1,22.1,22.1,22.1,100.0
2019-03-21 09:43:00,22.17,22.2,22.17,22.2,350.0
2019-03-21 09:45:00,22.18,22.18,22.18,22.18,250.0
2019-03-21 09:46:00,22.19,22.19,22.19,22.19,100.0
2019-03-21 09:47:00,22.16,22.16,22.16,22.16,200.0
2019-03-21 09:49:00,22.1,22.1,22.1,22.1,450.0
2019-03-21 09:50:00,22.1,22.1,22.1,22.1,200.0
2019-03-21 09:51:00,22.1,22.1,22.1,22.1,300.0
2019-03-21 09:52:00,22.1,22.1,22.1,22.1,142.0
2019-03-21 09:53:00,22.1,22.1,22.1,22.1,442.0
2019-03-21 09:54:00,22.12,22.12,22.12,22.12,200.0
2019-03-21 09:55:00,22.1,22.1,22.1,22.1,208.0
2019-03-21 09:56:00,22.1,22.1,22.1,22.1,100.0
2019-03-21 09:57:00,22.1,22.1,22.1,22.1,200.0
2019-03-21 09:58:00,22.1,22.1,22.1,22.1,100.0
2019-03-21 09:59:00,22.1,22.1,22.1,22.1,300.0
2019-03-21 10:00:00,22.14,22.14,22.14,22.14,300.0
2019-03-21 10:01:00,22.14,22.14,22.14,22.14,100.0
2019-03-21 10:02:00,22.14,22.14,22.14,22.14,431.0
2019-03-21 10:03:00,22.14,22.14,22.14,22.14,379.0
2019-03-21 10:06:00,22.16,22.16,22.16,22.16,489.0
2019-03-21 10:08:00,22.14,22.14,22.14,22.14,300.0
2019-03-21 10:09:00,22.14,22.14,22.14,22.14,160.0
2019-03-21 10:10:00,22.14,22.14,22.14,22.14,200.0
2019-03-21 10:12:00,22.14,22.14,22.14,22.14,174.0
2019-03-21 10:14:00,22.14,22.14,22.14,22.14,300.0
2019-03-21 10:15:00,22.14,22.14,22.14,22.14,300.0
2019-03-21 10:16:00,22.14,22.14,22.14,22.14,300.0
2019-03-21 10:17:00,22.14,22.14,22.14,22.14,200.0
2019-03-21 10:18:00,22.14,22.14,22.14,22.14,1028.0
2019-03-21 10:19:00,22.14,22.14,22.14,22.14,1128.0
2019-03-21 10:20:00,22.14,22.14,22.14,22.14,501.0
2019-03-21 10:21:00,22.14,22.14,22.14,22.14,105.0
2019-03-21 10:22:00,22.14,22.14,22.14,22.14,394.0
2019-03-21 10:23:00,22.14,22.14,22.14,22.14,300.0
2019-03-21 10:24:00,22.14,22.14,22.14,22.14,300.0
2019-03-21 10:25:00,22.14,22.44,22.14,22.44,261.0
2019-03-21 10:26:00,22.15,22.15,22.15,22.15,411.0
2019-03-21 10:27:00,22.3629,22.3629,22.3629,22.3629,940.0
2019-03-21 10:28:00,22.14,22.14,22.14,22.14,272.0
2019-03-21 10:50:00,22.31,22.31,22.31,22.31,244.0
2019-03-21 11:17:00,22.3943,22.3943,22.3943,22.3943,1031.0
2019-03-21 12:25:00,22.46,22.46,22.46,22.46,100.0
2019-03-21 12:39:00,22.47,22.47,22.47,22.47,171.0
2019-03-21 13:10:00,22.38,22.38,22.38,22.38,100.0
2019-03-21 13:15:00,22.36,22.36,22.36,22.36,384.0
2019-03-21 13:17:00,22.284,22.284,22.284,22.284,432.0
2019-03-21 13:18:00,22.32,22.32,22.32,22.32,654.0
2019-03-21 13:34:00,22.355,22.355,22.355,22.355,193.0
2019-03-21 13:36:00,22.27,22.27,22.27,22.27,279.0
2019-03-21 13:51:00,22.31,22.31,22.28,22.28,910.0
2019-03-21 14:12:00,22.22,22.22,22.22,22.22,639.0
2019-03-21 14:13:00,22.21,22.21,22.21,22.21,739.0
2019-03-21 14:14:00,22.2,22.2,22.2,22.2,573.0
2019-03-21 14:35:00,22.2902,22.2902,22.2902,22.2902,466.0
2019-03-21 15:19:00,22.295,22.295,22.295,22.295,130.0
2019-03-21 15:21:00,22.41,22.41,22.41,22.41,275.0
2019-03-21 15:23:00,22.2998,22.2998,22.2998,22.2998,203.0
2019-03-21 15:27:00,22.295,22.295,22.295,22.295,231.0
2019-03-21 15:28:00,22.295,22.295,22.295,22.295,415.0
2019-03-21 15:36:00,22.2902,22.2902,22.2902,22.2902,1024.0
2019-03-21 15:48:00,22.18,22.18,22.18,22.18,441.0
2019-03-21 15:49:00,22.15,22.15,22.15,22.15,235.0
2019-03-21 15:52:00,22.15,22.15,22.15,22.15,159.0
2019-03-21 15:55:00,22.28,22.28,22.17,22.17,565.0
2019-03-21 15:56:00,22.15,22.15,22.15,22.15,891.0
2019-03-21 16:00:00,22.14,22.14,22.14,22.14,2387.0
2019-03-22 09:31:00,22.02,22.02,22.02,22.02,178.0
2019-03-22 09:44:00,22.13,22.13,22.13,22.13,680.0
2019-03-22 09:45:00,22.115,22.115,22.115,22.115,440.0
2019-03-22 09:46:00,22.115,22.115,22.115,22.115,1320.0
2019-03-22 09:47:00,22.115,22.115,22.115,22.115,501.0
2019-03-22 09:48:00,22.105,22.105,22.105,22.105,932.0
2019-03-22 09:49:00,22.105,22.105,22.105,22.105,931.0
2019-03-22 09:50:00,22.0,22.0,21.89,21.89,2830.0
2019-03-22 09:51:00,21.96,21.96,21.903,21.96,401.0
2019-03-22 09:54:00,21.9605,21.9725,21.9605,21.9725,815.0
2019-03-22 10:24:00,21.805,21.805,21.805,21.805,181.0
2019-03-22 10:31:00,22.14,22.14,22.14,22.14,139.0
2019-03-22 10:38:00,21.69,21.69,21.69,21.69,179.0
2019-03-22 10:42:00,22.0,22.0,22.0,22.0,1527.0
2019-03-22 10:57:00,22.0,22.0,22.0,22.0,291.0
2019-03-22 11:06:00,21.8,21.8,21.8,21.8,679.0
2019-03-22 11:16:00,21.95,21.95,21.91,21.91,814.0
2019-03-22 11:20:00,21.91,21.91,21.91,21.91,3213.0
2019-03-22 11:26:00,21.93,21.93,21.93,21.93,168.0
2019-03-22 11:27:00,21.8075,21.8075,21.8075,21.8075,393.0
2019-03-22 11:31:00,21.7,21.7,21.7,21.7,478.0
2019-03-22 11:33:00,21.655,21.655,21.56,21.56,648.0
2019-03-22 11:34:00,21.56,21.605,21.56,21.605,1806.0
2019-03-22 11:35:00,21.56,21.56,21.56,21.56,866.0
2019-03-22 11:38:00,21.48,21.5,21.48,21.5,672.0
2019-03-22 11:54:00,21.33,21.33,21.33,21.33,151.0
2019-03-22 12:00:00,21.38,21.38,21.38,21.38,337.0
2019-03-22 12:02:00,21.47,21.47,21.4,21.4,300.0
2019-03-22 12:03:00,21.4,21.4,21.4,21.4,840.0
2019-03-22 12:37:00,21.345,21.345,21.345,21.345,351.0
2019-03-22 12:40:00,21.24,21.24,21.24,21.24,144.0
2019-03-22 12:44:00,21.24,21.24,21.24,21.24,325.0
2019-03-22 12:48:00,21.225,21.225,21.225,21.225,419.0
2019-03-22 12:49:00,21.16,21.16,21.16,21.16,279.0
2019-03-22 12:56:00,21.04,21.04,21.04,21.04,100.0
2019-03-22 12:58:00,21.06,21.06,21.06,21.06,288.0
2019-03-22 13:04:00,21.04,21.04,21.04,21.04,118.0
2019-03-22 13:06:00,21.23,21.23,21.23,21.23,218.0
2019-03-22 13:12:00,21.135,21.135,21.135,21.135,221.0
2019-03-22 13:30:00,21.14,21.14,21.14,21.14,341.0
2019-03-22 13:33:00,21.165,21.165,21.165,21.165,358.0
2019-03-22 13:43:00,21.1874,21.1874,21.1874,21.1874,567.0
2019-03-22 13:55:00,21.21,21.21,21.21,21.21,878.0
2019-03-22 14:08:00,21.24,21.24,21.24,21.24,400.0
2019-03-22 14:09:00,21.24,21.24,21.24,21.24,625.0
2019-03-22 14:15:00,21.36,21.36,21.36,21.36,290.0
2019-03-22 14:26:00,21.45,21.45,21.45,21.45,160.0
2019-03-22 14:36:00,21.3647,21.3647,21.3647,21.3647,215.0
2019-03-22 14:52:00,21.27,21.27,21.27,21.27,110.0
2019-03-22 14:55:00,21.37,21.37,21.37,21.37,282.0
2019-03-22 15:05:00,21.27,21.27,21.27,21.27,184.0
2019-03-22 15:11:00,21.47,21.47,21.47,21.47,170.0
2019-03-22 15:25:00,21.28,21.28,21.28,21.28,100.0
2019-03-22 15:28:00,21.45,21.45,21.45,21.45,233.0
2019-03-22 15:35:00,21.3,21.3,21.3,21.3,872.0
2019-03-22 15:46:00,21.3,21.3,21.3,21.3,121.0
2019-03-22 15:47:00,21.47,21.47,21.47,21.47,275.0
2019-03-22 15:49:00,21.3,21.3,21.3,21.3,528.0
2019-03-22 15:54:00,21.47,21.47,21.47,21.47,552.0
2019-03-22 15:55:00,21.45,21.45,21.45,21.45,117.0
2019-03-22 15:56:00,21.245,21.245,21.245,21.245,477.0
2019-03-22 15:57:00,21.43,21.43,21.43,21.43,545.0
2019-03-22 15:58:00,21.245,21.245,21.245,21.245,141.0
2019-03-22 15:59:00,21.43,21.43,21.43,21.43,260.0
2019-03-22 16:00:00,21.27,21.27,21.245,21.245,1639.0
2019-03-25 09:33:00,22.89,22.89,22.89,22.89,1502.0
2019-03-25 09:41:00,21.51,21.51,21.51,21.51,762.0
2019-03-25 10:06:00,21.12,21.12,21.12,21.12,639.0
2019-03-25 11:27:00,21.44,21.44,21.44,21.44,105.0
2019-03-25 11:32:00,21.16,21.16,21.16,21.16,601.0
2019-03-25 12:10:00,21.55,21.55,21.55,21.55,211.0
2019-03-25 12:17:00,21.35,21.35,21.35,21.35,100.0
2019-03-25 12:25:00,21.55,21.55,21.55,21.55,322.0
2019-03-25 13:51:00,21.445,21.445,21.445,21.445,606.0
2019-03-25 14:08:00,21.445,21.445,21.445,21.445,142.0
2019-03-25 15:05:00,21.45,21.45,21.45,21.45,551.0
2019-03-25 15:13:00,21.36,21.36,21.36,21.36,283.0
2019-03-25 15:36:00,21.43,21.44,21.43,21.44,1205.0
2019-03-25 15:42:00,21.4,21.4,21.4,21.4,965.0
2019-03-25 15:49:00,21.43,21.43,21.43,21.43,100.0
2019-03-25 15:51:00,21.385,21.385,21.385,21.385,105.0
2019-03-25 15:54:00,21.43,21.43,21.43,21.43,200.0
2019-03-25 15:57:00,21.4,21.4,21.4,21.4,526.0
2019-03-25 15:59:00,21.405,21.405,21.405,21.405,451.0
2019-03-25 16:00:00,21.33,21.43,21.33,21.43,0.0
2019-03-26 09:31:00,21.82,21.82,21.82,21.82,865.0
2019-03-26 10:01:00,21.744,21.744,21.744,21.744,116.0
2019-03-26 10:03:00,21.9529,21.9529,21.9529,21.9529,210.0
2019-03-26 10:40:00,21.92,21.92,21.92,21.92,216.0
2019-03-26 11:20:00,21.87,21.87,21.87,21.87,257.0
2019-03-26 12:38:00,21.35,21.35,21.35,21.35,699.0
2019-03-26 14:13:00,21.4751,21.4751,21.4751,21.4751,908.0
2019-03-26 14:14:00,21.5,21.5,21.5,21.5,410.0
2019-03-26 14:46:00,21.41,21.41,21.41,21.41,105.0
2019-03-26 14:52:00,21.6,21.6,21.6,21.6,200.0
2019-03-26 14:53:00,21.43,21.43,21.43,21.43,877.0
2019-03-26 15:05:00,21.58,21.58,21.58,21.58,113.0
2019-03-26 15:13:00,21.42,21.42,21.42,21.42,200.0
2019-03-26 15:14:00,21.42,21.42,21.42,21.42,805.0
2019-03-26 15:15:00,21.43,21.43,21.42,21.42,1061.0
2019-03-26 15:33:00,21.43,21.43,21.43,21.43,405.0
2019-03-26 15:38:00,21.43,21.43,21.41,21.41,348.0
2019-03-26 15:46:00,21.505,21.505,21.505,21.505,452.0
2019-03-26 15:47:00,21.58,21.58,21.58,21.58,200.0
2019-03-26 15:48:00,21.57,21.57,21.4575,21.4575,1205.0
2019-03-26 15:52:00,21.58,21.58,21.58,21.58,400.0
2019-03-26 15:54:00,21.57,21.57,21.57,21.57,1000.0
2019-03-26 15:55:00,21.4575,21.4575,21.4575,21.4575,500.0
2019-03-26 15:56:00,21.47,21.47,21.47,21.47,435.0
2019-03-26 15:57:00,21.57,21.57,21.57,21.57,342.0
2019-03-26 15:58:00,21.46,21.53,21.46,21.53,1823.0
2019-03-26 15:59:00,21.43,21.43,21.43,21.43,1028.0
2019-03-26 16:00:00,21.43,21.6,21.43,21.6,3307.0
2019-03-27 09:31:00,21.04,21.04,21.04,21.04,374.0
2019-03-27 11:02:00,21.11,21.11,21.11,21.11,530.0
2019-03-27 13:15:00,21.25,21.25,21.25,21.25,250.0
2019-03-27 13:42:00,21.18,21.18,21.18,21.18,1651.0
2019-03-27 13:46:00,21.36,21.36,21.36,21.36,571.0
2019-03-27 13:51:00,21.47,21.47,21.47,21.47,272.0
2019-03-27 14:04:00,21.63,21.63,21.63,21.63,900.0
2019-03-27 14:09:00,21.63,21.63,21.63,21.63,100.0
2019-03-27 14:14:00,21.63,21.63,21.63,21.63,440.0
2019-03-27 15:20:00,21.635,21.635,21.635,21.635,769.0
2019-03-27 15:49:00,21.53,21.53,21.53,21.53,100.0
2019-03-27 15:52:00,21.53,21.53,21.53,21.53,304.0
2019-03-27 15:54:00,21.53,21.72,21.53,21.72,299.0
2019-03-27 15:56:00,21.635,21.635,21.635,21.635,400.0
2019-03-27 15:58:00,21.55,21.55,21.55,21.55,500.0
2019-03-27 15:59:00,21.53,21.53,21.53,21.53,400.0
2019-03-27 16:00:00,21.54,21.54,21.51,21.51,3869.0
2019-03-28 12:27:00,22.0,22.0,22.0,22.0,359.0
2019-03-28 15:04:00,21.8483,21.8483,21.8483,21.8483,193.0
2019-03-28 15:36:00,21.94,21.94,21.94,21.94,213.0
2019-03-28 15:37:00,21.795,21.795,21.795,21.795,364.0
2019-03-28 15:51:00,21.9,21.9,21.9,21.9,419.0
2019-03-29 09:31:00,22.27,22.27,22.27,22.27,224.0
2019-03-29 09:45:00,22.0,22.0,22.0,22.0,114.0
2019-03-29 09:51:00,22.1518,22.1518,22.1518,22.1518,112.0
2019-03-29 10:13:00,22.0172,22.0172,22.0172,22.0172,225.0
2019-03-29 11:16:00,21.8,21.8,21.8,21.8,206.0
2019-03-29 11:49:00,22.0,22.0,22.0,22.0,158.0
2019-03-29 13:55:00,22.07,22.07,22.07,22.07,3654.0
2019-03-29 14:15:00,22.0,22.0,22.0,22.0,100.0
2019-03-29 14:23:00,21.9,21.9,21.9,21.9,100.0
2019-03-29 14:30:00,21.99,21.99,21.87,21.87,200.0
2019-03-29 14:33:00,21.87,21.87,21.87,21.87,100.0
2019-03-29 14:37:00,21.78,21.79,21.78,21.79,620.0
2019-03-29 14:47:00,21.97,21.97,21.97,21.97,100.0
2019-03-29 14:56:00,21.94,21.94,21.94,21.94,281.0
2019-03-29 15:03:00,21.94,21.94,21.94,21.94,200.0
2019-03-29 15:04:00,21.79,21.79,21.77,21.77,412.0
2019-03-29 15:05:00,21.94,21.94,21.79,21.79,201.0
2019-03-29 15:10:00,21.77,21.77,21.77,21.77,216.0
2019-03-29 15:22:00,21.93,21.93,21.93,21.93,100.0
2019-03-29 15:35:00,21.93,21.93,21.93,21.93,100.0
2019-03-29 15:38:00,21.92,21.92,21.92,21.92,100.0
2019-03-29 15:42:00,21.79,21.79,21.79,21.79,100.0
2019-03-29 15:43:00,21.8312,21.8312,21.8312,21.8312,411.0
2019-03-29 15:45:00,21.76,21.76,21.76,21.76,160.0
2019-03-29 15:47:00,21.77,21.77,21.77,21.77,100.0
2019-03-29 15:49:00,21.92,21.92,21.92,21.92,200.0
2019-03-29 15:51:00,21.92,21.92,21.92,21.92,440.0
2019-03-29 15:54:00,21.93,21.93,21.93,21.93,300.0
2019-03-29 15:55:00,21.93,21.93,21.93,21.93,300.0
2019-03-29 15:56:00,21.93,21.93,21.91,21.91,572.0
2019-03-29 15:57:00,21.91,21.91,21.91,21.91,200.0
2019-03-29 15:58:00,21.93,21.93,21.845,21.91,675.0
2019-03-29 15:59:00,21.9,21.9,21.9,21.9,116.0
2019-04-01 09:31:00,21.9,21.9,21.9,21.9,520.0
2019-04-01 12:22:00,21.85,21.85,21.85,21.85,182.0
2019-04-01 14:05:00,21.9512,21.9512,21.9512,21.9512,252.0
2019-04-01 14:19:00,21.98,21.98,21.98,21.98,305.0
2019-04-01 15:04:00,21.9057,21.9057,21.9057,21.9057,1437.0
2019-04-01 15:28:00,22.0,22.0,22.0,22.0,1652.0
2019-04-01 15:29:00,22.0,22.0,22.0,22.0,179.0
2019-04-01 15:37:00,22.0302,22.0302,22.0302,22.0302,195.0
2019-04-01 15:46:00,22.03,22.03,22.03,22.03,192.0
2019-04-01 15:53:00,22.03,22.03,22.03,22.03,122.0
2019-04-01 15:56:00,22.035,22.035,22.035,22.035,592.0
2019-04-01 16:00:00,22.03,22.03,22.03,22.03,298.0
2019-04-02 09:48:00,21.92,21.92,21.92,21.92,401.0
2019-04-02 11:29:00,22.0,22.0,22.0,22.0,400.0
2019-04-02 12:01:00,21.87,21.87,21.87,21.87,100.0
2019-04-02 12:02:00,21.82,21.82,21.82,21.82,240.0
2019-04-02 12:03:00,21.8,21.83,21.8,21.83,1572.0
2019-04-02 12:05:00,21.885,21.885,21.885,21.885,100.0
2019-04-02 12:17:00,21.9159,21.9159,21.9159,21.9159,454.0
2019-04-02 12:22:00,21.82,21.82,21.82,21.82,330.0
2019-04-02 12:50:00,21.78,21.78,21.78,21.78,100.0
2019-04-02 12:52:00,21.78,21.78,21.78,21.78,489.0
2019-04-02 12:55:00,21.77,21.77,21.77,21.77,310.0
2019-04-02 12:56:00,21.77,21.78,21.7605,21.78,965.0
2019-04-02 12:58:00,21.57,21.7,21.57,21.7,361.0
2019-04-02 13:08:00,21.6794,21.7,21.6794,21.7,1403.0
2019-04-02 13:46:00,21.72,21.72,21.72,21.72,112.0
2019-04-02 14:23:00,21.78,21.78,21.78,21.78,216.0
2019-04-02 14:29:00,21.78,21.789,21.78,21.789,254.0
2019-04-02 14:32:00,21.79,21.79,21.79,21.79,242.0
2019-04-02 14:33:00,21.8,21.8,21.8,21.8,154.0
2019-04-02 14:49:00,21.88,21.88,21.88,21.88,264.0
2019-04-02 15:01:00,21.85,21.85,21.85,21.85,148.0
2019-04-02 15:05:00,21.84,21.84,21.84,21.84,219.0
2019-04-02 15:12:00,21.93,21.93,21.93,21.93,100.0
2019-04-02 15:13:00,21.93,21.93,21.93,21.93,336.0
2019-04-02 15:32:00,21.88,21.89,21.88,21.89,424.0
2019-04-02 15:48:00,21.89,21.89,21.89,21.89,101.0
2019-04-02 15:54:00,21.94,21.94,21.94,21.94,560.0
2019-04-02 15:58:00,21.94,21.94,21.94,21.94,150.0
2019-04-02 16:00:00,21.94,22.0,21.9302,22.0,3688.0
2019-04-03 09:31:00,22.0,22.0,22.0,22.0,0.0
2019-04-03 09:37:00,21.88,22.0,21.88,22.0,681.0
2019-04-03 10:31:00,22.07,22.07,22.07,22.07,759.0
2019-04-03 10:45:00,22.125,22.125,22.125,22.125,600.0
2019-04-03 10:46:00,22.125,22.125,22.125,22.125,131.0
2019-04-03 10:50:00,22.125,22.125,22.125,22.125,100.0
2019-04-03 10:51:00,22.13,22.13,22.13,22.13,100.0
2019-04-03 11:00:00,22.13,22.13,22.13,22.13,602.0
2019-04-03 11:02:00,22.13,22.13,22.13,22.13,500.0
2019-04-03 11:08:00,22.13,22.13,22.13,22.13,200.0
2019-04-03 11:12:00,22.24,22.24,22.24,22.24,101.0
2019-04-03 11:35:00,22.03,22.03,22.03,22.03,381.0
2019-04-03 11:50:00,22.11,22.11,22.02,22.02,488.0
2019-04-03 12:07:00,22.2,22.2,22.2,22.2,100.0
2019-04-03 12:32:00,22.2,22.2,22.2,22.2,162.0
2019-04-03 13:00:00,22.1,22.1,22.1,22.1,100.0
2019-04-03 13:02:00,22.025,22.025,22.025,22.025,100.0
2019-04-03 13:03:00,22.02,22.02,22.02,22.02,300.0
2019-04-03 13:30:00,22.23,22.23,22.23,22.23,101.0
2019-04-03 13:55:00,22.19,22.19,22.19,22.19,100.0
2019-04-03 13:59:00,22.22,22.22,22.22,22.22,130.0
2019-04-03 14:12:00,22.085,22.085,22.085,22.085,4300.0
2019-04-03 14:13:00,22.195,22.195,22.195,22.195,254.0
2019-04-03 14:27:00,22.2,22.2,22.2,22.2,273.0
2019-04-03 14:53:00,22.19,22.19,22.18,22.18,210.0
2019-04-03 15:10:00,22.12,22.12,22.12,22.12,100.0
2019-04-03 15:12:00,22.17,22.17,22.17,22.17,100.0
2019-04-03 15:17:00,22.17,22.17,22.17,22.17,779.0
2019-04-03 15:56:00,22.13,22.13,22.13,22.13,199.0
2019-04-03 15:58:00,22.18,22.18,22.18,22.18,339.0
2019-04-03 16:00:00,22.19,22.2,22.18,22.18,858.0
