
2019-03-19 09:31:00,25.88,25.88,25.88,25.88,6.0
2019-03-20 11:31:00,25.8402,25.8402,25.8402,25.8402,0.0
2019-03-20 12:44:00,25.73,25.8437,25.73,25.8437,238.0
2019-03-20 14:38:00,25.858,25.858,25.858,25.858,100.0
2019-03-20 15:08:00,25.74,25.8686,25.74,25.8686,400.0
2019-03-20 15:09:00,25.74,25.8206,25.74,25.7992,400.0
2019-03-20 15:10:00,25.8728,25.8728,25.8728,25.8728,1609.0
2019-03-21 14:04:00,25.53,25.53,25.205,25.205,329.0
2019-03-21 14:42:00,25.651,25.651,25.651,25.651,2246.0
2019-03-22 09:47:00,25.8674,25.8674,25.8674,25.8674,160.0
2019-03-22 11:25:00,25.4575,25.4575,25.4575,25.4575,120.0
2019-03-22 12:34:00,25.0,25.0,25.0,25.0,1036.0
2019-03-25 10:21:00,25.0,25.0,25.0,25.0,0.0
2019-03-25 11:09:00,25.5708,25.5708,25.5708,25.5708,275.0
2019-03-25 11:11:00,25.52,25.52,25.52,25.52,108.0
2019-03-25 14:47:00,25.49,25.49,25.09,25.09,0.0
2019-03-26 09:31:00,25.46,25.46,25.46,25.46,0.0
2019-03-27 09:33:00,25.25,25.25,25.25,25.25,196.0
2019-03-29 09:31:00,25.25,25.25,25.25,25.25,78.0
2019-04-01 09:31:00,25.24,25.24,25.24,25.24,1530.0
2019-04-01 12:04:00,25.9729,25.9729,25.9729,25.9729,0.0
2019-04-01 12:05:00,25.9799,25.9799,25.56,25.56,550.0
2019-04-02 09:31:00,26.0,26.0,26.0,26.0,0.0
2019-04-02 10:01:00,25.8923,25.8923,25.8923,25.8923,370.0
2019-04-03 10:26:00,25.7124,25.7124,25.7124,25.7124,4.0
