
2019-03-19 09:33:00,12.4811,12.4811,12.4811,12.4811,0.0
2019-03-19 09:34:00,12.4829,12.4829,12.4829,12.4829,300.0
2019-03-19 09:38:00,12.5,12.5,12.5,12.5,147.0
2019-03-19 09:46:00,12.5,12.5,12.5,12.5,100.0
2019-03-19 09:54:00,12.5,12.5,12.5,12.5,100.0
2019-03-19 09:59:00,12.54,12.54,12.54,12.54,1906.0
2019-03-19 10:02:00,12.54,12.54,12.54,12.54,500.0
2019-03-19 10:03:00,12.56,12.56,12.56,12.56,2100.0
2019-03-19 10:04:00,12.55,12.55,12.55,12.55,400.0
2019-03-19 10:09:00,12.5429,12.55,12.5429,12.55,400.0
2019-03-19 10:13:00,12.56,12.56,12.56,12.56,950.0
2019-03-19 10:16:00,12.5699,12.5699,12.5699,12.5699,2000.0
2019-03-19 10:18:00,12.5699,12.5699,12.5699,12.5699,2300.0
2019-03-19 10:19:00,12.56,12.56,12.56,12.56,3375.0
2019-03-19 10:22:00,12.5401,12.56,12.5401,12.56,3300.0
2019-03-19 10:24:00,12.5583,12.5583,12.5583,12.5583,1525.0
2019-03-19 10:26:00,12.5775,12.5775,12.5775,12.5775,3200.0
2019-03-19 10:34:00,12.56,12.56,12.56,12.56,2963.0
2019-03-19 10:37:00,12.5701,12.5701,12.5701,12.5701,1200.0
2019-03-19 10:41:00,12.58,12.58,12.56,12.56,498.0
2019-03-19 10:45:00,12.5512,12.5512,12.5512,12.5512,1957.0
2019-03-19 10:46:00,12.55,12.55,12.55,12.55,100.0
2019-03-19 10:48:00,12.5599,12.5599,12.5599,12.5599,1600.0
2019-03-19 10:49:00,12.55,12.55,12.55,12.55,1100.0
2019-03-19 10:53:00,12.575,12.575,12.575,12.575,2900.0
2019-03-19 11:02:00,12.5684,12.5684,12.5684,12.5684,947.0
2019-03-19 11:06:00,12.56,12.56,12.56,12.56,300.0
2019-03-19 11:08:00,12.5614,12.5614,12.5614,12.5614,2400.0
2019-03-19 11:09:00,12.56,12.56,12.56,12.56,187.0
2019-03-19 11:11:00,12.563,12.563,12.563,12.563,2605.0
2019-03-19 11:18:00,12.5634,12.5634,12.5634,12.5634,382.0
2019-03-19 11:20:00,12.55,12.55,12.55,12.55,107.0
2019-03-19 11:23:00,12.56,12.56,12.56,12.56,117.0
2019-03-19 11:30:00,12.56,12.56,12.56,12.56,100.0
2019-03-19 11:31:00,12.561,12.561,12.561,12.561,1001.0
2019-03-19 11:33:00,12.5694,12.5694,12.5694,12.5694,300.0
2019-03-19 11:36:00,12.56,12.56,12.56,12.56,150.0
2019-03-19 11:43:00,12.57,12.57,12.57,12.57,350.0
2019-03-19 11:45:00,12.565,12.565,12.565,12.565,100.0
2019-03-19 11:49:00,12.5876,12.5876,12.5876,12.5876,2913.0
2019-03-19 11:51:00,12.58,12.58,12.58,12.58,100.0
2019-03-19 11:53:00,12.58,12.58,12.58,12.58,1700.0
2019-03-19 11:55:00,12.5943,12.5943,12.5943,12.5943,1501.0
2019-03-19 11:56:00,12.58,12.58,12.58,12.58,399.0
2019-03-19 12:01:00,12.58,12.58,12.58,12.58,100.0
2019-03-19 12:07:00,12.59,12.59,12.59,12.59,100.0
2019-03-19 12:11:00,12.5979,12.5979,12.5979,12.5979,1018.0
2019-03-19 12:16:00,12.6,12.6,12.6,12.6,3270.0
2019-03-19 12:20:00,12.6001,12.6001,12.6001,12.6001,8841.0
2019-03-19 12:24:00,12.6065,12.6065,12.6065,12.6065,300.0
2019-03-19 12:26:00,12.63,12.63,12.628,12.628,3745.0
2019-03-19 12:34:00,12.6243,12.6243,12.6243,12.6243,160.0
2019-03-19 12:40:00,12.6,12.6,12.6,12.6,1496.0
2019-03-19 12:41:00,12.6001,12.6001,12.6001,12.6001,2034.0
2019-03-19 12:43:00,12.6001,12.6001,12.6001,12.6001,800.0
2019-03-19 12:45:00,12.6128,12.6128,12.6128,12.6128,1045.0
2019-03-19 12:47:00,12.6001,12.6001,12.6001,12.6001,221.0
2019-03-19 12:48:00,12.6,12.6,12.6,12.6,800.0
2019-03-19 12:50:00,12.6,12.6,12.6,12.6,1215.0
2019-03-19 12:51:00,12.5829,12.5829,12.5829,12.5829,1756.0
2019-03-19 12:53:00,12.5729,12.5729,12.5729,12.5729,6700.0
2019-03-19 12:55:00,12.5999,12.5999,12.5999,12.5999,1932.0
2019-03-19 12:56:00,12.5999,12.5999,12.5999,12.5999,250.0
2019-03-19 12:58:00,12.59,12.59,12.59,12.59,100.0
2019-03-19 13:00:00,12.5949,12.5949,12.5949,12.5949,3947.0
2019-03-19 13:01:00,12.5901,12.5901,12.5901,12.5901,2509.0
2019-03-19 13:08:00,12.59,12.5901,12.59,12.5901,612.0
2019-03-19 13:20:00,12.6098,12.6098,12.6098,12.6098,500.0
2019-03-19 13:25:00,12.6006,12.6006,12.6006,12.6006,485.0
2019-03-19 13:32:00,12.6035,12.6035,12.6034,12.6034,2816.0
2019-03-19 13:36:00,12.6099,12.6099,12.6099,12.6099,1100.0
2019-03-19 13:39:00,12.6,12.6,12.6,12.6,100.0
2019-03-19 13:40:00,12.607,12.607,12.607,12.607,2309.0
2019-03-19 13:43:00,12.58,12.58,12.58,12.58,450.0
2019-03-19 13:45:00,12.59,12.59,12.59,12.59,2481.0
2019-03-19 13:57:00,12.5835,12.5835,12.5835,12.5835,317.0
2019-03-19 14:00:00,12.5883,12.5883,12.5883,12.5883,423.0
2019-03-19 14:02:00,12.58,12.58,12.58,12.58,250.0
2019-03-19 14:08:00,12.5899,12.5899,12.5899,12.5899,663.0
2019-03-19 14:10:00,12.58,12.58,12.58,12.58,1451.0
2019-03-19 14:11:00,12.58,12.58,12.58,12.58,100.0
2019-03-19 14:15:00,12.5835,12.5835,12.5835,12.5835,262.0
2019-03-19 14:23:00,12.5835,12.5835,12.5835,12.5835,2415.0
2019-03-19 14:25:00,12.58,12.58,12.58,12.58,200.0
2019-03-19 14:28:00,12.5764,12.5764,12.5764,12.5764,952.0
2019-03-19 14:29:00,12.59,12.59,12.59,12.59,1500.0
2019-03-19 14:30:00,12.6,12.6,12.6,12.6,3291.0
2019-03-19 14:36:00,12.5958,12.5958,12.5958,12.5958,312.0
2019-03-19 14:37:00,12.6,12.6,12.6,12.6,1159.0
2019-03-19 14:44:00,12.5995,12.5995,12.5995,12.5995,400.0
2019-03-19 14:49:00,12.6,12.6,12.6,12.6,180.0
2019-03-19 14:52:00,12.59,12.59,12.59,12.59,800.0
2019-03-19 14:53:00,12.5801,12.5801,12.5801,12.5801,1250.0
2019-03-19 14:55:00,12.5774,12.5774,12.5774,12.5774,400.0
2019-03-19 15:03:00,12.5899,12.5899,12.5899,12.5899,400.0
2019-03-19 15:05:00,12.5764,12.5838,12.5764,12.5838,7280.0
2019-03-19 15:12:00,12.5765,12.5814,12.5765,12.5814,516.0
2019-03-19 15:14:00,12.57,12.57,12.56,12.56,2000.0
2019-03-19 15:17:00,12.57,12.57,12.57,12.57,2458.0
2019-03-19 15:18:00,12.57,12.57,12.57,12.57,1155.0
2019-03-19 15:19:00,12.57,12.57,12.57,12.57,1371.0
2019-03-19 15:20:00,12.56,12.56,12.56,12.56,2199.0
2019-03-19 15:24:00,12.57,12.57,12.57,12.57,100.0
2019-03-19 15:25:00,12.565,12.565,12.565,12.565,2278.0
2019-03-19 15:28:00,12.56,12.56,12.56,12.56,2025.0
2019-03-19 15:30:00,12.56,12.56,12.56,12.56,2034.0
2019-03-19 15:31:00,12.5622,12.5622,12.5622,12.5622,3028.0
2019-03-19 15:32:00,12.5501,12.5501,12.5501,12.5501,1604.0
2019-03-19 15:34:00,12.55,12.55,12.54,12.55,5754.0
2019-03-19 15:35:00,12.55,12.55,12.55,12.55,1071.0
2019-03-19 15:36:00,12.5454,12.5454,12.5454,12.5454,6777.0
2019-03-19 15:37:00,12.5432,12.5432,12.5432,12.5432,135.0
2019-03-19 15:39:00,12.5466,12.5466,12.5466,12.5466,1990.0
2019-03-19 15:40:00,12.545,12.545,12.545,12.545,1521.0
2019-03-19 15:41:00,12.549,12.549,12.549,12.549,2059.0
2019-03-19 15:43:00,12.53,12.53,12.53,12.53,4209.0
2019-03-19 15:46:00,12.5242,12.5247,12.5242,12.5247,3041.0
2019-03-19 15:50:00,12.54,12.54,12.54,12.54,330.0
2019-03-19 15:53:00,12.54,12.54,12.54,12.54,1432.0
2019-03-19 15:54:00,12.55,12.55,12.55,12.55,3018.0
2019-03-19 15:57:00,12.5469,12.5469,12.5469,12.5469,752.0
2019-03-19 16:00:00,12.55,12.55,12.55,12.55,688.0
2019-03-20 09:31:00,12.51,12.51,12.51,12.51,6672.0
2019-03-20 09:38:00,12.51,12.51,12.51,12.51,224.0
2019-03-20 09:53:00,12.51,12.51,12.51,12.51,100.0
2019-03-20 09:59:00,12.51,12.51,12.51,12.51,100.0
2019-03-20 10:03:00,12.5,12.5,12.5,12.5,231.0
2019-03-20 10:06:00,12.5,12.5,12.5,12.5,100.0
2019-03-20 10:11:00,12.5,12.5,12.5,12.5,100.0
2019-03-20 10:12:00,12.5,12.5,12.5,12.5,100.0
2019-03-20 10:16:00,12.51,12.51,12.51,12.51,100.0
2019-03-20 10:17:00,12.5,12.5,12.5,12.5,240.0
2019-03-20 10:18:00,12.5,12.5,12.5,12.5,1748.0
2019-03-20 10:26:00,12.47,12.47,12.47,12.47,100.0
2019-03-20 10:27:00,12.484,12.484,12.484,12.484,700.0
2019-03-20 10:31:00,12.5,12.5,12.5,12.5,2522.0
2019-03-20 10:32:00,12.5,12.5,12.5,12.5,224.0
2019-03-20 10:33:00,12.5,12.5,12.5,12.5,324.0
2019-03-20 10:35:00,12.5,12.5,12.5,12.5,300.0
2019-03-20 10:37:00,12.5,12.5,12.5,12.5,100.0
2019-03-20 10:39:00,12.5,12.5119,12.5,12.5,714.0
2019-03-20 10:40:00,12.5,12.5,12.5,12.5,1515.0
2019-03-20 10:42:00,12.5,12.51,12.495,12.51,1685.0
2019-03-20 10:44:00,12.505,12.505,12.505,12.505,1785.0
2019-03-20 10:45:00,12.51,12.51,12.51,12.51,1000.0
2019-03-20 10:46:00,12.51,12.51,12.51,12.51,1100.0
2019-03-20 10:49:00,12.52,12.52,12.52,12.52,1600.0
2019-03-20 10:50:00,12.52,12.52,12.52,12.52,100.0
2019-03-20 10:51:00,12.51,12.51,12.51,12.51,500.0
2019-03-20 10:52:00,12.51,12.51,12.51,12.51,711.0
2019-03-20 10:55:00,12.51,12.51,12.51,12.51,276.0
2019-03-20 10:58:00,12.51,12.51,12.51,12.51,108.0
2019-03-20 11:00:00,12.51,12.51,12.51,12.51,100.0
2019-03-20 11:03:00,12.515,12.515,12.515,12.515,100.0
2019-03-20 11:04:00,12.51,12.52,12.51,12.52,1880.0
2019-03-20 11:06:00,12.53,12.53,12.53,12.53,600.0
2019-03-20 11:08:00,12.53,12.53,12.53,12.53,700.0
2019-03-20 11:10:00,12.5399,12.5399,12.5399,12.5399,907.0
2019-03-20 11:13:00,12.53,12.53,12.53,12.53,100.0
2019-03-20 11:14:00,12.533,12.533,12.533,12.533,1780.0
2019-03-20 11:19:00,12.5365,12.5365,12.5365,12.5365,368.0
2019-03-20 11:21:00,12.5399,12.5399,12.5399,12.5399,2534.0
2019-03-20 11:23:00,12.54,12.54,12.54,12.54,767.0
2019-03-20 11:33:00,12.5453,12.55,12.5453,12.55,2136.0
2019-03-20 11:34:00,12.55,12.55,12.55,12.55,2289.0
2019-03-20 11:35:00,12.55,12.55,12.55,12.55,3142.0
2019-03-20 11:37:00,12.55,12.55,12.55,12.55,2170.0
2019-03-20 11:42:00,12.57,12.57,12.55,12.55,495.0
2019-03-20 11:46:00,12.55,12.55,12.55,12.55,100.0
2019-03-20 11:47:00,12.5539,12.5539,12.5428,12.5428,3065.0
2019-03-20 11:49:00,12.5445,12.5445,12.54,12.54,4239.0
2019-03-20 11:59:00,12.5337,12.5337,12.5337,12.5337,283.0
2019-03-20 12:00:00,12.53,12.53,12.53,12.53,171.0
2019-03-20 12:07:00,12.54,12.54,12.54,12.54,1216.0
2019-03-20 12:22:00,12.55,12.55,12.55,12.55,571.0
2019-03-20 12:33:00,12.56,12.56,12.56,12.56,1300.0
2019-03-20 12:35:00,12.551,12.551,12.551,12.551,1500.0
2019-03-20 12:38:00,12.5581,12.5581,12.5581,12.5581,1207.0
2019-03-20 12:40:00,12.56,12.56,12.56,12.56,200.0
2019-03-20 12:41:00,12.56,12.56,12.56,12.56,100.0
2019-03-20 12:43:00,12.5501,12.556,12.5501,12.556,6973.0
2019-03-20 12:46:00,12.55,12.55,12.55,12.55,291.0
2019-03-20 12:49:00,12.55,12.55,12.55,12.55,150.0
2019-03-20 12:52:00,12.56,12.56,12.56,12.56,900.0
2019-03-20 12:54:00,12.57,12.57,12.57,12.57,2301.0
2019-03-20 12:59:00,12.579,12.579,12.579,12.579,100.0
2019-03-20 13:00:00,12.5692,12.5692,12.5692,12.5692,2023.0
2019-03-20 13:05:00,12.56,12.56,12.56,12.56,800.0
2019-03-20 13:08:00,12.5726,12.58,12.5726,12.58,355.0
2019-03-20 13:12:00,12.56,12.56,12.56,12.56,484.0
2019-03-20 13:21:00,12.58,12.58,12.58,12.58,1600.0
2019-03-20 13:26:00,12.5769,12.5769,12.5769,12.5769,219.0
2019-03-20 13:29:00,12.57,12.57,12.57,12.57,108.0
2019-03-20 13:33:00,12.58,12.58,12.58,12.58,199.0
2019-03-20 13:39:00,12.5822,12.6,12.5822,12.6,2893.0
2019-03-20 13:40:00,12.5961,12.5961,12.5961,12.5961,8854.0
2019-03-20 13:42:00,12.6001,12.6001,12.6001,12.6001,1500.0
2019-03-20 13:43:00,12.6068,12.6068,12.6068,12.6068,1161.0
2019-03-20 13:45:00,12.61,12.62,12.61,12.62,899.0
2019-03-20 13:46:00,12.615,12.615,12.615,12.615,1299.0
2019-03-20 13:47:00,12.61,12.62,12.61,12.62,1200.0
2019-03-20 13:51:00,12.61,12.62,12.61,12.62,4889.0
2019-03-20 13:52:00,12.61,12.61,12.61,12.61,2500.0
2019-03-20 13:56:00,12.6128,12.6128,12.6128,12.6128,202.0
2019-03-20 13:59:00,12.605,12.605,12.605,12.605,208.0
2019-03-20 14:00:00,12.6,12.6,12.6,12.6,745.0
2019-03-20 14:05:00,12.6153,12.6153,12.6153,12.6153,124.0
2019-03-20 14:06:00,12.6364,12.6364,12.6364,12.6364,703.0
2019-03-20 14:11:00,12.645,12.645,12.645,12.645,100.0
2019-03-20 14:12:00,12.639,12.639,12.639,12.639,1100.0
2019-03-20 14:14:00,12.657,12.657,12.657,12.657,387.0
2019-03-20 14:19:00,12.65,12.65,12.64,12.64,1087.0
2019-03-20 14:22:00,12.65,12.65,12.65,12.65,500.0
2019-03-20 14:29:00,12.6487,12.6487,12.6487,12.6487,900.0
2019-03-20 14:30:00,12.65,12.65,12.65,12.65,100.0
2019-03-20 14:34:00,12.66,12.66,12.66,12.66,600.0
2019-03-20 14:36:00,12.6501,12.67,12.6501,12.67,3608.0
2019-03-20 14:41:00,12.69,12.69,12.69,12.69,1361.0
2019-03-20 14:42:00,12.7,12.7,12.7,12.7,4491.0
2019-03-20 14:43:00,12.69,12.69,12.69,12.69,4592.0
2019-03-20 14:44:00,12.7,12.7,12.7,12.7,200.0
2019-03-20 14:48:00,12.7,12.71,12.7,12.71,1650.0
2019-03-20 14:49:00,12.71,12.71,12.71,12.71,416.0
2019-03-20 14:51:00,12.7,12.7,12.7,12.7,532.0
2019-03-20 14:52:00,12.7,12.7,12.7,12.7,460.0
2019-03-20 14:56:00,12.7,12.7,12.7,12.7,200.0
2019-03-20 14:57:00,12.69,12.69,12.69,12.69,2316.0
2019-03-20 14:59:00,12.7,12.7,12.6968,12.6968,245.0
2019-03-20 15:01:00,12.69,12.69,12.69,12.69,1145.0
2019-03-20 15:02:00,12.7,12.7,12.7,12.7,724.0
2019-03-20 15:05:00,12.7,12.7,12.7,12.7,600.0
2019-03-20 15:07:00,12.7,12.7,12.7,12.7,778.0
2019-03-20 15:08:00,12.69,12.69,12.69,12.69,634.0
2019-03-20 15:11:00,12.69,12.69,12.69,12.69,100.0
2019-03-20 15:13:00,12.68,12.68,12.68,12.68,400.0
2019-03-20 15:14:00,12.68,12.69,12.68,12.69,4811.0
2019-03-20 15:15:00,12.7,12.7,12.7,12.7,2350.0
2019-03-20 15:17:00,12.7081,12.7081,12.7028,12.7028,1266.0
2019-03-20 15:19:00,12.71,12.71,12.71,12.71,1534.0
2019-03-20 15:20:00,12.7099,12.7099,12.7099,12.7099,350.0
2019-03-20 15:26:00,12.7098,12.7098,12.7098,12.7098,3000.0
2019-03-20 15:27:00,12.71,12.71,12.71,12.71,200.0
2019-03-20 15:28:00,12.7064,12.7064,12.7064,12.7064,990.0
2019-03-20 15:30:00,12.709,12.71,12.709,12.71,739.0
2019-03-20 15:32:00,12.69,12.69,12.69,12.69,11373.0
2019-03-20 15:33:00,12.69,12.69,12.69,12.69,3946.0
2019-03-20 15:34:00,12.695,12.695,12.685,12.685,9011.0
2019-03-20 15:35:00,12.68,12.685,12.68,12.685,12500.0
2019-03-20 15:36:00,12.68,12.685,12.68,12.685,3500.0
2019-03-20 15:38:00,12.69,12.69,12.69,12.69,275.0
2019-03-20 15:40:00,12.68,12.68,12.68,12.68,500.0
2019-03-20 15:41:00,12.67,12.68,12.67,12.68,300.0
2019-03-20 15:42:00,12.6898,12.6898,12.6898,12.6898,2239.0
2019-03-20 15:44:00,12.6828,12.6828,12.67,12.67,351.0
2019-03-20 15:45:00,12.6748,12.6748,12.6748,12.6748,751.0
2019-03-20 15:46:00,12.68,12.69,12.68,12.69,2103.0
2019-03-20 15:47:00,12.69,12.69,12.69,12.69,2203.0
2019-03-20 15:49:00,12.67,12.68,12.67,12.68,8458.0
2019-03-20 15:52:00,12.66,12.67,12.66,12.67,6224.0
2019-03-20 15:53:00,12.66,12.66,12.66,12.66,3797.0
2019-03-20 15:55:00,12.66,12.6638,12.66,12.6638,1173.0
2019-03-20 15:56:00,12.655,12.655,12.655,12.655,1430.0
2019-03-20 15:57:00,12.65,12.65,12.65,12.65,100.0
2019-03-20 15:58:00,12.65,12.65,12.65,12.65,2001.0
2019-03-20 15:59:00,12.655,12.655,12.655,12.655,3388.0
2019-03-20 16:00:00,12.65,12.65,12.65,12.65,2377.0
2019-03-21 09:31:00,12.61,12.61,12.61,12.61,2983.0
2019-03-21 09:36:00,12.6301,12.6301,12.6301,12.6301,700.0
2019-03-21 09:39:00,12.69,12.69,12.69,12.69,100.0
2019-03-21 09:40:00,12.6931,12.6931,12.6931,12.6931,325.0
2019-03-21 09:54:00,12.66,12.66,12.66,12.66,121.0
2019-03-21 09:57:00,12.6861,12.6861,12.68,12.68,2140.0
2019-03-21 09:58:00,12.6761,12.6761,12.6761,12.6761,600.0
2019-03-21 09:59:00,12.685,12.685,12.685,12.685,2962.0
2019-03-21 10:01:00,12.685,12.685,12.685,12.685,100.0
2019-03-21 10:02:00,12.67,12.67,12.67,12.67,1000.0
2019-03-21 10:05:00,12.67,12.67,12.67,12.67,1535.0
2019-03-21 10:09:00,12.68,12.68,12.66,12.66,1665.0
2019-03-21 10:10:00,12.68,12.68,12.68,12.68,2265.0
2019-03-21 10:11:00,12.7,12.7,12.7,12.7,3618.0
2019-03-21 10:14:00,12.71,12.71,12.71,12.71,100.0
2019-03-21 10:15:00,12.72,12.72,12.72,12.72,100.0
2019-03-21 10:16:00,12.72,12.72,12.72,12.72,200.0
2019-03-21 10:18:00,12.7049,12.72,12.7049,12.72,450.0
2019-03-21 10:19:00,12.712,12.712,12.712,12.712,900.0
2019-03-21 10:23:00,12.72,12.72,12.72,12.72,1101.0
2019-03-21 10:27:00,12.74,12.76,12.74,12.76,2700.0
2019-03-21 10:30:00,12.77,12.77,12.77,12.77,2800.0
2019-03-21 10:32:00,12.78,12.78,12.78,12.78,100.0
2019-03-21 10:33:00,12.753,12.753,12.753,12.753,1005.0
2019-03-21 10:35:00,12.78,12.78,12.77,12.77,2000.0
2019-03-21 10:36:00,12.7665,12.7665,12.7665,12.7665,2361.0
2019-03-21 10:39:00,12.78,12.78,12.78,12.78,101.0
2019-03-21 10:41:00,12.8,12.8,12.8,12.8,2100.0
2019-03-21 10:44:00,12.8,12.8,12.8,12.8,100.0
2019-03-21 10:46:00,12.8,12.82,12.7901,12.7901,4210.0
2019-03-21 10:47:00,12.795,12.795,12.79,12.79,5310.0
2019-03-21 10:48:00,12.79,12.79,12.79,12.79,600.0
2019-03-21 10:50:00,12.79,12.79,12.79,12.79,1000.0
2019-03-21 10:51:00,12.8,12.8,12.8,12.8,2722.0
2019-03-21 10:53:00,12.8,12.8,12.8,12.8,100.0
2019-03-21 10:55:00,12.8,12.8,12.8,12.8,100.0
2019-03-21 10:56:00,12.7926,12.7926,12.7926,12.7926,390.0
2019-03-21 10:57:00,12.8,12.8,12.8,12.8,590.0
2019-03-21 10:58:00,12.8,12.8,12.8,12.8,1600.0
2019-03-21 11:00:00,12.8,12.8,12.8,12.8,100.0
2019-03-21 11:01:00,12.8,12.8,12.8,12.8,200.0
2019-03-21 11:02:00,12.8,12.81,12.7967,12.81,3505.0
2019-03-21 11:03:00,12.8011,12.8011,12.8011,12.8011,1500.0
2019-03-21 11:04:00,12.801,12.801,12.801,12.801,6105.0
2019-03-21 11:05:00,12.82,12.82,12.82,12.82,900.0
2019-03-21 11:06:00,12.8144,12.8157,12.81,12.8157,2865.0
2019-03-21 11:07:00,12.805,12.805,12.805,12.805,3116.0
2019-03-21 11:10:00,12.81,12.81,12.81,12.81,200.0
2019-03-21 11:14:00,12.81,12.81,12.81,12.81,591.0
2019-03-21 11:18:00,12.81,12.81,12.81,12.81,391.0
2019-03-21 11:19:00,12.81,12.81,12.81,12.81,596.0
2019-03-21 11:21:00,12.83,12.83,12.83,12.83,400.0
2019-03-21 11:28:00,12.83,12.83,12.83,12.83,4400.0
2019-03-21 11:29:00,12.83,12.83,12.83,12.83,100.0
2019-03-21 11:30:00,12.82,12.82,12.82,12.82,200.0
2019-03-21 11:32:00,12.8273,12.8273,12.8273,12.8273,234.0
2019-03-21 11:39:00,12.81,12.81,12.81,12.81,104.0
2019-03-21 11:40:00,12.8,12.8,12.8,12.8,804.0
2019-03-21 11:41:00,12.78,12.78,12.78,12.78,412.0
2019-03-21 11:52:00,12.81,12.81,12.81,12.81,453.0
2019-03-21 12:02:00,12.8022,12.8022,12.8022,12.8022,349.0
2019-03-21 12:06:00,12.79,12.79,12.79,12.79,885.0
2019-03-21 12:07:00,12.78,12.78,12.78,12.78,2000.0
2019-03-21 12:11:00,12.78,12.78,12.78,12.78,1142.0
2019-03-21 12:24:00,12.7739,12.7739,12.7739,12.7739,228.0
2019-03-21 12:28:00,12.7705,12.7705,12.7705,12.7705,100.0
2019-03-21 12:30:00,12.7728,12.7728,12.7728,12.7728,475.0
2019-03-21 12:38:00,12.74,12.74,12.74,12.74,1700.0
2019-03-21 12:39:00,12.71,12.71,12.71,12.71,2663.0
2019-03-21 12:40:00,12.7,12.7,12.7,12.7,1700.0
2019-03-21 12:41:00,12.68,12.68,12.67,12.67,2888.0
2019-03-21 12:43:00,12.7,12.7,12.7,12.7,400.0
2019-03-21 12:46:00,12.7034,12.7034,12.7034,12.7034,131.0
2019-03-21 12:56:00,12.6958,12.6958,12.6958,12.6958,1500.0
2019-03-21 13:05:00,12.703,12.703,12.703,12.703,1800.0
2019-03-21 13:07:00,12.7263,12.7263,12.7263,12.7263,3031.0
2019-03-21 13:11:00,12.7137,12.7137,12.7137,12.7137,1400.0
2019-03-21 13:13:00,12.7186,12.7186,12.7186,12.7186,533.0
2019-03-21 13:18:00,12.74,12.74,12.74,12.74,500.0
2019-03-21 13:20:00,12.7299,12.7299,12.7299,12.7299,725.0
2019-03-21 13:22:00,12.7174,12.7174,12.7174,12.7174,125.0
2019-03-21 13:24:00,12.7206,12.7206,12.71,12.71,345.0
2019-03-21 13:40:00,12.7361,12.7361,12.7361,12.7361,500.0
2019-03-21 13:42:00,12.71,12.71,12.71,12.71,213.0
2019-03-21 13:57:00,12.7705,12.7705,12.7705,12.7705,1115.0
2019-03-21 14:04:00,12.7791,12.7791,12.7561,12.7561,1990.0
2019-03-21 14:13:00,12.7793,12.7793,12.7793,12.7793,307.0
2019-03-21 14:17:00,12.81,12.81,12.81,12.81,3285.0
2019-03-21 14:18:00,12.81,12.81,12.81,12.81,2749.0
2019-03-21 14:20:00,12.81,12.81,12.81,12.81,6400.0
2019-03-21 14:21:00,12.8,12.8,12.8,12.8,1364.0
2019-03-21 14:27:00,12.8199,12.8199,12.8199,12.8199,596.0
2019-03-21 14:38:00,12.8038,12.8038,12.8038,12.8038,1319.0
2019-03-21 14:46:00,12.8164,12.8164,12.8164,12.8164,384.0
2019-03-21 14:49:00,12.8114,12.8114,12.8114,12.8114,2917.0
2019-03-21 14:53:00,12.8148,12.819,12.8148,12.819,1110.0
2019-03-21 14:57:00,12.8192,12.8192,12.8192,12.8192,1441.0
2019-03-21 14:59:00,12.8102,12.8102,12.8102,12.8102,567.0
2019-03-21 15:01:00,12.8164,12.8164,12.8164,12.8164,263.0
2019-03-21 15:04:00,12.8123,12.8123,12.8123,12.8123,475.0
2019-03-21 15:07:00,12.8233,12.8233,12.8233,12.8233,500.0
2019-03-21 15:08:00,12.82,12.82,12.82,12.82,509.0
2019-03-21 15:12:00,12.81,12.81,12.8,12.8,4015.0
2019-03-21 15:13:00,12.7672,12.7672,12.76,12.76,2958.0
2019-03-21 15:17:00,12.73,12.73,12.73,12.73,571.0
2019-03-21 15:20:00,12.7498,12.7498,12.7498,12.7498,283.0
2019-03-21 15:22:00,12.7646,12.7646,12.7646,12.7646,2215.0
2019-03-21 15:23:00,12.77,12.77,12.77,12.77,1698.0
2019-03-21 15:25:00,12.78,12.78,12.78,12.78,1814.0
2019-03-21 15:28:00,12.7789,12.7789,12.7789,12.7789,187.0
2019-03-21 15:31:00,12.7782,12.7782,12.7782,12.7782,500.0
2019-03-21 15:39:00,12.7804,12.7804,12.7804,12.7804,307.0
2019-03-21 15:42:00,12.77,12.77,12.77,12.77,840.0
2019-03-21 15:48:00,12.781,12.781,12.78,12.78,3006.0
2019-03-21 15:49:00,12.79,12.79,12.79,12.79,2650.0
2019-03-21 15:50:00,12.79,12.79,12.79,12.79,1645.0
2019-03-21 15:51:00,12.77,12.77,12.77,12.77,1231.0
2019-03-21 15:55:00,12.75,12.75,12.75,12.75,1780.0
2019-03-21 15:56:00,12.7533,12.7533,12.7533,12.7533,116.0
2019-03-21 15:59:00,12.76,12.76,12.76,12.76,400.0
2019-03-22 09:31:00,12.73,12.73,12.73,12.73,0.0
2019-03-22 09:32:00,12.6826,12.6826,12.6826,12.6826,0.0
2019-03-22 09:34:00,12.73,12.73,12.73,12.73,327.0
2019-03-22 09:35:00,12.7255,12.7255,12.7255,12.7255,2100.0
2019-03-22 09:37:00,12.715,12.715,12.7,12.7,1800.0
2019-03-22 09:38:00,12.7,12.7,12.7,12.7,7800.0
2019-03-22 09:40:00,12.7,12.7,12.7,12.7,400.0
2019-03-22 09:41:00,12.69,12.69,12.69,12.69,3000.0
2019-03-22 09:48:00,12.7,12.7,12.7,12.7,200.0
2019-03-22 09:49:00,12.685,12.685,12.685,12.685,300.0
2019-03-22 09:50:00,12.6601,12.6601,12.6601,12.6601,1000.0
2019-03-22 09:52:00,12.68,12.68,12.67,12.68,3700.0
2019-03-22 09:53:00,12.68,12.68,12.68,12.68,4000.0
2019-03-22 09:54:00,12.6627,12.6627,12.6627,12.6627,500.0
2019-03-22 09:59:00,12.66,12.66,12.64,12.64,600.0
2019-03-22 10:02:00,12.61,12.62,12.61,12.62,600.0
2019-03-22 10:03:00,12.615,12.615,12.615,12.615,2200.0
2019-03-22 10:04:00,12.615,12.615,12.615,12.615,3900.0
2019-03-22 10:05:00,12.61,12.61,12.61,12.61,2221.0
2019-03-22 10:07:00,12.6299,12.6299,12.6299,12.6299,2130.0
2019-03-22 10:08:00,12.61,12.61,12.61,12.61,3046.0
2019-03-22 10:09:00,12.62,12.62,12.62,12.62,1960.0
2019-03-22 10:14:00,12.6177,12.6177,12.6177,12.6177,425.0
2019-03-22 10:15:00,12.63,12.63,12.63,12.63,2800.0
2019-03-22 10:17:00,12.63,12.63,12.63,12.63,1000.0
2019-03-22 10:18:00,12.6274,12.6274,12.6274,12.6274,275.0
2019-03-22 10:19:00,12.62,12.62,12.62,12.62,705.0
2019-03-22 10:20:00,12.62,12.62,12.62,12.62,5435.0
2019-03-22 10:22:00,12.61,12.61,12.61,12.61,1400.0
2019-03-22 10:23:00,12.61,12.61,12.61,12.61,2400.0
2019-03-22 10:24:00,12.6014,12.6014,12.6014,12.6014,300.0
2019-03-22 10:26:00,12.6,12.6,12.6,12.6,1400.0
2019-03-22 10:29:00,12.6,12.6,12.6,12.6,1600.0
2019-03-22 10:30:00,12.59,12.59,12.59,12.59,2300.0
2019-03-22 10:31:00,12.6,12.6,12.6,12.6,300.0
2019-03-22 10:34:00,12.6,12.6,12.6,12.6,100.0
2019-03-22 10:35:00,12.59,12.59,12.59,12.59,500.0
2019-03-22 10:37:00,12.61,12.61,12.61,12.61,176.0
2019-03-22 10:38:00,12.62,12.62,12.62,12.62,106.0
2019-03-22 10:40:00,12.612,12.612,12.612,12.612,482.0
2019-03-22 10:42:00,12.61,12.6101,12.61,12.6101,1000.0
2019-03-22 10:48:00,12.61,12.61,12.61,12.61,100.0
2019-03-22 10:49:00,12.6099,12.6099,12.6099,12.6099,1100.0
2019-03-22 10:50:00,12.59,12.59,12.59,12.59,2500.0
2019-03-22 10:52:00,12.58,12.58,12.58,12.58,300.0
2019-03-22 10:53:00,12.58,12.58,12.58,12.58,600.0
2019-03-22 10:54:00,12.5792,12.5792,12.5792,12.5792,800.0
2019-03-22 10:55:00,12.59,12.59,12.59,12.59,680.0
2019-03-22 11:00:00,12.58,12.58,12.58,12.58,320.0
2019-03-22 11:02:00,12.56,12.56,12.56,12.56,800.0
2019-03-22 11:05:00,12.55,12.55,12.55,12.55,300.0
2019-03-22 11:06:00,12.55,12.55,12.55,12.55,900.0
2019-03-22 11:07:00,12.56,12.56,12.56,12.56,910.0
2019-03-22 11:08:00,12.5501,12.5501,12.5501,12.5501,1000.0
2019-03-22 11:09:00,12.5501,12.5501,12.5501,12.5501,3400.0
2019-03-22 11:10:00,12.55,12.55,12.55,12.55,559.0
2019-03-22 11:11:00,12.55,12.55,12.55,12.55,400.0
2019-03-22 11:14:00,12.55,12.55,12.55,12.55,649.0
2019-03-22 11:20:00,12.6,12.6,12.6,12.6,1200.0
2019-03-22 11:22:00,12.59,12.59,12.58,12.58,200.0
2019-03-22 11:24:00,12.58,12.5832,12.58,12.5832,710.0
2019-03-22 11:25:00,12.58,12.58,12.58,12.58,661.0
2019-03-22 11:31:00,12.5772,12.5772,12.5772,12.5772,205.0
2019-03-22 11:32:00,12.5748,12.5748,12.5748,12.5748,1600.0
2019-03-22 11:33:00,12.57,12.57,12.57,12.57,100.0
2019-03-22 11:34:00,12.57,12.57,12.57,12.57,300.0
2019-03-22 11:35:00,12.57,12.57,12.57,12.57,100.0
2019-03-22 11:36:00,12.5762,12.5762,12.57,12.57,1600.0
2019-03-22 11:37:00,12.5707,12.5707,12.5707,12.5707,1800.0
2019-03-22 11:38:00,12.57,12.57,12.57,12.57,100.0
2019-03-22 11:39:00,12.5761,12.5761,12.5761,12.5761,353.0
2019-03-22 11:40:00,12.56,12.56,12.56,12.56,5384.0
2019-03-22 11:43:00,12.55,12.55,12.55,12.55,232.0
2019-03-22 11:44:00,12.54,12.54,12.54,12.54,100.0
2019-03-22 11:45:00,12.54,12.54,12.54,12.54,532.0
2019-03-22 11:46:00,12.54,12.54,12.54,12.54,523.0
2019-03-22 11:47:00,12.54,12.54,12.54,12.54,923.0
2019-03-22 11:48:00,12.54,12.54,12.54,12.54,100.0
2019-03-22 11:49:00,12.54,12.54,12.54,12.54,453.0
2019-03-22 11:50:00,12.54,12.54,12.54,12.54,175.0
2019-03-22 11:51:00,12.5314,12.5314,12.5314,12.5314,200.0
2019-03-22 11:53:00,12.5385,12.5385,12.5385,12.5385,1272.0
2019-03-22 11:54:00,12.53,12.53,12.53,12.53,1289.0
2019-03-22 11:55:00,12.53,12.53,12.53,12.53,130.0
2019-03-22 12:01:00,12.52,12.52,12.52,12.52,2400.0
2019-03-22 12:02:00,12.54,12.54,12.54,12.54,293.0
2019-03-22 12:05:00,12.5394,12.5394,12.5394,12.5394,433.0
2019-03-22 12:07:00,12.543,12.543,12.5301,12.5301,1010.0
2019-03-22 12:35:00,12.55,12.55,12.55,12.55,616.0
2019-03-22 12:36:00,12.54,12.54,12.54,12.54,147.0
2019-03-22 12:48:00,12.53,12.53,12.53,12.53,700.0
2019-03-22 12:54:00,12.5464,12.5464,12.5464,12.5464,398.0
2019-03-22 12:55:00,12.54,12.5438,12.54,12.5438,1898.0
2019-03-22 13:03:00,12.55,12.55,12.55,12.55,100.0
2019-03-22 13:06:00,12.56,12.56,12.56,12.56,104.0
2019-03-22 13:14:00,12.5627,12.5627,12.5627,12.5627,4385.0
2019-03-22 13:18:00,12.56,12.56,12.56,12.56,100.0
2019-03-22 13:19:00,12.5626,12.5626,12.5626,12.5626,2458.0
2019-03-22 13:21:00,12.5589,12.5589,12.5589,12.5589,902.0
2019-03-22 13:22:00,12.5604,12.5604,12.5604,12.5604,418.0
2019-03-22 13:26:00,12.551,12.551,12.551,12.551,116.0
2019-03-22 13:28:00,12.551,12.5676,12.551,12.5676,4421.0
2019-03-22 13:29:00,12.5643,12.5643,12.5643,12.5643,911.0
2019-03-22 13:30:00,12.56,12.56,12.56,12.56,100.0
2019-03-22 13:35:00,12.59,12.59,12.58,12.58,1900.0
2019-03-22 13:38:00,12.5659,12.5659,12.5659,12.5659,1609.0
2019-03-22 13:42:00,12.5632,12.5632,12.5632,12.5632,994.0
2019-03-22 13:43:00,12.57,12.57,12.57,12.57,1804.0
2019-03-22 13:48:00,12.5734,12.5734,12.56,12.56,1630.0
2019-03-22 13:51:00,12.575,12.575,12.575,12.575,1658.0
2019-03-22 13:58:00,12.5724,12.5724,12.5724,12.5724,2704.0
2019-03-22 14:01:00,12.5719,12.5719,12.5719,12.5719,3378.0
2019-03-22 14:15:00,12.5799,12.5799,12.5799,12.5799,600.0
2019-03-22 14:18:00,12.59,12.59,12.59,12.59,368.0
2019-03-22 14:26:00,12.599,12.599,12.586,12.586,1678.0
2019-03-22 14:30:00,12.6097,12.6097,12.6097,12.6097,1200.0
2019-03-22 14:31:00,12.61,12.61,12.6099,12.6099,4228.0
2019-03-22 14:35:00,12.6,12.6061,12.6,12.6061,239.0
2019-03-22 14:39:00,12.605,12.605,12.605,12.605,16302.0
2019-03-22 14:43:00,12.61,12.61,12.6085,12.6085,600.0
2019-03-22 14:46:00,12.6001,12.6001,12.6001,12.6001,1592.0
2019-03-22 14:47:00,12.6071,12.6071,12.6071,12.6071,231.0
2019-03-22 14:50:00,12.61,12.61,12.61,12.61,100.0
2019-03-22 14:55:00,12.6125,12.6127,12.6125,12.6127,226.0
2019-03-22 15:04:00,12.6033,12.6033,12.6033,12.6033,200.0
2019-03-22 15:05:00,12.6099,12.61,12.6099,12.61,1850.0
2019-03-22 15:07:00,12.615,12.615,12.615,12.615,2289.0
2019-03-22 15:09:00,12.6156,12.62,12.6156,12.62,534.0
2019-03-22 15:10:00,12.6226,12.6226,12.6226,12.6226,1034.0
2019-03-22 15:16:00,12.62,12.62,12.62,12.62,100.0
2019-03-22 15:21:00,12.6147,12.6147,12.6147,12.6147,125.0
2019-03-22 15:27:00,12.6225,12.6225,12.6225,12.6225,174.0
2019-03-22 15:30:00,12.62,12.62,12.62,12.62,274.0
2019-03-22 15:35:00,12.61,12.6127,12.61,12.61,1752.0
2019-03-22 15:36:00,12.6066,12.6066,12.6066,12.6066,2152.0
2019-03-22 15:38:00,12.6001,12.6001,12.6001,12.6001,2300.0
2019-03-22 15:39:00,12.61,12.61,12.61,12.61,2100.0
2019-03-22 15:40:00,12.61,12.61,12.61,12.61,1600.0
2019-03-22 15:41:00,12.61,12.6101,12.6,12.6101,1148.0
2019-03-22 15:42:00,12.6031,12.6031,12.6031,12.6031,1803.0
2019-03-22 15:44:00,12.6,12.6,12.6,12.6,300.0
2019-03-22 15:51:00,12.5951,12.5951,12.5951,12.5951,732.0
2019-03-22 15:53:00,12.58,12.58,12.58,12.58,100.0
2019-03-22 15:54:00,12.58,12.58,12.58,12.58,100.0
2019-03-22 15:59:00,12.57,12.57,12.57,12.57,575.0
2019-03-22 16:00:00,12.57,12.5731,12.57,12.57,1433.0
2019-03-25 09:33:00,12.5,12.5226,12.5,12.5226,0.0
2019-03-25 09:40:00,12.55,12.55,12.55,12.55,1449.0
2019-03-25 09:41:00,12.5372,12.5372,12.5372,12.5372,1549.0
2019-03-25 09:42:00,12.5,12.5,12.5,12.5,2339.0
2019-03-25 09:44:00,12.481,12.481,12.481,12.481,1840.0
2019-03-25 09:50:00,12.4498,12.4498,12.4498,12.4498,1271.0
2019-03-25 09:58:00,12.42,12.46,12.42,12.46,950.0
2019-03-25 10:09:00,12.42,12.42,12.4101,12.4101,403.0
2019-03-25 10:12:00,12.37,12.3763,12.37,12.3763,7627.0
2019-03-25 10:28:00,12.4098,12.41,12.4098,12.41,1355.0
2019-03-25 10:30:00,12.42,12.42,12.42,12.42,100.0
2019-03-25 10:31:00,12.4132,12.4132,12.4132,12.4132,200.0
2019-03-25 10:34:00,12.42,12.42,12.42,12.42,661.0
2019-03-25 10:37:00,12.41,12.41,12.41,12.41,200.0
2019-03-25 10:39:00,12.4128,12.4128,12.4128,12.4128,1258.0
2019-03-25 10:43:00,12.4053,12.4053,12.4053,12.4053,1000.0
2019-03-25 10:47:00,12.41,12.41,12.41,12.41,983.0
2019-03-25 10:49:00,12.4,12.4,12.4,12.4,1401.0
2019-03-25 10:52:00,12.4,12.4,12.4,12.4,235.0
2019-03-25 10:54:00,12.4191,12.4191,12.4191,12.4191,1900.0
2019-03-25 10:55:00,12.42,12.42,12.42,12.42,1272.0
2019-03-25 10:58:00,12.4169,12.4169,12.4169,12.4169,1298.0
2019-03-25 11:04:00,12.4151,12.4151,12.4151,12.4151,1000.0
2019-03-25 11:06:00,12.415,12.415,12.415,12.415,100.0
2019-03-25 11:07:00,12.415,12.415,12.415,12.415,1402.0
2019-03-25 11:08:00,12.41,12.41,12.41,12.41,4146.0
2019-03-25 11:10:00,12.4151,12.4151,12.4151,12.4151,492.0
2019-03-25 11:24:00,12.445,12.445,12.445,12.445,3458.0
2019-03-25 11:26:00,12.4499,12.4499,12.4499,12.4499,974.0
2019-03-25 11:28:00,12.4451,12.4451,12.4451,12.4451,1500.0
2019-03-25 11:29:00,12.45,12.45,12.45,12.45,300.0
2019-03-25 11:32:00,12.482,12.482,12.4487,12.4487,7514.0
2019-03-25 11:35:00,12.4303,12.4303,12.4303,12.4303,6585.0
2019-03-25 11:37:00,12.4336,12.4336,12.4336,12.4336,800.0
2019-03-25 11:38:00,12.42,12.42,12.42,12.42,162.0
2019-03-25 11:41:00,12.42,12.42,12.42,12.42,100.0
2019-03-25 11:42:00,12.42,12.42,12.42,12.42,230.0
2019-03-25 11:49:00,12.4117,12.4117,12.4117,12.4117,104.0
2019-03-25 11:54:00,12.4167,12.4167,12.4167,12.4167,951.0
2019-03-25 11:58:00,12.4154,12.4154,12.4154,12.4154,2290.0
2019-03-25 12:01:00,12.41,12.41,12.41,12.41,100.0
2019-03-25 12:04:00,12.42,12.42,12.42,12.42,676.0
2019-03-25 12:07:00,12.43,12.43,12.43,12.43,354.0
2019-03-25 12:08:00,12.43,12.43,12.43,12.43,3569.0
2019-03-25 12:11:00,12.4306,12.4306,12.4306,12.4306,2331.0
2019-03-25 12:15:00,12.44,12.44,12.43,12.43,2175.0
2019-03-25 12:17:00,12.43,12.43,12.43,12.43,169.0
2019-03-25 12:18:00,12.43,12.43,12.43,12.43,1000.0
2019-03-25 12:20:00,12.43,12.43,12.43,12.43,500.0
2019-03-25 12:22:00,12.43,12.43,12.43,12.43,500.0
2019-03-25 12:23:00,12.44,12.44,12.44,12.44,6701.0
2019-03-25 12:27:00,12.45,12.45,12.43,12.43,10400.0
2019-03-25 12:34:00,12.42,12.42,12.42,12.42,1300.0
2019-03-25 12:35:00,12.41,12.41,12.41,12.41,3200.0
2019-03-25 12:38:00,12.41,12.41,12.41,12.41,200.0
2019-03-25 12:40:00,12.405,12.405,12.405,12.405,2700.0
2019-03-25 12:44:00,12.39,12.39,12.39,12.39,1000.0
2019-03-25 12:51:00,12.4087,12.4087,12.4037,12.4037,5122.0
2019-03-25 13:04:00,12.425,12.425,12.42,12.42,600.0
2019-03-25 13:07:00,12.4165,12.4165,12.4165,12.4165,1000.0
2019-03-25 13:09:00,12.419,12.419,12.419,12.419,4100.0
2019-03-25 13:13:00,12.415,12.415,12.41,12.41,1000.0
2019-03-25 13:14:00,12.42,12.42,12.42,12.42,200.0
2019-03-25 13:18:00,12.41,12.41,12.4,12.4,1125.0
2019-03-25 13:19:00,12.4025,12.4025,12.4025,12.4025,2600.0
2019-03-25 13:29:00,12.4034,12.4034,12.4034,12.4034,2380.0
2019-03-25 13:30:00,12.402,12.402,12.402,12.402,524.0
2019-03-25 13:35:00,12.41,12.41,12.41,12.41,121.0
2019-03-25 13:36:00,12.405,12.405,12.405,12.405,1612.0
2019-03-25 13:39:00,12.41,12.41,12.41,12.41,300.0
2019-03-25 13:47:00,12.4001,12.4001,12.4001,12.4001,1000.0
2019-03-25 13:49:00,12.405,12.405,12.4,12.4,2602.0
2019-03-25 13:52:00,12.4,12.4,12.4,12.4,400.0
2019-03-25 13:55:00,12.3969,12.3969,12.3969,12.3969,385.0
2019-03-25 13:56:00,12.4,12.4,12.4,12.4,100.0
2019-03-25 13:57:00,12.3999,12.3999,12.3999,12.3999,100.0
2019-03-25 14:01:00,12.4,12.4,12.4,12.4,100.0
2019-03-25 14:05:00,12.3964,12.3964,12.3964,12.3964,400.0
2019-03-25 14:10:00,12.39,12.39,12.39,12.39,550.0
2019-03-25 14:11:00,12.39,12.39,12.39,12.39,1426.0
2019-03-25 14:13:00,12.39,12.39,12.39,12.39,278.0
2019-03-25 14:21:00,12.39,12.39,12.39,12.39,1800.0
2019-03-25 14:28:00,12.34,12.34,12.34,12.34,2597.0
2019-03-25 14:29:00,12.3568,12.3568,12.3568,12.3568,885.0
2019-03-25 14:32:00,12.365,12.365,12.365,12.365,100.0
2019-03-25 14:40:00,12.3803,12.3803,12.3803,12.3803,400.0
2019-03-25 14:44:00,12.37,12.37,12.37,12.37,950.0
2019-03-25 14:45:00,12.3733,12.3733,12.3733,12.3733,326.0
2019-03-25 14:53:00,12.3741,12.3741,12.3741,12.3741,1000.0
2019-03-25 15:01:00,12.39,12.39,12.39,12.39,100.0
2019-03-25 15:14:00,12.39,12.39,12.39,12.39,1100.0
2019-03-25 15:15:00,12.38,12.38,12.38,12.38,1125.0
2019-03-25 15:17:00,12.3877,12.3877,12.38,12.38,3687.0
2019-03-25 15:19:00,12.3899,12.3899,12.3899,12.3899,2291.0
2019-03-25 15:21:00,12.3888,12.3888,12.3888,12.3888,1000.0
2019-03-25 15:23:00,12.39,12.39,12.39,12.39,100.0
2019-03-25 15:24:00,12.3801,12.39,12.3801,12.39,1737.0
2019-03-25 15:31:00,12.385,12.385,12.385,12.385,375.0
2019-03-25 15:32:00,12.3813,12.3813,12.3813,12.3813,263.0
2019-03-25 15:38:00,12.39,12.39,12.39,12.39,183.0
2019-03-25 15:47:00,12.399,12.399,12.399,12.399,763.0
2019-03-25 15:49:00,12.3947,12.3947,12.3947,12.3947,367.0
2019-03-25 15:51:00,12.41,12.41,12.41,12.41,1017.0
2019-03-25 15:54:00,12.4069,12.4069,12.4069,12.4069,359.0
2019-03-25 15:55:00,12.42,12.42,12.42,12.42,1555.0
2019-03-25 15:57:00,12.4167,12.4167,12.4167,12.4167,1210.0
2019-03-25 15:59:00,12.43,12.43,12.43,12.43,481.0
2019-03-26 09:32:00,12.495,12.495,12.495,12.495,0.0
2019-03-26 09:36:00,12.59,12.59,12.59,12.59,2235.0
2019-03-26 09:39:00,12.61,12.61,12.61,12.61,640.0
2019-03-26 09:41:00,12.5993,12.5993,12.5993,12.5993,2698.0
2019-03-26 09:43:00,12.6315,12.6315,12.6315,12.6315,1866.0
2019-03-26 09:45:00,12.643,12.643,12.643,12.643,950.0
2019-03-26 09:46:00,12.66,12.66,12.66,12.66,100.0
2019-03-26 09:47:00,12.665,12.665,12.665,12.665,1879.0
2019-03-26 09:48:00,12.665,12.665,12.665,12.665,15173.0
2019-03-26 09:49:00,12.65,12.65,12.65,12.65,3157.0
2019-03-26 09:50:00,12.65,12.65,12.65,12.65,500.0
2019-03-26 09:51:00,12.65,12.65,12.65,12.65,600.0
2019-03-26 09:52:00,12.64,12.64,12.64,12.64,2500.0
2019-03-26 09:57:00,12.66,12.66,12.66,12.66,100.0
2019-03-26 09:59:00,12.66,12.66,12.66,12.66,100.0
2019-03-26 10:01:00,12.66,12.66,12.66,12.66,867.0
2019-03-26 10:06:00,12.6279,12.6279,12.6279,12.6279,284.0
2019-03-26 10:20:00,12.6071,12.6071,12.6071,12.6071,815.0
2019-03-26 10:23:00,12.6,12.6,12.6,12.6,408.0
2019-03-26 10:28:00,12.6033,12.6033,12.6033,12.6033,700.0
2019-03-26 10:29:00,12.6001,12.6001,12.6001,12.6001,1600.0
2019-03-26 10:37:00,12.6,12.6,12.6,12.6,510.0
2019-03-26 10:38:00,12.605,12.605,12.605,12.605,2602.0
2019-03-26 10:42:00,12.59,12.5981,12.59,12.5981,4799.0
2019-03-26 10:44:00,12.6099,12.6099,12.6099,12.6099,308.0
2019-03-26 10:50:00,12.61,12.61,12.61,12.61,100.0
2019-03-26 10:51:00,12.61,12.61,12.61,12.61,1350.0
2019-03-26 10:52:00,12.62,12.62,12.62,12.62,1010.0
2019-03-26 10:53:00,12.629,12.629,12.629,12.629,2956.0
2019-03-26 10:56:00,12.6257,12.6265,12.6257,12.6265,806.0
2019-03-26 11:05:00,12.61,12.61,12.61,12.61,597.0
2019-03-26 11:09:00,12.5915,12.5915,12.5915,12.5915,1539.0
2019-03-26 11:12:00,12.58,12.58,12.58,12.58,1000.0
2019-03-26 11:15:00,12.57,12.57,12.57,12.57,800.0
2019-03-26 11:20:00,12.521,12.521,12.521,12.521,2600.0
2019-03-26 11:21:00,12.5302,12.5302,12.5302,12.5302,1300.0
2019-03-26 11:26:00,12.5264,12.5264,12.5264,12.5264,120.0
2019-03-26 11:31:00,12.52,12.52,12.52,12.52,141.0
2019-03-26 11:37:00,12.527,12.527,12.527,12.527,2437.0
2019-03-26 11:43:00,12.5599,12.5599,12.5599,12.5599,2842.0
2019-03-26 11:47:00,12.55,12.55,12.55,12.55,829.0
2019-03-26 11:50:00,12.5477,12.5477,12.5477,12.5477,597.0
2019-03-26 11:52:00,12.555,12.555,12.555,12.555,4607.0
2019-03-26 11:53:00,12.5499,12.5499,12.5499,12.5499,100.0
2019-03-26 11:57:00,12.5599,12.5599,12.5599,12.5599,0.0
2019-03-26 12:04:00,12.5452,12.5452,12.5452,12.5452,240.0
2019-03-26 12:11:00,12.54,12.54,12.54,12.54,192.0
2019-03-26 12:13:00,12.5401,12.5401,12.5401,12.5401,613.0
2019-03-26 12:14:00,12.54,12.54,12.54,12.54,100.0
2019-03-26 12:24:00,12.54,12.54,12.54,12.54,147.0
2019-03-26 12:36:00,12.5496,12.5496,12.5496,12.5496,410.0
2019-03-26 12:42:00,12.52,12.52,12.52,12.52,1172.0
2019-03-26 12:49:00,12.5374,12.5374,12.5374,12.5374,1252.0
2019-03-26 12:58:00,12.5384,12.5384,12.5384,12.5384,2000.0
2019-03-26 12:59:00,12.526,12.526,12.526,12.526,341.0
2019-03-26 13:03:00,12.54,12.54,12.54,12.54,2203.0
2019-03-26 13:06:00,12.52,12.52,12.52,12.52,960.0
2019-03-26 13:07:00,12.5237,12.5237,12.5237,12.5237,2041.0
2019-03-26 13:14:00,12.5257,12.5257,12.5257,12.5257,1503.0
2019-03-26 13:21:00,12.54,12.54,12.52,12.52,0.0
2019-03-26 13:23:00,12.51,12.51,12.51,12.51,213.0
2019-03-26 13:24:00,12.5,12.5,12.5,12.5,113.0
2019-03-26 13:27:00,12.5069,12.5069,12.5069,12.5069,394.0
2019-03-26 13:29:00,12.5,12.5,12.5,12.5,572.0
2019-03-26 13:31:00,12.4964,12.4964,12.4964,12.4964,788.0
2019-03-26 13:32:00,12.4972,12.4972,12.4972,12.4972,0.0
2019-03-26 13:37:00,12.49,12.49,12.4757,12.4757,2282.0
2019-03-26 13:39:00,12.4662,12.4662,12.4662,12.4662,1370.0
2019-03-26 13:42:00,12.4753,12.4753,12.4753,12.4753,2408.0
2019-03-26 13:45:00,12.4627,12.4627,12.4627,12.4627,1962.0
2019-03-26 13:59:00,12.4699,12.471,12.4699,12.471,1598.0
2019-03-26 14:05:00,12.4639,12.4639,12.4639,12.4639,4877.0
2019-03-26 14:07:00,12.4564,12.4564,12.4564,12.4564,245.0
2019-03-26 14:09:00,12.47,12.47,12.47,12.47,1226.0
2019-03-26 14:10:00,12.47,12.47,12.47,12.47,579.0
2019-03-26 14:13:00,12.469,12.469,12.469,12.469,1700.0
2019-03-26 14:17:00,12.4798,12.4798,12.4798,12.4798,1100.0
2019-03-26 14:29:00,12.4768,12.4768,12.4768,12.4768,245.0
2019-03-26 14:34:00,12.4766,12.4766,12.4766,12.4766,329.0
2019-03-26 14:38:00,12.47,12.47,12.47,12.47,363.0
2019-03-26 14:40:00,12.47,12.47,12.47,12.47,4449.0
2019-03-26 14:47:00,12.4865,12.4865,12.4865,12.4865,485.0
2019-03-26 14:49:00,12.485,12.485,12.485,12.485,1743.0
2019-03-26 14:55:00,12.485,12.485,12.485,12.485,383.0
2019-03-26 14:59:00,12.49,12.49,12.49,12.49,300.0
2019-03-26 15:03:00,12.493,12.493,12.493,12.493,1000.0
2019-03-26 15:05:00,12.51,12.51,12.51,12.51,723.0
2019-03-26 15:06:00,12.51,12.51,12.51,12.51,192.0
2019-03-26 15:08:00,12.504,12.504,12.504,12.504,114.0
2019-03-26 15:12:00,12.5015,12.5015,12.5015,12.5015,500.0
2019-03-26 15:15:00,12.5093,12.5093,12.5093,12.5093,400.0
2019-03-26 15:16:00,12.496,12.496,12.496,12.496,2494.0
2019-03-26 15:17:00,12.4958,12.4958,12.4958,12.4958,375.0
2019-03-26 15:18:00,12.5022,12.5022,12.5022,12.5022,4082.0
2019-03-26 15:30:00,12.5,12.5,12.5,12.5,1100.0
2019-03-26 15:31:00,12.5,12.5,12.5,12.5,655.0
2019-03-26 15:33:00,12.51,12.51,12.51,12.51,5230.0
2019-03-26 15:34:00,12.52,12.52,12.52,12.52,5304.0
2019-03-26 15:35:00,12.52,12.52,12.52,12.52,2915.0
2019-03-26 15:38:00,12.51,12.515,12.51,12.51,2514.0
2019-03-26 15:39:00,12.52,12.53,12.52,12.53,15682.0
2019-03-26 15:40:00,12.535,12.54,12.535,12.535,11758.0
2019-03-26 15:45:00,12.5207,12.5207,12.5207,12.5207,911.0
2019-03-26 15:54:00,12.53,12.53,12.52,12.52,668.0
2019-03-26 15:55:00,12.52,12.5272,12.5101,12.52,11033.0
2019-03-26 15:59:00,12.51,12.51,12.51,12.51,510.0
2019-03-27 09:31:00,12.54,12.54,12.54,12.54,0.0
2019-03-27 09:36:00,12.5325,12.5325,12.5325,12.5325,1000.0
2019-03-27 09:38:00,12.5514,12.5899,12.5514,12.562,1518.0
2019-03-27 09:42:00,12.565,12.58,12.555,12.555,1336.0
2019-03-27 09:43:00,12.565,12.565,12.565,12.565,595.0
2019-03-27 09:44:00,12.57,12.57,12.565,12.565,510.0
2019-03-27 09:47:00,12.57,12.57,12.56,12.56,300.0
2019-03-27 09:49:00,12.5656,12.5656,12.51,12.51,22035.0
2019-03-27 09:50:00,12.53,12.53,12.53,12.53,901.0
2019-03-27 09:51:00,12.53,12.55,12.53,12.53,2908.0
2019-03-27 09:52:00,12.53,12.53,12.53,12.53,415.0
2019-03-27 09:57:00,12.52,12.5244,12.52,12.5244,400.0
2019-03-27 10:01:00,12.513,12.513,12.513,12.513,458.0
2019-03-27 10:02:00,12.5129,12.5129,12.5129,12.5129,149.0
2019-03-27 10:04:00,12.5144,12.5144,12.5144,12.5144,203.0
2019-03-27 10:09:00,12.5211,12.5211,12.5208,12.5208,500.0
2019-03-27 10:13:00,12.525,12.525,12.51,12.51,580.0
2019-03-27 10:14:00,12.505,12.52,12.505,12.52,4929.0
2019-03-27 10:18:00,12.52,12.5295,12.52,12.5295,2557.0
2019-03-27 10:22:00,12.5328,12.55,12.5328,12.55,1678.0
2019-03-27 10:23:00,12.5386,12.5386,12.5386,12.5386,200.0
2019-03-27 10:29:00,12.5312,12.5312,12.5312,12.5312,549.0
2019-03-27 10:34:00,12.5312,12.5312,12.5312,12.5312,500.0
2019-03-27 10:35:00,12.52,12.52,12.49,12.49,4302.0
2019-03-27 10:37:00,12.51,12.51,12.51,12.51,100.0
2019-03-27 10:38:00,12.51,12.51,12.51,12.51,100.0
2019-03-27 10:40:00,12.51,12.53,12.5089,12.5089,2157.0
2019-03-27 10:43:00,12.515,12.515,12.515,12.515,243.0
2019-03-27 10:44:00,12.5,12.5,12.49,12.49,330.0
2019-03-27 10:47:00,12.4803,12.4803,12.4803,12.4803,330.0
2019-03-27 10:50:00,12.4776,12.4776,12.4776,12.4776,400.0
2019-03-27 10:56:00,12.4744,12.4744,12.4744,12.4744,610.0
2019-03-27 11:01:00,12.461,12.4813,12.46,12.4639,5800.0
2019-03-27 11:02:00,12.469,12.469,12.4645,12.469,802.0
2019-03-27 11:08:00,12.47,12.47,12.47,12.47,465.0
2019-03-27 11:10:00,12.4843,12.4843,12.4843,12.4843,500.0
2019-03-27 11:17:00,12.47,12.4785,12.47,12.47,1835.0
2019-03-27 11:23:00,12.46,12.46,12.45,12.4551,3173.0
2019-03-27 11:29:00,12.45,12.4565,12.45,12.4565,2000.0
2019-03-27 11:31:00,12.4621,12.4621,12.44,12.44,2540.0
2019-03-27 11:33:00,12.44,12.4508,12.44,12.4493,1000.0
2019-03-27 11:38:00,12.4287,12.4287,12.4287,12.4287,640.0
2019-03-27 11:40:00,12.4337,12.4337,12.43,12.43,1000.0
2019-03-27 11:41:00,12.43,12.43,12.43,12.43,400.0
2019-03-27 11:45:00,12.41,12.41,12.41,12.41,287.0
2019-03-27 11:49:00,12.41,12.41,12.41,12.41,100.0
2019-03-27 12:00:00,12.4228,12.4228,12.4178,12.4178,4190.0
2019-03-27 12:03:00,12.41,12.41,12.41,12.41,0.0
2019-03-27 12:21:00,12.44,12.4401,12.43,12.43,85296.0
2019-03-27 12:26:00,12.4685,12.4685,12.4685,12.4685,489.0
2019-03-27 12:46:00,12.46,12.46,12.46,12.46,189.0
2019-03-27 12:49:00,12.4699,12.4699,12.4699,12.4699,1005.0
2019-03-27 12:55:00,12.4551,12.4551,12.4551,12.4551,152.0
2019-03-27 12:58:00,12.4629,12.4629,12.4629,12.4629,321.0
2019-03-27 12:59:00,12.47,12.47,12.47,12.47,107.0
2019-03-27 13:01:00,12.46,12.46,12.46,12.46,6211.0
2019-03-27 13:03:00,12.46,12.46,12.46,12.46,138.0
2019-03-27 13:13:00,12.4561,12.46,12.45,12.46,2530.0
2019-03-27 13:14:00,12.46,12.46,12.46,12.46,122.0
2019-03-27 13:18:00,12.47,12.47,12.47,12.47,2321.0
2019-03-27 13:26:00,12.4716,12.4716,12.4716,12.4716,398.0
2019-03-27 13:27:00,12.46,12.47,12.46,12.47,2708.0
2019-03-27 13:29:00,12.46,12.46,12.46,12.46,1028.0
2019-03-27 13:32:00,12.46,12.46,12.46,12.46,106.0
2019-03-27 13:34:00,12.47,12.47,12.465,12.4699,830.0
2019-03-27 13:35:00,12.4699,12.4699,12.46,12.4629,1419.0
2019-03-27 13:38:00,12.465,12.4699,12.465,12.4699,2208.0
2019-03-27 13:49:00,12.45,12.4649,12.45,12.4649,1139.0
2019-03-27 13:58:00,12.4551,12.4551,12.4551,12.4551,511.0
2019-03-27 14:20:00,12.44,12.4463,12.4301,12.4301,2292.0
2019-03-27 14:21:00,12.43,12.44,12.43,12.44,1965.0
2019-03-27 14:22:00,12.437,12.437,12.437,12.437,1000.0
2019-03-27 14:23:00,12.4435,12.4435,12.4435,12.4435,747.0
2019-03-27 14:25:00,12.45,12.45,12.45,12.45,404.0
2019-03-27 14:31:00,12.45,12.45,12.45,12.45,384.0
2019-03-27 14:34:00,12.445,12.445,12.4444,12.4444,208.0
2019-03-27 14:37:00,12.45,12.45,12.45,12.45,100.0
2019-03-27 14:38:00,12.449,12.449,12.449,12.449,400.0
2019-03-27 14:41:00,12.441,12.441,12.441,12.441,1100.0
2019-03-27 14:51:00,12.4498,12.45,12.4498,12.45,1300.0
2019-03-27 15:04:00,12.443,12.443,12.443,12.443,225.0
2019-03-27 15:05:00,12.4407,12.4407,12.4407,12.4407,180.0
2019-03-27 15:10:00,12.449,12.449,12.449,12.449,151.0
2019-03-27 15:14:00,12.44,12.4425,12.44,12.4425,200.0
2019-03-27 15:24:00,12.4465,12.4465,12.4465,12.4465,141.0
2019-03-27 15:26:00,12.4456,12.4456,12.4456,12.4456,625.0
2019-03-27 15:27:00,12.45,12.46,12.45,12.46,529.0
2019-03-27 15:28:00,12.46,12.46,12.46,12.46,696.0
2019-03-27 15:33:00,12.46,12.47,12.46,12.4646,3300.0
2019-03-27 15:36:00,12.47,12.47,12.47,12.47,102.0
2019-03-27 15:50:00,12.46,12.46,12.46,12.46,103.0
2019-03-27 15:52:00,12.46,12.47,12.46,12.47,2061.0
2019-03-27 15:53:00,12.465,12.47,12.465,12.47,6708.0
2019-03-27 15:54:00,12.46,12.46,12.46,12.46,100.0
2019-03-27 15:57:00,12.465,12.465,12.465,12.465,400.0
2019-03-27 15:58:00,12.46,12.47,12.46,12.47,1100.0
2019-03-27 15:59:00,12.47,12.47,12.47,12.47,100.0
2019-03-27 16:00:00,12.49,12.49,12.47,12.48,1701.0
2019-03-28 09:31:00,12.45,12.45,12.45,12.45,3559.0
2019-03-28 09:33:00,12.48,12.48,12.46,12.46,1500.0
2019-03-28 09:37:00,12.48,12.48,12.48,12.48,831.0
2019-03-28 09:41:00,12.53,12.53,12.53,12.53,140.0
2019-03-28 09:42:00,12.54,12.54,12.54,12.54,100.0
2019-03-28 09:51:00,12.5206,12.5206,12.5206,12.5206,215.0
2019-03-28 09:53:00,12.55,12.55,12.5495,12.5495,1100.0
2019-03-28 09:55:00,12.56,12.56,12.56,12.56,201.0
2019-03-28 09:59:00,12.56,12.56,12.5443,12.5443,1294.0
2019-03-28 10:00:00,12.56,12.56,12.56,12.56,100.0
2019-03-28 10:03:00,12.5516,12.5536,12.5516,12.5536,3900.0
2019-03-28 10:05:00,12.56,12.56,12.544,12.544,300.0
2019-03-28 10:08:00,12.54,12.54,12.54,12.54,100.0
2019-03-28 10:09:00,12.5453,12.5453,12.5453,12.5453,264.0
2019-03-28 10:10:00,12.56,12.56,12.56,12.56,100.0
2019-03-28 10:11:00,12.57,12.57,12.57,12.57,202.0
2019-03-28 10:14:00,12.58,12.58,12.5688,12.5688,1100.0
2019-03-28 10:16:00,12.57,12.57,12.57,12.57,100.0
2019-03-28 10:17:00,12.565,12.565,12.56,12.56,500.0
2019-03-28 10:18:00,12.55,12.57,12.54,12.57,300.0
2019-03-28 10:19:00,12.55,12.555,12.55,12.555,280.0
2019-03-28 10:21:00,12.57,12.57,12.57,12.57,100.0
2019-03-28 10:22:00,12.57,12.58,12.57,12.58,480.0
2019-03-28 10:28:00,12.5503,12.5503,12.5503,12.5503,367.0
2019-03-28 10:30:00,12.5647,12.5647,12.5647,12.5647,200.0
2019-03-28 10:32:00,12.5608,12.5608,12.5608,12.5608,366.0
2019-03-28 10:34:00,12.565,12.565,12.5622,12.5622,467.0
2019-03-28 10:36:00,12.5642,12.5785,12.5642,12.5785,4700.0
2019-03-28 10:40:00,12.57,12.57,12.57,12.57,100.0
2019-03-28 10:42:00,12.5798,12.5798,12.5798,12.5798,265.0
2019-03-28 10:44:00,12.57,12.57,12.57,12.57,100.0
2019-03-28 10:46:00,12.56,12.565,12.56,12.565,6858.0
2019-03-28 10:47:00,12.565,12.565,12.56,12.56,1100.0
2019-03-28 10:50:00,12.55,12.55,12.55,12.55,1200.0
2019-03-28 10:57:00,12.55,12.557,12.55,12.557,400.0
2019-03-28 10:59:00,12.55,12.55,12.55,12.55,500.0
2019-03-28 11:02:00,12.54,12.54,12.535,12.535,2320.0
2019-03-28 11:03:00,12.53,12.53,12.53,12.53,2075.0
2019-03-28 11:04:00,12.52,12.52,12.52,12.52,500.0
2019-03-28 11:06:00,12.5197,12.5197,12.5197,12.5197,1295.0
2019-03-28 11:16:00,12.51,12.511,12.51,12.511,400.0
2019-03-28 11:17:00,12.5101,12.511,12.51,12.51,1648.0
2019-03-28 11:22:00,12.51,12.51,12.51,12.51,800.0
2019-03-28 11:24:00,12.5,12.5037,12.5,12.5037,1461.0
2019-03-28 11:26:00,12.49,12.49,12.49,12.49,148.0
2019-03-28 11:29:00,12.48,12.48,12.48,12.48,600.0
2019-03-28 11:30:00,12.49,12.49,12.485,12.485,489.0
2019-03-28 11:32:00,12.4899,12.4899,12.485,12.485,289.0
2019-03-28 11:34:00,12.485,12.485,12.485,12.485,200.0
2019-03-28 11:37:00,12.48,12.4843,12.48,12.4843,2628.0
2019-03-28 11:40:00,12.49,12.51,12.485,12.495,1504.0
2019-03-28 11:45:00,12.49,12.49,12.49,12.49,100.0
2019-03-28 11:49:00,12.49,12.5,12.49,12.495,1722.0
2019-03-28 11:52:00,12.495,12.495,12.495,12.495,2314.0
2019-03-28 11:53:00,12.49,12.495,12.49,12.495,528.0
2019-03-28 11:55:00,12.49,12.49,12.49,12.49,1255.0
2019-03-28 12:01:00,12.49,12.49,12.49,12.49,0.0
2019-03-28 12:10:00,12.4999,12.4999,12.4999,12.4999,55855.0
2019-03-28 12:14:00,12.487,12.487,12.487,12.487,163.0
2019-03-28 12:19:00,12.47,12.4917,12.47,12.4793,1800.0
2019-03-28 12:20:00,12.47,12.4762,12.47,12.47,2900.0
2019-03-28 12:21:00,12.47,12.48,12.47,12.4779,1406.0
2019-03-28 12:27:00,12.48,12.48,12.48,12.48,314.0
2019-03-28 12:36:00,12.495,12.5,12.495,12.5,7949.0
2019-03-28 12:38:00,12.4935,12.4935,12.49,12.49,395.0
2019-03-28 12:48:00,12.5064,12.5064,12.5064,12.5064,407.0
2019-03-28 12:52:00,12.505,12.505,12.505,12.505,275.0
2019-03-28 12:56:00,12.5265,12.53,12.5265,12.53,447.0
2019-03-28 13:02:00,12.537,12.537,12.537,12.537,300.0
2019-03-28 13:03:00,12.53,12.53,12.53,12.53,362.0
2019-03-28 13:07:00,12.53,12.53,12.53,12.53,100.0
2019-03-28 13:08:00,12.5305,12.5305,12.5305,12.5305,2000.0
2019-03-28 13:09:00,12.5398,12.5398,12.5398,12.5398,209.0
2019-03-28 13:18:00,12.53,12.53,12.53,12.53,110.0
2019-03-28 13:22:00,12.54,12.54,12.5399,12.5399,330.0
2019-03-28 13:36:00,12.5498,12.55,12.5498,12.55,1809.0
2019-03-28 13:42:00,12.53,12.54,12.53,12.54,200.0
2019-03-28 13:43:00,12.55,12.55,12.55,12.55,276.0
2019-03-28 13:51:00,12.5364,12.5364,12.5364,12.5364,485.0
2019-03-28 13:58:00,12.5301,12.5301,12.5301,12.5301,5894.0
2019-03-28 14:03:00,12.5357,12.5357,12.5357,12.5357,1000.0
2019-03-28 14:04:00,12.5354,12.5354,12.5354,12.5354,160.0
2019-03-28 14:12:00,12.5499,12.5499,12.5499,12.5499,1000.0
2019-03-28 14:15:00,12.54,12.54,12.54,12.54,100.0
2019-03-28 14:18:00,12.54,12.54,12.54,12.54,320.0
2019-03-28 14:41:00,12.55,12.56,12.545,12.56,6587.0
2019-03-28 14:46:00,12.56,12.56,12.5599,12.5599,807.0
2019-03-28 14:47:00,12.551,12.551,12.551,12.551,178.0
2019-03-28 14:50:00,12.555,12.555,12.555,12.555,100.0
2019-03-28 14:59:00,12.56,12.56,12.5599,12.5599,402.0
2019-03-28 15:02:00,12.5647,12.5647,12.5647,12.5647,340.0
2019-03-28 15:13:00,12.57,12.58,12.57,12.58,1007.0
2019-03-28 15:21:00,12.58,12.58,12.58,12.58,366.0
2019-03-28 15:26:00,12.58,12.58,12.5771,12.5771,2330.0
2019-03-28 15:29:00,12.58,12.58,12.58,12.58,510.0
2019-03-28 15:35:00,12.5828,12.5828,12.5828,12.5828,531.0
2019-03-28 15:40:00,12.585,12.6,12.585,12.595,9854.0
2019-03-28 15:41:00,12.59,12.59,12.59,12.59,100.0
2019-03-28 15:44:00,12.5901,12.5901,12.5901,12.5901,1292.0
2019-03-28 15:46:00,12.6,12.6,12.6,12.6,800.0
2019-03-28 15:47:00,12.6023,12.6023,12.6023,12.6023,300.0
2019-03-28 15:48:00,12.6,12.61,12.6,12.61,2500.0
2019-03-28 15:49:00,12.6,12.6,12.6,12.6,148.0
2019-03-28 15:50:00,12.6,12.6,12.59,12.59,1100.0
2019-03-28 15:51:00,12.581,12.59,12.58,12.59,1427.0
2019-03-28 15:53:00,12.5914,12.5914,12.5872,12.5872,1300.0
2019-03-28 15:54:00,12.58,12.58,12.58,12.58,516.0
2019-03-28 15:56:00,12.58,12.58,12.58,12.58,100.0
2019-03-28 16:00:00,12.58,12.6,12.58,12.595,1327.0
2019-03-29 09:31:00,12.68,12.68,12.68,12.68,0.0
2019-03-29 09:32:00,12.666,12.666,12.666,12.666,189.0
2019-03-29 09:33:00,12.69,12.69,12.69,12.69,574.0
2019-03-29 09:40:00,12.6714,12.6714,12.6714,12.6714,246.0
2019-03-29 09:42:00,12.65,12.66,12.63,12.66,4468.0
2019-03-29 09:43:00,12.66,12.66,12.66,12.66,392.0
2019-03-29 09:45:00,12.68,12.68,12.6616,12.6616,233.0
2019-03-29 09:50:00,12.661,12.661,12.661,12.661,1000.0
2019-03-29 09:51:00,12.67,12.67,12.67,12.67,101.0
2019-03-29 10:03:00,12.65,12.65,12.65,12.65,100.0
2019-03-29 10:07:00,12.67,12.67,12.6456,12.6456,1129.0
2019-03-29 10:08:00,12.6492,12.65,12.62,12.62,3100.0
2019-03-29 10:10:00,12.65,12.65,12.65,12.65,100.0
2019-03-29 10:12:00,12.6381,12.6381,12.6381,12.6381,1000.0
2019-03-29 10:13:00,12.635,12.65,12.6201,12.6201,3101.0
2019-03-29 10:18:00,12.61,12.61,12.61,12.61,174.0
2019-03-29 10:24:00,12.6064,12.6064,12.6064,12.6064,279.0
2019-03-29 10:32:00,12.63,12.63,12.63,12.63,196.0
2019-03-29 10:40:00,12.621,12.621,12.621,12.621,160.0
2019-03-29 10:42:00,12.64,12.64,12.62,12.62,495.0
2019-03-29 10:44:00,12.6399,12.64,12.6399,12.64,2771.0
2019-03-29 10:45:00,12.64,12.64,12.64,12.64,1890.0
2019-03-29 10:55:00,12.61,12.61,12.61,12.61,100.0
2019-03-29 10:56:00,12.601,12.601,12.601,12.601,230.0
2019-03-29 11:04:00,12.61,12.61,12.61,12.61,300.0
2019-03-29 11:06:00,12.6,12.6,12.6,12.6,396.0
2019-03-29 11:13:00,12.591,12.591,12.591,12.591,173.0
2019-03-29 11:16:00,12.6081,12.6081,12.6081,12.6081,240.0
2019-03-29 11:35:00,12.61,12.61,12.61,12.61,100.0
2019-03-29 11:37:00,12.61,12.6165,12.61,12.6165,950.0
2019-03-29 11:39:00,12.6292,12.6292,12.6292,12.6292,2400.0
2019-03-29 11:41:00,12.6265,12.6265,12.6265,12.6265,349.0
2019-03-29 11:54:00,12.635,12.635,12.635,12.635,1000.0
2019-03-29 11:57:00,12.6301,12.6301,12.6301,12.6301,500.0
2019-03-29 11:58:00,12.64,12.64,12.64,12.64,150.0
2019-03-29 12:08:00,12.6265,12.6265,12.6265,12.6265,4176.0
2019-03-29 12:11:00,12.62,12.62,12.62,12.62,1500.0
2019-03-29 12:15:00,12.6467,12.6467,12.6467,12.6467,538.0
2019-03-29 12:19:00,12.6598,12.6598,12.6598,12.6598,200.0
2019-03-29 12:22:00,12.66,12.66,12.66,12.66,100.0
2019-03-29 12:23:00,12.67,12.67,12.67,12.67,100.0
2019-03-29 12:32:00,12.67,12.67,12.66,12.66,857.0
2019-03-29 12:34:00,12.67,12.67,12.67,12.67,750.0
2019-03-29 12:35:00,12.67,12.68,12.67,12.68,202.0
2019-03-29 12:44:00,12.6843,12.6843,12.6843,12.6843,950.0
2019-03-29 12:47:00,12.67,12.67,12.67,12.67,253.0
2019-03-29 12:53:00,12.6632,12.6632,12.6632,12.6632,164.0
2019-03-29 12:55:00,12.66,12.66,12.66,12.66,100.0
2019-03-29 12:56:00,12.6632,12.6632,12.6632,12.6632,1000.0
2019-03-29 13:19:00,12.658,12.658,12.658,12.658,500.0
2019-03-29 13:24:00,12.65,12.65,12.65,12.65,126.0
2019-03-29 13:28:00,12.6628,12.6628,12.66,12.66,206.0
2019-03-29 13:32:00,12.6636,12.67,12.6632,12.67,1670.0
2019-03-29 13:36:00,12.651,12.651,12.651,12.651,511.0
2019-03-29 13:39:00,12.65,12.65,12.65,12.65,650.0
2019-03-29 13:43:00,12.6557,12.6557,12.6557,12.6557,939.0
2019-03-29 13:46:00,12.6699,12.6699,12.6699,12.6699,689.0
2019-03-29 13:48:00,12.66,12.66,12.65,12.65,600.0
2019-03-29 13:49:00,12.654,12.6573,12.654,12.6573,1608.0
2019-03-29 13:52:00,12.6565,12.6565,12.6565,12.6565,200.0
2019-03-29 13:53:00,12.67,12.67,12.67,12.67,484.0
2019-03-29 13:56:00,12.6634,12.6634,12.6634,12.6634,642.0
2019-03-29 13:58:00,12.6637,12.6637,12.6637,12.6637,204.0
2019-03-29 14:00:00,12.65,12.6628,12.65,12.6628,340.0
2019-03-29 14:04:00,12.651,12.651,12.651,12.651,368.0
2019-03-29 14:05:00,12.65,12.65,12.65,12.65,100.0
2019-03-29 14:10:00,12.6632,12.6632,12.6632,12.6632,740.0
2019-03-29 14:13:00,12.6572,12.6572,12.6572,12.6572,369.0
2019-03-29 14:14:00,12.6699,12.6699,12.6699,12.6699,960.0
2019-03-29 14:18:00,12.6575,12.6575,12.6575,12.6575,369.0
2019-03-29 14:20:00,12.66,12.66,12.66,12.66,100.0
2019-03-29 14:21:00,12.65,12.65,12.65,12.65,184.0
2019-03-29 14:28:00,12.66,12.6628,12.65,12.6558,3684.0
2019-03-29 14:30:00,12.65,12.65,12.65,12.65,117.0
2019-03-29 14:35:00,12.65,12.65,12.65,12.65,193.0
2019-03-29 14:46:00,12.64,12.6427,12.64,12.6427,1152.0
2019-03-29 14:47:00,12.64,12.64,12.63,12.63,1903.0
2019-03-29 14:55:00,12.63,12.64,12.63,12.64,1300.0
2019-03-29 14:59:00,12.635,12.635,12.635,12.635,200.0
2019-03-29 15:04:00,12.64,12.64,12.64,12.64,300.0
2019-03-29 15:06:00,12.6464,12.6464,12.6464,12.6464,152.0
2019-03-29 15:12:00,12.64,12.64,12.64,12.64,419.0
2019-03-29 15:16:00,12.6447,12.6447,12.6447,12.6447,259.0
2019-03-29 15:20:00,12.6489,12.6489,12.6489,12.6489,632.0
2019-03-29 15:25:00,12.64,12.64,12.64,12.64,100.0
2019-03-29 15:27:00,12.64,12.64,12.64,12.64,100.0
2019-03-29 15:29:00,12.63,12.6301,12.63,12.6301,916.0
2019-03-29 15:30:00,12.63,12.63,12.63,12.63,2053.0
2019-03-29 15:31:00,12.6301,12.6325,12.6301,12.6325,552.0
2019-03-29 15:39:00,12.6301,12.6301,12.6301,12.6301,352.0
2019-03-29 15:40:00,12.64,12.64,12.64,12.64,110.0
2019-03-29 15:42:00,12.6376,12.6376,12.6376,12.6376,554.0
2019-03-29 15:46:00,12.63,12.63,12.63,12.63,230.0
2019-03-29 15:52:00,12.62,12.62,12.62,12.62,100.0
2019-03-29 15:55:00,12.62,12.62,12.62,12.62,100.0
2019-03-29 15:56:00,12.62,12.6229,12.62,12.6228,2500.0
2019-03-29 15:57:00,12.62,12.62,12.62,12.62,200.0
2019-03-29 15:59:00,12.625,12.65,12.625,12.65,4280.0
2019-03-29 16:00:00,12.65,12.65,12.65,12.65,2451.0
2019-04-01 09:31:00,12.7425,12.7425,12.7425,12.7425,0.0
2019-04-01 09:41:00,12.73,12.73,12.73,12.73,1000.0
2019-04-01 09:45:00,12.74,12.74,12.74,12.74,300.0
2019-04-01 09:49:00,12.73,12.73,12.73,12.73,500.0
2019-04-01 09:53:00,12.73,12.73,12.73,12.73,865.0
2019-04-01 09:56:00,12.731,12.731,12.731,12.731,400.0
2019-04-01 09:57:00,12.7564,12.7564,12.7564,12.7564,3849.0
2019-04-01 10:08:00,12.73,12.73,12.73,12.73,200.0
2019-04-01 10:14:00,12.75,12.75,12.75,12.75,1519.0
2019-04-01 10:21:00,12.7305,12.7305,12.7305,12.7305,904.0
2019-04-01 10:23:00,12.7693,12.7693,12.7693,12.7693,310.0
2019-04-01 10:31:00,12.77,12.77,12.77,12.77,672.0
2019-04-01 10:36:00,12.79,12.79,12.79,12.79,291.0
2019-04-01 10:40:00,12.776,12.776,12.776,12.776,100.0
2019-04-01 10:42:00,12.775,12.775,12.775,12.775,3341.0
2019-04-01 10:45:00,12.77,12.77,12.769,12.769,804.0
2019-04-01 10:51:00,12.7839,12.7839,12.7839,12.7839,422.0
2019-04-01 10:56:00,12.79,12.79,12.79,12.79,3810.0
2019-04-01 11:02:00,12.7601,12.7601,12.7601,12.7601,1000.0
2019-04-01 11:04:00,12.7601,12.7601,12.7601,12.7601,2980.0
2019-04-01 11:06:00,12.78,12.78,12.78,12.78,200.0
2019-04-01 11:07:00,12.76,12.7601,12.76,12.7601,4301.0
2019-04-01 11:12:00,12.7698,12.7698,12.7698,12.7698,500.0
2019-04-01 11:23:00,12.7742,12.7742,12.7742,12.7742,1200.0
2019-04-01 11:24:00,12.77,12.77,12.77,12.77,312.0
2019-04-01 11:26:00,12.76,12.76,12.76,12.76,1321.0
2019-04-01 11:31:00,12.7501,12.7501,12.7501,12.7501,479.0
2019-04-01 11:33:00,12.75,12.75,12.75,12.75,103.0
2019-04-01 11:40:00,12.74,12.74,12.7336,12.7336,4531.0
2019-04-01 11:46:00,12.729,12.729,12.729,12.729,137.0
2019-04-01 11:53:00,12.7197,12.7197,12.7197,12.7197,701.0
2019-04-01 11:57:00,12.7292,12.7292,12.7292,12.7292,170.0
2019-04-01 12:03:00,12.73,12.73,12.7269,12.7269,1655.0
2019-04-01 12:09:00,12.7,12.7,12.7,12.7,5588.0
2019-04-01 12:10:00,12.71,12.71,12.71,12.71,2700.0
2019-04-01 12:15:00,12.7031,12.7031,12.7,12.7,1244.0
2019-04-01 12:29:00,12.71,12.71,12.71,12.71,5254.0
2019-04-01 12:30:00,12.7101,12.7101,12.7101,12.7101,750.0
2019-04-01 12:31:00,12.7132,12.7132,12.7132,12.7132,206.0
2019-04-01 12:36:00,12.71,12.71,12.71,12.71,115.0
2019-04-01 12:41:00,12.715,12.7199,12.715,12.7199,1000.0
2019-04-01 12:43:00,12.7127,12.7127,12.7127,12.7127,500.0
2019-04-01 12:48:00,12.72,12.72,12.72,12.72,200.0
2019-04-01 12:50:00,12.7186,12.7186,12.7186,12.7186,100.0
2019-04-01 12:51:00,12.7175,12.7175,12.7175,12.7175,141.0
2019-04-01 12:54:00,12.72,12.72,12.72,12.72,352.0
2019-04-01 12:58:00,12.735,12.735,12.735,12.735,500.0
2019-04-01 13:00:00,12.74,12.74,12.74,12.74,200.0
2019-04-01 13:03:00,12.7384,12.7384,12.7384,12.7384,1160.0
2019-04-01 13:07:00,12.755,12.755,12.755,12.755,100.0
2019-04-01 13:17:00,12.755,12.755,12.75,12.75,12795.0
2019-04-01 13:21:00,12.7499,12.7499,12.7499,12.7499,482.0
2019-04-01 13:23:00,12.7464,12.7464,12.7464,12.7464,130.0
2019-04-01 13:24:00,12.75,12.75,12.75,12.75,551.0
2019-04-01 13:29:00,12.7711,12.7711,12.7711,12.7711,2956.0
2019-04-01 13:36:00,12.7605,12.7605,12.7605,12.7605,500.0
2019-04-01 13:37:00,12.77,12.77,12.77,12.77,2754.0
2019-04-01 13:38:00,12.78,12.79,12.78,12.79,4132.0
2019-04-01 13:39:00,12.79,12.79,12.78,12.78,7870.0
2019-04-01 13:45:00,12.77,12.77,12.77,12.77,11594.0
2019-04-01 13:48:00,12.78,12.78,12.78,12.78,500.0
2019-04-01 13:50:00,12.78,12.78,12.78,12.78,125.0
2019-04-01 13:55:00,12.7779,12.7779,12.7779,12.7779,100.0
2019-04-01 13:59:00,12.7737,12.7737,12.7737,12.7737,262.0
2019-04-01 14:00:00,12.77,12.77,12.77,12.77,200.0
2019-04-01 14:04:00,12.77,12.77,12.77,12.77,400.0
2019-04-01 14:05:00,12.7691,12.7691,12.7691,12.7691,1467.0
2019-04-01 14:09:00,12.77,12.77,12.77,12.77,1300.0
2019-04-01 14:10:00,12.77,12.77,12.77,12.77,600.0
2019-04-01 14:17:00,12.77,12.77,12.765,12.765,11295.0
2019-04-01 14:18:00,12.775,12.775,12.775,12.775,300.0
2019-04-01 14:25:00,12.77,12.77,12.77,12.77,900.0
2019-04-01 14:27:00,12.77,12.77,12.77,12.77,500.0
2019-04-01 14:30:00,12.76,12.76,12.76,12.76,590.0
2019-04-01 14:38:00,12.75,12.75,12.75,12.75,344.0
2019-04-01 14:40:00,12.7557,12.7557,12.751,12.751,3500.0
2019-04-01 14:43:00,12.755,12.755,12.755,12.755,375.0
2019-04-01 14:53:00,12.75,12.75,12.75,12.75,100.0
2019-04-01 14:55:00,12.7524,12.7524,12.7524,12.7524,2000.0
2019-04-01 14:58:00,12.75,12.75,12.75,12.75,1100.0
2019-04-01 14:59:00,12.75,12.75,12.75,12.75,842.0
2019-04-01 15:06:00,12.7476,12.7476,12.7476,12.7476,157.0
2019-04-01 15:07:00,12.754,12.754,12.754,12.754,442.0
2019-04-01 15:10:00,12.747,12.747,12.747,12.747,1700.0
2019-04-01 15:16:00,12.7535,12.7535,12.7535,12.7535,3700.0
2019-04-01 15:20:00,12.75,12.75,12.75,12.75,201.0
2019-04-01 15:21:00,12.74,12.74,12.74,12.74,167.0
2019-04-01 15:24:00,12.7599,12.7599,12.7599,12.7599,1100.0
2019-04-01 15:26:00,12.7576,12.7576,12.7576,12.7576,585.0
2019-04-01 15:29:00,12.7566,12.7566,12.7566,12.7566,1200.0
2019-04-01 15:33:00,12.75,12.75,12.75,12.75,4090.0
2019-04-01 15:41:00,12.7372,12.7372,12.7372,12.7372,7838.0
2019-04-01 15:42:00,12.7499,12.7499,12.7499,12.7499,1959.0
2019-04-01 15:43:00,12.731,12.731,12.731,12.731,100.0
2019-04-01 15:45:00,12.7372,12.7372,12.7372,12.7372,3453.0
2019-04-01 15:49:00,12.7432,12.7432,12.7432,12.7432,1100.0
2019-04-01 15:50:00,12.74,12.74,12.74,12.74,114.0
2019-04-01 15:51:00,12.7495,12.7495,12.7495,12.7495,784.0
2019-04-01 15:57:00,12.755,12.755,12.755,12.755,1036.0
2019-04-01 16:00:00,12.77,12.77,12.77,12.77,2397.0
2019-04-02 09:31:00,12.78,12.78,12.78,12.78,0.0
2019-04-02 09:41:00,12.78,12.78,12.78,12.78,1000.0
2019-04-02 09:46:00,12.7976,12.7976,12.7976,12.7976,165.0
2019-04-02 09:58:00,12.7815,12.7815,12.7815,12.7815,3365.0
2019-04-02 10:03:00,12.795,12.795,12.795,12.795,351.0
2019-04-02 10:06:00,12.783,12.783,12.783,12.783,251.0
2019-04-02 10:19:00,12.7904,12.7904,12.7904,12.7904,835.0
2019-04-02 10:22:00,12.801,12.801,12.801,12.801,339.0
2019-04-02 10:34:00,12.809,12.809,12.809,12.809,1565.0
2019-04-02 10:36:00,12.81,12.85,12.81,12.85,9750.0
2019-04-02 10:38:00,12.8129,12.8129,12.8129,12.8129,282.0
2019-04-02 10:42:00,12.79,12.79,12.79,12.79,800.0
2019-04-02 10:49:00,12.8014,12.8061,12.8014,12.8061,836.0
2019-04-02 10:58:00,12.78,12.78,12.78,12.78,435.0
2019-04-02 11:02:00,12.78,12.78,12.78,12.78,244.0
2019-04-02 11:06:00,12.77,12.77,12.77,12.77,225.0
2019-04-02 11:12:00,12.799,12.799,12.799,12.799,100.0
2019-04-02 11:15:00,12.784,12.784,12.784,12.784,1089.0
2019-04-02 11:41:00,12.7964,12.7964,12.7964,12.7964,201.0
2019-04-02 11:47:00,12.79,12.8057,12.79,12.8057,3709.0
2019-04-02 11:51:00,12.8086,12.8086,12.8086,12.8086,818.0
2019-04-02 11:54:00,12.8,12.8078,12.8,12.8078,1918.0
2019-04-02 11:55:00,12.8111,12.8111,12.8111,12.8111,1671.0
2019-04-02 11:56:00,12.8108,12.8108,12.8108,12.8108,927.0
2019-04-02 11:59:00,12.8099,12.8099,12.8099,12.8099,197.0
2019-04-02 12:10:00,12.8128,12.8128,12.8128,12.8128,2043.0
2019-04-02 12:12:00,12.8127,12.8127,12.8127,12.8127,100.0
2019-04-02 12:15:00,12.8099,12.8099,12.8099,12.8099,150.0
2019-04-02 12:18:00,12.8088,12.8088,12.8088,12.8088,650.0
2019-04-02 12:28:00,12.82,12.82,12.82,12.82,1570.0
2019-04-02 12:31:00,12.82,12.82,12.82,12.82,438.0
2019-04-02 12:35:00,12.819,12.819,12.819,12.819,312.0
2019-04-02 12:37:00,12.81,12.81,12.81,12.81,140.0
2019-04-02 12:39:00,12.8065,12.8065,12.8065,12.8065,2500.0
2019-04-02 12:40:00,12.812,12.812,12.812,12.812,189.0
2019-04-02 12:42:00,12.81,12.81,12.81,12.81,100.0
2019-04-02 12:57:00,12.8002,12.8002,12.8002,12.8002,290.0
2019-04-02 13:07:00,12.8088,12.8088,12.8088,12.8088,659.0
2019-04-02 13:19:00,12.82,12.82,12.82,12.82,200.0
2019-04-02 13:32:00,12.825,12.825,12.821,12.821,1000.0
2019-04-02 13:38:00,12.8299,12.8299,12.8299,12.8299,200.0
2019-04-02 13:41:00,12.8265,12.8265,12.8265,12.8265,977.0
2019-04-02 13:43:00,12.83,12.83,12.83,12.83,327.0
2019-04-02 13:45:00,12.84,12.84,12.84,12.84,100.0
2019-04-02 13:49:00,12.8444,12.8444,12.8444,12.8444,925.0
2019-04-02 14:12:00,12.846,12.846,12.846,12.846,636.0
2019-04-02 14:16:00,12.84,12.84,12.84,12.84,1469.0
2019-04-02 14:18:00,12.8435,12.8435,12.8435,12.8435,400.0
2019-04-02 14:20:00,12.84,12.84,12.84,12.84,276.0
2019-04-02 14:23:00,12.8375,12.8375,12.8375,12.8375,395.0
2019-04-02 14:33:00,12.8301,12.8301,12.8301,12.8301,2996.0
2019-04-02 14:34:00,12.82,12.82,12.82,12.82,921.0
2019-04-02 14:38:00,12.8225,12.8225,12.8225,12.8225,300.0
2019-04-02 14:41:00,12.84,12.85,12.835,12.8491,7600.0
2019-04-02 14:45:00,12.846,12.846,12.846,12.846,880.0
2019-04-02 14:52:00,12.83,12.83,12.83,12.83,131.0
2019-04-02 14:57:00,12.8468,12.8468,12.8468,12.8468,500.0
2019-04-02 15:02:00,12.85,12.85,12.85,12.85,959.0
2019-04-02 15:04:00,12.8499,12.8499,12.8499,12.8499,300.0
2019-04-02 15:07:00,12.83,12.83,12.83,12.83,206.0
2019-04-02 15:12:00,12.8331,12.8331,12.8331,12.8331,616.0
2019-04-02 15:13:00,12.84,12.84,12.84,12.84,212.0
2019-04-02 15:20:00,12.83,12.83,12.83,12.83,2078.0
2019-04-02 15:21:00,12.8356,12.8356,12.8356,12.8356,1005.0
2019-04-02 15:30:00,12.8628,12.8628,12.8628,12.8628,652.0
2019-04-02 15:31:00,12.8564,12.8564,12.8564,12.8564,141.0
2019-04-02 15:32:00,12.8627,12.8627,12.8627,12.8627,262.0
2019-04-02 15:50:00,12.8552,12.8552,12.8552,12.8552,2275.0
2019-04-02 15:53:00,12.8536,12.8556,12.8536,12.8556,602.0
2019-04-02 15:56:00,12.85,12.85,12.85,12.85,350.0
2019-04-02 15:59:00,12.845,12.845,12.845,12.845,736.0
2019-04-02 16:00:00,12.845,12.845,12.845,12.845,2468.0
2019-04-03 09:31:00,12.92,12.92,12.92,12.92,10223.0
2019-04-03 09:38:00,12.9599,12.9599,12.9599,12.9599,500.0
2019-04-03 09:41:00,12.917,12.917,12.917,12.917,2328.0
2019-04-03 09:50:00,12.925,12.925,12.925,12.925,100.0
2019-04-03 09:52:00,12.8901,12.8901,12.8901,12.8901,1550.0
2019-04-03 09:54:00,12.9,12.9,12.9,12.9,4795.0
2019-04-03 09:55:00,12.9,12.9,12.9,12.9,896.0
2019-04-03 10:02:00,12.88,12.88,12.88,12.88,1100.0
2019-04-03 10:07:00,12.86,12.86,12.86,12.86,100.0
2019-04-03 10:12:00,12.87,12.87,12.87,12.87,1300.0
2019-04-03 10:16:00,12.86,12.86,12.86,12.86,127.0
2019-04-03 10:32:00,12.87,12.87,12.87,12.87,200.0
2019-04-03 10:37:00,12.85,12.85,12.85,12.85,1228.0
2019-04-03 10:42:00,12.85,12.85,12.85,12.85,1950.0
2019-04-03 10:43:00,12.85,12.85,12.85,12.85,2200.0
2019-04-03 10:45:00,12.85,12.85,12.85,12.85,1100.0
2019-04-03 10:47:00,12.85,12.85,12.84,12.84,1027.0
2019-04-03 10:53:00,12.8426,12.8426,12.8426,12.8426,892.0
2019-04-03 11:05:00,12.85,12.85,12.845,12.845,2505.0
2019-04-03 11:09:00,12.86,12.86,12.86,12.86,300.0
2019-04-03 11:10:00,12.8656,12.8656,12.8656,12.8656,352.0
2019-04-03 11:26:00,12.8628,12.8628,12.8628,12.8628,401.0
2019-04-03 11:46:00,12.85,12.85,12.85,12.85,154.0
2019-04-03 11:49:00,12.85,12.85,12.85,12.85,1252.0
2019-04-03 11:56:00,12.85,12.85,12.85,12.85,1435.0
2019-04-03 12:05:00,12.85,12.85,12.85,12.85,2326.0
2019-04-03 12:06:00,12.84,12.84,12.84,12.84,826.0
2019-04-03 12:08:00,12.84,12.84,12.84,12.84,3132.0
2019-04-03 12:11:00,12.84,12.84,12.84,12.84,702.0
2019-04-03 12:25:00,12.82,12.8257,12.82,12.8257,2330.0
2019-04-03 12:27:00,12.82,12.82,12.82,12.82,108.0
2019-04-03 12:37:00,12.83,12.8372,12.83,12.8372,590.0
2019-04-03 12:40:00,12.8436,12.8436,12.8436,12.8436,655.0
2019-04-03 12:43:00,12.8428,12.8428,12.8428,12.8428,733.0
2019-04-03 12:44:00,12.8498,12.8498,12.836,12.836,1765.0
2019-04-03 12:47:00,12.8416,12.8416,12.8416,12.8416,607.0
2019-04-03 12:49:00,12.838,12.838,12.838,12.838,629.0
2019-04-03 12:55:00,12.83,12.83,12.83,12.83,2134.0
2019-04-03 12:56:00,12.83,12.83,12.83,12.83,170.0
2019-04-03 13:05:00,12.82,12.82,12.82,12.82,1185.0
2019-04-03 13:25:00,12.8238,12.8238,12.8238,12.8238,209.0
2019-04-03 13:36:00,12.8132,12.8132,12.8132,12.8132,3580.0
2019-04-03 13:39:00,12.8199,12.8199,12.815,12.815,700.0
2019-04-03 13:42:00,12.81,12.81,12.81,12.81,137.0
2019-04-03 13:44:00,12.8065,12.8065,12.8065,12.8065,424.0
2019-04-03 13:47:00,12.8099,12.8099,12.8099,12.8099,634.0
2019-04-03 13:49:00,12.8,12.8,12.8,12.8,341.0
2019-04-03 13:55:00,12.7869,12.7869,12.7869,12.7869,2993.0
2019-04-03 13:58:00,12.78,12.78,12.78,12.78,500.0
2019-04-03 14:00:00,12.7824,12.7825,12.78,12.78,5799.0
2019-04-03 14:07:00,12.771,12.771,12.771,12.771,500.0
2019-04-03 14:08:00,12.77,12.773,12.77,12.773,3709.0
2019-04-03 14:13:00,12.7722,12.7722,12.7722,12.7722,600.0
2019-04-03 14:19:00,12.7764,12.7764,12.7764,12.7764,133.0
2019-04-03 14:23:00,12.775,12.775,12.775,12.775,167.0
2019-04-03 14:29:00,12.785,12.7864,12.785,12.7864,525.0
2019-04-03 14:38:00,12.7915,12.7915,12.7915,12.7915,1482.0
2019-04-03 14:39:00,12.8059,12.8059,12.8059,12.8059,693.0
2019-04-03 14:41:00,12.7999,12.7999,12.7999,12.7999,645.0
2019-04-03 14:44:00,12.78,12.78,12.78,12.78,385.0
2019-04-03 14:51:00,12.788,12.788,12.788,12.788,1766.0
2019-04-03 15:13:00,12.8018,12.8018,12.8018,12.8018,2290.0
2019-04-03 15:14:00,12.8011,12.8011,12.8011,12.8011,128.0
2019-04-03 15:18:00,12.7901,12.7901,12.79,12.79,1475.0
2019-04-03 15:28:00,12.79,12.79,12.79,12.79,204.0
2019-04-03 15:30:00,12.8,12.8,12.8,12.8,1049.0
2019-04-03 15:31:00,12.8,12.8,12.8,12.8,124.0
2019-04-03 15:41:00,12.8,12.8,12.8,12.8,446.0
2019-04-03 15:52:00,12.8,12.8,12.8,12.8,201.0
2019-04-03 15:56:00,12.805,12.805,12.805,12.805,480.0
2019-04-03 15:59:00,12.805,12.805,12.805,12.805,126.0
2019-04-03 16:00:00,12.79,12.79,12.79,12.79,2180.0
