
2019-03-11 09:32:00,2.75,2.75,2.75,2.75,0.0
2019-03-11 09:42:00,2.75,2.75,2.75,2.75,251.0
2019-03-11 11:21:00,2.7348,2.7348,2.7348,2.7348,530.0
2019-03-11 12:07:00,2.75,2.75,2.7441,2.7441,1013.0
2019-03-11 13:54:00,2.7,2.7,2.7,2.7,462.0
2019-03-11 14:27:00,2.6448,2.6448,2.6,2.6,700.0
2019-03-11 14:44:00,2.73,2.73,2.73,2.73,121.0
2019-03-11 14:57:00,2.6933,2.6933,2.6933,2.6933,350.0
2019-03-11 15:06:00,2.72,2.72,2.72,2.72,102.0
2019-03-11 15:39:00,2.7058,2.7058,2.7058,2.7058,300.0
2019-03-11 15:42:00,2.675,2.675,2.675,2.675,1642.0
2019-03-11 15:51:00,2.63,2.63,2.63,2.63,454.0
2019-03-11 15:58:00,2.62,2.62,2.62,2.62,100.0
2019-03-11 15:59:00,2.61,2.61,2.61,2.61,940.0
2019-03-12 09:31:00,2.61,2.61,2.61,2.61,0.0
2019-03-12 09:51:00,2.67,2.67,2.67,2.67,100.0
2019-03-12 09:52:00,2.65,2.65,2.65,2.65,1153.0
2019-03-12 09:54:00,2.62,2.62,2.62,2.62,500.0
2019-03-12 10:26:00,2.6467,2.6467,2.6467,2.6467,100.0
2019-03-12 10:46:00,2.65,2.65,2.65,2.65,100.0
2019-03-12 10:53:00,2.62,2.62,2.62,2.62,100.0
2019-03-12 11:23:00,2.65,2.65,2.65,2.65,200.0
2019-03-12 11:53:00,2.62,2.62,2.62,2.62,150.0
2019-03-12 12:53:00,2.62,2.62,2.62,2.62,200.0
2019-03-12 13:22:00,2.65,2.65,2.65,2.65,130.0
2019-03-12 13:53:00,2.62,2.62,2.62,2.62,202.0
2019-03-12 15:46:00,2.65,2.65,2.65,2.65,101.0
2019-03-13 09:31:00,2.61,2.61,2.61,2.61,0.0
2019-03-13 10:03:00,2.63,2.63,2.63,2.63,224.0
2019-03-13 11:15:00,2.74,2.74,2.74,2.74,126.0
2019-03-13 14:22:00,2.62,2.62,2.62,2.62,200.0
2019-03-13 14:35:00,2.6331,2.6331,2.6331,2.6331,1000.0
2019-03-13 14:39:00,2.73,2.73,2.73,2.73,100.0
2019-03-13 14:53:00,2.73,2.73,2.73,2.73,100.0
2019-03-13 14:55:00,2.73,2.73,2.73,2.73,100.0
2019-03-13 15:11:00,2.65,2.65,2.65,2.65,365.0
2019-03-13 15:38:00,2.64,2.64,2.64,2.64,100.0
2019-03-13 15:47:00,2.61,2.61,2.61,2.61,787.0
2019-03-13 15:48:00,2.61,2.61,2.61,2.61,350.0
2019-03-13 15:54:00,2.65,2.65,2.65,2.65,100.0
2019-03-13 15:56:00,2.62,2.62,2.61,2.61,1405.0
2019-03-14 09:31:00,2.54,2.54,2.54,2.54,0.0
2019-03-14 10:41:00,2.71,2.71,2.54,2.54,266.0
2019-03-14 13:34:00,2.64,2.64,2.64,2.64,500.0
2019-03-14 13:36:00,2.53,2.53,2.53,2.53,500.0
2019-03-14 14:14:00,2.56,2.56,2.56,2.56,300.0
2019-03-14 14:15:00,2.62,2.62,2.62,2.62,602.0
2019-03-14 15:04:00,2.5545,2.5545,2.5545,2.5545,100.0
2019-03-14 15:37:00,2.6176,2.6176,2.6176,2.6176,100.0
2019-03-14 15:51:00,2.55,2.55,2.55,2.55,1644.0
2019-03-14 15:57:00,2.54,2.54,2.54,2.54,109.0
2019-03-14 16:00:00,2.41,2.41,2.41,2.41,1812.0
2019-03-15 09:31:00,2.5,2.5,2.5,2.5,0.0
2019-03-15 10:29:00,2.44,2.44,2.44,2.44,700.0
2019-03-15 10:41:00,2.4066,2.4066,2.4066,2.4066,450.0
2019-03-15 11:41:00,2.395,2.395,2.395,2.395,300.0
2019-03-15 11:50:00,2.43,2.43,2.43,2.43,104.0
2019-03-15 12:44:00,2.425,2.4399,2.425,2.4399,600.0
2019-03-15 12:45:00,2.4399,2.4399,2.4399,2.4399,1700.0
2019-03-15 12:49:00,2.425,2.425,2.425,2.425,200.0
2019-03-15 12:51:00,2.41,2.41,2.41,2.41,400.0
2019-03-15 13:28:00,2.41,2.41,2.41,2.41,100.0
2019-03-15 13:47:00,2.43,2.43,2.43,2.43,100.0
2019-03-15 13:51:00,2.4,2.4,2.4,2.4,200.0
2019-03-15 14:16:00,2.43,2.43,2.43,2.43,100.0
2019-03-15 14:53:00,2.4,2.4,2.4,2.4,500.0
2019-03-15 15:50:00,2.4,2.4,2.4,2.4,500.0
2019-03-15 15:51:00,2.41,2.41,2.41,2.41,815.0
2019-03-15 16:00:00,2.38,2.38,2.375,2.375,0.0
2019-03-18 09:36:00,2.4467,2.4467,2.4467,2.4467,0.0
2019-03-18 09:38:00,2.4403,2.4403,2.4403,2.4403,200.0
2019-03-18 09:46:00,2.4699,2.4699,2.4699,2.4699,1258.0
2019-03-18 09:50:00,2.458,2.458,2.458,2.458,2189.0
2019-03-18 09:56:00,2.435,2.435,2.435,2.435,105.0
2019-03-18 12:00:00,2.47,2.47,2.47,2.47,101.0
2019-03-18 12:36:00,2.42,2.42,2.42,2.42,154.0
2019-03-18 12:54:00,2.46,2.46,2.46,2.46,100.0
2019-03-18 13:37:00,2.43,2.43,2.43,2.43,100.0
2019-03-18 13:50:00,2.43,2.43,2.43,2.43,100.0
2019-03-18 13:51:00,2.42,2.42,2.42,2.42,304.0
2019-03-18 14:21:00,2.43,2.43,2.43,2.43,111.0
2019-03-18 14:34:00,2.43,2.43,2.43,2.43,338.0
2019-03-18 15:13:00,2.4609,2.4609,2.4609,2.4609,1100.0
2019-03-18 15:16:00,2.47,2.48,2.44,2.4699,1532.0
2019-03-18 15:21:00,2.47,2.47,2.47,2.47,0.0
2019-03-19 09:31:00,2.42,2.42,2.42,2.42,0.0
2019-03-19 11:41:00,2.44,2.44,2.44,2.44,100.0
2019-03-19 12:27:00,2.49,2.49,2.49,2.49,210.0
2019-03-19 12:37:00,2.49,2.49,2.45,2.45,601.0
2019-03-19 14:26:00,2.52,2.52,2.52,2.52,200.0
2019-03-19 14:35:00,2.52,2.52,2.52,2.52,100.0
2019-03-19 14:45:00,2.52,2.52,2.52,2.52,341.0
2019-03-19 14:50:00,2.505,2.505,2.5,2.505,300.0
2019-03-19 15:01:00,2.505,2.505,2.505,2.505,200.0
2019-03-19 15:12:00,2.52,2.52,2.511,2.511,3100.0
2019-03-19 15:47:00,2.47,2.4777,2.47,2.47,400.0
2019-03-19 15:51:00,2.47,2.47,2.47,2.47,100.0
2019-03-20 09:31:00,2.46,2.46,2.46,2.46,10.0
2019-03-21 09:31:00,2.41,2.41,2.4,2.4,275.0
2019-03-21 10:14:00,2.4,2.4,2.4,2.4,200.0
2019-03-21 10:26:00,2.46,2.46,2.46,2.46,104.0
2019-03-21 11:06:00,2.4502,2.4574,2.42,2.42,3100.0
2019-03-21 11:30:00,2.42,2.42,2.42,2.42,374.0
2019-03-21 12:33:00,2.4125,2.4125,2.4125,2.4125,155.0
2019-03-21 13:48:00,2.42,2.42,2.42,2.42,500.0
2019-03-21 13:51:00,2.43,2.43,2.43,2.43,200.0
2019-03-21 14:11:00,2.4439,2.4439,2.4439,2.4439,450.0
2019-03-21 14:53:00,2.43,2.43,2.43,2.43,100.0
2019-03-21 14:54:00,2.42,2.42,2.42,2.42,1200.0
2019-03-21 15:30:00,2.44,2.44,2.44,2.44,0.0
2019-03-22 12:17:00,2.42,2.42,2.42,2.42,702.0
2019-03-22 12:24:00,2.4422,2.4422,2.43,2.43,242.0
2019-03-22 12:28:00,2.43,2.43,2.43,2.43,600.0
2019-03-22 13:05:00,2.51,2.58,2.43,2.58,300.0
2019-03-22 13:26:00,2.5155,2.5155,2.5155,2.5155,503.0
2019-03-22 15:29:00,2.44,2.44,2.44,2.44,114.0
2019-03-25 13:17:00,2.59,2.59,2.59,2.59,400.0
2019-03-25 13:47:00,2.77,2.77,2.77,2.77,121.0
2019-03-25 14:16:00,2.82,2.82,2.82,2.82,112.0
2019-03-25 14:32:00,2.7,2.7,2.7,2.7,725.0
2019-03-25 14:39:00,2.59,2.59,2.59,2.59,120.0
2019-03-25 14:51:00,2.66,2.66,2.66,2.66,103.0
2019-03-25 14:57:00,2.55,2.55,2.55,2.55,500.0
2019-03-25 15:21:00,2.76,2.76,2.76,2.76,100.0
2019-03-25 15:26:00,2.75,2.75,2.75,2.75,0.0
2019-03-26 09:33:00,2.51,2.51,2.51,2.51,141.0
2019-03-26 11:35:00,2.7603,2.7603,2.7603,2.7603,200.0
2019-03-26 12:18:00,2.64,2.64,2.64,2.64,110.0
2019-03-26 12:33:00,2.64,2.64,2.64,2.64,0.0
2019-03-26 13:47:00,2.64,2.64,2.64,2.64,150.0
2019-03-26 13:59:00,2.7468,2.7468,2.64,2.64,2600.0
2019-03-26 14:12:00,2.64,2.64,2.64,2.64,708.0
2019-03-26 14:13:00,2.64,2.64,2.52,2.52,3425.0
2019-03-26 14:43:00,2.53,2.53,2.53,2.53,100.0
2019-03-26 14:44:00,2.52,2.52,2.52,2.52,500.0
2019-03-26 14:47:00,2.52,2.52,2.52,2.52,100.0
2019-03-26 14:49:00,2.52,2.52,2.52,2.52,597.0
2019-03-26 15:22:00,2.52,2.52,2.52,2.52,200.0
2019-03-26 15:24:00,2.53,2.53,2.53,2.53,500.0
2019-03-26 15:43:00,2.5666,2.5666,2.5666,2.5666,545.0
2019-03-26 15:44:00,2.5,2.5,2.5,2.5,1000.0
2019-03-26 15:52:00,2.5,2.5,2.5,2.5,100.0
2019-03-26 15:54:00,2.5,2.5,2.5,2.5,100.0
2019-03-26 15:58:00,2.5,2.5,2.5,2.5,520.0
2019-03-27 09:31:00,2.64,2.64,2.64,2.64,0.0
2019-03-27 09:34:00,2.62,2.62,2.62,2.62,200.0
2019-03-27 09:36:00,2.5881,2.5881,2.5881,2.5881,763.0
2019-03-27 09:38:00,2.5978,2.5978,2.5978,2.5978,769.0
2019-03-27 09:43:00,2.41,2.41,2.41,2.41,200.0
2019-03-27 09:56:00,2.55,2.55,2.55,2.55,769.0
2019-03-27 10:34:00,2.5499,2.5499,2.5499,2.5499,0.0
2019-03-27 10:36:00,2.54,2.54,2.54,2.54,166.0
2019-03-27 11:29:00,2.5332,2.55,2.48,2.48,7749.0
2019-03-27 11:30:00,2.5283,2.55,2.515,2.5499,4000.0
2019-03-27 11:31:00,2.5321,2.55,2.525,2.53,13649.0
2019-03-27 11:32:00,2.54,2.54,2.5302,2.5351,800.0
2019-03-27 11:33:00,2.54,2.55,2.52,2.54,2600.0
2019-03-27 11:34:00,2.53,2.5331,2.53,2.5331,500.0
2019-03-27 11:35:00,2.495,2.53,2.495,2.53,5000.0
2019-03-27 11:39:00,2.4841,2.4841,2.4,2.4,3130.0
2019-03-27 11:40:00,2.4055,2.4055,2.3905,2.3905,1255.0
2019-03-27 11:41:00,2.383,2.3835,2.38,2.3835,600.0
2019-03-27 11:42:00,2.38,2.39,2.35,2.3501,3220.0
2019-03-27 11:43:00,2.375,2.4,2.375,2.4,2000.0
2019-03-27 11:44:00,2.5199,2.5199,2.44,2.5,7000.0
2019-03-27 11:45:00,2.5,2.51,2.5,2.504,1349.0
2019-03-27 11:46:00,2.5,2.5099,2.49,2.5,1050.0
2019-03-27 11:47:00,2.51,2.51,2.505,2.5099,2600.0
2019-03-27 11:49:00,2.505,2.5092,2.505,2.5092,390.0
2019-03-27 11:50:00,2.5099,2.5099,2.5093,2.5093,1000.0
2019-03-27 11:51:00,2.505,2.505,2.505,2.505,800.0
2019-03-27 11:52:00,2.5007,2.5007,2.5007,2.5007,500.0
2019-03-27 11:53:00,2.5,2.5,2.5,2.5,500.0
2019-03-27 11:54:00,2.5,2.5,2.5,2.5,226.0
2019-03-27 11:55:00,2.5,2.5012,2.26,2.384,14998.0
2019-03-27 11:56:00,2.38,2.38,2.26,2.33,9185.0
2019-03-27 11:59:00,2.3,2.3,2.3,2.3,400.0
2019-03-27 12:00:00,2.3742,2.3742,2.3742,2.3742,0.0
2019-03-27 12:03:00,2.3,2.3,2.3,2.3,1415.0
2019-03-27 12:04:00,2.3115,2.3115,2.3115,2.3115,0.0
2019-03-27 12:20:00,2.3783,2.39,2.365,2.365,93102.0
2019-03-27 12:29:00,2.35,2.35,2.35,2.35,200.0
2019-03-27 12:30:00,2.3939,2.3939,2.3939,2.3939,222.0
2019-03-27 12:40:00,2.3314,2.3359,2.33,2.3359,3153.0
2019-03-27 12:57:00,2.329,2.329,2.329,2.329,300.0
2019-03-27 13:09:00,2.35,2.35,2.35,2.35,200.0
2019-03-27 13:11:00,2.384,2.384,2.384,2.384,2220.0
2019-03-27 13:23:00,2.34,2.35,2.34,2.35,1500.0
2019-03-27 13:31:00,2.32,2.32,2.32,2.32,500.0
2019-03-27 13:32:00,2.35,2.35,2.35,2.35,500.0
2019-03-27 13:36:00,2.31,2.3169,2.28,2.28,2200.0
2019-03-27 13:39:00,2.3199,2.3199,2.3199,2.3199,500.0
2019-03-27 13:42:00,2.28,2.2862,2.21,2.21,2401.0
2019-03-27 13:43:00,2.15,2.15,2.13,2.13,501.0
2019-03-27 13:44:00,2.13,2.14,2.11,2.11,4400.0
2019-03-27 13:48:00,2.21,2.21,2.12,2.12,763.0
2019-03-27 13:50:00,2.1201,2.1201,2.1201,2.1201,5300.0
2019-03-27 13:56:00,2.1403,2.1403,2.1403,2.1403,125.0
2019-03-27 14:01:00,2.1839,2.1839,2.1839,2.1839,250.0
2019-03-27 14:10:00,2.13,2.13,2.05,2.05,5000.0
2019-03-27 14:29:00,2.16,2.16,2.15,2.15,700.0
2019-03-27 14:30:00,2.15,2.15,2.15,2.15,1400.0
2019-03-27 14:49:00,2.24,2.24,2.24,2.24,1000.0
2019-03-27 15:01:00,2.194,2.194,2.194,2.194,295.0
2019-03-27 15:30:00,2.19,2.2,2.19,2.2,630.0
2019-03-27 15:38:00,2.25,2.25,2.25,2.25,800.0
2019-03-27 15:40:00,2.25,2.25,2.25,2.25,1100.0
2019-03-27 15:41:00,2.18,2.18,2.18,2.18,200.0
2019-03-27 15:48:00,2.1989,2.2,2.1989,2.2,200.0
2019-03-27 15:50:00,2.1999,2.1999,2.1999,2.1999,1000.0
2019-03-27 15:51:00,2.2,2.2,2.2,2.2,105.0
2019-03-27 16:00:00,2.24,2.24,2.24,2.24,270.0
2019-03-28 10:08:00,2.2399,2.2399,2.2399,2.2399,678.0
2019-03-28 11:08:00,2.151,2.151,2.151,2.151,215.0
2019-03-28 11:14:00,2.1401,2.1401,2.1401,2.1401,153.0
2019-03-28 11:32:00,2.1679,2.1679,2.1679,2.1679,100.0
2019-03-28 11:50:00,2.19,2.19,2.19,2.19,100.0
2019-03-28 11:51:00,2.19,2.19,2.19,2.19,200.0
2019-03-28 12:02:00,2.2199,2.2199,2.2199,2.2199,502.0
2019-03-28 12:47:00,2.1591,2.1591,2.1591,2.1591,500.0
2019-03-28 14:12:00,2.15,2.15,2.15,2.15,2778.0
2019-03-29 10:13:00,2.1407,2.1407,2.1407,2.1407,294.0
2019-03-29 12:15:00,2.16,2.2,2.16,2.2,3824.0
2019-03-29 14:12:00,2.16,2.16,2.1541,2.1541,1008.0
2019-03-29 14:26:00,2.18,2.18,2.18,2.18,612.0
2019-03-29 15:51:00,2.18,2.18,2.18,2.18,237.0
2019-04-01 09:32:00,2.3099,2.3099,2.3099,2.3099,0.0
2019-04-01 10:01:00,2.2038,2.2038,2.2038,2.2038,149.0
2019-04-01 10:57:00,2.3186,2.3186,2.3186,2.3186,500.0
2019-04-01 11:01:00,2.28,2.28,2.2023,2.2023,1200.0
2019-04-01 11:08:00,2.3,2.3,2.3,2.3,105.0
2019-04-01 11:46:00,2.3,2.3,2.3,2.3,500.0
2019-04-01 12:10:00,2.31,2.35,2.31,2.35,8600.0
2019-04-01 12:11:00,2.35,2.35,2.35,2.35,700.0
2019-04-01 12:12:00,2.35,2.36,2.35,2.36,2102.0
2019-04-01 12:16:00,2.36,2.36,2.36,2.36,135.0
2019-04-01 12:42:00,2.37,2.37,2.37,2.37,104.0
2019-04-01 12:45:00,2.37,2.37,2.37,2.37,399.0
2019-04-01 13:09:00,2.4261,2.4261,2.4261,2.4261,500.0
2019-04-01 13:11:00,2.4,2.4,2.4,2.4,1500.0
2019-04-01 13:12:00,2.488,2.488,2.488,2.488,701.0
2019-04-01 13:48:00,2.4075,2.4075,2.4075,2.4075,100.0
2019-04-01 13:51:00,2.4,2.4,2.4,2.4,501.0
2019-04-01 14:26:00,2.43,2.43,2.43,2.43,100.0
2019-04-01 14:30:00,2.4,2.4,2.4,2.4,500.0
2019-04-01 15:04:00,2.4301,2.4301,2.4301,2.4301,2010.0
2019-04-01 15:36:00,2.44,2.44,2.41,2.41,300.0
2019-04-01 15:43:00,2.4136,2.4136,2.4001,2.4001,1860.0
2019-04-01 15:47:00,2.4,2.4,2.4,2.4,2100.0
2019-04-01 15:56:00,2.36,2.36,2.36,2.36,2400.0
2019-04-01 15:59:00,2.36,2.36,2.36,2.36,300.0
2019-04-01 16:00:00,2.39,2.4,2.39,2.4,523.0
2019-04-02 12:59:00,2.47,2.47,2.47,2.47,0.0
2019-04-02 13:09:00,2.48,2.49,2.48,2.49,200.0
2019-04-02 13:24:00,2.49,2.49,2.49,2.49,100.0
2019-04-02 13:56:00,2.47,2.47,2.47,2.47,100.0
2019-04-02 14:38:00,2.47,2.47,2.47,2.47,150.0
2019-04-02 15:29:00,2.4095,2.4095,2.4095,2.4095,1465.0
2019-04-03 09:38:00,2.35,2.35,2.3401,2.35,0.0
2019-04-03 09:42:00,2.3889,2.3889,2.3889,2.3889,1440.0
2019-04-03 09:45:00,2.39,2.39,2.39,2.39,247.0
2019-04-03 10:14:00,2.3523,2.3523,2.3523,2.3523,1003.0
2019-04-03 10:45:00,2.45,2.45,2.45,2.45,367.0
2019-04-03 14:42:00,2.3689,2.3689,2.3689,2.3689,530.0
2019-04-03 15:57:00,2.39,2.39,2.39,2.39,300.0
2019-04-03 15:59:00,2.39,2.39,2.39,2.39,150.0
