
2019-03-19 09:31:00,65.51,65.51,65.51,65.51,0.0
2019-03-19 09:38:00,65.5,65.65,65.5,65.65,1363.0
2019-03-19 09:45:00,65.55,65.55,65.55,65.55,239.0
2019-03-19 09:50:00,65.42,65.42,65.42,65.42,900.0
2019-03-19 09:52:00,65.36,65.36,65.36,65.36,100.0
2019-03-19 09:54:00,65.42,65.42,65.42,65.42,200.0
2019-03-19 09:57:00,65.46,65.46,65.46,65.46,100.0
2019-03-19 10:00:00,65.27,65.27,65.27,65.27,605.0
2019-03-19 10:02:00,65.12,65.12,65.12,65.12,112.0
2019-03-19 10:05:00,65.01,65.01,65.01,65.01,276.0
2019-03-19 10:08:00,65.2,65.2,65.2,65.2,774.0
2019-03-19 10:09:00,65.09,65.09,65.09,65.09,158.0
2019-03-19 10:20:00,65.06,65.06,65.06,65.06,224.0
2019-03-19 10:21:00,65.2,65.2,65.2,65.2,388.0
2019-03-19 10:27:00,65.08,65.08,65.08,65.08,211.0
2019-03-19 10:37:00,65.06,65.06,65.06,65.06,1267.0
2019-03-19 10:54:00,64.87,64.87,64.87,64.87,700.0
2019-03-19 10:57:00,64.78,64.78,64.78,64.78,155.0
2019-03-19 11:00:00,64.84,64.84,64.84,64.84,526.0
2019-03-19 11:05:00,64.81,64.81,64.81,64.81,100.0
2019-03-19 11:08:00,64.82,64.82,64.82,64.82,1528.0
2019-03-19 11:13:00,64.84,64.84,64.84,64.84,318.0
2019-03-19 11:25:00,64.97,64.97,64.97,64.97,488.0
2019-03-19 11:31:00,64.885,64.885,64.885,64.885,674.0
2019-03-19 11:38:00,64.93,64.93,64.93,64.93,705.0
2019-03-19 11:40:00,65.03,65.03,65.03,65.03,136.0
2019-03-19 11:53:00,65.0193,65.0193,65.0193,65.0193,844.0
2019-03-19 11:57:00,65.0,65.0,65.0,65.0,268.0
2019-03-19 11:59:00,64.99,64.99,64.99,64.99,458.0
2019-03-19 12:06:00,64.9507,64.9507,64.9507,64.9507,200.0
2019-03-19 12:07:00,64.99,64.99,64.99,64.99,157.0
2019-03-19 12:13:00,64.98,64.98,64.98,64.98,613.0
2019-03-19 12:18:00,64.96,64.96,64.96,64.96,397.0
2019-03-19 12:21:00,64.95,64.95,64.95,64.95,333.0
2019-03-19 12:32:00,64.89,64.89,64.89,64.89,198.0
2019-03-19 12:34:00,64.94,64.94,64.94,64.94,295.0
2019-03-19 12:47:00,64.78,64.78,64.78,64.78,1084.0
2019-03-19 12:50:00,64.76,64.76,64.69,64.69,713.0
2019-03-19 12:51:00,64.72,64.72,64.72,64.72,113.0
2019-03-19 12:57:00,64.72,64.72,64.72,64.72,200.0
2019-03-19 12:58:00,64.8,64.8,64.8,64.8,400.0
2019-03-19 13:00:00,64.775,64.775,64.775,64.775,250.0
2019-03-19 13:03:00,64.9,64.9,64.9,64.9,166.0
2019-03-19 13:11:00,64.815,64.87,64.815,64.87,20504.0
2019-03-19 13:13:00,64.92,64.92,64.92,64.92,684.0
2019-03-19 13:20:00,64.96,64.96,64.91,64.91,882.0
2019-03-19 13:42:00,64.95,64.95,64.95,64.95,218.0
2019-03-19 13:46:00,64.93,64.93,64.93,64.93,263.0
2019-03-19 14:02:00,64.93,64.93,64.93,64.93,587.0
2019-03-19 14:04:00,64.94,64.94,64.94,64.94,500.0
2019-03-19 14:07:00,64.9,64.9,64.9,64.9,401.0
2019-03-19 14:08:00,64.89,64.89,64.89,64.89,700.0
2019-03-19 14:12:00,64.855,64.855,64.855,64.855,1005.0
2019-03-19 14:13:00,64.85,64.85,64.85,64.85,200.0
2019-03-19 14:14:00,64.855,64.855,64.855,64.855,108.0
2019-03-19 14:16:00,64.89,64.89,64.89,64.89,327.0
2019-03-19 14:19:00,64.89,64.89,64.89,64.89,303.0
2019-03-19 14:21:00,64.89,64.89,64.89,64.89,100.0
2019-03-19 14:22:00,64.89,64.89,64.89,64.89,902.0
2019-03-19 14:23:00,64.91,64.91,64.91,64.91,100.0
2019-03-19 14:38:00,64.87,64.87,64.87,64.87,300.0
2019-03-19 14:45:00,64.94,64.94,64.94,64.94,591.0
2019-03-19 14:48:00,64.95,64.95,64.95,64.95,106.0
2019-03-19 14:53:00,65.0,65.0,65.0,65.0,1092.0
2019-03-19 14:56:00,65.0,65.0,65.0,65.0,1814.0
2019-03-19 14:59:00,65.0,65.0,64.95,64.95,738.0
2019-03-19 15:03:00,64.93,64.93,64.93,64.93,300.0
2019-03-19 15:07:00,65.0,65.0,65.0,65.0,1000.0
2019-03-19 15:08:00,64.95,64.95,64.95,64.95,157.0
2019-03-19 15:11:00,65.0,65.0,65.0,65.0,1747.0
2019-03-19 15:14:00,65.0,65.0,65.0,65.0,680.0
2019-03-19 15:21:00,64.935,64.935,64.935,64.935,2132.0
2019-03-19 15:24:00,64.99,64.99,64.95,64.95,535.0
2019-03-19 15:26:00,64.965,64.99,64.96,64.99,4782.0
2019-03-19 15:32:00,64.95,64.95,64.95,64.95,528.0
2019-03-19 15:33:00,65.0,65.0,65.0,65.0,1998.0
2019-03-19 15:35:00,65.08,65.08,65.08,65.08,246.0
2019-03-19 15:36:00,65.09,65.09,65.09,65.09,417.0
2019-03-19 15:37:00,65.1,65.1,65.1,65.1,322.0
2019-03-19 15:39:00,65.095,65.095,65.095,65.095,391.0
2019-03-19 15:41:00,65.13,65.13,65.05,65.05,1914.0
2019-03-19 15:45:00,65.0,65.0,65.0,65.0,153.0
2019-03-19 15:47:00,64.97,64.97,64.97,64.97,301.0
2019-03-19 15:48:00,64.96,64.96,64.96,64.96,600.0
2019-03-19 15:49:00,64.98,65.04,64.98,65.04,1305.0
2019-03-19 15:50:00,65.09,65.09,65.09,65.09,181.0
2019-03-19 15:51:00,65.09,65.09,65.09,65.09,373.0
2019-03-19 15:52:00,65.065,65.065,65.065,65.065,391.0
2019-03-19 15:53:00,64.95,64.97,64.95,64.97,2760.0
2019-03-19 15:54:00,64.95,64.95,64.935,64.935,1835.0
2019-03-19 15:55:00,64.96,65.02,64.96,65.02,1611.0
2019-03-19 15:57:00,65.08,65.08,65.08,65.08,471.0
2019-03-19 15:58:00,65.05,65.05,65.035,65.035,2406.0
2019-03-19 15:59:00,64.96,64.96,64.96,64.96,800.0
2019-03-19 16:00:00,64.98,64.98,64.98,64.98,1420.0
2019-03-20 09:31:00,64.62,64.62,64.62,64.62,0.0
2019-03-20 09:34:00,64.77,64.77,64.77,64.77,201.0
2019-03-20 09:37:00,64.57,64.57,64.56,64.56,429.0
2019-03-20 09:40:00,64.67,64.67,64.67,64.67,146.0
2019-03-20 09:46:00,64.71,64.71,64.71,64.71,100.0
2019-03-20 09:49:00,64.54,64.54,64.54,64.54,140.0
2019-03-20 10:06:00,64.525,64.525,64.525,64.525,1682.0
2019-03-20 10:07:00,64.54,64.54,64.54,64.54,100.0
2019-03-20 10:08:00,64.6,64.72,64.6,64.72,710.0
2019-03-20 10:09:00,64.84,64.84,64.76,64.79,807.0
2019-03-20 10:10:00,64.62,64.62,64.62,64.62,1919.0
2019-03-20 10:14:00,64.51,64.51,64.51,64.51,182.0
2019-03-20 10:19:00,64.49,64.49,64.49,64.49,427.0
2019-03-20 10:23:00,64.53,64.53,64.53,64.53,218.0
2019-03-20 10:26:00,64.51,64.64,64.51,64.64,400.0
2019-03-20 10:27:00,64.605,64.605,64.605,64.605,1025.0
2019-03-20 10:33:00,64.67,64.67,64.67,64.67,100.0
2019-03-20 10:34:00,64.64,64.64,64.63,64.63,1180.0
2019-03-20 10:36:00,64.57,64.57,64.57,64.57,181.0
2019-03-20 10:39:00,64.44,64.44,64.44,64.44,133.0
2019-03-20 10:40:00,64.46,64.46,64.46,64.46,396.0
2019-03-20 10:42:00,64.59,64.59,64.59,64.59,100.0
2019-03-20 10:43:00,64.69,64.69,64.69,64.69,370.0
2019-03-20 10:46:00,64.69,64.69,64.69,64.69,100.0
2019-03-20 10:52:00,64.75,64.75,64.75,64.75,278.0
2019-03-20 10:53:00,64.69,64.69,64.69,64.69,416.0
2019-03-20 11:01:00,64.54,64.54,64.54,64.54,122.0
2019-03-20 11:05:00,64.53,64.53,64.53,64.53,210.0
2019-03-20 11:07:00,64.63,64.64,64.595,64.595,552.0
2019-03-20 11:08:00,64.83,64.83,64.83,64.83,1086.0
2019-03-20 11:11:00,64.8,64.8,64.8,64.8,100.0
2019-03-20 11:13:00,64.58,64.58,64.58,64.58,423.0
2019-03-20 11:15:00,64.525,64.525,64.525,64.525,158.0
2019-03-20 11:19:00,64.58,64.59,64.58,64.59,812.0
2019-03-20 11:24:00,64.565,64.565,64.565,64.565,100.0
2019-03-20 11:25:00,64.565,64.565,64.565,64.565,342.0
2019-03-20 11:29:00,64.61,64.61,64.61,64.61,200.0
2019-03-20 11:34:00,64.62,64.62,64.62,64.62,1000.0
2019-03-20 11:39:00,64.58,64.62,64.54,64.54,1300.0
2019-03-20 11:40:00,64.535,64.535,64.535,64.535,1475.0
2019-03-20 11:42:00,64.5,64.5,64.5,64.5,201.0
2019-03-20 11:44:00,64.55,64.55,64.55,64.55,449.0
2019-03-20 11:47:00,64.64,64.64,64.64,64.64,361.0
2019-03-20 11:51:00,64.72,64.72,64.72,64.72,100.0
2019-03-20 11:52:00,64.61,64.61,64.61,64.61,523.0
2019-03-20 11:53:00,64.545,64.545,64.545,64.545,110.0
2019-03-20 11:55:00,64.64,64.64,64.64,64.64,230.0
2019-03-20 11:57:00,64.52,64.52,64.52,64.52,989.0
2019-03-20 11:58:00,64.505,64.505,64.505,64.505,458.0
2019-03-20 11:59:00,64.47,64.47,64.47,64.47,1268.0
2019-03-20 12:05:00,64.4,64.4,64.4,64.4,310.0
2019-03-20 12:12:00,64.43,64.43,64.43,64.43,262.0
2019-03-20 12:18:00,64.44,64.44,64.44,64.44,430.0
2019-03-20 12:24:00,64.53,64.53,64.53,64.53,200.0
2019-03-20 12:25:00,64.52,64.52,64.52,64.52,300.0
2019-03-20 12:27:00,64.71,64.71,64.71,64.71,368.0
2019-03-20 12:33:00,64.44,64.44,64.44,64.44,534.0
2019-03-20 12:40:00,64.57,64.57,64.57,64.57,603.0
2019-03-20 12:50:00,64.6,64.6,64.6,64.6,257.0
2019-03-20 12:57:00,64.5719,64.5719,64.5719,64.5719,220.0
2019-03-20 12:59:00,64.66,64.66,64.66,64.66,100.0
2019-03-20 13:00:00,64.675,64.675,64.675,64.675,340.0
2019-03-20 13:02:00,64.73,64.73,64.73,64.73,284.0
2019-03-20 13:06:00,64.81,64.81,64.81,64.81,110.0
2019-03-20 13:07:00,64.69,64.69,64.69,64.69,340.0
2019-03-20 13:12:00,64.745,64.745,64.745,64.745,312.0
2019-03-20 13:16:00,64.78,64.86,64.78,64.86,550.0
2019-03-20 13:17:00,64.805,64.805,64.805,64.805,1006.0
2019-03-20 13:18:00,64.92,64.92,64.92,64.92,1142.0
2019-03-20 13:19:00,64.98,64.98,64.98,64.98,200.0
2019-03-20 13:20:00,65.015,65.015,65.015,65.015,549.0
2019-03-20 13:21:00,65.06,65.06,65.06,65.06,100.0
2019-03-20 13:24:00,65.0,65.0,65.0,65.0,100.0
2019-03-20 13:27:00,64.86,64.86,64.86,64.86,500.0
2019-03-20 13:28:00,64.88,64.88,64.88,64.88,359.0
2019-03-20 13:30:00,64.935,64.935,64.935,64.935,231.0
2019-03-20 13:32:00,64.96,64.96,64.96,64.96,100.0
2019-03-20 13:45:00,64.93,64.93,64.93,64.93,100.0
2019-03-20 13:48:00,65.0,65.0,65.0,65.0,100.0
2019-03-20 13:49:00,65.06,65.06,65.06,65.06,5556.0
2019-03-20 13:51:00,65.11,65.11,65.11,65.11,1000.0
2019-03-20 13:52:00,65.12,65.12,65.1,65.1,300.0
2019-03-20 13:53:00,65.085,65.085,65.085,65.085,500.0
2019-03-20 13:54:00,65.11,65.11,65.11,65.11,500.0
2019-03-20 13:55:00,65.14,65.14,65.14,65.14,100.0
2019-03-20 13:56:00,65.18,65.18,65.18,65.18,600.0
2019-03-20 13:58:00,65.25,65.25,65.25,65.25,100.0
2019-03-20 13:59:00,65.25,65.25,65.25,65.25,400.0
2019-03-20 14:00:00,65.17,65.17,65.17,65.17,100.0
2019-03-20 14:01:00,65.25,65.25,65.25,65.25,708.0
2019-03-20 14:02:00,65.25,65.25,65.25,65.25,1846.0
2019-03-20 14:03:00,65.25,65.25,65.25,65.25,1064.0
2019-03-20 14:04:00,65.25,65.25,65.25,65.25,1600.0
2019-03-20 14:05:00,65.25,65.25,65.25,65.25,1977.0
2019-03-20 14:06:00,65.42,65.47,65.42,65.47,1059.0
2019-03-20 14:09:00,65.35,65.35,65.35,65.35,855.0
2019-03-20 14:11:00,65.42,65.42,65.42,65.42,470.0
2019-03-20 14:21:00,65.4,65.4,65.4,65.4,1077.0
2019-03-20 14:22:00,65.315,65.315,65.315,65.315,1299.0
2019-03-20 14:26:00,65.26,65.26,65.26,65.26,109.0
2019-03-20 14:27:00,65.27,65.27,65.27,65.27,300.0
2019-03-20 14:28:00,65.15,65.15,65.15,65.15,744.0
2019-03-20 14:36:00,65.14,65.14,65.14,65.14,100.0
2019-03-20 14:38:00,65.03,65.03,65.03,65.03,100.0
2019-03-20 14:42:00,65.0,65.0,65.0,65.0,432.0
2019-03-20 14:44:00,64.96,64.96,64.96,64.96,100.0
2019-03-20 14:45:00,65.0,65.0,64.96,64.96,1087.0
2019-03-20 14:51:00,64.98,65.07,64.98,65.06,1174.0
2019-03-20 14:52:00,65.1,65.1,65.1,65.1,1353.0
2019-03-20 14:54:00,65.1,65.1,65.1,65.1,130.0
2019-03-20 14:55:00,65.01,65.02,65.01,65.02,1062.0
2019-03-20 15:02:00,65.0,65.0,65.0,65.0,261.0
2019-03-20 15:04:00,64.995,64.995,64.995,64.995,200.0
2019-03-20 15:05:00,64.965,64.965,64.965,64.965,100.0
2019-03-20 15:06:00,64.965,64.965,64.965,64.965,692.0
2019-03-20 15:07:00,64.935,64.935,64.935,64.935,530.0
2019-03-20 15:09:00,64.96,64.96,64.96,64.96,100.0
2019-03-20 15:10:00,64.95,64.95,64.95,64.95,314.0
2019-03-20 15:22:00,64.98,64.98,64.98,64.98,1003.0
2019-03-20 15:23:00,64.92,64.92,64.905,64.91,1276.0
2019-03-20 15:24:00,64.94,64.94,64.94,64.94,1377.0
2019-03-20 15:25:00,65.0,65.0,65.0,65.0,2235.0
2019-03-20 15:31:00,65.1,65.1,65.04,65.04,603.0
2019-03-20 15:34:00,64.99,64.99,64.99,64.99,244.0
2019-03-20 15:36:00,64.96,64.96,64.96,64.96,440.0
2019-03-20 15:37:00,64.95,64.95,64.95,64.95,640.0
2019-03-20 15:38:00,64.95,64.95,64.95,64.95,135.0
2019-03-20 15:40:00,64.89,64.89,64.89,64.89,686.0
2019-03-20 15:41:00,64.87,64.87,64.87,64.87,822.0
2019-03-20 15:42:00,64.92,64.92,64.92,64.92,100.0
2019-03-20 15:43:00,64.91,64.91,64.91,64.91,119.0
2019-03-20 15:44:00,64.89,64.89,64.89,64.89,397.0
2019-03-20 15:45:00,64.9,64.9,64.9,64.9,300.0
2019-03-20 15:46:00,65.0,65.0,65.0,65.0,699.0
2019-03-20 15:47:00,65.0,65.0,65.0,65.0,203.0
2019-03-20 15:48:00,64.95,64.95,64.95,64.95,1692.0
2019-03-20 15:49:00,64.95,64.95,64.95,64.95,264.0
2019-03-20 15:51:00,64.875,64.875,64.875,64.875,1005.0
2019-03-20 15:52:00,64.94,64.94,64.94,64.94,633.0
2019-03-20 15:53:00,64.91,64.91,64.88,64.88,596.0
2019-03-20 15:54:00,64.93,64.94,64.93,64.94,200.0
2019-03-20 15:55:00,64.93,64.93,64.93,64.93,896.0
2019-03-20 15:56:00,64.95,64.95,64.95,64.95,429.0
2019-03-20 15:57:00,64.92,64.92,64.92,64.92,1231.0
2019-03-20 16:00:00,64.9,64.9,64.9,64.9,705.0
2019-03-21 09:31:00,64.43,64.43,64.43,64.43,0.0
2019-03-21 09:32:00,64.495,64.495,64.48,64.48,200.0
2019-03-21 09:33:00,64.43,64.43,64.43,64.43,0.0
2019-03-21 09:39:00,65.02,65.02,65.02,65.02,1467.0
2019-03-21 09:40:00,65.0252,65.0252,65.0252,65.0252,1078.0
2019-03-21 09:46:00,65.26,65.3,65.26,65.3,1257.0
2019-03-21 09:54:00,65.29,65.29,65.29,65.29,200.0
2019-03-21 09:57:00,65.175,65.175,65.175,65.175,100.0
2019-03-21 10:01:00,65.27,65.27,65.27,65.27,100.0
2019-03-21 10:02:00,65.205,65.215,65.205,65.215,694.0
2019-03-21 10:06:00,65.29,65.3,65.29,65.3,1708.0
2019-03-21 10:07:00,65.24,65.24,65.24,65.24,1808.0
2019-03-21 10:08:00,64.99,64.99,64.99,64.99,774.0
2019-03-21 10:11:00,64.88,64.88,64.88,64.88,101.0
2019-03-21 10:12:00,64.9202,64.9202,64.9202,64.9202,163.0
2019-03-21 10:17:00,64.84,64.84,64.84,64.84,419.0
2019-03-21 10:20:00,64.53,64.53,64.53,64.53,717.0
2019-03-21 10:26:00,64.37,64.37,64.37,64.37,400.0
2019-03-21 10:29:00,64.35,64.35,64.35,64.35,242.0
2019-03-21 10:30:00,64.345,64.345,64.345,64.345,342.0
2019-03-21 10:32:00,64.32,64.32,64.32,64.32,100.0
2019-03-21 10:34:00,64.2212,64.2212,64.2212,64.2212,200.0
2019-03-21 10:36:00,64.31,64.47,64.31,64.47,929.0
2019-03-21 10:38:00,64.41,64.41,64.41,64.41,376.0
2019-03-21 10:42:00,64.21,64.21,64.21,64.21,373.0
2019-03-21 10:45:00,64.22,64.22,64.22,64.22,112.0
2019-03-21 10:46:00,64.38,64.4,64.28,64.4,502.0
2019-03-21 10:47:00,64.3,64.3,64.3,64.3,802.0
2019-03-21 10:56:00,64.37,64.37,64.37,64.37,866.0
2019-03-21 11:03:00,64.38,64.38,64.38,64.38,243.0
2019-03-21 11:06:00,64.64,64.64,64.64,64.64,324.0
2019-03-21 11:15:00,64.46,64.46,64.46,64.46,171.0
2019-03-21 11:18:00,64.58,64.58,64.58,64.58,302.0
2019-03-21 11:22:00,64.59,64.59,64.59,64.59,241.0
2019-03-21 11:28:00,64.71,64.71,64.65,64.65,539.0
2019-03-21 11:29:00,64.67,64.67,64.67,64.67,654.0
2019-03-21 11:30:00,64.68,64.68,64.68,64.68,111.0
2019-03-21 11:31:00,64.62,64.62,64.62,64.62,100.0
2019-03-21 11:33:00,64.76,64.76,64.76,64.76,200.0
2019-03-21 11:38:00,64.8165,64.8165,64.8165,64.8165,275.0
2019-03-21 11:40:00,64.88,64.88,64.88,64.88,101.0
2019-03-21 11:43:00,64.88,64.88,64.88,64.88,100.0
2019-03-21 11:44:00,65.0,65.0,65.0,65.0,100.0
2019-03-21 11:45:00,64.92,64.92,64.92,64.92,230.0
2019-03-21 11:48:00,64.89,64.89,64.89,64.89,532.0
2019-03-21 11:53:00,64.99,64.99,64.99,64.99,186.0
2019-03-21 12:08:00,64.96,64.96,64.96,64.96,348.0
2019-03-21 12:11:00,64.96,64.96,64.96,64.96,120.0
2019-03-21 12:16:00,65.12,65.12,65.12,65.12,1310.0
2019-03-21 12:17:00,65.03,65.03,65.03,65.03,325.0
2019-03-21 12:18:00,65.05,65.05,65.05,65.05,355.0
2019-03-21 12:27:00,64.95,64.95,64.95,64.95,548.0
2019-03-21 12:34:00,65.03,65.03,65.03,65.03,299.0
2019-03-21 12:42:00,65.11,65.11,65.11,65.11,100.0
2019-03-21 12:45:00,65.0,65.0,65.0,65.0,951.0
2019-03-21 13:00:00,65.12,65.12,65.12,65.12,884.0
2019-03-21 13:17:00,65.21,65.21,65.21,65.21,877.0
2019-03-21 13:27:00,65.21,65.21,65.21,65.21,101.0
2019-03-21 13:33:00,65.22,65.22,65.22,65.22,100.0
2019-03-21 13:34:00,65.3,65.3,65.3,65.3,880.0
2019-03-21 13:35:00,65.3,65.3,65.3,65.3,400.0
2019-03-21 13:39:00,65.19,65.19,65.19,65.19,295.0
2019-03-21 13:42:00,65.28,65.28,65.28,65.28,100.0
2019-03-21 13:54:00,65.28,65.42,65.28,65.42,1429.0
2019-03-21 14:08:00,65.38,65.38,65.38,65.38,700.0
2019-03-21 14:14:00,65.57,65.57,65.57,65.57,100.0
2019-03-21 14:22:00,65.47,65.47,65.47,65.47,101.0
2019-03-21 14:30:00,65.49,65.49,65.49,65.49,100.0
2019-03-21 14:33:00,65.56,65.56,65.56,65.56,100.0
2019-03-21 14:35:00,65.49,65.49,65.49,65.49,357.0
2019-03-21 14:37:00,65.53,65.53,65.53,65.53,300.0
2019-03-21 14:43:00,65.59,65.59,65.59,65.59,325.0
2019-03-21 14:51:00,65.63,65.63,65.63,65.63,600.0
2019-03-21 14:52:00,65.68,65.68,65.68,65.68,100.0
2019-03-21 14:59:00,65.57,65.57,65.57,65.57,432.0
2019-03-21 15:06:00,65.58,65.58,65.58,65.58,155.0
2019-03-21 15:22:00,65.63,65.63,65.515,65.515,631.0
2019-03-21 15:27:00,65.51,65.51,65.51,65.51,310.0
2019-03-21 15:32:00,65.46,65.46,65.46,65.46,728.0
2019-03-21 15:33:00,65.5,65.5,65.5,65.5,248.0
2019-03-21 15:36:00,65.51,65.51,65.51,65.51,470.0
2019-03-21 15:40:00,65.58,65.58,65.58,65.58,436.0
2019-03-21 15:42:00,65.78,65.78,65.78,65.78,564.0
2019-03-21 15:43:00,65.68,65.68,65.68,65.68,470.0
2019-03-21 15:47:00,65.545,65.545,65.545,65.545,687.0
2019-03-21 15:50:00,65.7,65.7,65.7,65.7,311.0
2019-03-21 15:51:00,65.72,65.72,65.72,65.72,274.0
2019-03-21 15:53:00,65.78,65.78,65.78,65.78,807.0
2019-03-21 15:54:00,65.77,65.78,65.77,65.78,1206.0
2019-03-21 15:56:00,65.79,65.79,65.79,65.79,1343.0
2019-03-21 15:57:00,65.81,65.81,65.81,65.81,960.0
2019-03-21 15:58:00,65.88,65.88,65.84,65.84,1195.0
2019-03-21 16:00:00,65.67,65.67,65.67,65.67,1447.0
2019-03-22 09:31:00,65.19,65.19,65.19,65.19,140.0
2019-03-22 09:41:00,65.12,65.12,65.12,65.12,110.0
2019-03-22 09:43:00,65.17,65.17,65.17,65.17,411.0
2019-03-22 09:46:00,65.16,65.16,65.16,65.16,100.0
2019-03-22 09:47:00,65.04,65.04,65.04,65.04,475.0
2019-03-22 09:53:00,64.87,64.87,64.87,64.87,644.0
2019-03-22 09:57:00,64.83,64.83,64.83,64.83,200.0
2019-03-22 10:02:00,64.63,64.63,64.63,64.63,100.0
2019-03-22 10:03:00,64.71,64.71,64.71,64.71,500.0
2019-03-22 10:08:00,64.51,64.51,64.51,64.51,130.0
2019-03-22 10:12:00,64.43,64.43,64.43,64.43,222.0
2019-03-22 10:24:00,64.48,64.48,64.48,64.48,464.0
2019-03-22 10:34:00,64.66,64.66,64.66,64.66,167.0
2019-03-22 10:47:00,64.44,64.44,64.44,64.44,100.0
2019-03-22 10:49:00,64.47,64.47,64.47,64.47,118.0
2019-03-22 11:00:00,64.54,64.54,64.54,64.54,106.0
2019-03-22 11:06:00,64.42,64.42,64.42,64.42,124.0
2019-03-22 11:07:00,64.52,64.58,64.52,64.58,667.0
2019-03-22 11:17:00,64.64,64.64,64.64,64.64,203.0
2019-03-22 11:20:00,64.78,64.78,64.78,64.78,493.0
2019-03-22 11:28:00,64.43,64.43,64.43,64.43,112.0
2019-03-22 11:29:00,64.48,64.55,64.48,64.55,2025.0
2019-03-22 11:35:00,64.44,64.44,64.44,64.44,362.0
2019-03-22 11:39:00,64.44,64.44,64.44,64.44,313.0
2019-03-22 11:40:00,64.57,64.57,64.57,64.57,200.0
2019-03-22 11:43:00,64.55,64.55,64.55,64.55,377.0
2019-03-22 11:44:00,64.5,64.5,64.5,64.5,697.0
2019-03-22 11:50:00,64.455,64.455,64.455,64.455,419.0
2019-03-22 11:53:00,64.63,64.63,64.63,64.63,736.0
2019-03-22 11:54:00,64.55,64.55,64.55,64.55,100.0
2019-03-22 11:55:00,64.54,64.54,64.54,64.54,744.0
2019-03-22 11:56:00,64.61,64.61,64.61,64.61,236.0
2019-03-22 11:58:00,64.6,64.6,64.6,64.6,493.0
2019-03-22 12:05:00,64.56,64.56,64.56,64.56,110.0
2019-03-22 12:09:00,64.55,64.63,64.55,64.63,678.0
2019-03-22 12:13:00,64.72,64.72,64.72,64.72,311.0
2019-03-22 12:19:00,64.73,64.73,64.73,64.73,100.0
2019-03-22 12:21:00,64.7346,64.7346,64.7346,64.7346,200.0
2019-03-22 12:23:00,64.69,64.69,64.69,64.69,200.0
2019-03-22 12:28:00,64.64,64.64,64.64,64.64,200.0
2019-03-22 12:31:00,64.61,64.61,64.59,64.59,961.0
2019-03-22 12:38:00,64.515,64.515,64.515,64.515,202.0
2019-03-22 12:45:00,64.47,64.47,64.47,64.47,296.0
2019-03-22 12:48:00,64.59,64.59,64.59,64.59,752.0
2019-03-22 13:02:00,64.66,64.66,64.66,64.66,400.0
2019-03-22 13:03:00,64.54,64.54,64.54,64.54,451.0
2019-03-22 13:11:00,64.55,64.55,64.55,64.55,252.0
2019-03-22 13:24:00,64.465,64.465,64.465,64.465,232.0
2019-03-22 13:27:00,64.58,64.58,64.58,64.58,217.0
2019-03-22 13:33:00,64.645,64.645,64.645,64.645,100.0
2019-03-22 13:36:00,64.65,64.65,64.65,64.65,355.0
2019-03-22 13:55:00,64.56,64.56,64.56,64.56,192.0
2019-03-22 13:59:00,64.52,64.52,64.52,64.52,106.0
2019-03-22 14:03:00,64.57,64.57,64.57,64.57,408.0
2019-03-22 14:19:00,64.59,64.59,64.59,64.59,460.0
2019-03-22 14:20:00,64.57,64.57,64.57,64.57,100.0
2019-03-22 14:29:00,64.57,64.57,64.57,64.57,100.0
2019-03-22 14:32:00,64.47,64.47,64.47,64.47,280.0
2019-03-22 14:34:00,64.51,64.51,64.51,64.51,200.0
2019-03-22 14:36:00,64.42,64.42,64.42,64.42,221.0
2019-03-22 14:41:00,64.42,64.42,64.42,64.42,100.0
2019-03-22 14:42:00,64.43,64.43,64.43,64.43,211.0
2019-03-22 14:43:00,64.395,64.395,64.395,64.395,161.0
2019-03-22 14:52:00,64.43,64.43,64.43,64.43,336.0
2019-03-22 14:59:00,64.35,64.35,64.35,64.35,110.0
2019-03-22 15:00:00,64.34,64.39,64.34,64.39,300.0
2019-03-22 15:01:00,64.465,64.465,64.465,64.465,400.0
2019-03-22 15:05:00,64.42,64.42,64.42,64.42,573.0
2019-03-22 15:07:00,64.34,64.34,64.34,64.34,140.0
2019-03-22 15:09:00,64.34,64.34,64.34,64.34,151.0
2019-03-22 15:13:00,64.3,64.3,64.3,64.3,101.0
2019-03-22 15:14:00,64.325,64.325,64.26,64.26,846.0
2019-03-22 15:16:00,64.24,64.24,64.24,64.24,120.0
2019-03-22 15:17:00,64.25,64.34,64.25,64.34,636.0
2019-03-22 15:24:00,64.29,64.29,64.29,64.29,201.0
2019-03-22 15:26:00,64.315,64.315,64.315,64.315,159.0
2019-03-22 15:29:00,64.31,64.31,64.31,64.31,270.0
2019-03-22 15:32:00,64.18,64.18,64.18,64.18,413.0
2019-03-22 15:33:00,64.18,64.18,64.18,64.18,330.0
2019-03-22 15:37:00,64.27,64.27,64.27,64.27,205.0
2019-03-22 15:38:00,64.3,64.3,64.3,64.3,229.0
2019-03-22 15:39:00,64.31,64.31,64.31,64.31,295.0
2019-03-22 15:41:00,64.26,64.26,64.26,64.26,557.0
2019-03-22 15:44:00,64.23,64.23,64.23,64.23,321.0
2019-03-22 15:46:00,64.26,64.26,64.26,64.26,943.0
2019-03-22 15:48:00,64.32,64.33,64.32,64.33,389.0
2019-03-22 15:50:00,64.31,64.31,64.31,64.31,171.0
2019-03-22 15:51:00,64.26,64.26,64.26,64.26,360.0
2019-03-22 15:52:00,64.31,64.38,64.31,64.38,1096.0
2019-03-22 15:54:00,64.25,64.25,64.25,64.25,554.0
2019-03-22 15:55:00,64.3,64.3,64.3,64.3,245.0
2019-03-22 15:56:00,64.24,64.24,64.2,64.2,1237.0
2019-03-22 15:57:00,64.13,64.13,64.13,64.13,519.0
2019-03-22 15:58:00,64.06,64.06,64.06,64.06,738.0
2019-03-22 15:59:00,64.09,64.09,64.09,64.09,647.0
2019-03-22 16:00:00,64.08,64.08,64.08,64.08,646.0
2019-03-25 09:33:00,63.69,63.69,63.105,63.105,0.0
2019-03-25 09:34:00,63.39,63.5,63.39,63.5,2683.0
2019-03-25 09:36:00,63.5,63.5,63.5,63.5,2134.0
2019-03-25 09:43:00,63.44,63.44,63.44,63.44,370.0
2019-03-25 09:47:00,63.22,63.22,63.22,63.22,400.0
2019-03-25 09:51:00,63.25,63.25,63.25,63.25,1240.0
2019-03-25 09:52:00,63.3,63.3,63.3,63.3,888.0
2019-03-25 09:53:00,63.3,63.3,63.3,63.3,352.0
2019-03-25 09:55:00,63.3,63.3,63.3,63.3,210.0
2019-03-25 09:57:00,63.3,63.3,63.3,63.3,1238.0
2019-03-25 09:59:00,63.22,63.22,63.22,63.22,103.0
2019-03-25 10:01:00,63.3,63.3,63.3,63.3,610.0
2019-03-25 10:02:00,63.3,63.3,63.3,63.3,4855.0
2019-03-25 10:03:00,63.21,63.21,63.21,63.21,229.0
2019-03-25 10:07:00,63.225,63.225,63.225,63.225,125.0
2019-03-25 10:08:00,63.23,63.23,63.23,63.23,1601.0
2019-03-25 10:09:00,63.25,63.25,63.25,63.25,300.0
2019-03-25 10:15:00,63.29,63.29,63.29,63.29,200.0
2019-03-25 10:18:00,63.27,63.27,63.27,63.27,526.0
2019-03-25 10:23:00,63.3,63.3,63.3,63.3,200.0
2019-03-25 10:25:00,63.3,63.3,63.3,63.3,500.0
2019-03-25 10:27:00,63.3,63.3,63.3,63.3,1468.0
2019-03-25 10:28:00,63.29,63.29,63.29,63.29,500.0
2019-03-25 10:32:00,63.3,63.3,63.3,63.3,1052.0
2019-03-25 10:33:00,63.31,63.31,63.31,63.31,111.0
2019-03-25 10:35:00,63.28,63.28,63.28,63.28,1200.0
2019-03-25 10:36:00,63.27,63.27,63.27,63.27,1911.0
2019-03-25 10:38:00,63.35,63.35,63.35,63.35,157.0
2019-03-25 10:41:00,63.25,63.25,63.25,63.25,1125.0
2019-03-25 10:46:00,63.33,63.33,63.31,63.31,910.0
2019-03-25 10:51:00,63.48,63.48,63.48,63.48,1000.0
2019-03-25 10:52:00,63.7,63.7,63.7,63.7,800.0
2019-03-25 10:54:00,63.79,63.79,63.79,63.79,129.0
2019-03-25 10:59:00,63.73,63.73,63.73,63.73,200.0
2019-03-25 11:08:00,63.72,63.72,63.72,63.72,400.0
2019-03-25 11:10:00,63.72,63.72,63.72,63.72,101.0
2019-03-25 11:14:00,63.78,63.78,63.78,63.78,400.0
2019-03-25 11:21:00,63.9,63.9,63.9,63.9,522.0
2019-03-25 11:22:00,63.99,63.99,63.99,63.99,405.0
2019-03-25 11:25:00,63.99,63.99,63.99,63.99,538.0
2019-03-25 11:34:00,63.95,63.95,63.95,63.95,900.0
2019-03-25 11:38:00,64.03,64.03,64.03,64.03,685.0
2019-03-25 11:44:00,63.83,63.83,63.83,63.83,300.0
2019-03-25 11:46:00,63.94,63.94,63.94,63.94,956.0
2019-03-25 11:50:00,63.9,63.9,63.9,63.9,817.0
2019-03-25 12:03:00,63.5,63.5,63.5,63.5,799.0
2019-03-25 12:04:00,63.5,63.5,63.5,63.5,1200.0
2019-03-25 12:05:00,63.5,63.5,63.5,63.5,300.0
2019-03-25 12:07:00,63.5,63.53,63.5,63.53,1384.0
2019-03-25 12:08:00,63.48,63.48,63.48,63.48,100.0
2019-03-25 12:11:00,63.46,63.46,63.46,63.46,600.0
2019-03-25 12:12:00,63.6,63.6,63.6,63.6,300.0
2019-03-25 12:14:00,63.55,63.55,63.55,63.55,213.0
2019-03-25 12:21:00,63.53,63.53,63.53,63.53,153.0
2019-03-25 12:29:00,63.54,63.59,63.5,63.59,3668.0
2019-03-25 12:36:00,63.63,63.63,63.55,63.55,504.0
2019-03-25 12:46:00,63.59,63.59,63.59,63.59,127.0
2019-03-25 12:48:00,63.64,63.64,63.64,63.64,349.0
2019-03-25 12:49:00,63.68,63.68,63.68,63.68,749.0
2019-03-25 12:50:00,63.75,63.75,63.75,63.75,200.0
2019-03-25 12:52:00,63.74,63.74,63.74,63.74,222.0
2019-03-25 12:54:00,63.68,63.68,63.68,63.68,563.0
2019-03-25 12:59:00,63.74,63.74,63.74,63.74,884.0
2019-03-25 13:13:00,63.75,63.75,63.75,63.75,300.0
2019-03-25 13:15:00,63.79,63.79,63.79,63.79,157.0
2019-03-25 13:22:00,63.77,63.77,63.77,63.77,200.0
2019-03-25 13:26:00,63.78,63.82,63.78,63.82,400.0
2019-03-25 13:30:00,63.78,63.78,63.78,63.78,151.0
2019-03-25 13:43:00,63.78,63.78,63.78,63.78,117.0
2019-03-25 13:49:00,63.71,63.71,63.71,63.71,109.0
2019-03-25 14:00:00,63.69,63.69,63.69,63.69,122.0
2019-03-25 14:01:00,63.555,63.555,63.555,63.555,124.0
2019-03-25 14:11:00,63.51,63.51,63.51,63.51,511.0
2019-03-25 14:15:00,63.6,63.6,63.6,63.6,100.0
2019-03-25 14:16:00,63.57,63.57,63.57,63.57,181.0
2019-03-25 14:19:00,63.52,63.52,63.5,63.5,1594.0
2019-03-25 14:20:00,63.52,63.52,63.52,63.52,522.0
2019-03-25 14:30:00,63.56,63.58,63.56,63.58,689.0
2019-03-25 14:32:00,63.64,63.64,63.64,63.64,203.0
2019-03-25 14:41:00,63.73,63.73,63.73,63.73,755.0
2019-03-25 14:51:00,63.7,63.7,63.7,63.7,912.0
2019-03-25 14:52:00,63.65,63.65,63.65,63.65,600.0
2019-03-25 14:57:00,63.7,63.73,63.7,63.73,955.0
2019-03-25 15:05:00,63.71,63.71,63.71,63.71,490.0
2019-03-25 15:14:00,63.74,63.74,63.74,63.74,1010.0
2019-03-25 15:15:00,63.82,63.82,63.82,63.82,144.0
2019-03-25 15:19:00,63.69,63.69,63.69,63.69,593.0
2019-03-25 15:21:00,63.77,63.77,63.77,63.77,100.0
2019-03-25 15:24:00,63.77,63.77,63.77,63.77,410.0
2019-03-25 15:28:00,63.78,63.78,63.78,63.78,320.0
2019-03-25 15:30:00,63.73,63.73,63.73,63.73,318.0
2019-03-25 15:31:00,63.7,63.7,63.7,63.7,251.0
2019-03-25 15:33:00,63.7,63.7,63.7,63.7,398.0
2019-03-25 15:36:00,63.68,63.68,63.68,63.68,1417.0
2019-03-25 15:38:00,63.72,63.75,63.72,63.75,1009.0
2019-03-25 15:41:00,63.67,63.67,63.67,63.67,337.0
2019-03-25 15:44:00,63.65,63.74,63.65,63.74,1537.0
2019-03-25 15:49:00,63.66,63.66,63.66,63.66,483.0
2019-03-25 15:51:00,63.69,63.69,63.69,63.69,802.0
2019-03-25 15:53:00,63.66,63.66,63.66,63.66,213.0
2019-03-25 15:54:00,63.7,63.7,63.7,63.7,559.0
2019-03-25 15:55:00,63.66,63.66,63.66,63.66,614.0
2019-03-25 15:56:00,63.58,63.58,63.58,63.58,1573.0
2019-03-25 15:57:00,63.66,63.66,63.66,63.66,478.0
2019-03-25 15:59:00,63.66,63.66,63.66,63.66,1764.0
2019-03-25 16:00:00,63.58,63.58,63.58,63.58,1216.0
2019-03-26 09:31:00,63.75,63.75,63.75,63.75,0.0
2019-03-26 09:34:00,63.53,63.79,63.53,63.79,704.0
2019-03-26 09:37:00,64.51,64.51,64.51,64.51,400.0
2019-03-26 09:39:00,64.29,64.29,64.29,64.29,302.0
2019-03-26 09:44:00,64.11,64.11,64.11,64.11,698.0
2019-03-26 09:47:00,63.97,63.97,63.97,63.97,1000.0
2019-03-26 09:51:00,64.105,64.105,63.93,63.93,400.0
2019-03-26 09:53:00,63.84,63.84,63.84,63.84,406.0
2019-03-26 09:56:00,63.87,63.87,63.87,63.87,100.0
2019-03-26 09:58:00,63.88,63.88,63.88,63.88,435.0
2019-03-26 09:59:00,63.91,63.91,63.91,63.91,304.0
2019-03-26 10:01:00,63.86,63.86,63.86,63.86,500.0
2019-03-26 10:02:00,64.01,64.01,64.01,64.01,200.0
2019-03-26 10:03:00,63.965,63.965,63.965,63.965,300.0
2019-03-26 10:06:00,63.84,63.84,63.84,63.84,660.0
2019-03-26 10:09:00,63.725,63.725,63.725,63.725,200.0
2019-03-26 10:10:00,63.8,63.8,63.8,63.8,100.0
2019-03-26 10:11:00,63.9,63.9,63.9,63.9,187.0
2019-03-26 10:16:00,63.85,63.85,63.85,63.85,238.0
2019-03-26 10:20:00,64.12,64.12,64.12,64.12,1333.0
2019-03-26 10:21:00,63.955,63.955,63.955,63.955,1082.0
2019-03-26 10:22:00,64.08,64.13,64.08,64.13,1300.0
2019-03-26 10:24:00,63.99,63.99,63.99,63.99,500.0
2019-03-26 10:29:00,64.11,64.11,64.11,64.11,800.0
2019-03-26 10:30:00,64.04,64.04,64.04,64.04,428.0
2019-03-26 10:35:00,64.01,64.01,64.01,64.01,100.0
2019-03-26 10:38:00,63.94,63.94,63.94,63.94,240.0
2019-03-26 10:39:00,63.99,63.99,63.99,63.99,300.0
2019-03-26 10:41:00,64.09,64.09,64.09,64.09,922.0
2019-03-26 10:42:00,64.11,64.11,64.11,64.11,862.0
2019-03-26 10:43:00,63.99,63.99,63.99,63.99,337.0
2019-03-26 10:46:00,64.045,64.045,64.045,64.045,301.0
2019-03-26 10:49:00,64.22,64.22,64.22,64.22,600.0
2019-03-26 10:52:00,64.27,64.27,64.27,64.27,211.0
2019-03-26 10:56:00,64.23,64.23,64.165,64.165,3143.0
2019-03-26 10:57:00,64.215,64.215,64.215,64.215,1700.0
2019-03-26 10:58:00,64.33,64.33,64.205,64.205,3651.0
2019-03-26 10:59:00,64.2,64.2,64.2,64.2,1808.0
2019-03-26 11:01:00,64.24,64.24,64.24,64.24,800.0
2019-03-26 11:03:00,64.2,64.2,64.2,64.2,1200.0
2019-03-26 11:04:00,64.21,64.21,64.21,64.21,983.0
2019-03-26 11:08:00,64.265,64.265,64.265,64.265,408.0
2019-03-26 11:11:00,64.21,64.21,64.21,64.21,201.0
2019-03-26 11:15:00,64.24,64.24,64.24,64.24,108.0
2019-03-26 11:16:00,64.29,64.29,64.25,64.25,1104.0
2019-03-26 11:17:00,64.21,64.21,64.21,64.21,400.0
2019-03-26 11:20:00,64.199,64.199,64.199,64.199,800.0
2019-03-26 11:21:00,64.21,64.21,64.21,64.21,150.0
2019-03-26 11:23:00,64.28,64.28,64.28,64.28,325.0
2019-03-26 11:24:00,64.2,64.2,64.2,64.2,30800.0
2019-03-26 11:25:00,64.25,64.25,64.25,64.25,692.0
2019-03-26 11:27:00,64.23,64.23,64.23,64.23,794.0
2019-03-26 11:29:00,64.23,64.23,64.23,64.23,467.0
2019-03-26 11:30:00,64.26,64.26,64.2,64.2,4374.0
2019-03-26 11:31:00,64.29,64.29,64.29,64.29,706.0
2019-03-26 11:32:00,64.26,64.26,64.26,64.26,800.0
2019-03-26 11:33:00,64.21,64.21,64.21,64.21,524.0
2019-03-26 11:34:00,64.29,64.29,64.29,64.29,344.0
2019-03-26 11:35:00,64.39,64.39,64.39,64.39,1102.0
2019-03-26 11:38:00,64.5,64.54,64.5,64.54,3370.0
2019-03-26 11:40:00,64.58,64.58,64.58,64.58,281.0
2019-03-26 11:41:00,64.61,64.61,64.61,64.61,599.0
2019-03-26 11:43:00,64.63,64.63,64.63,64.63,178.0
2019-03-26 11:44:00,64.7,64.7,64.7,64.7,161.0
2019-03-26 11:45:00,64.69,64.69,64.69,64.69,571.0
2019-03-26 11:46:00,64.745,64.745,64.745,64.745,454.0
2019-03-26 11:47:00,64.6,64.6,64.6,64.6,572.0
2019-03-26 11:48:00,64.6,64.6,64.6,64.6,575.0
2019-03-26 11:52:00,64.575,64.575,64.575,64.575,761.0
2019-03-26 11:53:00,64.58,64.58,64.58,64.58,818.0
2019-03-26 11:59:00,64.56,64.56,64.56,64.56,1706.0
2019-03-26 12:00:00,64.55,64.55,64.55,64.55,238.0
2019-03-26 12:01:00,64.51,64.51,64.51,64.51,0.0
2019-03-26 12:02:00,64.57,64.57,64.57,64.57,305.0
2019-03-26 12:05:00,64.55,64.55,64.55,64.55,1190.0
2019-03-26 12:07:00,64.49,64.5,64.49,64.5,266.0
2019-03-26 12:08:00,64.54,64.54,64.54,64.54,211.0
2019-03-26 12:09:00,64.465,64.465,64.465,64.465,476.0
2019-03-26 12:13:00,64.51,64.51,64.46,64.46,901.0
2019-03-26 12:14:00,64.39,64.39,64.39,64.39,604.0
2019-03-26 12:15:00,64.48,64.48,64.48,64.48,101.0
2019-03-26 12:16:00,64.44,64.44,64.44,64.44,554.0
2019-03-26 12:18:00,64.25,64.25,64.25,64.25,214.0
2019-03-26 12:19:00,64.24,64.24,64.24,64.24,520.0
2019-03-26 12:20:00,64.22,64.22,64.22,64.22,1203.0
2019-03-26 12:22:00,64.2,64.2,64.2,64.2,117.0
2019-03-26 12:24:00,64.2,64.2,64.2,64.2,100.0
2019-03-26 12:27:00,64.2,64.31,64.2,64.31,1355.0
2019-03-26 12:29:00,64.24,64.24,64.24,64.24,401.0
2019-03-26 12:33:00,64.31,64.31,64.31,64.31,137.0
2019-03-26 12:39:00,64.27,64.27,64.27,64.27,220.0
2019-03-26 12:40:00,64.27,64.27,64.27,64.27,281.0
2019-03-26 12:41:00,64.27,64.27,64.27,64.27,126.0
2019-03-26 12:46:00,64.245,64.245,64.245,64.245,122.0
2019-03-26 12:50:00,64.305,64.305,64.305,64.305,119.0
2019-03-26 12:54:00,64.45,64.45,64.395,64.395,964.0
2019-03-26 13:00:00,64.415,64.415,64.415,64.415,599.0
2019-03-26 13:06:00,64.51,64.57,64.51,64.57,1022.0
2019-03-26 13:07:00,64.58,64.62,64.56,64.62,1840.0
2019-03-26 13:13:00,64.595,64.595,64.595,64.595,155.0
2019-03-26 13:22:00,64.54,64.54,64.54,64.54,0.0
2019-03-26 13:24:00,64.53,64.53,64.53,64.53,100.0
2019-03-26 13:27:00,64.53,64.53,64.53,64.53,209.0
2019-03-26 13:30:00,64.52,64.52,64.52,64.52,219.0
2019-03-26 13:33:00,64.4,64.4,64.39,64.39,689.0
2019-03-26 13:36:00,64.47,64.47,64.47,64.47,0.0
2019-03-26 13:37:00,64.45,64.45,64.45,64.45,100.0
2019-03-26 13:39:00,64.36,64.36,64.36,64.36,200.0
2019-03-26 13:42:00,64.37,64.37,64.37,64.37,103.0
2019-03-26 13:45:00,64.375,64.375,64.375,64.375,105.0
2019-03-26 13:47:00,64.37,64.37,64.37,64.37,101.0
2019-03-26 13:48:00,64.38,64.38,64.38,64.38,113.0
2019-03-26 13:51:00,64.38,64.38,64.38,64.38,213.0
2019-03-26 13:53:00,64.36,64.36,64.36,64.36,100.0
2019-03-26 13:54:00,64.29,64.29,64.29,64.29,123.0
2019-03-26 14:03:00,64.24,64.24,64.24,64.24,436.0
2019-03-26 14:08:00,64.38,64.38,64.38,64.38,402.0
2019-03-26 14:11:00,64.345,64.345,64.345,64.345,433.0
2019-03-26 14:18:00,64.26,64.26,64.26,64.26,200.0
2019-03-26 14:22:00,64.26,64.26,64.26,64.26,200.0
2019-03-26 14:23:00,64.26,64.26,64.26,64.26,549.0
2019-03-26 14:27:00,64.27,64.27,64.27,64.27,809.0
2019-03-26 14:33:00,64.2,64.2,64.2,64.2,417.0
2019-03-26 14:34:00,64.2,64.2,64.2,64.2,449.0
2019-03-26 14:36:00,64.2,64.2,64.2,64.2,397.0
2019-03-26 14:38:00,64.2,64.2,64.2,64.2,200.0
2019-03-26 14:40:00,64.26,64.26,64.26,64.26,100.0
2019-03-26 14:41:00,64.2,64.2,64.2,64.2,727.0
2019-03-26 14:46:00,64.2,64.2,64.2,64.2,173.0
2019-03-26 14:47:00,64.2,64.2,64.2,64.2,235.0
2019-03-26 14:49:00,64.275,64.275,64.275,64.275,848.0
2019-03-26 14:51:00,64.38,64.38,64.38,64.38,200.0
2019-03-26 14:52:00,64.36,64.36,64.36,64.36,500.0
2019-03-26 14:54:00,64.21,64.21,64.21,64.21,200.0
2019-03-26 14:57:00,64.2,64.2,64.2,64.2,200.0
2019-03-26 14:58:00,64.2,64.2,64.2,64.2,113.0
2019-03-26 15:00:00,64.22,64.22,64.22,64.22,300.0
2019-03-26 15:01:00,64.235,64.3,64.2225,64.2225,2042.0
2019-03-26 15:07:00,64.36,64.36,64.36,64.36,401.0
2019-03-26 15:15:00,64.31,64.31,64.31,64.31,200.0
2019-03-26 15:16:00,64.31,64.4,64.31,64.4,418.0
2019-03-26 15:19:00,64.39,64.39,64.39,64.39,128.0
2019-03-26 15:21:00,64.45,64.45,64.45,64.45,210.0
2019-03-26 15:25:00,64.425,64.425,64.425,64.425,200.0
2019-03-26 15:31:00,64.44,64.51,64.44,64.51,1440.0
2019-03-26 15:35:00,64.47,64.47,64.47,64.47,462.0
2019-03-26 15:36:00,64.42,64.42,64.42,64.42,450.0
2019-03-26 15:40:00,64.38,64.38,64.38,64.38,279.0
2019-03-26 15:42:00,64.47,64.47,64.47,64.47,362.0
2019-03-26 15:44:00,64.43,64.43,64.43,64.43,315.0
2019-03-26 15:47:00,64.42,64.44,64.42,64.44,344.0
2019-03-26 15:49:00,64.48,64.48,64.48,64.48,193.0
2019-03-26 15:51:00,64.43,64.43,64.43,64.43,850.0
2019-03-26 15:52:00,64.43,64.43,64.43,64.43,499.0
2019-03-26 15:53:00,64.51,64.51,64.51,64.51,306.0
2019-03-26 15:55:00,64.59,64.59,64.57,64.57,1437.0
2019-03-26 15:57:00,64.59,64.59,64.59,64.59,188.0
2019-03-26 15:58:00,64.58,64.59,64.58,64.59,897.0
2019-03-26 15:59:00,64.63,64.63,64.63,64.63,508.0
2019-03-26 16:00:00,64.61,64.61,64.61,64.61,1122.0
2019-03-27 09:31:00,64.49,64.49,64.49,64.49,0.0
2019-03-27 09:32:00,64.46,64.48,64.46,64.48,313.0
2019-03-27 09:33:00,64.63,64.63,64.63,64.63,116.0
2019-03-27 09:39:00,64.74,64.74,64.74,64.74,100.0
2019-03-27 09:40:00,64.72,64.81,64.57,64.67,744.0
2019-03-27 09:44:00,64.73,64.81,64.715,64.81,1203.0
2019-03-27 09:45:00,64.52,64.52,64.52,64.52,220.0
2019-03-27 09:54:00,64.71,64.71,64.71,64.71,100.0
2019-03-27 09:55:00,64.64,64.64,64.64,64.64,690.0
2019-03-27 09:57:00,64.51,64.51,64.51,64.51,200.0
2019-03-27 09:59:00,64.45,64.45,64.45,64.45,200.0
2019-03-27 10:01:00,64.4,64.4,64.4,64.4,200.0
2019-03-27 10:03:00,64.46,64.55,64.46,64.49,1268.0
2019-03-27 10:04:00,64.65,64.67,64.65,64.67,397.0
2019-03-27 10:08:00,64.67,64.86,64.67,64.78,2016.0
2019-03-27 10:09:00,64.62,64.62,64.62,64.62,199.0
2019-03-27 10:11:00,64.7,64.87,64.7,64.87,893.0
2019-03-27 10:12:00,64.75,64.75,64.75,64.75,171.0
2019-03-27 10:15:00,64.91,65.0,64.91,65.0,740.0
2019-03-27 10:18:00,65.09,65.13,65.09,65.13,203.0
2019-03-27 10:19:00,65.16,65.17,65.16,65.17,200.0
2019-03-27 10:20:00,65.11,65.17,65.11,65.17,200.0
2019-03-27 10:22:00,65.3,65.3,65.3,65.3,116.0
2019-03-27 10:24:00,65.31,65.31,65.11,65.16,600.0
2019-03-27 10:25:00,65.0,65.0,65.0,65.0,100.0
2019-03-27 10:26:00,65.07,65.13,65.07,65.12,698.0
2019-03-27 10:29:00,65.08,65.08,65.06,65.07,450.0
2019-03-27 10:30:00,65.02,65.09,65.02,65.09,277.0
2019-03-27 10:31:00,64.99,64.99,64.99,64.99,224.0
2019-03-27 10:35:00,64.93,64.96,64.91,64.96,300.0
2019-03-27 10:36:00,64.94,64.99,64.86,64.99,1000.0
2019-03-27 10:38:00,64.96,64.96,64.96,64.96,200.0
2019-03-27 10:40:00,64.92,64.92,64.92,64.92,100.0
2019-03-27 10:41:00,64.98,65.0675,64.98,65.0675,794.0
2019-03-27 10:42:00,65.11,65.11,65.04,65.04,300.0
2019-03-27 10:43:00,65.04,65.04,64.99,64.99,300.0
2019-03-27 10:44:00,64.97,64.97,64.96,64.96,258.0
2019-03-27 10:46:00,65.035,65.035,65.035,65.035,123.0
2019-03-27 10:49:00,64.93,64.93,64.93,64.93,440.0
2019-03-27 10:53:00,64.81,64.85,64.81,64.85,589.0
2019-03-27 11:02:00,64.75,64.77,64.62,64.62,1410.0
2019-03-27 11:06:00,64.58,64.64,64.58,64.64,200.0
2019-03-27 11:08:00,64.66,64.72,64.66,64.72,1510.0
2019-03-27 11:09:00,64.6493,64.65,64.58,64.65,1613.0
2019-03-27 11:10:00,64.57,64.57,64.57,64.57,200.0
2019-03-27 11:12:00,64.67,64.67,64.67,64.67,128.0
2019-03-27 11:17:00,64.59,64.59,64.58,64.58,200.0
2019-03-27 11:18:00,64.58,64.62,64.58,64.62,225.0
2019-03-27 11:19:00,64.605,64.605,64.605,64.605,100.0
2019-03-27 11:20:00,64.59,64.59,64.59,64.59,100.0
2019-03-27 11:22:00,64.66,64.67,64.66,64.67,862.0
2019-03-27 11:26:00,64.67,64.68,64.67,64.68,818.0
2019-03-27 11:27:00,64.62,64.63,64.59,64.59,824.0
2019-03-27 11:28:00,64.63,64.63,64.63,64.63,181.0
2019-03-27 11:35:00,64.5,64.61,64.49,64.61,1447.0
2019-03-27 11:42:00,64.61,64.63,64.61,64.63,300.0
2019-03-27 11:43:00,64.6,64.6,64.6,64.6,180.0
2019-03-27 11:44:00,64.52,64.52,64.52,64.52,249.0
2019-03-27 11:51:00,64.58,64.67,64.58,64.67,600.0
2019-03-27 11:52:00,64.67,64.67,64.61,64.61,300.0
2019-03-27 11:53:00,64.57,64.57,64.57,64.57,132.0
2019-03-27 12:00:00,64.66,64.66,64.66,64.66,0.0
2019-03-27 12:04:00,64.59,64.59,64.59,64.59,0.0
2019-03-27 12:06:00,64.69,64.82,64.69,64.81,30402.0
2019-03-27 12:07:00,64.81,64.91,64.81,64.81,970.0
2019-03-27 12:09:00,64.79,64.83,64.79,64.83,324.0
2019-03-27 12:11:00,64.76,64.76,64.76,64.76,201.0
2019-03-27 12:14:00,64.79,64.79,64.79,64.79,448.0
2019-03-27 12:17:00,64.83,64.83,64.83,64.83,200.0
2019-03-27 12:20:00,64.81,64.91,64.81,64.9,1000.0
2019-03-27 12:21:00,64.94,64.94,64.935,64.935,400.0
2019-03-27 12:24:00,64.98,64.98,64.93,64.93,330.0
2019-03-27 12:25:00,64.97,64.97,64.97,64.97,145.0
2019-03-27 12:26:00,64.97,64.97,64.93,64.93,200.0
2019-03-27 12:27:00,64.94,64.94,64.94,64.94,100.0
2019-03-27 12:28:00,64.96,65.0,64.96,64.99,4375.0
2019-03-27 12:29:00,64.98,64.98,64.98,64.98,264.0
2019-03-27 12:30:00,64.99,65.0,64.985,65.0,1249.0
2019-03-27 12:31:00,65.0,65.0,64.97,64.98,2411.0
2019-03-27 12:33:00,64.97,64.97,64.95,64.97,600.0
2019-03-27 12:35:00,64.92,64.92,64.92,64.92,103.0
2019-03-27 12:36:00,64.87,64.87,64.87,64.87,100.0
2019-03-27 12:43:00,64.88,64.96,64.88,64.96,803.0
2019-03-27 12:44:00,64.95,64.96,64.92,64.93,900.0
2019-03-27 12:45:00,64.875,64.93,64.875,64.93,200.0
2019-03-27 12:46:00,64.94,64.97,64.87,64.935,1969.0
2019-03-27 12:47:00,64.87,64.87,64.865,64.865,246.0
2019-03-27 12:57:00,64.82,64.82,64.82,64.82,306.0
2019-03-27 12:58:00,64.82,64.85,64.82,64.85,300.0
2019-03-27 13:00:00,64.79,64.79,64.79,64.79,137.0
2019-03-27 13:04:00,64.8,64.8,64.8,64.8,160.0
2019-03-27 13:08:00,64.72,64.72,64.72,64.72,100.0
2019-03-27 13:11:00,64.72,64.72,64.72,64.72,300.0
2019-03-27 13:13:00,64.79,64.79,64.79,64.79,100.0
2019-03-27 13:14:00,64.81,64.84,64.78,64.84,1291.0
2019-03-27 13:15:00,64.965,65.0,64.965,65.0,1370.0
2019-03-27 13:17:00,65.0,65.0,65.0,65.0,600.0
2019-03-27 13:18:00,64.98,64.99,64.97,64.97,800.0
2019-03-27 13:19:00,64.94,64.96,64.94,64.96,827.0
2019-03-27 13:25:00,65.0,65.0,65.0,65.0,590.0
2019-03-27 13:30:00,64.99,64.99,64.99,64.99,100.0
2019-03-27 13:31:00,64.99,64.99,64.99,64.99,100.0
2019-03-27 13:32:00,64.995,64.995,64.995,64.995,100.0
2019-03-27 13:33:00,64.94,64.94,64.94,64.94,200.0
2019-03-27 13:36:00,64.95,64.95,64.95,64.95,100.0
2019-03-27 13:41:00,64.87,64.87,64.87,64.87,100.0
2019-03-27 13:43:00,64.88,65.0,64.87,65.0,1300.0
2019-03-27 13:48:00,64.96,65.02,64.96,65.0,6900.0
2019-03-27 13:49:00,65.04,65.04,65.04,65.04,300.0
2019-03-27 13:50:00,65.0,65.04,65.0,65.04,1520.0
2019-03-27 13:51:00,65.07,65.07,65.0,65.0,400.0
2019-03-27 13:56:00,65.01,65.02,64.97,65.0,735.0
2019-03-27 13:57:00,64.96,64.99,64.96,64.99,559.0
2019-03-27 14:03:00,65.0,65.0,65.0,65.0,146.0
2019-03-27 14:12:00,64.93,65.0,64.93,65.0,2883.0
2019-03-27 14:13:00,64.99,64.99,64.99,64.99,300.0
2019-03-27 14:14:00,65.0,65.0,65.0,65.0,200.0
2019-03-27 14:15:00,65.0,65.0,65.0,65.0,100.0
2019-03-27 14:16:00,65.0,65.0,65.0,65.0,581.0
2019-03-27 14:17:00,65.0,65.0,65.0,65.0,1143.0
2019-03-27 14:18:00,65.0,65.1,65.0,65.1,1959.0
2019-03-27 14:19:00,65.04,65.04,65.04,65.04,120.0
2019-03-27 14:20:00,65.07,65.07,65.07,65.07,100.0
2019-03-27 14:21:00,65.04,65.04,65.04,65.04,1300.0
2019-03-27 14:22:00,65.0,65.0,65.0,65.0,400.0
2019-03-27 14:25:00,65.03,65.03,65.03,65.03,587.0
2019-03-27 14:26:00,65.06,65.06,65.06,65.06,200.0
2019-03-27 14:28:00,65.06,65.07,65.06,65.07,200.0
2019-03-27 14:32:00,65.08,65.08,65.08,65.08,202.0
2019-03-27 14:41:00,65.11,65.12,65.11,65.12,563.0
2019-03-27 14:44:00,65.2,65.2,65.2,65.2,441.0
2019-03-27 14:47:00,65.189,65.189,65.189,65.189,100.0
2019-03-27 14:54:00,65.09,65.09,65.09,65.09,213.0
2019-03-27 14:55:00,65.14,65.15,65.14,65.15,260.0
2019-03-27 14:56:00,65.09,65.09,65.09,65.09,390.0
2019-03-27 15:01:00,65.04,65.04,65.04,65.04,297.0
2019-03-27 15:02:00,65.06,65.06,65.06,65.06,100.0
2019-03-27 15:06:00,65.05,65.05,65.05,65.05,100.0
2019-03-27 15:07:00,65.1,65.12,65.1,65.12,400.0
2019-03-27 15:11:00,65.09,65.09,65.09,65.09,301.0
2019-03-27 15:13:00,65.18,65.18,65.18,65.18,327.0
2019-03-27 15:17:00,65.19,65.19,65.19,65.19,120.0
2019-03-27 15:18:00,65.23,65.23,65.23,65.23,104.0
2019-03-27 15:23:00,65.23,65.24,65.19,65.19,459.0
2019-03-27 15:24:00,65.25,65.31,65.25,65.31,611.0
2019-03-27 15:25:00,65.32,65.32,65.32,65.32,100.0
2019-03-27 15:26:00,65.28,65.28,65.28,65.28,101.0
2019-03-27 15:28:00,65.29,65.29,65.27,65.29,754.0
2019-03-27 15:31:00,65.38,65.39,65.38,65.39,524.0
2019-03-27 15:32:00,65.46,65.48,65.46,65.48,400.0
2019-03-27 15:33:00,65.45,65.45,65.45,65.45,300.0
2019-03-27 15:38:00,65.46,65.5,65.46,65.5,1153.0
2019-03-27 15:41:00,65.54,65.55,65.54,65.55,225.0
2019-03-27 15:42:00,65.57,65.57,65.54,65.54,208.0
2019-03-27 15:43:00,65.535,65.535,65.535,65.535,210.0
2019-03-27 15:44:00,65.53,65.53,65.53,65.53,102.0
2019-03-27 15:45:00,65.53,65.55,65.53,65.55,434.0
2019-03-27 15:46:00,65.555,65.555,65.555,65.555,400.0
2019-03-27 15:47:00,65.53,65.54,65.53,65.54,400.0
2019-03-27 15:48:00,65.55,65.55,65.55,65.55,100.0
2019-03-27 15:49:00,65.55,65.55,65.55,65.55,100.0
2019-03-27 15:50:00,65.55,65.63,65.55,65.63,1284.0
2019-03-27 15:53:00,65.62,65.65,65.62,65.64,733.0
2019-03-27 15:54:00,65.61,65.615,65.61,65.615,414.0
2019-03-27 15:55:00,65.66,65.68,65.63,65.63,598.0
2019-03-27 15:56:00,65.61,65.64,65.61,65.615,300.0
2019-03-27 15:57:00,65.615,65.64,65.59,65.64,743.0
2019-03-27 15:58:00,65.65,65.65,65.65,65.65,1318.0
2019-03-27 15:59:00,65.61,65.64,65.52,65.54,5698.0
2019-03-27 16:00:00,65.51,65.56,65.5,65.56,2734.0
2019-03-28 09:31:00,65.68,65.68,65.68,65.68,142.0
2019-03-28 09:35:00,65.8,65.81,65.8,65.81,300.0
2019-03-28 09:43:00,65.93,65.93,65.93,65.93,100.0
2019-03-28 09:56:00,66.0,66.0,65.96,65.97,3852.0
2019-03-28 09:57:00,66.0,66.0,66.0,66.0,2076.0
2019-03-28 10:01:00,66.18,66.18,66.18,66.18,334.0
2019-03-28 10:05:00,66.25,66.25,66.25,66.25,496.0
2019-03-28 10:06:00,66.25,66.25,66.25,66.25,1002.0
2019-03-28 10:08:00,66.25,66.25,66.25,66.25,146.0
2019-03-28 10:09:00,66.25,66.25,66.25,66.25,165.0
2019-03-28 10:10:00,66.25,66.25,66.2464,66.2464,258.0
2019-03-28 10:13:00,66.25,66.25,66.25,66.25,811.0
2019-03-28 10:14:00,66.245,66.25,66.19,66.19,2962.0
2019-03-28 10:18:00,66.1878,66.21,66.1878,66.21,423.0
2019-03-28 10:21:00,66.19,66.19,66.18,66.18,519.0
2019-03-28 10:23:00,66.24,66.25,66.24,66.25,1280.0
2019-03-28 10:29:00,66.36,66.36,66.36,66.36,100.0
2019-03-28 10:31:00,66.29,66.29,66.29,66.29,224.0
2019-03-28 10:32:00,66.25,66.25,66.25,66.25,100.0
2019-03-28 10:36:00,66.32,66.32,66.32,66.32,100.0
2019-03-28 10:37:00,66.251,66.251,66.24,66.24,1420.0
2019-03-28 10:38:00,66.25,66.25,66.25,66.25,1107.0
2019-03-28 10:39:00,66.18,66.18,66.18,66.18,215.0
2019-03-28 10:59:00,66.04,66.04,66.04,66.04,100.0
2019-03-28 11:02:00,65.89,65.9,65.89,65.9,922.0
2019-03-28 11:03:00,66.05,66.05,66.05,66.05,194.0
2019-03-28 11:05:00,66.06,66.06,66.06,66.06,100.0
2019-03-28 11:06:00,65.96,66.0,65.935,66.0,700.0
2019-03-28 11:07:00,66.01,66.01,66.0,66.0,205.0
2019-03-28 11:12:00,66.01,66.04,66.01,66.04,300.0
2019-03-28 11:14:00,66.03,66.03,66.03,66.03,207.0
2019-03-28 11:15:00,65.95,65.95,65.95,65.95,100.0
2019-03-28 11:16:00,65.91,65.91,65.91,65.91,100.0
2019-03-28 11:17:00,65.95,65.95,65.95,65.95,100.0
2019-03-28 11:18:00,65.95,65.95,65.95,65.95,116.0
2019-03-28 11:25:00,65.9,65.9,65.9,65.9,444.0
2019-03-28 11:28:00,65.94,65.94,65.9,65.9,200.0
2019-03-28 11:40:00,65.94,65.94,65.94,65.94,131.0
2019-03-28 11:41:00,65.87,65.87,65.87,65.87,349.0
2019-03-28 11:42:00,65.79,65.855,65.79,65.855,400.0
2019-03-28 11:43:00,65.855,65.855,65.855,65.855,166.0
2019-03-28 11:48:00,65.92,66.02,65.91,65.91,431.0
2019-03-28 11:50:00,65.96,65.96,65.96,65.96,117.0
2019-03-28 12:01:00,66.0,66.0,66.0,66.0,200.0
2019-03-28 12:04:00,66.135,66.135,66.135,66.135,100.0
2019-03-28 12:05:00,66.165,66.165,66.165,66.165,100.0
2019-03-28 12:06:00,66.12,66.17,66.12,66.17,692.0
2019-03-28 12:10:00,66.14,66.14,66.14,66.14,262.0
2019-03-28 12:13:00,66.14,66.2,66.135,66.2,1800.0
2019-03-28 12:25:00,66.17,66.17,66.17,66.17,100.0
2019-03-28 12:26:00,66.105,66.105,66.105,66.105,232.0
2019-03-28 12:37:00,66.105,66.105,66.105,66.105,111.0
2019-03-28 12:46:00,66.05,66.105,66.04,66.105,447.0
2019-03-28 12:48:00,66.04,66.04,66.04,66.04,204.0
2019-03-28 12:52:00,66.045,66.045,66.045,66.045,240.0
2019-03-28 12:56:00,66.02,66.1,66.02,66.1,300.0
2019-03-28 13:01:00,66.1,66.125,66.07,66.07,770.0
2019-03-28 13:02:00,66.14,66.19,66.14,66.19,514.0
2019-03-28 13:08:00,66.18,66.2,66.18,66.2,836.0
2019-03-28 13:09:00,66.12,66.155,66.12,66.155,300.0
2019-03-28 13:14:00,66.16,66.2,66.16,66.2,600.0
2019-03-28 13:15:00,66.19,66.19,66.19,66.19,100.0
2019-03-28 13:23:00,66.11,66.11,66.11,66.11,100.0
2019-03-28 13:28:00,66.095,66.095,66.095,66.095,100.0
2019-03-28 13:30:00,66.09,66.13,66.09,66.13,400.0
2019-03-28 13:33:00,66.17,66.17,66.17,66.17,300.0
2019-03-28 13:36:00,66.15,66.15,66.15,66.15,100.0
2019-03-28 13:51:00,66.075,66.075,66.075,66.075,100.0
2019-03-28 13:53:00,66.12,66.12,66.12,66.12,100.0
2019-03-28 13:54:00,66.12,66.12,66.12,66.12,435.0
2019-03-28 13:55:00,66.21,66.21,66.21,66.21,101.0
2019-03-28 13:59:00,66.19,66.19,66.19,66.19,100.0
2019-03-28 14:01:00,66.21,66.25,66.21,66.25,400.0
2019-03-28 14:09:00,66.11,66.145,66.1,66.13,774.0
2019-03-28 14:12:00,66.09,66.09,66.09,66.09,200.0
2019-03-28 14:18:00,66.14,66.14,66.14,66.14,150.0
2019-03-28 14:25:00,66.11,66.11,66.11,66.11,106.0
2019-03-28 14:32:00,66.065,66.065,66.065,66.065,100.0
2019-03-28 14:35:00,66.03,66.03,66.03,66.03,114.0
2019-03-28 14:38:00,66.06,66.09,66.06,66.09,407.0
2019-03-28 14:39:00,66.08,66.09,66.08,66.09,200.0
2019-03-28 14:49:00,66.06,66.09,66.06,66.09,246.0
2019-03-28 14:50:00,66.03,66.1,66.03,66.1,2621.0
2019-03-28 14:51:00,66.1,66.1,66.1,66.1,100.0
2019-03-28 14:52:00,66.096,66.15,66.096,66.15,1964.0
2019-03-28 14:53:00,66.15,66.17,66.15,66.17,800.0
2019-03-28 14:54:00,66.12,66.14,66.12,66.14,305.0
2019-03-28 14:58:00,66.15,66.15,66.15,66.15,138.0
2019-03-28 14:59:00,66.15,66.15,66.15,66.15,721.0
2019-03-28 15:00:00,66.15,66.2,66.13,66.2,983.0
2019-03-28 15:01:00,66.17,66.17,66.17,66.17,100.0
2019-03-28 15:02:00,66.17,66.21,66.17,66.1825,465.0
2019-03-28 15:04:00,66.17,66.17,66.13,66.13,967.0
2019-03-28 15:05:00,66.12,66.145,66.12,66.145,200.0
2019-03-28 15:08:00,66.13,66.13,66.13,66.13,100.0
2019-03-28 15:15:00,66.14,66.15,66.14,66.15,300.0
2019-03-28 15:18:00,66.13,66.13,66.07,66.07,311.0
2019-03-28 15:19:00,66.105,66.105,66.105,66.105,100.0
2019-03-28 15:20:00,66.07,66.07,66.07,66.07,101.0
2019-03-28 15:22:00,66.14,66.14,66.08,66.14,1215.0
2019-03-28 15:23:00,66.08,66.08,66.08,66.08,602.0
2019-03-28 15:26:00,66.07,66.12,66.07,66.12,373.0
2019-03-28 15:28:00,66.09,66.095,66.0501,66.074,1100.0
2019-03-28 15:29:00,66.13,66.13,66.13,66.13,100.0
2019-03-28 15:31:00,66.11,66.1217,66.1,66.1,2101.0
2019-03-28 15:32:00,66.1,66.15,66.1,66.15,967.0
2019-03-28 15:33:00,66.15,66.21,66.15,66.21,1388.0
2019-03-28 15:35:00,66.25,66.25,66.25,66.25,204.0
2019-03-28 15:36:00,66.25,66.25,66.25,66.25,101.0
2019-03-28 15:37:00,66.25,66.25,66.25,66.25,1280.0
2019-03-28 15:38:00,66.24,66.24,66.22,66.22,596.0
2019-03-28 15:41:00,66.18,66.18,66.18,66.18,184.0
2019-03-28 15:44:00,66.15,66.15,66.15,66.15,104.0
2019-03-28 15:46:00,66.18,66.2,66.18,66.2,425.0
2019-03-28 15:49:00,66.16,66.16,66.16,66.16,202.0
2019-03-28 15:50:00,66.15,66.18,66.15,66.15,1198.0
2019-03-28 15:51:00,66.15,66.15,66.145,66.15,638.0
2019-03-28 15:52:00,66.175,66.18,66.175,66.18,356.0
2019-03-28 15:55:00,66.125,66.125,66.1,66.1,300.0
2019-03-28 15:56:00,66.15,66.15,66.15,66.15,633.0
2019-03-28 15:57:00,66.15,66.15,66.15,66.15,271.0
2019-03-28 15:58:00,66.13,66.15,66.11,66.15,573.0
2019-03-28 15:59:00,66.15,66.16,66.09,66.09,2190.0
2019-03-28 16:00:00,66.08,66.1218,66.02,66.02,5320.0
2019-03-29 09:33:00,66.83,66.83,66.83,66.83,249.0
2019-03-29 09:41:00,66.05,66.8,66.05,66.8,700.0
2019-03-29 09:42:00,66.66,66.66,66.57,66.57,1073.0
2019-03-29 09:47:00,66.38,66.38,66.38,66.38,840.0
2019-03-29 09:49:00,66.38,66.38,66.38,66.38,300.0
2019-03-29 09:52:00,66.34,66.34,66.34,66.34,345.0
2019-03-29 09:57:00,66.25,66.25,66.25,66.25,1789.0
2019-03-29 10:00:00,66.42,66.42,66.25,66.25,788.0
2019-03-29 10:07:00,66.49,66.49,66.49,66.49,100.0
2019-03-29 10:08:00,66.4302,66.4302,66.4302,66.4302,160.0
2019-03-29 10:10:00,66.5,66.5,66.5,66.5,180.0
2019-03-29 10:14:00,66.5,66.5,66.5,66.5,1542.0
2019-03-29 10:24:00,66.416,66.416,66.416,66.416,279.0
2019-03-29 10:27:00,66.5,66.5,66.5,66.5,756.0
2019-03-29 10:28:00,66.5,66.5,66.5,66.5,1275.0
2019-03-29 10:40:00,66.4,66.4,66.4,66.4,141.0
2019-03-29 10:46:00,66.2,66.2,66.2,66.2,1349.0
2019-03-29 10:47:00,66.25,66.25,66.25,66.25,1637.0
2019-03-29 10:49:00,66.25,66.25,66.25,66.25,1234.0
2019-03-29 10:52:00,66.21,66.21,66.21,66.21,100.0
2019-03-29 10:53:00,66.21,66.21,66.2,66.2,517.0
2019-03-29 11:01:00,66.25,66.25,66.25,66.25,885.0
2019-03-29 11:03:00,66.36,66.36,66.36,66.36,509.0
2019-03-29 11:06:00,66.29,66.29,66.29,66.29,250.0
2019-03-29 11:12:00,66.4,66.4,66.4,66.4,370.0
2019-03-29 11:13:00,66.4,66.4,66.39,66.39,500.0
2019-03-29 11:14:00,66.33,66.33,66.33,66.33,763.0
2019-03-29 11:16:00,66.4,66.4,66.4,66.4,300.0
2019-03-29 11:17:00,66.4,66.4,66.4,66.4,400.0
2019-03-29 11:18:00,66.4,66.4,66.4,66.4,1131.0
2019-03-29 11:21:00,66.35,66.35,66.35,66.35,200.0
2019-03-29 11:23:00,66.3,66.3,66.3,66.3,100.0
2019-03-29 11:30:00,66.39,66.39,66.39,66.39,100.0
2019-03-29 11:31:00,66.4,66.4,66.4,66.4,500.0
2019-03-29 11:38:00,66.38,66.38,66.38,66.38,100.0
2019-03-29 11:39:00,66.355,66.355,66.355,66.355,400.0
2019-03-29 11:40:00,66.39,66.4,66.35,66.35,512.0
2019-03-29 11:42:00,66.39,66.39,66.39,66.39,612.0
2019-03-29 11:44:00,66.36,66.36,66.36,66.36,100.0
2019-03-29 11:45:00,66.34,66.34,66.34,66.34,240.0
2019-03-29 11:46:00,66.36,66.36,66.36,66.36,368.0
2019-03-29 11:47:00,66.31,66.31,66.31,66.31,100.0
2019-03-29 11:51:00,66.37,66.37,66.37,66.37,127.0
2019-03-29 11:54:00,66.37,66.37,66.37,66.37,108.0
2019-03-29 11:58:00,66.4,66.4,66.4,66.4,100.0
2019-03-29 12:00:00,66.4,66.4,66.4,66.4,259.0
2019-03-29 12:03:00,66.34,66.34,66.34,66.34,210.0
2019-03-29 12:08:00,66.26,66.26,66.26,66.26,317.0
2019-03-29 12:19:00,66.37,66.37,66.37,66.37,101.0
2019-03-29 12:22:00,66.4,66.4,66.4,66.4,553.0
2019-03-29 12:23:00,66.4,66.4,66.4,66.4,654.0
2019-03-29 12:25:00,66.4,66.4,66.4,66.4,383.0
2019-03-29 12:37:00,66.48,66.48,66.48,66.48,300.0
2019-03-29 12:40:00,66.5,66.5,66.5,66.5,300.0
2019-03-29 12:42:00,66.5,66.5,66.5,66.5,410.0
2019-03-29 12:44:00,66.5,66.5,66.5,66.5,390.0
2019-03-29 12:45:00,66.55,66.55,66.55,66.55,490.0
2019-03-29 12:47:00,66.58,66.58,66.58,66.58,102.0
2019-03-29 12:53:00,66.55,66.58,66.55,66.58,600.0
2019-03-29 12:55:00,66.62,66.62,66.62,66.62,300.0
2019-03-29 12:57:00,66.62,66.62,66.62,66.62,464.0
2019-03-29 13:00:00,66.62,66.62,66.62,66.62,100.0
2019-03-29 13:02:00,66.62,66.62,66.62,66.62,336.0
2019-03-29 13:20:00,66.67,66.67,66.67,66.67,100.0
2019-03-29 13:21:00,66.73,66.73,66.73,66.73,200.0
2019-03-29 13:22:00,66.75,66.75,66.75,66.75,2200.0
2019-03-29 13:24:00,66.74,66.74,66.74,66.74,347.0
2019-03-29 13:25:00,66.74,66.74,66.74,66.74,202.0
2019-03-29 13:26:00,66.75,66.75,66.75,66.75,100.0
2019-03-29 13:27:00,66.74,66.74,66.74,66.74,100.0
2019-03-29 13:28:00,66.75,66.75,66.75,66.75,302.0
2019-03-29 13:32:00,66.75,66.75,66.75,66.75,100.0
2019-03-29 13:34:00,66.75,66.75,66.75,66.75,100.0
2019-03-29 13:35:00,66.7216,66.7216,66.7216,66.7216,125.0
2019-03-29 13:41:00,66.75,66.75,66.75,66.75,200.0
2019-03-29 13:42:00,66.75,66.75,66.75,66.75,430.0
2019-03-29 13:44:00,66.75,66.75,66.75,66.75,1100.0
2019-03-29 13:45:00,66.72,66.72,66.72,66.72,111.0
2019-03-29 13:48:00,66.71,66.71,66.71,66.71,1245.0
2019-03-29 13:53:00,66.64,66.64,66.64,66.64,200.0
2019-03-29 14:00:00,66.57,66.57,66.57,66.57,100.0
2019-03-29 14:03:00,66.59,66.59,66.59,66.59,305.0
2019-03-29 14:10:00,66.75,66.75,66.75,66.75,533.0
2019-03-29 14:11:00,66.73,66.73,66.73,66.73,200.0
2019-03-29 14:12:00,66.75,66.75,66.75,66.75,300.0
2019-03-29 14:13:00,66.75,66.75,66.75,66.75,1941.0
2019-03-29 14:14:00,66.81,66.81,66.81,66.81,100.0
2019-03-29 14:17:00,66.8,66.8,66.8,66.8,400.0
2019-03-29 14:19:00,66.79,66.79,66.65,66.685,2355.0
2019-03-29 14:28:00,66.74,66.74,66.74,66.74,117.0
2019-03-29 14:29:00,66.79,66.79,66.79,66.79,101.0
2019-03-29 14:43:00,66.77,66.77,66.77,66.77,246.0
2019-03-29 14:45:00,66.69,66.69,66.69,66.69,102.0
2019-03-29 14:46:00,66.68,66.68,66.68,66.68,400.0
2019-03-29 14:47:00,66.68,66.68,66.68,66.68,1000.0
2019-03-29 14:48:00,66.68,66.68,66.68,66.68,300.0
2019-03-29 14:49:00,66.63,66.64,66.605,66.64,3002.0
2019-03-29 14:50:00,66.6,66.6,66.6,66.6,100.0
2019-03-29 14:51:00,66.6,66.6,66.6,66.6,200.0
2019-03-29 14:53:00,66.61,66.61,66.61,66.61,425.0
2019-03-29 15:00:00,66.6,66.6,66.6,66.6,400.0
2019-03-29 15:02:00,66.65,66.65,66.65,66.65,688.0
2019-03-29 15:03:00,66.57,66.57,66.57,66.57,700.0
2019-03-29 15:05:00,66.52,66.52,66.5,66.52,1612.0
2019-03-29 15:07:00,66.55,66.55,66.55,66.55,500.0
2019-03-29 15:08:00,66.55,66.565,66.55,66.55,600.0
2019-03-29 15:09:00,66.575,66.575,66.565,66.565,1014.0
2019-03-29 15:15:00,66.64,66.64,66.64,66.64,107.0
2019-03-29 15:17:00,66.6,66.6,66.6,66.6,338.0
2019-03-29 15:24:00,66.68,66.68,66.68,66.68,100.0
2019-03-29 15:28:00,66.68,66.68,66.68,66.68,100.0
2019-03-29 15:30:00,66.69,66.69,66.69,66.69,200.0
2019-03-29 15:31:00,66.61,66.61,66.61,66.61,538.0
2019-03-29 15:32:00,66.57,66.63,66.57,66.63,2674.0
2019-03-29 15:33:00,66.63,66.63,66.63,66.63,2170.0
2019-03-29 15:34:00,66.64,66.64,66.64,66.64,302.0
2019-03-29 15:36:00,66.67,66.67,66.67,66.67,256.0
2019-03-29 15:41:00,66.82,66.82,66.82,66.82,100.0
2019-03-29 15:43:00,66.87,66.87,66.87,66.87,803.0
2019-03-29 15:45:00,66.82,66.82,66.82,66.82,100.0
2019-03-29 15:49:00,66.82,66.82,66.82,66.82,498.0
2019-03-29 15:50:00,66.82,66.84,66.82,66.84,958.0
2019-03-29 15:54:00,66.85,66.85,66.85,66.85,100.0
2019-03-29 15:55:00,66.82,66.82,66.82,66.82,713.0
2019-03-29 15:56:00,66.88,66.88,66.88,66.88,666.0
2019-03-29 15:58:00,66.84,66.84,66.84,66.84,100.0
2019-03-29 15:59:00,66.89,66.89,66.86,66.86,979.0
2019-04-01 09:37:00,68.15,68.15,68.15,68.15,832.0
2019-04-01 09:40:00,68.03,68.03,68.03,68.03,100.0
2019-04-01 09:41:00,68.21,68.21,68.21,68.21,142.0
2019-04-01 09:43:00,67.89,67.89,67.89,67.89,1224.0
2019-04-01 09:45:00,67.85,67.85,67.85,67.85,203.0
2019-04-01 09:49:00,68.06,68.06,68.06,68.06,313.0
2019-04-01 09:55:00,68.08,68.08,68.08,68.08,380.0
2019-04-01 10:00:00,67.9,67.9,67.9,67.9,557.0
2019-04-01 10:01:00,68.02,68.02,67.8958,67.8958,3879.0
2019-04-01 10:06:00,68.14,68.14,68.14,68.14,178.0
2019-04-01 10:10:00,68.08,68.08,68.08,68.08,456.0
2019-04-01 10:22:00,68.23,68.23,68.23,68.23,100.0
2019-04-01 10:24:00,68.23,68.23,68.23,68.23,300.0
2019-04-01 10:26:00,68.28,68.3,68.28,68.3,613.0
2019-04-01 10:30:00,68.29,68.29,68.29,68.29,602.0
2019-04-01 10:44:00,68.1,68.1,68.1,68.1,118.0
2019-04-01 10:47:00,67.991,67.991,67.991,67.991,1077.0
2019-04-01 10:49:00,68.15,68.15,68.15,68.15,717.0
2019-04-01 10:50:00,68.2,68.2,68.2,68.2,904.0
2019-04-01 10:51:00,68.16,68.2,68.16,68.2,4369.0
2019-04-01 10:52:00,68.09,68.13,68.09,68.13,3514.0
2019-04-01 10:54:00,68.12,68.12,68.01,68.01,4280.0
2019-04-01 10:55:00,68.16,68.16,68.16,68.16,310.0
2019-04-01 10:58:00,68.1,68.1,68.1,68.1,273.0
2019-04-01 11:01:00,68.23,68.23,68.14,68.14,1433.0
2019-04-01 11:04:00,68.24,68.24,68.24,68.24,603.0
2019-04-01 11:14:00,68.19,68.19,68.19,68.19,385.0
2019-04-01 11:20:00,68.31,68.31,68.31,68.31,628.0
2019-04-01 11:22:00,68.27,68.27,68.27,68.27,150.0
2019-04-01 11:27:00,68.3,68.3,68.3,68.3,362.0
2019-04-01 11:30:00,68.33,68.34,68.33,68.34,265.0
2019-04-01 11:35:00,68.24,68.24,68.24,68.24,175.0
2019-04-01 11:37:00,68.35,68.35,68.35,68.35,565.0
2019-04-01 11:43:00,68.29,68.29,68.29,68.29,200.0
2019-04-01 11:50:00,68.26,68.26,68.26,68.26,1074.0
2019-04-01 11:57:00,68.33,68.33,68.33,68.33,192.0
2019-04-01 12:14:00,68.32,68.32,68.32,68.32,103.0
2019-04-01 12:17:00,68.27,68.27,68.27,68.27,329.0
2019-04-01 12:18:00,68.24,68.24,68.24,68.24,100.0
2019-04-01 12:25:00,68.41,68.41,68.41,68.41,720.0
2019-04-01 12:28:00,68.44,68.44,68.44,68.44,200.0
2019-04-01 12:38:00,68.39,68.39,68.39,68.39,406.0
2019-04-01 12:41:00,68.25,68.25,68.25,68.25,144.0
2019-04-01 12:52:00,68.28,68.28,68.28,68.28,221.0
2019-04-01 13:00:00,68.3,68.3,68.3,68.3,341.0
2019-04-01 13:06:00,68.29,68.29,68.29,68.29,624.0
2019-04-01 13:09:00,68.2862,68.2862,68.2862,68.2862,166.0
2019-04-01 13:17:00,68.32,68.32,68.32,68.32,100.0
2019-04-01 13:26:00,68.19,68.19,68.19,68.19,2441.0
2019-04-01 13:28:00,68.14,68.14,68.14,68.14,310.0
2019-04-01 13:29:00,68.17,68.17,68.17,68.17,120.0
2019-04-01 13:30:00,68.2,68.2,68.2,68.2,100.0
2019-04-01 13:33:00,68.2,68.2,68.2,68.2,110.0
2019-04-01 13:39:00,68.2,68.2,68.2,68.2,100.0
2019-04-01 13:44:00,68.22,68.22,68.22,68.22,472.0
2019-04-01 13:54:00,68.28,68.28,68.28,68.28,418.0
2019-04-01 14:11:00,68.3,68.3,68.3,68.3,610.0
2019-04-01 14:20:00,68.34,68.34,68.34,68.34,100.0
2019-04-01 14:23:00,68.39,68.39,68.39,68.39,108.0
2019-04-01 14:30:00,68.42,68.42,68.42,68.42,100.0
2019-04-01 14:32:00,68.44,68.44,68.44,68.44,100.0
2019-04-01 14:34:00,68.43,68.43,68.43,68.43,123.0
2019-04-01 14:48:00,68.16,68.16,68.16,68.16,223.0
2019-04-01 14:56:00,68.15,68.15,68.15,68.15,233.0
2019-04-01 14:58:00,68.17,68.17,68.17,68.17,374.0
2019-04-01 15:01:00,68.19,68.19,68.19,68.19,1000.0
2019-04-01 15:03:00,68.22,68.22,68.22,68.22,100.0
2019-04-01 15:07:00,68.23,68.27,68.23,68.27,302.0
2019-04-01 15:09:00,68.25,68.25,68.25,68.25,100.0
2019-04-01 15:10:00,68.2,68.2,68.2,68.2,597.0
2019-04-01 15:12:00,68.26,68.26,68.26,68.26,120.0
2019-04-01 15:14:00,68.23,68.23,68.23,68.23,202.0
2019-04-01 15:15:00,68.195,68.195,68.195,68.195,203.0
2019-04-01 15:16:00,68.17,68.17,68.17,68.17,268.0
2019-04-01 15:18:00,68.185,68.185,68.185,68.185,201.0
2019-04-01 15:20:00,68.24,68.24,68.24,68.24,826.0
2019-04-01 15:21:00,68.23,68.23,68.23,68.23,200.0
2019-04-01 15:24:00,68.29,68.29,68.29,68.29,408.0
2019-04-01 15:26:00,68.31,68.32,68.31,68.32,855.0
2019-04-01 15:28:00,68.37,68.37,68.37,68.37,100.0
2019-04-01 15:30:00,68.33,68.33,68.33,68.33,200.0
2019-04-01 15:32:00,68.35,68.35,68.35,68.35,120.0
2019-04-01 15:34:00,68.39,68.39,68.39,68.39,180.0
2019-04-01 15:35:00,68.4,68.4,68.4,68.4,100.0
2019-04-01 15:38:00,68.37,68.37,68.37,68.37,244.0
2019-04-01 15:39:00,68.37,68.37,68.37,68.37,433.0
2019-04-01 15:40:00,68.36,68.36,68.36,68.36,374.0
2019-04-01 15:42:00,68.395,68.395,68.395,68.395,200.0
2019-04-01 15:43:00,68.41,68.41,68.41,68.41,376.0
2019-04-01 15:44:00,68.355,68.355,68.355,68.355,370.0
2019-04-01 15:47:00,68.42,68.42,68.42,68.42,390.0
2019-04-01 15:49:00,68.41,68.41,68.38,68.41,2295.0
2019-04-01 15:51:00,68.39,68.39,68.39,68.39,107.0
2019-04-01 15:52:00,68.39,68.39,68.39,68.39,654.0
2019-04-01 15:53:00,68.45,68.45,68.45,68.45,320.0
2019-04-01 15:54:00,68.45,68.45,68.45,68.45,218.0
2019-04-01 15:55:00,68.45,68.45,68.45,68.45,1136.0
2019-04-01 15:56:00,68.49,68.49,68.49,68.49,856.0
2019-04-01 15:57:00,68.53,68.53,68.53,68.53,939.0
2019-04-01 15:58:00,68.505,68.505,68.505,68.505,677.0
2019-04-01 16:00:00,68.49,68.51,68.49,68.51,2709.0
2019-04-02 09:31:00,68.86,68.86,68.8,68.86,0.0
2019-04-02 09:32:00,68.9,68.92,68.9,68.92,610.0
2019-04-02 09:36:00,68.71,68.71,68.29,68.36,700.0
2019-04-02 09:37:00,68.13,68.13,68.03,68.08,611.0
2019-04-02 09:39:00,68.01,68.01,68.005,68.005,446.0
2019-04-02 09:41:00,67.98,67.98,67.98,67.98,0.0
2019-04-02 09:46:00,68.07,68.07,68.07,68.07,3581.0
2019-04-02 09:47:00,68.07,68.07,68.07,68.07,100.0
2019-04-02 09:48:00,68.08,68.08,68.08,68.08,100.0
2019-04-02 09:49:00,68.08,68.08,68.08,68.08,100.0
2019-04-02 09:50:00,67.9,67.91,67.89,67.91,700.0
2019-04-02 09:54:00,68.09,68.09,68.09,68.09,100.0
2019-04-02 09:55:00,68.01,68.01,68.01,68.01,100.0
2019-04-02 09:57:00,68.02,68.02,68.02,68.02,100.0
2019-04-02 10:04:00,67.75,67.75,67.75,67.75,286.0
2019-04-02 10:12:00,67.92,67.93,67.92,67.92,1696.0
2019-04-02 10:13:00,67.78,67.86,67.78,67.86,1100.0
2019-04-02 10:16:00,67.78,67.78,67.78,67.78,110.0
2019-04-02 10:22:00,67.7,67.7,67.69,67.69,325.0
2019-04-02 10:23:00,67.54,67.54,67.54,67.54,333.0
2019-04-02 10:34:00,67.65,67.65,67.57,67.57,436.0
2019-04-02 10:35:00,67.55,67.66,67.5,67.66,511.0
2019-04-02 10:37:00,67.57,67.57,67.57,67.57,112.0
2019-04-02 10:41:00,67.57,67.57,67.57,67.57,189.0
2019-04-02 10:57:00,67.68,67.68,67.68,67.68,414.0
2019-04-02 11:02:00,67.418,67.418,67.418,67.418,102.0
2019-04-02 11:06:00,67.36,67.36,67.36,67.36,111.0
2019-04-02 11:10:00,67.35,67.35,67.35,67.35,304.0
2019-04-02 11:13:00,67.28,67.32,67.28,67.32,201.0
2019-04-02 11:15:00,67.32,67.32,67.23,67.29,1843.0
2019-04-02 11:18:00,67.35,67.38,67.35,67.36,1225.0
2019-04-02 11:19:00,67.48,67.48,67.48,67.48,101.0
2019-04-02 11:23:00,67.5,67.67,67.5,67.67,973.0
2019-04-02 11:29:00,67.64,67.64,67.64,67.64,658.0
2019-04-02 11:30:00,67.53,67.6,67.52,67.6,420.0
2019-04-02 11:31:00,67.57,67.57,67.53,67.53,446.0
2019-04-02 11:39:00,67.4,67.4,67.4,67.4,204.0
2019-04-02 11:46:00,67.49,67.53,67.49,67.53,412.0
2019-04-02 11:47:00,67.56,67.67,67.56,67.67,265.0
2019-04-02 11:52:00,67.66,67.78,67.66,67.77,1102.0
2019-04-02 11:59:00,67.8,67.8,67.8,67.8,222.0
2019-04-02 12:00:00,67.75,67.75,67.75,67.75,228.0
2019-04-02 12:04:00,67.76,67.76,67.76,67.76,117.0
2019-04-02 12:09:00,67.786,67.786,67.75,67.75,535.0
2019-04-02 12:10:00,67.65,67.65,67.65,67.65,258.0
2019-04-02 12:11:00,67.59,67.59,67.5,67.5,220.0
2019-04-02 12:12:00,67.65,67.65,67.65,67.65,451.0
2019-04-02 12:18:00,67.65,67.7,67.65,67.7,822.0
2019-04-02 12:27:00,67.61,67.61,67.61,67.61,253.0
2019-04-02 12:35:00,67.54,67.54,67.54,67.54,790.0
2019-04-02 12:47:00,67.43,67.43,67.43,67.43,133.0
2019-04-02 12:51:00,67.43,67.43,67.43,67.43,122.0
2019-04-02 12:54:00,67.44,67.44,67.44,67.44,384.0
2019-04-02 12:55:00,67.42,67.48,67.42,67.48,410.0
2019-04-02 12:56:00,67.44,67.44,67.44,67.44,101.0
2019-04-02 12:57:00,67.38,67.38,67.38,67.38,457.0
2019-04-02 13:04:00,67.46,67.46,67.46,67.46,481.0
2019-04-02 13:09:00,67.48,67.48,67.47,67.47,673.0
2019-04-02 13:10:00,67.47,67.47,67.46,67.46,306.0
2019-04-02 13:18:00,67.44,67.44,67.44,67.44,429.0
2019-04-02 13:24:00,67.4,67.4,67.4,67.4,110.0
2019-04-02 13:27:00,67.33,67.33,67.33,67.33,343.0
2019-04-02 13:36:00,67.41,67.42,67.41,67.42,743.0
2019-04-02 13:40:00,67.46,67.46,67.46,67.46,671.0
2019-04-02 14:02:00,67.26,67.27,67.25,67.27,1296.0
2019-04-02 14:04:00,67.27,67.27,67.27,67.27,140.0
2019-04-02 14:08:00,67.32,67.32,67.32,67.32,320.0
2019-04-02 14:14:00,67.29,67.34,67.29,67.34,1039.0
2019-04-02 14:32:00,67.42,67.42,67.42,67.42,313.0
2019-04-02 14:52:00,67.49,67.5,67.49,67.5,1740.0
2019-04-02 14:56:00,67.48,67.54,67.48,67.54,1322.0
2019-04-02 14:57:00,67.6,67.6,67.6,67.6,131.0
2019-04-02 15:11:00,67.77,67.77,67.77,67.77,334.0
2019-04-02 15:15:00,67.8,67.85,67.8,67.85,1030.0
2019-04-02 15:16:00,67.79,67.8,67.73,67.73,2854.0
2019-04-02 15:25:00,67.75,67.77,67.75,67.77,256.0
2019-04-02 15:26:00,67.79,67.88,67.79,67.88,1500.0
2019-04-02 15:28:00,67.91,67.91,67.91,67.91,181.0
2019-04-02 15:30:00,67.87,67.87,67.87,67.87,582.0
2019-04-02 15:32:00,67.85,67.85,67.85,67.85,219.0
2019-04-02 15:36:00,67.79,67.79,67.74,67.76,611.0
2019-04-02 15:37:00,67.7444,67.7444,67.7444,67.7444,330.0
2019-04-02 15:38:00,67.79,67.79,67.79,67.79,104.0
2019-04-02 15:40:00,67.85,67.85,67.85,67.85,105.0
2019-04-02 15:43:00,67.82,67.82,67.8,67.8,299.0
2019-04-02 15:45:00,67.8,67.8,67.8,67.8,302.0
2019-04-02 15:46:00,67.73,67.73,67.73,67.73,212.0
2019-04-02 15:48:00,67.79,67.79,67.79,67.79,520.0
2019-04-02 15:50:00,67.81,67.85,67.81,67.85,508.0
2019-04-02 15:53:00,67.87,67.88,67.87,67.88,483.0
2019-04-02 15:55:00,67.85,67.85,67.85,67.85,147.0
2019-04-02 15:56:00,67.84,67.84,67.81,67.81,2317.0
2019-04-02 16:00:00,67.82,67.835,67.78,67.83,1782.0
2019-04-03 09:31:00,68.41,68.41,68.41,68.41,262.0
2019-04-03 09:49:00,68.62,68.65,68.57,68.57,689.0
2019-04-03 09:50:00,68.64,68.66,68.64,68.66,513.0
2019-04-03 09:52:00,68.65,68.65,68.65,68.65,500.0
2019-04-03 09:53:00,68.68,68.68,68.68,68.68,100.0
2019-04-03 09:55:00,68.76,68.76,68.7,68.75,590.0
2019-04-03 10:00:00,68.66,68.7,68.66,68.7,300.0
2019-04-03 10:03:00,68.72,68.75,68.72,68.72,500.0
2019-04-03 10:05:00,68.73,68.73,68.73,68.73,300.0
2019-04-03 10:06:00,68.82,68.82,68.82,68.82,100.0
2019-04-03 10:16:00,68.78,68.78,68.78,68.78,100.0
2019-04-03 10:18:00,68.815,68.88,68.815,68.88,410.0
2019-04-03 10:22:00,68.77,68.77,68.74,68.77,407.0
2019-04-03 10:24:00,68.73,68.73,68.73,68.73,100.0
2019-04-03 10:30:00,68.6,68.6,68.6,68.6,100.0
2019-04-03 10:32:00,68.593,68.593,68.593,68.593,100.0
2019-04-03 10:34:00,68.7,68.73,68.7,68.73,203.0
2019-04-03 10:41:00,68.8,68.82,68.8,68.8,2302.0
2019-04-03 10:47:00,68.68,68.68,68.68,68.68,202.0
2019-04-03 10:52:00,68.705,68.705,68.705,68.705,200.0
2019-04-03 10:54:00,68.82,68.82,68.8,68.8,586.0
2019-04-03 11:01:00,68.77,68.77,68.77,68.77,142.0
2019-04-03 11:07:00,68.87,68.87,68.87,68.87,111.0
2019-04-03 11:14:00,68.7,68.7,68.62,68.62,844.0
2019-04-03 11:15:00,68.61,68.61,68.61,68.61,200.0
2019-04-03 11:17:00,68.65,68.67,68.65,68.67,200.0
2019-04-03 11:18:00,68.71,68.71,68.71,68.71,125.0
2019-04-03 11:27:00,68.77,68.77,68.77,68.77,120.0
2019-04-03 11:30:00,68.73,68.73,68.73,68.73,166.0
2019-04-03 11:46:00,68.66,68.66,68.66,68.66,469.0
2019-04-03 11:58:00,68.73,68.73,68.69,68.69,304.0
2019-04-03 12:03:00,68.84,68.84,68.84,68.84,190.0
2019-04-03 12:04:00,68.847,68.847,68.83,68.83,518.0
2019-04-03 12:27:00,68.81,68.81,68.81,68.81,341.0
2019-04-03 12:36:00,68.86,68.86,68.86,68.86,100.0
2019-04-03 12:40:00,68.86,68.86,68.85,68.85,200.0
2019-04-03 12:41:00,68.77,68.77,68.77,68.77,109.0
2019-04-03 12:45:00,68.83,68.83,68.83,68.83,100.0
2019-04-03 12:46:00,68.89,68.89,68.89,68.89,200.0
2019-04-03 12:50:00,68.77,68.77,68.77,68.77,146.0
2019-04-03 12:57:00,68.83,68.83,68.83,68.83,109.0
2019-04-03 13:01:00,68.83,68.86,68.83,68.86,400.0
2019-04-03 13:02:00,68.88,68.88,68.88,68.88,146.0
2019-04-03 13:05:00,68.84,68.84,68.84,68.84,155.0
2019-04-03 13:06:00,68.82,68.82,68.77,68.77,331.0
2019-04-03 13:17:00,68.79,68.79,68.79,68.79,219.0
2019-04-03 13:21:00,68.77,68.77,68.77,68.77,183.0
2019-04-03 13:39:00,68.78,68.78,68.78,68.78,431.0
2019-04-03 13:52:00,68.74,68.76,68.63,68.63,1405.0
2019-04-03 13:54:00,68.63,68.65,68.62,68.65,930.0
2019-04-03 13:55:00,68.62,68.62,68.62,68.62,773.0
2019-04-03 13:58:00,68.62,68.62,68.62,68.62,100.0
2019-04-03 14:02:00,68.67,68.67,68.655,68.655,200.0
2019-04-03 14:05:00,68.675,68.675,68.675,68.675,0.0
2019-04-03 14:10:00,68.68,68.68,68.68,68.68,19086.0
2019-04-03 14:13:00,68.71,68.725,68.71,68.725,710.0
2019-04-03 14:14:00,68.725,68.73,68.68,68.705,857.0
2019-04-03 14:21:00,68.67,68.67,68.67,68.67,215.0
2019-04-03 14:31:00,68.75,68.75,68.75,68.75,105.0
2019-04-03 14:34:00,68.69,68.69,68.69,68.69,444.0
2019-04-03 14:46:00,68.71,68.71,68.71,68.71,100.0
2019-04-03 14:47:00,68.71,68.78,68.71,68.78,854.0
2019-04-03 14:49:00,68.77,68.79,68.77,68.78,400.0
2019-04-03 14:50:00,68.75,68.75,68.75,68.75,100.0
2019-04-03 14:57:00,68.73,68.73,68.73,68.73,200.0
2019-04-03 15:00:00,68.72,68.72,68.7,68.7,615.0
2019-04-03 15:02:00,68.72,68.72,68.72,68.72,442.0
2019-04-03 15:13:00,68.63,68.63,68.63,68.63,100.0
2019-04-03 15:14:00,68.63,68.63,68.58,68.615,483.0
2019-04-03 15:22:00,68.55,68.55,68.55,68.55,111.0
2019-04-03 15:25:00,68.56,68.56,68.56,68.56,274.0
2019-04-03 15:46:00,68.59,68.59,68.59,68.59,136.0
2019-04-03 15:50:00,68.605,68.605,68.605,68.605,111.0
2019-04-03 15:51:00,68.63,68.63,68.63,68.63,631.0
2019-04-03 15:54:00,68.58,68.58,68.58,68.58,299.0
2019-04-03 15:57:00,68.65,68.65,68.65,68.65,272.0
2019-04-03 15:58:00,68.64,68.64,68.62,68.62,589.0
2019-04-03 16:00:00,68.69,68.73,68.66,68.73,1436.0
