
2019-03-19 09:31:00,15.93,15.93,15.93,15.93,0.0
2019-03-19 09:35:00,15.92,15.92,15.92,15.92,201.0
2019-03-19 09:41:00,15.93,15.93,15.93,15.93,433.0
2019-03-19 09:46:00,15.965,15.965,15.965,15.965,214.0
2019-03-19 09:48:00,15.95,15.95,15.95,15.95,302.0
2019-03-19 09:50:00,15.95,15.95,15.95,15.95,225.0
2019-03-19 10:27:00,15.93,15.93,15.93,15.93,424.0
2019-03-19 10:28:00,15.92,15.92,15.92,15.92,510.0
2019-03-19 10:45:00,15.91,15.91,15.91,15.91,1302.0
2019-03-19 10:58:00,15.86,15.86,15.86,15.86,4756.0
2019-03-19 11:01:00,15.83,15.86,15.83,15.86,200.0
2019-03-19 11:10:00,15.86,15.86,15.83,15.83,206.0
2019-03-19 11:16:00,15.84,15.84,15.84,15.84,263.0
2019-03-19 11:33:00,15.84,15.84,15.84,15.84,206.0
2019-03-19 11:40:00,15.86,15.86,15.84,15.84,616.0
2019-03-19 11:56:00,15.867,15.867,15.867,15.867,1016.0
2019-03-19 11:58:00,15.87,15.87,15.87,15.87,196.0
2019-03-19 12:06:00,15.855,15.855,15.855,15.855,100.0
2019-03-19 12:15:00,15.87,15.87,15.87,15.87,1308.0
2019-03-19 12:25:00,15.88,15.88,15.88,15.88,165.0
2019-03-19 12:35:00,15.93,15.93,15.93,15.93,693.0
2019-03-19 12:41:00,15.93,15.93,15.93,15.93,205.0
2019-03-19 12:48:00,15.89,15.89,15.89,15.89,3143.0
2019-03-19 12:49:00,15.9,15.9,15.9,15.9,1210.0
2019-03-19 12:50:00,15.9,15.9,15.9,15.9,415.0
2019-03-19 12:51:00,15.91,15.91,15.91,15.91,304.0
2019-03-19 13:04:00,15.9,15.9,15.9,15.9,286.0
2019-03-19 13:07:00,15.9203,15.9203,15.9203,15.9203,196.0
2019-03-19 13:12:00,15.9,15.9,15.9,15.9,785.0
2019-03-19 13:13:00,15.9,15.9,15.9,15.9,100.0
2019-03-19 13:15:00,15.9,15.9,15.9,15.9,1841.0
2019-03-19 13:16:00,15.9,15.9,15.9,15.9,1900.0
2019-03-19 13:22:00,15.89,15.89,15.89,15.89,105.0
2019-03-19 13:30:00,15.9,15.9,15.9,15.9,195.0
2019-03-19 13:41:00,15.88,15.882,15.88,15.882,963.0
2019-03-19 13:53:00,15.83,15.83,15.83,15.83,2262.0
2019-03-19 13:55:00,15.83,15.83,15.82,15.82,2912.0
2019-03-19 14:13:00,15.81,15.81,15.81,15.81,120.0
2019-03-19 14:25:00,15.85,15.85,15.85,15.85,1028.0
2019-03-19 14:37:00,15.82,15.82,15.82,15.82,110.0
2019-03-19 14:47:00,15.82,15.82,15.82,15.82,531.0
2019-03-19 15:00:00,15.8,15.8,15.8,15.8,111.0
2019-03-19 15:03:00,15.81,15.81,15.81,15.81,270.0
2019-03-19 15:11:00,15.81,15.81,15.81,15.81,1465.0
2019-03-19 15:20:00,15.8,15.8,15.8,15.8,260.0
2019-03-19 15:26:00,15.79,15.79,15.79,15.79,715.0
2019-03-19 15:29:00,15.8117,15.8117,15.8117,15.8117,1357.0
2019-03-19 15:30:00,15.79,15.79,15.79,15.79,210.0
2019-03-19 15:31:00,15.77,15.77,15.77,15.77,2050.0
2019-03-19 15:32:00,15.76,15.76,15.76,15.76,1596.0
2019-03-19 15:40:00,15.73,15.73,15.73,15.73,1191.0
2019-03-19 15:44:00,15.7359,15.7359,15.7359,15.7359,310.0
2019-03-19 15:49:00,15.73,15.73,15.73,15.73,564.0
2019-03-19 15:51:00,15.72,15.72,15.71,15.71,3365.0
2019-03-19 15:54:00,15.72,15.72,15.72,15.72,981.0
2019-03-19 15:56:00,15.76,15.76,15.76,15.76,1028.0
2019-03-19 15:57:00,15.75,15.75,15.75,15.75,1683.0
2019-03-19 15:58:00,15.7699,15.7699,15.7699,15.7699,464.0
2019-03-19 16:00:00,15.76,15.76,15.76,15.76,2632.0
2019-03-20 09:31:00,15.74,15.74,15.74,15.74,0.0
2019-03-20 10:17:00,15.78,15.78,15.78,15.78,100.0
2019-03-20 10:23:00,15.82,15.82,15.82,15.82,254.0
2019-03-20 10:33:00,15.75,15.75,15.75,15.75,910.0
2019-03-20 10:46:00,15.8,15.8,15.8,15.8,120.0
2019-03-20 10:49:00,15.7516,15.7516,15.7516,15.7516,580.0
2019-03-20 11:00:00,15.75,15.75,15.75,15.75,634.0
2019-03-20 11:30:00,15.715,15.715,15.715,15.715,100.0
2019-03-20 11:31:00,15.71,15.71,15.68,15.7,525.0
2019-03-20 11:32:00,15.71,15.76,15.71,15.76,923.0
2019-03-20 12:02:00,15.7,15.7,15.68,15.68,2370.0
2019-03-20 12:05:00,15.68,15.68,15.68,15.68,400.0
2019-03-20 12:06:00,15.68,15.68,15.68,15.68,723.0
2019-03-20 12:18:00,15.69,15.69,15.69,15.69,165.0
2019-03-20 12:25:00,15.68,15.68,15.68,15.68,319.0
2019-03-20 12:33:00,15.66,15.66,15.66,15.66,540.0
2019-03-20 12:44:00,15.6,15.6,15.6,15.6,100.0
2019-03-20 12:45:00,15.66,15.66,15.66,15.66,220.0
2019-03-20 13:14:00,15.68,15.68,15.68,15.68,117.0
2019-03-20 13:34:00,15.73,15.73,15.73,15.73,1125.0
2019-03-20 13:47:00,15.79,15.79,15.79,15.79,100.0
2019-03-20 13:48:00,15.74,15.74,15.74,15.74,200.0
2019-03-20 13:54:00,15.8,15.8,15.8,15.8,200.0
2019-03-20 13:56:00,15.8,15.8,15.8,15.8,100.0
2019-03-20 13:58:00,15.79,15.79,15.79,15.79,245.0
2019-03-20 14:00:00,15.75,15.75,15.75,15.75,600.0
2019-03-20 14:02:00,15.783,15.783,15.783,15.783,505.0
2019-03-20 14:06:00,15.7848,15.7848,15.7848,15.7848,616.0
2019-03-20 14:17:00,15.745,15.745,15.745,15.745,127.0
2019-03-20 14:33:00,15.72,15.77,15.72,15.77,665.0
2019-03-20 14:35:00,15.78,15.78,15.78,15.78,240.0
2019-03-20 14:38:00,15.78,15.78,15.78,15.78,370.0
2019-03-20 14:39:00,15.76,15.76,15.76,15.76,452.0
2019-03-20 14:42:00,15.81,15.81,15.81,15.81,480.0
2019-03-20 14:45:00,15.83,15.83,15.83,15.83,280.0
2019-03-20 14:51:00,15.85,15.85,15.85,15.85,1380.0
2019-03-20 15:02:00,15.85,15.85,15.85,15.85,847.0
2019-03-20 15:04:00,15.84,15.84,15.82,15.82,1307.0
2019-03-20 15:17:00,15.76,15.76,15.76,15.76,1098.0
2019-03-20 15:21:00,15.75,15.75,15.75,15.75,227.0
2019-03-20 15:22:00,15.75,15.75,15.75,15.75,844.0
2019-03-20 15:28:00,15.69,15.69,15.69,15.69,300.0
2019-03-20 15:31:00,15.74,15.74,15.74,15.74,200.0
2019-03-20 15:34:00,15.69,15.69,15.69,15.69,500.0
2019-03-20 15:35:00,15.66,15.66,15.66,15.66,610.0
2019-03-20 15:37:00,15.71,15.71,15.71,15.71,482.0
2019-03-20 15:38:00,15.69,15.729,15.68,15.729,2750.0
2019-03-20 15:39:00,15.68,15.73,15.68,15.73,3894.0
2019-03-20 15:41:00,15.7,15.7,15.7,15.7,100.0
2019-03-20 15:42:00,15.69,15.69,15.69,15.69,310.0
2019-03-20 15:43:00,15.67,15.67,15.67,15.67,165.0
2019-03-20 15:44:00,15.68,15.68,15.68,15.68,133.0
2019-03-20 15:50:00,15.66,15.66,15.66,15.66,233.0
2019-03-20 15:51:00,15.66,15.66,15.66,15.66,680.0
2019-03-20 15:53:00,15.6699,15.6699,15.6699,15.6699,207.0
2019-03-20 15:54:00,15.65,15.65,15.65,15.65,762.0
2019-03-20 15:56:00,15.6699,15.6699,15.6699,15.6699,300.0
2019-03-20 15:57:00,15.6699,15.6699,15.63,15.65,3830.0
2019-03-20 15:58:00,15.65,15.65,15.65,15.65,1718.0
2019-03-20 15:59:00,15.63,15.63,15.62,15.63,405.0
2019-03-20 16:00:00,15.63,15.6599,15.63,15.6599,1916.0
2019-03-21 09:31:00,15.61,15.61,15.61,15.61,200.0
2019-03-21 09:51:00,15.81,15.81,15.81,15.81,100.0
2019-03-21 09:52:00,15.65,15.675,15.65,15.675,1852.0
2019-03-21 09:59:00,15.64,15.64,15.64,15.64,525.0
2019-03-21 10:03:00,15.67,15.67,15.67,15.67,200.0
2019-03-21 10:09:00,15.7,15.7,15.7,15.7,105.0
2019-03-21 10:12:00,15.71,15.71,15.71,15.71,107.0
2019-03-21 10:14:00,15.83,15.83,15.83,15.83,245.0
2019-03-21 10:19:00,15.76,15.76,15.76,15.76,204.0
2019-03-21 10:22:00,15.7,15.7,15.7,15.7,518.0
2019-03-21 10:26:00,15.72,15.72,15.72,15.72,100.0
2019-03-21 10:39:00,15.67,15.67,15.67,15.67,2412.0
2019-03-21 10:44:00,15.65,15.65,15.62,15.62,3211.0
2019-03-21 10:51:00,15.64,15.64,15.64,15.64,2928.0
2019-03-21 10:52:00,15.63,15.63,15.63,15.63,513.0
2019-03-21 11:04:00,15.7,15.71,15.7,15.71,355.0
2019-03-21 11:24:00,15.705,15.705,15.705,15.705,607.0
2019-03-21 11:26:00,15.77,15.77,15.77,15.77,200.0
2019-03-21 11:32:00,15.73,15.73,15.73,15.73,820.0
2019-03-21 11:38:00,15.75,15.75,15.75,15.75,237.0
2019-03-21 11:43:00,15.74,15.74,15.74,15.74,215.0
2019-03-21 11:56:00,15.8,15.81,15.8,15.81,600.0
2019-03-21 11:57:00,15.78,15.78,15.78,15.78,700.0
2019-03-21 12:01:00,15.79,15.79,15.79,15.79,100.0
2019-03-21 12:05:00,15.81,15.81,15.81,15.81,413.0
2019-03-21 12:09:00,15.7986,15.7986,15.7986,15.7986,3002.0
2019-03-21 12:11:00,15.75,15.75,15.75,15.75,300.0
2019-03-21 12:13:00,15.75,15.75,15.75,15.75,400.0
2019-03-21 12:15:00,15.8,15.8,15.8,15.8,445.0
2019-03-21 12:24:00,15.81,15.81,15.81,15.81,205.0
2019-03-21 12:35:00,15.75,15.75,15.75,15.75,417.0
2019-03-21 12:42:00,15.77,15.78,15.77,15.78,500.0
2019-03-21 12:54:00,15.78,15.78,15.78,15.78,200.0
2019-03-21 12:59:00,15.72,15.72,15.66,15.66,935.0
2019-03-21 13:00:00,15.65,15.65,15.65,15.65,205.0
2019-03-21 13:15:00,15.68,15.68,15.68,15.68,217.0
2019-03-21 13:29:00,15.68,15.68,15.68,15.68,100.0
2019-03-21 13:31:00,15.7,15.7,15.7,15.7,106.0
2019-03-21 13:46:00,15.7,15.7,15.7,15.7,352.0
2019-03-21 13:55:00,15.71,15.71,15.71,15.71,517.0
2019-03-21 14:07:00,15.71,15.71,15.71,15.71,427.0
2019-03-21 14:15:00,15.69,15.69,15.69,15.69,100.0
2019-03-21 14:20:00,15.67,15.67,15.67,15.67,1420.0
2019-03-21 14:26:00,15.69,15.69,15.69,15.69,100.0
2019-03-21 14:29:00,15.7,15.7,15.7,15.7,100.0
2019-03-21 14:35:00,15.7,15.7,15.7,15.7,100.0
2019-03-21 14:44:00,15.67,15.67,15.67,15.67,420.0
2019-03-21 14:45:00,15.69,15.69,15.69,15.69,200.0
2019-03-21 14:54:00,15.69,15.69,15.69,15.69,200.0
2019-03-21 15:00:00,15.65,15.65,15.65,15.65,641.0
2019-03-21 15:03:00,15.67,15.67,15.67,15.67,202.0
2019-03-21 15:06:00,15.67,15.67,15.67,15.67,208.0
2019-03-21 15:13:00,15.65,15.65,15.65,15.65,927.0
2019-03-21 15:15:00,15.65,15.65,15.65,15.65,1896.0
2019-03-21 15:24:00,15.6497,15.6497,15.6497,15.6497,784.0
2019-03-21 15:34:00,15.6535,15.6535,15.6535,15.6535,500.0
2019-03-21 15:35:00,15.65,15.65,15.65,15.65,405.0
2019-03-21 15:41:00,15.66,15.66,15.66,15.66,205.0
2019-03-21 15:43:00,15.66,15.66,15.66,15.66,1023.0
2019-03-21 15:46:00,15.63,15.63,15.63,15.63,452.0
2019-03-21 15:47:00,15.63,15.63,15.63,15.63,300.0
2019-03-21 15:48:00,15.65,15.65,15.65,15.65,3009.0
2019-03-21 15:49:00,15.66,15.66,15.66,15.66,700.0
2019-03-21 15:50:00,15.65,15.65,15.65,15.65,526.0
2019-03-21 15:51:00,15.6527,15.6527,15.6527,15.6527,3055.0
2019-03-21 15:52:00,15.65,15.65,15.65,15.65,353.0
2019-03-21 15:54:00,15.65,15.65,15.65,15.65,500.0
2019-03-21 15:55:00,15.65,15.65,15.65,15.65,146.0
2019-03-21 15:56:00,15.66,15.66,15.66,15.66,835.0
2019-03-21 15:58:00,15.67,15.67,15.67,15.67,153.0
2019-03-21 15:59:00,15.65,15.65,15.65,15.65,679.0
2019-03-21 16:00:00,15.65,15.65,15.65,15.65,1187.0
2019-03-22 09:35:00,15.61,15.61,15.61,15.61,1883.0
2019-03-22 09:56:00,15.6699,15.6699,15.6699,15.6699,528.0
2019-03-22 10:02:00,15.5611,15.5611,15.5611,15.5611,130.0
2019-03-22 10:07:00,15.54,15.54,15.54,15.54,106.0
2019-03-22 10:08:00,15.54,15.54,15.54,15.54,305.0
2019-03-22 10:10:00,15.5,15.5,15.47,15.47,2338.0
2019-03-22 10:12:00,15.37,15.37,15.37,15.37,100.0
2019-03-22 10:13:00,15.44,15.44,15.44,15.44,325.0
2019-03-22 10:15:00,15.46,15.46,15.46,15.46,100.0
2019-03-22 10:16:00,15.465,15.465,15.465,15.465,378.0
2019-03-22 10:18:00,15.49,15.49,15.49,15.49,100.0
2019-03-22 10:19:00,15.47,15.47,15.47,15.47,300.0
2019-03-22 10:20:00,15.47,15.47,15.47,15.47,100.0
2019-03-22 10:21:00,15.47,15.47,15.47,15.47,200.0
2019-03-22 10:22:00,15.47,15.47,15.47,15.47,100.0
2019-03-22 10:24:00,15.47,15.47,15.47,15.47,200.0
2019-03-22 10:25:00,15.48,15.48,15.48,15.48,100.0
2019-03-22 10:26:00,15.48,15.48,15.48,15.48,200.0
2019-03-22 10:27:00,15.48,15.48,15.48,15.48,100.0
2019-03-22 10:33:00,15.4887,15.4887,15.4887,15.4887,408.0
2019-03-22 10:39:00,15.45,15.45,15.45,15.45,180.0
2019-03-22 10:40:00,15.44,15.44,15.44,15.44,280.0
2019-03-22 10:41:00,15.44,15.44,15.44,15.44,127.0
2019-03-22 10:43:00,15.48,15.48,15.48,15.48,600.0
2019-03-22 10:44:00,15.466,15.466,15.466,15.466,1116.0
2019-03-22 10:46:00,15.48,15.48,15.48,15.48,300.0
2019-03-22 10:47:00,15.448,15.48,15.448,15.48,570.0
2019-03-22 10:48:00,15.48,15.48,15.48,15.48,670.0
2019-03-22 10:50:00,15.44,15.44,15.38,15.38,1305.0
2019-03-22 10:51:00,15.38,15.38,15.36,15.36,200.0
2019-03-22 10:52:00,15.395,15.395,15.395,15.395,405.0
2019-03-22 10:53:00,15.38,15.38,15.38,15.38,300.0
2019-03-22 10:54:00,15.35,15.35,15.35,15.35,1400.0
2019-03-22 10:55:00,15.35,15.35,15.35,15.35,1668.0
2019-03-22 10:56:00,15.33,15.33,15.33,15.33,756.0
2019-03-22 10:57:00,15.32,15.32,15.32,15.32,200.0
2019-03-22 10:58:00,15.32,15.32,15.32,15.32,713.0
2019-03-22 10:59:00,15.28,15.28,15.28,15.28,1300.0
2019-03-22 11:00:00,15.32,15.32,15.32,15.32,300.0
2019-03-22 11:02:00,15.32,15.32,15.32,15.32,200.0
2019-03-22 11:05:00,15.33,15.33,15.33,15.33,1492.0
2019-03-22 11:06:00,15.33,15.33,15.33,15.33,100.0
2019-03-22 11:09:00,15.28,15.31,15.28,15.28,300.0
2019-03-22 11:10:00,15.28,15.28,15.28,15.28,400.0
2019-03-22 11:11:00,15.28,15.28,15.28,15.28,512.0
2019-03-22 11:12:00,15.28,15.28,15.28,15.28,578.0
2019-03-22 11:13:00,15.27,15.27,15.27,15.27,420.0
2019-03-22 11:14:00,15.24,15.28,15.24,15.28,630.0
2019-03-22 11:20:00,15.24,15.24,15.24,15.24,100.0
2019-03-22 11:21:00,15.24,15.24,15.24,15.24,700.0
2019-03-22 11:29:00,15.22,15.22,15.2,15.2,1121.0
2019-03-22 11:30:00,15.2,15.2,15.2,15.2,1636.0
2019-03-22 11:31:00,15.17,15.17,15.17,15.17,1320.0
2019-03-22 11:34:00,15.1798,15.1798,15.1798,15.1798,300.0
2019-03-22 11:45:00,15.16,15.16,15.16,15.16,300.0
2019-03-22 11:47:00,15.15,15.15,15.15,15.15,200.0
2019-03-22 11:50:00,15.14,15.14,15.14,15.14,105.0
2019-03-22 11:51:00,15.14,15.14,15.14,15.14,1101.0
2019-03-22 11:58:00,15.07,15.07,15.07,15.07,100.0
2019-03-22 12:01:00,15.05,15.05,15.05,15.05,200.0
2019-03-22 12:02:00,15.06,15.06,15.06,15.06,200.0
2019-03-22 12:03:00,15.05,15.05,15.05,15.05,390.0
2019-03-22 12:04:00,15.05,15.05,15.05,15.05,101.0
2019-03-22 12:05:00,15.09,15.09,15.09,15.09,200.0
2019-03-22 12:06:00,15.07,15.07,15.07,15.07,501.0
2019-03-22 12:07:00,15.05,15.05,15.05,15.05,1399.0
2019-03-22 12:11:00,15.04,15.04,15.04,15.04,200.0
2019-03-22 12:14:00,15.03,15.03,15.03,15.03,100.0
2019-03-22 12:18:00,15.09,15.09,15.09,15.09,100.0
2019-03-22 12:24:00,15.09,15.09,15.03,15.03,1429.0
2019-03-22 12:26:00,15.03,15.03,15.02,15.02,5188.0
2019-03-22 12:29:00,15.02,15.02,15.02,15.02,200.0
2019-03-22 12:30:00,15.0828,15.0828,15.0828,15.0828,1200.0
2019-03-22 12:36:00,15.06,15.09,15.06,15.09,2707.0
2019-03-22 12:39:00,15.06,15.06,15.06,15.06,445.0
2019-03-22 12:44:00,15.09,15.09,15.09,15.09,1447.0
2019-03-22 12:45:00,15.0901,15.0901,15.0901,15.0901,1690.0
2019-03-22 12:47:00,15.13,15.13,15.13,15.13,688.0
2019-03-22 12:51:00,15.15,15.15,15.15,15.15,648.0
2019-03-22 12:52:00,15.15,15.15,15.11,15.11,2724.0
2019-03-22 13:01:00,15.165,15.165,15.165,15.165,100.0
2019-03-22 13:12:00,15.12,15.12,15.12,15.12,100.0
2019-03-22 13:14:00,15.12,15.12,15.12,15.12,200.0
2019-03-22 13:17:00,15.15,15.15,15.15,15.15,100.0
2019-03-22 13:20:00,15.12,15.12,15.12,15.12,200.0
2019-03-22 13:21:00,15.12,15.12,15.12,15.12,300.0
2019-03-22 13:24:00,15.12,15.12,15.12,15.12,710.0
2019-03-22 13:25:00,15.135,15.135,15.135,15.135,313.0
2019-03-22 13:35:00,15.12,15.12,15.12,15.12,2010.0
2019-03-22 13:37:00,15.13,15.14,15.13,15.14,2120.0
2019-03-22 13:40:00,15.14,15.14,15.14,15.14,256.0
2019-03-22 13:44:00,15.154,15.154,15.154,15.154,1089.0
2019-03-22 13:53:00,15.13,15.13,15.13,15.13,2142.0
2019-03-22 13:59:00,15.13,15.13,15.13,15.13,444.0
2019-03-22 14:05:00,15.13,15.13,15.13,15.13,832.0
2019-03-22 14:06:00,15.1,15.1,15.1,15.1,474.0
2019-03-22 14:10:00,15.11,15.11,15.11,15.11,157.0
2019-03-22 14:12:00,15.14,15.14,15.14,15.14,257.0
2019-03-22 14:18:00,15.1165,15.1165,15.1165,15.1165,1000.0
2019-03-22 14:22:00,15.1039,15.1039,15.1039,15.1039,250.0
2019-03-22 14:23:00,15.09,15.09,15.09,15.09,210.0
2019-03-22 14:25:00,15.0928,15.0928,15.0928,15.0928,560.0
2019-03-22 14:33:00,15.08,15.08,15.08,15.08,471.0
2019-03-22 14:34:00,15.03,15.03,15.03,15.03,136.0
2019-03-22 14:36:00,15.02,15.02,15.02,15.02,200.0
2019-03-22 14:37:00,15.09,15.09,15.09,15.09,100.0
2019-03-22 14:44:00,15.03,15.03,15.03,15.03,100.0
2019-03-22 14:46:00,15.03,15.03,15.02,15.02,2191.0
2019-03-22 14:56:00,15.02,15.02,15.02,15.02,311.0
2019-03-22 14:59:00,15.05,15.05,15.05,15.05,100.0
2019-03-22 15:03:00,15.05,15.05,15.05,15.05,320.0
2019-03-22 15:06:00,15.02,15.02,15.02,15.02,207.0
2019-03-22 15:12:00,15.02,15.02,15.02,15.02,419.0
2019-03-22 15:14:00,15.02,15.02,15.02,15.02,1874.0
2019-03-22 15:15:00,15.02,15.02,15.02,15.02,307.0
2019-03-22 15:16:00,15.0275,15.0275,15.0275,15.0275,1517.0
2019-03-22 15:17:00,15.02,15.02,15.02,15.02,607.0
2019-03-22 15:18:00,15.02,15.02,15.02,15.02,537.0
2019-03-22 15:19:00,15.02,15.02,15.02,15.02,937.0
2019-03-22 15:22:00,15.02,15.02,15.02,15.02,100.0
2019-03-22 15:23:00,15.02,15.02,15.02,15.02,100.0
2019-03-22 15:24:00,15.02,15.02,15.02,15.02,500.0
2019-03-22 15:25:00,15.02,15.02,15.02,15.02,100.0
2019-03-22 15:26:00,15.02,15.02,15.02,15.02,355.0
2019-03-22 15:28:00,15.025,15.025,15.025,15.025,100.0
2019-03-22 15:29:00,15.02,15.02,15.02,15.02,904.0
2019-03-22 15:30:00,15.02,15.02,15.02,15.02,1023.0
2019-03-22 15:31:00,15.03,15.03,15.03,15.03,107.0
2019-03-22 15:32:00,15.02,15.02,15.02,15.02,607.0
2019-03-22 15:34:00,15.025,15.025,15.025,15.025,466.0
2019-03-22 15:35:00,15.02,15.02,15.02,15.02,200.0
2019-03-22 15:37:00,15.02,15.02,15.02,15.02,408.0
2019-03-22 15:38:00,15.03,15.03,15.03,15.03,1137.0
2019-03-22 15:39:00,15.04,15.04,15.04,15.04,704.0
2019-03-22 15:40:00,15.045,15.05,15.04,15.05,914.0
2019-03-22 15:41:00,15.05,15.09,15.05,15.09,2515.0
2019-03-22 15:42:00,15.1,15.1,15.1,15.1,100.0
2019-03-22 15:44:00,15.12,15.12,15.12,15.12,300.0
2019-03-22 15:49:00,15.06,15.06,15.06,15.06,829.0
2019-03-22 15:50:00,15.06,15.06,15.06,15.06,100.0
2019-03-22 15:51:00,15.06,15.06,15.06,15.06,1274.0
2019-03-22 15:52:00,15.04,15.04,15.04,15.04,100.0
2019-03-22 15:53:00,15.04,15.04,15.04,15.04,480.0
2019-03-22 15:54:00,15.04,15.04,15.04,15.04,490.0
2019-03-22 15:55:00,15.05,15.05,15.05,15.05,704.0
2019-03-22 15:56:00,15.06,15.06,15.06,15.06,843.0
2019-03-22 15:57:00,15.05,15.07,15.05,15.07,2698.0
2019-03-22 15:58:00,15.06,15.06,15.06,15.06,757.0
2019-03-22 15:59:00,15.06,15.07,15.06,15.07,8679.0
2019-03-22 16:00:00,15.0725,15.0725,15.0666,15.0666,4413.0
2019-03-25 09:31:00,15.05,15.05,15.05,15.05,508.0
2019-03-25 09:36:00,15.2,15.2,15.2,15.2,1137.0
2019-03-25 09:54:00,15.06,15.06,15.06,15.06,577.0
2019-03-25 09:55:00,15.06,15.06,15.06,15.06,2693.0
2019-03-25 10:43:00,15.1,15.1,15.1,15.1,225.0
2019-03-25 10:46:00,15.04,15.04,15.04,15.04,779.0
2019-03-25 10:52:00,15.04,15.04,15.04,15.04,100.0
2019-03-25 10:54:00,15.04,15.04,15.04,15.04,200.0
2019-03-25 10:55:00,15.04,15.04,15.04,15.04,100.0
2019-03-25 10:56:00,15.04,15.04,15.04,15.04,100.0
2019-03-25 10:57:00,15.04,15.04,15.04,15.04,100.0
2019-03-25 10:59:00,15.04,15.04,15.04,15.04,100.0
2019-03-25 11:00:00,15.03,15.03,15.03,15.03,200.0
2019-03-25 11:03:00,15.03,15.03,15.03,15.03,200.0
2019-03-25 11:05:00,15.03,15.03,15.03,15.03,700.0
2019-03-25 11:06:00,15.07,15.07,15.07,15.07,200.0
2019-03-25 11:08:00,15.07,15.07,15.07,15.07,500.0
2019-03-25 11:09:00,15.04,15.04,15.04,15.04,905.0
2019-03-25 11:10:00,15.04,15.04,15.04,15.04,180.0
2019-03-25 11:12:00,15.03,15.03,15.03,15.03,240.0
2019-03-25 11:13:00,15.03,15.03,15.03,15.03,200.0
2019-03-25 11:14:00,15.03,15.03,15.03,15.03,300.0
2019-03-25 11:16:00,15.04,15.04,15.04,15.04,400.0
2019-03-25 11:18:00,15.03,15.03,15.03,15.03,300.0
2019-03-25 11:20:00,15.03,15.03,15.03,15.03,300.0
2019-03-25 11:21:00,15.03,15.03,15.03,15.03,400.0
2019-03-25 11:22:00,15.03,15.03,15.03,15.03,190.0
2019-03-25 11:24:00,15.05,15.06,15.05,15.06,1150.0
2019-03-25 11:25:00,15.06,15.06,15.06,15.06,1460.0
2019-03-25 11:26:00,15.09,15.09,15.09,15.09,215.0
2019-03-25 11:35:00,15.08,15.08,15.08,15.08,100.0
2019-03-25 11:36:00,15.07,15.07,15.07,15.07,290.0
2019-03-25 11:39:00,15.05,15.05,15.05,15.05,217.0
2019-03-25 11:41:00,15.02,15.02,15.02,15.02,200.0
2019-03-25 11:43:00,15.06,15.06,15.06,15.06,200.0
2019-03-25 11:44:00,15.03,15.03,15.03,15.03,800.0
2019-03-25 11:45:00,15.03,15.03,15.03,15.03,100.0
2019-03-25 11:46:00,15.03,15.03,15.03,15.03,105.0
2019-03-25 11:49:00,15.03,15.03,15.03,15.03,195.0
2019-03-25 11:51:00,15.02,15.02,15.02,15.02,200.0
2019-03-25 11:52:00,15.03,15.03,15.03,15.03,621.0
2019-03-25 11:56:00,15.02,15.02,15.02,15.02,300.0
2019-03-25 11:57:00,15.02,15.02,15.02,15.02,100.0
2019-03-25 11:59:00,15.02,15.02,15.02,15.02,100.0
2019-03-25 12:00:00,15.02,15.02,15.02,15.02,100.0
2019-03-25 12:01:00,15.02,15.02,15.02,15.02,100.0
2019-03-25 12:02:00,15.02,15.02,15.02,15.02,100.0
2019-03-25 12:04:00,15.05,15.05,15.05,15.05,492.0
2019-03-25 12:05:00,15.055,15.055,15.055,15.055,400.0
2019-03-25 12:06:00,15.08,15.08,15.0742,15.0742,1913.0
2019-03-25 12:09:00,15.07,15.07,15.07,15.07,700.0
2019-03-25 12:10:00,15.07,15.07,15.07,15.07,1743.0
2019-03-25 12:14:00,15.09,15.09,15.09,15.09,755.0
2019-03-25 12:15:00,15.1599,15.1599,15.1599,15.1599,416.0
2019-03-25 12:20:00,15.17,15.17,15.17,15.17,100.0
2019-03-25 12:23:00,15.1,15.1,15.1,15.1,100.0
2019-03-25 12:25:00,15.1,15.1,15.1,15.1,300.0
2019-03-25 12:27:00,15.09,15.09,15.09,15.09,200.0
2019-03-25 12:29:00,15.14,15.14,15.14,15.14,200.0
2019-03-25 12:30:00,15.09,15.09,15.09,15.09,100.0
2019-03-25 12:32:00,15.09,15.09,15.09,15.09,200.0
2019-03-25 12:34:00,15.09,15.09,15.09,15.09,100.0
2019-03-25 12:36:00,15.08,15.08,15.08,15.08,1400.0
2019-03-25 12:39:00,15.08,15.08,15.08,15.08,939.0
2019-03-25 12:41:00,15.09,15.09,15.09,15.09,100.0
2019-03-25 12:42:00,15.09,15.09,15.09,15.09,100.0
2019-03-25 12:43:00,15.09,15.09,15.09,15.09,100.0
2019-03-25 12:45:00,15.09,15.09,15.09,15.09,100.0
2019-03-25 12:47:00,15.08,15.08,15.08,15.08,300.0
2019-03-25 12:48:00,15.08,15.08,15.08,15.08,100.0
2019-03-25 12:49:00,15.08,15.08,15.08,15.08,100.0
2019-03-25 12:51:00,15.08,15.08,15.08,15.08,100.0
2019-03-25 12:52:00,15.08,15.08,15.08,15.08,100.0
2019-03-25 12:53:00,15.09,15.09,15.09,15.09,100.0
2019-03-25 12:56:00,15.09,15.09,15.09,15.09,380.0
2019-03-25 12:59:00,15.14,15.15,15.14,15.15,1425.0
2019-03-25 13:09:00,15.15,15.15,15.15,15.15,100.0
2019-03-25 13:10:00,15.15,15.15,15.15,15.15,118.0
2019-03-25 13:12:00,15.15,15.15,15.15,15.15,100.0
2019-03-25 13:14:00,15.185,15.185,15.185,15.185,200.0
2019-03-25 13:17:00,15.185,15.185,15.185,15.185,200.0
2019-03-25 13:19:00,15.15,15.15,15.15,15.15,100.0
2019-03-25 13:21:00,15.15,15.15,15.15,15.15,100.0
2019-03-25 13:23:00,15.15,15.15,15.15,15.15,100.0
2019-03-25 13:25:00,15.15,15.15,15.15,15.15,100.0
2019-03-25 13:27:00,15.15,15.15,15.15,15.15,100.0
2019-03-25 13:28:00,15.15,15.15,15.15,15.15,100.0
2019-03-25 13:30:00,15.15,15.15,15.15,15.15,105.0
2019-03-25 13:33:00,15.15,15.15,15.15,15.15,100.0
2019-03-25 13:35:00,15.15,15.15,15.15,15.15,100.0
2019-03-25 13:37:00,15.15,15.15,15.15,15.15,100.0
2019-03-25 13:39:00,15.15,15.15,15.15,15.15,200.0
2019-03-25 13:43:00,15.15,15.15,15.15,15.15,215.0
2019-03-25 13:49:00,15.09,15.09,15.09,15.09,200.0
2019-03-25 13:51:00,15.09,15.09,15.09,15.09,130.0
2019-03-25 13:53:00,15.14,15.14,15.14,15.14,824.0
2019-03-25 13:56:00,15.14,15.14,15.14,15.14,400.0
2019-03-25 13:58:00,15.14,15.14,15.14,15.14,825.0
2019-03-25 14:06:00,15.09,15.09,15.09,15.09,231.0
2019-03-25 14:08:00,15.1,15.1,15.1,15.1,200.0
2019-03-25 14:10:00,15.09,15.09,15.09,15.09,445.0
2019-03-25 14:13:00,15.09,15.09,15.09,15.09,210.0
2019-03-25 14:14:00,15.08,15.08,15.08,15.08,100.0
2019-03-25 14:16:00,15.09,15.09,15.09,15.09,200.0
2019-03-25 14:18:00,15.1332,15.1332,15.1332,15.1332,2102.0
2019-03-25 14:20:00,15.08,15.08,15.08,15.08,300.0
2019-03-25 14:22:00,15.08,15.08,15.08,15.08,580.0
2019-03-25 14:23:00,15.08,15.08,15.08,15.08,398.0
2019-03-25 14:27:00,15.13,15.13,15.08,15.08,703.0
2019-03-25 14:31:00,15.08,15.08,15.08,15.08,493.0
2019-03-25 14:32:00,15.11,15.11,15.11,15.11,406.0
2019-03-25 14:34:00,15.08,15.08,15.08,15.08,200.0
2019-03-25 14:35:00,15.08,15.08,15.08,15.08,418.0
2019-03-25 14:40:00,15.08,15.08,15.08,15.08,302.0
2019-03-25 14:42:00,15.12,15.12,15.12,15.12,200.0
2019-03-25 14:43:00,15.115,15.115,15.115,15.115,200.0
2019-03-25 14:44:00,15.09,15.09,15.09,15.09,100.0
2019-03-25 14:45:00,15.09,15.09,15.09,15.09,100.0
2019-03-25 14:47:00,15.12,15.12,15.12,15.12,210.0
2019-03-25 14:48:00,15.08,15.08,15.08,15.08,695.0
2019-03-25 14:49:00,15.08,15.08,15.08,15.08,269.0
2019-03-25 14:51:00,15.11,15.11,15.11,15.11,298.0
2019-03-25 14:52:00,15.09,15.09,15.09,15.09,217.0
2019-03-25 14:53:00,15.14,15.15,15.14,15.15,1631.0
2019-03-25 14:59:00,15.17,15.17,15.17,15.17,500.0
2019-03-25 15:01:00,15.2,15.2,15.2,15.2,415.0
2019-03-25 15:02:00,15.24,15.24,15.24,15.24,500.0
2019-03-25 15:05:00,15.2,15.2,15.2,15.2,266.0
2019-03-25 15:12:00,15.15,15.15,15.15,15.15,143.0
2019-03-25 15:14:00,15.16,15.16,15.16,15.16,200.0
2019-03-25 15:16:00,15.22,15.22,15.22,15.22,222.0
2019-03-25 15:18:00,15.16,15.16,15.16,15.16,213.0
2019-03-25 15:19:00,15.16,15.16,15.16,15.16,303.0
2019-03-25 15:22:00,15.16,15.16,15.16,15.16,201.0
2019-03-25 15:24:00,15.2,15.22,15.2,15.22,1616.0
2019-03-25 15:26:00,15.26,15.26,15.26,15.26,120.0
2019-03-25 15:27:00,15.26,15.26,15.26,15.26,434.0
2019-03-25 15:32:00,15.25,15.25,15.25,15.25,482.0
2019-03-25 15:35:00,15.24,15.24,15.24,15.24,895.0
2019-03-25 15:44:00,15.2,15.2,15.2,15.2,802.0
2019-03-25 15:46:00,15.25,15.25,15.25,15.25,300.0
2019-03-25 15:48:00,15.225,15.225,15.225,15.225,400.0
2019-03-25 15:50:00,15.2,15.2,15.2,15.2,400.0
2019-03-25 15:51:00,15.2,15.2,15.2,15.2,200.0
2019-03-25 15:52:00,15.2,15.2,15.2,15.2,305.0
2019-03-25 15:53:00,15.2,15.2,15.2,15.2,300.0
2019-03-25 15:54:00,15.21,15.21,15.21,15.21,410.0
2019-03-25 15:55:00,15.21,15.21,15.21,15.21,510.0
2019-03-25 15:56:00,15.21,15.21,15.2,15.2,1825.0
2019-03-25 15:57:00,15.2,15.2,15.2,15.2,1522.0
2019-03-25 15:58:00,15.18,15.18,15.18,15.18,1023.0
2019-03-25 15:59:00,15.18,15.18,15.17,15.17,2140.0
2019-03-25 16:00:00,15.15,15.15,15.12,15.13,5698.0
2019-03-26 09:31:00,15.09,15.09,15.09,15.09,1099.0
2019-03-26 10:07:00,15.1919,15.1919,15.1919,15.1919,1581.0
2019-03-26 10:21:00,15.23,15.23,15.23,15.23,100.0
2019-03-26 10:29:00,15.3,15.3,15.3,15.3,100.0
2019-03-26 10:33:00,15.3,15.3,15.3,15.3,100.0
2019-03-26 10:34:00,15.31,15.31,15.31,15.31,300.0
2019-03-26 10:35:00,15.31,15.31,15.31,15.31,500.0
2019-03-26 10:36:00,15.34,15.34,15.34,15.34,589.0
2019-03-26 10:37:00,15.39,15.39,15.39,15.39,371.0
2019-03-26 10:52:00,15.42,15.42,15.42,15.42,401.0
2019-03-26 10:54:00,15.39,15.39,15.39,15.39,150.0
2019-03-26 10:56:00,15.42,15.42,15.42,15.42,400.0
2019-03-26 10:57:00,15.43,15.43,15.43,15.43,187.0
2019-03-26 10:58:00,15.44,15.44,15.44,15.44,292.0
2019-03-26 11:01:00,15.4,15.4,15.4,15.4,1605.0
2019-03-26 11:11:00,15.39,15.39,15.39,15.39,460.0
2019-03-26 11:17:00,15.39,15.39,15.39,15.39,901.0
2019-03-26 11:18:00,15.4,15.4,15.4,15.4,1005.0
2019-03-26 11:37:00,15.43,15.43,15.43,15.43,100.0
2019-03-26 11:40:00,15.44,15.44,15.44,15.44,225.0
2019-03-26 11:42:00,15.4,15.4,15.4,15.4,1015.0
2019-03-26 11:44:00,15.4,15.4,15.4,15.4,848.0
2019-03-26 11:45:00,15.4,15.4,15.4,15.4,202.0
2019-03-26 11:48:00,15.39,15.39,15.37,15.37,0.0
2019-03-26 12:15:00,15.37,15.37,15.37,15.37,105.0
2019-03-26 12:20:00,15.37,15.37,15.37,15.37,100.0
2019-03-26 12:23:00,15.37,15.37,15.37,15.37,180.0
2019-03-26 12:25:00,15.36,15.36,15.36,15.36,400.0
2019-03-26 12:42:00,15.38,15.38,15.38,15.38,100.0
2019-03-26 12:45:00,15.35,15.35,15.35,15.35,100.0
2019-03-26 12:46:00,15.34,15.34,15.34,15.34,658.0
2019-03-26 12:48:00,15.34,15.34,15.34,15.34,464.0
2019-03-26 13:01:00,15.3141,15.3141,15.3141,15.3141,273.0
2019-03-26 13:05:00,15.31,15.31,15.31,15.31,309.0
2019-03-26 13:15:00,15.31,15.31,15.31,15.31,145.0
2019-03-26 13:20:00,15.32,15.32,15.32,15.32,0.0
2019-03-26 13:40:00,15.39,15.4,15.39,15.4,8379.0
2019-03-26 13:41:00,15.43,15.43,15.43,15.43,205.0
2019-03-26 13:48:00,15.44,15.45,15.44,15.44,2241.0
2019-03-26 14:01:00,15.49,15.49,15.49,15.49,333.0
2019-03-26 14:04:00,15.4899,15.4899,15.4899,15.4899,293.0
2019-03-26 14:18:00,15.49,15.49,15.49,15.49,100.0
2019-03-26 14:27:00,15.46,15.46,15.46,15.46,196.0
2019-03-26 14:28:00,15.48,15.48,15.48,15.48,1412.0
2019-03-26 14:45:00,15.48,15.48,15.48,15.48,911.0
2019-03-26 14:54:00,15.49,15.5,15.49,15.5,827.0
2019-03-26 14:58:00,15.54,15.58,15.54,15.58,620.0
2019-03-26 15:00:00,15.59,15.59,15.59,15.59,300.0
2019-03-26 15:02:00,15.58,15.58,15.58,15.58,200.0
2019-03-26 15:04:00,15.58,15.58,15.58,15.58,100.0
2019-03-26 15:09:00,15.59,15.59,15.59,15.59,300.0
2019-03-26 15:11:00,15.62,15.62,15.62,15.62,337.0
2019-03-26 15:21:00,15.56,15.56,15.56,15.56,497.0
2019-03-26 15:36:00,15.54,15.56,15.54,15.56,927.0
2019-03-26 15:42:00,15.61,15.61,15.61,15.61,325.0
2019-03-26 15:47:00,15.55,15.55,15.55,15.55,303.0
2019-03-26 15:48:00,15.54,15.54,15.54,15.54,200.0
2019-03-26 15:49:00,15.53,15.53,15.53,15.53,536.0
2019-03-26 15:51:00,15.55,15.55,15.55,15.55,100.0
2019-03-26 15:54:00,15.5401,15.5401,15.5401,15.5401,385.0
2019-03-26 15:56:00,15.5401,15.5401,15.5401,15.5401,262.0
2019-03-26 15:57:00,15.59,15.615,15.59,15.615,1418.0
2019-03-26 15:59:00,15.615,15.615,15.5601,15.5601,1753.0
2019-03-26 16:00:00,15.6,15.6,15.6,15.6,7655.0
2019-03-27 09:31:00,15.45,15.45,15.45,15.45,1953.0
2019-03-27 09:50:00,15.556,15.556,15.556,15.556,158.0
2019-03-27 10:14:00,15.6021,15.6021,15.6021,15.6021,193.0
2019-03-27 10:23:00,15.5501,15.5501,15.5501,15.5501,100.0
2019-03-27 10:24:00,15.63,15.63,15.63,15.63,106.0
2019-03-27 10:46:00,15.64,15.64,15.64,15.64,120.0
2019-03-27 11:07:00,15.55,15.55,15.55,15.55,322.0
2019-03-27 11:10:00,15.56,15.56,15.515,15.515,2624.0
2019-03-27 11:15:00,15.52,15.52,15.52,15.52,116.0
2019-03-27 11:27:00,15.51,15.51,15.5,15.509,5590.0
2019-03-27 11:29:00,15.5,15.5,15.5,15.5,101.0
2019-03-27 11:31:00,15.5,15.5,15.5,15.5,130.0
2019-03-27 11:43:00,15.51,15.53,15.51,15.53,1010.0
2019-03-27 11:49:00,15.51,15.51,15.51,15.51,410.0
2019-03-27 11:57:00,15.52,15.52,15.52,15.52,1302.0
2019-03-27 12:05:00,15.5178,15.5178,15.5178,15.5178,100.0
2019-03-27 12:06:00,15.53,15.53,15.53,15.53,1496.0
2019-03-27 12:40:00,15.6,15.6,15.6,15.6,233.0
2019-03-27 13:15:00,15.58,15.59,15.58,15.59,3703.0
2019-03-27 13:23:00,15.61,15.61,15.61,15.61,100.0
2019-03-27 13:40:00,15.6,15.6,15.6,15.6,100.0
2019-03-27 13:41:00,15.6,15.6,15.6,15.6,200.0
2019-03-27 13:43:00,15.6,15.6,15.6,15.6,536.0
2019-03-27 13:56:00,15.57,15.57,15.5601,15.5601,716.0
2019-03-27 14:12:00,15.62,15.62,15.62,15.62,826.0
2019-03-27 14:30:00,15.62,15.62,15.62,15.62,312.0
2019-03-27 14:31:00,15.63,15.63,15.63,15.63,110.0
2019-03-27 14:43:00,15.57,15.57,15.5441,15.5441,1538.0
2019-03-27 14:45:00,15.57,15.57,15.57,15.57,157.0
2019-03-27 14:46:00,15.555,15.555,15.555,15.555,159.0
2019-03-27 14:54:00,15.5014,15.5014,15.5014,15.5014,448.0
2019-03-27 15:23:00,15.58,15.58,15.58,15.58,493.0
2019-03-27 15:34:00,15.6247,15.6247,15.6247,15.6247,1905.0
2019-03-27 15:35:00,15.61,15.61,15.61,15.61,205.0
2019-03-27 15:39:00,15.6,15.6,15.6,15.6,215.0
2019-03-27 15:41:00,15.6,15.6,15.6,15.6,485.0
2019-03-27 15:45:00,15.63,15.63,15.63,15.63,275.0
2019-03-27 15:49:00,15.6,15.6,15.6,15.6,126.0
2019-03-27 15:54:00,15.54,15.54,15.54,15.54,401.0
2019-03-27 15:57:00,15.53,15.53,15.53,15.53,443.0
2019-03-28 09:31:00,15.51,15.51,15.51,15.51,629.0
2019-03-28 09:50:00,15.62,15.62,15.61,15.61,1389.0
2019-03-28 11:17:00,15.67,15.67,15.67,15.67,200.0
2019-03-28 11:23:00,15.635,15.635,15.58,15.58,2171.0
2019-03-28 11:27:00,15.53,15.53,15.53,15.53,205.0
2019-03-28 11:31:00,15.55,15.55,15.55,15.55,410.0
2019-03-28 11:38:00,15.54,15.54,15.54,15.54,200.0
2019-03-28 11:39:00,15.54,15.54,15.54,15.54,100.0
2019-03-28 11:44:00,15.54,15.54,15.5085,15.5085,407.0
2019-03-28 11:55:00,15.58,15.58,15.58,15.58,968.0
2019-03-28 12:21:00,15.61,15.61,15.61,15.61,320.0
2019-03-28 12:22:00,15.61,15.61,15.61,15.61,109.0
2019-03-28 12:23:00,15.61,15.61,15.61,15.61,100.0
2019-03-28 12:27:00,15.59,15.59,15.59,15.59,100.0
2019-03-28 12:29:00,15.62,15.62,15.62,15.62,316.0
2019-03-28 12:35:00,15.61,15.61,15.61,15.61,293.0
2019-03-28 12:44:00,15.66,15.66,15.66,15.66,105.0
2019-03-28 12:50:00,15.65,15.65,15.65,15.65,200.0
2019-03-28 12:52:00,15.66,15.66,15.66,15.66,181.0
2019-03-28 12:59:00,15.65,15.65,15.65,15.65,254.0
2019-03-28 13:02:00,15.63,15.63,15.61,15.61,837.0
2019-03-28 13:09:00,15.64,15.64,15.64,15.64,157.0
2019-03-28 13:19:00,15.64,15.64,15.64,15.64,100.0
2019-03-28 13:20:00,15.64,15.64,15.64,15.64,211.0
2019-03-28 13:26:00,15.625,15.625,15.625,15.625,168.0
2019-03-28 13:34:00,15.63,15.63,15.63,15.63,219.0
2019-03-28 14:00:00,15.68,15.68,15.68,15.68,105.0
2019-03-28 14:04:00,15.67,15.67,15.67,15.67,200.0
2019-03-28 14:10:00,15.66,15.66,15.66,15.66,200.0
2019-03-28 14:11:00,15.66,15.67,15.66,15.67,213.0
2019-03-28 14:25:00,15.68,15.68,15.68,15.68,391.0
2019-03-28 14:29:00,15.72,15.72,15.72,15.72,1826.0
2019-03-28 14:30:00,15.72,15.72,15.72,15.72,306.0
2019-03-28 14:31:00,15.72,15.72,15.72,15.72,102.0
2019-03-28 14:34:00,15.69,15.69,15.69,15.69,234.0
2019-03-28 14:37:00,15.64,15.64,15.64,15.64,640.0
2019-03-28 14:42:00,15.67,15.67,15.67,15.67,100.0
2019-03-28 14:44:00,15.68,15.68,15.68,15.68,206.0
2019-03-28 14:51:00,15.65,15.65,15.65,15.65,215.0
2019-03-28 14:57:00,15.7,15.7,15.7,15.7,100.0
2019-03-28 15:00:00,15.71,15.71,15.71,15.71,200.0
2019-03-28 15:01:00,15.6711,15.6711,15.6711,15.6711,1154.0
2019-03-28 15:11:00,15.71,15.71,15.71,15.71,200.0
2019-03-28 15:15:00,15.71,15.72,15.71,15.72,251.0
2019-03-28 15:22:00,15.72,15.72,15.72,15.72,301.0
2019-03-28 15:25:00,15.72,15.72,15.72,15.72,100.0
2019-03-28 15:26:00,15.72,15.72,15.72,15.72,306.0
2019-03-28 15:30:00,15.72,15.72,15.72,15.72,100.0
2019-03-28 15:31:00,15.72,15.72,15.72,15.72,207.0
2019-03-28 15:33:00,15.71,15.71,15.71,15.71,302.0
2019-03-28 15:39:00,15.72,15.72,15.72,15.72,205.0
2019-03-28 15:41:00,15.74,15.74,15.74,15.74,300.0
2019-03-28 15:43:00,15.74,15.74,15.73,15.73,412.0
2019-03-28 15:45:00,15.74,15.74,15.74,15.74,406.0
2019-03-28 15:47:00,15.73,15.73,15.73,15.73,106.0
2019-03-28 15:49:00,15.74,15.74,15.74,15.74,101.0
2019-03-28 15:51:00,15.74,15.74,15.74,15.74,506.0
2019-03-28 15:52:00,15.73,15.73,15.73,15.73,313.0
2019-03-28 15:54:00,15.64,15.64,15.64,15.64,555.0
2019-03-28 15:55:00,15.7,15.7,15.6501,15.6501,749.0
2019-03-28 15:57:00,15.6701,15.6701,15.6701,15.6701,372.0
2019-03-28 15:58:00,15.72,15.72,15.72,15.72,1939.0
2019-03-28 15:59:00,15.685,15.685,15.685,15.685,1062.0
2019-03-28 16:00:00,15.68,15.68,15.68,15.68,2018.0
2019-03-29 09:31:00,15.71,15.71,15.56,15.56,1180.0
2019-03-29 09:35:00,15.71,15.71,15.71,15.71,128.0
2019-03-29 09:40:00,15.6116,15.6116,15.6116,15.6116,158.0
2019-03-29 09:44:00,15.69,15.7,15.69,15.7,512.0
2019-03-29 10:01:00,15.74,15.74,15.74,15.74,1241.0
2019-03-29 10:02:00,15.74,15.74,15.74,15.74,190.0
2019-03-29 10:04:00,15.74,15.74,15.74,15.74,435.0
2019-03-29 10:20:00,15.75,15.75,15.75,15.75,190.0
2019-03-29 10:26:00,15.7,15.7,15.69,15.69,266.0
2019-03-29 10:34:00,15.7,15.7,15.7,15.7,211.0
2019-03-29 10:36:00,15.7,15.7,15.7,15.7,150.0
2019-03-29 10:43:00,15.7,15.7,15.69,15.69,205.0
2019-03-29 10:51:00,15.68,15.68,15.68,15.68,100.0
2019-03-29 10:56:00,15.66,15.66,15.65,15.65,2272.0
2019-03-29 11:02:00,15.61,15.61,15.61,15.61,1039.0
2019-03-29 11:06:00,15.57,15.57,15.57,15.57,521.0
2019-03-29 11:09:00,15.56,15.57,15.56,15.57,1191.0
2019-03-29 11:27:00,15.57,15.57,15.57,15.57,232.0
2019-03-29 11:36:00,15.57,15.57,15.57,15.57,555.0
2019-03-29 11:37:00,15.57,15.57,15.57,15.57,924.0
2019-03-29 11:45:00,15.58,15.58,15.58,15.58,730.0
2019-03-29 11:51:00,15.56,15.56,15.56,15.56,295.0
2019-03-29 11:54:00,15.58,15.58,15.58,15.58,100.0
2019-03-29 12:00:00,15.56,15.56,15.56,15.56,100.0
2019-03-29 12:05:00,15.57,15.57,15.57,15.57,810.0
2019-03-29 12:09:00,15.55,15.55,15.55,15.55,1999.0
2019-03-29 12:14:00,15.55,15.57,15.55,15.57,1027.0
2019-03-29 12:18:00,15.57,15.57,15.57,15.57,300.0
2019-03-29 12:29:00,15.58,15.58,15.58,15.58,456.0
2019-03-29 12:39:00,15.58,15.58,15.58,15.58,100.0
2019-03-29 12:43:00,15.55,15.58,15.55,15.58,600.0
2019-03-29 12:46:00,15.59,15.59,15.59,15.59,1100.0
2019-03-29 12:49:00,15.57,15.57,15.57,15.57,705.0
2019-03-29 13:00:00,15.57,15.57,15.57,15.57,1963.0
2019-03-29 13:01:00,15.57,15.57,15.57,15.57,733.0
2019-03-29 13:02:00,15.57,15.57,15.57,15.57,848.0
2019-03-29 13:03:00,15.57,15.57,15.57,15.57,100.0
2019-03-29 13:06:00,15.58,15.58,15.58,15.58,200.0
2019-03-29 13:09:00,15.57,15.57,15.57,15.57,205.0
2019-03-29 13:17:00,15.56,15.56,15.56,15.56,715.0
2019-03-29 13:21:00,15.55,15.55,15.55,15.55,737.0
2019-03-29 13:40:00,15.55,15.55,15.55,15.55,600.0
2019-03-29 13:47:00,15.51,15.54,15.5,15.54,3940.0
2019-03-29 13:50:00,15.56,15.56,15.56,15.56,139.0
2019-03-29 13:56:00,15.56,15.56,15.56,15.56,200.0
2019-03-29 14:01:00,15.57,15.57,15.57,15.57,600.0
2019-03-29 14:04:00,15.56,15.56,15.54,15.54,924.0
2019-03-29 14:07:00,15.56,15.56,15.56,15.56,378.0
2019-03-29 14:10:00,15.54,15.54,15.54,15.54,100.0
2019-03-29 14:12:00,15.535,15.535,15.535,15.535,148.0
2019-03-29 14:15:00,15.54,15.54,15.54,15.54,1500.0
2019-03-29 14:16:00,15.53,15.53,15.53,15.53,623.0
2019-03-29 14:23:00,15.52,15.52,15.52,15.52,990.0
2019-03-29 14:24:00,15.525,15.525,15.525,15.525,113.0
2019-03-29 14:32:00,15.525,15.525,15.525,15.525,100.0
2019-03-29 14:33:00,15.525,15.525,15.525,15.525,1864.0
2019-03-29 14:34:00,15.53,15.53,15.53,15.53,375.0
2019-03-29 14:36:00,15.525,15.525,15.525,15.525,200.0
2019-03-29 14:39:00,15.535,15.535,15.535,15.535,253.0
2019-03-29 14:44:00,15.535,15.535,15.535,15.535,100.0
2019-03-29 14:45:00,15.535,15.535,15.535,15.535,800.0
2019-03-29 14:50:00,15.55,15.55,15.55,15.55,100.0
2019-03-29 14:52:00,15.55,15.55,15.55,15.55,283.0
2019-03-29 14:57:00,15.55,15.55,15.55,15.55,200.0
2019-03-29 14:59:00,15.545,15.545,15.545,15.545,200.0
2019-03-29 15:00:00,15.6,15.6,15.54,15.54,2100.0
2019-03-29 15:05:00,15.57,15.57,15.57,15.57,100.0
2019-03-29 15:08:00,15.57,15.57,15.57,15.57,100.0
2019-03-29 15:10:00,15.56,15.58,15.56,15.58,1658.0
2019-03-29 15:11:00,15.56,15.56,15.56,15.56,505.0
2019-03-29 15:13:00,15.56,15.56,15.56,15.56,1015.0
2019-03-29 15:14:00,15.55,15.55,15.55,15.55,600.0
2019-03-29 15:16:00,15.55,15.55,15.55,15.55,400.0
2019-03-29 15:17:00,15.54,15.54,15.54,15.54,823.0
2019-03-29 15:18:00,15.55,15.55,15.55,15.55,700.0
2019-03-29 15:22:00,15.545,15.545,15.545,15.545,200.0
2019-03-29 15:23:00,15.585,15.585,15.585,15.585,508.0
2019-03-29 15:26:00,15.55,15.56,15.55,15.56,1803.0
2019-03-29 15:27:00,15.56,15.585,15.56,15.585,1227.0
2019-03-29 15:28:00,15.585,15.585,15.585,15.585,160.0
2019-03-29 15:29:00,15.54,15.54,15.54,15.54,800.0
2019-03-29 15:30:00,15.54,15.54,15.54,15.54,358.0
2019-03-29 15:32:00,15.56,15.56,15.56,15.56,600.0
2019-03-29 15:34:00,15.55,15.55,15.55,15.55,1260.0
2019-03-29 15:37:00,15.615,15.615,15.615,15.615,242.0
2019-03-29 15:39:00,15.68,15.68,15.65,15.65,1443.0
2019-03-29 15:40:00,15.66,15.66,15.66,15.66,1037.0
2019-03-29 15:41:00,15.65,15.69,15.65,15.69,1400.0
2019-03-29 15:42:00,15.66,15.66,15.66,15.66,453.0
2019-03-29 15:44:00,15.65,15.65,15.65,15.65,641.0
2019-03-29 15:45:00,15.7,15.7,15.7,15.7,1438.0
2019-03-29 15:46:00,15.69,15.69,15.69,15.69,1000.0
2019-03-29 15:47:00,15.69,15.69,15.69,15.69,1025.0
2019-03-29 15:48:00,15.67,15.67,15.67,15.67,903.0
2019-03-29 15:49:00,15.65,15.65,15.65,15.65,661.0
2019-03-29 15:50:00,15.67,15.67,15.67,15.67,525.0
2019-03-29 15:51:00,15.69,15.7,15.69,15.7,2402.0
2019-03-29 15:52:00,15.7,15.7,15.7,15.7,900.0
2019-03-29 15:53:00,15.7,15.7,15.7,15.7,547.0
2019-03-29 15:54:00,15.69,15.69,15.66,15.66,1350.0
2019-03-29 15:56:00,15.73,15.7399,15.73,15.7399,2902.0
2019-03-29 15:57:00,15.7399,15.7399,15.7399,15.7399,710.0
2019-03-29 15:58:00,15.72,15.72,15.72,15.72,1318.0
2019-03-29 15:59:00,15.65,15.65,15.65,15.65,1106.0
2019-03-29 16:00:00,15.7,15.7,15.69,15.69,2119.0
2019-04-01 09:31:00,15.79,15.79,15.79,15.79,1777.0
2019-04-01 10:02:00,15.78,15.78,15.78,15.78,342.0
2019-04-01 10:07:00,15.79,15.79,15.79,15.79,786.0
2019-04-01 10:20:00,15.84,15.84,15.84,15.84,100.0
2019-04-01 10:21:00,15.7901,15.7901,15.7901,15.7901,269.0
2019-04-01 10:23:00,15.71,15.71,15.71,15.71,1343.0
2019-04-01 10:25:00,15.7581,15.7581,15.7581,15.7581,1004.0
2019-04-01 10:39:00,15.67,15.67,15.67,15.67,1307.0
2019-04-01 10:49:00,15.71,15.71,15.71,15.71,440.0
2019-04-01 10:51:00,15.68,15.68,15.68,15.68,1735.0
2019-04-01 10:53:00,15.77,15.77,15.77,15.77,700.0
2019-04-01 10:54:00,15.75,15.75,15.75,15.75,1220.0
2019-04-01 10:55:00,15.76,15.76,15.76,15.76,2061.0
2019-04-01 10:57:00,15.75,15.75,15.75,15.75,1010.0
2019-04-01 10:59:00,15.75,15.77,15.75,15.77,2637.0
2019-04-01 11:01:00,15.7,15.7,15.63,15.63,1795.0
2019-04-01 11:03:00,15.74,15.74,15.74,15.74,1429.0
2019-04-01 11:04:00,15.72,15.72,15.72,15.72,628.0
2019-04-01 11:05:00,15.66,15.66,15.66,15.66,1472.0
2019-04-01 11:07:00,15.69,15.69,15.69,15.69,1010.0
2019-04-01 11:08:00,15.73,15.73,15.73,15.73,2022.0
2019-04-01 11:09:00,15.68,15.68,15.68,15.68,1058.0
2019-04-01 11:10:00,15.66,15.66,15.66,15.66,2023.0
2019-04-01 11:11:00,15.7,15.7,15.7,15.7,496.0
2019-04-01 11:12:00,15.68,15.68,15.68,15.68,170.0
2019-04-01 11:14:00,15.65,15.65,15.65,15.65,540.0
2019-04-01 11:15:00,15.75,15.75,15.75,15.75,2711.0
2019-04-01 11:17:00,15.73,15.73,15.73,15.73,462.0
2019-04-01 11:18:00,15.67,15.67,15.67,15.67,3510.0
2019-04-01 11:19:00,15.68,15.68,15.68,15.68,500.0
2019-04-01 11:21:00,15.68,15.68,15.68,15.68,831.0
2019-04-01 11:22:00,15.69,15.69,15.69,15.69,405.0
2019-04-01 11:23:00,15.73,15.73,15.73,15.73,2955.0
2019-04-01 11:25:00,15.73,15.73,15.73,15.73,1354.0
2019-04-01 11:27:00,15.67,15.67,15.67,15.67,1518.0
2019-04-01 11:28:00,15.69,15.69,15.69,15.69,600.0
2019-04-01 11:29:00,15.69,15.69,15.69,15.69,560.0
2019-04-01 11:31:00,15.67,15.67,15.67,15.67,590.0
2019-04-01 11:33:00,15.74,15.74,15.74,15.74,620.0
2019-04-01 11:34:00,15.74,15.74,15.74,15.74,1271.0
2019-04-01 11:35:00,15.73,15.73,15.72,15.72,1781.0
2019-04-01 11:36:00,15.72,15.72,15.72,15.72,200.0
2019-04-01 11:37:00,15.7,15.7,15.7,15.7,1588.0
2019-04-01 11:38:00,15.66,15.66,15.66,15.66,647.0
2019-04-01 11:39:00,15.69,15.69,15.69,15.69,960.0
2019-04-01 11:40:00,15.75,15.75,15.75,15.75,1935.0
2019-04-01 11:41:00,15.71,15.71,15.71,15.71,1021.0
2019-04-01 11:43:00,15.72,15.72,15.72,15.72,771.0
2019-04-01 11:44:00,15.73,15.73,15.72,15.72,1067.0
2019-04-01 11:46:00,15.71,15.71,15.71,15.71,694.0
2019-04-01 11:47:00,15.69,15.69,15.69,15.69,946.0
2019-04-01 11:48:00,15.68,15.68,15.68,15.68,690.0
2019-04-01 11:49:00,15.69,15.69,15.69,15.69,230.0
2019-04-01 11:51:00,15.69,15.69,15.69,15.69,1208.0
2019-04-01 11:52:00,15.71,15.73,15.71,15.73,3009.0
2019-04-01 11:55:00,15.77,15.77,15.77,15.77,640.0
2019-04-01 11:57:00,15.72,15.72,15.72,15.72,370.0
2019-04-01 11:58:00,15.67,15.67,15.67,15.67,410.0
2019-04-01 11:59:00,15.69,15.69,15.69,15.69,1501.0
2019-04-01 12:00:00,15.69,15.69,15.69,15.69,849.0
2019-04-01 12:02:00,15.7,15.7,15.7,15.7,940.0
2019-04-01 12:03:00,15.73,15.73,15.71,15.71,1947.0
2019-04-01 12:04:00,15.73,15.73,15.73,15.73,240.0
2019-04-01 12:06:00,15.69,15.69,15.69,15.69,710.0
2019-04-01 12:07:00,15.6805,15.6805,15.6805,15.6805,1108.0
2019-04-01 12:20:00,15.65,15.65,15.65,15.65,600.0
2019-04-01 12:38:00,15.765,15.765,15.765,15.765,100.0
2019-04-01 12:45:00,15.62,15.62,15.62,15.62,570.0
2019-04-01 12:51:00,15.69,15.69,15.69,15.69,478.0
2019-04-01 12:52:00,15.78,15.78,15.78,15.78,470.0
2019-04-01 12:53:00,15.71,15.71,15.71,15.71,1010.0
2019-04-01 14:00:00,15.69,15.69,15.69,15.69,101.0
2019-04-01 14:02:00,15.68,15.68,15.68,15.68,361.0
2019-04-01 14:04:00,15.6771,15.6771,15.6771,15.6771,461.0
2019-04-01 14:28:00,15.66,15.66,15.6001,15.6001,636.0
2019-04-01 14:32:00,15.6211,15.6211,15.6211,15.6211,131.0
2019-04-01 15:18:00,15.6,15.6,15.6,15.6,325.0
2019-04-01 15:28:00,15.6277,15.6277,15.61,15.61,4420.0
2019-04-01 15:30:00,15.58,15.58,15.58,15.58,4928.0
2019-04-01 15:45:00,15.6,15.61,15.6,15.61,605.0
2019-04-01 15:51:00,15.65,15.65,15.65,15.65,100.0
2019-04-01 15:56:00,15.6,15.6,15.6,15.6,507.0
2019-04-01 15:57:00,15.6,15.6,15.6,15.6,1175.0
2019-04-01 15:58:00,15.61,15.61,15.58,15.58,2075.0
2019-04-01 16:00:00,15.59,15.6,15.59,15.6,2506.0
2019-04-02 09:31:00,15.61,15.61,15.61,15.61,405.0
2019-04-02 09:56:00,15.61,15.61,15.61,15.61,301.0
2019-04-02 09:57:00,15.6,15.6,15.6,15.6,815.0
2019-04-02 09:58:00,15.6,15.6,15.6,15.6,1068.0
2019-04-02 09:59:00,15.68,15.68,15.68,15.68,893.0
2019-04-02 10:00:00,15.63,15.63,15.63,15.63,304.0
2019-04-02 10:01:00,15.6,15.6,15.57,15.57,1787.0
2019-04-02 10:02:00,15.6,15.61,15.6,15.61,1676.0
2019-04-02 10:04:00,15.64,15.64,15.64,15.64,386.0
2019-04-02 10:05:00,15.64,15.64,15.64,15.64,741.0
2019-04-02 10:19:00,15.7,15.7,15.7,15.7,297.0
2019-04-02 10:45:00,15.645,15.645,15.645,15.645,100.0
2019-04-02 11:00:00,15.6325,15.6325,15.6325,15.6325,200.0
2019-04-02 11:08:00,15.61,15.62,15.61,15.62,1149.0
2019-04-02 11:09:00,15.59,15.59,15.59,15.59,252.0
2019-04-02 11:10:00,15.6,15.625,15.6,15.625,2063.0
2019-04-02 11:12:00,15.6,15.6,15.59,15.59,1017.0
2019-04-02 11:13:00,15.6,15.6,15.6,15.6,1207.0
2019-04-02 11:28:00,15.635,15.635,15.635,15.635,113.0
2019-04-02 12:16:00,15.59,15.59,15.59,15.59,561.0
2019-04-02 12:17:00,15.63,15.63,15.63,15.63,1140.0
2019-04-02 12:18:00,15.67,15.67,15.67,15.67,527.0
2019-04-02 12:19:00,15.67,15.67,15.67,15.67,1706.0
2019-04-02 12:20:00,15.67,15.67,15.67,15.67,1832.0
2019-04-02 12:21:00,15.67,15.69,15.65,15.69,3036.0
2019-04-02 12:23:00,15.66,15.66,15.66,15.66,560.0
2019-04-02 12:24:00,15.64,15.64,15.64,15.64,1184.0
2019-04-02 12:25:00,15.61,15.61,15.61,15.61,1938.0
2019-04-02 12:26:00,15.6,15.6,15.6,15.6,1167.0
2019-04-02 12:27:00,15.61,15.61,15.61,15.61,1057.0
2019-04-02 12:28:00,15.65,15.65,15.65,15.65,1604.0
2019-04-02 12:29:00,15.6,15.6,15.6,15.6,675.0
2019-04-02 12:33:00,15.6,15.63,15.6,15.63,1310.0
2019-04-02 12:38:00,15.57,15.58,15.57,15.58,1452.0
2019-04-02 12:39:00,15.58,15.58,15.58,15.58,189.0
2019-04-02 12:40:00,15.59,15.61,15.59,15.6,1794.0
2019-04-02 12:41:00,15.59,15.59,15.59,15.59,1293.0
2019-04-02 12:42:00,15.6,15.6,15.6,15.6,665.0
2019-04-02 12:43:00,15.6,15.6,15.58,15.58,2297.0
2019-04-02 12:44:00,15.55,15.55,15.55,15.55,1797.0
2019-04-02 12:46:00,15.58,15.58,15.58,15.58,250.0
2019-04-02 12:47:00,15.59,15.59,15.59,15.59,340.0
2019-04-02 12:48:00,15.62,15.62,15.62,15.62,1907.0
2019-04-02 12:49:00,15.61,15.61,15.6,15.6,1396.0
2019-04-02 12:50:00,15.59,15.59,15.59,15.59,318.0
2019-04-02 12:51:00,15.65,15.65,15.65,15.65,664.0
2019-04-02 12:52:00,15.61,15.65,15.61,15.65,823.0
2019-04-02 12:53:00,15.58,15.58,15.58,15.58,1158.0
2019-04-02 12:54:00,15.58,15.58,15.58,15.58,381.0
2019-04-02 12:55:00,15.6,15.6,15.6,15.6,449.0
2019-04-02 12:56:00,15.59,15.59,15.59,15.59,981.0
2019-04-02 12:57:00,15.59,15.59,15.59,15.59,1367.0
2019-04-02 12:58:00,15.59,15.6,15.59,15.6,1442.0
2019-04-02 12:59:00,15.61,15.61,15.59,15.59,1032.0
2019-04-02 13:02:00,15.57,15.57,15.57,15.57,250.0
2019-04-02 13:03:00,15.58,15.58,15.58,15.58,1153.0
2019-04-02 13:04:00,15.61,15.63,15.61,15.63,2397.0
2019-04-02 13:05:00,15.6,15.6,15.6,15.6,359.0
2019-04-02 13:06:00,15.59,15.59,15.59,15.59,1600.0
2019-04-02 13:08:00,15.62,15.64,15.62,15.64,1474.0
2019-04-02 13:09:00,15.61,15.61,15.61,15.61,418.0
2019-04-02 13:10:00,15.58,15.58,15.58,15.58,1151.0
2019-04-02 13:12:00,15.58,15.58,15.58,15.58,210.0
2019-04-02 13:14:00,15.57,15.57,15.57,15.57,680.0
2019-04-02 13:16:00,15.59,15.59,15.59,15.59,380.0
2019-04-02 13:17:00,15.61,15.62,15.61,15.62,1189.0
2019-04-02 13:18:00,15.62,15.62,15.62,15.62,892.0
2019-04-02 13:19:00,15.61,15.61,15.61,15.61,1580.0
2019-04-02 13:21:00,15.59,15.62,15.59,15.62,922.0
2019-04-02 13:22:00,15.61,15.61,15.61,15.61,594.0
2019-04-02 13:38:00,15.69,15.69,15.69,15.69,305.0
2019-04-02 13:39:00,15.68,15.68,15.68,15.68,120.0
2019-04-02 13:50:00,15.69,15.69,15.69,15.69,179.0
2019-04-02 13:57:00,15.6473,15.6473,15.6473,15.6473,151.0
2019-04-02 14:01:00,15.69,15.69,15.69,15.69,172.0
2019-04-02 14:14:00,15.5601,15.5601,15.5601,15.5601,237.0
2019-04-02 14:20:00,15.69,15.69,15.69,15.69,100.0
2019-04-02 14:30:00,15.69,15.69,15.69,15.69,100.0
2019-04-02 14:37:00,15.635,15.635,15.635,15.635,125.0
2019-04-02 14:40:00,15.69,15.69,15.69,15.69,100.0
2019-04-02 14:49:00,15.69,15.69,15.69,15.69,300.0
2019-04-02 14:57:00,15.69,15.69,15.69,15.69,100.0
2019-04-02 15:00:00,15.69,15.69,15.69,15.69,100.0
2019-04-02 15:05:00,15.69,15.69,15.69,15.69,110.0
2019-04-02 15:13:00,15.69,15.69,15.69,15.69,200.0
2019-04-02 15:21:00,15.69,15.69,15.69,15.69,100.0
2019-04-02 15:27:00,15.69,15.69,15.69,15.69,100.0
2019-04-02 15:28:00,15.585,15.585,15.585,15.585,100.0
2019-04-02 15:33:00,15.68,15.68,15.68,15.68,100.0
2019-04-02 15:38:00,15.68,15.68,15.68,15.68,100.0
2019-04-02 15:41:00,15.67,15.67,15.67,15.67,200.0
2019-04-02 15:43:00,15.68,15.68,15.68,15.68,200.0
2019-04-02 15:46:00,15.68,15.68,15.68,15.68,201.0
2019-04-02 15:49:00,15.63,15.68,15.63,15.68,305.0
2019-04-02 15:55:00,15.67,15.67,15.67,15.67,202.0
2019-04-02 15:56:00,15.6799,15.6799,15.6799,15.6799,1160.0
2019-04-02 15:58:00,15.68,15.68,15.68,15.68,206.0
2019-04-02 16:00:00,15.63,15.67,15.63,15.67,2323.0
2019-04-03 09:31:00,15.7,15.7,15.7,15.7,2260.0
2019-04-03 09:44:00,15.7,15.7,15.7,15.7,229.0
2019-04-03 09:47:00,15.7,15.7,15.7,15.7,447.0
2019-04-03 09:48:00,15.7,15.7,15.7,15.7,200.0
2019-04-03 09:51:00,15.67,15.67,15.67,15.67,141.0
2019-04-03 09:55:00,15.63,15.63,15.63,15.63,740.0
2019-04-03 09:57:00,15.66,15.66,15.66,15.66,1329.0
2019-04-03 09:59:00,15.68,15.68,15.68,15.68,721.0
2019-04-03 10:19:00,15.65,15.65,15.65,15.65,416.0
2019-04-03 10:48:00,15.63,15.63,15.63,15.63,327.0
2019-04-03 10:51:00,15.63,15.63,15.63,15.63,666.0
2019-04-03 10:52:00,15.67,15.67,15.67,15.67,1062.0
2019-04-03 10:53:00,15.64,15.64,15.64,15.64,796.0
2019-04-03 10:54:00,15.64,15.64,15.64,15.64,266.0
2019-04-03 10:55:00,15.625,15.625,15.625,15.625,619.0
2019-04-03 10:56:00,15.66,15.66,15.66,15.66,1306.0
2019-04-03 10:57:00,15.65,15.65,15.65,15.65,1510.0
2019-04-03 10:58:00,15.64,15.64,15.64,15.64,554.0
2019-04-03 11:02:00,15.68,15.68,15.68,15.68,646.0
2019-04-03 11:13:00,15.655,15.655,15.655,15.655,157.0
2019-04-03 11:18:00,15.64,15.64,15.64,15.64,1109.0
2019-04-03 12:28:00,15.62,15.67,15.62,15.67,1540.0
2019-04-03 12:34:00,15.65,15.65,15.65,15.65,100.0
2019-04-03 12:36:00,15.62,15.62,15.62,15.62,312.0
2019-04-03 12:39:00,15.6304,15.6304,15.6304,15.6304,100.0
2019-04-03 12:45:00,15.67,15.67,15.67,15.67,132.0
2019-04-03 12:52:00,15.6444,15.6444,15.6444,15.6444,600.0
2019-04-03 12:59:00,15.65,15.65,15.65,15.65,101.0
2019-04-03 13:22:00,15.6499,15.6499,15.6499,15.6499,484.0
2019-04-03 13:48:00,15.6,15.6,15.6,15.6,304.0
2019-04-03 14:10:00,15.5571,15.5571,15.5571,15.5571,450.0
2019-04-03 14:16:00,15.5478,15.5478,15.5478,15.5478,428.0
2019-04-03 14:18:00,15.57,15.57,15.57,15.57,429.0
2019-04-03 14:24:00,15.5614,15.5614,15.5614,15.5614,401.0
2019-04-03 14:38:00,15.54,15.54,15.54,15.54,100.0
2019-04-03 14:40:00,15.57,15.57,15.57,15.57,237.0
2019-04-03 14:41:00,15.53,15.57,15.53,15.57,259.0
2019-04-03 15:11:00,15.57,15.57,15.57,15.57,110.0
2019-04-03 15:23:00,15.52,15.52,15.52,15.52,1075.0
2019-04-03 15:35:00,15.57,15.57,15.57,15.57,281.0
2019-04-03 15:41:00,15.56,15.56,15.56,15.56,317.0
2019-04-03 15:44:00,15.56,15.56,15.56,15.56,231.0
2019-04-03 15:49:00,15.52,15.52,15.52,15.52,464.0
2019-04-03 15:53:00,15.56,15.56,15.56,15.56,138.0
2019-04-03 15:56:00,15.56,15.56,15.56,15.56,359.0
2019-04-03 15:58:00,15.56,15.56,15.56,15.56,603.0
2019-04-03 16:00:00,15.53,15.53,15.53,15.53,1183.0
