
2019-03-19 09:31:00,9.7,9.7,9.7,9.7,0.0
2019-03-19 09:34:00,9.7137,9.7137,9.7137,9.7137,400.0
2019-03-19 09:38:00,9.7186,9.7186,9.7186,9.7186,1381.0
2019-03-19 09:40:00,9.72,9.72,9.72,9.72,342.0
2019-03-19 09:43:00,9.7328,9.7328,9.7328,9.7328,1364.0
2019-03-19 09:48:00,9.7297,9.7297,9.7297,9.7297,304.0
2019-03-19 09:57:00,9.743,9.743,9.743,9.743,303.0
2019-03-19 10:01:00,9.73,9.73,9.73,9.73,497.0
2019-03-19 10:04:00,9.7397,9.7397,9.7397,9.7397,614.0
2019-03-19 10:06:00,9.7321,9.7321,9.7321,9.7321,100.0
2019-03-19 10:10:00,9.76,9.76,9.76,9.76,497.0
2019-03-19 10:18:00,9.76,9.76,9.76,9.76,101.0
2019-03-19 10:23:00,9.76,9.76,9.76,9.76,100.0
2019-03-19 10:28:00,9.76,9.76,9.76,9.76,100.0
2019-03-19 10:29:00,9.7556,9.7556,9.7556,9.7556,630.0
2019-03-19 10:34:00,9.7595,9.7595,9.7595,9.7595,782.0
2019-03-19 10:38:00,9.7514,9.7514,9.7514,9.7514,100.0
2019-03-19 10:39:00,9.76,9.76,9.76,9.76,104.0
2019-03-19 10:45:00,9.75,9.75,9.75,9.75,100.0
2019-03-19 10:46:00,9.76,9.76,9.76,9.76,199.0
2019-03-19 10:54:00,9.75,9.75,9.75,9.75,200.0
2019-03-19 10:55:00,9.7603,9.7603,9.7603,9.7603,400.0
2019-03-19 11:01:00,9.76,9.76,9.76,9.76,300.0
2019-03-19 11:08:00,9.75,9.75,9.75,9.75,1400.0
2019-03-19 11:10:00,9.75,9.75,9.75,9.75,1738.0
2019-03-19 11:13:00,9.745,9.745,9.745,9.745,300.0
2019-03-19 11:17:00,9.745,9.75,9.745,9.75,540.0
2019-03-19 11:32:00,9.76,9.76,9.76,9.76,107.0
2019-03-19 11:34:00,9.75,9.75,9.75,9.75,450.0
2019-03-19 11:35:00,9.75,9.75,9.75,9.75,600.0
2019-03-19 11:49:00,9.7672,9.7672,9.7672,9.7672,317.0
2019-03-19 12:09:00,9.78,9.783,9.78,9.783,1500.0
2019-03-19 12:13:00,9.79,9.79,9.79,9.79,2100.0
2019-03-19 12:17:00,9.79,9.79,9.79,9.79,400.0
2019-03-19 12:24:00,9.7892,9.7892,9.7892,9.7892,2000.0
2019-03-19 12:27:00,9.79,9.79,9.79,9.79,104.0
2019-03-19 12:48:00,9.77,9.77,9.77,9.77,596.0
2019-03-19 12:50:00,9.76,9.76,9.76,9.76,499.0
2019-03-19 12:56:00,9.742,9.742,9.742,9.742,5500.0
2019-03-19 12:57:00,9.76,9.76,9.76,9.76,837.0
2019-03-19 13:06:00,9.78,9.78,9.78,9.78,475.0
2019-03-19 13:17:00,9.771,9.771,9.771,9.771,212.0
2019-03-19 13:20:00,9.77,9.77,9.77,9.77,105.0
2019-03-19 13:35:00,9.7761,9.7761,9.7761,9.7761,250.0
2019-03-19 13:46:00,9.78,9.78,9.78,9.78,100.0
2019-03-19 13:50:00,9.77,9.77,9.77,9.77,100.0
2019-03-19 13:53:00,9.7777,9.7777,9.7777,9.7777,633.0
2019-03-19 13:59:00,9.7828,9.7828,9.7828,9.7828,1404.0
2019-03-19 14:10:00,9.77,9.77,9.77,9.77,600.0
2019-03-19 14:13:00,9.76,9.76,9.76,9.76,1050.0
2019-03-19 14:16:00,9.7642,9.7642,9.76,9.76,5650.0
2019-03-19 14:31:00,9.76,9.76,9.76,9.76,150.0
2019-03-19 14:41:00,9.7594,9.7594,9.7594,9.7594,785.0
2019-03-19 14:46:00,9.77,9.77,9.77,9.77,100.0
2019-03-19 14:51:00,9.75,9.75,9.75,9.75,725.0
2019-03-19 15:00:00,9.74,9.74,9.74,9.74,100.0
2019-03-19 15:04:00,9.74,9.74,9.74,9.74,1100.0
2019-03-19 15:08:00,9.7466,9.7466,9.7466,9.7466,596.0
2019-03-19 15:13:00,9.73,9.73,9.73,9.73,4448.0
2019-03-19 15:16:00,9.723,9.723,9.723,9.723,1500.0
2019-03-19 15:18:00,9.725,9.725,9.72,9.72,800.0
2019-03-19 15:27:00,9.7199,9.7199,9.7199,9.7199,500.0
2019-03-19 15:31:00,9.7134,9.7134,9.7134,9.7134,1100.0
2019-03-19 15:35:00,9.7075,9.7075,9.7075,9.7075,1400.0
2019-03-19 15:42:00,9.7015,9.7015,9.7015,9.7015,100.0
2019-03-19 15:45:00,9.705,9.705,9.705,9.705,1100.0
2019-03-19 15:50:00,9.705,9.705,9.705,9.705,188.0
2019-03-19 15:56:00,9.705,9.705,9.705,9.705,588.0
2019-03-19 15:57:00,9.71,9.71,9.71,9.71,100.0
2019-03-19 15:58:00,9.71,9.71,9.71,9.71,154.0
2019-03-20 09:31:00,9.7,9.7,9.7,9.7,0.0
2019-03-20 09:50:00,9.685,9.685,9.685,9.685,600.0
2019-03-20 09:52:00,9.68,9.68,9.68,9.68,100.0
2019-03-20 09:58:00,9.7,9.7,9.7,9.7,382.0
2019-03-20 10:05:00,9.68,9.68,9.68,9.68,150.0
2019-03-20 10:13:00,9.66,9.66,9.66,9.66,600.0
2019-03-20 10:26:00,9.65,9.65,9.65,9.65,200.0
2019-03-20 10:31:00,9.67,9.67,9.67,9.67,1652.0
2019-03-20 10:32:00,9.68,9.68,9.68,9.68,300.0
2019-03-20 10:34:00,9.69,9.69,9.69,9.69,1100.0
2019-03-20 10:40:00,9.67,9.67,9.67,9.67,306.0
2019-03-20 10:48:00,9.6994,9.6994,9.6994,9.6994,169.0
2019-03-20 10:52:00,9.7,9.7,9.7,9.7,800.0
2019-03-20 10:53:00,9.7,9.7,9.7,9.7,900.0
2019-03-20 10:55:00,9.7,9.7,9.7,9.7,201.0
2019-03-20 11:04:00,9.69,9.69,9.69,9.69,100.0
2019-03-20 11:17:00,9.7,9.7,9.7,9.7,140.0
2019-03-20 11:18:00,9.7,9.7,9.7,9.7,240.0
2019-03-20 11:24:00,9.7256,9.7256,9.7256,9.7256,1049.0
2019-03-20 11:26:00,9.7107,9.7107,9.7107,9.7107,659.0
2019-03-20 11:35:00,9.7158,9.7158,9.7158,9.7158,131.0
2019-03-20 11:39:00,9.72,9.72,9.72,9.72,100.0
2019-03-20 11:44:00,9.71,9.71,9.71,9.71,107.0
2019-03-20 11:57:00,9.7,9.7,9.7,9.7,1433.0
2019-03-20 12:06:00,9.708,9.708,9.69,9.69,1300.0
2019-03-20 12:07:00,9.7099,9.7099,9.7099,9.7099,3402.0
2019-03-20 12:08:00,9.7099,9.7099,9.7099,9.7099,1002.0
2019-03-20 12:09:00,9.71,9.71,9.71,9.71,2212.0
2019-03-20 12:10:00,9.71,9.71,9.71,9.71,399.0
2019-03-20 12:13:00,9.71,9.71,9.71,9.71,165.0
2019-03-20 12:33:00,9.701,9.701,9.701,9.701,400.0
2019-03-20 12:36:00,9.7,9.7,9.7,9.7,665.0
2019-03-20 13:28:00,9.7199,9.7199,9.7199,9.7199,1000.0
2019-03-20 13:38:00,9.715,9.72,9.715,9.72,500.0
2019-03-20 13:54:00,9.7212,9.7212,9.7212,9.7212,500.0
2019-03-20 13:55:00,9.7299,9.7299,9.7299,9.7299,1260.0
2019-03-20 13:59:00,9.72,9.72,9.72,9.72,1360.0
2019-03-20 14:01:00,9.74,9.74,9.74,9.74,450.0
2019-03-20 14:04:00,9.75,9.75,9.75,9.75,443.0
2019-03-20 14:06:00,9.78,9.78,9.78,9.78,1043.0
2019-03-20 14:22:00,9.77,9.77,9.77,9.77,100.0
2019-03-20 14:25:00,9.761,9.761,9.761,9.761,1600.0
2019-03-20 14:31:00,9.7799,9.7799,9.7799,9.7799,1603.0
2019-03-20 14:34:00,9.79,9.79,9.79,9.79,822.0
2019-03-20 14:38:00,9.8,9.8,9.8,9.8,1000.0
2019-03-20 14:46:00,9.8,9.8,9.8,9.8,824.0
2019-03-20 14:48:00,9.82,9.82,9.82,9.82,480.0
2019-03-20 15:06:00,9.81,9.81,9.81,9.81,986.0
2019-03-20 15:17:00,9.8099,9.8099,9.8099,9.8099,601.0
2019-03-20 15:22:00,9.805,9.805,9.803,9.803,317.0
2019-03-20 15:26:00,9.8,9.8,9.8,9.8,529.0
2019-03-20 15:29:00,9.8,9.8,9.8,9.8,200.0
2019-03-20 15:31:00,9.8,9.8,9.8,9.8,2242.0
2019-03-20 15:32:00,9.8,9.8,9.8,9.8,408.0
2019-03-20 15:33:00,9.8,9.8,9.8,9.8,1600.0
2019-03-20 15:34:00,9.8,9.8,9.8,9.8,600.0
2019-03-20 15:35:00,9.8001,9.8001,9.8001,9.8001,5100.0
2019-03-20 15:36:00,9.795,9.7999,9.795,9.7999,2602.0
2019-03-20 15:43:00,9.8,9.8,9.8,9.8,1400.0
2019-03-20 15:44:00,9.7937,9.7937,9.7937,9.7937,6468.0
2019-03-20 15:46:00,9.78,9.79,9.78,9.785,400.0
2019-03-20 15:47:00,9.79,9.79,9.79,9.79,700.0
2019-03-20 15:49:00,9.8044,9.8044,9.8044,9.8044,1468.0
2019-03-20 15:52:00,9.79,9.79,9.79,9.79,100.0
2019-03-20 15:53:00,9.78,9.78,9.78,9.78,6300.0
2019-03-20 15:58:00,9.77,9.77,9.77,9.77,275.0
2019-03-20 15:59:00,9.76,9.76,9.76,9.76,3668.0
2019-03-20 16:00:00,9.76,9.78,9.76,9.78,354.0
2019-03-21 09:31:00,9.76,9.77,9.76,9.77,7533.0
2019-03-21 09:32:00,9.795,9.795,9.795,9.795,7733.0
2019-03-21 09:36:00,9.77,9.77,9.77,9.77,700.0
2019-03-21 09:37:00,9.7744,9.7744,9.7744,9.7744,2109.0
2019-03-21 09:38:00,9.78,9.79,9.78,9.79,400.0
2019-03-21 09:39:00,9.79,9.79,9.79,9.79,500.0
2019-03-21 09:41:00,9.77,9.774,9.745,9.745,1100.0
2019-03-21 09:43:00,9.765,9.765,9.765,9.765,1270.0
2019-03-21 09:56:00,9.7601,9.7601,9.7601,9.7601,100.0
2019-03-21 09:57:00,9.76,9.79,9.76,9.79,1230.0
2019-03-21 10:01:00,9.78,9.78,9.78,9.78,270.0
2019-03-21 10:07:00,9.81,9.81,9.81,9.81,170.0
2019-03-21 10:08:00,9.805,9.805,9.805,9.805,370.0
2019-03-21 10:09:00,9.8091,9.8091,9.8091,9.8091,1200.0
2019-03-21 10:13:00,9.81,9.81,9.81,9.81,1670.0
2019-03-21 10:15:00,9.83,9.83,9.82,9.83,1230.0
2019-03-21 10:18:00,9.8129,9.8129,9.8129,9.8129,1713.0
2019-03-21 10:29:00,9.81,9.81,9.81,9.81,300.0
2019-03-21 10:31:00,9.81,9.81,9.81,9.81,900.0
2019-03-21 10:33:00,9.831,9.831,9.831,9.831,2400.0
2019-03-21 10:36:00,9.81,9.81,9.81,9.81,100.0
2019-03-21 10:45:00,9.82,9.82,9.82,9.82,299.0
2019-03-21 10:50:00,9.829,9.829,9.829,9.829,5682.0
2019-03-21 10:53:00,9.83,9.83,9.83,9.83,738.0
2019-03-21 11:04:00,9.82,9.86,9.82,9.86,901.0
2019-03-21 11:16:00,9.85,9.85,9.85,9.85,150.0
2019-03-21 11:17:00,9.8467,9.8467,9.8467,9.8467,1950.0
2019-03-21 11:22:00,9.84,9.84,9.84,9.84,106.0
2019-03-21 11:25:00,9.84,9.84,9.84,9.84,1675.0
2019-03-21 11:30:00,9.85,9.85,9.85,9.85,172.0
2019-03-21 11:31:00,9.85,9.85,9.85,9.85,100.0
2019-03-21 11:36:00,9.85,9.85,9.85,9.85,100.0
2019-03-21 11:39:00,9.85,9.85,9.85,9.85,106.0
2019-03-21 11:40:00,9.84,9.84,9.84,9.84,200.0
2019-03-21 11:42:00,9.8346,9.8346,9.8346,9.8346,407.0
2019-03-21 11:54:00,9.8401,9.8401,9.8401,9.8401,749.0
2019-03-21 11:58:00,9.831,9.831,9.831,9.831,726.0
2019-03-21 11:59:00,9.84,9.84,9.84,9.84,300.0
2019-03-21 12:08:00,9.83,9.83,9.83,9.83,200.0
2019-03-21 12:14:00,9.82,9.82,9.82,9.82,100.0
2019-03-21 12:16:00,9.82,9.82,9.82,9.82,880.0
2019-03-21 12:23:00,9.82,9.82,9.82,9.82,181.0
2019-03-21 12:30:00,9.81,9.81,9.81,9.81,249.0
2019-03-21 12:40:00,9.7907,9.7907,9.7907,9.7907,1198.0
2019-03-21 12:45:00,9.79,9.79,9.79,9.79,675.0
2019-03-21 13:03:00,9.8,9.8,9.8,9.8,100.0
2019-03-21 13:09:00,9.8286,9.8286,9.8286,9.8286,875.0
2019-03-21 13:16:00,9.81,9.81,9.8096,9.8096,7244.0
2019-03-21 13:28:00,9.81,9.81,9.81,9.81,100.0
2019-03-21 13:31:00,9.8,9.8,9.8,9.8,3124.0
2019-03-21 13:32:00,9.8,9.8,9.8,9.8,425.0
2019-03-21 13:45:00,9.8099,9.8099,9.8099,9.8099,501.0
2019-03-21 13:47:00,9.82,9.82,9.82,9.82,2906.0
2019-03-21 13:52:00,9.8281,9.8281,9.8281,9.8281,543.0
2019-03-21 13:57:00,9.8327,9.8327,9.8327,9.8327,1624.0
2019-03-21 14:02:00,9.83,9.83,9.83,9.83,460.0
2019-03-21 14:09:00,9.84,9.84,9.84,9.84,257.0
2019-03-21 14:11:00,9.8432,9.8432,9.8432,9.8432,1180.0
2019-03-21 14:19:00,9.8599,9.87,9.8599,9.87,3312.0
2019-03-21 14:25:00,9.865,9.8702,9.865,9.8702,1925.0
2019-03-21 14:28:00,9.8733,9.8733,9.8733,9.8733,475.0
2019-03-21 14:30:00,9.8642,9.8642,9.8642,9.8642,1000.0
2019-03-21 14:40:00,9.8737,9.88,9.8737,9.88,3918.0
2019-03-21 14:47:00,9.8928,9.898,9.8928,9.898,1169.0
2019-03-21 14:51:00,9.89,9.89,9.89,9.89,100.0
2019-03-21 14:55:00,9.88,9.88,9.88,9.88,555.0
2019-03-21 15:04:00,9.8601,9.8601,9.8601,9.8601,3000.0
2019-03-21 15:07:00,9.86,9.8637,9.84,9.84,12292.0
2019-03-21 15:12:00,9.8299,9.8299,9.8299,9.8299,600.0
2019-03-21 15:16:00,9.802,9.802,9.802,9.802,2578.0
2019-03-21 15:22:00,9.8064,9.8064,9.8064,9.8064,856.0
2019-03-21 15:29:00,9.815,9.815,9.815,9.815,126.0
2019-03-21 15:36:00,9.815,9.815,9.815,9.815,627.0
2019-03-21 15:44:00,9.815,9.815,9.815,9.815,305.0
2019-03-21 15:45:00,9.82,9.82,9.82,9.82,428.0
2019-03-21 15:49:00,9.8139,9.8139,9.8139,9.8139,410.0
2019-03-21 15:51:00,9.811,9.82,9.811,9.82,1471.0
2019-03-21 15:54:00,9.83,9.83,9.83,9.83,102.0
2019-03-21 15:58:00,9.83,9.83,9.83,9.83,2145.0
2019-03-21 16:00:00,9.825,9.825,9.825,9.825,5200.0
2019-03-22 09:31:00,9.79,9.79,9.79,9.79,8742.0
2019-03-22 09:33:00,9.77,9.77,9.77,9.77,9242.0
2019-03-22 09:34:00,9.77,9.77,9.77,9.77,1000.0
2019-03-22 09:36:00,9.75,9.75,9.75,9.75,3322.0
2019-03-22 09:37:00,9.75,9.75,9.75,9.75,100.0
2019-03-22 09:38:00,9.76,9.76,9.76,9.76,300.0
2019-03-22 09:39:00,9.76,9.76,9.76,9.76,100.0
2019-03-22 09:44:00,9.74,9.74,9.74,9.74,100.0
2019-03-22 09:46:00,9.75,9.75,9.75,9.75,100.0
2019-03-22 09:47:00,9.75,9.75,9.75,9.75,200.0
2019-03-22 09:49:00,9.74,9.74,9.74,9.74,300.0
2019-03-22 09:50:00,9.73,9.73,9.73,9.73,600.0
2019-03-22 09:51:00,9.72,9.72,9.72,9.72,1095.0
2019-03-22 09:54:00,9.71,9.71,9.71,9.71,200.0
2019-03-22 09:55:00,9.71,9.71,9.71,9.71,200.0
2019-03-22 09:56:00,9.71,9.71,9.71,9.71,300.0
2019-03-22 09:57:00,9.7,9.7,9.7,9.7,2465.0
2019-03-22 10:00:00,9.68,9.68,9.68,9.68,522.0
2019-03-22 10:01:00,9.66,9.66,9.66,9.66,800.0
2019-03-22 10:02:00,9.68,9.68,9.67,9.67,3317.0
2019-03-22 10:05:00,9.66,9.66,9.66,9.66,854.0
2019-03-22 10:06:00,9.64,9.64,9.64,9.64,1706.0
2019-03-22 10:09:00,9.66,9.66,9.66,9.66,573.0
2019-03-22 10:12:00,9.66,9.66,9.66,9.66,100.0
2019-03-22 10:15:00,9.68,9.68,9.68,9.68,318.0
2019-03-22 10:16:00,9.68,9.68,9.68,9.68,100.0
2019-03-22 10:17:00,9.6601,9.6601,9.6601,9.6601,279.0
2019-03-22 10:18:00,9.68,9.68,9.68,9.68,479.0
2019-03-22 10:19:00,9.68,9.68,9.68,9.68,280.0
2019-03-22 10:20:00,9.68,9.68,9.68,9.68,1380.0
2019-03-22 10:21:00,9.68,9.68,9.68,9.68,100.0
2019-03-22 10:22:00,9.68,9.68,9.68,9.68,200.0
2019-03-22 10:23:00,9.68,9.68,9.68,9.68,1500.0
2019-03-22 10:26:00,9.69,9.69,9.68,9.68,280.0
2019-03-22 10:28:00,9.68,9.68,9.68,9.68,425.0
2019-03-22 10:30:00,9.6799,9.6799,9.6799,9.6799,155.0
2019-03-22 10:33:00,9.69,9.69,9.69,9.69,120.0
2019-03-22 10:34:00,9.69,9.69,9.69,9.69,100.0
2019-03-22 10:35:00,9.69,9.69,9.69,9.69,101.0
2019-03-22 10:36:00,9.69,9.76,9.69,9.76,7041.0
2019-03-22 10:37:00,9.71,9.71,9.71,9.71,1000.0
2019-03-22 10:38:00,9.72,9.72,9.72,9.72,283.0
2019-03-22 10:39:00,9.72,9.72,9.72,9.72,100.0
2019-03-22 10:40:00,9.72,9.72,9.72,9.72,500.0
2019-03-22 10:42:00,9.72,9.72,9.72,9.72,1100.0
2019-03-22 10:43:00,9.69,9.69,9.69,9.69,1600.0
2019-03-22 10:48:00,9.69,9.69,9.69,9.69,200.0
2019-03-22 10:49:00,9.69,9.69,9.69,9.69,400.0
2019-03-22 10:50:00,9.68,9.68,9.67,9.68,881.0
2019-03-22 10:53:00,9.67,9.67,9.67,9.67,981.0
2019-03-22 10:54:00,9.68,9.68,9.68,9.68,300.0
2019-03-22 10:55:00,9.67,9.67,9.67,9.67,400.0
2019-03-22 10:56:00,9.68,9.68,9.68,9.68,534.0
2019-03-22 10:59:00,9.68,9.68,9.68,9.68,100.0
2019-03-22 11:00:00,9.67,9.67,9.67,9.67,288.0
2019-03-22 11:01:00,9.67,9.67,9.67,9.67,1161.0
2019-03-22 11:06:00,9.66,9.66,9.66,9.66,500.0
2019-03-22 11:07:00,9.64,9.64,9.64,9.64,606.0
2019-03-22 11:08:00,9.66,9.66,9.66,9.66,407.0
2019-03-22 11:12:00,9.67,9.67,9.67,9.67,100.0
2019-03-22 11:14:00,9.67,9.67,9.67,9.67,100.0
2019-03-22 11:15:00,9.66,9.66,9.66,9.66,565.0
2019-03-22 11:17:00,9.69,9.69,9.69,9.69,100.0
2019-03-22 11:18:00,9.69,9.69,9.69,9.69,596.0
2019-03-22 11:21:00,9.71,9.71,9.71,9.71,100.0
2019-03-22 11:22:00,9.7,9.7,9.69,9.69,1711.0
2019-03-22 11:27:00,9.69,9.69,9.69,9.69,100.0
2019-03-22 11:28:00,9.69,9.69,9.69,9.69,200.0
2019-03-22 11:32:00,9.7,9.7,9.7,9.7,200.0
2019-03-22 11:34:00,9.7,9.7,9.7,9.7,200.0
2019-03-22 11:35:00,9.7,9.7,9.69,9.69,200.0
2019-03-22 11:36:00,9.7,9.7,9.7,9.7,100.0
2019-03-22 11:39:00,9.7,9.7,9.7,9.7,400.0
2019-03-22 11:40:00,9.6935,9.6935,9.6935,9.6935,128.0
2019-03-22 11:41:00,9.6921,9.7,9.6921,9.7,605.0
2019-03-22 11:43:00,9.69,9.69,9.69,9.69,100.0
2019-03-22 11:46:00,9.69,9.69,9.69,9.69,400.0
2019-03-22 11:47:00,9.69,9.69,9.69,9.69,100.0
2019-03-22 11:48:00,9.68,9.68,9.6688,9.6688,472.0
2019-03-22 11:49:00,9.67,9.67,9.67,9.67,745.0
2019-03-22 11:52:00,9.67,9.67,9.67,9.67,100.0
2019-03-22 11:54:00,9.66,9.66,9.66,9.66,100.0
2019-03-22 11:57:00,9.67,9.67,9.67,9.67,100.0
2019-03-22 11:58:00,9.67,9.67,9.67,9.67,100.0
2019-03-22 12:00:00,9.67,9.67,9.67,9.67,206.0
2019-03-22 12:01:00,9.66,9.66,9.66,9.66,1343.0
2019-03-22 12:02:00,9.66,9.68,9.66,9.68,1900.0
2019-03-22 12:03:00,9.68,9.68,9.68,9.68,2000.0
2019-03-22 12:04:00,9.68,9.68,9.68,9.68,600.0
2019-03-22 12:05:00,9.69,9.69,9.68,9.68,8402.0
2019-03-22 12:09:00,9.69,9.69,9.69,9.69,100.0
2019-03-22 12:11:00,9.69,9.69,9.69,9.69,100.0
2019-03-22 12:14:00,9.69,9.69,9.69,9.69,100.0
2019-03-22 12:17:00,9.69,9.69,9.69,9.69,100.0
2019-03-22 12:18:00,9.69,9.69,9.69,9.69,200.0
2019-03-22 12:22:00,9.69,9.69,9.69,9.69,100.0
2019-03-22 12:25:00,9.69,9.69,9.69,9.69,100.0
2019-03-22 12:28:00,9.69,9.69,9.69,9.69,100.0
2019-03-22 12:31:00,9.69,9.69,9.69,9.69,100.0
2019-03-22 12:32:00,9.69,9.69,9.69,9.69,200.0
2019-03-22 12:34:00,9.7,9.7,9.7,9.7,200.0
2019-03-22 12:37:00,9.7,9.7,9.7,9.7,100.0
2019-03-22 12:39:00,9.691,9.691,9.691,9.691,1200.0
2019-03-22 12:42:00,9.7,9.7,9.7,9.7,200.0
2019-03-22 12:43:00,9.69,9.69,9.69,9.69,100.0
2019-03-22 12:48:00,9.69,9.69,9.69,9.69,300.0
2019-03-22 12:50:00,9.67,9.67,9.67,9.67,1500.0
2019-03-22 12:51:00,9.68,9.69,9.68,9.69,2850.0
2019-03-22 12:52:00,9.69,9.69,9.69,9.69,4149.0
2019-03-22 12:53:00,9.7,9.7,9.7,9.7,100.0
2019-03-22 12:56:00,9.7004,9.7004,9.68,9.68,1323.0
2019-03-22 12:57:00,9.6774,9.6774,9.6774,9.6774,2614.0
2019-03-22 13:00:00,9.69,9.69,9.69,9.69,100.0
2019-03-22 13:24:00,9.71,9.71,9.71,9.71,100.0
2019-03-22 13:32:00,9.7044,9.7044,9.7044,9.7044,253.0
2019-03-22 13:39:00,9.71,9.71,9.71,9.71,338.0
2019-03-22 14:05:00,9.7,9.7,9.7,9.7,862.0
2019-03-22 14:16:00,9.7,9.7,9.7,9.7,100.0
2019-03-22 14:17:00,9.7,9.7,9.7,9.7,100.0
2019-03-22 14:19:00,9.7,9.7,9.7,9.7,1000.0
2019-03-22 14:20:00,9.71,9.71,9.71,9.71,610.0
2019-03-22 14:29:00,9.71,9.71,9.71,9.71,200.0
2019-03-22 14:35:00,9.7,9.7,9.7,9.7,300.0
2019-03-22 14:38:00,9.7,9.7,9.7,9.7,2535.0
2019-03-22 14:42:00,9.71,9.71,9.71,9.71,237.0
2019-03-22 15:02:00,9.6906,9.6906,9.6906,9.6906,100.0
2019-03-22 15:30:00,9.6902,9.6902,9.6902,9.6902,580.0
2019-03-22 15:39:00,9.6847,9.6847,9.6847,9.6847,1000.0
2019-03-22 15:43:00,9.68,9.68,9.68,9.68,390.0
2019-03-22 15:51:00,9.68,9.68,9.68,9.68,138.0
2019-03-22 15:52:00,9.6701,9.6701,9.6701,9.6701,413.0
2019-03-22 15:53:00,9.67,9.67,9.67,9.67,1060.0
2019-03-22 15:58:00,9.69,9.69,9.67,9.67,1100.0
2019-03-22 16:00:00,9.69,9.69,9.69,9.69,1200.0
2019-03-25 09:31:00,9.69,9.69,9.69,9.69,9823.0
2019-03-25 09:35:00,9.65,9.65,9.65,9.65,800.0
2019-03-25 09:38:00,9.6565,9.6565,9.6565,9.6565,400.0
2019-03-25 09:39:00,9.6185,9.6185,9.6185,9.6185,830.0
2019-03-25 09:42:00,9.61,9.61,9.61,9.61,1669.0
2019-03-25 09:43:00,9.6056,9.6056,9.6056,9.6056,1247.0
2019-03-25 09:46:00,9.59,9.59,9.59,9.59,179.0
2019-03-25 09:58:00,9.5506,9.5506,9.5506,9.5506,500.0
2019-03-25 10:02:00,9.53,9.53,9.53,9.53,386.0
2019-03-25 10:09:00,9.52,9.52,9.52,9.52,1100.0
2019-03-25 10:10:00,9.52,9.52,9.52,9.52,1900.0
2019-03-25 10:16:00,9.53,9.54,9.53,9.54,1200.0
2019-03-25 10:28:00,9.53,9.53,9.53,9.53,100.0
2019-03-25 10:32:00,9.52,9.52,9.52,9.52,523.0
2019-03-25 10:39:00,9.52,9.52,9.52,9.52,1200.0
2019-03-25 10:51:00,9.53,9.53,9.52,9.52,301.0
2019-03-25 10:53:00,9.55,9.55,9.55,9.55,300.0
2019-03-25 10:54:00,9.54,9.54,9.54,9.54,866.0
2019-03-25 10:56:00,9.57,9.57,9.57,9.57,201.0
2019-03-25 11:06:00,9.55,9.55,9.55,9.55,500.0
2019-03-25 11:08:00,9.55,9.55,9.55,9.55,1800.0
2019-03-25 11:14:00,9.5465,9.5465,9.5465,9.5465,2000.0
2019-03-25 11:18:00,9.5553,9.5553,9.5553,9.5553,100.0
2019-03-25 11:20:00,9.57,9.57,9.57,9.57,101.0
2019-03-25 11:37:00,9.5739,9.5739,9.5739,9.5739,306.0
2019-03-25 11:49:00,9.559,9.559,9.559,9.559,800.0
2019-03-25 12:08:00,9.5897,9.5897,9.5897,9.5897,640.0
2019-03-25 12:10:00,9.6022,9.6022,9.6022,9.6022,1350.0
2019-03-25 12:13:00,9.5895,9.5895,9.5895,9.5895,2550.0
2019-03-25 13:24:00,9.5871,9.5871,9.58,9.58,1700.0
2019-03-25 13:38:00,9.58,9.58,9.58,9.58,100.0
2019-03-25 14:02:00,9.57,9.57,9.57,9.57,156.0
2019-03-25 14:03:00,9.56,9.56,9.56,9.56,828.0
2019-03-25 14:06:00,9.56,9.56,9.56,9.56,137.0
2019-03-25 14:10:00,9.55,9.55,9.55,9.55,1000.0
2019-03-25 14:14:00,9.55,9.55,9.55,9.55,250.0
2019-03-25 14:25:00,9.5443,9.5443,9.5443,9.5443,1000.0
2019-03-25 14:28:00,9.53,9.53,9.53,9.53,1279.0
2019-03-25 14:30:00,9.54,9.54,9.54,9.54,100.0
2019-03-25 14:32:00,9.53,9.54,9.53,9.54,2425.0
2019-03-25 14:35:00,9.55,9.55,9.55,9.55,300.0
2019-03-25 14:49:00,9.5502,9.5502,9.5502,9.5502,219.0
2019-03-25 14:59:00,9.54,9.54,9.53,9.53,2700.0
2019-03-25 15:05:00,9.53,9.53,9.53,9.53,4357.0
2019-03-25 15:08:00,9.52,9.52,9.52,9.52,792.0
2019-03-25 15:29:00,9.57,9.57,9.57,9.57,2500.0
2019-03-25 15:36:00,9.56,9.56,9.56,9.56,1000.0
2019-03-25 15:46:00,9.57,9.57,9.57,9.57,100.0
2019-03-25 15:49:00,9.5627,9.5627,9.5627,9.5627,1422.0
2019-03-25 16:00:00,9.58,9.58,9.58,9.58,194.0
2019-03-26 09:36:00,9.689,9.689,9.689,9.689,6123.0
2019-03-26 09:42:00,9.77,9.77,9.77,9.77,550.0
2019-03-26 09:46:00,9.81,9.81,9.81,9.81,377.0
2019-03-26 10:03:00,9.78,9.78,9.78,9.78,591.0
2019-03-26 10:05:00,9.78,9.78,9.78,9.78,300.0
2019-03-26 10:06:00,9.75,9.78,9.75,9.78,9417.0
2019-03-26 10:13:00,9.7305,9.7305,9.72,9.72,1919.0
2019-03-26 10:16:00,9.73,9.73,9.73,9.73,318.0
2019-03-26 10:19:00,9.72,9.72,9.72,9.72,1400.0
2019-03-26 10:26:00,9.7327,9.7327,9.7327,9.7327,2500.0
2019-03-26 10:29:00,9.73,9.73,9.73,9.73,138.0
2019-03-26 10:35:00,9.7364,9.7364,9.7364,9.7364,446.0
2019-03-26 10:37:00,9.73,9.73,9.73,9.73,385.0
2019-03-26 10:40:00,9.73,9.73,9.73,9.73,800.0
2019-03-26 10:53:00,9.78,9.7821,9.78,9.7821,5880.0
2019-03-26 10:58:00,9.77,9.77,9.77,9.77,1347.0
2019-03-26 11:04:00,9.75,9.75,9.75,9.75,300.0
2019-03-26 11:09:00,9.72,9.72,9.72,9.72,200.0
2019-03-26 11:10:00,9.7399,9.7399,9.7399,9.7399,300.0
2019-03-26 11:11:00,9.72,9.72,9.72,9.72,716.0
2019-03-26 11:47:00,9.6751,9.6751,9.6751,9.6751,379.0
2019-03-26 12:00:00,9.6799,9.6799,9.6799,9.6799,0.0
2019-03-26 12:07:00,9.66,9.66,9.66,9.66,1053.0
2019-03-26 12:13:00,9.6655,9.6655,9.6655,9.6655,4000.0
2019-03-26 12:15:00,9.6695,9.6695,9.6695,9.6695,300.0
2019-03-26 12:21:00,9.68,9.68,9.68,9.68,100.0
2019-03-26 12:35:00,9.6853,9.6853,9.6853,9.6853,1000.0
2019-03-26 12:37:00,9.7,9.7,9.7,9.7,650.0
2019-03-26 12:38:00,9.69,9.69,9.69,9.69,173.0
2019-03-26 12:47:00,9.6869,9.6869,9.6869,9.6869,1000.0
2019-03-26 13:08:00,9.6597,9.665,9.6597,9.665,531.0
2019-03-26 13:21:00,9.65,9.65,9.65,9.65,620.0
2019-03-26 13:23:00,9.64,9.64,9.64,9.64,100.0
2019-03-26 13:32:00,9.63,9.63,9.63,9.63,100.0
2019-03-26 13:53:00,9.6241,9.6241,9.6241,9.6241,1200.0
2019-03-26 13:57:00,9.6199,9.6199,9.6199,9.6199,551.0
2019-03-26 14:00:00,9.6113,9.6113,9.6113,9.6113,600.0
2019-03-26 14:10:00,9.63,9.63,9.63,9.63,105.0
2019-03-26 14:15:00,9.621,9.621,9.6163,9.6163,631.0
2019-03-26 14:31:00,9.6399,9.6399,9.6399,9.6399,660.0
2019-03-26 14:34:00,9.61,9.63,9.61,9.63,6280.0
2019-03-26 14:42:00,9.62,9.62,9.62,9.62,300.0
2019-03-26 14:44:00,9.617,9.617,9.617,9.617,1900.0
2019-03-26 14:46:00,9.62,9.62,9.62,9.62,300.0
2019-03-26 14:51:00,9.6217,9.6217,9.6217,9.6217,1133.0
2019-03-26 15:02:00,9.65,9.65,9.65,9.65,100.0
2019-03-26 15:06:00,9.66,9.66,9.66,9.66,499.0
2019-03-26 15:07:00,9.66,9.66,9.66,9.66,397.0
2019-03-26 15:12:00,9.66,9.66,9.66,9.66,2380.0
2019-03-26 15:19:00,9.6614,9.6614,9.6614,9.6614,585.0
2019-03-26 15:29:00,9.65,9.65,9.65,9.65,100.0
2019-03-26 15:32:00,9.66,9.66,9.66,9.66,396.0
2019-03-26 15:34:00,9.65,9.65,9.65,9.65,2011.0
2019-03-26 15:39:00,9.65,9.65,9.649,9.649,4480.0
2019-03-26 15:41:00,9.6324,9.6324,9.6324,9.6324,1955.0
2019-03-26 15:45:00,9.63,9.63,9.63,9.63,1900.0
2019-03-26 15:50:00,9.6351,9.6351,9.6351,9.6351,3200.0
2019-03-26 15:52:00,9.6334,9.6334,9.6334,9.6334,1030.0
2019-03-26 15:54:00,9.62,9.64,9.62,9.64,1831.0
2019-03-26 15:55:00,9.64,9.64,9.64,9.64,516.0
2019-03-26 15:57:00,9.64,9.67,9.64,9.66,3304.0
2019-03-26 16:00:00,9.68,9.68,9.68,9.68,5892.0
2019-03-27 09:31:00,9.65,9.65,9.65,9.65,5450.0
2019-03-27 10:03:00,9.6428,9.6428,9.6428,9.6428,200.0
2019-03-27 10:04:00,9.65,9.65,9.65,9.65,101.0
2019-03-27 10:07:00,9.655,9.655,9.655,9.655,100.0
2019-03-27 10:11:00,9.64,9.64,9.64,9.64,100.0
2019-03-27 10:13:00,9.64,9.64,9.64,9.64,100.0
2019-03-27 10:14:00,9.67,9.67,9.64,9.67,400.0
2019-03-27 10:21:00,9.6899,9.6899,9.6899,9.6899,1000.0
2019-03-27 10:22:00,9.65,9.67,9.65,9.67,200.0
2019-03-27 10:24:00,9.6714,9.6714,9.65,9.65,200.0
2019-03-27 10:26:00,9.67,9.67,9.67,9.67,100.0
2019-03-27 10:31:00,9.65,9.65,9.65,9.65,135.0
2019-03-27 10:32:00,9.64,9.65,9.64,9.65,200.0
2019-03-27 10:35:00,9.64,9.64,9.64,9.64,607.0
2019-03-27 10:36:00,9.63,9.63,9.63,9.63,100.0
2019-03-27 10:38:00,9.601,9.615,9.6,9.615,2215.0
2019-03-27 10:39:00,9.62,9.62,9.62,9.62,100.0
2019-03-27 10:40:00,9.6161,9.6161,9.6161,9.6161,565.0
2019-03-27 10:43:00,9.61,9.61,9.6,9.6,560.0
2019-03-27 10:45:00,9.6,9.6099,9.6,9.6099,1100.0
2019-03-27 10:46:00,9.6,9.6,9.58,9.58,983.0
2019-03-27 10:47:00,9.58,9.58,9.58,9.58,100.0
2019-03-27 10:50:00,9.58,9.58,9.58,9.58,100.0
2019-03-27 10:51:00,9.57,9.57,9.57,9.57,100.0
2019-03-27 10:53:00,9.58,9.58,9.58,9.58,100.0
2019-03-27 10:55:00,9.58,9.58,9.58,9.58,200.0
2019-03-27 10:59:00,9.6,9.6,9.59,9.59,561.0
2019-03-27 11:08:00,9.59,9.59,9.59,9.59,800.0
2019-03-27 11:09:00,9.59,9.59,9.59,9.59,100.0
2019-03-27 11:10:00,9.61,9.62,9.61,9.62,400.0
2019-03-27 11:14:00,9.61,9.61,9.61,9.61,445.0
2019-03-27 11:17:00,9.6,9.6,9.6,9.6,200.0
2019-03-27 11:18:00,9.6,9.6,9.595,9.595,1502.0
2019-03-27 11:22:00,9.5989,9.5989,9.5989,9.5989,1370.0
2019-03-27 11:27:00,9.595,9.595,9.595,9.595,419.0
2019-03-27 11:29:00,9.59,9.59,9.59,9.59,216.0
2019-03-27 11:34:00,9.59,9.59,9.585,9.585,250.0
2019-03-27 11:35:00,9.58,9.58,9.575,9.575,200.0
2019-03-27 11:36:00,9.58,9.58,9.58,9.58,100.0
2019-03-27 11:38:00,9.58,9.58,9.57,9.57,300.0
2019-03-27 11:39:00,9.57,9.57,9.57,9.57,100.0
2019-03-27 11:45:00,9.5635,9.5635,9.5635,9.5635,1500.0
2019-03-27 11:46:00,9.565,9.565,9.565,9.565,100.0
2019-03-27 11:47:00,9.565,9.565,9.565,9.565,196.0
2019-03-27 11:48:00,9.56,9.56,9.56,9.56,100.0
2019-03-27 11:52:00,9.5633,9.5633,9.5633,9.5633,415.0
2019-03-27 11:53:00,9.565,9.565,9.565,9.565,100.0
2019-03-27 11:59:00,9.57,9.57,9.57,9.57,254.0
2019-03-27 12:00:00,9.5899,9.5899,9.5899,9.5899,0.0
2019-03-27 12:12:00,9.58,9.59,9.58,9.59,26246.0
2019-03-27 12:14:00,9.6,9.6,9.6,9.6,100.0
2019-03-27 12:21:00,9.61,9.62,9.6,9.62,750.0
2019-03-27 12:26:00,9.61,9.61,9.61,9.61,180.0
2019-03-27 12:28:00,9.62,9.62,9.62,9.62,200.0
2019-03-27 12:32:00,9.6207,9.63,9.6207,9.63,3800.0
2019-03-27 12:35:00,9.62,9.62,9.62,9.62,707.0
2019-03-27 12:47:00,9.625,9.63,9.625,9.63,609.0
2019-03-27 12:48:00,9.6227,9.625,9.62,9.6201,1311.0
2019-03-27 12:50:00,9.62,9.63,9.62,9.63,300.0
2019-03-27 12:51:00,9.63,9.63,9.63,9.63,300.0
2019-03-27 12:53:00,9.63,9.63,9.63,9.63,300.0
2019-03-27 12:54:00,9.63,9.63,9.63,9.63,300.0
2019-03-27 12:55:00,9.62,9.62,9.62,9.62,120.0
2019-03-27 12:56:00,9.64,9.64,9.64,9.64,300.0
2019-03-27 12:57:00,9.63,9.64,9.63,9.63,300.0
2019-03-27 12:59:00,9.64,9.64,9.64,9.64,300.0
2019-03-27 13:00:00,9.63,9.64,9.63,9.63,585.0
2019-03-27 13:01:00,9.62,9.62,9.62,9.62,361.0
2019-03-27 13:07:00,9.6095,9.6095,9.6095,9.6095,1140.0
2019-03-27 13:15:00,9.62,9.62,9.62,9.62,315.0
2019-03-27 13:24:00,9.63,9.63,9.63,9.63,102.0
2019-03-27 13:32:00,9.629,9.629,9.629,9.629,103.0
2019-03-27 13:36:00,9.6261,9.6261,9.6261,9.6261,1500.0
2019-03-27 13:38:00,9.6201,9.6201,9.62,9.62,1005.0
2019-03-27 13:45:00,9.61,9.61,9.61,9.61,100.0
2019-03-27 13:49:00,9.61,9.61,9.61,9.61,183.0
2019-03-27 13:54:00,9.61,9.61,9.61,9.61,100.0
2019-03-27 13:59:00,9.61,9.61,9.61,9.61,244.0
2019-03-27 14:01:00,9.6047,9.6047,9.6,9.6,283.0
2019-03-27 14:03:00,9.6038,9.6038,9.6,9.6,926.0
2019-03-27 14:07:00,9.6,9.6,9.6,9.6,100.0
2019-03-27 14:11:00,9.6,9.6,9.6,9.6,100.0
2019-03-27 14:14:00,9.6015,9.6015,9.6015,9.6015,200.0
2019-03-27 14:15:00,9.6,9.6,9.6,9.6,100.0
2019-03-27 14:19:00,9.6,9.6,9.6,9.6,100.0
2019-03-27 14:24:00,9.6,9.6,9.6,9.6,1248.0
2019-03-27 14:27:00,9.6,9.6001,9.6,9.6001,350.0
2019-03-27 14:32:00,9.61,9.61,9.6075,9.6075,500.0
2019-03-27 14:33:00,9.61,9.61,9.61,9.61,300.0
2019-03-27 14:34:00,9.62,9.62,9.619,9.619,1313.0
2019-03-27 14:44:00,9.61,9.61,9.61,9.61,101.0
2019-03-27 14:47:00,9.601,9.61,9.595,9.595,3900.0
2019-03-27 14:51:00,9.59,9.59,9.59,9.59,100.0
2019-03-27 14:55:00,9.59,9.59,9.59,9.59,100.0
2019-03-27 14:58:00,9.59,9.59,9.59,9.59,447.0
2019-03-27 15:02:00,9.59,9.59,9.59,9.59,100.0
2019-03-27 15:05:00,9.59,9.59,9.59,9.59,100.0
2019-03-27 15:07:00,9.5975,9.5975,9.5975,9.5975,150.0
2019-03-27 15:08:00,9.59,9.59,9.59,9.59,100.0
2019-03-27 15:11:00,9.59,9.59,9.59,9.59,277.0
2019-03-27 15:15:00,9.59,9.6,9.59,9.6,1100.0
2019-03-27 15:17:00,9.59,9.59,9.59,9.59,170.0
2019-03-27 15:20:00,9.59,9.59,9.59,9.59,157.0
2019-03-27 15:24:00,9.59,9.59,9.59,9.59,100.0
2019-03-27 15:28:00,9.59,9.59,9.59,9.59,100.0
2019-03-27 15:31:00,9.59,9.6,9.59,9.6,200.0
2019-03-27 15:32:00,9.59,9.59,9.59,9.59,100.0
2019-03-27 15:33:00,9.59,9.59,9.59,9.59,100.0
2019-03-27 15:35:00,9.59,9.59,9.59,9.59,200.0
2019-03-27 15:40:00,9.59,9.59,9.59,9.59,100.0
2019-03-27 15:41:00,9.59,9.59,9.59,9.59,133.0
2019-03-27 15:44:00,9.58,9.58,9.58,9.58,100.0
2019-03-27 15:46:00,9.58,9.58,9.58,9.58,100.0
2019-03-27 15:49:00,9.59,9.59,9.59,9.59,310.0
2019-03-27 15:50:00,9.59,9.59,9.59,9.59,100.0
2019-03-27 15:51:00,9.59,9.59,9.59,9.59,197.0
2019-03-27 15:53:00,9.59,9.59,9.59,9.59,234.0
2019-03-27 15:54:00,9.59,9.59,9.59,9.59,100.0
2019-03-27 15:56:00,9.59,9.6,9.59,9.59,800.0
2019-03-27 15:57:00,9.6,9.61,9.6,9.61,4726.0
2019-03-27 15:58:00,9.61,9.61,9.61,9.61,736.0
2019-03-27 16:00:00,9.61,9.61,9.59,9.59,1005.0
2019-03-28 09:31:00,9.59,9.59,9.59,9.59,4828.0
2019-03-28 09:33:00,9.6,9.6,9.6,9.6,724.0
2019-03-28 09:55:00,9.63,9.63,9.63,9.63,1914.0
2019-03-28 09:58:00,9.64,9.64,9.64,9.64,1946.0
2019-03-28 10:03:00,9.64,9.64,9.64,9.64,199.0
2019-03-28 10:05:00,9.6393,9.6393,9.6393,9.6393,326.0
2019-03-28 10:06:00,9.64,9.64,9.64,9.64,187.0
2019-03-28 10:08:00,9.635,9.635,9.63,9.63,7287.0
2019-03-28 10:10:00,9.639,9.639,9.639,9.639,127.0
2019-03-28 10:11:00,9.639,9.64,9.639,9.64,383.0
2019-03-28 10:15:00,9.64,9.64,9.64,9.64,100.0
2019-03-28 10:18:00,9.63,9.63,9.63,9.63,350.0
2019-03-28 10:19:00,9.63,9.63,9.63,9.63,450.0
2019-03-28 10:20:00,9.62,9.62,9.62,9.62,200.0
2019-03-28 10:21:00,9.63,9.63,9.63,9.63,300.0
2019-03-28 10:22:00,9.64,9.64,9.64,9.64,700.0
2019-03-28 10:25:00,9.63,9.63,9.63,9.63,236.0
2019-03-28 10:29:00,9.63,9.63,9.63,9.63,736.0
2019-03-28 10:30:00,9.63,9.63,9.63,9.63,3640.0
2019-03-28 10:33:00,9.63,9.63,9.63,9.63,100.0
2019-03-28 10:34:00,9.63,9.63,9.63,9.63,227.0
2019-03-28 10:35:00,9.637,9.637,9.637,9.637,1528.0
2019-03-28 10:37:00,9.63,9.635,9.63,9.63,810.0
2019-03-28 10:38:00,9.63,9.63,9.63,9.63,1223.0
2019-03-28 10:39:00,9.63,9.63,9.63,9.63,100.0
2019-03-28 10:41:00,9.63,9.63,9.63,9.63,336.0
2019-03-28 10:44:00,9.63,9.63,9.63,9.63,3114.0
2019-03-28 10:47:00,9.63,9.63,9.63,9.63,950.0
2019-03-28 10:48:00,9.63,9.63,9.63,9.63,100.0
2019-03-28 10:51:00,9.63,9.63,9.63,9.63,620.0
2019-03-28 10:54:00,9.63,9.63,9.63,9.63,100.0
2019-03-28 10:58:00,9.63,9.63,9.63,9.63,100.0
2019-03-28 10:59:00,9.63,9.63,9.63,9.63,1400.0
2019-03-28 11:01:00,9.62,9.62,9.62,9.62,600.0
2019-03-28 11:02:00,9.62,9.62,9.62,9.62,482.0
2019-03-28 11:08:00,9.6053,9.6053,9.6053,9.6053,1025.0
2019-03-28 11:10:00,9.6,9.6,9.6,9.6,250.0
2019-03-28 11:12:00,9.6,9.6,9.6,9.6,101.0
2019-03-28 11:14:00,9.6,9.6,9.6,9.6,100.0
2019-03-28 11:16:00,9.6,9.6,9.6,9.6,100.0
2019-03-28 11:18:00,9.6,9.6,9.6,9.6,100.0
2019-03-28 11:19:00,9.6,9.6,9.6,9.6,100.0
2019-03-28 11:20:00,9.59,9.59,9.59,9.59,100.0
2019-03-28 11:22:00,9.59,9.59,9.59,9.59,1300.0
2019-03-28 11:23:00,9.591,9.591,9.59,9.59,1000.0
2019-03-28 11:24:00,9.58,9.58,9.58,9.58,1100.0
2019-03-28 11:26:00,9.58,9.58,9.57,9.57,300.0
2019-03-28 11:28:00,9.58,9.58,9.58,9.58,100.0
2019-03-28 11:30:00,9.57,9.57,9.57,9.57,200.0
2019-03-28 11:32:00,9.57,9.57,9.57,9.57,100.0
2019-03-28 11:34:00,9.57,9.57,9.57,9.57,100.0
2019-03-28 11:36:00,9.57,9.57,9.57,9.57,100.0
2019-03-28 11:38:00,9.57,9.57,9.57,9.57,300.0
2019-03-28 11:40:00,9.57,9.57,9.57,9.57,100.0
2019-03-28 11:42:00,9.57,9.57,9.57,9.57,200.0
2019-03-28 11:44:00,9.6,9.6,9.6,9.6,3000.0
2019-03-28 11:45:00,9.58,9.58,9.58,9.58,100.0
2019-03-28 11:46:00,9.58,9.58,9.58,9.58,300.0
2019-03-28 11:49:00,9.58,9.59,9.58,9.59,2151.0
2019-03-28 11:58:00,9.5867,9.5867,9.5867,9.5867,1000.0
2019-03-28 11:59:00,9.58,9.58,9.58,9.58,100.0
2019-03-28 12:02:00,9.58,9.58,9.58,9.58,100.0
2019-03-28 12:03:00,9.58,9.58,9.58,9.58,1413.0
2019-03-28 12:06:00,9.58,9.58,9.58,9.58,100.0
2019-03-28 12:07:00,9.58,9.58,9.58,9.58,300.0
2019-03-28 12:11:00,9.57,9.57,9.57,9.57,100.0
2019-03-28 12:13:00,9.57,9.57,9.57,9.57,200.0
2019-03-28 12:17:00,9.57,9.5701,9.56,9.56,2004.0
2019-03-28 12:18:00,9.55,9.55,9.55,9.55,2504.0
2019-03-28 12:29:00,9.56,9.56,9.56,9.56,851.0
2019-03-28 12:38:00,9.57,9.57,9.57,9.57,100.0
2019-03-28 12:40:00,9.58,9.58,9.58,9.58,104.0
2019-03-28 12:43:00,9.58,9.58,9.58,9.58,100.0
2019-03-28 12:46:00,9.58,9.58,9.58,9.58,100.0
2019-03-28 12:48:00,9.58,9.58,9.58,9.58,100.0
2019-03-28 12:51:00,9.58,9.58,9.58,9.58,100.0
2019-03-28 12:53:00,9.58,9.58,9.58,9.58,100.0
2019-03-28 12:56:00,9.58,9.58,9.58,9.58,100.0
2019-03-28 12:58:00,9.58,9.58,9.58,9.58,100.0
2019-03-28 13:01:00,9.58,9.58,9.58,9.58,100.0
2019-03-28 13:04:00,9.58,9.58,9.58,9.58,106.0
2019-03-28 13:05:00,9.59,9.59,9.59,9.59,701.0
2019-03-28 13:07:00,9.59,9.59,9.59,9.59,201.0
2019-03-28 13:17:00,9.59,9.59,9.59,9.59,100.0
2019-03-28 13:20:00,9.59,9.59,9.59,9.59,183.0
2019-03-28 13:22:00,9.59,9.59,9.59,9.59,100.0
2019-03-28 13:25:00,9.59,9.59,9.59,9.59,123.0
2019-03-28 13:28:00,9.59,9.59,9.59,9.59,102.0
2019-03-28 13:30:00,9.59,9.59,9.59,9.59,102.0
2019-03-28 13:33:00,9.59,9.59,9.59,9.59,100.0
2019-03-28 13:36:00,9.59,9.59,9.59,9.59,200.0
2019-03-28 13:38:00,9.59,9.59,9.59,9.59,227.0
2019-03-28 13:41:00,9.59,9.59,9.59,9.59,100.0
2019-03-28 13:42:00,9.59,9.59,9.59,9.59,1246.0
2019-03-28 13:43:00,9.59,9.59,9.59,9.59,100.0
2019-03-28 13:46:00,9.59,9.59,9.59,9.59,901.0
2019-03-28 13:49:00,9.58,9.58,9.58,9.58,100.0
2019-03-28 13:51:00,9.58,9.58,9.58,9.58,200.0
2019-03-28 13:54:00,9.58,9.58,9.58,9.58,100.0
2019-03-28 13:56:00,9.58,9.58,9.58,9.58,1202.0
2019-03-28 13:57:00,9.59,9.59,9.59,9.59,1497.0
2019-03-28 14:01:00,9.615,9.615,9.615,9.615,300.0
2019-03-28 14:11:00,9.61,9.61,9.61,9.61,100.0
2019-03-28 14:13:00,9.615,9.615,9.615,9.615,100.0
2019-03-28 14:15:00,9.61,9.61,9.61,9.61,100.0
2019-03-28 14:18:00,9.61,9.61,9.61,9.61,100.0
2019-03-28 14:20:00,9.61,9.61,9.61,9.61,100.0
2019-03-28 14:22:00,9.61,9.615,9.61,9.615,218.0
2019-03-28 14:25:00,9.61,9.61,9.61,9.61,125.0
2019-03-28 14:27:00,9.61,9.61,9.61,9.61,100.0
2019-03-28 14:29:00,9.6,9.6,9.6,9.6,200.0
2019-03-28 14:31:00,9.6,9.6,9.6,9.6,100.0
2019-03-28 14:34:00,9.6,9.6,9.6,9.6,200.0
2019-03-28 14:36:00,9.6,9.6,9.6,9.6,700.0
2019-03-28 14:40:00,9.6,9.6,9.6,9.6,100.0
2019-03-28 14:41:00,9.609,9.609,9.609,9.609,175.0
2019-03-28 14:42:00,9.6,9.6,9.6,9.6,275.0
2019-03-28 14:45:00,9.6,9.6,9.6,9.6,100.0
2019-03-28 14:47:00,9.6,9.6,9.6,9.6,100.0
2019-03-28 14:49:00,9.6,9.6,9.6,9.6,127.0
2019-03-28 14:51:00,9.6,9.6,9.6,9.6,100.0
2019-03-28 14:54:00,9.6,9.6,9.6,9.6,200.0
2019-03-28 14:56:00,9.6,9.6,9.6,9.6,164.0
2019-03-28 14:58:00,9.6,9.6,9.6,9.6,101.0
2019-03-28 15:00:00,9.6,9.6,9.6,9.6,160.0
2019-03-28 15:02:00,9.6,9.6,9.6,9.6,100.0
2019-03-28 15:05:00,9.6,9.6,9.6,9.6,273.0
2019-03-28 15:07:00,9.6,9.6,9.6,9.6,100.0
2019-03-28 15:09:00,9.6,9.6,9.6,9.6,100.0
2019-03-28 15:11:00,9.6099,9.61,9.6099,9.61,2317.0
2019-03-28 15:19:00,9.62,9.62,9.62,9.62,613.0
2019-03-28 15:29:00,9.62,9.62,9.62,9.62,100.0
2019-03-28 15:31:00,9.62,9.62,9.62,9.62,100.0
2019-03-28 15:33:00,9.62,9.62,9.62,9.62,100.0
2019-03-28 15:34:00,9.62,9.62,9.62,9.62,100.0
2019-03-28 15:35:00,9.625,9.625,9.6228,9.6228,649.0
2019-03-28 15:36:00,9.62,9.62,9.62,9.62,904.0
2019-03-28 15:37:00,9.62,9.62,9.62,9.62,100.0
2019-03-28 15:39:00,9.62,9.62,9.62,9.62,100.0
2019-03-28 15:40:00,9.62,9.62,9.62,9.62,200.0
2019-03-28 15:41:00,9.625,9.625,9.62,9.62,358.0
2019-03-28 15:43:00,9.62,9.62,9.62,9.62,100.0
2019-03-28 15:44:00,9.62,9.62,9.62,9.62,100.0
2019-03-28 15:45:00,9.62,9.62,9.62,9.62,1904.0
2019-03-28 15:46:00,9.62,9.62,9.62,9.62,105.0
2019-03-28 15:47:00,9.63,9.63,9.63,9.63,5136.0
2019-03-28 15:52:00,9.6337,9.6337,9.6337,9.6337,1183.0
2019-03-28 15:54:00,9.63,9.63,9.63,9.63,1220.0
2019-03-28 15:55:00,9.62,9.62,9.62,9.62,652.0
2019-03-28 15:56:00,9.62,9.62,9.62,9.62,438.0
2019-03-28 15:57:00,9.62,9.625,9.62,9.625,1317.0
2019-03-28 15:58:00,9.62,9.62,9.62,9.62,1479.0
2019-03-28 15:59:00,9.61,9.61,9.61,9.61,500.0
2019-03-28 16:00:00,9.62,9.62,9.62,9.62,700.0
2019-03-29 09:31:00,9.7,9.7,9.7,9.7,0.0
2019-03-29 09:39:00,9.71,9.71,9.71,9.71,100.0
2019-03-29 09:41:00,9.71,9.71,9.71,9.71,141.0
2019-03-29 09:45:00,9.71,9.71,9.71,9.71,200.0
2019-03-29 09:49:00,9.71,9.71,9.7,9.71,600.0
2019-03-29 09:50:00,9.705,9.705,9.705,9.705,101.0
2019-03-29 09:51:00,9.69,9.695,9.69,9.695,1100.0
2019-03-29 09:52:00,9.68,9.68,9.68,9.68,100.0
2019-03-29 09:53:00,9.68,9.68,9.68,9.68,100.0
2019-03-29 09:55:00,9.6701,9.6701,9.6701,9.6701,100.0
2019-03-29 09:57:00,9.68,9.68,9.68,9.68,100.0
2019-03-29 10:00:00,9.68,9.68,9.68,9.68,300.0
2019-03-29 10:03:00,9.69,9.7,9.69,9.69,700.0
2019-03-29 10:06:00,9.69,9.69,9.69,9.69,100.0
2019-03-29 10:07:00,9.69,9.69,9.68,9.68,500.0
2019-03-29 10:08:00,9.69,9.69,9.69,9.69,100.0
2019-03-29 10:10:00,9.68,9.68,9.68,9.68,100.0
2019-03-29 10:11:00,9.69,9.69,9.68,9.68,350.0
2019-03-29 10:13:00,9.68,9.68,9.68,9.68,100.0
2019-03-29 10:14:00,9.68,9.68,9.67,9.67,200.0
2019-03-29 10:17:00,9.67,9.67,9.67,9.67,100.0
2019-03-29 10:18:00,9.67,9.67,9.67,9.67,100.0
2019-03-29 10:19:00,9.68,9.68,9.67,9.67,200.0
2019-03-29 10:20:00,9.66,9.66,9.65,9.66,2345.0
2019-03-29 10:22:00,9.65,9.66,9.65,9.66,200.0
2019-03-29 10:23:00,9.65,9.6501,9.65,9.65,1818.0
2019-03-29 10:24:00,9.66,9.66,9.66,9.66,200.0
2019-03-29 10:26:00,9.66,9.67,9.66,9.67,200.0
2019-03-29 10:28:00,9.66,9.66,9.65,9.66,1642.0
2019-03-29 10:30:00,9.66,9.66,9.66,9.66,100.0
2019-03-29 10:32:00,9.66,9.66,9.66,9.66,100.0
2019-03-29 10:33:00,9.66,9.66,9.66,9.66,189.0
2019-03-29 10:35:00,9.675,9.675,9.67,9.67,301.0
2019-03-29 10:37:00,9.68,9.68,9.67,9.67,202.0
2019-03-29 10:39:00,9.67,9.67,9.67,9.67,202.0
2019-03-29 10:40:00,9.66,9.66,9.66,9.66,100.0
2019-03-29 10:42:00,9.66,9.67,9.66,9.66,409.0
2019-03-29 10:43:00,9.65,9.65,9.65,9.65,450.0
2019-03-29 10:45:00,9.65,9.65,9.64,9.64,743.0
2019-03-29 10:49:00,9.6496,9.6496,9.6496,9.6496,100.0
2019-03-29 10:50:00,9.64,9.64,9.64,9.64,100.0
2019-03-29 10:51:00,9.64,9.64,9.64,9.64,100.0
2019-03-29 10:53:00,9.64,9.64,9.64,9.64,100.0
2019-03-29 10:54:00,9.64,9.64,9.64,9.64,100.0
2019-03-29 10:56:00,9.64,9.64,9.64,9.64,100.0
2019-03-29 10:57:00,9.64,9.64,9.64,9.64,100.0
2019-03-29 10:59:00,9.64,9.64,9.64,9.64,100.0
2019-03-29 11:01:00,9.64,9.66,9.64,9.66,738.0
2019-03-29 11:02:00,9.65,9.65,9.65,9.65,100.0
2019-03-29 11:04:00,9.65,9.65,9.65,9.65,100.0
2019-03-29 11:05:00,9.6414,9.6414,9.6414,9.6414,226.0
2019-03-29 11:08:00,9.64,9.64,9.64,9.64,100.0
2019-03-29 11:10:00,9.64,9.64,9.64,9.64,100.0
2019-03-29 11:12:00,9.64,9.64,9.64,9.64,312.0
2019-03-29 11:16:00,9.64,9.64,9.64,9.64,100.0
2019-03-29 11:17:00,9.64,9.64,9.64,9.64,200.0
2019-03-29 11:22:00,9.64,9.64,9.64,9.64,175.0
2019-03-29 11:24:00,9.64,9.64,9.64,9.64,746.0
2019-03-29 11:28:00,9.64,9.64,9.64,9.64,100.0
2019-03-29 11:34:00,9.64,9.64,9.64,9.64,100.0
2019-03-29 11:36:00,9.64,9.64,9.64,9.64,100.0
2019-03-29 11:38:00,9.64,9.66,9.64,9.66,380.0
2019-03-29 11:40:00,9.65,9.65,9.65,9.65,100.0
2019-03-29 11:43:00,9.65,9.65,9.65,9.65,100.0
2019-03-29 11:45:00,9.65,9.65,9.65,9.65,100.0
2019-03-29 11:48:00,9.65,9.65,9.65,9.65,100.0
2019-03-29 11:50:00,9.65,9.65,9.65,9.65,100.0
2019-03-29 11:52:00,9.6699,9.6699,9.65,9.65,660.0
2019-03-29 11:53:00,9.6583,9.6583,9.6583,9.6583,231.0
2019-03-29 11:55:00,9.6597,9.6618,9.65,9.6618,1700.0
2019-03-29 11:57:00,9.65,9.65,9.65,9.65,100.0
2019-03-29 11:58:00,9.6563,9.6563,9.6563,9.6563,120.0
2019-03-29 12:00:00,9.65,9.65,9.65,9.65,100.0
2019-03-29 12:02:00,9.65,9.65,9.65,9.65,101.0
2019-03-29 12:05:00,9.65,9.65,9.65,9.65,100.0
2019-03-29 12:06:00,9.6698,9.6698,9.66,9.66,635.0
2019-03-29 12:08:00,9.66,9.66,9.66,9.66,100.0
2019-03-29 12:09:00,9.6601,9.6601,9.6601,9.6601,919.0
2019-03-29 12:10:00,9.67,9.67,9.6667,9.67,1619.0
2019-03-29 12:12:00,9.67,9.67,9.67,9.67,322.0
2019-03-29 12:16:00,9.67,9.67,9.67,9.67,100.0
2019-03-29 12:17:00,9.67,9.68,9.67,9.68,794.0
2019-03-29 12:19:00,9.68,9.68,9.68,9.68,100.0
2019-03-29 12:23:00,9.69,9.69,9.69,9.69,100.0
2019-03-29 12:24:00,9.69,9.69,9.69,9.69,100.0
2019-03-29 12:27:00,9.69,9.69,9.69,9.69,100.0
2019-03-29 12:29:00,9.6929,9.6929,9.6929,9.6929,2100.0
2019-03-29 12:32:00,9.69,9.69,9.69,9.69,460.0
2019-03-29 12:35:00,9.68,9.68,9.68,9.68,125.0
2019-03-29 12:38:00,9.68,9.68,9.68,9.68,100.0
2019-03-29 12:40:00,9.68,9.68,9.68,9.68,100.0
2019-03-29 12:45:00,9.6864,9.6864,9.68,9.68,2300.0
2019-03-29 12:46:00,9.68,9.68,9.68,9.68,100.0
2019-03-29 12:47:00,9.68,9.68,9.6753,9.6753,1519.0
2019-03-29 12:49:00,9.67,9.6756,9.67,9.6756,600.0
2019-03-29 12:52:00,9.67,9.67,9.67,9.67,162.0
2019-03-29 12:55:00,9.67,9.67,9.67,9.67,100.0
2019-03-29 12:56:00,9.6788,9.6788,9.6788,9.6788,900.0
2019-03-29 12:57:00,9.67,9.67,9.67,9.67,100.0
2019-03-29 13:00:00,9.67,9.67,9.67,9.67,100.0
2019-03-29 13:03:00,9.67,9.67,9.67,9.67,100.0
2019-03-29 13:06:00,9.67,9.67,9.67,9.67,100.0
2019-03-29 13:09:00,9.67,9.67,9.67,9.67,100.0
2019-03-29 13:12:00,9.67,9.6745,9.67,9.6745,1410.0
2019-03-29 13:14:00,9.67,9.67,9.67,9.67,100.0
2019-03-29 13:17:00,9.67,9.67,9.67,9.67,400.0
2019-03-29 13:20:00,9.67,9.67,9.67,9.67,100.0
2019-03-29 13:23:00,9.67,9.67,9.67,9.67,100.0
2019-03-29 13:26:00,9.67,9.67,9.67,9.67,100.0
2019-03-29 13:29:00,9.67,9.67,9.67,9.67,100.0
2019-03-29 13:31:00,9.67,9.67,9.67,9.67,100.0
2019-03-29 13:34:00,9.67,9.67,9.67,9.67,100.0
2019-03-29 13:36:00,9.67,9.67,9.67,9.67,100.0
2019-03-29 13:37:00,9.6732,9.6732,9.6732,9.6732,125.0
2019-03-29 13:39:00,9.67,9.67,9.67,9.67,100.0
2019-03-29 13:46:00,9.6777,9.6777,9.6777,9.6777,500.0
2019-03-29 13:47:00,9.68,9.68,9.68,9.68,106.0
2019-03-29 13:49:00,9.67,9.67,9.67,9.67,160.0
2019-03-29 13:50:00,9.6899,9.6899,9.6899,9.6899,500.0
2019-03-29 13:51:00,9.6803,9.6803,9.67,9.67,700.0
2019-03-29 13:53:00,9.683,9.683,9.683,9.683,800.0
2019-03-29 13:54:00,9.67,9.67,9.67,9.67,100.0
2019-03-29 13:56:00,9.67,9.67,9.67,9.67,100.0
2019-03-29 13:58:00,9.67,9.67,9.67,9.67,100.0
2019-03-29 14:01:00,9.67,9.67,9.67,9.67,100.0
2019-03-29 14:05:00,9.67,9.67,9.67,9.67,600.0
2019-03-29 14:06:00,9.66,9.66,9.66,9.66,100.0
2019-03-29 14:10:00,9.66,9.66,9.66,9.66,200.0
2019-03-29 14:12:00,9.66,9.66,9.66,9.66,100.0
2019-03-29 14:14:00,9.6799,9.6799,9.6799,9.6799,1100.0
2019-03-29 14:16:00,9.66,9.66,9.66,9.66,200.0
2019-03-29 14:20:00,9.67,9.67,9.67,9.67,200.0
2019-03-29 14:22:00,9.67,9.67,9.67,9.67,100.0
2019-03-29 14:26:00,9.67,9.67,9.67,9.67,223.0
2019-03-29 14:30:00,9.67,9.67,9.67,9.67,177.0
2019-03-29 14:31:00,9.675,9.675,9.675,9.675,873.0
2019-03-29 14:32:00,9.675,9.675,9.675,9.675,100.0
2019-03-29 14:34:00,9.67,9.67,9.67,9.67,100.0
2019-03-29 14:36:00,9.67,9.67,9.67,9.67,159.0
2019-03-29 14:38:00,9.67,9.67,9.67,9.67,100.0
2019-03-29 14:42:00,9.66,9.66,9.66,9.66,423.0
2019-03-29 14:45:00,9.66,9.66,9.66,9.66,200.0
2019-03-29 14:47:00,9.66,9.66,9.66,9.66,100.0
2019-03-29 14:51:00,9.66,9.66,9.66,9.66,200.0
2019-03-29 14:53:00,9.66,9.66,9.66,9.66,100.0
2019-03-29 14:55:00,9.67,9.67,9.67,9.67,100.0
2019-03-29 14:56:00,9.66,9.66,9.66,9.66,100.0
2019-03-29 15:00:00,9.665,9.6699,9.665,9.6699,600.0
2019-03-29 15:01:00,9.665,9.665,9.665,9.665,100.0
2019-03-29 15:02:00,9.6699,9.67,9.6699,9.67,1366.0
2019-03-29 15:04:00,9.675,9.675,9.675,9.675,200.0
2019-03-29 15:06:00,9.675,9.675,9.675,9.675,100.0
2019-03-29 15:09:00,9.675,9.675,9.675,9.675,203.0
2019-03-29 15:12:00,9.675,9.675,9.675,9.675,1158.0
2019-03-29 15:14:00,9.67,9.675,9.67,9.675,300.0
2019-03-29 15:16:00,9.67,9.67,9.67,9.67,100.0
2019-03-29 15:17:00,9.67,9.675,9.67,9.675,225.0
2019-03-29 15:19:00,9.67,9.67,9.67,9.67,158.0
2019-03-29 15:20:00,9.67,9.67,9.67,9.67,100.0
2019-03-29 15:21:00,9.67,9.67,9.67,9.67,100.0
2019-03-29 15:22:00,9.67,9.67,9.67,9.67,100.0
2019-03-29 15:24:00,9.67,9.6765,9.67,9.6765,1648.0
2019-03-29 15:34:00,9.67,9.67,9.67,9.67,300.0
2019-03-29 15:35:00,9.67,9.67,9.67,9.67,100.0
2019-03-29 15:36:00,9.67,9.67,9.67,9.67,100.0
2019-03-29 15:37:00,9.67,9.67,9.67,9.67,100.0
2019-03-29 15:38:00,9.67,9.67,9.67,9.67,100.0
2019-03-29 15:39:00,9.67,9.67,9.67,9.67,100.0
2019-03-29 15:40:00,9.67,9.67,9.67,9.67,100.0
2019-03-29 15:41:00,9.6799,9.6799,9.675,9.675,601.0
2019-03-29 15:42:00,9.6799,9.68,9.675,9.675,1202.0
2019-03-29 15:44:00,9.67,9.67,9.67,9.67,100.0
2019-03-29 15:45:00,9.67,9.67,9.67,9.67,100.0
2019-03-29 15:46:00,9.67,9.67,9.67,9.67,100.0
2019-03-29 15:47:00,9.67,9.67,9.67,9.67,100.0
2019-03-29 15:48:00,9.67,9.67,9.67,9.67,100.0
2019-03-29 15:49:00,9.67,9.67,9.67,9.67,100.0
2019-03-29 15:50:00,9.67,9.67,9.67,9.67,395.0
2019-03-29 15:51:00,9.66,9.66,9.66,9.66,129.0
2019-03-29 15:52:00,9.66,9.68,9.66,9.675,6455.0
2019-03-29 15:54:00,9.68,9.68,9.68,9.68,176.0
2019-03-29 15:56:00,9.69,9.69,9.68,9.69,1533.0
2019-03-29 15:57:00,9.69,9.69,9.68,9.69,500.0
2019-03-29 15:58:00,9.69,9.69,9.68,9.69,1900.0
2019-03-29 15:59:00,9.69,9.69,9.69,9.69,400.0
2019-04-01 09:31:00,9.75,9.75,9.75,9.75,0.0
2019-04-01 09:33:00,9.7584,9.7584,9.7584,9.7584,4500.0
2019-04-01 09:50:00,9.73,9.73,9.73,9.73,442.0
2019-04-01 09:51:00,9.73,9.73,9.73,9.73,500.0
2019-04-01 09:54:00,9.75,9.75,9.75,9.75,1800.0
2019-04-01 10:01:00,9.77,9.77,9.77,9.77,2650.0
2019-04-01 10:11:00,9.7726,9.7726,9.7726,9.7726,2400.0
2019-04-01 10:14:00,9.77,9.77,9.77,9.77,100.0
2019-04-01 10:16:00,9.77,9.77,9.77,9.77,200.0
2019-04-01 10:18:00,9.77,9.77,9.77,9.77,200.0
2019-04-01 10:21:00,9.79,9.79,9.79,9.79,801.0
2019-04-01 10:31:00,9.79,9.79,9.79,9.79,975.0
2019-04-01 10:34:00,9.78,9.78,9.78,9.78,200.0
2019-04-01 10:36:00,9.78,9.78,9.78,9.78,113.0
2019-04-01 10:49:00,9.79,9.79,9.79,9.79,1114.0
2019-04-01 10:51:00,9.79,9.79,9.79,9.79,100.0
2019-04-01 11:03:00,9.8,9.8,9.8,9.8,100.0
2019-04-01 11:05:00,9.8,9.8,9.8,9.8,1693.0
2019-04-01 11:08:00,9.79,9.79,9.79,9.79,901.0
2019-04-01 11:11:00,9.79,9.79,9.79,9.79,200.0
2019-04-01 11:14:00,9.7985,9.7985,9.7985,9.7985,350.0
2019-04-01 11:16:00,9.7901,9.7901,9.7901,9.7901,163.0
2019-04-01 11:20:00,9.78,9.78,9.78,9.78,400.0
2019-04-01 11:23:00,9.78,9.78,9.78,9.78,100.0
2019-04-01 11:25:00,9.7867,9.7867,9.78,9.78,400.0
2019-04-01 11:33:00,9.77,9.77,9.77,9.77,1576.0
2019-04-01 11:39:00,9.76,9.76,9.76,9.76,500.0
2019-04-01 11:41:00,9.76,9.76,9.76,9.76,100.0
2019-04-01 11:43:00,9.75,9.75,9.75,9.75,200.0
2019-04-01 11:47:00,9.74,9.74,9.74,9.74,696.0
2019-04-01 11:51:00,9.7436,9.7436,9.7436,9.7436,243.0
2019-04-01 11:54:00,9.74,9.74,9.74,9.74,200.0
2019-04-01 11:56:00,9.74,9.74,9.74,9.74,350.0
2019-04-01 11:58:00,9.74,9.74,9.74,9.74,4700.0
2019-04-01 12:00:00,9.7432,9.7432,9.7432,9.7432,716.0
2019-04-01 12:03:00,9.74,9.74,9.74,9.74,1004.0
2019-04-01 12:05:00,9.74,9.74,9.74,9.74,100.0
2019-04-01 12:13:00,9.7355,9.7355,9.7355,9.7355,1078.0
2019-04-01 12:15:00,9.73,9.73,9.73,9.73,301.0
2019-04-01 12:19:00,9.7434,9.7434,9.73,9.73,800.0
2019-04-01 12:21:00,9.72,9.72,9.72,9.72,3000.0
2019-04-01 12:24:00,9.73,9.73,9.73,9.73,200.0
2019-04-01 12:29:00,9.73,9.73,9.73,9.73,200.0
2019-04-01 12:33:00,9.74,9.74,9.74,9.74,100.0
2019-04-01 12:38:00,9.74,9.74,9.74,9.74,200.0
2019-04-01 12:40:00,9.74,9.74,9.74,9.74,400.0
2019-04-01 12:42:00,9.74,9.74,9.74,9.74,151.0
2019-04-01 12:45:00,9.7394,9.7394,9.7394,9.7394,2544.0
2019-04-01 12:47:00,9.73,9.73,9.73,9.73,100.0
2019-04-01 12:50:00,9.73,9.73,9.73,9.73,100.0
2019-04-01 12:53:00,9.7498,9.7498,9.7498,9.7498,301.0
2019-04-01 12:54:00,9.76,9.76,9.76,9.76,500.0
2019-04-01 12:56:00,9.77,9.77,9.77,9.77,300.0
2019-04-01 13:01:00,9.76,9.76,9.76,9.76,1248.0
2019-04-01 13:02:00,9.77,9.77,9.77,9.77,352.0
2019-04-01 13:06:00,9.775,9.775,9.775,9.775,310.0
2019-04-01 13:09:00,9.78,9.78,9.78,9.78,100.0
2019-04-01 13:10:00,9.7799,9.7799,9.7799,9.7799,750.0
2019-04-01 13:11:00,9.78,9.78,9.78,9.78,300.0
2019-04-01 13:18:00,9.775,9.775,9.775,9.775,801.0
2019-04-01 13:19:00,9.79,9.79,9.79,9.79,331.0
2019-04-01 13:21:00,9.78,9.78,9.78,9.78,490.0
2019-04-01 13:22:00,9.78,9.78,9.78,9.78,300.0
2019-04-01 13:25:00,9.78,9.78,9.78,9.78,200.0
2019-04-01 13:27:00,9.78,9.78,9.78,9.78,100.0
2019-04-01 13:31:00,9.78,9.78,9.78,9.78,500.0
2019-04-01 13:33:00,9.78,9.78,9.78,9.78,100.0
2019-04-01 13:36:00,9.79,9.79,9.79,9.79,200.0
2019-04-01 13:39:00,9.79,9.79,9.789,9.789,760.0
2019-04-01 13:46:00,9.79,9.79,9.78,9.78,3100.0
2019-04-01 13:48:00,9.78,9.78,9.78,9.78,657.0
2019-04-01 13:51:00,9.7767,9.7767,9.7767,9.7767,250.0
2019-04-01 13:55:00,9.78,9.78,9.78,9.78,100.0
2019-04-01 13:59:00,9.78,9.78,9.78,9.78,2100.0
2019-04-01 14:02:00,9.78,9.78,9.78,9.78,900.0
2019-04-01 14:06:00,9.78,9.78,9.78,9.78,600.0
2019-04-01 14:10:00,9.79,9.79,9.79,9.79,300.0
2019-04-01 14:12:00,9.79,9.79,9.79,9.79,179.0
2019-04-01 14:14:00,9.79,9.79,9.79,9.79,200.0
2019-04-01 14:15:00,9.7866,9.7866,9.7866,9.7866,102.0
2019-04-01 14:16:00,9.8,9.8,9.8,9.8,2230.0
2019-04-01 14:20:00,9.8015,9.8015,9.8015,9.8015,583.0
2019-04-01 14:22:00,9.79,9.79,9.79,9.79,300.0
2019-04-01 14:23:00,9.78,9.78,9.78,9.78,300.0
2019-04-01 14:24:00,9.78,9.78,9.78,9.78,300.0
2019-04-01 14:26:00,9.8,9.8,9.78,9.78,825.0
2019-04-01 14:30:00,9.78,9.78,9.78,9.78,300.0
2019-04-01 14:32:00,9.78,9.78,9.78,9.78,700.0
2019-04-01 14:37:00,9.775,9.775,9.775,9.775,400.0
2019-04-01 14:39:00,9.78,9.78,9.78,9.78,500.0
2019-04-01 14:41:00,9.77,9.77,9.77,9.77,200.0
2019-04-01 14:43:00,9.775,9.775,9.775,9.775,200.0
2019-04-01 14:46:00,9.775,9.775,9.775,9.775,200.0
2019-04-01 14:48:00,9.77,9.77,9.77,9.77,100.0
2019-04-01 14:52:00,9.77,9.77,9.77,9.77,402.0
2019-04-01 14:54:00,9.77,9.77,9.77,9.77,100.0
2019-04-01 14:55:00,9.77,9.77,9.77,9.77,200.0
2019-04-01 14:59:00,9.77,9.77,9.77,9.77,200.0
2019-04-01 15:01:00,9.78,9.78,9.78,9.78,605.0
2019-04-01 15:04:00,9.77,9.77,9.77,9.77,400.0
2019-04-01 15:07:00,9.77,9.77,9.77,9.77,292.0
2019-04-01 15:21:00,9.77,9.77,9.77,9.77,652.0
2019-04-01 15:24:00,9.77,9.77,9.77,9.77,266.0
2019-04-01 15:27:00,9.77,9.77,9.77,9.77,200.0
2019-04-01 15:28:00,9.77,9.77,9.77,9.77,100.0
2019-04-01 15:29:00,9.77,9.77,9.77,9.77,100.0
2019-04-01 15:30:00,9.778,9.778,9.778,9.778,1700.0
2019-04-01 15:35:00,9.77,9.77,9.77,9.77,1675.0
2019-04-01 15:36:00,9.77,9.77,9.77,9.77,100.0
2019-04-01 15:37:00,9.77,9.77,9.77,9.77,100.0
2019-04-01 15:39:00,9.77,9.77,9.77,9.77,254.0
2019-04-01 15:41:00,9.77,9.77,9.77,9.77,200.0
2019-04-01 15:43:00,9.78,9.78,9.78,9.78,900.0
2019-04-01 15:47:00,9.77,9.77,9.77,9.77,600.0
2019-04-01 15:49:00,9.77,9.77,9.77,9.77,200.0
2019-04-01 15:52:00,9.77,9.77,9.77,9.77,100.0
2019-04-01 15:56:00,9.77,9.77,9.77,9.77,600.0
2019-04-01 15:58:00,9.77,9.77,9.77,9.77,800.0
2019-04-01 16:00:00,9.78,9.78,9.78,9.78,897.0
2019-04-02 09:31:00,9.76,9.76,9.76,9.76,0.0
2019-04-02 09:48:00,9.78,9.78,9.78,9.78,700.0
2019-04-02 09:53:00,9.79,9.79,9.79,9.79,100.0
2019-04-02 10:00:00,9.8,9.8,9.8,9.8,400.0
2019-04-02 10:04:00,9.8089,9.8089,9.8089,9.8089,900.0
2019-04-02 10:22:00,9.82,9.82,9.82,9.82,1730.0
2019-04-02 10:30:00,9.8169,9.8169,9.8169,9.8169,200.0
2019-04-02 10:33:00,9.8199,9.8199,9.812,9.812,736.0
2019-04-02 10:38:00,9.8142,9.8142,9.8142,9.8142,473.0
2019-04-02 10:41:00,9.81,9.81,9.81,9.81,700.0
2019-04-02 10:57:00,9.795,9.795,9.795,9.795,300.0
2019-04-02 11:00:00,9.78,9.78,9.78,9.78,188.0
2019-04-02 11:04:00,9.78,9.78,9.78,9.78,246.0
2019-04-02 11:06:00,9.7801,9.7801,9.7801,9.7801,1017.0
2019-04-02 11:14:00,9.79,9.79,9.7801,9.7801,600.0
2019-04-02 11:20:00,9.79,9.79,9.79,9.79,651.0
2019-04-02 11:21:00,9.7997,9.7997,9.7997,9.7997,449.0
2019-04-02 11:27:00,9.81,9.81,9.804,9.804,2000.0
2019-04-02 11:33:00,9.8038,9.8038,9.8038,9.8038,168.0
2019-04-02 11:47:00,9.8071,9.8071,9.8071,9.8071,387.0
2019-04-02 11:53:00,9.815,9.815,9.815,9.815,1818.0
2019-04-02 11:57:00,9.819,9.819,9.813,9.813,3258.0
2019-04-02 12:10:00,9.8001,9.8001,9.8001,9.8001,100.0
2019-04-02 12:28:00,9.81,9.81,9.81,9.81,2347.0
2019-04-02 12:39:00,9.8079,9.8079,9.8079,9.8079,375.0
2019-04-02 12:42:00,9.8178,9.8178,9.8178,9.8178,1343.0
2019-04-02 13:06:00,9.8001,9.8001,9.8001,9.8001,100.0
2019-04-02 13:21:00,9.82,9.83,9.82,9.83,544.0
2019-04-02 13:37:00,9.8229,9.8229,9.8229,9.8229,1000.0
2019-04-02 13:42:00,9.83,9.84,9.83,9.84,1050.0
2019-04-02 13:59:00,9.8271,9.8271,9.8271,9.8271,1200.0
2019-04-02 14:08:00,9.825,9.825,9.825,9.825,199.0
2019-04-02 14:21:00,9.8201,9.8201,9.8201,9.8201,152.0
2019-04-02 14:34:00,9.83,9.83,9.83,9.83,400.0
2019-04-02 14:42:00,9.84,9.84,9.84,9.84,100.0
2019-04-02 14:45:00,9.835,9.8366,9.835,9.8366,4350.0
2019-04-02 14:53:00,9.8305,9.8305,9.8305,9.8305,1102.0
2019-04-02 14:57:00,9.83,9.83,9.83,9.83,100.0
2019-04-02 14:58:00,9.83,9.8366,9.83,9.8366,1500.0
2019-04-02 15:01:00,9.83,9.83,9.83,9.83,1000.0
2019-04-02 15:04:00,9.84,9.84,9.84,9.84,400.0
2019-04-02 15:12:00,9.837,9.837,9.837,9.837,1000.0
2019-04-02 15:14:00,9.8301,9.8301,9.8301,9.8301,100.0
2019-04-02 15:25:00,9.83,9.83,9.83,9.83,712.0
2019-04-02 15:46:00,9.85,9.85,9.85,9.85,316.0
2019-04-02 15:49:00,9.8301,9.8301,9.8301,9.8301,100.0
2019-04-02 15:51:00,9.85,9.85,9.85,9.85,1500.0
2019-04-02 15:54:00,9.85,9.85,9.85,9.85,1600.0
2019-04-02 15:56:00,9.85,9.85,9.85,9.85,6012.0
2019-04-02 16:00:00,9.845,9.845,9.845,9.845,727.0
2019-04-03 09:31:00,9.9,9.9,9.9,9.9,0.0
2019-04-03 09:38:00,9.89,9.89,9.89,9.89,200.0
2019-04-03 09:51:00,9.892,9.892,9.892,9.892,1002.0
2019-04-03 09:55:00,9.8668,9.8668,9.8668,9.8668,2399.0
2019-04-03 09:59:00,9.875,9.875,9.875,9.875,1887.0
2019-04-03 10:01:00,9.85,9.85,9.85,9.85,1900.0
2019-04-03 10:18:00,9.85,9.85,9.85,9.85,1331.0
2019-04-03 10:35:00,9.831,9.831,9.83,9.83,3557.0
2019-04-03 10:37:00,9.8101,9.8101,9.8101,9.8101,2017.0
2019-04-03 10:39:00,9.815,9.815,9.815,9.815,400.0
2019-04-03 10:51:00,9.82,9.82,9.82,9.82,700.0
2019-04-03 10:54:00,9.82,9.82,9.82,9.82,200.0
2019-04-03 11:11:00,9.84,9.84,9.84,9.84,100.0
2019-04-03 11:12:00,9.83,9.83,9.83,9.83,147.0
2019-04-03 11:17:00,9.83,9.83,9.83,9.83,200.0
2019-04-03 11:25:00,9.8301,9.8301,9.8301,9.8301,1503.0
2019-04-03 11:27:00,9.83,9.83,9.83,9.83,1402.0
2019-04-03 11:28:00,9.82,9.82,9.82,9.82,700.0
2019-04-03 11:34:00,9.81,9.81,9.81,9.81,100.0
2019-04-03 11:36:00,9.81,9.81,9.81,9.81,101.0
2019-04-03 11:40:00,9.81,9.81,9.81,9.81,2300.0
2019-04-03 11:41:00,9.81,9.81,9.81,9.81,846.0
2019-04-03 11:45:00,9.8218,9.8218,9.8218,9.8218,1500.0
2019-04-03 11:46:00,9.82,9.82,9.82,9.82,100.0
2019-04-03 11:59:00,9.8132,9.8132,9.8132,9.8132,307.0
2019-04-03 12:02:00,9.81,9.81,9.81,9.81,100.0
2019-04-03 12:15:00,9.81,9.81,9.81,9.81,130.0
2019-04-03 12:29:00,9.81,9.81,9.8,9.8,420.0
2019-04-03 12:55:00,9.8,9.8,9.79,9.79,2696.0
2019-04-03 12:57:00,9.79,9.79,9.79,9.79,3276.0
2019-04-03 13:00:00,9.79,9.79,9.79,9.79,100.0
2019-04-03 13:17:00,9.79,9.79,9.79,9.79,200.0
2019-04-03 13:29:00,9.79,9.79,9.79,9.79,1200.0
2019-04-03 13:44:00,9.78,9.78,9.78,9.78,617.0
2019-04-03 13:54:00,9.79,9.79,9.79,9.79,100.0
2019-04-03 13:57:00,9.77,9.77,9.77,9.77,281.0
2019-04-03 13:58:00,9.77,9.77,9.77,9.77,400.0
2019-04-03 14:04:00,9.7701,9.7701,9.7701,9.7701,501.0
2019-04-03 14:11:00,9.7633,9.7633,9.7633,9.7633,459.0
2019-04-03 14:13:00,9.7654,9.7654,9.76,9.76,850.0
2019-04-03 14:26:00,9.789,9.789,9.789,9.789,600.0
2019-04-03 14:33:00,9.7835,9.7835,9.7835,9.7835,226.0
2019-04-03 15:02:00,9.78,9.78,9.78,9.78,200.0
2019-04-03 15:07:00,9.77,9.77,9.77,9.77,100.0
2019-04-03 15:11:00,9.79,9.79,9.79,9.79,419.0
2019-04-03 15:12:00,9.7738,9.7738,9.7738,9.7738,550.0
2019-04-03 15:16:00,9.7824,9.7824,9.7824,9.7824,2540.0
2019-04-03 15:34:00,9.78,9.78,9.78,9.78,400.0
2019-04-03 15:41:00,9.79,9.79,9.79,9.79,122.0
2019-04-03 15:52:00,9.8,9.8,9.8,9.8,717.0
2019-04-03 15:55:00,9.78,9.78,9.78,9.78,1229.0
2019-04-03 15:58:00,9.78,9.78,9.78,9.78,1200.0
2019-04-03 16:00:00,9.79,9.79,9.79,9.79,1370.0
