
2019-03-11 09:31:00,3.98,3.98,3.98,3.98,0.0
2019-03-11 10:06:00,4.0,4.0,4.0,4.0,1000.0
2019-03-11 10:12:00,4.47,4.47,4.47,4.47,2500.0
2019-03-11 10:18:00,4.221,4.221,4.2,4.2,2094.0
2019-03-11 10:30:00,4.1713,4.1713,4.1713,4.1713,335.0
2019-03-11 11:50:00,4.15,4.15,4.15,4.15,750.0
2019-03-11 11:51:00,4.19,4.19,4.19,4.19,350.0
2019-03-11 12:09:00,4.11,4.11,4.11,4.11,100.0
2019-03-11 12:12:00,4.1109,4.1109,4.1109,4.1109,686.0
2019-03-11 12:19:00,4.11,4.11,4.09,4.09,1702.0
2019-03-11 12:23:00,4.1,4.1,4.1,4.1,291.0
2019-03-11 12:24:00,4.09,4.09,4.09,4.09,1022.0
2019-03-11 14:44:00,4.0894,4.0894,4.0894,4.0894,1200.0
2019-03-11 14:56:00,4.15,4.15,4.15,4.15,202.0
2019-03-11 15:24:00,3.9798,3.9798,3.9798,3.9798,101.0
2019-03-11 15:51:00,3.98,3.98,3.98,3.98,385.0
2019-03-11 15:52:00,4.1018,4.1018,4.1018,4.1018,1014.0
2019-03-12 09:31:00,4.0,4.0,4.0,4.0,0.0
2019-03-12 09:46:00,4.0399,4.04,4.0399,4.04,3415.0
2019-03-12 09:48:00,4.05,4.05,4.05,4.05,1203.0
2019-03-12 14:05:00,4.0803,4.0803,4.0803,4.0803,200.0
2019-03-12 14:06:00,4.05,4.05,4.05,4.05,229.0
2019-03-12 15:48:00,4.0797,4.0797,4.0797,4.0797,0.0
2019-03-13 09:47:00,4.06,4.06,4.06,4.06,372.0
2019-03-13 10:47:00,4.0301,4.0301,4.0301,4.0301,239.0
2019-03-13 11:19:00,4.0674,4.0674,4.0674,4.0674,505.0
2019-03-13 11:26:00,4.0873,4.0873,4.0873,4.0873,505.0
2019-03-13 11:35:00,4.05,4.1,4.05,4.1,1353.0
2019-03-13 11:44:00,4.1,4.1,4.1,4.1,703.0
2019-03-13 11:49:00,4.17,4.17,4.17,4.17,991.0
2019-03-13 11:56:00,4.17,4.17,4.17,4.17,253.0
2019-03-13 13:46:00,4.1185,4.1185,4.1185,4.1185,540.0
2019-03-13 15:00:00,4.07,4.07,4.07,4.07,100.0
2019-03-13 15:20:00,4.09,4.09,4.09,4.09,105.0
2019-03-13 15:30:00,4.08,4.08,4.08,4.08,201.0
2019-03-13 15:34:00,4.08,4.08,4.08,4.08,899.0
2019-03-14 09:31:00,4.06,4.06,4.06,4.06,0.0
2019-03-14 10:24:00,4.0896,4.0896,4.0896,4.0896,300.0
2019-03-14 10:27:00,4.01,4.01,4.01,4.01,1013.0
2019-03-14 10:44:00,4.04,4.04,4.04,4.04,100.0
2019-03-14 10:54:00,4.02,4.02,4.02,4.02,201.0
2019-03-14 11:00:00,3.98,3.98,3.98,3.98,1780.0
2019-03-14 11:09:00,4.0,4.0,4.0,4.0,1001.0
2019-03-14 12:49:00,4.01,4.01,4.01,4.01,420.0
2019-03-14 15:56:00,4.01,4.01,4.0,4.0,353.0
2019-03-14 15:58:00,4.0,4.0,4.0,4.0,113.0
2019-03-14 16:00:00,4.0,4.0,4.0,4.0,200.0
2019-03-15 09:39:00,3.99,3.99,3.99,3.99,0.0
2019-03-15 09:41:00,3.9967,4.0,3.9967,4.0,2001.0
2019-03-15 09:44:00,4.05,4.05,4.05,4.05,1000.0
2019-03-15 09:55:00,4.0799,4.0799,4.0799,4.0799,201.0
2019-03-15 10:40:00,4.09,4.09,4.09,4.09,1100.0
2019-03-15 10:42:00,4.09,4.09,4.09,4.09,310.0
2019-03-15 10:55:00,4.05,4.05,4.05,4.05,400.0
2019-03-15 10:58:00,4.025,4.025,4.025,4.025,1000.0
2019-03-15 10:59:00,4.05,4.05,4.05,4.05,500.0
2019-03-15 11:00:00,4.03,4.04,4.03,4.04,1448.0
2019-03-15 11:01:00,4.03,4.05,4.03,4.05,1400.0
2019-03-15 11:02:00,4.05,4.09,4.05,4.09,300.0
2019-03-15 11:03:00,4.09,4.1,4.09,4.1,1116.0
2019-03-15 11:05:00,4.14,4.14,4.14,4.14,500.0
2019-03-15 11:09:00,4.0955,4.0955,4.0955,4.0955,100.0
2019-03-15 11:11:00,4.0856,4.0856,4.07,4.085,1902.0
2019-03-15 11:12:00,4.0011,4.0011,4.0011,4.0011,262.0
2019-03-15 13:10:00,4.0,4.0,4.0,4.0,600.0
2019-03-15 13:36:00,4.0001,4.0001,4.0001,4.0001,220.0
2019-03-15 15:26:00,4.02,4.02,4.02,4.02,100.0
2019-03-15 15:56:00,3.99,4.0,3.99,4.0,1701.0
2019-03-18 09:31:00,3.94,3.94,3.94,3.94,0.0
2019-03-18 10:01:00,4.0403,4.0403,4.0403,4.0403,0.0
2019-03-18 10:57:00,4.0,4.0,4.0,4.0,1594.0
2019-03-18 11:38:00,3.94,3.94,3.94,3.94,1801.0
2019-03-18 12:20:00,3.9474,3.9474,3.9474,3.9474,146.0
2019-03-18 14:45:00,3.98,3.98,3.98,3.98,626.0
2019-03-18 16:00:00,3.96,3.96,3.9,3.9,0.0
2019-03-19 09:31:00,3.94,3.94,3.94,3.94,0.0
2019-03-19 10:19:00,3.93,3.93,3.93,3.93,302.0
2019-03-19 10:23:00,3.93,3.96,3.93,3.96,1400.0
2019-03-19 10:24:00,3.99,3.99,3.99,3.99,1540.0
2019-03-19 10:25:00,4.03,4.03,4.03,4.03,3010.0
2019-03-19 10:28:00,4.1,4.1,4.1,4.1,1350.0
2019-03-19 10:46:00,4.04,4.04,4.04,4.04,1006.0
2019-03-19 11:06:00,4.0,4.0,4.0,4.0,105.0
2019-03-19 11:48:00,4.0,4.0,4.0,4.0,497.0
2019-03-19 15:53:00,4.0699,4.0699,3.93,3.93,0.0
2019-03-19 15:54:00,4.0621,4.0621,4.0621,4.0621,1001.0
2019-03-20 09:31:00,3.99,3.99,3.99,3.99,0.0
2019-03-20 09:34:00,4.06,4.08,4.06,4.06,1008.0
2019-03-20 11:31:00,3.98,3.98,3.98,3.98,200.0
2019-03-20 11:44:00,3.9999,3.9999,3.9999,3.9999,1157.0
2019-03-20 14:19:00,3.94,3.9414,3.93,3.93,2200.0
2019-03-20 14:37:00,3.94,3.94,3.94,3.94,955.0
2019-03-20 15:51:00,3.91,3.91,3.91,3.91,488.0
2019-03-21 09:31:00,4.0,4.0,4.0,4.0,1600.0
2019-03-21 09:33:00,3.99,4.0,3.99,4.0,977.0
2019-03-21 09:38:00,4.0,4.0,4.0,4.0,1086.0
2019-03-21 10:58:00,4.05,4.05,4.05,4.05,125.0
2019-03-21 11:33:00,4.06,4.06,4.06,4.06,106.0
2019-03-21 11:48:00,4.08,4.08,4.08,4.08,245.0
2019-03-21 11:51:00,4.06,4.06,4.06,4.06,234.0
2019-03-21 11:52:00,4.04,4.04,4.04,4.04,211.0
2019-03-21 12:03:00,4.05,4.05,4.05,4.05,100.0
2019-03-21 12:04:00,4.05,4.05,4.05,4.05,642.0
2019-03-21 12:08:00,4.03,4.03,4.03,4.03,242.0
2019-03-21 12:28:00,4.06,4.06,4.06,4.06,1403.0
2019-03-21 12:29:00,4.05,4.05,4.05,4.05,177.0
2019-03-21 12:33:00,4.0203,4.0203,4.0203,4.0203,1122.0
2019-03-21 13:05:00,4.08,4.08,4.08,4.08,610.0
2019-03-21 13:06:00,4.1,4.1,4.1,4.1,1500.0
2019-03-21 13:07:00,4.1,4.1,4.1,4.1,6167.0
2019-03-21 13:26:00,4.2316,4.2316,4.2316,4.2316,1001.0
2019-03-21 13:28:00,4.2,4.2,4.2,4.2,401.0
2019-03-21 13:36:00,4.0581,4.0581,4.0581,4.0581,1600.0
2019-03-21 13:40:00,4.2137,4.2137,4.2137,4.2137,142.0
2019-03-21 13:59:00,4.09,4.09,4.09,4.09,100.0
2019-03-21 14:03:00,4.31,4.31,4.31,4.31,104.0
2019-03-21 14:14:00,4.3633,4.3633,4.3633,4.3633,500.0
2019-03-21 14:16:00,4.369,4.369,4.369,4.369,504.0
2019-03-21 14:30:00,4.3943,4.3943,4.3943,4.3943,201.0
2019-03-21 14:34:00,4.255,4.255,4.255,4.255,1513.0
2019-03-21 14:51:00,4.18,4.18,4.11,4.11,1143.0
2019-03-21 14:59:00,4.09,4.09,4.09,4.09,127.0
2019-03-21 15:37:00,4.1091,4.1091,4.1091,4.1091,1842.0
2019-03-22 09:59:00,4.2,4.2,4.2,4.2,0.0
2019-03-22 10:02:00,4.39,4.39,4.39,4.39,606.0
2019-03-22 11:18:00,4.14,4.14,4.14,4.14,107.0
2019-03-22 12:06:00,4.01,4.01,4.01,4.01,521.0
2019-03-22 12:42:00,4.05,4.05,4.05,4.05,1073.0
2019-03-22 13:27:00,4.04,4.04,4.04,4.04,1035.0
2019-03-22 13:28:00,4.0599,4.0599,4.0599,4.0599,2060.0
2019-03-22 13:46:00,4.0499,4.0499,4.0499,4.0499,2226.0
2019-03-22 16:00:00,4.0279,4.04,4.0279,4.04,0.0
2019-03-25 09:31:00,4.0,4.0,4.0,4.0,0.0
2019-03-25 09:58:00,3.9,3.9,3.9,3.9,100.0
2019-03-25 09:59:00,3.9195,3.9195,3.9195,3.9195,992.0
2019-03-25 11:26:00,4.0354,4.0354,4.0354,4.0354,1612.0
2019-03-25 12:42:00,3.99,3.99,3.99,3.99,688.0
2019-03-25 12:45:00,3.98,3.98,3.98,3.98,944.0
2019-03-25 13:50:00,3.96,3.96,3.96,3.96,200.0
2019-03-25 13:51:00,3.95,3.95,3.95,3.95,201.0
2019-03-26 09:32:00,3.9591,3.9591,3.9591,3.9591,0.0
2019-03-26 09:58:00,3.94,3.94,3.94,3.94,100.0
2019-03-26 10:09:00,3.95,3.95,3.95,3.95,1252.0
2019-03-26 10:28:00,3.9744,3.9744,3.9744,3.9744,489.0
2019-03-26 11:13:00,3.9,3.9,3.9,3.9,1353.0
2019-03-26 11:14:00,3.95,3.95,3.95,3.95,950.0
2019-03-26 11:19:00,3.95,3.95,3.95,3.95,1100.0
2019-03-26 11:20:00,3.95,3.95,3.95,3.95,2542.0
2019-03-26 13:05:00,3.91,3.91,3.91,3.91,100.0
2019-03-26 13:11:00,3.91,3.91,3.91,3.91,300.0
2019-03-26 13:12:00,3.9,3.9,3.9,3.9,900.0
2019-03-26 13:13:00,3.9,3.92,3.9,3.92,1300.0
2019-03-26 13:15:00,3.94,3.94,3.94,3.94,500.0
2019-03-26 13:24:00,3.94,3.94,3.94,3.94,105.0
2019-03-27 09:55:00,3.92,3.92,3.92,3.92,100.0
2019-03-27 10:01:00,3.93,3.93,3.93,3.93,100.0
2019-03-27 10:15:00,3.93,3.93,3.93,3.93,100.0
2019-03-27 10:16:00,3.95,3.95,3.95,3.95,1323.0
2019-03-27 10:19:00,3.95,3.95,3.95,3.95,1300.0
2019-03-27 10:20:00,3.95,3.95,3.95,3.95,1400.0
2019-03-27 10:27:00,3.95,3.95,3.95,3.95,100.0
2019-03-27 10:32:00,3.95,3.95,3.95,3.95,100.0
2019-03-27 10:51:00,3.94,3.94,3.94,3.94,200.0
2019-03-27 10:52:00,3.94,3.94,3.94,3.94,300.0
2019-03-27 11:20:00,3.93,3.93,3.93,3.93,100.0
2019-03-27 11:22:00,3.91,3.91,3.91,3.91,200.0
2019-03-27 11:43:00,3.89,3.89,3.89,3.89,100.0
2019-03-27 12:03:00,3.89,3.89,3.89,3.89,412.0
2019-03-27 13:16:00,3.949,3.949,3.949,3.949,200.0
2019-03-27 13:17:00,3.94,3.95,3.94,3.95,800.0
2019-03-27 13:27:00,3.93,3.93,3.93,3.93,500.0
2019-03-27 14:10:00,3.9201,3.9201,3.9201,3.9201,200.0
2019-03-27 14:57:00,3.9001,3.9001,3.9001,3.9001,1000.0
2019-03-27 15:30:00,3.95,3.95,3.95,3.95,400.0
2019-03-27 15:39:00,3.9375,3.9375,3.9375,3.9375,158.0
2019-03-27 15:52:00,3.94,3.95,3.94,3.95,1200.0
2019-03-27 15:58:00,3.94,3.94,3.94,3.94,500.0
2019-03-27 15:59:00,3.93,3.93,3.92,3.92,201.0
2019-03-28 09:41:00,3.92,3.92,3.92,3.92,1001.0
2019-03-28 09:42:00,3.89,3.9047,3.89,3.9047,1000.0
2019-03-28 09:43:00,3.8894,3.8894,3.8894,3.8894,1925.0
2019-03-28 10:54:00,3.92,3.92,3.92,3.92,530.0
2019-03-29 09:31:00,3.93,3.93,3.93,3.93,0.0
2019-03-29 09:41:00,3.93,3.95,3.93,3.95,201.0
2019-03-29 12:06:00,3.92,3.92,3.92,3.92,100.0
2019-03-29 12:07:00,3.93,3.95,3.93,3.95,500.0
2019-03-29 12:08:00,3.95,3.95,3.95,3.95,100.0
2019-03-29 12:19:00,3.95,3.95,3.95,3.95,152.0
2019-03-29 12:20:00,3.92,3.92,3.92,3.92,400.0
2019-03-29 12:35:00,3.91,3.91,3.89,3.89,351.0
2019-03-29 14:47:00,3.93,3.95,3.93,3.95,300.0
2019-03-29 14:54:00,3.95,3.95,3.95,3.95,100.0
2019-03-29 14:55:00,3.95,3.95,3.95,3.95,100.0
2019-03-29 15:07:00,3.9499,3.9499,3.9499,3.9499,977.0
2019-03-29 15:11:00,3.95,3.95,3.947,3.947,4000.0
2019-03-29 15:20:00,3.95,3.95,3.95,3.95,100.0
2019-03-29 15:23:00,3.95,3.95,3.95,3.95,100.0
2019-03-29 15:25:00,3.95,3.95,3.95,3.95,1033.0
2019-03-29 15:45:00,3.9534,3.9534,3.9534,3.9534,303.0
2019-04-01 09:31:00,3.98,3.98,3.98,3.98,261.0
2019-04-01 10:24:00,3.9646,3.9646,3.9646,3.9646,323.0
2019-04-01 11:44:00,3.98,3.98,3.98,3.98,100.0
2019-04-01 11:53:00,3.9,3.9,3.9,3.9,714.0
2019-04-01 12:18:00,3.95,3.95,3.95,3.95,200.0
2019-04-01 12:27:00,3.95,3.95,3.95,3.95,101.0
2019-04-01 12:31:00,3.95,3.95,3.95,3.95,763.0
2019-04-01 12:37:00,3.95,3.95,3.95,3.95,500.0
2019-04-01 12:54:00,3.95,3.95,3.95,3.95,100.0
2019-04-01 13:06:00,3.95,3.95,3.95,3.95,200.0
2019-04-01 13:09:00,3.95,3.95,3.95,3.95,120.0
2019-04-01 13:56:00,3.9705,3.9705,3.9705,3.9705,500.0
2019-04-01 14:15:00,3.9433,3.9433,3.9433,3.9433,2057.0
2019-04-01 15:25:00,3.95,3.95,3.95,3.95,952.0
2019-04-01 16:00:00,3.9,3.9,3.9,3.9,2018.0
2019-04-02 09:31:00,3.85,3.8897,3.85,3.8897,6465.0
2019-04-02 09:33:00,3.9,3.91,3.9,3.91,1100.0
2019-04-02 09:36:00,3.91,3.91,3.91,3.91,100.0
2019-04-02 09:37:00,3.91,3.91,3.91,3.91,497.0
2019-04-02 09:42:00,3.87,3.87,3.85,3.85,6051.0
2019-04-02 09:44:00,3.85,3.85,3.85,3.85,315.0
2019-04-02 09:45:00,3.8753,3.8753,3.8753,3.8753,501.0
2019-04-02 09:46:00,3.89,3.89,3.89,3.89,2561.0
2019-04-02 09:52:00,3.9,3.9,3.89,3.9,2800.0
2019-04-02 09:53:00,3.9,3.9,3.88,3.88,1100.0
2019-04-02 10:00:00,3.9,3.91,3.9,3.91,1013.0
2019-04-02 10:39:00,3.8693,3.8693,3.8693,3.8693,130.0
2019-04-02 10:43:00,3.9235,3.9235,3.9235,3.9235,2000.0
2019-04-02 10:44:00,3.8693,3.8693,3.8693,3.8693,2000.0
2019-04-02 11:00:00,3.9606,3.9606,3.9606,3.9606,242.0
2019-04-02 12:22:00,3.881,3.881,3.86,3.86,6150.0
2019-04-02 12:23:00,3.8559,3.8559,3.85,3.85,12627.0
2019-04-02 12:24:00,3.81,3.81,3.8,3.8,1003.0
2019-04-02 12:26:00,3.78,3.78,3.75,3.75,1201.0
2019-04-02 12:27:00,3.75,3.75,3.75,3.75,500.0
2019-04-02 12:28:00,3.75,3.75,3.75,3.75,1990.0
2019-04-02 12:31:00,3.685,3.7099,3.67,3.7099,1200.0
2019-04-02 12:33:00,3.66,3.67,3.66,3.66,1234.0
2019-04-02 12:37:00,3.62,3.62,3.62,3.62,896.0
2019-04-02 12:38:00,3.63,3.65,3.63,3.65,1203.0
2019-04-02 12:39:00,3.65,3.66,3.64,3.66,1560.0
2019-04-02 12:40:00,3.66,3.7022,3.66,3.7022,400.0
2019-04-02 12:41:00,3.69,3.7,3.69,3.69,500.0
2019-04-02 12:42:00,3.75,3.75,3.7321,3.7321,3600.0
2019-04-02 12:43:00,3.74,3.74,3.74,3.74,1016.0
2019-04-02 12:48:00,3.75,3.85,3.74,3.7499,1400.0
2019-04-02 12:49:00,3.8016,3.8016,3.8016,3.8016,100.0
2019-04-02 12:53:00,3.7348,3.7348,3.7348,3.7348,500.0
2019-04-02 13:12:00,3.7807,3.7807,3.7807,3.7807,386.0
2019-04-03 09:33:00,3.7994,3.7994,3.7994,3.7994,0.0
2019-04-03 09:42:00,3.859,3.859,3.811,3.811,2000.0
2019-04-03 10:02:00,3.8,3.8,3.8,3.8,500.0
2019-04-03 10:55:00,3.79,3.79,3.79,3.79,150.0
2019-04-03 10:56:00,3.78,3.78,3.78,3.78,130.0
2019-04-03 12:16:00,3.6585,3.69,3.6585,3.69,1400.0
2019-04-03 12:17:00,3.69,3.7,3.69,3.7,304.0
2019-04-03 12:21:00,3.76,3.76,3.76,3.76,200.0
2019-04-03 12:23:00,3.75,3.75,3.75,3.75,100.0
2019-04-03 12:26:00,3.74,3.74,3.74,3.74,500.0
2019-04-03 12:27:00,3.74,3.74,3.74,3.74,100.0
2019-04-03 12:33:00,3.72,3.7616,3.72,3.7616,300.0
2019-04-03 12:52:00,3.8351,3.8351,3.8351,3.8351,500.0
2019-04-03 13:08:00,3.805,3.805,3.805,3.805,1002.0
2019-04-03 13:25:00,3.76,3.76,3.76,3.76,100.0
2019-04-03 13:40:00,3.75,3.75,3.75,3.75,299.0
2019-04-03 13:43:00,3.75,3.76,3.75,3.76,300.0
2019-04-03 13:44:00,3.75,3.75,3.74,3.74,549.0
2019-04-03 13:46:00,3.75,3.75,3.75,3.75,300.0
2019-04-03 13:54:00,3.7691,3.7691,3.7691,3.7691,101.0
