
2019-03-19 09:31:00,1.78,1.78,1.78,1.78,0.0
2019-03-19 09:40:00,1.7968,1.7968,1.7968,1.7968,916.0
2019-03-19 09:51:00,1.8,1.8,1.8,1.8,500.0
2019-03-19 09:56:00,1.8,1.8,1.8,1.8,1786.0
2019-03-19 10:27:00,1.8086,1.8086,1.805,1.805,669.0
2019-03-19 11:05:00,1.8,1.8,1.8,1.8,300.0
2019-03-19 11:07:00,1.8,1.8,1.8,1.8,230.0
2019-03-19 11:23:00,1.806,1.806,1.806,1.806,115.0
2019-03-19 11:25:00,1.801,1.801,1.801,1.801,1151.0
2019-03-19 11:59:00,1.805,1.805,1.805,1.805,125.0
2019-03-19 12:22:00,1.8,1.8,1.8,1.8,102.0
2019-03-19 12:30:00,1.8064,1.8064,1.8064,1.8064,225.0
2019-03-19 13:04:00,1.808,1.808,1.808,1.808,121.0
2019-03-19 13:22:00,1.805,1.81,1.805,1.8099,3725.0
2019-03-19 13:32:00,1.804,1.804,1.804,1.804,355.0
2019-03-19 13:45:00,1.8094,1.8094,1.8094,1.8094,143.0
2019-03-19 15:14:00,1.82,1.82,1.82,1.82,312.0
2019-03-19 15:32:00,1.8174,1.8174,1.8174,1.8174,207.0
2019-03-20 09:31:00,1.82,1.82,1.82,1.82,0.0
2019-03-20 09:56:00,1.811,1.811,1.811,1.811,369.0
2019-03-20 10:27:00,1.82,1.8226,1.82,1.8226,965.0
2019-03-20 10:28:00,1.809,1.809,1.809,1.809,677.0
2019-03-20 10:41:00,1.81,1.81,1.81,1.81,173.0
2019-03-20 10:59:00,1.8001,1.8096,1.8,1.8002,1571.0
2019-03-20 11:45:00,1.8002,1.8002,1.8002,1.8002,159.0
2019-03-20 12:10:00,1.815,1.815,1.801,1.801,663.0
2019-03-20 13:54:00,1.82,1.82,1.8,1.8,1000.0
2019-03-20 14:11:00,1.8002,1.8002,1.8002,1.8002,222.0
2019-03-20 14:20:00,1.827,1.827,1.827,1.827,599.0
2019-03-20 15:46:00,1.83,1.83,1.8001,1.8001,2227.0
2019-03-20 15:50:00,1.8,1.8,1.8,1.8,365.0
2019-03-21 09:31:00,1.8,1.809,1.8,1.809,0.0
2019-03-21 10:19:00,1.82,1.82,1.82,1.82,520.0
2019-03-21 10:21:00,1.844,1.844,1.844,1.844,3639.0
2019-03-21 10:28:00,1.839,1.84,1.839,1.8399,5097.0
2019-03-21 10:33:00,1.826,1.826,1.826,1.826,160.0
2019-03-21 10:36:00,1.82,1.82,1.82,1.82,169.0
2019-03-21 11:07:00,1.85,1.89,1.85,1.89,1856.0
2019-03-21 11:10:00,1.848,1.848,1.848,1.848,916.0
2019-03-21 11:39:00,1.8808,1.8808,1.8808,1.8808,253.0
2019-03-21 11:42:00,1.8641,1.8641,1.8641,1.8641,300.0
2019-03-21 12:02:00,1.865,1.87,1.865,1.87,257.0
2019-03-21 12:21:00,1.8656,1.8656,1.8656,1.8656,600.0
2019-03-21 12:36:00,1.89,1.89,1.89,1.89,1408.0
2019-03-21 12:57:00,1.86,1.86,1.86,1.86,300.0
2019-03-21 13:03:00,1.82,1.82,1.82,1.82,102.0
2019-03-21 13:04:00,1.8493,1.8493,1.8493,1.8493,427.0
2019-03-21 13:19:00,1.8301,1.8301,1.8301,1.8301,1800.0
2019-03-21 13:37:00,1.845,1.845,1.845,1.845,154.0
2019-03-21 14:47:00,1.8707,1.8707,1.8707,1.8707,175.0
2019-03-21 15:19:00,1.88,1.88,1.88,1.88,963.0
2019-03-21 15:25:00,1.8501,1.8621,1.8501,1.8621,1000.0
2019-03-21 15:59:00,1.8708,1.8708,1.8708,1.8708,100.0
2019-03-22 09:31:00,1.85,1.85,1.85,1.85,0.0
2019-03-22 09:54:00,1.8353,1.8353,1.8353,1.8353,1055.0
2019-03-22 10:54:00,1.83,1.83,1.83,1.83,310.0
2019-03-22 11:15:00,1.8365,1.8365,1.8365,1.8365,240.0
2019-03-22 11:36:00,1.844,1.844,1.844,1.844,255.0
2019-03-22 15:09:00,1.8421,1.8421,1.8421,1.8421,274.0
2019-03-22 15:52:00,1.83,1.83,1.83,1.83,142.0
2019-03-25 09:31:00,1.9,1.9,1.9,1.9,0.0
2019-03-25 09:42:00,1.85,1.8725,1.85,1.8725,319.0
2019-03-25 10:07:00,1.9,1.9,1.9,1.9,100.0
2019-03-25 10:08:00,1.8792,1.8792,1.8792,1.8792,1223.0
2019-03-25 11:17:00,1.8919,1.8919,1.8919,1.8919,130.0
2019-03-25 11:27:00,1.8906,1.8906,1.8906,1.8906,271.0
2019-03-25 11:40:00,1.8932,1.8932,1.8932,1.8932,1030.0
2019-03-25 11:54:00,1.88,1.88,1.88,1.88,499.0
2019-03-25 11:55:00,1.85,1.85,1.85,1.85,538.0
2019-03-25 15:06:00,1.8,1.8214,1.8,1.8214,425.0
2019-03-25 15:53:00,1.8,1.8,1.8,1.8,160.0
2019-03-26 09:31:00,1.85,1.85,1.85,1.85,0.0
2019-03-26 11:44:00,1.8225,1.8225,1.8225,1.8225,4012.0
2019-03-26 11:54:00,1.81,1.81,1.81,1.81,740.0
2019-03-26 12:52:00,1.816,1.816,1.816,1.816,242.0
2019-03-27 09:31:00,1.79,1.79,1.79,1.79,1818.0
2019-03-27 09:52:00,1.79,1.7902,1.79,1.7902,250.0
2019-03-27 10:02:00,1.794,1.794,1.794,1.794,238.0
2019-03-27 10:04:00,1.78,1.78,1.75,1.7593,2160.0
2019-03-27 10:31:00,1.76,1.76,1.75,1.75,1309.0
2019-03-27 10:58:00,1.7425,1.7425,1.7425,1.7425,102.0
2019-03-27 11:12:00,1.7,1.7,1.7,1.7,410.0
2019-03-27 11:19:00,1.6591,1.6591,1.6591,1.6591,700.0
2019-03-27 11:25:00,1.68,1.71,1.68,1.71,1026.0
2019-03-27 11:58:00,1.7217,1.7217,1.7217,1.7217,362.0
2019-03-27 12:19:00,1.662,1.662,1.662,1.662,219.0
2019-03-27 12:34:00,1.6578,1.6578,1.6578,1.6578,562.0
2019-03-28 09:44:00,1.66,1.7,1.66,1.7,0.0
2019-03-28 09:47:00,1.7,1.7,1.7,1.7,994.0
2019-03-28 12:04:00,1.75,1.75,1.7252,1.7252,346.0
2019-03-28 12:29:00,1.75,1.75,1.75,1.75,403.0
2019-03-28 12:48:00,1.75,1.75,1.75,1.75,292.0
2019-03-28 13:37:00,1.7215,1.7215,1.7215,1.7215,210.0
2019-03-28 13:38:00,1.724,1.724,1.724,1.724,263.0
2019-03-28 14:51:00,1.71,1.71,1.71,1.71,2077.0
2019-03-28 15:42:00,1.701,1.7079,1.701,1.7079,1007.0
2019-03-28 15:44:00,1.707,1.707,1.707,1.707,509.0
2019-03-29 09:31:00,1.73,1.73,1.73,1.73,85.0
2019-03-29 10:24:00,1.6683,1.6683,1.6683,1.6683,101.0
2019-03-29 10:31:00,1.74,1.75,1.74,1.75,791.0
2019-03-29 11:35:00,1.6683,1.6683,1.6683,1.6683,204.0
2019-03-29 11:49:00,1.7,1.7,1.7,1.7,800.0
2019-03-29 11:50:00,1.74,1.74,1.74,1.74,100.0
2019-03-29 11:52:00,1.7436,1.7436,1.7436,1.7436,5415.0
2019-03-29 14:18:00,1.7,1.7,1.7,1.7,454.0
2019-03-29 14:47:00,1.685,1.6993,1.685,1.6993,294.0
2019-03-29 14:59:00,1.69,1.69,1.69,1.69,210.0
2019-03-29 15:10:00,1.69,1.69,1.69,1.69,100.0
2019-03-29 15:15:00,1.6897,1.6897,1.6897,1.6897,500.0
2019-03-29 15:19:00,1.6784,1.6784,1.6784,1.6784,132.0
2019-03-29 15:21:00,1.681,1.681,1.681,1.681,200.0
2019-03-29 15:31:00,1.67,1.67,1.66,1.66,7949.0
2019-03-29 15:58:00,1.74,1.74,1.74,1.74,515.0
2019-04-01 09:31:00,1.68,1.68,1.68,1.68,0.0
2019-04-01 10:02:00,1.69,1.69,1.69,1.69,1590.0
2019-04-01 10:44:00,1.6999,1.6999,1.6999,1.6999,1458.0
2019-04-01 10:57:00,1.75,1.75,1.75,1.75,10010.0
2019-04-01 11:12:00,1.7499,1.7499,1.7499,1.7499,10040.0
2019-04-01 13:20:00,1.6502,1.6578,1.6502,1.6578,11041.0
2019-04-01 13:59:00,1.65,1.65,1.65,1.65,11800.0
2019-04-01 14:03:00,1.65,1.65,1.65,1.65,3463.0
2019-04-01 14:15:00,1.66,1.66,1.66,1.66,106.0
2019-04-01 14:19:00,1.65,1.65,1.65,1.65,332.0
2019-04-01 14:40:00,1.63,1.63,1.63,1.63,337.0
2019-04-01 15:49:00,1.64,1.64,1.64,1.64,0.0
2019-04-02 09:58:00,1.6399,1.6399,1.6399,1.6399,790.0
2019-04-02 10:10:00,1.6301,1.6301,1.6301,1.6301,875.0
2019-04-02 10:18:00,1.665,1.665,1.665,1.665,802.0
2019-04-02 12:38:00,1.6748,1.6748,1.6748,1.6748,360.0
2019-04-02 13:24:00,1.65,1.65,1.65,1.65,196.0
2019-04-02 14:14:00,1.654,1.654,1.654,1.654,164.0
2019-04-02 15:56:00,1.67,1.67,1.67,1.67,463.0
2019-04-03 09:31:00,1.65,1.65,1.65,1.65,0.0
2019-04-03 10:39:00,1.6344,1.6344,1.6344,1.6344,2500.0
2019-04-03 10:40:00,1.63,1.63,1.63,1.63,7500.0
2019-04-03 10:43:00,1.63,1.63,1.63,1.63,100.0
2019-04-03 10:44:00,1.6326,1.6326,1.63,1.63,13174.0
2019-04-03 11:01:00,1.601,1.601,1.601,1.601,4794.0
2019-04-03 11:11:00,1.6,1.6,1.6,1.6,300.0
2019-04-03 11:18:00,1.6472,1.6472,1.608,1.608,5109.0
2019-04-03 11:27:00,1.6499,1.6499,1.6499,1.6499,2002.0
2019-04-03 11:39:00,1.6401,1.6401,1.635,1.635,10295.0
2019-04-03 11:40:00,1.6,1.6,1.6,1.6,2920.0
2019-04-03 11:58:00,1.65,1.65,1.63,1.63,1369.0
2019-04-03 13:34:00,1.6353,1.6353,1.6353,1.6353,291.0
2019-04-03 14:36:00,1.6385,1.6385,1.6385,1.6385,177.0
