
2019-03-19 09:31:00,24.94,24.94,24.94,24.94,0.0
2019-03-19 09:43:00,24.86,24.86,24.86,24.86,200.0
2019-03-19 09:44:00,24.9,24.9,24.8999,24.8999,602.0
2019-03-19 09:46:00,24.87,24.9,24.87,24.9,511.0
2019-03-19 09:51:00,24.88,24.88,24.88,24.88,211.0
2019-03-19 10:00:00,24.84,24.84,24.84,24.84,100.0
2019-03-19 10:06:00,24.87,24.9,24.87,24.8994,1002.0
2019-03-19 10:07:00,24.87,24.87,24.87,24.87,100.0
2019-03-19 10:08:00,24.8439,24.8439,24.8439,24.8439,400.0
2019-03-19 10:13:00,24.87,24.87,24.87,24.87,100.0
2019-03-19 10:14:00,24.888,24.888,24.888,24.888,400.0
2019-03-19 10:17:00,24.85,24.85,24.85,24.85,186.0
2019-03-19 10:18:00,24.8897,24.8897,24.8897,24.8897,298.0
2019-03-19 10:20:00,24.84,24.87,24.84,24.87,200.0
2019-03-19 10:22:00,24.88,24.88,24.88,24.88,100.0
2019-03-19 10:25:00,24.86,24.86,24.86,24.86,152.0
2019-03-19 10:27:00,24.86,24.86,24.86,24.86,102.0
2019-03-19 10:30:00,24.86,24.86,24.86,24.86,100.0
2019-03-19 10:31:00,24.888,24.888,24.888,24.888,500.0
2019-03-19 10:32:00,24.88,24.88,24.88,24.88,100.0
2019-03-19 10:33:00,24.8836,24.9,24.8836,24.9,368.0
2019-03-19 10:34:00,24.88,24.88,24.88,24.88,100.0
2019-03-19 10:35:00,24.86,24.86,24.86,24.86,100.0
2019-03-19 10:37:00,24.8999,24.8999,24.8999,24.8999,145.0
2019-03-19 10:38:00,24.86,24.86,24.86,24.86,104.0
2019-03-19 10:40:00,24.8601,24.8601,24.86,24.86,313.0
2019-03-19 10:43:00,24.86,24.86,24.86,24.86,100.0
2019-03-19 10:45:00,24.86,24.86,24.86,24.86,100.0
2019-03-19 10:48:00,24.85,24.85,24.85,24.85,100.0
2019-03-19 10:49:00,24.875,24.875,24.875,24.875,100.0
2019-03-19 10:52:00,24.88,24.88,24.88,24.88,517.0
2019-03-19 10:57:00,24.9399,24.9399,24.9399,24.9399,150.0
2019-03-19 11:04:00,24.87,24.87,24.87,24.87,100.0
2019-03-19 11:05:00,24.94,24.94,24.94,24.94,300.0
2019-03-19 11:07:00,24.87,24.89,24.87,24.89,200.0
2019-03-19 11:08:00,24.895,24.895,24.895,24.895,400.0
2019-03-19 11:09:00,24.895,24.92,24.895,24.91,512.0
2019-03-19 11:21:00,24.87,24.87,24.87,24.87,100.0
2019-03-19 11:23:00,24.86,24.89,24.86,24.89,204.0
2019-03-19 11:25:00,24.86,24.86,24.86,24.86,106.0
2019-03-19 11:27:00,24.86,24.86,24.86,24.86,100.0
2019-03-19 11:28:00,24.88,24.88,24.88,24.88,100.0
2019-03-19 11:31:00,24.84,24.84,24.84,24.84,163.0
2019-03-19 11:33:00,24.84,24.84,24.84,24.84,100.0
2019-03-19 11:35:00,24.84,24.84,24.84,24.84,100.0
2019-03-19 11:36:00,24.84,24.84,24.84,24.84,100.0
2019-03-19 11:38:00,24.84,24.84,24.84,24.84,100.0
2019-03-19 11:39:00,24.88,24.88,24.88,24.88,100.0
2019-03-19 11:40:00,24.8874,24.92,24.88,24.8974,4397.0
2019-03-19 11:41:00,24.93,24.93,24.9292,24.93,1108.0
2019-03-19 11:42:00,24.85,24.85,24.85,24.85,390.0
2019-03-19 11:51:00,24.88,24.91,24.88,24.88,600.0
2019-03-19 11:52:00,24.88,24.88,24.88,24.88,100.0
2019-03-19 11:54:00,24.88,24.88,24.88,24.88,135.0
2019-03-19 11:55:00,24.91,24.91,24.8885,24.8885,600.0
2019-03-19 11:59:00,24.88,24.95,24.88,24.95,3196.0
2019-03-19 12:00:00,24.95,24.95,24.88,24.88,1594.0
2019-03-19 12:01:00,24.96,24.96,24.96,24.96,512.0
2019-03-19 12:02:00,24.96,24.96,24.96,24.96,209.0
2019-03-19 12:14:00,24.965,24.965,24.965,24.965,196.0
2019-03-19 12:17:00,24.9705,24.9705,24.9705,24.9705,450.0
2019-03-19 12:18:00,24.965,24.965,24.965,24.965,200.0
2019-03-19 12:22:00,24.965,24.965,24.965,24.965,105.0
2019-03-19 12:32:00,24.959,24.959,24.959,24.959,295.0
2019-03-19 12:42:00,24.965,24.965,24.965,24.965,120.0
2019-03-19 12:43:00,24.965,24.965,24.965,24.965,100.0
2019-03-19 12:44:00,24.965,24.965,24.965,24.965,153.0
2019-03-19 12:51:00,24.97,24.97,24.97,24.97,200.0
2019-03-19 12:52:00,24.95,24.95,24.95,24.95,100.0
2019-03-19 12:53:00,24.95,24.95,24.95,24.95,100.0
2019-03-19 12:55:00,24.95,24.95,24.95,24.95,199.0
2019-03-19 12:56:00,24.965,24.965,24.965,24.965,186.0
2019-03-19 12:59:00,24.95,24.95,24.95,24.95,100.0
2019-03-19 13:01:00,24.95,24.95,24.95,24.95,100.0
2019-03-19 13:03:00,24.95,24.95,24.95,24.95,147.0
2019-03-19 13:05:00,24.95,24.95,24.95,24.95,100.0
2019-03-19 13:06:00,24.965,24.965,24.959,24.965,790.0
2019-03-19 13:09:00,24.965,24.965,24.965,24.965,128.0
2019-03-19 13:10:00,24.96,24.96,24.96,24.96,1340.0
2019-03-19 13:12:00,24.965,24.965,24.965,24.965,105.0
2019-03-19 13:21:00,24.95,24.95,24.95,24.95,100.0
2019-03-19 13:23:00,24.95,24.95,24.95,24.95,104.0
2019-03-19 13:25:00,24.95,24.95,24.95,24.95,224.0
2019-03-19 13:26:00,24.95,24.95,24.95,24.95,100.0
2019-03-19 13:27:00,24.95,24.965,24.95,24.965,1002.0
2019-03-19 13:29:00,24.96,24.96,24.96,24.96,300.0
2019-03-19 13:30:00,24.95,24.95,24.95,24.95,103.0
2019-03-19 13:31:00,24.9671,24.97,24.965,24.97,700.0
2019-03-19 13:33:00,24.9617,24.9617,24.9617,24.9617,1000.0
2019-03-19 13:34:00,24.95,24.95,24.95,24.95,154.0
2019-03-19 13:36:00,24.95,24.95,24.95,24.95,100.0
2019-03-19 13:37:00,24.96,24.96,24.96,24.96,100.0
2019-03-19 13:38:00,24.87,24.87,24.87,24.87,100.0
2019-03-19 13:40:00,24.88,24.88,24.88,24.88,100.0
2019-03-19 13:42:00,24.89,24.89,24.89,24.89,100.0
2019-03-19 13:44:00,24.88,24.89,24.88,24.89,200.0
2019-03-19 13:46:00,24.89,24.93,24.89,24.93,205.0
2019-03-19 13:47:00,24.93,24.93,24.93,24.93,201.0
2019-03-19 13:48:00,24.9109,24.9109,24.9109,24.9109,501.0
2019-03-19 13:51:00,24.93,24.935,24.93,24.935,200.0
2019-03-19 13:58:00,24.9,24.9,24.9,24.9,191.0
2019-03-19 13:59:00,24.9183,24.93,24.9183,24.93,326.0
2019-03-19 14:01:00,24.932,24.932,24.91,24.91,401.0
2019-03-19 14:02:00,24.935,24.935,24.935,24.935,100.0
2019-03-19 14:03:00,24.9,24.935,24.9,24.935,200.0
2019-03-19 14:05:00,24.9699,24.9699,24.935,24.935,391.0
2019-03-19 14:07:00,24.91,24.91,24.91,24.91,100.0
2019-03-19 14:09:00,24.91,24.91,24.91,24.91,100.0
2019-03-19 14:10:00,24.935,24.935,24.935,24.935,201.0
2019-03-19 14:15:00,24.91,24.94,24.91,24.94,200.0
2019-03-19 14:17:00,24.94,24.94,24.94,24.94,304.0
2019-03-19 14:20:00,24.94,24.96,24.94,24.94,800.0
2019-03-19 14:21:00,24.94,24.94,24.94,24.94,100.0
2019-03-19 14:24:00,24.9485,24.9485,24.9485,24.9485,376.0
2019-03-19 14:25:00,24.94,24.94,24.94,24.94,200.0
2019-03-19 14:26:00,24.94,24.9699,24.94,24.9699,607.0
2019-03-19 14:38:00,24.94,24.94,24.94,24.94,132.0
2019-03-19 14:40:00,24.92,24.92,24.92,24.92,100.0
2019-03-19 14:42:00,24.92,24.945,24.92,24.945,200.0
2019-03-19 14:43:00,24.97,24.97,24.97,24.97,100.0
2019-03-19 14:44:00,24.93,24.93,24.93,24.93,105.0
2019-03-19 14:46:00,24.93,24.93,24.93,24.93,100.0
2019-03-19 14:47:00,24.955,24.955,24.955,24.955,117.0
2019-03-19 14:48:00,24.94,24.94,24.94,24.94,100.0
2019-03-19 14:50:00,24.94,24.94,24.925,24.925,306.0
2019-03-19 14:52:00,24.9274,24.9274,24.9274,24.9274,100.0
2019-03-19 14:54:00,24.9,24.9,24.9,24.9,100.0
2019-03-19 14:56:00,24.925,24.925,24.925,24.925,100.0
2019-03-19 14:57:00,24.9,24.9,24.9,24.9,200.0
2019-03-19 14:58:00,24.94,24.94,24.94,24.94,300.0
2019-03-19 15:01:00,24.95,24.95,24.9457,24.9457,404.0
2019-03-19 15:04:00,24.9,24.9,24.9,24.9,309.0
2019-03-19 15:07:00,24.9,24.9,24.9,24.9,100.0
2019-03-19 15:08:00,24.9,24.93,24.9,24.93,200.0
2019-03-19 15:10:00,24.9,24.9,24.9,24.9,100.0
2019-03-19 15:11:00,24.9,24.9,24.9,24.9,102.0
2019-03-19 15:13:00,24.9,24.9,24.9,24.9,100.0
2019-03-19 15:14:00,24.91,24.91,24.91,24.91,200.0
2019-03-19 15:16:00,24.91,24.91,24.88,24.88,2100.0
2019-03-19 15:18:00,24.89,24.89,24.89,24.89,301.0
2019-03-19 15:19:00,24.89,24.89,24.89,24.89,220.0
2019-03-19 15:22:00,24.89,24.89,24.89,24.89,199.0
2019-03-19 15:24:00,24.89,24.93,24.89,24.93,200.0
2019-03-19 15:25:00,24.9,24.9,24.9,24.9,106.0
2019-03-19 15:27:00,24.9,24.9,24.9,24.9,100.0
2019-03-19 15:28:00,24.9,24.9,24.9,24.9,100.0
2019-03-19 15:30:00,24.91,24.91,24.91,24.91,100.0
2019-03-19 15:32:00,24.88,24.88,24.88,24.88,100.0
2019-03-19 15:33:00,24.9343,24.9343,24.89,24.89,879.0
2019-03-19 15:38:00,24.9021,24.9021,24.9021,24.9021,145.0
2019-03-19 15:39:00,24.9,24.9,24.9,24.9,100.0
2019-03-19 15:41:00,24.9,24.93,24.9,24.93,200.0
2019-03-19 15:42:00,24.89,24.89,24.89,24.89,200.0
2019-03-19 15:43:00,24.88,24.88,24.88,24.88,100.0
2019-03-19 15:44:00,24.87,24.87,24.87,24.87,100.0
2019-03-19 15:45:00,24.9368,24.9368,24.9368,24.9368,1275.0
2019-03-19 15:46:00,24.88,24.88,24.88,24.88,100.0
2019-03-19 15:47:00,24.87,24.88,24.87,24.88,515.0
2019-03-19 15:48:00,24.89,24.89,24.88,24.885,403.0
2019-03-19 15:51:00,24.87,24.885,24.87,24.885,348.0
2019-03-19 15:52:00,24.87,24.87,24.87,24.87,100.0
2019-03-19 15:53:00,24.9,24.9,24.86,24.86,1191.0
2019-03-19 15:55:00,24.85,24.85,24.85,24.85,107.0
2019-03-19 15:56:00,24.8682,24.8682,24.85,24.85,4616.0
2019-03-19 15:59:00,24.85,24.85,24.85,24.85,1224.0
2019-03-19 16:00:00,24.85,24.9,24.85,24.85,839.0
2019-03-20 09:31:00,24.81,24.81,24.81,24.81,2081.0
2019-03-20 09:33:00,24.8328,24.8328,24.79,24.8325,3492.0
2019-03-20 09:42:00,24.75,24.75,24.7451,24.75,3896.0
2019-03-20 09:48:00,24.75,24.75,24.75,24.75,200.0
2019-03-20 09:51:00,24.8018,24.8018,24.8018,24.8018,250.0
2019-03-20 09:53:00,24.83,24.83,24.75,24.75,200.0
2019-03-20 09:55:00,24.83,24.83,24.806,24.806,1000.0
2019-03-20 10:02:00,24.75,24.75,24.75,24.75,135.0
2019-03-20 10:03:00,24.85,24.85,24.83,24.83,2257.0
2019-03-20 10:05:00,24.75,24.75,24.75,24.75,300.0
2019-03-20 10:06:00,24.82,24.84,24.82,24.84,640.0
2019-03-20 10:07:00,24.75,24.75,24.75,24.75,100.0
2019-03-20 10:09:00,24.8321,24.8321,24.8321,24.8321,1000.0
2019-03-20 10:13:00,24.75,24.75,24.75,24.75,400.0
2019-03-20 10:17:00,24.8033,24.8033,24.8033,24.8033,314.0
2019-03-20 10:18:00,24.8252,24.8252,24.8252,24.8252,500.0
2019-03-20 10:20:00,24.75,24.75,24.75,24.75,300.0
2019-03-20 10:22:00,24.82,24.82,24.82,24.82,100.0
2019-03-20 10:25:00,24.75,24.75,24.75,24.75,100.0
2019-03-20 10:29:00,24.82,24.82,24.75,24.75,400.0
2019-03-20 10:35:00,24.75,24.75,24.75,24.75,100.0
2019-03-20 10:38:00,24.84,24.84,24.75,24.75,400.0
2019-03-20 10:39:00,24.8499,24.8499,24.8499,24.8499,145.0
2019-03-20 10:40:00,24.84,24.8499,24.84,24.8499,596.0
2019-03-20 10:43:00,24.75,24.75,24.75,24.75,100.0
2019-03-20 10:44:00,24.82,24.82,24.82,24.82,100.0
2019-03-20 10:48:00,24.75,24.826,24.75,24.826,400.0
2019-03-20 10:55:00,24.77,24.77,24.77,24.77,300.0
2019-03-20 10:58:00,24.83,24.83,24.83,24.83,100.0
2019-03-20 11:01:00,24.83,24.83,24.77,24.77,200.0
2019-03-20 11:05:00,24.78,24.78,24.78,24.78,200.0
2019-03-20 11:07:00,24.75,24.75,24.75,24.75,100.0
2019-03-20 11:08:00,24.85,24.85,24.85,24.85,100.0
2019-03-20 11:09:00,24.8156,24.8156,24.8156,24.8156,313.0
2019-03-20 11:13:00,24.8,24.8,24.75,24.75,300.0
2019-03-20 11:21:00,24.75,24.75,24.75,24.75,300.0
2019-03-20 11:24:00,24.78,24.78,24.75,24.75,1350.0
2019-03-20 11:29:00,24.75,24.75,24.75,24.75,300.0
2019-03-20 11:37:00,24.83,24.83,24.83,24.83,100.0
2019-03-20 11:38:00,24.8,24.8,24.75,24.75,300.0
2019-03-20 11:43:00,24.8265,24.8265,24.8265,24.8265,118.0
2019-03-20 11:46:00,24.75,24.75,24.75,24.75,334.0
2019-03-20 11:55:00,24.75,24.75,24.75,24.75,300.0
2019-03-20 11:58:00,24.8005,24.8005,24.8005,24.8005,538.0
2019-03-20 12:03:00,24.81,24.81,24.78,24.78,200.0
2019-03-20 12:04:00,24.79,24.79,24.79,24.79,200.0
2019-03-20 12:05:00,24.79,24.79,24.79,24.79,387.0
2019-03-20 12:11:00,24.75,24.76,24.75,24.76,300.0
2019-03-20 12:14:00,24.76,24.76,24.76,24.76,100.0
2019-03-20 12:15:00,24.76,24.76,24.76,24.76,100.0
2019-03-20 12:21:00,24.76,24.76,24.72,24.72,405.0
2019-03-20 12:32:00,24.68,24.7175,24.68,24.7175,400.0
2019-03-20 12:37:00,24.76,24.76,24.76,24.76,100.0
2019-03-20 12:39:00,24.66,24.67,24.66,24.67,300.0
2019-03-20 12:42:00,24.702,24.702,24.702,24.702,189.0
2019-03-20 12:49:00,24.66,24.66,24.66,24.66,302.0
2019-03-20 12:57:00,24.6729,24.6729,24.6729,24.6729,100.0
2019-03-20 13:00:00,24.65,24.65,24.64,24.64,399.0
2019-03-20 13:10:00,24.64,24.65,24.64,24.64,417.0
2019-03-20 13:11:00,24.75,24.75,24.75,24.75,132.0
2019-03-20 13:12:00,24.725,24.725,24.725,24.725,100.0
2019-03-20 13:13:00,24.74,24.74,24.725,24.725,271.0
2019-03-20 13:14:00,24.74,24.74,24.74,24.74,100.0
2019-03-20 13:15:00,24.74,24.74,24.74,24.74,100.0
2019-03-20 13:16:00,24.725,24.75,24.725,24.75,200.0
2019-03-20 13:17:00,24.75,24.75,24.75,24.75,100.0
2019-03-20 13:18:00,24.75,24.75,24.75,24.75,100.0
2019-03-20 13:19:00,24.75,24.75,24.75,24.75,100.0
2019-03-20 13:20:00,24.75,24.75,24.75,24.75,100.0
2019-03-20 13:21:00,24.7,24.725,24.7,24.725,200.0
2019-03-20 13:22:00,24.75,24.75,24.75,24.75,100.0
2019-03-20 13:24:00,24.75,24.75,24.75,24.75,100.0
2019-03-20 13:25:00,24.75,24.75,24.75,24.75,100.0
2019-03-20 13:26:00,24.75,24.75,24.75,24.75,100.0
2019-03-20 13:27:00,24.75,24.75,24.75,24.75,100.0
2019-03-20 13:28:00,24.75,24.75,24.7,24.7,400.0
2019-03-20 13:29:00,24.75,24.75,24.75,24.75,263.0
2019-03-20 13:41:00,24.7,24.71,24.7,24.7,300.0
2019-03-20 13:51:00,24.7,24.7,24.7,24.7,300.0
2019-03-20 13:59:00,24.7,24.7,24.7,24.7,300.0
2019-03-20 14:02:00,24.735,24.76,24.71,24.71,2398.0
2019-03-20 14:03:00,24.745,24.745,24.745,24.745,160.0
2019-03-20 14:04:00,24.76,24.76,24.76,24.76,251.0
2019-03-20 14:05:00,24.72,24.72,24.72,24.72,100.0
2019-03-20 14:07:00,24.76,24.7695,24.76,24.7695,400.0
2019-03-20 14:08:00,24.79,24.79,24.785,24.79,953.0
2019-03-20 14:11:00,24.8,24.8,24.8,24.8,500.0
2019-03-20 14:12:00,24.8,24.8067,24.7619,24.7619,1281.0
2019-03-20 14:17:00,24.8043,24.8043,24.8043,24.8043,100.0
2019-03-20 14:22:00,24.75,24.75,24.75,24.75,200.0
2019-03-20 14:24:00,24.78,24.78,24.75,24.75,300.0
2019-03-20 14:26:00,24.7945,24.7945,24.7945,24.7945,300.0
2019-03-20 14:27:00,24.75,24.7961,24.75,24.7961,880.0
2019-03-20 14:30:00,24.8061,24.8061,24.8061,24.8061,2003.0
2019-03-20 14:31:00,24.799,24.799,24.799,24.799,200.0
2019-03-20 14:32:00,24.76,24.76,24.76,24.76,300.0
2019-03-20 14:34:00,24.75,24.81,24.75,24.81,200.0
2019-03-20 14:35:00,24.83,24.83,24.82,24.82,1449.0
2019-03-20 14:41:00,24.83,24.83,24.81,24.81,879.0
2019-03-20 14:42:00,24.83,24.83,24.83,24.83,100.0
2019-03-20 14:43:00,24.81,24.82,24.81,24.82,575.0
2019-03-20 14:46:00,24.8488,24.8488,24.8488,24.8488,150.0
2019-03-20 14:48:00,24.8496,24.8496,24.8496,24.8496,305.0
2019-03-20 14:50:00,24.88,24.88,24.88,24.88,136.0
2019-03-20 14:51:00,24.88,24.8899,24.88,24.8899,464.0
2019-03-20 14:52:00,24.89,24.9,24.89,24.9,483.0
2019-03-20 14:57:00,24.8853,24.8853,24.8853,24.8853,200.0
2019-03-20 15:05:00,24.87,24.87,24.87,24.87,103.0
2019-03-20 15:07:00,24.84,24.84,24.84,24.84,314.0
2019-03-20 15:12:00,24.82,24.82,24.82,24.82,300.0
2019-03-20 15:14:00,24.869,24.869,24.8201,24.8201,1800.0
2019-03-20 15:17:00,24.84,24.84,24.83,24.83,300.0
2019-03-20 15:22:00,24.82,24.82,24.82,24.82,646.0
2019-03-20 15:26:00,24.82,24.82,24.82,24.82,300.0
2019-03-20 15:29:00,24.855,24.855,24.855,24.855,100.0
2019-03-20 15:31:00,24.82,24.82,24.82,24.82,100.0
2019-03-20 15:32:00,24.8413,24.869,24.8413,24.869,666.0
2019-03-20 15:34:00,24.82,24.855,24.82,24.855,300.0
2019-03-20 15:35:00,24.82,24.82,24.82,24.82,100.0
2019-03-20 15:39:00,24.82,24.82,24.82,24.82,300.0
2019-03-20 15:40:00,24.82,24.82,24.82,24.82,112.0
2019-03-20 15:43:00,24.82,24.8655,24.82,24.8655,600.0
2019-03-20 15:45:00,24.82,24.82,24.82,24.82,100.0
2019-03-20 15:46:00,24.81,24.81,24.81,24.81,200.0
2019-03-20 15:47:00,24.8,24.845,24.8,24.845,200.0
2019-03-20 15:48:00,24.81,24.81,24.81,24.81,100.0
2019-03-20 15:49:00,24.81,24.81,24.81,24.81,100.0
2019-03-20 15:50:00,24.8,24.8,24.8,24.8,200.0
2019-03-20 15:51:00,24.8,24.8,24.8,24.8,100.0
2019-03-20 15:52:00,24.8,24.8,24.8,24.8,200.0
2019-03-20 15:53:00,24.8,24.8,24.8,24.8,200.0
2019-03-20 15:54:00,24.8,24.8,24.8,24.8,100.0
2019-03-20 15:55:00,24.8,24.8,24.8,24.8,200.0
2019-03-20 15:56:00,24.8,24.84,24.8,24.8,300.0
2019-03-20 15:57:00,24.8,24.8,24.8,24.8,403.0
2019-03-20 15:58:00,24.8,24.88,24.8,24.81,400.0
2019-03-20 15:59:00,24.8,24.81,24.8,24.8,500.0
2019-03-20 16:00:00,24.84,24.84,24.8,24.8,684.0
2019-03-21 09:31:00,24.8,24.8,24.8,24.8,0.0
2019-03-21 09:36:00,24.79,24.8,24.79,24.8,832.0
2019-03-21 09:37:00,24.81,24.83,24.81,24.81,532.0
2019-03-21 09:40:00,24.84,24.84,24.84,24.84,243.0
2019-03-21 10:07:00,24.76,24.76,24.76,24.76,838.0
2019-03-21 10:08:00,24.78,24.85,24.76,24.85,1012.0
2019-03-21 10:16:00,24.8001,24.8001,24.8001,24.8001,131.0
2019-03-21 10:28:00,24.8465,24.8465,24.8465,24.8465,155.0
2019-03-21 10:36:00,24.85,24.85,24.85,24.85,100.0
2019-03-21 10:37:00,24.8499,24.8499,24.8499,24.8499,176.0
2019-03-21 10:42:00,24.85,24.85,24.845,24.845,283.0
2019-03-21 10:53:00,24.85,24.85,24.85,24.85,124.0
2019-03-21 11:00:00,24.849,24.849,24.849,24.849,676.0
2019-03-21 11:03:00,24.84,24.85,24.83,24.85,822.0
2019-03-21 11:04:00,24.85,24.85,24.85,24.85,1250.0
2019-03-21 11:11:00,24.88,24.88,24.86,24.87,307.0
2019-03-21 11:29:00,24.88,24.88,24.88,24.88,100.0
2019-03-21 11:31:00,24.8632,24.88,24.8632,24.88,883.0
2019-03-21 11:32:00,24.87,24.87,24.87,24.87,300.0
2019-03-21 11:33:00,24.86,24.86,24.86,24.86,510.0
2019-03-21 11:41:00,24.8503,24.8503,24.8503,24.8503,468.0
2019-03-21 11:44:00,24.85,24.85,24.85,24.85,188.0
2019-03-21 11:47:00,24.85,24.88,24.85,24.8738,2275.0
2019-03-21 11:55:00,24.88,24.88,24.88,24.88,200.0
2019-03-21 11:57:00,24.88,24.88,24.88,24.88,100.0
2019-03-21 11:58:00,24.88,24.88,24.88,24.88,1441.0
2019-03-21 12:01:00,24.8568,24.8568,24.8568,24.8568,344.0
2019-03-21 12:24:00,24.88,24.88,24.88,24.88,102.0
2019-03-21 12:52:00,24.8602,24.8602,24.8602,24.8602,506.0
2019-03-21 12:55:00,24.86,24.86,24.86,24.86,1650.0
2019-03-21 13:06:00,24.8457,24.8457,24.8457,24.8457,280.0
2019-03-21 13:42:00,24.84,24.84,24.84,24.84,235.0
2019-03-21 13:48:00,24.8759,24.8759,24.8759,24.8759,223.0
2019-03-21 13:57:00,24.85,24.85,24.85,24.85,400.0
2019-03-21 13:58:00,24.852,24.852,24.852,24.852,102.0
2019-03-21 14:08:00,24.88,24.88,24.88,24.88,100.0
2019-03-21 14:11:00,24.88,24.88,24.88,24.88,906.0
2019-03-21 14:15:00,24.88,24.88,24.88,24.88,300.0
2019-03-21 14:17:00,24.88,24.88,24.88,24.88,200.0
2019-03-21 14:24:00,24.845,24.845,24.845,24.845,728.0
2019-03-21 14:28:00,24.89,24.89,24.89,24.89,2206.0
2019-03-21 14:29:00,24.8674,24.8674,24.8674,24.8674,650.0
2019-03-21 14:32:00,24.9,24.92,24.9,24.92,2816.0
2019-03-21 14:37:00,24.9114,24.92,24.9114,24.92,6570.0
2019-03-21 14:44:00,24.92,24.92,24.92,24.92,100.0
2019-03-21 14:45:00,24.8877,24.8877,24.8877,24.8877,125.0
2019-03-21 15:00:00,24.825,24.825,24.825,24.825,100.0
2019-03-21 15:01:00,24.91,24.91,24.91,24.91,307.0
2019-03-21 15:06:00,24.8743,24.8743,24.8743,24.8743,338.0
2019-03-21 15:12:00,24.8975,24.8975,24.8975,24.8975,457.0
2019-03-21 15:17:00,24.91,24.91,24.8852,24.8852,1900.0
2019-03-21 15:18:00,24.92,24.92,24.92,24.92,1464.0
2019-03-21 15:21:00,24.91,24.91,24.91,24.91,217.0
2019-03-21 15:33:00,24.92,24.92,24.92,24.92,100.0
2019-03-21 15:34:00,24.9,24.9,24.9,24.9,564.0
2019-03-21 15:46:00,24.92,24.92,24.92,24.92,100.0
2019-03-21 15:48:00,24.8847,24.8847,24.8847,24.8847,2025.0
2019-03-21 15:55:00,24.98,24.98,24.98,24.98,230.0
2019-03-22 09:31:00,24.97,24.97,24.97,24.97,0.0
2019-03-22 09:45:00,24.9599,24.9599,24.9599,24.9599,330.0
2019-03-22 09:57:00,24.914,24.914,24.914,24.914,405.0
2019-03-22 10:05:00,24.86,24.865,24.86,24.865,400.0
2019-03-22 10:07:00,24.9,24.9,24.9,24.9,400.0
2019-03-22 10:08:00,24.87,24.8735,24.87,24.871,800.0
2019-03-22 10:09:00,24.87,24.92,24.87,24.92,200.0
2019-03-22 10:11:00,24.91,24.93,24.91,24.93,700.0
2019-03-22 10:13:00,24.93,24.93,24.93,24.93,440.0
2019-03-22 10:14:00,24.92,24.92,24.9194,24.9194,328.0
2019-03-22 10:26:00,24.9034,24.9034,24.9034,24.9034,113.0
2019-03-22 10:33:00,24.95,24.95,24.95,24.95,249.0
2019-03-22 10:35:00,24.94,24.95,24.94,24.95,1712.0
2019-03-22 10:39:00,24.96,24.96,24.96,24.96,100.0
2019-03-22 10:41:00,24.96,24.96,24.96,24.96,100.0
2019-03-22 10:42:00,24.94,24.94,24.94,24.94,753.0
2019-03-22 10:43:00,24.96,24.97,24.95,24.95,606.0
2019-03-22 10:44:00,24.95,24.95,24.95,24.95,106.0
2019-03-22 10:49:00,24.95,24.98,24.95,24.98,1480.0
2019-03-22 10:54:00,24.98,24.98,24.98,24.98,100.0
2019-03-22 10:56:00,24.95,24.95,24.94,24.941,1703.0
2019-03-22 11:00:00,24.9401,24.97,24.9401,24.97,1111.0
2019-03-22 11:01:00,24.9404,24.96,24.94,24.94,2207.0
2019-03-22 11:02:00,24.92,24.92,24.92,24.92,220.0
2019-03-22 11:07:00,24.92,24.92,24.88,24.89,1248.0
2019-03-22 11:08:00,24.91,24.91,24.87,24.87,879.0
2019-03-22 11:09:00,24.87,24.87,24.86,24.86,1675.0
2019-03-22 11:15:00,24.9004,24.9004,24.9004,24.9004,1250.0
2019-03-22 11:17:00,24.95,24.95,24.95,24.95,100.0
2019-03-22 11:23:00,24.949,24.949,24.949,24.949,150.0
2019-03-22 11:24:00,24.9599,24.9599,24.9599,24.9599,300.0
2019-03-22 11:25:00,24.959,24.959,24.959,24.959,189.0
2019-03-22 11:27:00,24.96,24.96,24.96,24.96,100.0
2019-03-22 11:34:00,24.94,24.94,24.94,24.94,100.0
2019-03-22 11:37:00,24.96,24.96,24.96,24.96,100.0
2019-03-22 11:38:00,24.95,24.96,24.9245,24.9245,2209.0
2019-03-22 11:41:00,24.923,24.923,24.923,24.923,524.0
2019-03-22 11:47:00,24.97,24.97,24.97,24.97,100.0
2019-03-22 11:51:00,24.97,24.97,24.97,24.97,100.0
2019-03-22 11:57:00,24.87,24.96,24.87,24.96,734.0
2019-03-22 12:01:00,24.97,24.97,24.97,24.97,100.0
2019-03-22 12:03:00,24.9011,24.9011,24.9011,24.9011,122.0
2019-03-22 12:04:00,24.969,24.969,24.969,24.969,400.0
2019-03-22 12:10:00,24.96,24.96,24.96,24.96,125.0
2019-03-22 12:23:00,24.97,24.97,24.96,24.96,245.0
2019-03-22 12:25:00,24.8701,24.8701,24.8701,24.8701,175.0
2019-03-22 12:30:00,24.9162,24.9162,24.9162,24.9162,907.0
2019-03-22 12:31:00,24.9162,24.96,24.9162,24.96,387.0
2019-03-22 12:34:00,24.9,24.9,24.9,24.9,101.0
2019-03-22 12:37:00,24.909,24.909,24.909,24.909,248.0
2019-03-22 12:40:00,24.885,24.885,24.885,24.885,131.0
2019-03-22 12:46:00,24.9495,24.9495,24.9495,24.9495,275.0
2019-03-22 12:48:00,24.97,24.97,24.97,24.97,100.0
2019-03-22 12:52:00,24.96,24.96,24.96,24.96,100.0
2019-03-22 12:57:00,24.9441,24.9441,24.9441,24.9441,521.0
2019-03-22 13:01:00,24.94,24.94,24.94,24.94,295.0
2019-03-22 13:12:00,24.95,24.95,24.95,24.95,100.0
2019-03-22 13:19:00,24.95,24.95,24.95,24.95,953.0
2019-03-22 13:20:00,24.96,24.96,24.96,24.96,346.0
2019-03-22 13:22:00,24.96,24.96,24.96,24.96,400.0
2019-03-22 13:24:00,24.96,24.96,24.96,24.96,100.0
2019-03-22 13:31:00,24.96,24.96,24.96,24.96,100.0
2019-03-22 13:34:00,24.96,24.96,24.96,24.96,950.0
2019-03-22 13:35:00,24.97,24.97,24.97,24.97,299.0
2019-03-22 13:38:00,24.96,24.96,24.95,24.9572,631.0
2019-03-22 13:39:00,24.9635,24.9699,24.9635,24.9699,493.0
2019-03-22 13:45:00,24.97,24.97,24.95,24.95,1897.0
2019-03-22 13:48:00,24.98,24.98,24.98,24.98,100.0
2019-03-22 13:53:00,24.95,24.95,24.95,24.95,1000.0
2019-03-22 13:55:00,24.98,24.98,24.971,24.971,1240.0
2019-03-22 14:03:00,25.0,25.0,25.0,25.0,100.0
2019-03-22 14:04:00,24.9739,25.0,24.9739,25.0,223.0
2019-03-22 14:06:00,24.9949,24.9949,24.9949,24.9949,392.0
2019-03-22 14:17:00,24.9616,24.9616,24.9616,24.9616,357.0
2019-03-22 14:19:00,25.0,25.0,25.0,25.0,300.0
2019-03-22 14:21:00,24.99,24.99,24.99,24.99,383.0
2019-03-22 14:28:00,24.9679,24.9679,24.9679,24.9679,386.0
2019-03-22 14:29:00,25.0,25.0,25.0,25.0,100.0
2019-03-22 14:30:00,24.9603,24.9603,24.9603,24.9603,230.0
2019-03-22 14:34:00,25.0,25.0,25.0,25.0,100.0
2019-03-22 14:42:00,24.98,24.98,24.98,24.98,100.0
2019-03-22 14:44:00,24.98,24.98,24.9777,24.9777,2815.0
2019-03-22 14:50:00,24.98,24.98,24.98,24.98,100.0
2019-03-22 14:51:00,24.98,24.98,24.98,24.98,200.0
2019-03-22 14:54:00,24.98,24.98,24.98,24.98,376.0
2019-03-22 15:24:00,24.99,24.99,24.99,24.99,100.0
2019-03-22 15:31:00,25.0,25.0,24.9505,24.9505,564.0
2019-03-22 15:33:00,24.99,24.99,24.99,24.99,100.0
2019-03-22 15:35:00,24.9713,24.997,24.9713,24.997,1076.0
2019-03-22 15:39:00,25.0,25.0,25.0,25.0,786.0
2019-03-22 15:44:00,25.0,25.0,25.0,25.0,299.0
2019-03-22 15:45:00,25.0,25.0,25.0,25.0,100.0
2019-03-22 15:46:00,25.0,25.0,25.0,25.0,100.0
2019-03-22 15:49:00,25.0,25.02,25.0,25.02,1400.0
2019-03-22 15:54:00,25.01,25.01,25.0094,25.0094,500.0
2019-03-22 15:55:00,25.02,25.02,25.02,25.02,100.0
2019-03-22 15:59:00,25.02,25.02,25.02,25.02,335.0
2019-03-22 16:00:00,25.02,25.05,24.99,25.01,4436.0
2019-03-25 09:31:00,24.99,24.99,24.99,24.99,0.0
2019-03-25 09:38:00,24.98,25.0,24.98,25.0,1067.0
2019-03-25 09:54:00,24.98,24.98,24.98,24.98,702.0
2019-03-25 09:58:00,24.96,24.96,24.95,24.95,337.0
2019-03-25 10:11:00,24.9284,24.9284,24.9284,24.9284,1003.0
2019-03-25 10:17:00,24.97,24.97,24.97,24.97,200.0
2019-03-25 10:21:00,24.97,24.97,24.97,24.97,100.0
2019-03-25 10:22:00,24.97,24.97,24.97,24.97,100.0
2019-03-25 10:27:00,24.98,24.98,24.98,24.98,401.0
2019-03-25 10:32:00,24.9739,24.9739,24.9739,24.9739,532.0
2019-03-25 10:39:00,24.95,24.95,24.95,24.95,202.0
2019-03-25 10:40:00,24.96,24.96,24.96,24.96,703.0
2019-03-25 10:41:00,24.9679,24.9679,24.9679,24.9679,4007.0
2019-03-25 10:43:00,24.96,24.96,24.96,24.96,1672.0
2019-03-25 10:46:00,24.96,24.96,24.96,24.96,134.0
2019-03-25 10:48:00,25.0,25.0,25.0,25.0,938.0
2019-03-25 10:49:00,24.96,24.96,24.96,24.96,156.0
2019-03-25 10:52:00,24.96,24.96,24.96,24.96,123.0
2019-03-25 10:55:00,24.9675,24.9675,24.9675,24.9675,644.0
2019-03-25 11:00:00,24.96,24.96,24.96,24.96,256.0
2019-03-25 11:04:00,24.96,24.96,24.96,24.96,128.0
2019-03-25 11:11:00,24.98,24.98,24.98,24.98,268.0
2019-03-25 11:13:00,24.96,24.96,24.96,24.96,2151.0
2019-03-25 11:14:00,24.9601,24.9601,24.9601,24.9601,200.0
2019-03-25 11:15:00,24.96,24.96,24.96,24.96,388.0
2019-03-25 11:20:00,24.9302,24.9302,24.9302,24.9302,257.0
2019-03-25 11:25:00,24.95,24.95,24.95,24.95,239.0
2019-03-25 11:33:00,24.93,24.93,24.93,24.93,100.0
2019-03-25 11:37:00,24.94,24.94,24.91,24.91,4000.0
2019-03-25 11:45:00,24.929,24.929,24.929,24.929,700.0
2019-03-25 11:48:00,24.9014,24.9014,24.9014,24.9014,1342.0
2019-03-25 11:52:00,24.91,24.91,24.91,24.91,100.0
2019-03-25 11:57:00,24.93,24.93,24.93,24.93,288.0
2019-03-25 12:02:00,24.9232,24.9232,24.9232,24.9232,908.0
2019-03-25 12:12:00,24.93,24.93,24.93,24.93,415.0
2019-03-25 12:19:00,24.9513,24.9513,24.9513,24.9513,422.0
2019-03-25 12:34:00,24.94,24.94,24.94,24.94,100.0
2019-03-25 12:38:00,24.943,24.943,24.943,24.943,1047.0
2019-03-25 12:39:00,24.9399,24.9399,24.9399,24.9399,243.0
2019-03-25 12:48:00,24.94,24.94,24.94,24.94,100.0
2019-03-25 12:52:00,24.93,24.93,24.93,24.93,140.0
2019-03-25 13:00:00,24.94,24.94,24.94,24.94,100.0
2019-03-25 13:01:00,24.95,24.95,24.95,24.95,215.0
2019-03-25 13:06:00,24.9499,24.9499,24.9499,24.9499,300.0
2019-03-25 13:08:00,24.94,24.94,24.94,24.94,100.0
2019-03-25 13:09:00,24.9463,24.9463,24.9463,24.9463,530.0
2019-03-25 13:23:00,24.9434,24.9434,24.9434,24.9434,252.0
2019-03-25 13:27:00,24.94,24.94,24.94,24.94,100.0
2019-03-25 13:32:00,24.93,24.93,24.93,24.93,370.0
2019-03-25 13:34:00,24.94,24.94,24.94,24.94,149.0
2019-03-25 13:35:00,24.94,24.94,24.94,24.94,503.0
2019-03-25 13:36:00,24.94,24.94,24.94,24.94,935.0
2019-03-25 13:45:00,24.94,24.94,24.94,24.94,2449.0
2019-03-25 13:48:00,24.93,24.93,24.93,24.93,2100.0
2019-03-25 13:49:00,24.93,24.93,24.93,24.93,1200.0
2019-03-25 13:55:00,24.9499,24.9499,24.9499,24.9499,373.0
2019-03-25 14:00:00,24.94,24.94,24.94,24.94,1435.0
2019-03-25 14:04:00,24.9614,24.9614,24.9614,24.9614,283.0
2019-03-25 14:05:00,24.94,24.94,24.94,24.94,911.0
2019-03-25 14:10:00,24.9435,24.9435,24.9435,24.9435,559.0
2019-03-25 14:18:00,24.9896,24.9896,24.9896,24.9896,600.0
2019-03-25 14:20:00,24.96,24.96,24.96,24.96,156.0
2019-03-25 14:23:00,24.93,24.93,24.93,24.93,1115.0
2019-03-25 14:37:00,24.99,24.99,24.99,24.99,119.0
2019-03-25 14:45:00,24.96,24.96,24.9301,24.9301,833.0
2019-03-25 15:01:00,24.9486,24.9486,24.9486,24.9486,2227.0
2019-03-25 15:07:00,24.9482,24.9482,24.9482,24.9482,629.0
2019-03-25 15:12:00,24.93,24.93,24.93,24.93,282.0
2019-03-25 15:17:00,24.9198,24.9198,24.9198,24.9198,532.0
2019-03-25 15:21:00,24.9658,24.9658,24.9658,24.9658,114.0
2019-03-25 15:23:00,24.98,24.98,24.98,24.98,100.0
2019-03-25 15:27:00,24.9189,24.9189,24.9189,24.9189,427.0
2019-03-25 15:35:00,24.98,24.98,24.98,24.98,188.0
2019-03-25 15:42:00,24.99,24.99,24.99,24.99,1876.0
2019-03-25 15:44:00,24.95,24.95,24.95,24.95,796.0
2019-03-25 15:47:00,24.97,24.97,24.97,24.97,291.0
2019-03-25 15:49:00,24.95,24.95,24.95,24.95,746.0
2019-03-25 15:50:00,24.95,24.95,24.95,24.95,499.0
2019-03-25 15:59:00,24.93,24.93,24.93,24.93,100.0
2019-03-25 16:00:00,24.9495,24.9495,24.9495,24.9495,2554.0
2019-03-26 09:33:00,24.99,24.99,24.99,24.99,0.0
2019-03-26 09:37:00,24.995,24.995,24.995,24.995,200.0
2019-03-26 09:40:00,25.0,25.0,25.0,25.0,295.0
2019-03-26 09:41:00,24.99,24.99,24.99,24.99,400.0
2019-03-26 09:43:00,24.995,24.995,24.995,24.995,618.0
2019-03-26 09:46:00,24.9284,24.9284,24.9284,24.9284,1159.0
2019-03-26 09:50:00,24.95,24.95,24.95,24.95,100.0
2019-03-26 09:52:00,24.98,24.98,24.98,24.98,734.0
2019-03-26 09:56:00,24.93,24.93,24.93,24.93,1000.0
2019-03-26 09:59:00,24.95,24.95,24.95,24.95,134.0
2019-03-26 10:03:00,24.98,24.98,24.98,24.98,454.0
2019-03-26 10:06:00,24.9431,24.9431,24.9431,24.9431,1100.0
2019-03-26 10:08:00,24.9179,24.9179,24.9179,24.9179,2115.0
2019-03-26 10:12:00,24.92,24.92,24.92,24.92,2315.0
2019-03-26 10:13:00,24.95,24.95,24.95,24.95,1697.0
2019-03-26 10:14:00,24.95,24.95,24.95,24.95,100.0
2019-03-26 10:17:00,24.9301,24.9301,24.9301,24.9301,346.0
2019-03-26 10:19:00,24.99,24.99,24.99,24.99,2168.0
2019-03-26 10:27:00,24.9701,24.975,24.9701,24.975,200.0
2019-03-26 10:31:00,25.0,25.0,25.0,25.0,2624.0
2019-03-26 10:41:00,24.96,24.96,24.96,24.96,1129.0
2019-03-26 10:48:00,24.98,24.98,24.98,24.98,234.0
2019-03-26 10:57:00,25.0,25.0,25.0,25.0,800.0
2019-03-26 11:02:00,24.98,24.98,24.98,24.98,100.0
2019-03-26 11:05:00,24.97,24.98,24.97,24.98,515.0
2019-03-26 11:13:00,24.97,24.97,24.97,24.97,100.0
2019-03-26 11:15:00,24.965,24.965,24.96,24.96,2500.0
2019-03-26 11:21:00,24.965,24.965,24.965,24.965,104.0
2019-03-26 11:24:00,24.9647,24.9647,24.9647,24.9647,593.0
2019-03-26 11:25:00,24.97,24.97,24.97,24.97,553.0
2019-03-26 11:26:00,24.97,24.97,24.97,24.97,100.0
2019-03-26 11:28:00,24.97,24.97,24.97,24.97,100.0
2019-03-26 11:29:00,24.97,24.97,24.97,24.97,257.0
2019-03-26 11:32:00,24.97,24.97,24.97,24.97,200.0
2019-03-26 11:33:00,24.97,24.97,24.97,24.97,589.0
2019-03-26 11:35:00,25.0,25.0,25.0,25.0,30500.0
2019-03-26 11:37:00,25.0,25.0,25.0,25.0,106.0
2019-03-26 11:38:00,24.98,24.98,24.98,24.98,110.0
2019-03-26 11:40:00,24.98,24.98,24.98,24.98,200.0
2019-03-26 11:42:00,24.98,24.98,24.98,24.98,835.0
2019-03-26 11:49:00,24.97,24.97,24.97,24.97,1189.0
2019-03-26 11:56:00,24.9691,24.9691,24.9691,24.9691,772.0
2019-03-26 12:00:00,24.9728,24.9728,24.9728,24.9728,227.0
2019-03-26 12:06:00,24.97,24.97,24.97,24.97,0.0
2019-03-26 12:12:00,24.98,24.98,24.98,24.98,114.0
2019-03-26 12:17:00,24.96,24.96,24.96,24.96,1363.0
2019-03-26 12:20:00,24.955,24.955,24.955,24.955,364.0
2019-03-26 12:27:00,24.96,24.96,24.96,24.96,2440.0
2019-03-26 12:34:00,24.96,24.96,24.96,24.96,640.0
2019-03-26 12:37:00,24.96,24.96,24.96,24.96,580.0
2019-03-26 12:47:00,24.95,24.95,24.95,24.95,2340.0
2019-03-26 12:50:00,24.95,24.95,24.95,24.95,605.0
2019-03-26 12:54:00,24.945,24.945,24.945,24.945,2035.0
2019-03-26 12:57:00,24.95,24.95,24.95,24.95,595.0
2019-03-26 13:03:00,24.9443,24.9443,24.9443,24.9443,874.0
2019-03-26 13:09:00,24.95,24.95,24.95,24.95,529.0
2019-03-26 13:32:00,24.95,24.95,24.9436,24.9436,508.0
2019-03-26 13:35:00,24.94,24.94,24.94,24.94,354.0
2019-03-26 13:38:00,24.9356,24.9356,24.9356,24.9356,0.0
2019-03-26 13:45:00,24.93,24.93,24.93,24.93,1877.0
2019-03-26 13:53:00,24.941,24.95,24.941,24.95,1568.0
2019-03-26 13:59:00,24.9403,24.9403,24.9403,24.9403,540.0
2019-03-26 14:05:00,24.92,24.92,24.92,24.92,799.0
2019-03-26 14:10:00,24.9429,24.9429,24.9429,24.9429,303.0
2019-03-26 14:12:00,24.95,24.95,24.95,24.95,3918.0
2019-03-26 14:14:00,24.9425,24.9425,24.9425,24.9425,1713.0
2019-03-26 14:20:00,24.9481,24.9481,24.9481,24.9481,4893.0
2019-03-26 14:35:00,24.95,24.95,24.95,24.95,229.0
2019-03-26 14:37:00,24.9464,24.9464,24.9464,24.9464,811.0
2019-03-26 14:45:00,24.945,24.945,24.945,24.945,274.0
2019-03-26 14:49:00,24.95,24.95,24.95,24.95,1756.0
2019-03-26 14:58:00,24.9375,24.9375,24.9375,24.9375,111.0
2019-03-26 14:59:00,24.94,24.94,24.94,24.94,195.0
2019-03-26 15:02:00,24.95,24.95,24.95,24.95,1038.0
2019-03-26 15:11:00,24.95,24.95,24.95,24.95,2410.0
2019-03-26 15:12:00,24.94,24.94,24.94,24.94,1485.0
2019-03-26 15:16:00,24.9366,24.9366,24.9366,24.9366,100.0
2019-03-26 15:19:00,24.94,24.94,24.94,24.94,943.0
2019-03-26 15:29:00,24.94,24.94,24.94,24.94,1206.0
2019-03-26 15:30:00,24.94,24.94,24.94,24.94,1139.0
2019-03-26 15:42:00,24.935,24.935,24.935,24.935,152.0
2019-03-26 15:43:00,24.9397,24.9397,24.9397,24.9397,251.0
2019-03-26 15:45:00,24.94,24.94,24.94,24.94,142.0
2019-03-26 15:50:00,24.935,24.935,24.935,24.935,300.0
2019-03-26 15:51:00,24.935,24.935,24.935,24.935,841.0
2019-03-26 15:53:00,24.94,24.94,24.94,24.94,405.0
2019-03-26 15:55:00,24.94,24.94,24.94,24.94,323.0
2019-03-26 15:57:00,24.94,24.94,24.94,24.94,645.0
2019-03-26 16:00:00,24.94,24.94,24.94,24.94,3030.0
2019-03-27 09:31:00,24.95,24.95,24.95,24.95,2481.0
2019-03-27 09:33:00,24.95,24.95,24.95,24.95,400.0
2019-03-27 09:34:00,24.95,24.95,24.95,24.95,1100.0
2019-03-27 09:44:00,24.95,24.95,24.95,24.95,244.0
2019-03-27 09:46:00,24.95,24.95,24.95,24.95,300.0
2019-03-27 09:47:00,24.95,24.95,24.95,24.95,525.0
2019-03-27 09:51:00,24.94,24.94,24.94,24.94,383.0
2019-03-27 10:04:00,24.9403,24.9403,24.9403,24.9403,200.0
2019-03-27 10:12:00,24.9347,24.9347,24.9347,24.9347,162.0
2019-03-27 10:15:00,24.95,24.95,24.9499,24.9499,1987.0
2019-03-27 10:24:00,24.95,24.95,24.95,24.95,1100.0
2019-03-27 10:26:00,24.945,24.945,24.945,24.945,900.0
2019-03-27 10:27:00,24.94,24.94,24.94,24.94,2101.0
2019-03-27 10:28:00,24.92,24.92,24.92,24.92,2673.0
2019-03-27 10:29:00,24.9375,24.9375,24.9375,24.9375,400.0
2019-03-27 10:30:00,24.9375,24.9375,24.9375,24.9375,400.0
2019-03-27 10:31:00,24.9375,24.9375,24.9375,24.9375,700.0
2019-03-27 10:32:00,24.9375,24.9375,24.92,24.92,200.0
2019-03-27 10:33:00,24.92,24.92,24.92,24.92,452.0
2019-03-27 10:34:00,24.92,24.92,24.92,24.92,400.0
2019-03-27 10:35:00,24.92,24.92,24.92,24.92,748.0
2019-03-27 10:36:00,24.92,24.92,24.92,24.92,400.0
2019-03-27 10:37:00,24.92,24.92,24.92,24.92,600.0
2019-03-27 10:38:00,24.92,24.92,24.92,24.92,400.0
2019-03-27 10:39:00,24.92,24.92,24.92,24.92,400.0
2019-03-27 10:40:00,24.92,24.92,24.92,24.92,1214.0
2019-03-27 10:41:00,24.9302,24.9302,24.9302,24.9302,1500.0
2019-03-27 10:45:00,24.94,24.94,24.9309,24.9309,500.0
2019-03-27 10:46:00,24.9499,24.9499,24.9499,24.9499,1225.0
2019-03-27 10:51:00,24.9497,24.9497,24.9497,24.9497,545.0
2019-03-27 11:02:00,24.9499,24.9499,24.9499,24.9499,2212.0
2019-03-27 11:08:00,24.9499,24.9499,24.9499,24.9499,500.0
2019-03-27 11:12:00,24.95,24.95,24.95,24.95,1100.0
2019-03-27 11:19:00,24.9328,24.9328,24.9328,24.9328,248.0
2019-03-27 11:26:00,24.947,24.947,24.947,24.947,456.0
2019-03-27 11:32:00,24.95,24.95,24.95,24.95,2500.0
2019-03-27 11:36:00,24.95,24.95,24.9499,24.9499,1030.0
2019-03-27 11:43:00,24.95,24.95,24.95,24.95,300.0
2019-03-27 11:46:00,24.9454,24.9454,24.9454,24.9454,690.0
2019-03-27 11:52:00,24.945,24.945,24.945,24.945,161.0
2019-03-27 11:58:00,24.95,24.95,24.95,24.95,579.0
2019-03-27 11:59:00,24.945,24.945,24.9401,24.9401,3222.0
2019-03-27 12:39:00,24.95,24.95,24.95,24.95,1967.0
2019-03-27 12:48:00,24.9486,24.9486,24.9486,24.9486,300.0
2019-03-27 13:02:00,24.95,24.95,24.95,24.95,516.0
2019-03-27 13:04:00,24.95,24.95,24.95,24.95,616.0
2019-03-27 13:05:00,24.95,24.95,24.95,24.95,700.0
2019-03-27 13:07:00,24.9499,24.9499,24.9499,24.9499,721.0
2019-03-27 13:10:00,24.9492,24.9492,24.9492,24.9492,205.0
2019-03-27 13:12:00,24.95,24.95,24.95,24.95,1152.0
2019-03-27 13:28:00,24.95,24.95,24.95,24.95,300.0
2019-03-27 13:30:00,24.95,24.95,24.9499,24.9499,522.0
2019-03-27 13:44:00,24.9456,24.9456,24.9456,24.9456,1028.0
2019-03-27 13:51:00,24.95,24.95,24.95,24.95,300.0
2019-03-27 13:52:00,24.95,24.95,24.9467,24.9467,1346.0
2019-03-27 13:55:00,24.95,24.95,24.95,24.95,474.0
2019-03-27 13:57:00,24.95,24.95,24.95,24.95,774.0
2019-03-27 13:58:00,24.95,24.95,24.95,24.95,2532.0
2019-03-27 14:02:00,24.95,24.95,24.95,24.95,140.0
2019-03-27 14:04:00,24.95,24.95,24.95,24.95,100.0
2019-03-27 14:05:00,24.95,24.95,24.95,24.95,338.0
2019-03-27 14:07:00,24.95,24.95,24.95,24.95,100.0
2019-03-27 14:09:00,24.95,24.95,24.95,24.95,840.0
2019-03-27 14:10:00,24.95,24.95,24.9499,24.9499,1560.0
2019-03-27 14:12:00,24.95,24.95,24.95,24.95,1200.0
2019-03-27 14:14:00,24.945,24.945,24.9401,24.9401,3165.0
2019-03-27 14:23:00,24.96,24.96,24.96,24.96,3643.0
2019-03-27 14:24:00,25.009,25.009,25.009,25.009,600.0
2019-03-27 14:27:00,25.01,25.01,25.01,25.01,100.0
2019-03-27 14:30:00,24.9971,24.9971,24.9971,24.9971,485.0
2019-03-27 14:32:00,25.0,25.0,25.0,25.0,416.0
2019-03-27 14:34:00,25.001,25.001,25.001,25.001,905.0
2019-03-27 14:35:00,25.01,25.01,25.0,25.0,3100.0
2019-03-27 14:37:00,25.01,25.01,25.01,25.01,4105.0
2019-03-27 14:40:00,25.01,25.01,25.01,25.01,100.0
2019-03-27 14:41:00,25.003,25.003,25.003,25.003,600.0
2019-03-27 14:42:00,25.01,25.01,25.01,25.01,704.0
2019-03-27 14:45:00,25.01,25.01,25.01,25.01,102.0
2019-03-27 14:48:00,25.01,25.01,25.01,25.01,100.0
2019-03-27 14:50:00,25.01,25.01,25.01,25.01,100.0
2019-03-27 14:52:00,25.01,25.01,25.01,25.01,1205.0
2019-03-27 14:53:00,25.01,25.01,25.01,25.01,100.0
2019-03-27 14:55:00,25.01,25.01,25.01,25.01,200.0
2019-03-27 14:58:00,25.01,25.01,25.01,25.01,100.0
2019-03-27 14:59:00,25.01,25.01,25.01,25.01,100.0
2019-03-27 15:00:00,25.01,25.01,25.01,25.01,120.0
2019-03-27 15:02:00,25.0048,25.0048,25.0048,25.0048,200.0
2019-03-27 15:03:00,25.01,25.01,25.01,25.01,300.0
2019-03-27 15:05:00,25.01,25.01,25.01,25.01,113.0
2019-03-27 15:08:00,25.01,25.01,25.01,25.01,139.0
2019-03-27 15:10:00,25.01,25.01,25.01,25.01,100.0
2019-03-27 15:13:00,25.01,25.01,25.01,25.01,100.0
2019-03-27 15:16:00,25.01,25.01,25.0,25.0,4877.0
2019-03-27 15:21:00,25.01,25.01,25.01,25.01,100.0
2019-03-27 15:23:00,25.01,25.01,25.01,25.01,100.0
2019-03-27 15:25:00,25.01,25.01,25.01,25.01,100.0
2019-03-27 15:27:00,25.01,25.01,25.01,25.01,106.0
2019-03-27 15:30:00,25.01,25.01,25.01,25.01,100.0
2019-03-27 15:32:00,25.01,25.01,25.01,25.01,200.0
2019-03-27 15:34:00,25.01,25.01,25.01,25.01,600.0
2019-03-27 15:35:00,25.005,25.005,25.0,25.0,1692.0
2019-03-27 15:36:00,24.99,24.99,24.99,24.99,2354.0
2019-03-27 15:37:00,24.99,24.99,24.99,24.99,700.0
2019-03-27 15:38:00,24.9344,24.9344,24.9344,24.9344,1343.0
2019-03-27 15:45:00,24.99,24.99,24.99,24.99,100.0
2019-03-27 15:47:00,24.99,24.99,24.99,24.99,250.0
2019-03-27 15:49:00,24.99,24.99,24.99,24.99,150.0
2019-03-27 15:50:00,25.0,25.0,25.0,25.0,254.0
2019-03-27 15:52:00,25.0,25.0,25.0,25.0,154.0
2019-03-27 15:53:00,25.01,25.01,25.01,25.01,534.0
2019-03-27 15:54:00,25.01,25.01,25.01,25.01,216.0
2019-03-27 15:56:00,25.01,25.01,25.01,25.01,500.0
2019-03-27 15:57:00,25.01,25.01,25.01,25.01,584.0
2019-03-27 15:58:00,25.01,25.01,25.01,25.01,400.0
2019-03-27 15:59:00,25.04,25.04,25.04,25.04,1600.0
2019-03-27 16:00:00,25.04,25.04,25.04,25.04,1473.0
2019-03-28 09:31:00,25.0,25.0,25.0,25.0,7978.0
2019-03-28 09:32:00,25.04,25.04,25.04,25.04,11576.0
2019-03-28 09:39:00,25.049,25.05,25.049,25.05,840.0
2019-03-28 09:45:00,25.0763,25.0763,25.0763,25.0763,500.0
2019-03-28 09:46:00,25.07,25.07,25.07,25.07,600.0
2019-03-28 09:53:00,25.0664,25.0896,25.0664,25.0896,840.0
2019-03-28 09:55:00,25.12,25.12,25.12,25.12,6486.0
2019-03-28 09:56:00,25.14,25.14,25.14,25.14,502.0
2019-03-28 09:57:00,25.14,25.14,25.14,25.14,614.0
2019-03-28 09:59:00,25.14,25.14,25.14,25.14,600.0
2019-03-28 10:02:00,25.14,25.14,25.14,25.14,1700.0
2019-03-28 10:05:00,25.13,25.13,25.13,25.13,900.0
2019-03-28 10:07:00,25.12,25.12,25.12,25.12,1216.0
2019-03-28 10:15:00,25.14,25.14,25.1332,25.1332,579.0
2019-03-28 10:16:00,25.13,25.135,25.13,25.135,1000.0
2019-03-28 10:21:00,25.14,25.14,25.14,25.14,1100.0
2019-03-28 10:22:00,25.15,25.15,25.15,25.15,1562.0
2019-03-28 10:23:00,25.15,25.15,25.15,25.15,1307.0
2019-03-28 10:28:00,25.189,25.189,25.189,25.189,194.0
2019-03-28 10:30:00,25.1649,25.1649,25.1649,25.1649,346.0
2019-03-28 10:34:00,25.18,25.185,25.1701,25.18,785.0
2019-03-28 10:35:00,25.18,25.18,25.18,25.18,2083.0
2019-03-28 10:44:00,25.18,25.18,25.18,25.18,200.0
2019-03-28 10:45:00,25.189,25.189,25.185,25.185,1568.0
2019-03-28 10:51:00,25.18,25.18,25.17,25.17,1592.0
2019-03-28 10:52:00,25.19,25.19,25.19,25.19,1692.0
2019-03-28 10:54:00,25.185,25.185,25.15,25.15,2166.0
2019-03-28 10:58:00,25.1894,25.1894,25.1894,25.1894,213.0
2019-03-28 11:02:00,25.13,25.13,25.13,25.13,139.0
2019-03-28 11:10:00,25.13,25.13,25.13,25.13,100.0
2019-03-28 11:11:00,25.18,25.19,25.18,25.19,690.0
2019-03-28 11:15:00,25.16,25.16,25.16,25.16,100.0
2019-03-28 11:17:00,25.17,25.17,25.17,25.17,700.0
2019-03-28 11:23:00,25.16,25.16,25.16,25.16,102.0
2019-03-28 11:24:00,25.14,25.17,25.14,25.17,4280.0
2019-03-28 11:31:00,25.14,25.14,25.14,25.14,100.0
2019-03-28 11:36:00,25.16,25.16,25.16,25.16,200.0
2019-03-28 11:38:00,25.15,25.15,25.14,25.14,1764.0
2019-03-28 11:39:00,25.18,25.18,25.17,25.17,2164.0
2019-03-28 11:45:00,25.14,25.14,25.14,25.14,3658.0
2019-03-28 11:46:00,25.15,25.15,25.15,25.15,400.0
2019-03-28 11:54:00,25.12,25.12,25.12,25.12,100.0
2019-03-28 11:59:00,25.12,25.12,25.12,25.12,102.0
2019-03-28 12:03:00,25.12,25.12,25.12,25.12,100.0
2019-03-28 12:04:00,25.19,25.19,25.19,25.19,1000.0
2019-03-28 12:07:00,25.155,25.155,25.125,25.125,1200.0
2019-03-28 12:12:00,25.155,25.155,25.155,25.155,100.0
2019-03-28 12:16:00,25.155,25.155,25.155,25.155,198.0
2019-03-28 12:19:00,25.18,25.19,25.18,25.19,1502.0
2019-03-28 12:21:00,25.155,25.155,25.125,25.125,1702.0
2019-03-28 12:25:00,25.155,25.155,25.155,25.155,100.0
2019-03-28 12:29:00,25.155,25.155,25.155,25.155,200.0
2019-03-28 12:34:00,25.155,25.155,25.155,25.155,100.0
2019-03-28 12:39:00,25.155,25.155,25.155,25.155,200.0
2019-03-28 12:42:00,25.1493,25.1493,25.1493,25.1493,2000.0
2019-03-28 12:43:00,25.1651,25.1651,25.1651,25.1651,322.0
2019-03-28 12:44:00,25.16,25.16,25.16,25.16,561.0
2019-03-28 12:46:00,25.19,25.19,25.19,25.19,1223.0
2019-03-28 12:47:00,25.19,25.19,25.1725,25.1725,592.0
2019-03-28 12:48:00,25.125,25.155,25.125,25.155,868.0
2019-03-28 12:52:00,25.155,25.155,25.1424,25.1424,700.0
2019-03-28 12:57:00,25.155,25.155,25.155,25.155,190.0
2019-03-28 13:01:00,25.125,25.155,25.125,25.155,200.0
2019-03-28 13:06:00,25.155,25.155,25.155,25.155,300.0
2019-03-28 13:10:00,25.155,25.155,25.155,25.155,100.0
2019-03-28 13:11:00,25.18,25.18,25.17,25.17,600.0
2019-03-28 13:12:00,25.19,25.19,25.19,25.19,510.0
2019-03-28 13:13:00,25.19,25.19,25.19,25.19,810.0
2019-03-28 13:14:00,25.19,25.19,25.19,25.19,400.0
2019-03-28 13:16:00,25.17,25.17,25.17,25.17,2617.0
2019-03-28 13:18:00,25.175,25.175,25.175,25.175,2717.0
2019-03-28 13:20:00,25.175,25.175,25.175,25.175,1100.0
2019-03-28 13:24:00,25.175,25.175,25.175,25.175,104.0
2019-03-28 13:28:00,25.15,25.15,25.15,25.15,1359.0
2019-03-28 13:33:00,25.15,25.15,25.15,25.15,100.0
2019-03-28 13:37:00,25.15,25.15,25.15,25.15,100.0
2019-03-28 13:38:00,25.18,25.18,25.18,25.18,468.0
2019-03-28 13:42:00,25.1616,25.1616,25.1616,25.1616,1797.0
2019-03-28 13:43:00,25.15,25.15,25.15,25.15,3900.0
2019-03-28 13:44:00,25.165,25.165,25.165,25.165,4216.0
2019-03-28 13:50:00,25.1739,25.1739,25.1739,25.1739,186.0
2019-03-28 13:51:00,25.14,25.14,25.14,25.14,317.0
2019-03-28 13:52:00,25.1716,25.1716,25.1716,25.1716,600.0
2019-03-28 13:55:00,25.1405,25.1405,25.1405,25.1405,1300.0
2019-03-28 13:56:00,25.165,25.165,25.165,25.165,1468.0
2019-03-28 14:01:00,25.165,25.165,25.165,25.165,100.0
2019-03-28 14:05:00,25.165,25.165,25.165,25.165,203.0
2019-03-28 14:10:00,25.14,25.14,25.14,25.14,100.0
2019-03-28 14:11:00,25.14,25.165,25.14,25.165,1004.0
2019-03-28 14:14:00,25.17,25.17,25.17,25.17,139.0
2019-03-28 14:15:00,25.165,25.165,25.165,25.165,239.0
2019-03-28 14:19:00,25.165,25.165,25.165,25.165,100.0
2019-03-28 14:24:00,25.165,25.165,25.165,25.165,200.0
2019-03-28 14:28:00,25.165,25.165,25.165,25.165,100.0
2019-03-28 14:32:00,25.16,25.16,25.16,25.16,100.0
2019-03-28 14:33:00,25.19,25.19,25.19,25.19,1238.0
2019-03-28 14:34:00,25.175,25.175,25.175,25.175,300.0
2019-03-28 14:37:00,25.17,25.17,25.17,25.17,200.0
2019-03-28 14:41:00,25.18,25.185,25.18,25.185,1600.0
2019-03-28 14:43:00,25.19,25.19,25.19,25.19,1900.0
2019-03-28 14:44:00,25.185,25.19,25.185,25.19,200.0
2019-03-28 14:46:00,25.185,25.185,25.185,25.185,310.0
2019-03-28 14:47:00,25.19,25.19,25.19,25.19,208.0
2019-03-28 14:50:00,25.18,25.185,25.18,25.185,300.0
2019-03-28 14:55:00,25.185,25.185,25.18,25.18,200.0
2019-03-28 14:57:00,25.19,25.19,25.19,25.19,479.0
2019-03-28 14:58:00,25.2,25.2,25.2,25.2,1354.0
2019-03-28 15:02:00,25.2,25.2,25.1981,25.2,3668.0
2019-03-28 15:04:00,25.21,25.21,25.21,25.21,1094.0
2019-03-28 15:05:00,25.21,25.21,25.21,25.21,1972.0
2019-03-28 15:06:00,25.22,25.22,25.22,25.22,195.0
2019-03-28 15:08:00,25.215,25.215,25.2,25.2,1127.0
2019-03-28 15:14:00,25.22,25.22,25.22,25.22,994.0
2019-03-28 15:16:00,25.23,25.23,25.23,25.23,1232.0
2019-03-28 15:17:00,25.23,25.23,25.22,25.22,200.0
2019-03-28 15:18:00,25.23,25.23,25.23,25.23,814.0
2019-03-28 15:21:00,25.22,25.22,25.22,25.22,1354.0
2019-03-28 15:24:00,25.21,25.21,25.21,25.21,1414.0
2019-03-28 15:28:00,25.22,25.22,25.22,25.22,100.0
2019-03-28 15:32:00,25.22,25.22,25.22,25.22,203.0
2019-03-28 15:35:00,25.22,25.22,25.21,25.21,300.0
2019-03-28 15:38:00,25.22,25.22,25.22,25.22,284.0
2019-03-28 15:39:00,25.225,25.225,25.225,25.225,400.0
2019-03-28 15:42:00,25.225,25.2268,25.225,25.2268,396.0
2019-03-28 15:45:00,25.225,25.225,25.22,25.22,200.0
2019-03-28 15:47:00,25.22,25.22,25.22,25.22,300.0
2019-03-28 15:50:00,25.23,25.23,25.23,25.23,729.0
2019-03-28 15:53:00,25.23,25.23,25.22,25.22,1000.0
2019-03-28 15:55:00,25.23,25.23,25.23,25.23,2341.0
2019-03-28 15:56:00,25.24,25.24,25.24,25.24,199.0
2019-03-28 15:57:00,25.24,25.24,25.24,25.24,400.0
2019-03-28 15:58:00,25.23,25.23,25.23,25.23,309.0
2019-03-28 15:59:00,25.24,25.24,25.24,25.24,226.0
2019-03-28 16:00:00,25.24,25.24,25.24,25.24,526.0
2019-03-29 09:31:00,25.2,25.2,25.2,25.2,0.0
2019-03-29 09:55:00,25.2,25.2,25.2,25.2,800.0
2019-03-29 09:58:00,25.2,25.2,25.2,25.2,100.0
2019-03-29 10:00:00,25.24,25.24,25.24,25.24,168.0
2019-03-29 10:03:00,25.24,25.24,25.24,25.24,600.0
2019-03-29 10:04:00,25.22,25.22,25.21,25.21,200.0
2019-03-29 10:05:00,25.24,25.24,25.24,25.24,100.0
2019-03-29 10:06:00,25.24,25.24,25.24,25.24,100.0
2019-03-29 10:07:00,25.22,25.22,25.21,25.21,200.0
2019-03-29 10:09:00,25.24,25.24,25.24,25.24,100.0
2019-03-29 10:10:00,25.24,25.24,25.21,25.21,300.0
2019-03-29 10:13:00,25.22,25.23,25.2,25.23,700.0
2019-03-29 10:14:00,25.23,25.23,25.23,25.23,100.0
2019-03-29 10:16:00,25.23,25.23,25.2,25.2,400.0
2019-03-29 10:18:00,25.23,25.23,25.23,25.23,100.0
2019-03-29 10:19:00,25.22,25.23,25.2,25.2,3300.0
2019-03-29 10:20:00,25.22,25.24,25.22,25.24,600.0
2019-03-29 10:21:00,25.22,25.24,25.22,25.22,800.0
2019-03-29 10:22:00,25.22,25.22,25.22,25.22,300.0
2019-03-29 10:23:00,25.22,25.22,25.22,25.22,240.0
2019-03-29 10:25:00,25.2,25.22,25.2,25.22,200.0
2019-03-29 10:27:00,25.23,25.23,25.23,25.23,181.0
2019-03-29 10:28:00,25.23,25.23,25.23,25.23,100.0
2019-03-29 10:29:00,25.22,25.22,25.22,25.22,104.0
2019-03-29 10:31:00,25.23,25.23,25.2094,25.2094,373.0
2019-03-29 10:32:00,25.2,25.2,25.2,25.2,200.0
2019-03-29 10:34:00,25.23,25.23,25.2276,25.2276,322.0
2019-03-29 10:35:00,25.23,25.23,25.23,25.23,100.0
2019-03-29 10:36:00,25.2,25.22,25.2,25.22,200.0
2019-03-29 10:37:00,25.23,25.23,25.23,25.23,200.0
2019-03-29 10:38:00,25.23,25.23,25.23,25.23,100.0
2019-03-29 10:39:00,25.24,25.24,25.24,25.24,100.0
2019-03-29 10:40:00,25.22,25.22,25.22,25.22,100.0
2019-03-29 10:41:00,25.2146,25.2146,25.2146,25.2146,125.0
2019-03-29 10:42:00,25.24,25.24,25.22,25.22,200.0
2019-03-29 10:43:00,25.2,25.22,25.2,25.22,200.0
2019-03-29 10:44:00,25.23,25.23,25.23,25.23,159.0
2019-03-29 10:45:00,25.24,25.24,25.24,25.24,100.0
2019-03-29 10:46:00,25.2,25.2,25.2,25.2,100.0
2019-03-29 10:47:00,25.24,25.24,25.24,25.24,100.0
2019-03-29 10:48:00,25.24,25.24,25.24,25.24,200.0
2019-03-29 10:49:00,25.24,25.24,25.24,25.24,100.0
2019-03-29 10:50:00,25.205,25.205,25.205,25.205,100.0
2019-03-29 10:52:00,25.2005,25.21,25.2,25.2,1100.0
2019-03-29 10:54:00,25.22,25.22,25.22,25.22,100.0
2019-03-29 10:55:00,25.21,25.21,25.21,25.21,100.0
2019-03-29 10:56:00,25.23,25.23,25.195,25.195,200.0
2019-03-29 10:57:00,25.22,25.22,25.22,25.22,100.0
2019-03-29 10:58:00,25.22,25.22,25.22,25.22,100.0
2019-03-29 10:59:00,25.2215,25.2215,25.22,25.22,234.0
2019-03-29 11:00:00,25.22,25.22,25.22,25.22,100.0
2019-03-29 11:02:00,25.22,25.22,25.22,25.22,100.0
2019-03-29 11:03:00,25.23,25.23,25.185,25.185,200.0
2019-03-29 11:04:00,25.21,25.21,25.21,25.21,200.0
2019-03-29 11:06:00,25.15,25.185,25.15,25.1763,1095.0
2019-03-29 11:08:00,25.185,25.185,25.185,25.185,100.0
2019-03-29 11:09:00,25.185,25.185,25.185,25.185,100.0
2019-03-29 11:11:00,25.2,25.2,25.2,25.2,100.0
2019-03-29 11:12:00,25.2,25.2,25.2,25.2,100.0
2019-03-29 11:13:00,25.16,25.2,25.16,25.2,586.0
2019-03-29 11:14:00,25.1675,25.1675,25.16,25.16,200.0
2019-03-29 11:15:00,25.2,25.2,25.1659,25.1659,200.0
2019-03-29 11:17:00,25.21,25.21,25.21,25.21,100.0
2019-03-29 11:18:00,25.21,25.21,25.21,25.21,100.0
2019-03-29 11:19:00,25.2057,25.2057,25.2057,25.2057,943.0
2019-03-29 11:20:00,25.21,25.21,25.21,25.21,200.0
2019-03-29 11:23:00,25.21,25.21,25.21,25.21,200.0
2019-03-29 11:24:00,25.21,25.21,25.21,25.21,100.0
2019-03-29 11:27:00,25.21,25.21,25.21,25.21,100.0
2019-03-29 11:28:00,25.21,25.21,25.21,25.21,100.0
2019-03-29 11:29:00,25.15,25.21,25.15,25.21,800.0
2019-03-29 11:30:00,25.21,25.21,25.21,25.21,112.0
2019-03-29 11:32:00,25.21,25.21,25.21,25.21,100.0
2019-03-29 11:34:00,25.21,25.21,25.21,25.21,200.0
2019-03-29 11:36:00,25.21,25.21,25.1669,25.1669,400.0
2019-03-29 11:38:00,25.22,25.22,25.22,25.22,100.0
2019-03-29 11:39:00,25.21,25.21,25.21,25.21,100.0
2019-03-29 11:40:00,25.21,25.21,25.21,25.21,100.0
2019-03-29 11:41:00,25.21,25.21,25.21,25.21,100.0
2019-03-29 11:42:00,25.21,25.21,25.21,25.21,100.0
2019-03-29 11:43:00,25.21,25.21,25.21,25.21,100.0
2019-03-29 11:44:00,25.21,25.21,25.21,25.21,100.0
2019-03-29 11:45:00,25.22,25.22,25.22,25.22,105.0
2019-03-29 11:48:00,25.23,25.23,25.23,25.23,100.0
2019-03-29 11:49:00,25.23,25.23,25.23,25.23,100.0
2019-03-29 11:50:00,25.23,25.23,25.23,25.23,100.0
2019-03-29 11:51:00,25.24,25.24,25.24,25.24,100.0
2019-03-29 11:52:00,25.24,25.24,25.24,25.24,115.0
2019-03-29 11:54:00,25.24,25.24,25.2,25.23,617.0
2019-03-29 11:56:00,25.22,25.22,25.22,25.22,100.0
2019-03-29 11:59:00,25.22,25.22,25.22,25.22,100.0
2019-03-29 12:00:00,25.22,25.22,25.22,25.22,100.0
2019-03-29 12:01:00,25.23,25.23,25.23,25.23,100.0
2019-03-29 12:03:00,25.23,25.23,25.23,25.23,200.0
2019-03-29 12:05:00,25.23,25.23,25.22,25.22,200.0
2019-03-29 12:06:00,25.21,25.21,25.2,25.21,1100.0
2019-03-29 12:07:00,25.22,25.22,25.22,25.22,100.0
2019-03-29 12:08:00,25.22,25.22,25.22,25.22,100.0
2019-03-29 12:09:00,25.23,25.23,25.23,25.23,100.0
2019-03-29 12:10:00,25.18,25.21,25.15,25.21,2703.0
2019-03-29 12:12:00,25.22,25.22,25.22,25.22,100.0
2019-03-29 12:14:00,25.21,25.21,25.21,25.21,200.0
2019-03-29 12:16:00,25.2,25.2,25.2,25.2,100.0
2019-03-29 12:17:00,25.21,25.21,25.21,25.21,100.0
2019-03-29 12:18:00,25.23,25.23,25.23,25.23,100.0
2019-03-29 12:19:00,25.215,25.215,25.2,25.2,500.0
2019-03-29 12:21:00,25.22,25.22,25.22,25.22,100.0
2019-03-29 12:22:00,25.22,25.22,25.22,25.22,100.0
2019-03-29 12:23:00,25.215,25.215,25.2,25.215,1000.0
2019-03-29 12:24:00,25.22,25.22,25.2,25.22,300.0
2019-03-29 12:26:00,25.22,25.22,25.22,25.22,100.0
2019-03-29 12:28:00,25.2,25.2,25.2,25.2,100.0
2019-03-29 12:29:00,25.22,25.22,25.22,25.22,100.0
2019-03-29 12:30:00,25.22,25.22,25.22,25.22,100.0
2019-03-29 12:31:00,25.23,25.23,25.2155,25.2215,1400.0
2019-03-29 12:32:00,25.2,25.23,25.2,25.23,200.0
2019-03-29 12:33:00,25.23,25.23,25.23,25.23,100.0
2019-03-29 12:34:00,25.23,25.23,25.23,25.23,100.0
2019-03-29 12:35:00,25.215,25.215,25.215,25.215,100.0
2019-03-29 12:36:00,25.23,25.23,25.23,25.23,100.0
2019-03-29 12:37:00,25.24,25.24,25.24,25.24,100.0
2019-03-29 12:38:00,25.24,25.24,25.24,25.24,100.0
2019-03-29 12:39:00,25.2,25.24,25.2,25.24,305.0
2019-03-29 12:42:00,25.22,25.24,25.22,25.24,200.0
2019-03-29 12:43:00,25.24,25.24,25.24,25.24,100.0
2019-03-29 12:44:00,25.24,25.24,25.24,25.24,100.0
2019-03-29 12:45:00,25.24,25.24,25.2,25.2,200.0
2019-03-29 12:47:00,25.24,25.24,25.24,25.24,100.0
2019-03-29 12:48:00,25.24,25.24,25.24,25.24,200.0
2019-03-29 12:49:00,25.2,25.24,25.2,25.24,300.0
2019-03-29 12:52:00,25.23,25.23,25.23,25.23,100.0
2019-03-29 12:53:00,25.215,25.215,25.215,25.215,100.0
2019-03-29 12:54:00,25.2198,25.23,25.2198,25.23,1100.0
2019-03-29 12:56:00,25.2,25.23,25.2,25.23,300.0
2019-03-29 12:57:00,25.23,25.23,25.23,25.23,100.0
2019-03-29 12:58:00,25.23,25.23,25.23,25.23,100.0
2019-03-29 12:59:00,25.2,25.215,25.2,25.215,200.0
2019-03-29 13:01:00,25.23,25.23,25.23,25.23,100.0
2019-03-29 13:03:00,25.23,25.23,25.22,25.22,200.0
2019-03-29 13:04:00,25.23,25.23,25.23,25.23,100.0
2019-03-29 13:05:00,25.23,25.23,25.23,25.23,100.0
2019-03-29 13:06:00,25.23,25.23,25.23,25.23,100.0
2019-03-29 13:07:00,25.23,25.23,25.23,25.23,100.0
2019-03-29 13:09:00,25.23,25.23,25.23,25.23,200.0
2019-03-29 13:10:00,25.225,25.24,25.22,25.23,3750.0
2019-03-29 13:12:00,25.24,25.24,25.24,25.24,800.0
2019-03-29 13:14:00,25.24,25.24,25.24,25.24,295.0
2019-03-29 13:15:00,25.24,25.24,25.24,25.24,100.0
2019-03-29 13:16:00,25.23,25.235,25.23,25.235,200.0
2019-03-29 13:17:00,25.24,25.24,25.24,25.24,300.0
2019-03-29 13:18:00,25.24,25.24,25.24,25.24,200.0
2019-03-29 13:19:00,25.24,25.24,25.24,25.24,100.0
2019-03-29 13:20:00,25.23,25.23,25.23,25.23,150.0
2019-03-29 13:22:00,25.24,25.24,25.24,25.24,100.0
2019-03-29 13:23:00,25.23,25.235,25.23,25.235,200.0
2019-03-29 13:24:00,25.24,25.24,25.24,25.24,200.0
2019-03-29 13:26:00,25.24,25.24,25.24,25.24,100.0
2019-03-29 13:27:00,25.235,25.235,25.23,25.23,200.0
2019-03-29 13:28:00,25.24,25.24,25.23,25.24,1069.0
2019-03-29 13:29:00,25.24,25.24,25.23,25.23,2849.0
2019-03-29 13:33:00,25.24,25.24,25.24,25.24,101.0
2019-03-29 13:34:00,25.22,25.23,25.2178,25.2178,624.0
2019-03-29 13:35:00,25.23,25.23,25.22,25.22,480.0
2019-03-29 13:36:00,25.24,25.24,25.2335,25.2335,799.0
2019-03-29 13:37:00,25.24,25.24,25.24,25.24,300.0
2019-03-29 13:38:00,25.24,25.24,25.24,25.24,100.0
2019-03-29 13:39:00,25.24,25.24,25.24,25.24,100.0
2019-03-29 13:41:00,25.24,25.24,25.24,25.24,100.0
2019-03-29 13:42:00,25.24,25.24,25.24,25.24,100.0
2019-03-29 13:43:00,25.24,25.24,25.24,25.24,1200.0
2019-03-29 13:44:00,25.24,25.24,25.24,25.24,100.0
2019-03-29 13:47:00,25.24,25.24,25.24,25.24,100.0
2019-03-29 13:48:00,25.23,25.235,25.23,25.235,200.0
2019-03-29 13:49:00,25.24,25.24,25.24,25.24,100.0
2019-03-29 13:50:00,25.24,25.24,25.24,25.24,100.0
2019-03-29 13:51:00,25.24,25.24,25.23,25.23,300.0
2019-03-29 13:54:00,25.24,25.24,25.24,25.24,200.0
2019-03-29 13:55:00,25.23,25.24,25.23,25.24,300.0
2019-03-29 13:56:00,25.24,25.24,25.24,25.24,234.0
2019-03-29 13:57:00,25.24,25.24,25.24,25.24,196.0
2019-03-29 13:58:00,25.24,25.24,25.24,25.24,100.0
2019-03-29 13:59:00,25.24,25.24,25.24,25.24,100.0
2019-03-29 14:01:00,25.24,25.24,25.24,25.24,100.0
2019-03-29 14:03:00,25.24,25.24,25.24,25.24,200.0
2019-03-29 14:05:00,25.24,25.24,25.24,25.24,700.0
2019-03-29 14:07:00,25.25,25.25,25.25,25.25,2636.0
2019-03-29 14:11:00,25.25,25.25,25.25,25.25,134.0
2019-03-29 14:12:00,25.25,25.25,25.25,25.25,195.0
2019-03-29 14:14:00,25.2401,25.2401,25.2401,25.2401,345.0
2019-03-29 14:18:00,25.245,25.245,25.245,25.245,130.0
2019-03-29 14:19:00,25.24,25.25,25.24,25.25,1900.0
2019-03-29 14:20:00,25.25,25.25,25.25,25.25,639.0
2019-03-29 14:24:00,25.24,25.24,25.24,25.24,200.0
2019-03-29 14:27:00,25.24,25.24,25.24,25.24,500.0
2019-03-29 14:30:00,25.24,25.245,25.24,25.2402,400.0
2019-03-29 14:34:00,25.25,25.25,25.2499,25.2499,4659.0
2019-03-29 14:37:00,25.25,25.25,25.25,25.25,1100.0
2019-03-29 14:42:00,25.25,25.25,25.25,25.25,300.0
2019-03-29 14:48:00,25.25,25.25,25.25,25.25,100.0
2019-03-29 14:49:00,25.2473,25.2473,25.2473,25.2473,261.0
2019-03-29 14:58:00,25.24,25.24,25.24,25.24,1857.0
2019-03-29 14:59:00,25.24,25.24,25.24,25.24,205.0
2019-03-29 15:02:00,25.24,25.25,25.24,25.25,1814.0
2019-03-29 15:05:00,25.24,25.24,25.24,25.24,353.0
2019-03-29 15:08:00,25.23,25.23,25.23,25.23,869.0
2019-03-29 15:15:00,25.25,25.25,25.25,25.25,300.0
2019-03-29 15:24:00,25.2501,25.2501,25.2501,25.2501,111.0
2019-03-29 15:33:00,25.25,25.25,25.25,25.25,1673.0
2019-03-29 15:38:00,25.25,25.25,25.25,25.25,300.0
2019-03-29 15:40:00,25.26,25.26,25.2401,25.25,2100.0
2019-03-29 15:43:00,25.26,25.26,25.26,25.26,1637.0
2019-03-29 15:45:00,25.29,25.29,25.29,25.29,200.0
2019-03-29 15:46:00,25.29,25.39,25.29,25.39,17676.0
2019-03-29 15:47:00,25.39,25.44,25.39,25.44,5000.0
2019-03-29 15:49:00,25.44,25.44,25.43,25.44,502.0
2019-03-29 15:50:00,25.385,25.385,25.38,25.38,200.0
2019-03-29 15:53:00,25.4121,25.48,25.4121,25.48,5421.0
2019-03-29 15:54:00,25.47,25.47,25.47,25.47,103.0
2019-03-29 15:56:00,25.41,25.4142,25.38,25.3992,3464.0
2019-03-29 15:57:00,25.38,25.38,25.38,25.38,730.0
2019-03-29 16:00:00,25.39,25.39,25.39,25.39,425.0
2019-04-01 09:31:00,25.2,25.2,25.2,25.2,0.0
2019-04-01 09:36:00,25.19,25.19,25.19,25.19,118.0
2019-04-01 09:38:00,25.172,25.172,25.172,25.172,1528.0
2019-04-01 09:40:00,25.19,25.19,25.19,25.19,1480.0
2019-04-01 09:48:00,25.17,25.17,25.17,25.17,645.0
2019-04-01 09:55:00,25.1303,25.1303,25.1303,25.1303,266.0
2019-04-01 09:59:00,25.1507,25.1507,25.1507,25.1507,337.0
2019-04-01 10:02:00,25.19,25.19,25.189,25.189,1606.0
2019-04-01 10:11:00,25.18,25.18,25.18,25.18,2108.0
2019-04-01 10:13:00,25.187,25.187,25.185,25.185,1620.0
2019-04-01 10:19:00,25.18,25.18,25.18,25.18,1100.0
2019-04-01 10:29:00,25.12,25.12,25.12,25.12,130.0
2019-04-01 10:33:00,25.1545,25.1545,25.1545,25.1545,2463.0
2019-04-01 10:46:00,25.1699,25.17,25.1699,25.17,285.0
2019-04-01 10:50:00,25.1645,25.1645,25.1645,25.1645,100.0
2019-04-01 10:58:00,25.1598,25.1598,25.1598,25.1598,104.0
2019-04-01 10:59:00,25.13,25.13,25.13,25.13,3636.0
2019-04-01 11:06:00,25.18,25.18,25.18,25.18,110.0
2019-04-01 11:10:00,25.1417,25.1417,25.1417,25.1417,276.0
2019-04-01 11:20:00,25.15,25.15,25.15,25.15,559.0
2019-04-01 11:22:00,25.18,25.18,25.18,25.18,1366.0
2019-04-01 11:28:00,25.1383,25.1383,25.1383,25.1383,1683.0
2019-04-01 11:29:00,25.1482,25.1482,25.1482,25.1482,405.0
2019-04-01 11:30:00,25.155,25.155,25.155,25.155,143.0
2019-04-01 11:31:00,25.1455,25.1455,25.1455,25.1455,316.0
2019-04-01 11:36:00,25.15,25.15,25.15,25.15,922.0
2019-04-01 11:41:00,25.18,25.18,25.18,25.18,900.0
2019-04-01 11:46:00,25.18,25.18,25.18,25.18,315.0
2019-04-01 11:49:00,25.18,25.18,25.18,25.18,1210.0
2019-04-01 11:54:00,25.18,25.18,25.18,25.18,8249.0
2019-04-01 12:01:00,25.18,25.18,25.18,25.18,100.0
2019-04-01 12:04:00,25.18,25.18,25.18,25.18,600.0
2019-04-01 12:10:00,25.18,25.18,25.18,25.18,100.0
2019-04-01 12:13:00,25.18,25.18,25.18,25.18,410.0
2019-04-01 12:17:00,25.18,25.18,25.18,25.18,194.0
2019-04-01 12:18:00,25.18,25.18,25.18,25.18,414.0
2019-04-01 12:24:00,25.18,25.18,25.18,25.18,3198.0
2019-04-01 12:28:00,25.185,25.185,25.18,25.18,3663.0
2019-04-01 12:31:00,25.1754,25.1754,25.1754,25.1754,680.0
2019-04-01 12:36:00,25.1736,25.1736,25.1736,25.1736,1744.0
2019-04-01 12:40:00,25.17,25.17,25.17,25.17,1271.0
2019-04-01 12:41:00,25.17,25.17,25.17,25.17,493.0
2019-04-01 12:47:00,25.1684,25.1684,25.1684,25.1684,2225.0
2019-04-01 12:50:00,25.17,25.17,25.17,25.17,200.0
2019-04-01 12:56:00,25.165,25.165,25.165,25.165,2300.0
2019-04-01 13:00:00,25.17,25.17,25.17,25.17,800.0
2019-04-01 13:01:00,25.1763,25.18,25.1763,25.18,2878.0
2019-04-01 13:06:00,25.19,25.19,25.19,25.19,1440.0
2019-04-01 13:08:00,25.188,25.188,25.188,25.188,199.0
2019-04-01 13:12:00,25.19,25.19,25.19,25.19,711.0
2019-04-01 13:15:00,25.19,25.19,25.19,25.19,100.0
2019-04-01 13:17:00,25.19,25.19,25.19,25.19,350.0
2019-04-01 13:23:00,25.19,25.19,25.19,25.19,100.0
2019-04-01 13:25:00,25.19,25.19,25.19,25.19,110.0
2019-04-01 13:30:00,25.2,25.2,25.2,25.2,213.0
2019-04-01 13:33:00,25.2,25.2,25.17,25.17,3456.0
2019-04-01 13:36:00,25.1607,25.1607,25.1607,25.1607,464.0
2019-04-01 13:39:00,25.17,25.17,25.17,25.17,405.0
2019-04-01 13:47:00,25.165,25.165,25.16,25.16,2041.0
2019-04-01 14:00:00,25.155,25.155,25.1508,25.1508,1292.0
2019-04-01 14:02:00,25.15,25.15,25.15,25.15,658.0
2019-04-01 14:04:00,25.1462,25.1462,25.1462,25.1462,327.0
2019-04-01 14:09:00,25.1599,25.16,25.1599,25.16,1000.0
2019-04-01 14:13:00,25.15,25.16,25.15,25.16,1681.0
2019-04-01 14:22:00,25.1593,25.1593,25.1593,25.1593,200.0
2019-04-01 14:24:00,25.1507,25.1507,25.1507,25.1507,2792.0
2019-04-01 14:25:00,25.16,25.16,25.16,25.16,201.0
2019-04-01 14:28:00,25.15,25.15,25.15,25.15,1201.0
2019-04-01 14:32:00,25.1511,25.1511,25.1511,25.1511,1234.0
2019-04-01 14:34:00,25.1507,25.1507,25.1507,25.1507,526.0
2019-04-01 14:37:00,25.1531,25.1531,25.1531,25.1531,375.0
2019-04-01 14:39:00,25.1579,25.16,25.1579,25.16,1218.0
2019-04-01 14:49:00,25.1356,25.1356,25.1356,25.1356,403.0
2019-04-01 14:53:00,25.16,25.16,25.16,25.16,712.0
2019-04-01 15:13:00,25.16,25.16,25.16,25.16,535.0
2019-04-01 15:16:00,25.16,25.16,25.16,25.16,540.0
2019-04-01 15:18:00,25.1599,25.1599,25.1599,25.1599,213.0
2019-04-01 15:22:00,25.16,25.16,25.16,25.16,1373.0
2019-04-01 15:26:00,25.16,25.16,25.16,25.16,459.0
2019-04-01 15:28:00,25.16,25.16,25.16,25.16,308.0
2019-04-01 15:33:00,25.16,25.16,25.16,25.16,758.0
2019-04-01 15:38:00,25.15,25.15,25.15,25.15,319.0
2019-04-01 15:43:00,25.17,25.17,25.17,25.17,710.0
2019-04-01 15:46:00,25.1475,25.1475,25.1475,25.1475,159.0
2019-04-01 15:48:00,25.17,25.17,25.17,25.17,301.0
2019-04-01 15:56:00,25.17,25.17,25.17,25.17,818.0
2019-04-01 15:58:00,25.17,25.17,25.17,25.17,680.0
2019-04-01 15:59:00,25.17,25.17,25.17,25.17,909.0
2019-04-01 16:00:00,25.13,25.13,25.13,25.13,5220.0
2019-04-02 09:31:00,25.17,25.17,25.17,25.17,775.0
2019-04-02 09:54:00,25.1303,25.1303,25.1303,25.1303,118.0
2019-04-02 10:04:00,25.1446,25.1446,25.1446,25.1446,490.0
2019-04-02 10:11:00,25.13,25.13,25.13,25.13,2126.0
2019-04-02 10:19:00,25.1431,25.1431,25.1431,25.1431,1020.0
2019-04-02 10:23:00,25.15,25.15,25.15,25.15,100.0
2019-04-02 10:25:00,25.12,25.12,25.12,25.12,500.0
2019-04-02 10:35:00,25.14,25.14,25.14,25.14,900.0
2019-04-02 10:36:00,25.13,25.13,25.13,25.13,600.0
2019-04-02 10:37:00,25.14,25.14,25.14,25.14,1849.0
2019-04-02 10:41:00,25.1256,25.1256,25.1256,25.1256,1239.0
2019-04-02 10:42:00,25.14,25.14,25.14,25.14,1362.0
2019-04-02 10:45:00,25.1,25.11,25.1,25.11,1676.0
2019-04-02 10:56:00,25.11,25.11,25.11,25.11,100.0
2019-04-02 11:02:00,25.12,25.14,25.12,25.14,1025.0
2019-04-02 11:35:00,25.1,25.1,25.1,25.1,205.0
2019-04-02 11:43:00,25.15,25.15,25.15,25.15,288.0
2019-04-02 12:04:00,25.15,25.15,25.15,25.15,261.0
2019-04-02 12:19:00,25.14,25.14,25.14,25.14,510.0
2019-04-02 12:40:00,25.13,25.13,25.13,25.13,1152.0
2019-04-02 12:49:00,25.1313,25.1313,25.1313,25.1313,139.0
2019-04-02 12:51:00,25.1345,25.1345,25.1345,25.1345,636.0
2019-04-02 12:58:00,25.1246,25.1246,25.1246,25.1246,871.0
2019-04-02 13:00:00,25.149,25.149,25.149,25.149,148.0
2019-04-02 13:06:00,25.15,25.15,25.15,25.15,510.0
2019-04-02 13:15:00,25.15,25.15,25.15,25.15,756.0
2019-04-02 13:24:00,25.17,25.17,25.17,25.17,141.0
2019-04-02 13:26:00,25.1541,25.1541,25.1541,25.1541,705.0
2019-04-02 13:27:00,25.15,25.17,25.15,25.17,2168.0
2019-04-02 13:36:00,25.17,25.17,25.17,25.17,210.0
2019-04-02 13:48:00,25.22,25.22,25.22,25.22,227.0
2019-04-02 13:51:00,25.2176,25.2176,25.2176,25.2176,1316.0
2019-04-02 13:55:00,25.205,25.205,25.205,25.205,253.0
2019-04-02 13:57:00,25.23,25.23,25.23,25.23,564.0
2019-04-02 13:59:00,25.2225,25.2225,25.2225,25.2225,700.0
2019-04-02 14:09:00,25.26,25.26,25.26,25.26,864.0
2019-04-02 14:12:00,25.28,25.28,25.28,25.28,824.0
2019-04-02 14:28:00,25.205,25.205,25.205,25.205,2452.0
2019-04-02 14:31:00,25.1977,25.1977,25.1977,25.1977,465.0
2019-04-02 14:43:00,25.1996,25.1996,25.1996,25.1996,273.0
2019-04-02 14:48:00,25.18,25.18,25.18,25.18,1083.0
2019-04-02 14:55:00,25.22,25.22,25.22,25.22,1252.0
2019-04-02 15:03:00,25.1841,25.1841,25.1841,25.1841,1038.0
2019-04-02 15:09:00,25.2056,25.2056,25.2056,25.2056,187.0
2019-04-02 15:12:00,25.1741,25.1741,25.1741,25.1741,336.0
2019-04-02 15:17:00,25.2,25.2,25.2,25.2,321.0
2019-04-02 15:22:00,25.2,25.2,25.2,25.2,219.0
2019-04-02 15:25:00,25.175,25.175,25.175,25.175,1014.0
2019-04-02 15:31:00,25.2,25.2,25.2,25.2,128.0
2019-04-02 15:39:00,25.2,25.2,25.2,25.2,221.0
2019-04-02 15:42:00,25.2,25.2,25.2,25.2,107.0
2019-04-02 15:43:00,25.1901,25.1901,25.1901,25.1901,701.0
2019-04-02 15:45:00,25.19,25.19,25.19,25.19,650.0
2019-04-02 15:47:00,25.175,25.175,25.175,25.175,343.0
2019-04-02 15:49:00,25.17,25.17,25.17,25.17,164.0
2019-04-02 15:53:00,25.1408,25.1408,25.1408,25.1408,176.0
2019-04-02 15:56:00,25.15,25.15,25.15,25.15,1495.0
2019-04-02 16:00:00,25.15,25.15,25.15,25.15,465.0
2019-04-03 09:33:00,25.1101,25.1101,25.1101,25.1101,2260.0
2019-04-03 09:35:00,25.1265,25.1265,25.1265,25.1265,573.0
2019-04-03 09:43:00,25.143,25.15,25.143,25.15,2514.0
2019-04-03 09:49:00,25.17,25.17,25.17,25.17,128.0
2019-04-03 09:50:00,25.17,25.17,25.17,25.17,121.0
2019-04-03 09:56:00,25.17,25.17,25.17,25.17,102.0
2019-04-03 09:59:00,25.15,25.15,25.15,25.15,1858.0
2019-04-03 10:02:00,25.2,25.2,25.2,25.2,407.0
2019-04-03 10:04:00,25.1798,25.1798,25.1683,25.1683,440.0
2019-04-03 10:21:00,25.16,25.1784,25.16,25.1784,3200.0
2019-04-03 10:29:00,25.1562,25.1562,25.1562,25.1562,500.0
2019-04-03 10:36:00,25.165,25.165,25.165,25.165,246.0
2019-04-03 10:40:00,25.1707,25.1707,25.1707,25.1707,190.0
2019-04-03 10:41:00,25.1702,25.1702,25.1702,25.1702,806.0
2019-04-03 10:43:00,25.15,25.15,25.15,25.15,113.0
2019-04-03 10:48:00,25.18,25.18,25.18,25.18,100.0
2019-04-03 10:52:00,25.1707,25.1707,25.1707,25.1707,168.0
2019-04-03 10:55:00,25.18,25.18,25.18,25.18,169.0
2019-04-03 10:57:00,25.17,25.17,25.15,25.15,663.0
2019-04-03 11:02:00,25.18,25.18,25.17,25.17,308.0
2019-04-03 11:13:00,25.19,25.19,25.19,25.19,907.0
2019-04-03 11:18:00,25.1817,25.1817,25.1817,25.1817,1136.0
2019-04-03 11:24:00,25.2,25.2,25.1973,25.1973,1818.0
2019-04-03 11:43:00,25.2064,25.2064,25.2064,25.2064,304.0
2019-04-03 11:51:00,25.2173,25.2173,25.2173,25.2173,1500.0
2019-04-03 12:01:00,25.23,25.23,25.23,25.23,419.0
2019-04-03 12:04:00,25.23,25.23,25.23,25.23,750.0
2019-04-03 12:32:00,25.23,25.23,25.23,25.23,100.0
2019-04-03 12:37:00,25.23,25.23,25.23,25.23,100.0
2019-04-03 12:41:00,25.23,25.23,25.23,25.23,100.0
2019-04-03 12:43:00,25.23,25.23,25.23,25.23,102.0
2019-04-03 12:55:00,25.23,25.23,25.23,25.23,200.0
2019-04-03 12:59:00,25.2003,25.2003,25.2003,25.2003,400.0
2019-04-03 13:03:00,25.23,25.23,25.23,25.23,200.0
2019-04-03 13:04:00,25.2072,25.2072,25.2072,25.2072,290.0
2019-04-03 13:06:00,25.23,25.23,25.23,25.23,248.0
2019-04-03 13:10:00,25.23,25.23,25.23,25.23,100.0
2019-04-03 13:14:00,25.23,25.23,25.23,25.23,100.0
2019-04-03 13:17:00,25.2108,25.23,25.2108,25.23,828.0
2019-04-03 13:21:00,25.23,25.23,25.23,25.23,245.0
2019-04-03 13:36:00,25.2299,25.2299,25.221,25.221,473.0
2019-04-03 14:12:00,25.26,25.26,25.26,25.26,514.0
2019-04-03 14:18:00,25.2599,25.2599,25.2599,25.2599,1521.0
2019-04-03 14:28:00,25.23,25.23,25.23,25.23,1685.0
2019-04-03 14:51:00,25.1872,25.1872,25.1872,25.1872,11269.0
2019-04-03 15:22:00,25.275,25.275,25.275,25.275,1242.0
2019-04-03 15:30:00,25.25,25.25,25.25,25.25,400.0
2019-04-03 15:31:00,25.25,25.25,25.25,25.25,300.0
2019-04-03 15:32:00,25.25,25.25,25.25,25.25,344.0
2019-04-03 15:41:00,25.25,25.25,25.25,25.25,180.0
2019-04-03 15:46:00,25.205,25.205,25.205,25.205,1700.0
2019-04-03 15:47:00,25.221,25.221,25.221,25.221,2700.0
2019-04-03 15:59:00,25.2,25.2,25.2,25.2,1552.0
