
2019-03-19 09:31:00,15.04,15.04,15.04,15.04,0.0
2019-03-19 09:35:00,15.08,15.08,15.08,15.08,800.0
2019-03-19 09:40:00,15.075,15.08,15.075,15.08,1900.0
2019-03-19 09:52:00,15.09,15.09,15.09,15.09,200.0
2019-03-19 09:56:00,15.1,15.1,15.1,15.1,651.0
2019-03-19 10:01:00,15.1,15.1,15.1,15.1,500.0
2019-03-19 10:17:00,15.0901,15.11,15.0901,15.11,2350.0
2019-03-19 10:41:00,15.1,15.105,15.1,15.105,1100.0
2019-03-19 10:56:00,15.1,15.1,15.1,15.1,1400.0
2019-03-19 10:57:00,15.1001,15.1001,15.1001,15.1001,1100.0
2019-03-19 11:05:00,15.1,15.1036,15.095,15.095,1709.0
2019-03-19 11:33:00,15.1,15.1,15.1,15.1,1200.0
2019-03-19 11:35:00,15.11,15.11,15.1,15.11,2515.0
2019-03-19 11:37:00,15.11,15.11,15.11,15.11,1700.0
2019-03-19 12:03:00,15.1091,15.1091,15.1091,15.1091,901.0
2019-03-19 12:26:00,15.11,15.11,15.11,15.11,800.0
2019-03-19 12:45:00,15.1101,15.12,15.1101,15.12,2325.0
2019-03-19 12:47:00,15.115,15.115,15.115,15.115,200.0
2019-03-19 12:57:00,15.115,15.12,15.115,15.12,2200.0
2019-03-19 13:18:00,15.1215,15.1215,15.1215,15.1215,300.0
2019-03-19 13:21:00,15.12,15.12,15.12,15.12,1594.0
2019-03-19 13:27:00,15.11,15.11,15.11,15.11,257.0
2019-03-19 13:28:00,15.12,15.12,15.12,15.12,600.0
2019-03-19 13:36:00,15.12,15.12,15.12,15.12,900.0
2019-03-19 13:41:00,15.13,15.13,15.13,15.13,401.0
2019-03-19 14:42:00,15.13,15.13,15.13,15.13,100.0
2019-03-19 14:44:00,15.13,15.13,15.13,15.13,100.0
2019-03-19 14:48:00,15.13,15.13,15.13,15.13,600.0
2019-03-19 14:54:00,15.1194,15.1194,15.1194,15.1194,320.0
2019-03-19 14:59:00,15.11,15.11,15.11,15.11,1100.0
2019-03-19 15:00:00,15.11,15.11,15.11,15.11,100.0
2019-03-19 15:13:00,15.11,15.11,15.11,15.11,200.0
2019-03-19 15:31:00,15.1,15.1,15.1,15.1,1200.0
2019-03-19 15:32:00,15.1,15.1057,15.1,15.1057,1700.0
2019-03-19 15:34:00,15.11,15.11,15.11,15.11,100.0
2019-03-19 15:40:00,15.1121,15.1121,15.1121,15.1121,5000.0
2019-03-19 15:43:00,15.105,15.11,15.105,15.11,1200.0
2019-03-19 15:45:00,15.11,15.11,15.11,15.11,100.0
2019-03-19 15:48:00,15.103,15.103,15.103,15.103,2000.0
2019-03-19 15:55:00,15.1,15.1,15.1,15.1,300.0
2019-03-19 15:56:00,15.09,15.09,15.09,15.09,409.0
2019-03-19 15:58:00,15.09,15.09,15.09,15.09,100.0
2019-03-19 15:59:00,15.09,15.09,15.09,15.09,300.0
2019-03-19 16:00:00,15.1,15.1,15.08,15.08,600.0
2019-03-20 09:31:00,15.04,15.04,15.04,15.04,0.0
2019-03-20 09:32:00,15.04,15.04,15.04,15.04,160.0
2019-03-20 09:36:00,15.01,15.01,15.0,15.0,800.0
2019-03-20 09:40:00,15.0,15.0,14.9999,14.9999,1100.0
2019-03-20 09:46:00,15.0,15.0,14.99,15.0,4473.0
2019-03-20 09:53:00,14.99,15.0,14.99,15.0,601.0
2019-03-20 09:57:00,14.99,15.0,14.99,15.0,200.0
2019-03-20 10:00:00,14.99,15.0,14.99,15.0,200.0
2019-03-20 10:04:00,14.99,15.0,14.99,15.0,200.0
2019-03-20 10:05:00,14.99,15.0,14.99,15.0,2450.0
2019-03-20 10:06:00,15.0,15.0,15.0,15.0,7762.0
2019-03-20 10:07:00,15.0,15.0,15.0,15.0,5712.0
2019-03-20 10:11:00,15.02,15.02,15.02,15.02,100.0
2019-03-20 10:12:00,15.039,15.0399,15.0,15.0399,1600.0
2019-03-20 10:14:00,15.0,15.0,15.0,15.0,100.0
2019-03-20 10:18:00,15.0,15.0,15.0,15.0,100.0
2019-03-20 10:21:00,15.0001,15.02,15.0,15.0,2600.0
2019-03-20 10:28:00,15.0,15.0,15.0,15.0,2800.0
2019-03-20 10:29:00,15.0,15.0,15.0,15.0,11944.0
2019-03-20 10:42:00,15.0,15.0,15.0,15.0,100.0
2019-03-20 10:45:00,15.0,15.0,15.0,15.0,100.0
2019-03-20 10:52:00,15.0,15.0,15.0,15.0,100.0
2019-03-20 10:56:00,15.0,15.0,15.0,15.0,100.0
2019-03-20 10:59:00,15.0,15.0,15.0,15.0,100.0
2019-03-20 11:06:00,15.01,15.01,15.01,15.01,100.0
2019-03-20 11:10:00,15.01,15.01,15.01,15.01,100.0
2019-03-20 11:13:00,15.01,15.0101,15.01,15.0101,1600.0
2019-03-20 11:20:00,15.01,15.01,15.01,15.01,100.0
2019-03-20 11:23:00,15.01,15.01,15.01,15.01,100.0
2019-03-20 11:27:00,15.01,15.01,15.01,15.01,101.0
2019-03-20 11:34:00,15.01,15.01,15.01,15.01,100.0
2019-03-20 11:37:00,15.01,15.01,15.01,15.01,100.0
2019-03-20 11:44:00,15.01,15.01,15.01,15.01,100.0
2019-03-20 11:51:00,15.01,15.01,15.01,15.01,100.0
2019-03-20 11:54:00,15.01,15.01,15.01,15.01,100.0
2019-03-20 11:55:00,15.04,15.04,15.04,15.04,3977.0
2019-03-20 12:33:00,15.02,15.02,15.02,15.02,100.0
2019-03-20 12:40:00,15.02,15.03,15.0,15.0,2658.0
2019-03-20 12:41:00,15.03,15.03,15.03,15.03,383.0
2019-03-20 12:42:00,15.03,15.03,15.03,15.03,481.0
2019-03-20 13:17:00,15.029,15.029,15.027,15.027,2036.0
2019-03-20 13:28:00,15.0,15.0,15.0,15.0,100.0
2019-03-20 13:30:00,15.0176,15.0176,15.0176,15.0176,344.0
2019-03-20 13:35:00,15.0,15.0,15.0,15.0,100.0
2019-03-20 13:42:00,15.0,15.0,15.0,15.0,100.0
2019-03-20 13:49:00,15.0,15.0,15.0,15.0,100.0
2019-03-20 13:52:00,15.0,15.0,15.0,15.0,100.0
2019-03-20 13:59:00,15.0,15.0,14.95,14.95,963.0
2019-03-20 14:01:00,15.0099,15.0099,14.998,14.998,325.0
2019-03-20 14:04:00,14.99,14.99,14.99,14.99,100.0
2019-03-20 14:05:00,15.0073,15.01,15.0,15.0,800.0
2019-03-20 14:06:00,14.99,14.99,14.99,14.99,100.0
2019-03-20 14:07:00,15.0,15.01,15.0,15.01,700.0
2019-03-20 14:10:00,15.01,15.01,15.01,15.01,0.0
2019-03-20 14:14:00,15.01,15.02,15.01,15.02,61827.0
2019-03-20 14:22:00,15.02,15.04,15.02,15.04,1362.0
2019-03-20 14:26:00,15.02,15.04,15.02,15.04,200.0
2019-03-20 14:31:00,15.02,15.04,15.02,15.04,200.0
2019-03-20 14:38:00,15.02,15.04,15.02,15.04,200.0
2019-03-20 14:43:00,15.04,15.05,15.04,15.05,3279.0
2019-03-20 14:53:00,15.05,15.05,15.05,15.05,379.0
2019-03-20 15:04:00,15.06,15.06,15.06,15.06,400.0
2019-03-20 15:09:00,15.05,15.05,15.05,15.05,200.0
2019-03-20 15:13:00,15.04,15.04,15.04,15.04,242.0
2019-03-20 15:15:00,15.04,15.04,15.04,15.04,200.0
2019-03-20 15:19:00,15.04,15.06,15.04,15.06,200.0
2019-03-20 15:22:00,15.03,15.05,15.03,15.05,200.0
2019-03-20 15:26:00,15.03,15.03,15.03,15.03,100.0
2019-03-20 15:28:00,15.03,15.03,15.03,15.03,100.0
2019-03-20 15:30:00,15.03,15.03,15.03,15.03,100.0
2019-03-20 15:32:00,15.03,15.03,15.03,15.03,100.0
2019-03-20 15:34:00,15.03,15.03,15.03,15.03,100.0
2019-03-20 15:36:00,15.03,15.05,15.03,15.05,200.0
2019-03-20 15:38:00,15.02,15.05,15.02,15.05,200.0
2019-03-20 15:40:00,15.02,15.05,15.02,15.05,200.0
2019-03-20 15:42:00,15.02,15.04,15.02,15.04,200.0
2019-03-20 15:44:00,15.01,15.01,15.01,15.01,200.0
2019-03-20 15:46:00,15.01,15.01,15.01,15.01,100.0
2019-03-20 15:48:00,15.025,15.025,15.01,15.01,1850.0
2019-03-20 15:49:00,15.01,15.01,15.01,15.01,100.0
2019-03-20 15:50:00,15.0,15.0,15.0,15.0,200.0
2019-03-20 15:52:00,15.0,15.0,15.0,15.0,200.0
2019-03-20 15:54:00,15.0,15.0,15.0,15.0,300.0
2019-03-20 15:56:00,15.0,15.0,15.0,15.0,300.0
2019-03-20 15:58:00,15.015,15.015,15.0,15.0,810.0
2019-03-20 16:00:00,14.99,15.03,14.98,14.98,3203.0
2019-03-21 09:31:00,15.02,15.02,15.02,15.02,0.0
2019-03-21 09:34:00,15.01,15.0145,15.01,15.01,6531.0
2019-03-21 09:41:00,15.01,15.01,15.01,15.01,400.0
2019-03-21 09:47:00,15.01,15.01,15.01,15.01,100.0
2019-03-21 09:50:00,15.01,15.01,15.01,15.01,100.0
2019-03-21 09:53:00,15.01,15.01,15.01,15.01,100.0
2019-03-21 09:56:00,15.01,15.01,15.01,15.01,200.0
2019-03-21 10:00:00,15.01,15.01,15.01,15.01,100.0
2019-03-21 10:03:00,15.01,15.01,15.01,15.01,100.0
2019-03-21 10:04:00,15.01,15.01,15.01,15.01,100.0
2019-03-21 10:06:00,15.01,15.01,15.01,15.01,100.0
2019-03-21 10:09:00,15.01,15.01,15.01,15.01,101.0
2019-03-21 10:12:00,15.01,15.01,15.01,15.01,100.0
2019-03-21 10:15:00,15.01,15.01,15.01,15.01,100.0
2019-03-21 10:19:00,15.01,15.01,15.01,15.01,100.0
2019-03-21 10:22:00,15.01,15.01,15.01,15.01,100.0
2019-03-21 10:25:00,15.01,15.01,15.01,15.01,100.0
2019-03-21 10:28:00,15.01,15.01,15.01,15.01,100.0
2019-03-21 10:31:00,15.01,15.01,15.01,15.01,100.0
2019-03-21 10:34:00,15.01,15.01,15.01,15.01,100.0
2019-03-21 10:37:00,15.01,15.01,15.01,15.01,300.0
2019-03-21 10:38:00,15.01,15.01,15.01,15.01,101.0
2019-03-21 10:44:00,15.01,15.02,15.01,15.02,2171.0
2019-03-21 10:45:00,15.02,15.02,15.02,15.02,5800.0
2019-03-21 10:49:00,15.025,15.025,15.01,15.01,900.0
2019-03-21 11:06:00,15.01,15.01,15.01,15.01,100.0
2019-03-21 11:09:00,15.01,15.01,15.01,15.01,101.0
2019-03-21 11:12:00,15.01,15.01,15.01,15.01,100.0
2019-03-21 11:15:00,15.01,15.01,15.01,15.01,100.0
2019-03-21 11:19:00,15.01,15.01,15.01,15.01,1700.0
2019-03-21 11:22:00,15.01,15.01,15.01,15.01,100.0
2019-03-21 11:25:00,15.01,15.01,15.01,15.01,700.0
2019-03-21 11:28:00,15.01,15.01,15.01,15.01,100.0
2019-03-21 11:31:00,15.01,15.01,15.01,15.01,100.0
2019-03-21 11:34:00,15.01,15.01,15.01,15.01,3500.0
2019-03-21 11:41:00,15.01,15.0101,15.01,15.01,600.0
2019-03-21 11:44:00,15.01,15.01,15.01,15.01,1100.0
2019-03-21 11:50:00,15.01,15.01,15.01,15.01,1111.0
2019-03-21 11:53:00,15.01,15.01,15.01,15.01,100.0
2019-03-21 12:00:00,15.01,15.01,15.01,15.01,100.0
2019-03-21 12:03:00,15.01,15.01,15.01,15.01,200.0
2019-03-21 12:13:00,15.01,15.01,15.01,15.01,100.0
2019-03-21 12:22:00,15.01,15.01,15.01,15.01,1800.0
2019-03-21 12:28:00,15.01,15.01,15.01,15.01,100.0
2019-03-21 12:32:00,15.01,15.01,15.01,15.01,100.0
2019-03-21 12:38:00,15.01,15.01,15.01,15.01,100.0
2019-03-21 12:43:00,15.011,15.011,15.011,15.011,296.0
2019-03-21 12:44:00,15.01,15.01,15.01,15.01,1300.0
2019-03-21 12:50:00,15.01,15.01,15.01,15.01,100.0
2019-03-21 12:54:00,15.01,15.01,15.01,15.01,100.0
2019-03-21 13:00:00,15.01,15.01,15.01,15.01,100.0
2019-03-21 13:05:00,15.01,15.01,15.01,15.01,600.0
2019-03-21 13:06:00,15.01,15.01,15.01,15.01,100.0
2019-03-21 13:13:00,15.01,15.01,15.01,15.01,100.0
2019-03-21 13:14:00,15.01,15.01,15.01,15.01,100.0
2019-03-21 13:15:00,15.0,15.0,15.0,15.0,200.0
2019-03-21 13:22:00,15.0,15.0,15.0,15.0,100.0
2019-03-21 13:28:00,15.0,15.0,15.0,15.0,100.0
2019-03-21 13:32:00,15.0,15.0,15.0,15.0,100.0
2019-03-21 13:41:00,15.0,15.0,15.0,15.0,1000.0
2019-03-21 13:44:00,15.0,15.0,15.0,15.0,1200.0
2019-03-21 13:48:00,15.0001,15.0001,15.0001,15.0001,1100.0
2019-03-21 13:54:00,15.0,15.0,15.0,15.0,100.0
2019-03-21 13:57:00,15.0,15.0,15.0,15.0,100.0
2019-03-21 14:03:00,15.0,15.0,15.0,15.0,100.0
2019-03-21 14:06:00,15.0,15.0,15.0,15.0,100.0
2019-03-21 14:10:00,15.0,15.0,15.0,15.0,400.0
2019-03-21 14:19:00,15.0,15.0,15.0,15.0,200.0
2019-03-21 14:29:00,15.0,15.0,15.0,15.0,200.0
2019-03-21 14:31:00,15.01,15.01,15.01,15.01,6031.0
2019-03-21 14:32:00,15.0,15.0,15.0,15.0,1900.0
2019-03-21 14:38:00,15.001,15.001,15.001,15.001,1800.0
2019-03-21 14:47:00,15.0,15.0,15.0,15.0,100.0
2019-03-21 14:54:00,14.99,14.99,14.99,14.99,100.0
2019-03-21 14:57:00,14.99,14.99,14.99,14.99,100.0
2019-03-21 15:00:00,14.99,14.99,14.99,14.99,100.0
2019-03-21 15:03:00,14.99,14.99,14.99,14.99,1100.0
2019-03-21 15:07:00,14.99,14.99,14.98,14.98,200.0
2019-03-21 15:13:00,14.97,14.97,14.97,14.97,100.0
2019-03-21 15:19:00,14.97,14.97,14.97,14.97,200.0
2019-03-21 15:22:00,14.97,14.97,14.97,14.97,100.0
2019-03-21 15:26:00,14.97,14.97,14.97,14.97,100.0
2019-03-21 15:29:00,14.97,14.97,14.97,14.97,100.0
2019-03-21 15:32:00,14.97,14.97,14.97,14.97,100.0
2019-03-21 15:35:00,14.97,14.97,14.97,14.97,400.0
2019-03-21 15:38:00,14.97,14.97,14.97,14.97,100.0
2019-03-21 15:42:00,14.97,14.97,14.97,14.97,200.0
2019-03-21 15:45:00,14.97,14.97,14.97,14.97,300.0
2019-03-21 15:51:00,14.97,14.97,14.97,14.97,700.0
2019-03-21 15:54:00,14.97,14.97,14.97,14.97,300.0
2019-03-21 15:56:00,14.9792,14.9792,14.9792,14.9792,600.0
2019-03-21 15:57:00,14.97,14.97,14.97,14.97,700.0
2019-03-21 16:00:00,14.91,14.91,14.91,14.91,2849.0
2019-03-22 09:31:00,14.96,14.96,14.96,14.96,0.0
2019-03-22 09:51:00,14.93,14.93,14.93,14.93,134.0
2019-03-22 09:55:00,14.94,14.95,14.935,14.95,800.0
2019-03-22 09:58:00,14.9246,14.95,14.9246,14.95,1700.0
2019-03-22 10:09:00,14.95,14.95,14.94,14.95,4601.0
2019-03-22 10:37:00,14.95,14.9515,14.95,14.9515,1907.0
2019-03-22 11:29:00,14.935,14.935,14.935,14.935,264.0
2019-03-22 11:41:00,14.9372,14.95,14.9372,14.95,250.0
2019-03-22 11:48:00,14.9303,14.9303,14.9303,14.9303,275.0
2019-03-22 12:00:00,14.91,14.92,14.88,14.9,4100.0
2019-03-22 12:01:00,14.8847,14.8847,14.8847,14.8847,805.0
2019-03-22 12:11:00,14.8909,14.8909,14.8909,14.8909,325.0
2019-03-22 12:20:00,14.88,14.88,14.88,14.88,750.0
2019-03-22 12:24:00,14.88,14.88,14.84,14.8446,1200.0
2019-03-22 12:41:00,14.84,14.84,14.84,14.84,500.0
2019-03-22 12:46:00,14.84,14.84,14.84,14.84,400.0
2019-03-22 12:49:00,14.84,14.84,14.83,14.84,6325.0
2019-03-22 12:51:00,14.84,14.84,14.84,14.84,200.0
2019-03-22 12:52:00,14.84,14.8425,14.84,14.8425,2200.0
2019-03-22 12:59:00,14.84,14.84,14.84,14.84,500.0
2019-03-22 13:01:00,14.845,14.845,14.845,14.845,100.0
2019-03-22 13:02:00,14.845,14.845,14.845,14.845,100.0
2019-03-22 14:08:00,14.84,14.84,14.84,14.84,100.0
2019-03-22 14:16:00,14.84,14.85,14.84,14.85,1000.0
2019-03-22 14:22:00,14.85,14.85,14.85,14.85,159.0
2019-03-22 14:29:00,14.85,14.85,14.846,14.846,650.0
2019-03-22 14:58:00,14.851,14.851,14.851,14.851,750.0
2019-03-22 15:15:00,14.855,14.855,14.855,14.855,100.0
2019-03-22 15:26:00,14.85,14.85,14.85,14.85,200.0
2019-03-22 15:34:00,14.84,14.84,14.84,14.84,500.0
2019-03-22 15:38:00,14.84,14.84,14.84,14.84,320.0
2019-03-22 15:40:00,14.83,14.83,14.82,14.82,867.0
2019-03-22 15:42:00,14.825,14.84,14.825,14.84,1400.0
2019-03-22 15:50:00,14.83,14.83,14.81,14.81,3100.0
2019-03-22 15:55:00,14.815,14.815,14.815,14.815,100.0
2019-03-22 15:57:00,14.81,14.81,14.81,14.81,145.0
2019-03-22 15:58:00,14.81,14.81,14.81,14.81,100.0
2019-03-22 16:00:00,14.81,14.81,14.81,14.81,460.0
2019-03-25 09:31:00,14.84,14.84,14.84,14.84,0.0
2019-03-25 09:38:00,14.88,14.88,14.88,14.88,962.0
2019-03-25 10:07:00,14.87,14.87,14.87,14.87,761.0
2019-03-25 10:53:00,14.8556,14.8556,14.8556,14.8556,485.0
2019-03-25 11:07:00,14.88,14.88,14.88,14.88,100.0
2019-03-25 11:12:00,14.88,14.88,14.88,14.88,300.0
2019-03-25 11:15:00,14.88,14.88,14.88,14.88,7500.0
2019-03-25 11:16:00,14.88,14.88,14.88,14.88,1400.0
2019-03-25 11:20:00,14.87,14.88,14.87,14.88,4600.0
2019-03-25 11:36:00,14.88,14.88,14.88,14.88,500.0
2019-03-25 11:39:00,14.885,14.889,14.885,14.889,800.0
2019-03-25 11:51:00,14.88,14.88,14.88,14.88,5060.0
2019-03-25 11:54:00,14.885,14.885,14.885,14.885,100.0
2019-03-25 11:57:00,14.88,14.88,14.88,14.88,117.0
2019-03-25 12:01:00,14.88,14.88,14.88,14.88,600.0
2019-03-25 13:46:00,14.88,14.88,14.88,14.88,600.0
2019-03-25 14:06:00,14.8873,14.89,14.8873,14.89,700.0
2019-03-25 14:28:00,14.885,14.885,14.88,14.88,200.0
2019-03-25 14:52:00,14.8862,14.8862,14.8862,14.8862,400.0
2019-03-25 15:05:00,14.885,14.885,14.885,14.885,100.0
2019-03-25 15:23:00,14.89,14.89,14.88,14.88,3500.0
2019-03-25 15:27:00,14.88,14.89,14.88,14.89,5100.0
2019-03-25 15:30:00,14.89,14.89,14.89,14.89,700.0
2019-03-25 15:31:00,14.89,14.89,14.89,14.89,800.0
2019-03-25 15:32:00,14.89,14.89,14.89,14.89,3200.0
2019-03-25 15:35:00,14.89,14.89,14.89,14.89,300.0
2019-03-25 15:36:00,14.89,14.89,14.89,14.89,1600.0
2019-03-25 15:39:00,14.89,14.89,14.89,14.89,900.0
2019-03-25 15:55:00,14.895,14.895,14.89,14.89,0.0
2019-03-25 16:00:00,14.89,14.89,14.89,14.89,0.0
2019-03-26 09:31:00,14.9,14.9,14.9,14.9,0.0
2019-03-26 10:20:00,14.92,14.92,14.92,14.92,512.0
2019-03-26 10:33:00,14.92,14.92,14.92,14.92,100.0
2019-03-26 10:37:00,14.9308,14.9308,14.9308,14.9308,1395.0
2019-03-26 10:39:00,14.92,14.92,14.92,14.92,501.0
2019-03-26 10:44:00,14.92,14.92,14.92,14.92,1999.0
2019-03-26 10:48:00,14.92,14.92,14.92,14.92,1135.0
2019-03-26 10:57:00,14.91,14.91,14.91,14.91,2207.0
2019-03-26 11:00:00,14.92,14.92,14.92,14.92,317.0
2019-03-26 11:06:00,14.92,14.92,14.92,14.92,100.0
2019-03-26 11:09:00,14.915,14.915,14.915,14.915,100.0
2019-03-26 11:12:00,14.915,14.915,14.91,14.91,3783.0
2019-03-26 11:18:00,14.915,14.915,14.91,14.91,1800.0
2019-03-26 11:19:00,14.89,14.89,14.88,14.88,9300.0
2019-03-26 11:20:00,14.88,14.88,14.88,14.88,1400.0
2019-03-26 11:27:00,14.86,14.86,14.86,14.86,2600.0
2019-03-26 11:28:00,14.87,14.87,14.87,14.87,1600.0
2019-03-26 11:33:00,14.87,14.87,14.87,14.87,100.0
2019-03-26 11:37:00,14.87,14.87,14.87,14.87,1726.0
2019-03-26 12:08:00,14.87,14.87,14.87,14.87,1606.0
2019-03-26 12:43:00,14.87,14.87,14.87,14.87,552.0
2019-03-26 13:37:00,14.87,14.87,14.87,14.87,5100.0
2019-03-26 13:46:00,14.87,14.87,14.87,14.87,151.0
2019-03-26 14:03:00,14.87,14.87,14.87,14.87,129.0
2019-03-26 14:12:00,14.87,14.88,14.87,14.88,2625.0
2019-03-26 14:20:00,14.87,14.87,14.87,14.87,1452.0
2019-03-26 14:23:00,14.87,14.87,14.87,14.87,2800.0
2019-03-26 14:25:00,14.87,14.875,14.87,14.875,1700.0
2019-03-26 14:34:00,14.87,14.87,14.86,14.86,2806.0
2019-03-26 14:37:00,14.85,14.86,14.85,14.86,2711.0
2019-03-26 14:48:00,14.8615,14.8615,14.8615,14.8615,116.0
2019-03-26 14:52:00,14.86,14.87,14.86,14.87,2000.0
2019-03-26 15:03:00,14.86,14.86,14.86,14.86,200.0
2019-03-26 15:05:00,14.86,14.86,14.86,14.86,900.0
2019-03-26 15:09:00,14.8615,14.8615,14.86,14.86,566.0
2019-03-26 15:17:00,14.86,14.86,14.86,14.86,300.0
2019-03-26 15:20:00,14.86,14.86,14.86,14.86,700.0
2019-03-26 15:22:00,14.86,14.86,14.86,14.86,500.0
2019-03-26 15:24:00,14.86,14.86,14.86,14.86,1400.0
2019-03-26 15:28:00,14.86,14.86,14.86,14.86,100.0
2019-03-26 15:29:00,14.86,14.86,14.86,14.86,2800.0
2019-03-26 15:35:00,14.86,14.86,14.86,14.86,500.0
2019-03-26 15:41:00,14.86,14.87,14.86,14.87,2246.0
2019-03-26 15:54:00,14.85,14.85,14.85,14.85,2820.0
2019-03-26 15:58:00,14.83,14.83,14.83,14.83,1750.0
2019-03-26 16:00:00,14.8373,14.8373,14.83,14.83,0.0
2019-03-27 09:31:00,14.83,14.83,14.83,14.83,0.0
2019-03-27 10:12:00,14.87,14.87,14.835,14.835,300.0
2019-03-27 10:17:00,14.8828,14.8828,14.835,14.84,1000.0
2019-03-27 10:29:00,14.83,14.83,14.83,14.83,200.0
2019-03-27 10:30:00,14.83,14.83,14.83,14.83,201.0
2019-03-27 10:32:00,14.83,14.835,14.83,14.835,200.0
2019-03-27 10:34:00,14.83,14.83,14.83,14.83,200.0
2019-03-27 10:35:00,14.83,14.83,14.83,14.83,200.0
2019-03-27 10:40:00,14.83,14.83,14.83,14.83,200.0
2019-03-27 10:41:00,14.83,14.83,14.83,14.83,260.0
2019-03-27 10:43:00,14.87,14.87,14.83,14.83,1914.0
2019-03-27 10:44:00,14.82,14.82,14.82,14.82,100.0
2019-03-27 10:45:00,14.82,14.82,14.82,14.82,100.0
2019-03-27 10:46:00,14.82,14.82,14.82,14.82,100.0
2019-03-27 10:48:00,14.82,14.82,14.82,14.82,100.0
2019-03-27 10:49:00,14.82,14.82,14.82,14.82,100.0
2019-03-27 10:51:00,14.82,14.82,14.82,14.82,100.0
2019-03-27 10:52:00,14.82,14.82,14.82,14.82,100.0
2019-03-27 10:53:00,14.82,14.82,14.82,14.82,100.0
2019-03-27 10:54:00,14.82,14.82,14.82,14.82,100.0
2019-03-27 10:56:00,14.82,14.82,14.82,14.82,100.0
2019-03-27 11:00:00,14.82,14.82,14.82,14.82,200.0
2019-03-27 11:01:00,14.81,14.81,14.81,14.81,100.0
2019-03-27 11:03:00,14.81,14.81,14.81,14.81,100.0
2019-03-27 11:04:00,14.81,14.81,14.81,14.81,215.0
2019-03-27 11:46:00,14.9037,14.9037,14.83,14.83,360.0
2019-03-27 11:49:00,14.87,14.88,14.87,14.88,236.0
2019-03-27 12:02:00,14.87,14.87,14.87,14.87,312.0
2019-03-27 12:18:00,14.877,14.877,14.877,14.877,530.0
2019-03-27 12:58:00,14.83,14.83,14.83,14.83,200.0
2019-03-27 13:16:00,14.8758,14.8758,14.8758,14.8758,140.0
2019-03-27 14:04:00,14.8758,14.8758,14.8758,14.8758,146.0
2019-03-27 14:44:00,14.8354,14.8354,14.8354,14.8354,200.0
2019-03-27 14:45:00,14.84,14.84,14.84,14.84,140.0
2019-03-27 14:53:00,14.82,14.82,14.82,14.82,129.0
2019-03-27 14:56:00,14.835,14.835,14.83,14.83,404.0
2019-03-27 15:01:00,14.83,14.84,14.81,14.81,3875.0
2019-03-27 15:36:00,14.81,14.8103,14.81,14.8103,600.0
2019-03-27 16:00:00,14.81,14.81,14.75,14.8,3769.0
2019-03-28 09:31:00,14.8,14.8,14.8,14.8,0.0
2019-03-28 09:32:00,14.8,14.8,14.8,14.8,600.0
2019-03-28 09:35:00,14.8239,14.8239,14.8239,14.8239,790.0
2019-03-28 09:40:00,14.8,14.8,14.8,14.8,113.0
2019-03-28 09:46:00,14.8,14.8,14.8,14.8,2159.0
2019-03-28 10:21:00,14.82,14.8234,14.82,14.8234,3072.0
2019-03-28 10:56:00,14.8233,14.8233,14.8233,14.8233,210.0
2019-03-28 11:07:00,14.8299,14.8299,14.8299,14.8299,256.0
2019-03-28 11:08:00,14.8025,14.8046,14.8025,14.8046,3997.0
2019-03-28 11:13:00,14.815,14.815,14.815,14.815,179.0
2019-03-28 13:17:00,14.83,14.83,14.83,14.83,102.0
2019-03-28 13:20:00,14.83,14.83,14.83,14.83,203.0
2019-03-28 13:24:00,14.83,14.83,14.83,14.83,200.0
2019-03-28 13:28:00,14.83,14.83,14.83,14.83,302.0
2019-03-28 13:32:00,14.83,14.83,14.83,14.83,394.0
2019-03-28 13:36:00,14.83,14.83,14.83,14.83,229.0
2019-03-28 13:39:00,14.83,14.83,14.83,14.83,200.0
2019-03-28 13:43:00,14.83,14.83,14.83,14.83,300.0
2019-03-28 13:47:00,14.83,14.83,14.83,14.83,207.0
2019-03-28 13:51:00,14.83,14.83,14.83,14.83,400.0
2019-03-28 13:54:00,14.83,14.83,14.83,14.83,200.0
2019-03-28 13:58:00,14.83,14.83,14.83,14.83,200.0
2019-03-28 14:02:00,14.83,14.83,14.83,14.83,300.0
2019-03-28 14:04:00,14.83,14.83,14.83,14.83,120.0
2019-03-28 14:06:00,14.83,14.83,14.83,14.83,240.0
2019-03-28 14:10:00,14.84,14.84,14.83,14.83,567.0
2019-03-28 14:13:00,14.835,14.835,14.835,14.835,100.0
2019-03-28 14:14:00,14.84,14.84,14.84,14.84,401.0
2019-03-28 14:17:00,14.84,14.84,14.84,14.84,114.0
2019-03-28 14:18:00,14.83,14.83,14.83,14.83,637.0
2019-03-28 14:21:00,14.84,14.84,14.84,14.84,301.0
2019-03-28 14:23:00,14.84,14.84,14.84,14.84,1144.0
2019-03-28 14:25:00,14.84,14.84,14.84,14.84,502.0
2019-03-28 14:28:00,14.84,14.84,14.84,14.84,602.0
2019-03-28 14:32:00,14.84,14.84,14.84,14.84,640.0
2019-03-28 14:33:00,14.82,14.82,14.82,14.82,100.0
2019-03-28 14:35:00,14.8336,14.8398,14.8292,14.8398,11452.0
2019-03-28 14:38:00,14.84,14.84,14.84,14.84,1660.0
2019-03-28 14:39:00,14.84,14.84,14.84,14.84,9024.0
2019-03-28 14:40:00,14.85,14.85,14.85,14.85,240.0
2019-03-28 14:41:00,14.86,14.86,14.86,14.86,2220.0
2019-03-28 14:42:00,14.86,14.86,14.86,14.86,100.0
2019-03-28 14:43:00,14.8529,14.8529,14.8529,14.8529,500.0
2019-03-28 14:44:00,14.86,14.86,14.86,14.86,800.0
2019-03-28 14:45:00,14.86,14.86,14.8565,14.8565,200.0
2019-03-28 14:47:00,14.86,14.86,14.86,14.86,400.0
2019-03-28 14:51:00,14.86,14.86,14.86,14.86,300.0
2019-03-28 14:53:00,14.86,14.86,14.86,14.86,400.0
2019-03-28 14:55:00,14.86,14.86,14.86,14.86,200.0
2019-03-28 14:57:00,14.86,14.86,14.86,14.86,340.0
2019-03-28 15:00:00,14.86,14.86,14.86,14.86,100.0
2019-03-28 15:12:00,14.852,14.852,14.852,14.852,400.0
2019-03-28 15:20:00,14.851,14.851,14.851,14.851,338.0
2019-03-28 15:35:00,14.855,14.855,14.85,14.85,1629.0
2019-03-28 15:50:00,14.8518,14.8518,14.8518,14.8518,570.0
2019-03-28 16:00:00,14.85,14.85,14.85,14.85,0.0
2019-03-29 09:31:00,14.84,14.84,14.84,14.84,0.0
2019-03-29 09:34:00,14.84,14.84,14.84,14.84,1446.0
2019-03-29 09:53:00,14.84,14.84,14.84,14.84,2521.0
2019-03-29 09:56:00,14.8616,14.8616,14.84,14.84,982.0
2019-03-29 10:18:00,14.84,14.84,14.84,14.84,110.0
2019-03-29 10:48:00,14.8493,14.8493,14.84,14.84,468.0
2019-03-29 11:06:00,14.84,14.84,14.84,14.84,225.0
2019-03-29 11:13:00,14.83,14.83,14.83,14.83,168.0
2019-03-29 12:40:00,14.83,14.83,14.83,14.83,333.0
2019-03-29 12:45:00,14.81,14.81,14.8,14.8,3668.0
2019-03-29 14:12:00,14.82,14.82,14.81,14.81,200.0
2019-03-29 14:19:00,14.82,14.82,14.81,14.81,3205.0
2019-03-29 14:36:00,14.8215,14.8215,14.8215,14.8215,800.0
2019-03-29 14:39:00,14.825,14.825,14.81,14.81,7693.0
2019-03-29 14:44:00,14.82,14.82,14.82,14.82,213.0
2019-03-29 15:06:00,14.81,14.81,14.81,14.81,801.0
2019-03-29 15:25:00,14.81,14.82,14.81,14.8141,1000.0
2019-03-29 15:26:00,14.82,14.82,14.82,14.82,1146.0
2019-03-29 15:38:00,14.81,14.81,14.81,14.81,2310.0
2019-03-29 16:00:00,14.81,14.81,14.81,14.81,0.0
2019-04-01 09:31:00,14.81,14.81,14.81,14.81,0.0
2019-04-01 10:01:00,14.8748,14.8748,14.8748,14.8748,126.0
2019-04-01 10:03:00,14.87,14.87,14.87,14.87,200.0
2019-04-01 10:10:00,14.8564,14.8564,14.8564,14.8564,400.0
2019-04-01 10:18:00,14.87,14.87,14.87,14.87,100.0
2019-04-01 10:19:00,14.8566,14.8566,14.8566,14.8566,700.0
2019-04-01 10:41:00,14.8678,14.8678,14.8678,14.8678,548.0
2019-04-01 11:09:00,14.87,14.87,14.87,14.87,100.0
2019-04-01 11:25:00,14.87,14.87,14.87,14.87,330.0
2019-04-01 11:37:00,14.885,14.885,14.885,14.885,13948.0
2019-04-01 11:46:00,14.89,14.89,14.89,14.89,431.0
2019-04-01 12:42:00,14.9,14.9,14.9,14.9,500.0
2019-04-01 13:27:00,14.93,14.93,14.93,14.93,300.0
2019-04-01 13:37:00,14.92,14.92,14.92,14.92,480.0
2019-04-01 14:13:00,14.9227,14.9227,14.9227,14.9227,400.0
2019-04-01 14:15:00,14.9299,14.9299,14.9299,14.9299,1100.0
2019-04-01 14:16:00,14.93,14.93,14.93,14.93,551.0
2019-04-01 15:05:00,14.9524,14.9525,14.95,14.9525,4161.0
2019-04-01 15:17:00,14.96,14.96,14.96,14.96,100.0
2019-04-01 15:19:00,14.96,14.96,14.96,14.96,100.0
2019-04-01 15:21:00,14.95,14.95,14.95,14.95,761.0
2019-04-01 15:23:00,14.96,14.96,14.96,14.96,2708.0
2019-04-01 15:26:00,14.96,14.96,14.96,14.96,100.0
2019-04-01 15:28:00,14.96,14.96,14.96,14.96,100.0
2019-04-01 15:31:00,14.96,14.96,14.96,14.96,100.0
2019-04-01 15:33:00,14.96,14.96,14.96,14.96,100.0
2019-04-01 15:37:00,14.96,14.96,14.96,14.96,251.0
2019-04-01 15:41:00,14.98,14.98,14.98,14.98,790.0
2019-04-01 15:45:00,14.98,14.98,14.98,14.98,100.0
2019-04-01 15:46:00,14.98,14.98,14.98,14.98,100.0
2019-04-01 15:48:00,14.98,14.98,14.98,14.98,2620.0
2019-04-01 15:50:00,14.95,14.95,14.95,14.95,2440.0
2019-04-01 15:51:00,14.96,14.96,14.96,14.96,2332.0
2019-04-01 15:53:00,14.96,14.96,14.96,14.96,2200.0
2019-04-01 15:56:00,14.95,14.95,14.95,14.95,200.0
2019-04-01 15:57:00,14.95,14.95,14.95,14.95,200.0
2019-04-01 15:59:00,14.94,14.94,14.94,14.94,500.0
2019-04-01 16:00:00,14.9,14.9,14.9,14.9,3511.0
2019-04-02 09:31:00,14.9,14.9,14.9,14.9,0.0
2019-04-02 09:41:00,14.9,14.9,14.9,14.9,924.0
2019-04-02 09:51:00,14.97,14.97,14.97,14.97,100.0
2019-04-02 09:57:00,14.98,14.98,14.98,14.98,101.0
2019-04-02 10:05:00,14.97,14.97,14.97,14.97,100.0
2019-04-02 10:12:00,14.97,14.97,14.97,14.97,100.0
2019-04-02 10:15:00,14.96,14.96,14.96,14.96,100.0
2019-04-02 10:28:00,14.96,14.96,14.95,14.95,501.0
2019-04-02 10:36:00,14.94,14.95,14.94,14.95,300.0
2019-04-02 10:38:00,14.95,14.95,14.95,14.95,162.0
2019-04-02 10:44:00,14.94,14.94,14.94,14.94,500.0
2019-04-02 10:53:00,14.95,14.95,14.95,14.95,100.0
2019-04-02 10:56:00,14.94,14.94,14.94,14.94,118.0
2019-04-02 11:02:00,14.95,14.95,14.94,14.94,206.0
2019-04-02 11:09:00,14.94,14.94,14.94,14.94,106.0
2019-04-02 11:14:00,14.95,14.95,14.95,14.95,100.0
2019-04-02 11:21:00,14.94,14.94,14.94,14.94,205.0
2019-04-02 11:27:00,14.95,14.95,14.95,14.95,107.0
2019-04-02 11:36:00,14.94,14.94,14.94,14.94,100.0
2019-04-02 11:38:00,14.95,14.95,14.94,14.95,911.0
2019-04-02 11:47:00,14.95,14.95,14.95,14.95,100.0
2019-04-02 11:49:00,14.94,14.94,14.94,14.94,211.0
2019-04-02 12:03:00,14.95,14.95,14.94,14.94,950.0
2019-04-02 12:05:00,14.94,14.94,14.94,14.94,100.0
2019-04-02 12:24:00,14.95,14.95,14.95,14.95,100.0
2019-04-02 12:25:00,14.9401,14.9401,14.9401,14.9401,124.0
2019-04-02 12:40:00,14.95,14.95,14.95,14.95,184.0
2019-04-02 12:44:00,14.9401,14.9401,14.9401,14.9401,103.0
2019-04-02 12:57:00,14.95,14.95,14.95,14.95,100.0
2019-04-02 13:00:00,14.9401,14.9401,14.9401,14.9401,100.0
2019-04-02 13:14:00,14.95,14.95,14.95,14.95,1319.0
2019-04-02 13:17:00,14.95,14.96,14.95,14.96,1156.0
2019-04-02 13:38:00,14.96,14.96,14.96,14.96,168.0
2019-04-02 13:43:00,14.95,14.95,14.94,14.94,5359.0
2019-04-02 13:50:00,14.94,14.94,14.94,14.94,200.0
2019-04-02 14:01:00,14.95,14.95,14.95,14.95,100.0
2019-04-02 14:12:00,14.95,14.95,14.94,14.94,200.0
2019-04-02 14:16:00,14.9401,14.9401,14.9401,14.9401,100.0
2019-04-02 14:18:00,14.94,14.94,14.94,14.94,8700.0
2019-04-02 14:35:00,14.945,14.945,14.945,14.945,200.0
2019-04-02 14:42:00,14.94,14.94,14.94,14.94,100.0
2019-04-02 14:48:00,14.94,14.94,14.94,14.94,901.0
2019-04-02 14:56:00,14.94,14.94,14.94,14.94,134.0
2019-04-02 15:08:00,14.94,14.94,14.94,14.94,100.0
2019-04-02 15:20:00,14.94,14.94,14.94,14.94,212.0
2019-04-02 15:32:00,14.94,14.94,14.94,14.94,105.0
2019-04-02 15:42:00,14.94,14.94,14.94,14.94,100.0
2019-04-02 15:45:00,14.95,14.95,14.95,14.95,400.0
2019-04-02 15:49:00,14.94,14.94,14.94,14.94,130.0
2019-04-02 15:54:00,14.94,14.94,14.94,14.94,100.0
2019-04-02 15:56:00,14.945,14.945,14.945,14.945,1000.0
2019-04-02 15:57:00,14.945,14.945,14.945,14.945,1030.0
2019-04-02 15:58:00,14.94,14.94,14.94,14.94,100.0
2019-04-02 15:59:00,14.945,14.945,14.945,14.945,135.0
2019-04-02 16:00:00,14.94,14.9487,14.94,14.94,1596.0
2019-04-03 09:31:00,14.96,14.96,14.96,14.96,0.0
2019-04-03 09:34:00,14.95,14.95,14.95,14.95,500.0
2019-04-03 09:48:00,14.98,14.99,14.98,14.99,230.0
2019-04-03 10:01:00,14.98,14.98,14.98,14.98,2000.0
2019-04-03 10:03:00,15.0,15.0,15.0,15.0,1330.0
2019-04-03 10:10:00,15.01,15.01,15.01,15.01,100.0
2019-04-03 10:12:00,15.01,15.01,15.01,15.01,100.0
2019-04-03 10:15:00,15.01,15.01,15.01,15.01,100.0
2019-04-03 10:18:00,15.01,15.01,15.01,15.01,100.0
2019-04-03 10:21:00,15.0,15.0,15.0,15.0,100.0
2019-04-03 10:24:00,14.9937,15.0,14.9937,15.0,743.0
2019-04-03 10:26:00,15.01,15.01,15.01,15.01,100.0
2019-04-03 10:28:00,15.01,15.01,15.01,15.01,100.0
2019-04-03 10:30:00,15.02,15.02,15.02,15.02,150.0
2019-04-03 11:40:00,15.01,15.01,15.01,15.01,500.0
2019-04-03 11:43:00,15.01,15.01,15.01,15.01,1168.0
2019-04-03 11:45:00,15.02,15.02,15.02,15.02,200.0
2019-04-03 11:50:00,15.01,15.01,15.01,15.01,500.0
2019-04-03 11:55:00,15.0,15.01,14.98,14.98,8806.0
2019-04-03 11:56:00,14.98,14.98,14.98,14.98,16940.0
2019-04-03 11:58:00,14.97,14.97,14.95,14.96,6044.0
2019-04-03 11:59:00,14.97,14.97,14.97,14.97,300.0
2019-04-03 12:00:00,14.96,14.97,14.96,14.97,3243.0
2019-04-03 12:18:00,14.98,14.98,14.98,14.98,200.0
2019-04-03 12:43:00,14.9899,14.99,14.988,14.988,500.0
2019-04-03 12:44:00,14.99,15.0,14.99,14.999,1000.0
2019-04-03 12:47:00,14.995,15.0,14.995,15.0,1200.0
2019-04-03 13:00:00,15.0,15.0,15.0,15.0,231.0
2019-04-03 13:23:00,15.01,15.01,15.01,15.01,384.0
2019-04-03 13:35:00,15.02,15.02,15.02,15.02,100.0
2019-04-03 14:00:00,15.01,15.01,15.01,15.01,200.0
2019-04-03 14:14:00,15.0068,15.0068,15.0,15.0068,700.0
2019-04-03 14:15:00,15.0098,15.0098,15.0098,15.0098,400.0
2019-04-03 14:16:00,15.01,15.01,15.01,15.01,170.0
2019-04-03 14:19:00,15.016,15.016,15.016,15.016,150.0
2019-04-03 14:40:00,15.005,15.01,15.005,15.01,1282.0
2019-04-03 14:42:00,15.0,15.0,14.99,15.0,2839.0
2019-04-03 14:43:00,14.99,14.99,14.98,14.98,261.0
2019-04-03 14:50:00,14.9801,14.9801,14.9801,14.9801,300.0
2019-04-03 15:00:00,14.99,14.99,14.99,14.99,411.0
2019-04-03 15:15:00,14.98,14.98,14.98,14.98,300.0
2019-04-03 15:45:00,14.99,14.99,14.99,14.99,132.0
2019-04-03 15:50:00,14.99,14.99,14.99,14.99,800.0
2019-04-03 15:56:00,14.99,15.0,14.99,15.0,741.0
2019-04-03 15:57:00,15.0,15.0,14.99,15.0,1381.0
2019-04-03 15:59:00,15.0,15.0,15.0,15.0,200.0
2019-04-03 16:00:00,14.99,14.99,14.97,14.97,690.0
