
2019-03-19 09:55:00,49.36,49.36,49.36,49.36,0.0
2019-03-19 09:58:00,49.4,49.4,49.4,49.4,200.0
2019-03-19 10:48:00,49.3696,49.3696,49.3696,49.3696,100.0
2019-03-19 10:52:00,49.35,49.35,49.35,49.35,815.0
2019-03-19 12:50:00,49.37,49.37,49.37,49.37,250.0
2019-03-19 13:48:00,49.48,49.48,49.48,49.48,500.0
2019-03-19 14:15:00,49.4358,49.4358,49.4358,49.4358,202.0
2019-03-19 15:32:00,49.38,49.38,49.38,49.38,200.0
2019-03-19 15:44:00,49.328,49.328,49.328,49.328,370.0
2019-03-20 10:14:00,49.27,49.27,49.27,49.27,0.0
2019-03-20 10:24:00,49.25,49.25,49.25,49.25,501.0
2019-03-20 11:03:00,49.3,49.3,49.3,49.3,225.0
2019-03-20 12:35:00,49.15,49.15,49.15,49.15,1750.0
2019-03-22 09:49:00,49.04,49.04,49.04,49.04,0.0
2019-03-22 09:53:00,48.99,48.99,48.99,48.99,500.0
2019-03-22 10:15:00,48.91,48.91,48.91,48.91,400.0
2019-03-22 10:37:00,48.81,48.81,48.81,48.81,100.0
2019-03-22 10:39:00,48.92,48.92,48.92,48.92,1000.0
2019-03-22 10:59:00,48.81,48.81,48.81,48.81,500.0
2019-03-22 11:02:00,48.6201,48.6201,48.6201,48.6201,199.0
2019-03-22 12:41:00,48.51,48.51,48.51,48.51,438.0
2019-03-22 14:57:00,48.67,48.67,48.67,48.67,200.0
2019-03-25 09:31:00,48.31,48.31,48.31,48.31,0.0
2019-03-25 12:44:00,48.51,48.51,48.51,48.51,505.0
2019-03-26 09:35:00,48.728,48.728,48.728,48.728,0.0
2019-03-26 10:53:00,48.745,48.745,48.745,48.745,308.0
2019-03-27 09:31:00,48.29,48.29,48.29,48.29,0.0
2019-03-27 10:22:00,48.2325,48.2325,48.2325,48.2325,500.0
2019-03-27 10:28:00,48.22,48.22,48.22,48.22,401.0
2019-03-27 11:17:00,48.01,48.01,48.01,48.01,400.0
2019-03-27 11:35:00,47.9549,47.9549,47.9549,47.9549,100.0
2019-03-27 12:22:00,48.04,48.04,48.04,48.04,834.0
2019-03-27 12:23:00,48.05,48.05,48.05,48.05,820.0
2019-03-27 12:37:00,48.02,48.02,48.02,48.02,100.0
2019-03-27 13:24:00,48.1586,48.19,48.1586,48.19,947.0
2019-03-27 16:00:00,48.03,48.03,48.03,48.03,0.0
2019-03-28 14:34:00,48.402,48.402,48.3733,48.3733,0.0
2019-03-29 09:47:00,48.7116,48.7116,48.7116,48.7116,0.0
2019-04-01 09:48:00,49.1701,49.1701,49.1701,49.1701,0.0
2019-04-01 10:33:00,49.2451,49.2451,49.2451,49.2451,300.0
2019-04-01 12:40:00,49.3394,49.3394,49.3394,49.3394,250.0
2019-04-01 12:45:00,49.37,49.37,49.37,49.37,800.0
2019-04-01 15:46:00,49.3971,49.3971,49.3971,49.3971,238.0
2019-04-02 11:00:00,49.2858,49.2858,49.28,49.28,0.0
2019-04-03 10:13:00,49.805,49.805,49.805,49.805,584.0
2019-04-03 15:02:00,49.72,49.72,49.72,49.72,301.0
2019-04-03 15:07:00,49.69,49.69,49.69,49.69,200.0
2019-04-03 15:20:00,49.62,49.62,49.62,49.62,100.0
2019-04-03 15:21:00,49.61,49.61,49.61,49.61,100.0
2019-04-03 15:23:00,49.6,49.72,49.6,49.6,0.0
