
2019-03-19 09:31:00,34.49,34.49,34.49,34.49,0.0
2019-03-19 09:37:00,34.5175,34.5175,34.5175,34.5175,100.0
2019-03-19 09:39:00,34.5,34.5,34.5,34.5,200.0
2019-03-19 09:42:00,34.47,34.47,34.47,34.47,100.0
2019-03-19 09:48:00,34.4808,34.4808,34.4808,34.4808,186.0
2019-03-19 09:53:00,34.4971,34.4971,34.4649,34.4649,434.0
2019-03-19 09:57:00,34.4201,34.4201,34.4201,34.4201,813.0
2019-03-19 10:01:00,34.4699,34.4699,34.4699,34.4699,126.0
2019-03-19 10:06:00,34.4599,34.4599,34.4599,34.4599,1112.0
2019-03-19 10:09:00,34.42,34.42,34.42,34.42,309.0
2019-03-19 10:13:00,34.459,34.4599,34.459,34.4599,234.0
2019-03-19 10:16:00,34.46,34.46,34.46,34.46,100.0
2019-03-19 10:17:00,34.44,34.44,34.44,34.44,201.0
2019-03-19 10:26:00,34.46,34.46,34.46,34.46,278.0
2019-03-19 10:36:00,34.43,34.43,34.43,34.43,332.0
2019-03-19 10:38:00,34.4477,34.4795,34.4477,34.4795,990.0
2019-03-19 10:44:00,34.45,34.48,34.45,34.48,844.0
2019-03-19 10:45:00,34.45,34.45,34.45,34.45,158.0
2019-03-19 10:56:00,34.468,34.468,34.468,34.468,307.0
2019-03-19 10:57:00,34.4301,34.4301,34.4301,34.4301,685.0
2019-03-19 10:58:00,34.43,34.45,34.43,34.45,300.0
2019-03-19 11:02:00,34.45,34.45,34.41,34.41,1265.0
2019-03-19 11:10:00,34.4699,34.4699,34.4699,34.4699,1182.0
2019-03-19 11:15:00,34.4621,34.4621,34.4621,34.4621,320.0
2019-03-19 11:18:00,34.4799,34.4799,34.4799,34.4799,385.0
2019-03-19 11:21:00,34.4448,34.4448,34.4448,34.4448,206.0
2019-03-19 11:24:00,34.4799,34.4799,34.4799,34.4799,571.0
2019-03-19 11:34:00,34.46,34.46,34.46,34.46,530.0
2019-03-19 11:35:00,34.43,34.43,34.43,34.43,122.0
2019-03-19 11:44:00,34.4717,34.4717,34.4717,34.4717,905.0
2019-03-19 11:45:00,34.49,34.52,34.49,34.52,3925.0
2019-03-19 11:51:00,34.51,34.51,34.51,34.51,445.0
2019-03-19 11:53:00,34.51,34.51,34.51,34.51,114.0
2019-03-19 12:04:00,34.56,34.56,34.56,34.56,100.0
2019-03-19 12:09:00,34.538,34.5584,34.538,34.5584,367.0
2019-03-19 12:17:00,34.5394,34.5394,34.5394,34.5394,1061.0
2019-03-19 12:47:00,34.52,34.52,34.52,34.52,112.0
2019-03-19 12:53:00,34.4148,34.4148,34.4148,34.4148,588.0
2019-03-19 13:13:00,34.475,34.475,34.475,34.475,100.0
2019-03-19 13:25:00,34.5199,34.5199,34.5199,34.5199,510.0
2019-03-19 13:27:00,34.5001,34.52,34.5001,34.52,236.0
2019-03-19 13:36:00,34.5199,34.52,34.5199,34.52,596.0
2019-03-19 13:37:00,34.54,34.54,34.54,34.54,146.0
2019-03-19 13:40:00,34.5306,34.5306,34.5306,34.5306,289.0
2019-03-19 13:50:00,34.51,34.51,34.51,34.51,100.0
2019-03-19 13:51:00,34.51,34.52,34.51,34.52,400.0
2019-03-19 13:52:00,34.52,34.52,34.52,34.52,329.0
2019-03-19 13:54:00,34.52,34.525,34.52,34.525,844.0
2019-03-19 13:56:00,34.53,34.53,34.53,34.53,101.0
2019-03-19 14:01:00,34.53,34.53,34.53,34.53,654.0
2019-03-19 14:02:00,34.539,34.539,34.539,34.539,100.0
2019-03-19 14:04:00,34.53,34.53,34.53,34.53,283.0
2019-03-19 14:08:00,34.54,34.54,34.535,34.535,500.0
2019-03-19 14:09:00,34.54,34.54,34.53,34.535,500.0
2019-03-19 14:10:00,34.53,34.53,34.53,34.53,300.0
2019-03-19 14:11:00,34.53,34.53,34.53,34.53,696.0
2019-03-19 14:12:00,34.495,34.51,34.495,34.51,426.0
2019-03-19 14:14:00,34.516,34.516,34.516,34.516,566.0
2019-03-19 14:24:00,34.5058,34.51,34.5058,34.51,383.0
2019-03-19 14:30:00,34.5,34.5,34.5,34.5,110.0
2019-03-19 14:37:00,34.53,34.53,34.53,34.53,100.0
2019-03-19 14:39:00,34.53,34.53,34.53,34.53,850.0
2019-03-19 14:45:00,34.54,34.54,34.53,34.53,201.0
2019-03-19 14:52:00,34.54,34.54,34.54,34.54,144.0
2019-03-19 14:59:00,34.535,34.535,34.535,34.535,102.0
2019-03-19 15:06:00,34.53,34.53,34.53,34.53,100.0
2019-03-19 15:09:00,34.53,34.54,34.52,34.52,2080.0
2019-03-19 15:13:00,34.525,34.525,34.525,34.525,100.0
2019-03-19 15:15:00,34.51,34.51,34.51,34.51,500.0
2019-03-19 15:20:00,34.4906,34.4906,34.4906,34.4906,1007.0
2019-03-19 15:23:00,34.485,34.485,34.485,34.485,100.0
2019-03-19 15:24:00,34.48,34.48,34.48,34.48,100.0
2019-03-19 15:28:00,34.475,34.475,34.475,34.475,100.0
2019-03-19 15:29:00,34.4679,34.4679,34.4679,34.4679,745.0
2019-03-19 15:32:00,34.46,34.46,34.46,34.46,100.0
2019-03-19 15:33:00,34.44,34.44,34.44,34.44,196.0
2019-03-19 15:37:00,34.44,34.44,34.44,34.44,135.0
2019-03-19 15:41:00,34.44,34.44,34.44,34.44,100.0
2019-03-19 15:42:00,34.4403,34.4403,34.4403,34.4403,163.0
2019-03-19 15:46:00,34.435,34.435,34.435,34.435,100.0
2019-03-19 15:47:00,34.44,34.45,34.43,34.43,3759.0
2019-03-19 15:48:00,34.435,34.435,34.435,34.435,235.0
2019-03-19 15:50:00,34.43,34.445,34.43,34.445,600.0
2019-03-19 15:53:00,34.42,34.44,34.42,34.44,904.0
2019-03-19 15:55:00,34.44,34.44,34.44,34.44,100.0
2019-03-19 15:56:00,34.43,34.43,34.43,34.43,5128.0
2019-03-19 15:57:00,34.43,34.43,34.43,34.43,100.0
2019-03-19 15:58:00,34.445,34.445,34.445,34.445,140.0
2019-03-19 15:59:00,34.445,34.445,34.445,34.445,100.0
2019-03-19 16:00:00,34.42,34.42,34.42,34.42,594.0
2019-03-20 09:31:00,34.37,34.37,34.33,34.33,0.0
2019-03-20 09:38:00,34.39,34.39,34.39,34.39,300.0
2019-03-20 10:02:00,34.29,34.29,34.29,34.29,530.0
2019-03-20 10:04:00,34.33,34.33,34.33,34.33,2073.0
2019-03-20 10:05:00,34.33,34.33,34.33,34.33,1900.0
2019-03-20 10:06:00,34.3496,34.3496,34.3496,34.3496,429.0
2019-03-20 10:07:00,34.325,34.325,34.325,34.325,1043.0
2019-03-20 10:09:00,34.34,34.34,34.34,34.34,254.0
2019-03-20 10:21:00,34.32,34.32,34.32,34.32,155.0
2019-03-20 10:29:00,34.34,34.34,34.34,34.34,1835.0
2019-03-20 10:30:00,34.33,34.33,34.33,34.33,150.0
2019-03-20 10:32:00,34.33,34.33,34.33,34.33,150.0
2019-03-20 10:35:00,34.34,34.34,34.34,34.34,128.0
2019-03-20 10:40:00,34.3355,34.3355,34.3355,34.3355,1638.0
2019-03-20 10:41:00,34.33,34.33,34.33,34.33,134.0
2019-03-20 10:44:00,34.33,34.33,34.32,34.32,300.0
2019-03-20 10:45:00,34.33,34.33,34.33,34.33,1110.0
2019-03-20 10:47:00,34.34,34.3499,34.34,34.3499,200.0
2019-03-20 10:49:00,34.335,34.335,34.335,34.335,290.0
2019-03-20 10:54:00,34.3599,34.3599,34.3599,34.3599,129.0
2019-03-20 10:56:00,34.36,34.36,34.36,34.36,13000.0
2019-03-20 10:57:00,34.3572,34.3599,34.3571,34.3599,1418.0
2019-03-20 10:58:00,34.35,34.35,34.35,34.35,300.0
2019-03-20 10:59:00,34.35,34.35,34.35,34.35,400.0
2019-03-20 11:00:00,34.34,34.34,34.34,34.34,700.0
2019-03-20 11:01:00,34.35,34.35,34.35,34.35,100.0
2019-03-20 11:02:00,34.3728,34.3728,34.3728,34.3728,174.0
2019-03-20 11:04:00,34.38,34.38,34.3625,34.3625,336.0
2019-03-20 11:06:00,34.38,34.38,34.38,34.38,120.0
2019-03-20 11:07:00,34.36,34.36,34.35,34.36,10433.0
2019-03-20 11:08:00,34.36,34.36,34.36,34.36,1667.0
2019-03-20 11:09:00,34.38,34.38,34.36,34.36,300.0
2019-03-20 11:11:00,34.38,34.38,34.38,34.38,101.0
2019-03-20 11:14:00,34.355,34.37,34.355,34.37,300.0
2019-03-20 11:17:00,34.37,34.37,34.37,34.37,138.0
2019-03-20 11:18:00,34.355,34.355,34.355,34.355,193.0
2019-03-20 11:19:00,34.37,34.37,34.37,34.37,101.0
2019-03-20 11:20:00,34.37,34.38,34.3687,34.3687,602.0
2019-03-20 11:21:00,34.36,34.36,34.36,34.36,1200.0
2019-03-20 11:22:00,34.38,34.38,34.38,34.38,100.0
2019-03-20 11:25:00,34.38,34.38,34.38,34.38,154.0
2019-03-20 11:27:00,34.38,34.38,34.38,34.38,144.0
2019-03-20 11:30:00,34.37,34.37,34.37,34.37,111.0
2019-03-20 11:33:00,34.37,34.37,34.37,34.37,100.0
2019-03-20 11:35:00,34.34,34.34,34.34,34.34,300.0
2019-03-20 11:36:00,34.34,34.36,34.34,34.34,475.0
2019-03-20 11:38:00,34.36,34.36,34.36,34.36,130.0
2019-03-20 11:40:00,34.33,34.33,34.33,34.33,709.0
2019-03-20 11:44:00,34.3016,34.3016,34.3016,34.3016,238.0
2019-03-20 11:53:00,34.29,34.31,34.29,34.31,200.0
2019-03-20 11:55:00,34.29,34.29,34.29,34.29,100.0
2019-03-20 11:58:00,34.28,34.28,34.28,34.28,100.0
2019-03-20 12:01:00,34.28,34.28,34.28,34.28,100.0
2019-03-20 12:04:00,34.28,34.28,34.28,34.28,120.0
2019-03-20 12:07:00,34.28,34.28,34.28,34.28,100.0
2019-03-20 12:08:00,34.2619,34.2619,34.2619,34.2619,300.0
2019-03-20 12:10:00,34.29,34.29,34.29,34.29,100.0
2019-03-20 12:13:00,34.29,34.29,34.29,34.29,100.0
2019-03-20 12:16:00,34.29,34.29,34.29,34.29,100.0
2019-03-20 12:23:00,34.29,34.29,34.2555,34.2555,345.0
2019-03-20 12:24:00,34.2691,34.2691,34.2691,34.2691,237.0
2019-03-20 12:26:00,34.28,34.28,34.28,34.28,100.0
2019-03-20 12:29:00,34.29,34.29,34.29,34.29,100.0
2019-03-20 12:32:00,34.29,34.29,34.29,34.29,100.0
2019-03-20 12:33:00,34.25,34.25,34.21,34.21,1011.0
2019-03-20 12:35:00,34.19,34.19,34.19,34.19,270.0
2019-03-20 12:41:00,34.2,34.2,34.2,34.2,100.0
2019-03-20 12:44:00,34.21,34.21,34.2008,34.2008,800.0
2019-03-20 12:45:00,34.22,34.22,34.22,34.22,154.0
2019-03-20 12:48:00,34.23,34.23,34.23,34.23,100.0
2019-03-20 12:51:00,34.23,34.23,34.23,34.23,9683.0
2019-03-20 12:52:00,34.24,34.24,34.24,34.24,124.0
2019-03-20 12:55:00,34.24,34.24,34.24,34.24,100.0
2019-03-20 12:58:00,34.23,34.23,34.23,34.23,101.0
2019-03-20 13:02:00,34.24,34.24,34.24,34.24,100.0
2019-03-20 13:05:00,34.25,34.25,34.25,34.25,100.0
2019-03-20 13:07:00,34.2094,34.2094,34.2094,34.2094,409.0
2019-03-20 13:09:00,34.25,34.25,34.25,34.25,100.0
2019-03-20 13:12:00,34.25,34.25,34.2186,34.2186,305.0
2019-03-20 13:14:00,34.27,34.27,34.27,34.27,540.0
2019-03-20 13:15:00,34.24,34.26,34.24,34.26,306.0
2019-03-20 13:18:00,34.26,34.26,34.26,34.26,100.0
2019-03-20 13:19:00,34.2415,34.2415,34.2415,34.2415,290.0
2019-03-20 13:22:00,34.25,34.25,34.25,34.25,102.0
2019-03-20 13:25:00,34.25,34.25,34.25,34.25,100.0
2019-03-20 13:28:00,34.25,34.25,34.25,34.25,123.0
2019-03-20 13:31:00,34.25,34.25,34.25,34.25,100.0
2019-03-20 13:35:00,34.26,34.26,34.26,34.26,100.0
2019-03-20 13:36:00,34.2599,34.2599,34.2599,34.2599,160.0
2019-03-20 13:38:00,34.27,34.27,34.27,34.27,100.0
2019-03-20 13:41:00,34.2645,34.27,34.2645,34.27,930.0
2019-03-20 13:45:00,34.27,34.27,34.27,34.27,100.0
2019-03-20 13:47:00,34.2559,34.2559,34.2559,34.2559,200.0
2019-03-20 13:48:00,34.27,34.27,34.27,34.27,111.0
2019-03-20 13:51:00,34.3,34.3,34.3,34.3,106.0
2019-03-20 13:54:00,34.3,34.3,34.3,34.3,230.0
2019-03-20 13:57:00,34.33,34.33,34.28,34.28,204.0
2019-03-20 13:59:00,34.32,34.32,34.32,34.32,224.0
2019-03-20 14:00:00,34.33,34.33,34.33,34.33,213.0
2019-03-20 14:02:00,34.4,34.49,34.4,34.49,1308.0
2019-03-20 14:03:00,34.54,34.6223,34.5267,34.6223,1792.0
2019-03-20 14:05:00,34.66,34.66,34.57,34.57,500.0
2019-03-20 14:06:00,34.58,34.6,34.58,34.59,5900.0
2019-03-20 14:07:00,34.67,34.67,34.6,34.6,300.0
2019-03-20 14:08:00,34.59,34.6,34.59,34.6,318.0
2019-03-20 14:10:00,34.5484,34.5484,34.5484,34.5484,1141.0
2019-03-20 14:12:00,34.6268,34.6268,34.6268,34.6268,210.0
2019-03-20 14:13:00,34.61,34.61,34.61,34.61,900.0
2019-03-20 14:15:00,34.6145,34.6145,34.6145,34.6145,102.0
2019-03-20 14:21:00,34.63,34.66,34.63,34.66,424.0
2019-03-20 14:23:00,34.64,34.64,34.61,34.61,700.0
2019-03-20 14:24:00,34.61,34.68,34.61,34.68,15567.0
2019-03-20 14:25:00,34.66,34.66,34.63,34.64,8900.0
2019-03-20 14:26:00,34.64,34.6615,34.64,34.6615,2585.0
2019-03-20 14:27:00,34.6715,34.6999,34.6715,34.6829,1353.0
2019-03-20 14:33:00,34.7,34.7,34.7,34.7,347.0
2019-03-20 14:34:00,34.74,34.75,34.74,34.75,400.0
2019-03-20 14:35:00,34.75,34.765,34.75,34.765,900.0
2019-03-20 14:36:00,34.74,34.74,34.74,34.74,500.0
2019-03-20 14:37:00,34.74,34.75,34.74,34.75,500.0
2019-03-20 14:41:00,34.76,34.76,34.76,34.76,824.0
2019-03-20 14:42:00,34.75,34.75,34.74,34.74,715.0
2019-03-20 14:47:00,34.74,34.74,34.74,34.74,301.0
2019-03-20 14:53:00,34.78,34.81,34.78,34.81,400.0
2019-03-20 14:55:00,34.79,34.79,34.76,34.76,620.0
2019-03-20 14:56:00,34.75,34.75,34.75,34.75,200.0
2019-03-20 14:57:00,34.77,34.77,34.77,34.77,100.0
2019-03-20 14:59:00,34.76,34.77,34.76,34.77,200.0
2019-03-20 15:01:00,34.81,34.81,34.81,34.81,100.0
2019-03-20 15:04:00,34.765,34.765,34.765,34.765,0.0
2019-03-20 15:05:00,34.76,34.76,34.76,34.76,115766.0
2019-03-20 15:06:00,34.74,34.74,34.74,34.74,730.0
2019-03-20 15:14:00,34.72,34.7394,34.72,34.72,3300.0
2019-03-20 15:18:00,34.74,34.74,34.74,34.74,100.0
2019-03-20 15:20:00,34.74,34.74,34.725,34.725,217.0
2019-03-20 15:22:00,34.74,34.74,34.74,34.74,100.0
2019-03-20 15:24:00,34.73,34.73,34.73,34.73,100.0
2019-03-20 15:25:00,34.71,34.71,34.71,34.71,100.0
2019-03-20 15:26:00,34.7,34.7,34.7,34.7,938.0
2019-03-20 15:29:00,34.65,34.65,34.65,34.65,400.0
2019-03-20 15:30:00,34.65,34.65,34.65,34.65,348.0
2019-03-20 15:31:00,34.6626,34.6626,34.6626,34.6626,983.0
2019-03-20 15:32:00,34.65,34.65,34.62,34.62,1724.0
2019-03-20 15:35:00,34.57,34.57,34.57,34.57,584.0
2019-03-20 15:40:00,34.6099,34.6099,34.6099,34.6099,175.0
2019-03-20 15:41:00,34.61,34.61,34.61,34.61,100.0
2019-03-20 15:42:00,34.61,34.61,34.61,34.61,100.0
2019-03-20 15:44:00,34.61,34.61,34.61,34.61,100.0
2019-03-20 15:45:00,34.615,34.6308,34.615,34.62,1495.0
2019-03-20 15:46:00,34.64,34.64,34.64,34.64,202.0
2019-03-20 15:47:00,34.61,34.66,34.61,34.66,300.0
2019-03-20 15:48:00,34.63,34.63,34.62,34.62,828.0
2019-03-20 15:49:00,34.67,34.67,34.67,34.67,100.0
2019-03-20 15:50:00,34.645,34.645,34.63,34.63,400.0
2019-03-20 15:52:00,34.65,34.65,34.65,34.65,200.0
2019-03-20 15:53:00,34.635,34.65,34.635,34.65,200.0
2019-03-20 15:54:00,34.63,34.63,34.57,34.57,2600.0
2019-03-20 15:55:00,34.58,34.58,34.58,34.58,100.0
2019-03-20 15:56:00,34.58,34.58,34.58,34.58,218.0
2019-03-20 15:58:00,34.595,34.595,34.595,34.595,189.0
2019-03-20 15:59:00,34.58,34.595,34.58,34.58,700.0
2019-03-20 16:00:00,34.6,34.6,34.53,34.58,1005.0
2019-03-21 09:31:00,34.38,34.38,34.38,34.38,0.0
2019-03-21 09:36:00,34.45,34.45,34.45,34.45,125.0
2019-03-21 09:38:00,34.46,34.46,34.46,34.46,200.0
2019-03-21 09:47:00,34.44,34.44,34.44,34.44,700.0
2019-03-21 09:59:00,34.44,34.44,34.44,34.44,200.0
2019-03-21 10:04:00,34.4242,34.4242,34.4242,34.4242,215.0
2019-03-21 10:07:00,34.4707,34.4707,34.4707,34.4707,138.0
2019-03-21 10:13:00,34.4899,34.4899,34.4899,34.4899,561.0
2019-03-21 10:16:00,34.4773,34.4773,34.4773,34.4773,290.0
2019-03-21 10:22:00,34.38,34.38,34.38,34.38,225.0
2019-03-21 10:29:00,34.4899,34.4899,34.4899,34.4899,376.0
2019-03-21 10:33:00,34.44,34.44,34.44,34.44,267.0
2019-03-21 10:46:00,34.4,34.4,34.4,34.4,103.0
2019-03-21 10:50:00,34.38,34.38,34.38,34.38,126.0
2019-03-21 11:11:00,34.4999,34.4999,34.4999,34.4999,746.0
2019-03-21 11:37:00,34.4384,34.4384,34.4384,34.4384,500.0
2019-03-21 12:53:00,34.375,34.375,34.375,34.375,773.0
2019-03-21 12:54:00,34.37,34.37,34.37,34.37,100.0
2019-03-21 12:59:00,34.38,34.38,34.38,34.38,5545.0
2019-03-21 13:07:00,34.422,34.422,34.422,34.422,2138.0
2019-03-21 13:11:00,34.4237,34.4237,34.4237,34.4237,1079.0
2019-03-21 13:16:00,34.425,34.425,34.425,34.425,1260.0
2019-03-21 13:18:00,34.4,34.4,34.4,34.4,400.0
2019-03-21 13:21:00,34.4,34.4,34.4,34.4,200.0
2019-03-21 13:23:00,34.4068,34.4068,34.4068,34.4068,268.0
2019-03-21 13:31:00,34.4178,34.4178,34.4178,34.4178,366.0
2019-03-21 13:41:00,34.43,34.43,34.43,34.43,536.0
2019-03-21 13:57:00,34.4642,34.4642,34.4642,34.4642,1533.0
2019-03-21 14:00:00,34.46,34.46,34.46,34.46,205.0
2019-03-21 14:09:00,34.47,34.47,34.47,34.47,199.0
2019-03-21 14:16:00,34.52,34.52,34.52,34.52,100.0
2019-03-21 14:20:00,34.52,34.52,34.52,34.52,398.0
2019-03-21 14:25:00,34.53,34.53,34.53,34.53,109.0
2019-03-21 14:30:00,34.56,34.56,34.56,34.56,251.0
2019-03-21 14:31:00,34.5606,34.5606,34.5606,34.5606,1301.0
2019-03-21 14:34:00,34.5119,34.57,34.5119,34.52,8924.0
2019-03-21 14:36:00,34.545,34.545,34.545,34.545,957.0
2019-03-21 14:40:00,34.5545,34.5545,34.5545,34.5545,201.0
2019-03-21 14:42:00,34.545,34.545,34.545,34.545,100.0
2019-03-21 14:45:00,34.545,34.545,34.53,34.53,396.0
2019-03-21 14:48:00,34.55,34.55,34.55,34.55,102.0
2019-03-21 14:53:00,34.5599,34.5599,34.5599,34.5599,231.0
2019-03-21 14:57:00,34.57,34.57,34.57,34.57,200.0
2019-03-21 15:00:00,34.565,34.565,34.565,34.565,100.0
2019-03-21 15:04:00,34.5575,34.5575,34.5575,34.5575,2507.0
2019-03-21 15:05:00,34.55,34.55,34.55,34.55,801.0
2019-03-21 15:07:00,34.55,34.55,34.55,34.55,639.0
2019-03-21 15:10:00,34.57,34.57,34.57,34.57,400.0
2019-03-21 15:11:00,34.585,34.585,34.585,34.585,1015.0
2019-03-21 15:18:00,34.555,34.555,34.555,34.555,200.0
2019-03-21 15:21:00,34.55,34.55,34.55,34.55,480.0
2019-03-21 15:22:00,34.5799,34.5799,34.5799,34.5799,100.0
2019-03-21 15:24:00,34.5799,34.5799,34.5799,34.5799,143.0
2019-03-21 15:28:00,34.5799,34.5799,34.5799,34.5799,234.0
2019-03-21 15:30:00,34.5799,34.5799,34.5799,34.5799,103.0
2019-03-21 15:32:00,34.56,34.56,34.56,34.56,168.0
2019-03-21 15:35:00,34.57,34.57,34.57,34.57,290.0
2019-03-21 15:36:00,34.56,34.56,34.56,34.56,100.0
2019-03-21 15:37:00,34.56,34.56,34.56,34.56,100.0
2019-03-21 15:39:00,34.5799,34.5799,34.5799,34.5799,1398.0
2019-03-21 15:41:00,34.56,34.56,34.56,34.56,200.0
2019-03-21 15:42:00,34.56,34.56,34.56,34.56,108.0
2019-03-21 15:45:00,34.5799,34.5799,34.5799,34.5799,400.0
2019-03-21 15:47:00,34.565,34.565,34.565,34.565,201.0
2019-03-21 15:49:00,34.565,34.565,34.565,34.565,200.0
2019-03-21 15:50:00,34.565,34.565,34.565,34.565,322.0
2019-03-21 15:51:00,34.565,34.565,34.565,34.565,115.0
2019-03-21 15:54:00,34.57,34.57,34.57,34.57,940.0
2019-03-21 15:55:00,34.5799,34.5799,34.5799,34.5799,200.0
2019-03-21 15:56:00,34.5799,34.5799,34.5799,34.5799,100.0
2019-03-21 15:58:00,34.5799,34.5799,34.5799,34.5799,451.0
2019-03-21 15:59:00,34.5799,34.5799,34.5799,34.5799,2682.0
2019-03-21 16:00:00,34.59,34.59,34.59,34.59,1234.0
2019-03-22 09:31:00,34.06,34.06,34.06,34.06,0.0
2019-03-22 09:33:00,34.173,34.173,34.1486,34.1486,951.0
2019-03-22 09:47:00,34.16,34.16,34.16,34.16,245.0
2019-03-22 09:51:00,34.13,34.13,34.106,34.106,940.0
2019-03-22 09:58:00,33.9763,33.9763,33.9763,33.9763,322.0
2019-03-22 10:00:00,34.03,34.03,34.03,34.03,100.0
2019-03-22 10:01:00,34.0418,34.0418,34.0418,34.0418,975.0
2019-03-22 10:04:00,34.03,34.05,34.03,34.03,7558.0
2019-03-22 10:09:00,33.98,33.98,33.98,33.98,100.0
2019-03-22 10:10:00,34.0,34.0,34.0,34.0,158.0
2019-03-22 10:11:00,34.015,34.015,34.015,34.015,232.0
2019-03-22 10:16:00,34.0399,34.0399,34.0399,34.0399,1005.0
2019-03-22 10:17:00,33.98,33.98,33.98,33.98,111.0
2019-03-22 10:20:00,34.04,34.04,34.02,34.02,1494.0
2019-03-22 10:28:00,34.04,34.04,34.04,34.04,205.0
2019-03-22 10:29:00,33.968,33.968,33.968,33.968,603.0
2019-03-22 10:34:00,33.95,33.95,33.95,33.95,156.0
2019-03-22 10:41:00,33.9864,33.9864,33.9864,33.9864,114.0
2019-03-22 10:43:00,33.9329,33.9329,33.9329,33.9329,464.0
2019-03-22 10:50:00,33.9992,33.9992,33.9992,33.9992,338.0
2019-03-22 10:54:00,33.9544,33.9544,33.9544,33.9544,4709.0
2019-03-22 10:55:00,33.94,33.94,33.94,33.94,200.0
2019-03-22 11:00:00,33.93,33.95,33.92,33.92,21714.0
2019-03-22 11:01:00,33.92,33.92,33.885,33.885,7131.0
2019-03-22 11:02:00,33.895,33.895,33.895,33.895,1931.0
2019-03-22 11:04:00,33.89,33.89,33.89,33.89,204.0
2019-03-22 11:10:00,33.9399,33.9399,33.9399,33.9399,468.0
2019-03-22 11:19:00,33.91,33.91,33.91,33.91,400.0
2019-03-22 11:21:00,33.9307,33.9307,33.9307,33.9307,194.0
2019-03-22 11:36:00,33.87,33.87,33.87,33.87,1735.0
2019-03-22 11:40:00,33.81,33.866,33.81,33.866,484.0
2019-03-22 11:52:00,33.75,33.75,33.75,33.75,258.0
2019-03-22 11:56:00,33.7786,33.7786,33.7786,33.7786,100.0
2019-03-22 12:01:00,33.76,33.76,33.76,33.76,822.0
2019-03-22 12:02:00,33.77,33.77,33.77,33.77,200.0
2019-03-22 12:08:00,33.8,33.8,33.8,33.8,140.0
2019-03-22 12:13:00,33.8099,33.8099,33.8099,33.8099,303.0
2019-03-22 12:21:00,33.8,33.8,33.8,33.8,210.0
2019-03-22 12:36:00,33.8115,33.8115,33.8115,33.8115,467.0
2019-03-22 12:38:00,33.798,33.8,33.798,33.8,540.0
2019-03-22 12:42:00,33.7679,33.7679,33.7679,33.7679,155.0
2019-03-22 12:44:00,33.75,33.75,33.75,33.75,600.0
2019-03-22 12:45:00,33.75,33.75,33.75,33.75,300.0
2019-03-22 12:47:00,33.76,33.765,33.76,33.76,787.0
2019-03-22 12:49:00,33.75,33.75,33.75,33.75,226.0
2019-03-22 12:50:00,33.75,33.7599,33.75,33.75,600.0
2019-03-22 12:51:00,33.76,33.76,33.75,33.755,1324.0
2019-03-22 12:53:00,33.76,33.76,33.76,33.76,200.0
2019-03-22 12:57:00,33.76,33.76,33.76,33.76,100.0
2019-03-22 12:58:00,33.7823,33.7823,33.7823,33.7823,307.0
2019-03-22 13:02:00,33.8131,33.8131,33.8131,33.8131,118.0
2019-03-22 13:03:00,33.8051,33.8051,33.8051,33.8051,1776.0
2019-03-22 13:09:00,33.8085,33.8085,33.8085,33.8085,302.0
2019-03-22 13:16:00,33.81,33.81,33.805,33.805,368.0
2019-03-22 13:21:00,33.79,33.79,33.78,33.79,2727.0
2019-03-22 13:27:00,33.8052,33.8052,33.8052,33.8052,595.0
2019-03-22 13:28:00,33.7934,33.7934,33.7934,33.7934,200.0
2019-03-22 13:29:00,33.79,33.79,33.79,33.79,100.0
2019-03-22 13:31:00,33.81,33.81,33.81,33.81,200.0
2019-03-22 13:32:00,33.81,33.81,33.81,33.81,427.0
2019-03-22 13:40:00,33.8,33.8,33.8,33.8,169.0
2019-03-22 13:57:00,33.78,33.805,33.78,33.805,2630.0
2019-03-22 13:58:00,33.78,33.79,33.78,33.79,3765.0
2019-03-22 14:01:00,33.78,33.78,33.78,33.78,939.0
2019-03-22 14:03:00,33.79,33.79,33.79,33.79,100.0
2019-03-22 14:05:00,33.79,33.79,33.79,33.79,313.0
2019-03-22 14:06:00,33.83,33.83,33.79,33.79,315.0
2019-03-22 14:08:00,33.7801,33.8,33.7801,33.8,226.0
2019-03-22 14:09:00,33.8,33.8,33.8,33.8,100.0
2019-03-22 14:11:00,33.79,33.79,33.79,33.79,200.0
2019-03-22 14:12:00,33.79,33.79,33.79,33.79,902.0
2019-03-22 14:16:00,33.79,33.79,33.79,33.79,900.0
2019-03-22 14:24:00,33.8149,33.8149,33.8149,33.8149,154.0
2019-03-22 14:30:00,33.8385,33.8699,33.8385,33.8595,1979.0
2019-03-22 14:31:00,33.816,33.816,33.816,33.816,697.0
2019-03-22 14:35:00,33.81,33.81,33.8,33.8,274.0
2019-03-22 14:37:00,33.82,33.82,33.82,33.82,200.0
2019-03-22 14:41:00,33.82,33.82,33.82,33.82,500.0
2019-03-22 14:42:00,33.82,33.82,33.82,33.82,200.0
2019-03-22 14:43:00,33.82,33.82,33.82,33.82,200.0
2019-03-22 14:44:00,33.82,33.835,33.82,33.835,2900.0
2019-03-22 14:45:00,33.835,33.835,33.835,33.835,380.0
2019-03-22 14:50:00,33.82,33.82,33.82,33.82,100.0
2019-03-22 14:53:00,33.85,33.85,33.85,33.85,697.0
2019-03-22 14:56:00,33.865,33.87,33.85,33.865,435.0
2019-03-22 14:57:00,33.85,33.85,33.85,33.85,255.0
2019-03-22 14:59:00,33.8616,33.8616,33.8616,33.8616,724.0
2019-03-22 15:00:00,33.8155,33.8155,33.8155,33.8155,214.0
2019-03-22 15:04:00,33.8466,33.8466,33.8466,33.8466,576.0
2019-03-22 15:14:00,33.81,33.81,33.81,33.81,187.0
2019-03-22 15:15:00,33.79,33.79,33.79,33.79,213.0
2019-03-22 15:18:00,33.8116,33.816,33.8116,33.816,1014.0
2019-03-22 15:19:00,33.81,33.81,33.79,33.79,231.0
2019-03-22 15:21:00,33.805,33.805,33.805,33.805,119.0
2019-03-22 15:27:00,33.8,33.8,33.8,33.8,101.0
2019-03-22 15:29:00,33.7801,33.7801,33.78,33.78,752.0
2019-03-22 15:30:00,33.78,33.78,33.78,33.78,1199.0
2019-03-22 15:31:00,33.78,33.785,33.78,33.785,3877.0
2019-03-22 15:32:00,33.78,33.785,33.78,33.78,7480.0
2019-03-22 15:33:00,33.785,33.785,33.78,33.78,1125.0
2019-03-22 15:34:00,33.785,33.79,33.78,33.78,1661.0
2019-03-22 15:35:00,33.78,33.7801,33.78,33.78,1250.0
2019-03-22 15:36:00,33.78,33.78,33.78,33.78,215.0
2019-03-22 15:37:00,33.78,33.78,33.78,33.78,1395.0
2019-03-22 15:38:00,33.78,33.78,33.78,33.78,1000.0
2019-03-22 15:39:00,33.78,33.78,33.78,33.78,4938.0
2019-03-22 15:42:00,33.79,33.79,33.79,33.79,559.0
2019-03-22 15:43:00,33.78,33.78,33.78,33.78,400.0
2019-03-22 15:44:00,33.78,33.78,33.78,33.78,2783.0
2019-03-22 15:46:00,33.78,33.79,33.78,33.79,2343.0
2019-03-22 15:47:00,33.78,33.78,33.78,33.78,1300.0
2019-03-22 15:48:00,33.79,33.79,33.79,33.79,200.0
2019-03-22 15:49:00,33.79,33.79,33.78,33.78,1003.0
2019-03-22 15:50:00,33.79,33.79,33.79,33.79,500.0
2019-03-22 15:51:00,33.79,33.79,33.79,33.79,200.0
2019-03-22 15:52:00,33.81,33.81,33.81,33.81,100.0
2019-03-22 15:53:00,33.78,33.78,33.78,33.78,200.0
2019-03-22 15:55:00,33.805,33.805,33.805,33.805,6762.0
2019-03-22 15:56:00,33.79,33.79,33.78,33.78,708.0
2019-03-22 15:58:00,33.8,33.8158,33.8,33.8158,237.0
2019-03-22 15:59:00,33.78,33.8,33.78,33.8,262.0
2019-03-22 16:00:00,33.79,33.798,33.78,33.79,1547.0
2019-03-25 09:31:00,33.68,33.68,33.68,33.68,0.0
2019-03-25 09:33:00,33.66,33.71,33.65,33.65,9349.0
2019-03-25 09:34:00,33.64,33.64,33.64,33.64,1700.0
2019-03-25 09:35:00,33.65,33.65,33.65,33.65,500.0
2019-03-25 09:36:00,33.6775,33.6775,33.6775,33.6775,972.0
2019-03-25 09:39:00,33.73,33.73,33.73,33.73,1068.0
2019-03-25 09:56:00,33.63,33.63,33.63,33.63,300.0
2019-03-25 10:04:00,33.6101,33.6101,33.6101,33.6101,265.0
2019-03-25 10:08:00,33.6853,33.6853,33.6853,33.6853,742.0
2019-03-25 10:13:00,33.6698,33.6698,33.6698,33.6698,1051.0
2019-03-25 10:16:00,33.6293,33.6293,33.6293,33.6293,517.0
2019-03-25 10:34:00,33.7,33.7,33.7,33.7,160.0
2019-03-25 10:37:00,33.6601,33.6601,33.6601,33.6601,223.0
2019-03-25 10:44:00,33.7199,33.7199,33.7199,33.7199,1107.0
2019-03-25 10:51:00,33.74,33.74,33.74,33.74,1591.0
2019-03-25 11:22:00,33.8138,33.8138,33.8138,33.8138,527.0
2019-03-25 11:30:00,33.8248,33.8248,33.8248,33.8248,1130.0
2019-03-25 11:36:00,33.82,33.82,33.82,33.82,200.0
2019-03-25 11:37:00,33.8299,33.8299,33.8299,33.8299,379.0
2019-03-25 11:42:00,33.8283,33.8283,33.8283,33.8283,799.0
2019-03-25 11:45:00,33.8193,33.8193,33.8193,33.8193,205.0
2019-03-25 11:50:00,33.775,33.775,33.775,33.775,822.0
2019-03-25 11:55:00,33.7842,33.7842,33.7842,33.7842,190.0
2019-03-25 12:08:00,33.7701,33.7701,33.7701,33.7701,217.0
2019-03-25 12:16:00,33.8,33.8,33.8,33.8,204.0
2019-03-25 12:30:00,33.819,33.83,33.819,33.83,255.0
2019-03-25 12:34:00,33.8,33.8,33.8,33.8,418.0
2019-03-25 12:41:00,33.7596,33.7596,33.7596,33.7596,251.0
2019-03-25 12:45:00,33.7186,33.7406,33.7186,33.7406,592.0
2019-03-25 12:51:00,33.749,33.749,33.749,33.749,567.0
2019-03-25 13:01:00,33.78,33.78,33.78,33.78,218.0
2019-03-25 13:13:00,33.73,33.73,33.73,33.73,234.0
2019-03-25 13:28:00,33.7,33.7,33.7,33.7,104.0
2019-03-25 13:34:00,33.699,33.699,33.699,33.699,172.0
2019-03-25 13:38:00,33.7693,33.7693,33.7693,33.7693,509.0
2019-03-25 13:45:00,33.7296,33.7296,33.7296,33.7296,456.0
2019-03-25 13:49:00,33.69,33.69,33.69,33.69,100.0
2019-03-25 13:52:00,33.689,33.689,33.689,33.689,2000.0
2019-03-25 13:54:00,33.7137,33.7137,33.7137,33.7137,846.0
2019-03-25 14:04:00,33.6801,33.6801,33.6801,33.6801,441.0
2019-03-25 14:05:00,33.705,33.705,33.705,33.705,383.0
2019-03-25 14:10:00,33.6589,33.6589,33.6589,33.6589,659.0
2019-03-25 14:13:00,33.66,33.66,33.66,33.66,23.0
2019-03-25 14:29:00,33.665,33.665,33.665,33.665,100.0
2019-03-25 14:33:00,33.67,33.67,33.67,33.67,291.0
2019-03-25 14:39:00,33.687,33.687,33.687,33.687,512.0
2019-03-25 14:40:00,33.69,33.69,33.69,33.69,674.0
2019-03-25 14:41:00,33.7036,33.7036,33.7036,33.7036,1359.0
2019-03-25 14:44:00,33.7399,33.7399,33.7399,33.7399,137.0
2019-03-25 14:45:00,33.7045,33.7045,33.7045,33.7045,183.0
2019-03-25 14:47:00,33.716,33.716,33.716,33.716,635.0
2019-03-25 14:53:00,33.7276,33.7276,33.7276,33.7276,518.0
2019-03-25 14:57:00,33.7399,33.7399,33.7399,33.7399,237.0
2019-03-25 15:00:00,33.729,33.729,33.729,33.729,824.0
2019-03-25 15:02:00,33.74,33.75,33.74,33.75,801.0
2019-03-25 15:07:00,33.754,33.758,33.754,33.758,500.0
2019-03-25 15:09:00,33.7699,33.7699,33.7699,33.7699,100.0
2019-03-25 15:19:00,33.8,33.8,33.8,33.8,100.0
2019-03-25 15:20:00,33.821,33.821,33.821,33.821,246.0
2019-03-25 15:27:00,33.795,33.795,33.795,33.795,300.0
2019-03-25 15:36:00,33.795,33.795,33.795,33.795,103.0
2019-03-25 15:39:00,33.7855,33.7855,33.7855,33.7855,124.0
2019-03-25 15:42:00,33.7791,33.7791,33.7791,33.7791,418.0
2019-03-25 15:44:00,33.795,33.795,33.7831,33.7831,1874.0
2019-03-25 15:49:00,33.795,33.795,33.77,33.77,350.0
2019-03-25 15:57:00,33.77,33.77,33.77,33.77,100.0
2019-03-25 15:59:00,33.77,33.77,33.77,33.77,349.0
2019-03-26 09:31:00,33.8,33.8,33.8,33.8,0.0
2019-03-26 09:47:00,33.9399,33.9399,33.9399,33.9399,5132.0
2019-03-26 09:57:00,33.91,33.91,33.91,33.91,237.0
2019-03-26 10:01:00,33.9,33.9,33.9,33.9,208.0
2019-03-26 10:04:00,33.9147,33.9147,33.9147,33.9147,572.0
2019-03-26 10:16:00,33.9,33.9,33.9,33.9,1155.0
2019-03-26 10:19:00,33.8887,33.8887,33.8887,33.8887,132.0
2019-03-26 10:30:00,33.88,33.88,33.8651,33.8651,336.0
2019-03-26 10:33:00,33.8508,33.8508,33.8508,33.8508,256.0
2019-03-26 10:49:00,33.9199,33.9199,33.9199,33.9199,3084.0
2019-03-26 10:52:00,33.89,33.89,33.89,33.89,101.0
2019-03-26 10:59:00,33.91,33.9493,33.91,33.9493,609.0
2019-03-26 11:05:00,33.9,33.9,33.9,33.9,400.0
2019-03-26 11:06:00,33.895,33.895,33.895,33.895,213.0
2019-03-26 11:09:00,33.9299,33.9299,33.9299,33.9299,609.0
2019-03-26 11:13:00,33.89,33.89,33.89,33.89,4365.0
2019-03-26 11:17:00,33.89,33.89,33.89,33.89,113.0
2019-03-26 11:19:00,33.9049,33.9049,33.88,33.88,2437.0
2019-03-26 11:29:00,33.84,33.84,33.84,33.84,1800.0
2019-03-26 11:30:00,33.84,33.84,33.84,33.84,100.0
2019-03-26 11:34:00,33.84,33.84,33.84,33.84,107.0
2019-03-26 11:37:00,33.8752,33.8752,33.8752,33.8752,661.0
2019-03-26 11:40:00,33.9099,33.9099,33.9099,33.9099,693.0
2019-03-26 11:48:00,33.87,33.87,33.87,33.87,250.0
2019-03-26 11:52:00,33.8,33.8,33.8,33.8,163.0
2019-03-26 11:57:00,33.81,33.81,33.81,33.81,322.0
2019-03-26 12:15:00,33.8599,33.8599,33.8599,33.8599,1319.0
2019-03-26 12:36:00,33.82,33.82,33.82,33.82,466.0
2019-03-26 12:43:00,33.8006,33.8006,33.8006,33.8006,217.0
2019-03-26 12:59:00,33.8031,33.8031,33.8031,33.8031,667.0
2019-03-26 13:27:00,33.8099,33.8099,33.8099,33.8099,796.0
2019-03-26 13:37:00,33.77,33.77,33.77,33.77,100.0
2019-03-26 13:38:00,33.7573,33.7573,33.7573,33.7573,812.0
2019-03-26 13:45:00,33.7564,33.7564,33.7564,33.7564,0.0
2019-03-26 13:52:00,33.7787,33.7787,33.7787,33.7787,319.0
2019-03-26 14:05:00,33.771,33.771,33.771,33.771,600.0
2019-03-26 14:17:00,33.7799,33.7799,33.7799,33.7799,100.0
2019-03-26 14:24:00,33.7799,33.7799,33.7799,33.7799,100.0
2019-03-26 14:31:00,33.75,33.75,33.75,33.75,410.0
2019-03-26 14:35:00,33.7425,33.7425,33.7425,33.7425,2662.0
2019-03-26 14:40:00,33.7699,33.7699,33.7699,33.7699,100.0
2019-03-26 14:44:00,33.7699,33.7699,33.7699,33.7699,411.0
2019-03-26 14:46:00,33.78,33.78,33.78,33.78,525.0
2019-03-26 14:50:00,33.78,33.78,33.78,33.78,253.0
2019-03-26 14:52:00,33.785,33.785,33.785,33.785,100.0
2019-03-26 14:55:00,33.7999,33.7999,33.7999,33.7999,600.0
2019-03-26 14:57:00,33.7662,33.77,33.7662,33.77,1315.0
2019-03-26 14:59:00,33.78,33.78,33.78,33.78,600.0
2019-03-26 15:01:00,33.79,33.79,33.79,33.79,700.0
2019-03-26 15:03:00,33.825,33.825,33.825,33.825,600.0
2019-03-26 15:05:00,33.82,33.82,33.82,33.82,570.0
2019-03-26 15:06:00,33.7901,33.7901,33.7901,33.7901,791.0
2019-03-26 15:07:00,33.82,33.82,33.82,33.82,600.0
2019-03-26 15:09:00,33.83,33.83,33.83,33.83,600.0
2019-03-26 15:10:00,33.84,33.84,33.84,33.84,100.0
2019-03-26 15:11:00,33.82,33.82,33.82,33.82,600.0
2019-03-26 15:13:00,33.82,33.82,33.82,33.82,689.0
2019-03-26 15:15:00,33.8325,33.8325,33.8325,33.8325,700.0
2019-03-26 15:17:00,33.81,33.81,33.81,33.81,1211.0
2019-03-26 15:19:00,33.81,33.81,33.81,33.81,600.0
2019-03-26 15:20:00,33.8,33.8,33.8,33.8,100.0
2019-03-26 15:22:00,33.8,33.8,33.8,33.8,800.0
2019-03-26 15:23:00,33.805,33.805,33.8,33.8,800.0
2019-03-26 15:25:00,33.795,33.795,33.795,33.795,701.0
2019-03-26 15:27:00,33.7821,33.7821,33.7821,33.7821,1232.0
2019-03-26 15:28:00,33.78,33.78,33.78,33.78,100.0
2019-03-26 15:30:00,33.7875,33.795,33.7875,33.795,1527.0
2019-03-26 15:32:00,33.78,33.78,33.78,33.78,726.0
2019-03-26 15:33:00,33.7875,33.7875,33.7875,33.7875,200.0
2019-03-26 15:35:00,33.78,33.78,33.78,33.78,1000.0
2019-03-26 15:36:00,33.795,33.795,33.795,33.795,400.0
2019-03-26 15:38:00,33.8,33.8,33.8,33.8,600.0
2019-03-26 15:39:00,33.7875,33.7875,33.7875,33.7875,1085.0
2019-03-26 15:41:00,33.77,33.77,33.77,33.77,1000.0
2019-03-26 15:42:00,33.785,33.785,33.785,33.785,1084.0
2019-03-26 15:44:00,33.782,33.782,33.782,33.782,1629.0
2019-03-26 15:45:00,33.785,33.785,33.785,33.785,1729.0
2019-03-26 15:46:00,33.79,33.79,33.79,33.79,2021.0
2019-03-26 15:47:00,33.77,33.77,33.77,33.77,1945.0
2019-03-26 15:48:00,33.77,33.77,33.77,33.77,2124.0
2019-03-26 15:49:00,33.79,33.79,33.79,33.79,1800.0
2019-03-26 15:50:00,33.79,33.79,33.79,33.79,2100.0
2019-03-26 15:52:00,33.8,33.8,33.8,33.8,951.0
2019-03-26 15:53:00,33.84,33.84,33.84,33.84,1300.0
2019-03-26 15:54:00,33.78,33.8277,33.78,33.8277,6579.0
2019-03-26 15:55:00,33.8125,33.8125,33.8125,33.8125,2700.0
2019-03-26 15:56:00,33.84,33.84,33.84,33.84,1600.0
2019-03-26 15:57:00,33.82,33.835,33.82,33.835,8100.0
2019-03-26 15:58:00,33.81,33.81,33.81,33.81,2076.0
2019-03-26 15:59:00,33.81,33.81,33.81,33.81,1300.0
2019-03-26 16:00:00,33.82,33.82,33.82,33.82,1738.0
2019-03-27 09:32:00,33.76,33.76,33.76,33.76,700.0
2019-03-27 09:34:00,33.75,33.75,33.75,33.75,400.0
2019-03-27 09:36:00,33.74,33.74,33.74,33.74,500.0
2019-03-27 09:37:00,33.74,33.74,33.74,33.74,500.0
2019-03-27 09:39:00,33.76,33.76,33.72,33.75,842.0
2019-03-27 09:40:00,33.71,33.71,33.71,33.71,500.0
2019-03-27 09:41:00,33.72,33.72,33.71,33.71,900.0
2019-03-27 09:42:00,33.7,33.7,33.7,33.7,721.0
2019-03-27 09:43:00,33.7,33.71,33.7,33.71,429.0
2019-03-27 09:45:00,33.68,33.68,33.68,33.68,371.0
2019-03-27 09:47:00,33.68,33.69,33.68,33.69,300.0
2019-03-27 09:48:00,33.69,33.69,33.69,33.69,200.0
2019-03-27 09:49:00,33.69,33.69,33.69,33.69,248.0
2019-03-27 09:50:00,33.68,33.725,33.68,33.68,315.0
2019-03-27 09:51:00,33.68,33.73,33.68,33.68,485.0
2019-03-27 09:52:00,33.7,33.71,33.7,33.71,500.0
2019-03-27 09:53:00,33.7,33.7,33.7,33.7,200.0
2019-03-27 09:54:00,33.7,33.7,33.69,33.69,200.0
2019-03-27 09:55:00,33.69,33.69,33.68,33.68,200.0
2019-03-27 09:56:00,33.68,33.68,33.67,33.67,2906.0
2019-03-27 09:57:00,33.67,33.67,33.65,33.65,200.0
2019-03-27 09:58:00,33.65,33.66,33.65,33.65,300.0
2019-03-27 09:59:00,33.64,33.6848,33.64,33.6848,335.0
2019-03-27 10:00:00,33.63,33.63,33.63,33.63,200.0
2019-03-27 10:01:00,33.62,33.62,33.61,33.61,200.0
2019-03-27 10:02:00,33.61,33.62,33.61,33.62,334.0
2019-03-27 10:03:00,33.63,33.7299,33.63,33.63,776.0
2019-03-27 10:04:00,33.63,33.63,33.63,33.63,200.0
2019-03-27 10:05:00,33.63,33.63,33.63,33.63,100.0
2019-03-27 10:06:00,33.6513,33.6513,33.61,33.61,295.0
2019-03-27 10:08:00,33.63,33.63,33.63,33.63,116.0
2019-03-27 10:13:00,33.6879,33.6879,33.6879,33.6879,527.0
2019-03-27 10:16:00,33.66,33.66,33.66,33.66,200.0
2019-03-27 10:20:00,33.67,33.67,33.63,33.67,600.0
2019-03-27 10:24:00,33.66,33.66,33.66,33.66,110.0
2019-03-27 10:28:00,33.7241,33.7241,33.7241,33.7241,335.0
2019-03-27 10:38:00,33.6425,33.6425,33.6425,33.6425,100.0
2019-03-27 10:40:00,33.63,33.63,33.63,33.63,200.0
2019-03-27 10:41:00,33.6499,33.6499,33.6499,33.6499,947.0
2019-03-27 10:55:00,33.51,33.51,33.49,33.5,1400.0
2019-03-27 10:59:00,33.54,33.57,33.54,33.57,1732.0
2019-03-27 11:04:00,33.5517,33.5517,33.5517,33.5517,154.0
2019-03-27 11:05:00,33.54,33.54,33.54,33.54,343.0
2019-03-27 11:10:00,33.6199,33.6199,33.6199,33.6199,215.0
2019-03-27 11:11:00,33.5913,33.5913,33.5913,33.5913,167.0
2019-03-27 11:20:00,33.52,33.52,33.52,33.52,3633.0
2019-03-27 11:22:00,33.5302,33.5302,33.5302,33.5302,150.0
2019-03-27 11:23:00,33.5496,33.5496,33.54,33.54,678.0
2019-03-27 11:27:00,33.5661,33.5661,33.5661,33.5661,149.0
2019-03-27 11:28:00,33.5,33.5,33.5,33.5,100.0
2019-03-27 11:30:00,33.5297,33.5297,33.5297,33.5297,929.0
2019-03-27 11:33:00,33.52,33.58,33.48,33.48,9319.0
2019-03-27 11:40:00,33.45,33.45,33.45,33.45,308.0
2019-03-27 11:46:00,33.41,33.41,33.41,33.41,219.0
2019-03-27 11:51:00,33.4226,33.4226,33.4226,33.4226,270.0
2019-03-27 11:57:00,33.4065,33.4065,33.4065,33.4065,500.0
2019-03-27 12:03:00,33.389,33.3899,33.389,33.3899,7598.0
2019-03-27 12:05:00,33.41,33.465,33.41,33.44,9022.0
2019-03-27 12:11:00,33.4619,33.4619,33.4619,33.4619,470.0
2019-03-27 12:12:00,33.435,33.435,33.435,33.435,318.0
2019-03-27 12:16:00,33.435,33.435,33.435,33.435,108.0
2019-03-27 12:21:00,33.435,33.435,33.435,33.435,2750.0
2019-03-27 12:23:00,33.47,33.51,33.47,33.51,674.0
2019-03-27 12:38:00,33.5409,33.5409,33.5409,33.5409,270.0
2019-03-27 12:47:00,33.535,33.535,33.535,33.535,1405.0
2019-03-27 12:49:00,33.55,33.55,33.55,33.55,748.0
2019-03-27 13:07:00,33.48,33.48,33.48,33.48,301.0
2019-03-27 13:11:00,33.47,33.47,33.47,33.47,294.0
2019-03-27 13:12:00,33.49,33.49,33.49,33.49,1311.0
2019-03-27 13:13:00,33.5,33.5,33.5,33.5,400.0
2019-03-27 13:14:00,33.5,33.52,33.5,33.51,2152.0
2019-03-27 13:28:00,33.61,33.61,33.58,33.58,760.0
2019-03-27 13:29:00,33.61,33.61,33.61,33.61,566.0
2019-03-27 13:32:00,33.58,33.58,33.58,33.58,210.0
2019-03-27 13:42:00,33.6399,33.6399,33.6399,33.6399,322.0
2019-03-27 13:43:00,33.622,33.622,33.622,33.622,132.0
2019-03-27 13:49:00,33.5401,33.5401,33.5401,33.5401,177.0
2019-03-27 14:01:00,33.59,33.59,33.59,33.59,644.0
2019-03-27 14:02:00,33.5999,33.5999,33.5999,33.5999,133.0
2019-03-27 14:06:00,33.6199,33.6199,33.6199,33.6199,166.0
2019-03-27 14:07:00,33.61,33.61,33.61,33.61,291.0
2019-03-27 14:19:00,33.5534,33.5534,33.5534,33.5534,222.0
2019-03-27 14:20:00,33.54,33.54,33.54,33.54,237.0
2019-03-27 14:26:00,33.5679,33.5679,33.5679,33.5679,809.0
2019-03-27 14:27:00,33.58,33.58,33.58,33.58,626.0
2019-03-27 14:32:00,33.55,33.55,33.55,33.55,200.0
2019-03-27 14:34:00,33.51,33.51,33.51,33.51,400.0
2019-03-27 14:36:00,33.51,33.51,33.51,33.51,216.0
2019-03-27 14:37:00,33.5,33.5,33.5,33.5,2013.0
2019-03-27 14:40:00,33.4853,33.4853,33.4853,33.4853,126.0
2019-03-27 14:43:00,33.4965,33.4965,33.4959,33.4959,3692.0
2019-03-27 14:46:00,33.485,33.485,33.485,33.485,116.0
2019-03-27 15:00:00,33.46,33.4601,33.46,33.46,5500.0
2019-03-27 15:01:00,33.46,33.46,33.46,33.46,3002.0
2019-03-27 15:02:00,33.4873,33.5,33.4873,33.5,448.0
2019-03-27 15:04:00,33.48,33.51,33.48,33.495,937.0
2019-03-27 15:05:00,33.48,33.48,33.48,33.48,100.0
2019-03-27 15:10:00,33.4601,33.48,33.46,33.46,4921.0
2019-03-27 15:11:00,33.5099,33.5099,33.5099,33.5099,100.0
2019-03-27 15:14:00,33.5,33.5,33.5,33.5,117.0
2019-03-27 15:15:00,33.5199,33.5199,33.5199,33.5199,100.0
2019-03-27 15:16:00,33.5015,33.5015,33.5015,33.5015,341.0
2019-03-27 15:17:00,33.5,33.53,33.5,33.53,1578.0
2019-03-27 15:18:00,33.5299,33.5299,33.5299,33.5299,100.0
2019-03-27 15:19:00,33.505,33.505,33.505,33.505,1869.0
2019-03-27 15:21:00,33.5399,33.5399,33.5399,33.5399,100.0
2019-03-27 15:23:00,33.5203,33.5203,33.5203,33.5203,189.0
2019-03-27 15:24:00,33.5399,33.5399,33.5399,33.5399,109.0
2019-03-27 15:27:00,33.5399,33.5399,33.5399,33.5399,100.0
2019-03-27 15:30:00,33.5499,33.5499,33.5499,33.5499,100.0
2019-03-27 15:31:00,33.53,33.53,33.53,33.53,107.0
2019-03-27 15:32:00,33.5699,33.5699,33.5699,33.5699,100.0
2019-03-27 15:33:00,33.5377,33.5377,33.5377,33.5377,116.0
2019-03-27 15:35:00,33.5699,33.5699,33.5699,33.5699,100.0
2019-03-27 15:38:00,33.53,33.53,33.53,33.53,200.0
2019-03-27 15:43:00,33.5399,33.5399,33.5399,33.5399,100.0
2019-03-27 15:45:00,33.5299,33.5299,33.5299,33.5299,116.0
2019-03-27 15:47:00,33.5399,33.5399,33.5399,33.5399,100.0
2019-03-27 15:48:00,33.5399,33.5399,33.5399,33.5399,150.0
2019-03-27 15:49:00,33.5399,33.5399,33.5399,33.5399,100.0
2019-03-27 15:51:00,33.5299,33.5299,33.5299,33.5299,100.0
2019-03-27 15:52:00,33.5299,33.5299,33.5299,33.5299,151.0
2019-03-27 15:53:00,33.51,33.51,33.51,33.51,131.0
2019-03-27 15:55:00,33.4999,33.4999,33.4999,33.4999,116.0
2019-03-27 15:56:00,33.4999,33.4999,33.4999,33.4999,100.0
2019-03-27 15:58:00,33.4999,33.4999,33.4999,33.4999,100.0
2019-03-27 15:59:00,33.4999,33.4999,33.4999,33.4999,100.0
2019-03-27 16:00:00,33.4899,33.49,33.4899,33.49,724.0
2019-03-28 09:31:00,33.56,33.63,33.56,33.63,0.0
2019-03-28 09:36:00,33.59,33.59,33.59,33.59,100.0
2019-03-28 09:37:00,33.59,33.59,33.56,33.59,602.0
2019-03-28 09:56:00,33.64,33.64,33.6254,33.6254,704.0
2019-03-28 10:05:00,33.6799,33.6799,33.6799,33.6799,391.0
2019-03-28 10:07:00,33.6597,33.6597,33.6597,33.6597,273.0
2019-03-28 10:15:00,33.65,33.6699,33.65,33.6699,649.0
2019-03-28 10:22:00,33.6384,33.64,33.6384,33.64,300.0
2019-03-28 10:24:00,33.6301,33.66,33.6301,33.66,4006.0
2019-03-28 10:25:00,33.67,33.67,33.669,33.669,378.0
2019-03-28 10:26:00,33.6692,33.6692,33.65,33.65,911.0
2019-03-28 10:27:00,33.64,33.67,33.63,33.63,5561.0
2019-03-28 10:31:00,33.63,33.63,33.63,33.63,118.0
2019-03-28 10:32:00,33.64,33.64,33.64,33.64,255.0
2019-03-28 10:39:00,33.64,33.64,33.64,33.64,351.0
2019-03-28 10:40:00,33.64,33.6699,33.64,33.6699,381.0
2019-03-28 10:44:00,33.61,33.61,33.61,33.61,174.0
2019-03-28 10:50:00,33.6299,33.6299,33.6299,33.6299,282.0
2019-03-28 10:56:00,33.6315,33.6315,33.6315,33.6315,613.0
2019-03-28 10:59:00,33.58,33.58,33.58,33.58,965.0
2019-03-28 11:01:00,33.6184,33.6184,33.6184,33.6184,426.0
2019-03-28 11:02:00,33.6119,33.6119,33.6119,33.6119,310.0
2019-03-28 11:07:00,33.5999,33.5999,33.5999,33.5999,103.0
2019-03-28 11:08:00,33.54,33.54,33.53,33.54,2800.0
2019-03-28 11:09:00,33.535,33.54,33.535,33.54,800.0
2019-03-28 11:10:00,33.54,33.54,33.53,33.53,805.0
2019-03-28 11:13:00,33.5614,33.5614,33.5614,33.5614,235.0
2019-03-28 11:14:00,33.54,33.5799,33.53,33.53,1581.0
2019-03-28 11:15:00,33.53,33.54,33.53,33.54,620.0
2019-03-28 11:18:00,33.53,33.53,33.53,33.53,100.0
2019-03-28 11:19:00,33.53,33.53,33.53,33.53,300.0
2019-03-28 11:20:00,33.51,33.51,33.5,33.5,2624.0
2019-03-28 11:26:00,33.5599,33.5599,33.5599,33.5599,233.0
2019-03-28 11:49:00,33.55,33.58,33.55,33.58,678.0
2019-03-28 12:06:00,33.54,33.54,33.54,33.54,1201.0
2019-03-28 12:11:00,33.54,33.54,33.54,33.54,4.0
2019-03-28 12:21:00,33.5496,33.5496,33.51,33.549,783.0
2019-03-28 12:26:00,33.5545,33.5545,33.52,33.52,627.0
2019-03-28 12:41:00,33.55,33.55,33.55,33.55,100.0
2019-03-28 12:42:00,33.5976,33.5976,33.55,33.55,644.0
2019-03-28 12:45:00,33.585,33.585,33.57,33.57,320.0
2019-03-28 12:46:00,33.56,33.595,33.55,33.55,7915.0
2019-03-28 12:56:00,33.635,33.635,33.63,33.63,228.0
2019-03-28 13:08:00,33.656,33.656,33.656,33.656,425.0
2019-03-28 13:15:00,33.6698,33.6698,33.6698,33.6698,169.0
2019-03-28 13:20:00,33.6893,33.6893,33.6893,33.6893,100.0
2019-03-28 13:28:00,33.66,33.66,33.66,33.66,2597.0
2019-03-28 13:39:00,33.71,33.71,33.71,33.71,316.0
2019-03-28 13:48:00,33.705,33.705,33.6761,33.6761,771.0
2019-03-28 13:56:00,33.72,33.72,33.72,33.72,179.0
2019-03-28 14:03:00,33.7585,33.7585,33.7585,33.7585,180.0
2019-03-28 14:05:00,33.73,33.76,33.73,33.76,469.0
2019-03-28 14:10:00,33.765,33.765,33.765,33.765,2194.0
2019-03-28 14:12:00,33.75,33.7799,33.75,33.7799,1064.0
2019-03-28 14:20:00,33.74,33.74,33.74,33.74,587.0
2019-03-28 14:21:00,33.73,33.73,33.73,33.73,135.0
2019-03-28 14:22:00,33.7,33.7,33.7,33.7,1933.0
2019-03-28 14:25:00,33.715,33.715,33.715,33.715,192.0
2019-03-28 14:33:00,33.73,33.73,33.73,33.73,108.0
2019-03-28 14:37:00,33.72,33.7299,33.715,33.715,1200.0
2019-03-28 14:43:00,33.705,33.705,33.705,33.705,300.0
2019-03-28 14:44:00,33.6873,33.72,33.6873,33.6936,1388.0
2019-03-28 14:46:00,33.7,33.7,33.7,33.7,316.0
2019-03-28 14:55:00,33.6851,33.695,33.6851,33.695,212.0
2019-03-28 14:58:00,33.7083,33.7083,33.7083,33.7083,764.0
2019-03-28 15:01:00,33.6968,33.7072,33.6968,33.7072,2088.0
2019-03-28 15:06:00,33.7156,33.7156,33.7156,33.7156,128.0
2019-03-28 15:12:00,33.7192,33.7192,33.7192,33.7192,597.0
2019-03-28 15:40:00,33.73,33.73,33.725,33.725,2137.0
2019-03-28 15:49:00,33.723,33.7266,33.723,33.7266,291.0
2019-03-28 15:54:00,33.7138,33.7138,33.7138,33.7138,484.0
2019-03-28 15:56:00,33.7203,33.7203,33.701,33.701,1539.0
2019-03-28 15:59:00,33.713,33.713,33.713,33.713,113.0
2019-03-28 16:00:00,33.7,33.715,33.7,33.715,374.0
2019-03-29 09:31:00,34.08,34.08,34.08,34.08,0.0
2019-03-29 09:35:00,34.06,34.06,34.06,34.06,106.0
2019-03-29 09:37:00,34.055,34.055,34.055,34.055,100.0
2019-03-29 09:39:00,34.055,34.055,34.055,34.055,174.0
2019-03-29 09:43:00,34.03,34.03,34.03,34.03,200.0
2019-03-29 09:45:00,34.0599,34.0599,34.0599,34.0599,100.0
2019-03-29 09:49:00,34.03,34.03,34.03,34.03,100.0
2019-03-29 09:53:00,34.025,34.025,34.025,34.025,100.0
2019-03-29 09:56:00,34.02,34.02,34.02,34.02,284.0
2019-03-29 09:57:00,34.0699,34.0699,34.0699,34.0699,100.0
2019-03-29 10:01:00,34.0899,34.0899,34.0899,34.0899,100.0
2019-03-29 10:05:00,34.09,34.0999,34.09,34.0999,377.0
2019-03-29 10:09:00,34.085,34.085,34.085,34.085,100.0
2019-03-29 10:10:00,34.0895,34.0895,34.0895,34.0895,325.0
2019-03-29 10:12:00,34.085,34.085,34.085,34.085,100.0
2019-03-29 10:15:00,34.071,34.071,34.071,34.071,169.0
2019-03-29 10:16:00,34.09,34.09,34.09,34.09,274.0
2019-03-29 10:20:00,34.09,34.09,34.09,34.09,200.0
2019-03-29 10:23:00,34.07,34.07,34.07,34.07,310.0
2019-03-29 10:27:00,34.0999,34.0999,34.0999,34.0999,116.0
2019-03-29 10:31:00,34.07,34.07,34.07,34.07,140.0
2019-03-29 10:35:00,34.055,34.055,34.055,34.055,234.0
2019-03-29 10:37:00,34.04,34.04,34.04,34.04,146.0
2019-03-29 10:38:00,33.9947,33.9947,33.9947,33.9947,501.0
2019-03-29 10:43:00,34.025,34.025,34.025,34.025,100.0
2019-03-29 10:45:00,34.0,34.0,34.0,34.0,300.0
2019-03-29 10:49:00,33.9877,33.9877,33.9877,33.9877,161.0
2019-03-29 10:50:00,33.98,33.98,33.98,33.98,251.0
2019-03-29 10:53:00,33.97,33.97,33.97,33.97,101.0
2019-03-29 10:54:00,33.96,33.96,33.96,33.96,101.0
2019-03-29 10:58:00,33.94,33.94,33.94,33.94,100.0
2019-03-29 11:00:00,33.9899,33.9899,33.9899,33.9899,312.0
2019-03-29 11:04:00,34.0099,34.0099,34.0099,34.0099,100.0
2019-03-29 11:05:00,34.0099,34.0099,34.0099,34.0099,383.0
2019-03-29 11:07:00,33.9999,33.9999,33.9999,33.9999,103.0
2019-03-29 11:10:00,34.0099,34.0099,34.0099,34.0099,100.0
2019-03-29 11:12:00,34.0102,34.0102,33.9701,33.9701,1959.0
2019-03-29 11:13:00,34.0199,34.0199,34.0199,34.0199,218.0
2019-03-29 11:15:00,33.9971,33.9971,33.9971,33.9971,370.0
2019-03-29 11:16:00,34.0099,34.0099,34.0099,34.0099,100.0
2019-03-29 11:18:00,33.9858,33.9858,33.9858,33.9858,300.0
2019-03-29 11:19:00,33.995,33.995,33.995,33.995,100.0
2019-03-29 11:23:00,33.995,33.995,33.995,33.995,100.0
2019-03-29 11:25:00,33.97,33.97,33.97,33.97,182.0
2019-03-29 11:27:00,34.0199,34.0199,34.0199,34.0199,100.0
2019-03-29 11:30:00,34.0399,34.0399,34.0399,34.0399,100.0
2019-03-29 11:34:00,34.03,34.03,34.03,34.03,100.0
2019-03-29 11:35:00,34.03,34.03,34.03,34.03,454.0
2019-03-29 11:37:00,34.03,34.03,34.03,34.03,116.0
2019-03-29 11:41:00,34.0699,34.0699,34.0699,34.0699,100.0
2019-03-29 11:45:00,34.025,34.025,34.025,34.025,100.0
2019-03-29 11:47:00,34.02,34.02,34.02,34.02,2811.0
2019-03-29 11:50:00,34.02,34.02,34.02,34.02,107.0
2019-03-29 11:55:00,34.02,34.02,34.02,34.02,114.0
2019-03-29 11:56:00,34.0097,34.0097,34.0097,34.0097,1469.0
2019-03-29 11:57:00,34.0105,34.0105,34.0105,34.0105,765.0
2019-03-29 12:00:00,34.015,34.015,34.015,34.015,101.0
2019-03-29 12:02:00,34.0142,34.0142,34.0142,34.0142,2057.0
2019-03-29 12:04:00,34.015,34.015,34.015,34.015,100.0
2019-03-29 12:07:00,34.01,34.01,34.01,34.01,300.0
2019-03-29 12:09:00,34.0199,34.0199,34.0199,34.0199,100.0
2019-03-29 12:12:00,34.015,34.03,34.01,34.015,1700.0
2019-03-29 12:13:00,34.0,34.0,34.0,34.0,104.0
2019-03-29 12:14:00,34.02,34.02,34.02,34.02,100.0
2019-03-29 12:19:00,34.015,34.015,34.015,34.015,100.0
2019-03-29 12:23:00,34.02,34.02,34.02,34.02,400.0
2019-03-29 12:24:00,34.02,34.02,34.02,34.02,222.0
2019-03-29 12:29:00,34.0499,34.0499,34.0499,34.0499,100.0
2019-03-29 12:31:00,34.042,34.042,34.042,34.042,268.0
2019-03-29 12:34:00,34.0699,34.0699,34.0699,34.0699,351.0
2019-03-29 12:40:00,34.06,34.06,34.06,34.06,118.0
2019-03-29 12:46:00,34.0799,34.0799,34.0799,34.0799,108.0
2019-03-29 12:50:00,34.0699,34.0699,34.0301,34.0301,245.0
2019-03-29 12:54:00,34.0699,34.0699,34.0699,34.0699,101.0
2019-03-29 12:58:00,34.06,34.06,34.06,34.06,149.0
2019-03-29 13:03:00,34.065,34.065,34.065,34.065,100.0
2019-03-29 13:08:00,34.0799,34.0799,34.0799,34.0799,115.0
2019-03-29 13:13:00,34.065,34.065,34.065,34.065,125.0
2019-03-29 13:18:00,34.06,34.06,34.06,34.06,100.0
2019-03-29 13:21:00,34.05,34.05,34.05,34.05,200.0
2019-03-29 13:22:00,34.045,34.045,34.045,34.045,115.0
2019-03-29 13:25:00,34.05,34.05,34.05,34.05,147.0
2019-03-29 13:26:00,34.05,34.05,34.05,34.05,100.0
2019-03-29 13:30:00,34.0499,34.0499,34.0499,34.0499,100.0
2019-03-29 13:31:00,34.045,34.045,34.04,34.04,721.0
2019-03-29 13:37:00,34.0201,34.0201,34.0201,34.0201,177.0
2019-03-29 13:41:00,34.035,34.035,34.035,34.035,101.0
2019-03-29 13:47:00,34.0899,34.0899,34.0899,34.0899,191.0
2019-03-29 13:52:00,34.0799,34.0799,34.0799,34.0799,100.0
2019-03-29 13:53:00,34.05,34.05,34.05,34.05,161.0
2019-03-29 13:57:00,34.045,34.045,34.045,34.045,100.0
2019-03-29 13:59:00,34.07,34.08,34.07,34.08,4354.0
2019-03-29 14:00:00,34.0201,34.0201,34.0201,34.0201,655.0
2019-03-29 14:02:00,34.0899,34.0899,34.0899,34.0899,165.0
2019-03-29 14:06:00,34.0899,34.0899,34.0899,34.0899,120.0
2019-03-29 14:10:00,34.0999,34.0999,34.0999,34.0999,123.0
2019-03-29 14:14:00,34.1099,34.1099,34.103,34.103,278.0
2019-03-29 14:17:00,34.0737,34.0737,34.0737,34.0737,260.0
2019-03-29 14:18:00,34.0895,34.0914,34.0502,34.0502,849.0
2019-03-29 14:22:00,34.0832,34.09,34.075,34.075,1274.0
2019-03-29 14:26:00,34.075,34.075,34.075,34.075,100.0
2019-03-29 14:30:00,34.075,34.075,34.075,34.075,102.0
2019-03-29 14:33:00,34.08,34.08,34.08,34.08,100.0
2019-03-29 14:34:00,34.0886,34.0886,34.0886,34.0886,420.0
2019-03-29 14:36:00,34.1099,34.1099,34.1099,34.1099,105.0
2019-03-29 14:39:00,34.08,34.08,34.08,34.08,110.0
2019-03-29 14:42:00,34.07,34.07,34.07,34.07,100.0
2019-03-29 14:44:00,34.08,34.08,34.08,34.08,100.0
2019-03-29 14:47:00,34.075,34.075,34.075,34.075,100.0
2019-03-29 14:49:00,34.0999,34.0999,34.0999,34.0999,100.0
2019-03-29 14:52:00,34.08,34.08,34.08,34.08,100.0
2019-03-29 14:55:00,34.1399,34.1399,34.1399,34.1399,100.0
2019-03-29 14:57:00,34.085,34.085,34.085,34.085,100.0
2019-03-29 15:00:00,34.085,34.085,34.085,34.085,100.0
2019-03-29 15:03:00,34.1099,34.1099,34.0814,34.0814,1368.0
2019-03-29 15:05:00,34.095,34.095,34.095,34.095,100.0
2019-03-29 15:06:00,34.0936,34.0936,34.0931,34.0931,3241.0
2019-03-29 15:08:00,34.0899,34.0899,34.08,34.08,400.0
2019-03-29 15:10:00,34.08,34.08,34.08,34.08,100.0
2019-03-29 15:13:00,34.0899,34.0899,34.0899,34.0899,100.0
2019-03-29 15:15:00,34.07,34.07,34.07,34.07,300.0
2019-03-29 15:17:00,34.0899,34.0899,34.0899,34.0899,101.0
2019-03-29 15:19:00,34.0868,34.0868,34.08,34.08,4996.0
2019-03-29 15:21:00,34.07,34.07,34.07,34.07,120.0
2019-03-29 15:23:00,34.075,34.075,34.075,34.075,100.0
2019-03-29 15:24:00,34.075,34.075,34.0665,34.07,957.0
2019-03-29 15:25:00,34.07,34.0727,34.07,34.0727,355.0
2019-03-29 15:26:00,34.065,34.065,34.065,34.065,100.0
2019-03-29 15:27:00,34.065,34.065,34.065,34.065,200.0
2019-03-29 15:28:00,34.07,34.07,34.07,34.07,300.0
2019-03-29 15:29:00,34.07,34.07,34.07,34.07,100.0
2019-03-29 15:30:00,34.07,34.07,34.07,34.07,100.0
2019-03-29 15:31:00,34.065,34.065,34.065,34.065,207.0
2019-03-29 15:32:00,34.065,34.065,34.065,34.065,300.0
2019-03-29 15:34:00,34.065,34.065,34.065,34.065,300.0
2019-03-29 15:35:00,34.07,34.07,34.07,34.07,200.0
2019-03-29 15:36:00,34.07,34.07,34.07,34.07,100.0
2019-03-29 15:37:00,34.07,34.07,34.07,34.07,201.0
2019-03-29 15:38:00,34.07,34.07,34.07,34.07,300.0
2019-03-29 15:39:00,34.0701,34.0701,34.07,34.07,649.0
2019-03-29 15:40:00,34.07,34.07,34.07,34.07,250.0
2019-03-29 15:41:00,34.075,34.075,34.075,34.075,300.0
2019-03-29 15:43:00,34.07,34.075,34.07,34.075,300.0
2019-03-29 15:44:00,34.07,34.07,34.07,34.07,200.0
2019-03-29 15:45:00,34.07,34.07,34.07,34.07,100.0
2019-03-29 15:46:00,34.0799,34.08,34.0799,34.08,587.0
2019-03-29 15:47:00,34.08,34.095,34.08,34.095,2300.0
2019-03-29 15:48:00,34.08,34.08,34.07,34.0799,660.0
2019-03-29 15:49:00,34.065,34.065,34.065,34.065,300.0
2019-03-29 15:50:00,34.0699,34.07,34.0699,34.07,500.0
2019-03-29 15:51:00,34.07,34.07,34.07,34.07,300.0
2019-03-29 15:52:00,34.07,34.07,34.07,34.07,311.0
2019-03-29 15:53:00,34.0899,34.0899,34.0899,34.0899,400.0
2019-03-29 15:54:00,34.095,34.0999,34.095,34.0999,400.0
2019-03-29 15:55:00,34.0999,34.0999,34.075,34.075,400.0
2019-03-29 15:56:00,34.09,34.11,34.09,34.11,1400.0
2019-03-29 15:57:00,34.115,34.115,34.09,34.105,500.0
2019-03-29 15:58:00,34.11,34.11,34.11,34.11,100.0
2019-03-29 15:59:00,34.09,34.105,34.09,34.105,900.0
2019-03-29 16:00:00,34.0634,34.0634,34.0634,34.0634,2060.0
2019-04-01 09:31:00,34.56,34.56,34.56,34.56,0.0
2019-04-01 09:34:00,34.49,34.49,34.49,34.49,105.0
2019-04-01 09:36:00,34.47,34.47,34.47,34.47,284.0
2019-04-01 09:38:00,34.46,34.46,34.46,34.46,485.0
2019-04-01 09:41:00,34.46,34.46,34.46,34.46,2100.0
2019-04-01 09:43:00,34.42,34.42,34.42,34.42,1230.0
2019-04-01 09:52:00,34.43,34.43,34.43,34.43,601.0
2019-04-01 10:00:00,34.41,34.41,34.41,34.41,150.0
2019-04-01 10:02:00,34.4061,34.4061,34.4061,34.4061,1362.0
2019-04-01 10:08:00,34.4669,34.4669,34.4669,34.4669,1141.0
2019-04-01 10:12:00,34.4383,34.4383,34.4383,34.4383,484.0
2019-04-01 10:20:00,34.44,34.44,34.44,34.44,376.0
2019-04-01 10:26:00,34.4236,34.4236,34.4236,34.4236,204.0
2019-04-01 10:38:00,34.4999,34.4999,34.4999,34.4999,469.0
2019-04-01 10:43:00,34.5102,34.5102,34.5102,34.5102,159.0
2019-04-01 10:51:00,34.5032,34.5032,34.5032,34.5032,100.0
2019-04-01 11:01:00,34.53,34.53,34.53,34.53,612.0
2019-04-01 11:06:00,34.515,34.515,34.515,34.515,1160.0
2019-04-01 11:07:00,34.53,34.53,34.53,34.53,615.0
2019-04-01 11:16:00,34.5135,34.5135,34.5135,34.5135,335.0
2019-04-01 11:19:00,34.53,34.53,34.53,34.53,249.0
2019-04-01 11:28:00,34.5399,34.5399,34.5399,34.5399,161.0
2019-04-01 11:31:00,34.51,34.51,34.51,34.51,201.0
2019-04-01 11:35:00,34.49,34.49,34.49,34.49,328.0
2019-04-01 11:48:00,34.531,34.531,34.53,34.53,1193.0
2019-04-01 11:59:00,34.5799,34.5799,34.5799,34.5799,514.0
2019-04-01 12:01:00,34.57,34.58,34.57,34.58,5307.0
2019-04-01 12:06:00,34.5599,34.5599,34.5599,34.5599,475.0
2019-04-01 12:09:00,34.52,34.52,34.52,34.52,232.0
2019-04-01 12:13:00,34.5092,34.5092,34.5092,34.5092,362.0
2019-04-01 12:15:00,34.48,34.48,34.48,34.48,370.0
2019-04-01 12:32:00,34.55,34.55,34.55,34.55,114.0
2019-04-01 12:33:00,34.5379,34.5379,34.5379,34.5379,653.0
2019-04-01 12:51:00,34.5447,34.5447,34.5447,34.5447,317.0
2019-04-01 12:59:00,34.5499,34.5499,34.5499,34.5499,150.0
2019-04-01 13:02:00,34.53,34.53,34.53,34.53,390.0
2019-04-01 13:08:00,34.5699,34.5699,34.5699,34.5699,574.0
2019-04-01 13:21:00,34.55,34.55,34.55,34.55,132.0
2019-04-01 13:23:00,34.5256,34.5256,34.5256,34.5256,661.0
2019-04-01 13:30:00,34.5551,34.5551,34.5551,34.5551,3073.0
2019-04-01 13:31:00,34.54,34.54,34.54,34.54,321.0
2019-04-01 13:40:00,34.55,34.55,34.55,34.55,201.0
2019-04-01 13:44:00,34.56,34.56,34.56,34.56,100.0
2019-04-01 13:48:00,34.56,34.56,34.56,34.56,100.0
2019-04-01 13:50:00,34.544,34.544,34.544,34.544,1516.0
2019-04-01 13:53:00,34.57,34.57,34.57,34.57,202.0
2019-04-01 13:56:00,34.58,34.58,34.58,34.58,106.0
2019-04-01 14:00:00,34.58,34.58,34.58,34.58,200.0
2019-04-01 14:04:00,34.5673,34.5673,34.5673,34.5673,222.0
2019-04-01 14:05:00,34.5687,34.5687,34.5687,34.5687,558.0
2019-04-01 14:08:00,34.59,34.59,34.59,34.59,264.0
2019-04-01 14:09:00,34.55,34.55,34.55,34.55,823.0
2019-04-01 14:13:00,34.5999,34.5999,34.5999,34.5999,373.0
2019-04-01 14:15:00,34.58,34.58,34.58,34.58,100.0
2019-04-01 14:16:00,34.58,34.58,34.58,34.58,401.0
2019-04-01 14:20:00,34.594,34.594,34.594,34.594,967.0
2019-04-01 14:22:00,34.61,34.61,34.61,34.61,555.0
2019-04-01 14:26:00,34.61,34.61,34.61,34.61,101.0
2019-04-01 14:30:00,34.61,34.61,34.5823,34.5823,611.0
2019-04-01 14:33:00,34.61,34.61,34.61,34.61,200.0
2019-04-01 14:36:00,34.58,34.58,34.58,34.58,100.0
2019-04-01 14:37:00,34.61,34.61,34.61,34.61,200.0
2019-04-01 14:40:00,34.61,34.61,34.61,34.61,202.0
2019-04-01 14:42:00,34.58,34.58,34.58,34.58,200.0
2019-04-01 14:44:00,34.61,34.61,34.61,34.61,100.0
2019-04-01 14:48:00,34.5908,34.5908,34.5908,34.5908,216.0
2019-04-01 14:50:00,34.599,34.599,34.599,34.599,1000.0
2019-04-01 14:52:00,34.5908,34.5908,34.5908,34.5908,683.0
2019-04-01 14:54:00,34.61,34.61,34.61,34.61,100.0
2019-04-01 14:55:00,34.6038,34.6038,34.6038,34.6038,4877.0
2019-04-01 14:57:00,34.58,34.58,34.58,34.58,1074.0
2019-04-01 14:58:00,34.595,34.595,34.595,34.595,650.0
2019-04-01 15:00:00,34.61,34.61,34.61,34.61,101.0
2019-04-01 15:03:00,34.61,34.61,34.61,34.61,100.0
2019-04-01 15:05:00,34.61,34.61,34.61,34.61,100.0
2019-04-01 15:10:00,34.57,34.57,34.57,34.57,1577.0
2019-04-01 15:12:00,34.5699,34.5699,34.5699,34.5699,998.0
2019-04-01 15:23:00,34.57,34.57,34.57,34.57,1952.0
2019-04-01 15:25:00,34.57,34.57,34.57,34.57,500.0
2019-04-01 15:26:00,34.57,34.57,34.57,34.57,601.0
2019-04-01 15:28:00,34.57,34.57,34.57,34.57,315.0
2019-04-01 15:29:00,34.57,34.57,34.57,34.57,100.0
2019-04-01 15:30:00,34.57,34.57,34.57,34.57,601.0
2019-04-01 15:33:00,34.61,34.61,34.61,34.61,422.0
2019-04-01 15:35:00,34.57,34.57,34.57,34.57,384.0
2019-04-01 15:36:00,34.57,34.57,34.57,34.57,2600.0
2019-04-01 15:37:00,34.58,34.58,34.57,34.57,22000.0
2019-04-01 15:38:00,34.57,34.57,34.56,34.56,3320.0
2019-04-01 15:42:00,34.585,34.585,34.585,34.585,100.0
2019-04-01 15:44:00,34.58,34.58,34.58,34.58,700.0
2019-04-01 15:45:00,34.6,34.6,34.6,34.6,491.0
2019-04-01 15:50:00,34.57,34.57,34.57,34.57,500.0
2019-04-01 15:51:00,34.58,34.58,34.58,34.58,500.0
2019-04-01 15:52:00,34.57,34.57,34.57,34.57,190.0
2019-04-01 15:53:00,34.57,34.57,34.57,34.57,100.0
2019-04-01 15:56:00,34.57,34.57,34.57,34.57,445.0
2019-04-01 15:57:00,34.57,34.57,34.57,34.57,1817.0
2019-04-01 15:59:00,34.58,34.61,34.58,34.61,878.0
2019-04-01 16:00:00,34.54,34.54,34.54,34.54,1218.0
2019-04-02 09:31:00,34.63,34.63,34.61,34.61,0.0
2019-04-02 09:34:00,34.595,34.595,34.595,34.595,112.0
2019-04-02 09:41:00,34.59,34.59,34.59,34.59,227.0
2019-04-02 09:54:00,34.591,34.591,34.591,34.591,1062.0
2019-04-02 10:04:00,34.554,34.554,34.554,34.554,376.0
2019-04-02 10:08:00,34.57,34.57,34.57,34.57,149.0
2019-04-02 10:09:00,34.56,34.56,34.56,34.56,300.0
2019-04-02 10:10:00,34.5616,34.5616,34.5616,34.5616,118.0
2019-04-02 10:11:00,34.57,34.57,34.57,34.57,249.0
2019-04-02 10:14:00,34.57,34.57,34.57,34.57,257.0
2019-04-02 10:16:00,34.57,34.58,34.57,34.57,2170.0
2019-04-02 10:18:00,34.5825,34.5825,34.5825,34.5825,208.0
2019-04-02 10:20:00,34.5787,34.5787,34.5787,34.5787,339.0
2019-04-02 10:22:00,34.6081,34.6081,34.6081,34.6081,1666.0
2019-04-02 10:29:00,34.6284,34.6284,34.6284,34.6284,294.0
2019-04-02 10:33:00,34.5807,34.5807,34.5807,34.5807,320.0
2019-04-02 10:34:00,34.5983,34.5983,34.5983,34.5983,330.0
2019-04-02 10:36:00,34.57,34.57,34.56,34.56,263.0
2019-04-02 10:39:00,34.5981,34.5981,34.5981,34.5981,278.0
2019-04-02 11:02:00,34.49,34.49,34.48,34.48,1069.0
2019-04-02 11:03:00,34.47,34.47,34.47,34.47,350.0
2019-04-02 11:10:00,34.42,34.42,34.42,34.42,187.0
2019-04-02 11:11:00,34.4001,34.4147,34.4001,34.4147,1655.0
2019-04-02 11:13:00,34.405,34.405,34.405,34.405,636.0
2019-04-02 11:14:00,34.42,34.42,34.42,34.42,191.0
2019-04-02 11:16:00,34.4299,34.4299,34.41,34.41,851.0
2019-04-02 11:17:00,34.41,34.41,34.41,34.41,200.0
2019-04-02 11:20:00,34.447,34.447,34.447,34.447,136.0
2019-04-02 11:22:00,34.4549,34.4549,34.4549,34.4549,1022.0
2019-04-02 11:28:00,34.455,34.455,34.455,34.455,146.0
2019-04-02 11:33:00,34.4401,34.4401,34.4401,34.4401,537.0
2019-04-02 11:40:00,34.46,34.4709,34.46,34.46,2430.0
2019-04-02 11:42:00,34.47,34.47,34.4633,34.4633,1106.0
2019-04-02 11:47:00,34.47,34.47,34.47,34.47,4.0
2019-04-02 12:02:00,34.46,34.46,34.44,34.44,604.0
2019-04-02 12:19:00,34.4784,34.4784,34.4784,34.4784,179.0
2019-04-02 12:23:00,34.46,34.46,34.46,34.46,202.0
2019-04-02 12:24:00,34.4502,34.4502,34.4502,34.4502,557.0
2019-04-02 12:32:00,34.4313,34.45,34.4313,34.45,327.0
2019-04-02 12:40:00,34.441,34.441,34.441,34.441,348.0
2019-04-02 12:48:00,34.4395,34.4395,34.4395,34.4395,1842.0
2019-04-02 13:01:00,34.4877,34.4877,34.4877,34.4877,300.0
2019-04-02 13:18:00,34.4993,34.4993,34.4993,34.4993,290.0
2019-04-02 13:25:00,34.4834,34.4834,34.4834,34.4834,970.0
2019-04-02 13:37:00,34.5337,34.5337,34.5337,34.5337,253.0
2019-04-02 13:46:00,34.5599,34.5599,34.51,34.51,1811.0
2019-04-02 13:53:00,34.485,34.485,34.485,34.485,575.0
2019-04-02 14:16:00,34.458,34.458,34.458,34.458,298.0
2019-04-02 14:17:00,34.4401,34.4401,34.4401,34.4401,166.0
2019-04-02 14:19:00,34.4999,34.5,34.4999,34.5,238.0
2019-04-02 14:22:00,34.4999,34.4999,34.4999,34.4999,325.0
2019-04-02 14:26:00,34.545,34.545,34.545,34.545,361.0
2019-04-02 14:30:00,34.52,34.52,34.52,34.52,210.0
2019-04-02 14:36:00,34.5438,34.5438,34.5438,34.5438,424.0
2019-04-02 14:39:00,34.53,34.5429,34.53,34.53,697.0
2019-04-02 14:41:00,34.517,34.53,34.5,34.53,1178.0
2019-04-02 14:54:00,34.5599,34.5599,34.5599,34.5599,162.0
2019-04-02 14:59:00,34.54,34.55,34.54,34.545,4211.0
2019-04-02 15:01:00,34.54,34.54,34.54,34.54,112.0
2019-04-02 15:02:00,34.54,34.54,34.54,34.54,206.0
2019-04-02 15:03:00,34.54,34.54,34.54,34.54,100.0
2019-04-02 15:06:00,34.52,34.52,34.52,34.52,100.0
2019-04-02 15:07:00,34.5599,34.5599,34.55,34.55,218.0
2019-04-02 15:09:00,34.5131,34.5131,34.5131,34.5131,272.0
2019-04-02 15:13:00,34.5399,34.5399,34.5399,34.5399,118.0
2019-04-02 15:18:00,34.5399,34.5399,34.5399,34.5399,100.0
2019-04-02 15:23:00,34.5399,34.5399,34.5226,34.5226,251.0
2019-04-02 15:27:00,34.5399,34.5399,34.5399,34.5399,176.0
2019-04-02 15:31:00,34.5299,34.5299,34.5299,34.5299,207.0
2019-04-02 15:35:00,34.5299,34.5299,34.5299,34.5299,102.0
2019-04-02 15:39:00,34.5299,34.5299,34.5299,34.5299,100.0
2019-04-02 15:43:00,34.5299,34.5299,34.5299,34.5299,100.0
2019-04-02 15:44:00,34.49,34.49,34.49,34.49,137.0
2019-04-02 15:46:00,34.5299,34.5299,34.5299,34.5299,100.0
2019-04-02 15:47:00,34.5233,34.5233,34.5233,34.5233,281.0
2019-04-02 15:48:00,34.51,34.5299,34.51,34.5299,495.0
2019-04-02 15:49:00,34.54,34.54,34.54,34.54,1972.0
2019-04-02 15:50:00,34.5399,34.5399,34.5399,34.5399,131.0
2019-04-02 15:52:00,34.5399,34.5399,34.5399,34.5399,100.0
2019-04-02 15:54:00,34.5299,34.5299,34.5299,34.5299,100.0
2019-04-02 15:55:00,34.5024,34.53,34.5024,34.53,709.0
2019-04-02 15:56:00,34.5299,34.5299,34.5299,34.5299,100.0
2019-04-02 15:58:00,34.5199,34.5199,34.5199,34.5199,100.0
2019-04-02 15:59:00,34.5199,34.52,34.5199,34.52,406.0
2019-04-03 09:34:00,34.8168,34.8168,34.81,34.81,0.0
2019-04-03 09:38:00,34.82,34.85,34.82,34.82,2712.0
2019-04-03 09:42:00,34.85,34.85,34.84,34.84,690.0
2019-04-03 09:48:00,34.875,34.875,34.875,34.875,255.0
2019-04-03 09:50:00,34.85,34.85,34.83,34.83,251.0
2019-04-03 10:02:00,34.826,34.826,34.826,34.826,263.0
2019-04-03 10:07:00,34.8001,34.8001,34.8001,34.8001,569.0
2019-04-03 10:09:00,34.8379,34.8379,34.8379,34.8379,106.0
2019-04-03 10:10:00,34.8399,34.8399,34.8399,34.8399,286.0
2019-04-03 10:11:00,34.84,34.84,34.84,34.84,300.0
2019-04-03 10:12:00,34.84,34.84,34.84,34.84,100.0
2019-04-03 10:13:00,34.8702,34.8933,34.8702,34.8933,389.0
2019-04-03 10:16:00,34.85,34.86,34.85,34.86,400.0
2019-04-03 10:17:00,34.87,34.87,34.87,34.87,276.0
2019-04-03 10:24:00,34.87,34.87,34.87,34.87,1840.0
2019-04-03 10:30:00,34.87,34.87,34.87,34.87,1600.0
2019-04-03 10:36:00,34.91,34.91,34.91,34.91,1825.0
2019-04-03 10:38:00,34.88,34.88,34.88,34.88,100.0
2019-04-03 10:40:00,34.9451,34.9451,34.9451,34.9451,381.0
2019-04-03 10:42:00,34.9329,34.9371,34.91,34.9371,3604.0
2019-04-03 10:56:00,34.89,34.89,34.89,34.89,271.0
2019-04-03 11:02:00,34.88,34.88,34.88,34.88,311.0
2019-04-03 11:04:00,34.8932,34.91,34.8932,34.9,3420.0
2019-04-03 11:05:00,34.9,34.93,34.9,34.9,1300.0
2019-04-03 11:06:00,34.9,34.94,34.9,34.94,1508.0
2019-04-03 11:14:00,34.89,34.8945,34.89,34.8945,584.0
2019-04-03 11:16:00,34.89,34.8999,34.89,34.8999,330.0
2019-04-03 11:21:00,34.9,34.9,34.9,34.9,200.0
2019-04-03 11:24:00,34.8812,34.8812,34.8812,34.8812,522.0
2019-04-03 11:25:00,34.8899,34.8899,34.8899,34.8899,185.0
2019-04-03 11:28:00,34.86,34.86,34.86,34.86,300.0
2019-04-03 11:29:00,34.8766,34.8766,34.8766,34.8766,592.0
2019-04-03 11:39:00,34.8701,34.8701,34.8701,34.8701,172.0
2019-04-03 11:46:00,34.9252,34.9252,34.9252,34.9252,203.0
2019-04-03 11:54:00,34.92,34.92,34.92,34.92,525.0
2019-04-03 11:55:00,34.9,34.9,34.9,34.9,100.0
2019-04-03 11:56:00,34.9724,34.9724,34.9724,34.9724,859.0
2019-04-03 12:18:00,34.9394,34.9394,34.9394,34.9394,269.0
2019-04-03 12:26:00,34.95,34.95,34.95,34.95,100.0
2019-04-03 12:27:00,34.91,34.91,34.91,34.91,165.0
2019-04-03 12:28:00,34.92,34.92,34.92,34.92,413.0
2019-04-03 12:41:00,34.9099,34.9099,34.8972,34.8972,2900.0
2019-04-03 12:54:00,34.8895,34.8895,34.8895,34.8895,346.0
2019-04-03 12:55:00,34.89,34.895,34.8718,34.8718,1149.0
2019-04-03 12:57:00,34.879,34.879,34.865,34.8653,750.0
2019-04-03 13:01:00,34.8799,34.8799,34.8799,34.8799,920.0
2019-04-03 13:02:00,34.87,34.87,34.87,34.87,103.0
2019-04-03 13:04:00,34.9,34.9,34.9,34.9,345.0
2019-04-03 13:09:00,34.9149,34.9149,34.9149,34.9149,145.0
2019-04-03 13:10:00,34.88,34.88,34.88,34.88,100.0
2019-04-03 13:13:00,34.9339,34.9339,34.9339,34.9339,304.0
2019-04-03 13:14:00,34.9,34.9,34.9,34.9,426.0
2019-04-03 13:32:00,34.86,34.86,34.86,34.86,201.0
2019-04-03 13:34:00,34.855,34.855,34.855,34.855,396.0
2019-04-03 13:48:00,34.81,34.84,34.81,34.84,224.0
2019-04-03 13:51:00,34.84,34.84,34.8236,34.8236,1279.0
2019-04-03 14:02:00,34.7799,34.7799,34.7799,34.7799,140.0
2019-04-03 14:03:00,34.76,34.76,34.76,34.76,200.0
2019-04-03 14:05:00,34.759,34.759,34.759,34.759,382.0
2019-04-03 14:07:00,34.758,34.76,34.758,34.76,5001.0
2019-04-03 14:10:00,34.76,34.76,34.76,34.76,524.0
2019-04-03 14:11:00,34.755,34.77,34.755,34.77,1390.0
2019-04-03 14:12:00,34.745,34.75,34.745,34.75,200.0
2019-04-03 14:13:00,34.75,34.75,34.75,34.75,678.0
2019-04-03 14:15:00,34.75,34.75,34.75,34.75,193.0
2019-04-03 14:24:00,34.7431,34.7431,34.7431,34.7431,189.0
2019-04-03 14:25:00,34.7305,34.7305,34.7305,34.7305,458.0
2019-04-03 14:35:00,34.7599,34.7599,34.7599,34.7599,100.0
2019-04-03 14:36:00,34.74,34.74,34.74,34.74,102.0
2019-04-03 14:38:00,34.74,34.74,34.74,34.74,2525.0
2019-04-03 14:41:00,34.73,34.73,34.73,34.73,310.0
2019-04-03 14:45:00,34.719,34.719,34.719,34.719,218.0
2019-04-03 14:50:00,34.7399,34.7399,34.7399,34.7399,100.0
2019-04-03 14:51:00,34.72,34.74,34.72,34.73,487.0
2019-04-03 14:53:00,34.7399,34.74,34.7399,34.74,435.0
2019-04-03 14:54:00,34.7399,34.7399,34.7399,34.7399,100.0
2019-04-03 14:56:00,34.74,34.8,34.74,34.74,10466.0
2019-04-03 14:59:00,34.7425,34.7425,34.7425,34.7425,102.0
2019-04-03 15:03:00,34.7599,34.7599,34.7542,34.7542,812.0
2019-04-03 15:04:00,34.74,34.74,34.74,34.74,100.0
2019-04-03 15:08:00,34.735,34.735,34.735,34.735,100.0
2019-04-03 15:09:00,34.7392,34.7392,34.7392,34.7392,587.0
2019-04-03 15:12:00,34.7,34.7,34.7,34.7,161.0
2019-04-03 15:13:00,34.6982,34.6982,34.6982,34.6982,121.0
2019-04-03 15:17:00,34.69,34.69,34.69,34.69,100.0
2019-04-03 15:20:00,34.6999,34.6999,34.6999,34.6999,100.0
2019-04-03 15:23:00,34.6999,34.6999,34.6999,34.6999,108.0
2019-04-03 15:26:00,34.715,34.715,34.715,34.715,100.0
2019-04-03 15:28:00,34.7,34.7,34.7,34.7,200.0
2019-04-03 15:29:00,34.72,34.72,34.72,34.72,100.0
2019-04-03 15:30:00,34.7699,34.7699,34.7699,34.7699,100.0
2019-04-03 15:31:00,34.74,34.74,34.74,34.74,105.0
2019-04-03 15:32:00,34.75,34.75,34.75,34.75,100.0
2019-04-03 15:35:00,34.7599,34.7599,34.7599,34.7599,100.0
2019-04-03 15:38:00,34.7525,34.755,34.7494,34.75,1605.0
2019-04-03 15:40:00,34.7437,34.7437,34.7437,34.7437,100.0
2019-04-03 15:41:00,34.7699,34.7699,34.7699,34.7699,100.0
2019-04-03 15:43:00,34.7599,34.7599,34.7599,34.7599,135.0
2019-04-03 15:45:00,34.7488,34.75,34.7487,34.75,934.0
2019-04-03 15:47:00,34.7525,34.7525,34.7525,34.7525,100.0
2019-04-03 15:48:00,34.755,34.755,34.755,34.755,100.0
2019-04-03 15:49:00,34.75,34.75,34.75,34.75,100.0
2019-04-03 15:51:00,34.75,34.75,34.75,34.75,176.0
2019-04-03 15:52:00,34.75,34.75,34.75,34.75,102.0
2019-04-03 15:54:00,34.75,34.75,34.75,34.75,100.0
2019-04-03 15:55:00,34.755,34.755,34.755,34.755,100.0
2019-04-03 15:56:00,34.755,34.755,34.755,34.755,100.0
2019-04-03 15:57:00,34.7446,34.7446,34.7446,34.7446,471.0
2019-04-03 15:59:00,34.7575,34.7575,34.7575,34.7575,200.0
2019-04-03 16:00:00,34.75,34.75,34.73,34.73,620.0
