
2019-03-19 09:31:00,24.24,24.24,24.24,24.24,0.0
2019-03-19 09:37:00,24.21,24.21,24.21,24.21,425.0
2019-03-19 09:39:00,24.24,24.24,24.24,24.24,156.0
2019-03-19 09:40:00,24.24,24.24,24.24,24.24,100.0
2019-03-19 09:44:00,24.24,24.24,24.24,24.24,100.0
2019-03-19 09:52:00,24.2139,24.2139,24.2139,24.2139,944.0
2019-03-19 09:53:00,24.24,24.24,24.2,24.24,456.0
2019-03-19 10:02:00,24.2,24.2,24.2,24.2,1403.0
2019-03-19 10:07:00,24.25,24.25,24.25,24.25,113.0
2019-03-19 10:09:00,24.2278,24.2278,24.2278,24.2278,360.0
2019-03-19 10:12:00,24.2202,24.2202,24.2202,24.2202,1177.0
2019-03-19 10:26:00,24.2108,24.2108,24.2108,24.2108,480.0
2019-03-19 10:29:00,24.22,24.23,24.22,24.23,400.0
2019-03-19 10:34:00,24.2201,24.25,24.2201,24.25,1000.0
2019-03-19 10:35:00,24.2244,24.2244,24.2244,24.2244,401.0
2019-03-19 11:03:00,24.2301,24.2301,24.2301,24.2301,705.0
2019-03-19 11:15:00,24.24,24.24,24.24,24.24,400.0
2019-03-19 11:18:00,24.2325,24.24,24.23,24.24,4594.0
2019-03-19 11:51:00,24.25,24.25,24.24,24.24,367.0
2019-03-19 11:52:00,24.25,24.25,24.25,24.25,340.0
2019-03-19 12:07:00,24.245,24.245,24.2399,24.245,1045.0
2019-03-19 12:09:00,24.24,24.2499,24.24,24.2499,351.0
2019-03-19 12:20:00,24.24,24.24,24.22,24.22,1614.0
2019-03-19 12:21:00,24.22,24.23,24.22,24.23,2204.0
2019-03-19 12:23:00,24.24,24.24,24.24,24.24,364.0
2019-03-19 12:24:00,24.24,24.25,24.2348,24.25,7567.0
2019-03-19 12:33:00,24.2602,24.2602,24.2602,24.2602,409.0
2019-03-19 12:39:00,24.25,24.25,24.25,24.25,601.0
2019-03-19 12:47:00,24.24,24.24,24.21,24.21,306.0
2019-03-19 12:49:00,24.21,24.21,24.21,24.21,119.0
2019-03-19 12:56:00,24.23,24.23,24.23,24.23,130.0
2019-03-19 13:00:00,24.2176,24.2176,24.2176,24.2176,300.0
2019-03-19 13:03:00,24.23,24.23,24.205,24.23,569.0
2019-03-19 13:07:00,24.23,24.23,24.2299,24.23,490.0
2019-03-19 13:09:00,24.2443,24.2443,24.2443,24.2443,1485.0
2019-03-19 13:44:00,24.23,24.23,24.23,24.23,824.0
2019-03-19 13:45:00,24.22,24.24,24.22,24.24,478.0
2019-03-19 13:46:00,24.24,24.24,24.2397,24.2397,1440.0
2019-03-19 13:49:00,24.2268,24.2268,24.2268,24.2268,438.0
2019-03-19 13:59:00,24.24,24.25,24.2303,24.2303,2949.0
2019-03-19 14:01:00,24.2433,24.2433,24.2433,24.2433,165.0
2019-03-19 14:07:00,24.2443,24.27,24.2443,24.27,527.0
2019-03-19 14:33:00,24.2495,24.2495,24.2462,24.2462,365.0
2019-03-19 14:36:00,24.24,24.2427,24.24,24.2427,300.0
2019-03-19 14:39:00,24.24,24.24,24.24,24.24,100.0
2019-03-19 14:43:00,24.2538,24.2538,24.2538,24.2538,500.0
2019-03-19 14:50:00,24.2525,24.2525,24.2525,24.2525,200.0
2019-03-19 14:58:00,24.2523,24.2523,24.2523,24.2523,160.0
2019-03-19 15:05:00,24.24,24.24,24.24,24.24,120.0
2019-03-19 15:07:00,24.26,24.3898,24.2525,24.34,2850.0
2019-03-19 15:18:00,24.27,24.2729,24.27,24.2729,700.0
2019-03-19 15:19:00,24.27,24.27,24.27,24.27,200.0
2019-03-19 15:20:00,24.2584,24.2584,24.2584,24.2584,330.0
2019-03-19 15:24:00,24.24,24.24,24.24,24.24,324.0
2019-03-19 15:25:00,24.24,24.24,24.24,24.24,770.0
2019-03-19 15:35:00,24.2299,24.24,24.221,24.24,1820.0
2019-03-19 15:40:00,24.22,24.22,24.22,24.22,140.0
2019-03-19 15:43:00,24.22,24.22,24.22,24.22,200.0
2019-03-19 15:59:00,24.23,24.23,24.23,24.23,209.0
2019-03-19 16:00:00,24.25,24.25,24.25,24.25,513.0
2019-03-20 09:31:00,24.12,24.12,24.12,24.12,0.0
2019-03-20 09:33:00,23.9955,23.9955,23.9955,23.9955,500.0
2019-03-20 09:56:00,23.99,24.06,23.98,24.06,2229.0
2019-03-20 09:57:00,23.98,23.98,23.98,23.98,150.0
2019-03-20 09:58:00,23.98,23.98,23.98,23.98,641.0
2019-03-20 10:00:00,24.0,24.0,24.0,24.0,300.0
2019-03-20 10:05:00,24.0058,24.0058,24.0058,24.0058,200.0
2019-03-20 10:13:00,24.024,24.024,24.024,24.024,300.0
2019-03-20 10:18:00,23.99,23.99,23.99,23.99,300.0
2019-03-20 10:23:00,23.99,23.99,23.99,23.99,388.0
2019-03-20 10:35:00,23.93,24.0,23.93,23.96,2903.0
2019-03-20 10:47:00,24.02,24.02,24.02,24.02,134.0
2019-03-20 10:50:00,24.02,24.02,24.01,24.0101,700.0
2019-03-20 10:53:00,24.0,24.0001,24.0,24.0,1534.0
2019-03-20 11:20:00,24.02,24.03,24.017,24.02,1038.0
2019-03-20 11:35:00,24.03,24.03,24.029,24.029,495.0
2019-03-20 11:36:00,24.011,24.011,24.01,24.01,727.0
2019-03-20 11:39:00,24.0,24.0,24.0,24.0,3171.0
2019-03-20 11:46:00,23.9665,23.9665,23.9665,23.9665,200.0
2019-03-20 11:49:00,23.96,23.96,23.96,23.96,500.0
2019-03-20 11:51:00,23.95,24.01,23.95,23.98,3350.0
2019-03-20 11:59:00,23.96,23.96,23.93,23.9348,600.0
2019-03-20 12:13:00,23.93,23.93,23.921,23.921,1116.0
2019-03-20 12:37:00,23.92,23.9355,23.92,23.9355,200.0
2019-03-20 12:41:00,23.94,23.94,23.94,23.94,500.0
2019-03-20 13:00:00,23.94,23.95,23.94,23.95,725.0
2019-03-20 13:10:00,23.9518,23.9518,23.9518,23.9518,100.0
2019-03-20 13:53:00,23.9101,23.9101,23.9101,23.9101,995.0
2019-03-20 14:01:00,23.97,24.01,23.97,24.01,745.0
2019-03-20 14:03:00,24.02,24.03,24.02,24.03,500.0
2019-03-20 14:27:00,24.0328,24.0328,24.0328,24.0328,250.0
2019-03-20 14:35:00,24.05,24.05,24.05,24.05,400.0
2019-03-20 14:36:00,24.05,24.05,24.05,24.05,100.0
2019-03-20 14:38:00,24.05,24.05,24.05,24.05,646.0
2019-03-20 14:49:00,24.0431,24.0431,24.0431,24.0431,295.0
2019-03-20 14:55:00,24.05,24.05,24.0463,24.0463,4387.0
2019-03-20 15:11:00,24.08,24.1,24.059,24.1,2488.0
2019-03-20 15:13:00,24.0851,24.0851,24.0851,24.0851,300.0
2019-03-20 15:15:00,24.082,24.082,24.082,24.082,390.0
2019-03-20 15:19:00,24.0793,24.0793,24.0793,24.0793,600.0
2019-03-20 15:23:00,24.1,24.1,24.1,24.1,520.0
2019-03-20 15:33:00,24.06,24.06,24.06,24.06,324.0
2019-03-20 15:34:00,24.05,24.05,24.05,24.05,200.0
2019-03-20 15:35:00,24.0346,24.0346,24.0331,24.0331,200.0
2019-03-20 15:41:00,24.05,24.05,24.05,24.05,285.0
2019-03-20 15:44:00,24.03,24.03,24.03,24.03,175.0
2019-03-20 15:45:00,24.0366,24.0366,24.0366,24.0366,389.0
2019-03-20 15:57:00,24.05,24.05,24.0431,24.0431,255.0
2019-03-20 16:00:00,24.05,24.05,24.05,24.05,322.0
2019-03-21 09:31:00,24.04,24.04,24.04,24.04,3590.0
2019-03-21 09:46:00,24.024,24.024,24.024,24.024,860.0
2019-03-21 09:47:00,24.01,24.01,24.0,24.0,302.0
2019-03-21 09:59:00,24.0472,24.0472,24.0472,24.0472,500.0
2019-03-21 10:08:00,24.1265,24.1273,24.12,24.1273,500.0
2019-03-21 10:15:00,24.0859,24.0859,24.0859,24.0859,400.0
2019-03-21 10:23:00,24.11,24.11,24.11,24.11,396.0
2019-03-21 10:25:00,24.13,24.15,24.13,24.15,600.0
2019-03-21 10:28:00,24.11,24.11,24.11,24.11,500.0
2019-03-21 10:32:00,24.09,24.09,24.08,24.08,694.0
2019-03-21 10:46:00,24.13,24.13,24.13,24.13,200.0
2019-03-21 10:57:00,24.1,24.1,24.08,24.08,625.0
2019-03-21 11:01:00,24.13,24.13,24.13,24.13,626.0
2019-03-21 11:11:00,24.11,24.11,24.11,24.11,443.0
2019-03-21 11:35:00,24.173,24.173,24.173,24.173,750.0
2019-03-21 11:48:00,24.17,24.17,24.1653,24.1653,1154.0
2019-03-21 12:53:00,24.07,24.07,24.07,24.07,398.0
2019-03-21 13:39:00,24.05,24.05,24.05,24.05,100.0
2019-03-21 13:58:00,24.1003,24.1003,24.1003,24.1003,509.0
2019-03-21 14:19:00,24.0901,24.0901,24.0901,24.0901,5223.0
2019-03-21 14:26:00,24.1229,24.1229,24.1229,24.1229,500.0
2019-03-21 14:33:00,24.1453,24.1453,24.1453,24.1453,950.0
2019-03-21 14:36:00,24.1,24.1,24.1,24.1,100.0
2019-03-21 15:04:00,24.1425,24.1425,24.1425,24.1425,136.0
2019-03-21 15:16:00,24.2,24.2,24.2,24.2,300.0
2019-03-21 15:31:00,24.169,24.169,24.169,24.169,206.0
2019-03-21 15:43:00,24.1623,24.1623,24.1623,24.1623,1000.0
2019-03-21 15:45:00,24.1977,24.1977,24.1977,24.1977,1662.0
2019-03-21 15:50:00,24.17,24.17,24.17,24.17,988.0
2019-03-21 15:58:00,24.1862,24.1862,24.1862,24.1862,1700.0
2019-03-21 15:59:00,24.21,24.21,24.21,24.21,200.0
2019-03-22 09:31:00,23.9601,23.9701,23.9601,23.9701,0.0
2019-03-22 09:33:00,24.14,24.14,24.14,24.14,304.0
2019-03-22 09:34:00,24.0101,24.0101,24.0101,24.0101,197.0
2019-03-22 09:35:00,24.0801,24.0801,24.0801,24.0801,192.0
2019-03-22 09:46:00,24.2045,24.2045,24.2045,24.2045,210.0
2019-03-22 09:49:00,24.1001,24.1001,24.1001,24.1001,287.0
2019-03-22 09:51:00,24.15,24.16,24.15,24.16,200.0
2019-03-22 09:53:00,24.13,24.13,24.115,24.12,536.0
2019-03-22 09:55:00,24.1153,24.1153,24.1153,24.1153,285.0
2019-03-22 09:57:00,24.1,24.1086,24.1,24.1033,696.0
2019-03-22 09:58:00,24.09,24.09,24.05,24.07,600.0
2019-03-22 09:59:00,24.0,24.0,23.97,23.97,759.0
2019-03-22 10:06:00,24.02,24.02,23.94,23.94,1490.0
2019-03-22 10:07:00,23.9843,23.9843,23.9596,23.9596,660.0
2019-03-22 10:12:00,24.0118,24.0118,24.0118,24.0118,150.0
2019-03-22 10:13:00,24.01,24.01,24.01,24.01,282.0
2019-03-22 10:15:00,24.0303,24.0303,24.0303,24.0303,1969.0
2019-03-22 10:30:00,24.03,24.03,24.03,24.03,410.0
2019-03-22 10:40:00,24.05,24.05,24.05,24.05,265.0
2019-03-22 10:46:00,24.0301,24.0301,24.0301,24.0301,331.0
2019-03-22 10:49:00,24.03,24.03,24.03,24.03,880.0
2019-03-22 10:51:00,24.03,24.03,24.03,24.03,200.0
2019-03-22 11:00:00,24.0,24.0212,24.0,24.0,404.0
2019-03-22 11:13:00,24.005,24.005,24.0,24.0009,900.0
2019-03-22 11:14:00,23.981,23.981,23.981,23.981,400.0
2019-03-22 11:15:00,23.97,23.97,23.97,23.97,102.0
2019-03-22 11:16:00,23.98,23.99,23.98,23.99,407.0
2019-03-22 11:45:00,23.96,23.96,23.96,23.96,282.0
2019-03-22 11:54:00,23.95,23.95,23.94,23.94,1240.0
2019-03-22 11:56:00,23.9117,23.9117,23.9117,23.9117,150.0
2019-03-22 12:00:00,23.89,23.89,23.89,23.89,1050.0
2019-03-22 12:03:00,23.851,23.8577,23.85,23.85,1606.0
2019-03-22 12:21:00,23.8702,23.8702,23.8702,23.8702,1001.0
2019-03-22 12:27:00,23.8818,23.8818,23.8818,23.8818,203.0
2019-03-22 12:35:00,23.85,23.85,23.85,23.85,1000.0
2019-03-22 12:42:00,23.85,23.85,23.85,23.85,200.0
2019-03-22 12:44:00,23.86,23.86,23.86,23.86,102.0
2019-03-22 12:51:00,23.86,23.86,23.86,23.86,100.0
2019-03-22 12:52:00,23.86,23.86,23.86,23.86,173.0
2019-03-22 13:02:00,23.87,23.89,23.86,23.89,1718.0
2019-03-22 13:04:00,23.874,23.874,23.874,23.874,300.0
2019-03-22 13:08:00,23.89,23.89,23.89,23.89,200.0
2019-03-22 13:09:00,23.89,23.89,23.8885,23.89,735.0
2019-03-22 13:10:00,23.9,23.9,23.9,23.9,1435.0
2019-03-22 13:13:00,23.89,23.89,23.89,23.89,286.0
2019-03-22 13:14:00,23.87,23.87,23.86,23.86,420.0
2019-03-22 13:16:00,23.85,23.85,23.85,23.85,198.0
2019-03-22 13:21:00,23.865,23.865,23.865,23.865,115.0
2019-03-22 13:33:00,23.88,23.88,23.88,23.88,220.0
2019-03-22 13:41:00,23.87,23.89,23.87,23.89,621.0
2019-03-22 13:46:00,23.87,23.88,23.87,23.88,928.0
2019-03-22 13:51:00,23.8773,23.88,23.8773,23.8789,1500.0
2019-03-22 13:53:00,23.86,23.86,23.86,23.86,100.0
2019-03-22 13:54:00,23.86,23.86,23.85,23.85,942.0
2019-03-22 13:55:00,23.82,23.821,23.8,23.8,504.0
2019-03-22 14:10:00,23.81,23.81,23.81,23.81,100.0
2019-03-22 14:16:00,23.84,23.84,23.84,23.84,222.0
2019-03-22 14:19:00,23.9,23.9,23.9,23.9,120.0
2019-03-22 14:35:00,23.89,23.89,23.89,23.89,200.0
2019-03-22 14:43:00,23.87,23.87,23.87,23.87,101.0
2019-03-22 14:44:00,23.9,23.9,23.9,23.9,160.0
2019-03-22 14:46:00,23.92,23.95,23.92,23.92,880.0
2019-03-22 14:50:00,23.93,23.93,23.93,23.93,100.0
2019-03-22 15:05:00,23.94,23.94,23.94,23.94,303.0
2019-03-22 15:06:00,23.92,23.92,23.92,23.92,175.0
2019-03-22 15:07:00,23.92,23.92,23.92,23.92,100.0
2019-03-22 15:08:00,23.93,23.93,23.93,23.93,124.0
2019-03-22 15:12:00,23.94,23.94,23.93,23.94,856.0
2019-03-22 15:29:00,23.91,23.91,23.9,23.9,323.0
2019-03-22 15:31:00,23.89,23.89,23.89,23.89,300.0
2019-03-22 15:35:00,23.88,23.88,23.88,23.88,200.0
2019-03-22 15:38:00,23.85,23.85,23.85,23.85,180.0
2019-03-22 15:49:00,23.85,23.85,23.85,23.85,200.0
2019-03-22 15:50:00,23.85,23.85,23.85,23.85,104.0
2019-03-22 15:52:00,23.85,23.85,23.85,23.85,103.0
2019-03-22 15:57:00,23.85,23.85,23.85,23.85,199.0
2019-03-22 16:00:00,23.86,23.88,23.86,23.88,660.0
2019-03-25 09:31:00,23.88,23.88,23.88,23.88,2326.0
2019-03-25 09:33:00,23.86,23.86,23.86,23.86,150.0
2019-03-25 09:35:00,23.81,23.81,23.81,23.81,184.0
2019-03-25 09:42:00,23.78,23.78,23.78,23.78,510.0
2019-03-25 09:46:00,23.75,23.75,23.7,23.7,3571.0
2019-03-25 09:51:00,23.65,23.65,23.65,23.65,400.0
2019-03-25 09:59:00,23.6135,23.6135,23.6135,23.6135,2710.0
2019-03-25 10:04:00,23.59,23.6,23.59,23.6,5776.0
2019-03-25 10:09:00,23.63,23.63,23.63,23.63,338.0
2019-03-25 10:12:00,23.63,23.63,23.63,23.63,426.0
2019-03-25 10:19:00,23.58,23.58,23.58,23.58,100.0
2019-03-25 10:26:00,23.6082,23.6082,23.52,23.52,4561.0
2019-03-25 10:31:00,23.5999,23.5999,23.5999,23.5999,321.0
2019-03-25 10:32:00,23.57,23.57,23.57,23.57,621.0
2019-03-25 10:40:00,23.5401,23.5401,23.5401,23.5401,103.0
2019-03-25 10:46:00,23.5586,23.5586,23.5586,23.5586,151.0
2019-03-25 10:49:00,23.5586,23.5586,23.5586,23.5586,161.0
2019-03-25 10:52:00,23.6,23.6,23.6,23.6,1597.0
2019-03-25 10:53:00,23.626,23.626,23.626,23.626,747.0
2019-03-25 10:58:00,23.59,23.59,23.55,23.5533,4323.0
2019-03-25 11:04:00,23.56,23.56,23.56,23.56,100.0
2019-03-25 11:08:00,23.5695,23.5695,23.55,23.55,1489.0
2019-03-25 11:10:00,23.55,23.55,23.55,23.55,100.0
2019-03-25 11:12:00,23.54,23.5444,23.54,23.5444,2289.0
2019-03-25 11:21:00,23.56,23.57,23.56,23.57,1143.0
2019-03-25 11:23:00,23.54,23.54,23.54,23.54,447.0
2019-03-25 11:24:00,23.52,23.52,23.52,23.52,546.0
2019-03-25 11:25:00,23.5,23.5,23.45,23.45,6454.0
2019-03-25 11:26:00,23.47,23.47,23.47,23.47,5742.0
2019-03-25 11:28:00,23.5,23.5,23.5,23.5,500.0
2019-03-25 11:30:00,23.52,23.52,23.52,23.52,1336.0
2019-03-25 11:46:00,23.48,23.48,23.48,23.48,514.0
2019-03-25 11:50:00,23.49,23.49,23.49,23.49,150.0
2019-03-25 11:56:00,23.46,23.46,23.46,23.46,150.0
2019-03-25 12:01:00,23.5,23.5,23.5,23.5,208.0
2019-03-25 12:06:00,23.492,23.492,23.492,23.492,100.0
2019-03-25 12:21:00,23.5075,23.5075,23.5075,23.5075,100.0
2019-03-25 12:23:00,23.46,23.46,23.46,23.46,200.0
2019-03-25 12:26:00,23.481,23.481,23.481,23.481,464.0
2019-03-25 12:31:00,23.5,23.5,23.5,23.5,116.0
2019-03-25 12:37:00,23.5,23.5,23.5,23.5,1357.0
2019-03-25 12:47:00,23.4,23.4,23.4,23.4,828.0
2019-03-25 12:59:00,23.4132,23.4132,23.4132,23.4132,301.0
2019-03-25 13:01:00,23.4,23.4,23.4,23.4,188.0
2019-03-25 13:13:00,23.4,23.4,23.4,23.4,281.0
2019-03-25 13:18:00,23.414,23.414,23.414,23.414,1391.0
2019-03-25 13:28:00,23.4089,23.4089,23.4089,23.4089,408.0
2019-03-25 13:31:00,23.37,23.37,23.37,23.37,1314.0
2019-03-25 13:33:00,23.36,23.36,23.36,23.36,242.0
2019-03-25 13:34:00,23.35,23.35,23.35,23.35,542.0
2019-03-25 13:39:00,23.33,23.33,23.33,23.33,904.0
2019-03-25 13:40:00,23.33,23.33,23.33,23.33,592.0
2019-03-25 13:41:00,23.33,23.33,23.33,23.33,342.0
2019-03-25 13:42:00,23.31,23.31,23.31,23.31,591.0
2019-03-25 13:44:00,23.3052,23.3052,23.3052,23.3052,779.0
2019-03-25 13:48:00,23.27,23.27,23.27,23.27,300.0
2019-03-25 13:50:00,23.28,23.28,23.28,23.28,551.0
2019-03-25 13:51:00,23.28,23.28,23.28,23.28,838.0
2019-03-25 14:07:00,23.28,23.28,23.28,23.28,516.0
2019-03-25 14:10:00,23.28,23.28,23.28,23.28,388.0
2019-03-25 14:12:00,23.29,23.29,23.29,23.29,100.0
2019-03-25 14:13:00,23.29,23.29,23.29,23.29,609.0
2019-03-25 14:18:00,23.28,23.28,23.28,23.28,240.0
2019-03-25 14:21:00,23.2865,23.29,23.2865,23.29,600.0
2019-03-25 14:25:00,23.28,23.28,23.28,23.28,397.0
2019-03-25 14:26:00,23.28,23.28,23.28,23.28,140.0
2019-03-25 14:28:00,23.28,23.28,23.28,23.28,900.0
2019-03-25 14:30:00,23.28,23.28,23.28,23.28,1999.0
2019-03-25 14:31:00,23.29,23.29,23.29,23.29,288.0
2019-03-25 14:42:00,23.29,23.292,23.29,23.292,302.0
2019-03-25 14:44:00,23.2876,23.2876,23.2876,23.2876,1701.0
2019-03-25 14:52:00,23.2932,23.2932,23.2932,23.2932,215.0
2019-03-25 14:54:00,23.3,23.3,23.3,23.3,247.0
2019-03-25 15:06:00,23.2981,23.2981,23.2981,23.2981,550.0
2019-03-25 15:11:00,23.2976,23.2976,23.2976,23.2976,129.0
2019-03-25 15:16:00,23.3,23.3,23.295,23.295,201.0
2019-03-25 15:20:00,23.295,23.295,23.295,23.295,1100.0
2019-03-25 15:23:00,23.3,23.3,23.3,23.3,406.0
2019-03-25 15:25:00,23.3,23.3,23.3,23.3,100.0
2019-03-25 15:26:00,23.32,23.32,23.32,23.32,200.0
2019-03-25 15:27:00,23.3151,23.3151,23.3151,23.3151,258.0
2019-03-25 15:35:00,23.3228,23.3228,23.3228,23.3228,620.0
2019-03-25 15:37:00,23.3475,23.3475,23.3475,23.3475,207.0
2019-03-25 15:46:00,23.3599,23.3599,23.3599,23.3599,170.0
2019-03-25 15:54:00,23.35,23.35,23.35,23.35,120.0
2019-03-25 16:00:00,23.32,23.32,23.32,23.32,100.0
2019-03-26 09:31:00,23.5,23.5,23.5,23.5,0.0
2019-03-26 09:37:00,23.55,23.55,23.55,23.55,245.0
2019-03-26 09:40:00,23.57,23.57,23.57,23.57,570.0
2019-03-26 09:41:00,23.52,23.52,23.52,23.52,200.0
2019-03-26 09:46:00,23.5673,23.57,23.5673,23.57,559.0
2019-03-26 09:49:00,23.54,23.54,23.54,23.54,800.0
2019-03-26 09:51:00,23.5466,23.55,23.5466,23.55,2100.0
2019-03-26 09:54:00,23.5477,23.5477,23.5477,23.5477,2750.0
2019-03-26 09:55:00,23.5499,23.5499,23.5499,23.5499,413.0
2019-03-26 10:04:00,23.545,23.545,23.545,23.545,1315.0
2019-03-26 10:08:00,23.5499,23.5499,23.5499,23.5499,1715.0
2019-03-26 10:13:00,23.54,23.54,23.54,23.54,614.0
2019-03-26 10:20:00,23.55,23.55,23.5499,23.5499,2534.0
2019-03-26 10:24:00,23.5298,23.5298,23.5298,23.5298,2700.0
2019-03-26 10:52:00,23.5443,23.5443,23.5443,23.5443,3333.0
2019-03-26 10:53:00,23.55,23.55,23.55,23.55,1750.0
2019-03-26 10:54:00,23.54,23.54,23.54,23.54,187.0
2019-03-26 10:59:00,23.55,23.55,23.55,23.55,208.0
2019-03-26 11:21:00,23.5602,23.5602,23.54,23.54,677.0
2019-03-26 11:29:00,23.539,23.539,23.539,23.539,1915.0
2019-03-26 11:48:00,23.52,23.52,23.52,23.52,0.0
2019-03-26 12:06:00,23.51,23.51,23.51,23.51,200.0
2019-03-26 12:19:00,23.5244,23.5244,23.5244,23.5244,210.0
2019-03-26 12:32:00,23.51,23.51,23.51,23.51,501.0
2019-03-26 12:33:00,23.51,23.51,23.51,23.51,1400.0
2019-03-26 12:35:00,23.48,23.48,23.48,23.48,1900.0
2019-03-26 12:38:00,23.485,23.489,23.485,23.489,1510.0
2019-03-26 12:44:00,23.48,23.48,23.48,23.48,100.0
2019-03-26 12:45:00,23.49,23.51,23.49,23.51,5822.0
2019-03-26 12:53:00,23.5,23.5,23.5,23.5,150.0
2019-03-26 13:01:00,23.53,23.53,23.53,23.53,1206.0
2019-03-26 13:37:00,23.54,23.54,23.54,23.54,406.0
2019-03-26 13:40:00,23.5198,23.5198,23.5198,23.5198,815.0
2019-03-26 13:49:00,23.5173,23.5173,23.5173,23.5173,210.0
2019-03-26 14:03:00,23.54,23.54,23.54,23.54,689.0
2019-03-26 14:34:00,23.515,23.515,23.515,23.515,125.0
2019-03-26 14:42:00,23.51,23.51,23.51,23.51,300.0
2019-03-26 14:58:00,23.51,23.51,23.51,23.51,321.0
2019-03-26 15:10:00,23.52,23.52,23.52,23.52,295.0
2019-03-26 15:31:00,23.5,23.5,23.5,23.5,647.0
2019-03-26 15:49:00,23.52,23.52,23.52,23.52,342.0
2019-03-26 15:57:00,23.5497,23.5497,23.5497,23.5497,322.0
2019-03-26 16:00:00,23.52,23.52,23.52,23.52,513.0
2019-03-27 09:31:00,23.55,23.55,23.55,23.55,0.0
2019-03-27 09:33:00,23.5075,23.5686,23.5075,23.5686,1646.0
2019-03-27 09:34:00,23.4827,23.4827,23.4827,23.4827,977.0
2019-03-27 09:38:00,23.5529,23.5529,23.5529,23.5529,1196.0
2019-03-27 09:41:00,23.6,23.6,23.6,23.6,200.0
2019-03-27 09:44:00,23.62,23.62,23.6199,23.6199,897.0
2019-03-27 09:47:00,23.6061,23.6061,23.6061,23.6061,100.0
2019-03-27 09:48:00,23.62,23.62,23.62,23.62,100.0
2019-03-27 09:50:00,23.61,23.76,23.6048,23.648,5887.0
2019-03-27 09:54:00,23.6581,23.6581,23.6581,23.6581,1024.0
2019-03-27 10:00:00,23.66,23.66,23.66,23.66,1300.0
2019-03-27 10:05:00,23.6502,23.6502,23.6502,23.6502,1502.0
2019-03-27 10:08:00,23.65,23.65,23.65,23.65,389.0
2019-03-27 10:20:00,23.67,23.67,23.67,23.67,355.0
2019-03-27 10:21:00,23.65,23.65,23.65,23.65,351.0
2019-03-27 10:38:00,23.63,23.63,23.62,23.62,304.0
2019-03-27 10:47:00,23.6,23.6,23.6,23.6,642.0
2019-03-27 11:07:00,23.6,23.6,23.6,23.6,105.0
2019-03-27 11:14:00,23.6,23.6,23.6,23.6,500.0
2019-03-27 11:18:00,23.5852,23.5852,23.5852,23.5852,500.0
2019-03-27 11:22:00,23.581,23.59,23.581,23.581,725.0
2019-03-27 11:24:00,23.58,23.58,23.58,23.58,260.0
2019-03-27 11:31:00,23.56,23.56,23.55,23.55,200.0
2019-03-27 11:38:00,23.53,23.53,23.5,23.52,500.0
2019-03-27 11:42:00,23.5068,23.5068,23.5068,23.5068,361.0
2019-03-27 12:05:00,23.49,23.49,23.49,23.49,322.0
2019-03-27 12:19:00,23.505,23.52,23.49,23.52,1472.0
2019-03-27 12:27:00,23.54,23.54,23.522,23.522,479.0
2019-03-27 12:39:00,23.55,23.55,23.55,23.55,102.0
2019-03-27 12:55:00,23.55,23.55,23.55,23.55,157.0
2019-03-27 12:56:00,23.5454,23.5454,23.5454,23.5454,1280.0
2019-03-27 12:59:00,23.543,23.543,23.543,23.543,508.0
2019-03-27 13:02:00,23.55,23.55,23.55,23.55,100.0
2019-03-27 13:06:00,23.51,23.51,23.51,23.51,319.0
2019-03-27 13:17:00,23.5331,23.5331,23.5331,23.5331,1360.0
2019-03-27 13:25:00,23.525,23.525,23.525,23.525,102.0
2019-03-27 13:36:00,23.5,23.5,23.5,23.5,270.0
2019-03-27 13:49:00,23.5251,23.5251,23.525,23.525,312.0
2019-03-27 14:16:00,23.55,23.55,23.55,23.55,283.0
2019-03-27 14:33:00,23.58,23.58,23.58,23.58,121.0
2019-03-27 14:35:00,23.555,23.555,23.555,23.555,100.0
2019-03-27 14:43:00,23.5024,23.5024,23.5024,23.5024,2717.0
2019-03-27 14:47:00,23.534,23.534,23.534,23.534,1000.0
2019-03-27 14:54:00,23.57,23.57,23.55,23.55,200.0
2019-03-27 14:58:00,23.54,23.54,23.535,23.535,200.0
2019-03-27 15:03:00,23.53,23.53,23.53,23.53,290.0
2019-03-27 15:09:00,23.51,23.51,23.51,23.51,285.0
2019-03-27 15:19:00,23.5216,23.62,23.5216,23.61,4049.0
2019-03-27 15:21:00,23.6128,23.6128,23.6,23.6,3200.0
2019-03-27 15:22:00,23.61,23.6186,23.6,23.6103,1775.0
2019-03-27 15:34:00,23.63,23.66,23.63,23.66,737.0
2019-03-27 15:39:00,23.6515,23.6515,23.6515,23.6515,983.0
2019-03-27 15:45:00,23.7,23.74,23.69,23.69,596.0
2019-03-27 15:51:00,23.67,23.67,23.65,23.65,700.0
2019-03-27 15:52:00,23.67,23.69,23.66,23.66,3973.0
2019-03-27 15:53:00,23.675,23.675,23.66,23.66,225.0
2019-03-27 16:00:00,23.67,23.67,23.67,23.67,494.0
2019-03-28 09:31:00,23.71,23.71,23.71,23.71,0.0
2019-03-28 09:35:00,23.7844,23.7844,23.7844,23.7844,142.0
2019-03-28 10:08:00,23.78,23.87,23.766,23.87,2034.0
2019-03-28 10:09:00,23.85,23.85,23.85,23.85,100.0
2019-03-28 10:12:00,23.81,23.81,23.81,23.81,210.0
2019-03-28 10:13:00,23.83,23.83,23.83,23.83,100.0
2019-03-28 10:15:00,23.81,23.85,23.801,23.8414,1700.0
2019-03-28 10:19:00,23.83,23.83,23.83,23.83,245.0
2019-03-28 10:34:00,23.8273,23.8273,23.8273,23.8273,425.0
2019-03-28 10:37:00,23.84,23.84,23.84,23.84,108.0
2019-03-28 10:40:00,23.8305,23.8305,23.8305,23.8305,540.0
2019-03-28 10:41:00,23.84,23.84,23.84,23.84,100.0
2019-03-28 10:44:00,23.835,23.835,23.835,23.835,215.0
2019-03-28 10:46:00,23.84,23.84,23.84,23.84,100.0
2019-03-28 10:47:00,23.85,23.85,23.85,23.85,125.0
2019-03-28 10:55:00,23.8,23.8,23.8,23.8,175.0
2019-03-28 10:57:00,23.81,23.81,23.81,23.81,100.0
2019-03-28 11:00:00,23.82,23.82,23.82,23.82,101.0
2019-03-28 11:20:00,23.7801,23.7801,23.7801,23.7801,102.0
2019-03-28 11:22:00,23.8,23.8,23.8,23.8,162.0
2019-03-28 11:24:00,23.79,23.79,23.79,23.79,100.0
2019-03-28 11:36:00,23.7799,23.7799,23.7797,23.7797,668.0
2019-03-28 11:39:00,23.78,23.78,23.78,23.78,280.0
2019-03-28 11:47:00,23.8011,23.8011,23.8011,23.8011,204.0
2019-03-28 12:05:00,23.7761,23.7761,23.7761,23.7761,100.0
2019-03-28 12:13:00,23.77,23.77,23.77,23.77,100.0
2019-03-28 12:22:00,23.776,23.776,23.776,23.776,397.0
2019-03-28 12:52:00,23.8,23.8,23.8,23.8,163.0
2019-03-28 12:58:00,23.81,23.83,23.8099,23.83,1881.0
2019-03-28 13:00:00,23.811,23.83,23.81,23.82,1248.0
2019-03-28 13:25:00,23.8,23.8,23.8,23.8,1020.0
2019-03-28 13:34:00,23.809,23.809,23.809,23.809,1139.0
2019-03-28 14:07:00,23.81,23.82,23.809,23.82,1710.0
2019-03-28 14:18:00,23.8199,23.8199,23.8199,23.8199,100.0
2019-03-28 14:25:00,23.82,23.82,23.82,23.82,262.0
2019-03-28 14:29:00,23.82,23.82,23.82,23.82,529.0
2019-03-28 14:31:00,23.83,23.86,23.8267,23.85,2200.0
2019-03-28 14:37:00,23.8642,23.8642,23.8642,23.8642,187.0
2019-03-28 14:38:00,23.85,23.85,23.85,23.85,113.0
2019-03-28 14:43:00,23.83,23.83,23.83,23.83,100.0
2019-03-28 14:49:00,23.8292,23.8292,23.8292,23.8292,100.0
2019-03-28 14:59:00,23.82,23.82,23.8,23.8,1265.0
2019-03-28 15:00:00,23.81,23.81,23.79,23.79,1137.0
2019-03-28 15:27:00,23.8,23.8,23.8,23.8,350.0
2019-03-28 15:35:00,23.8095,23.81,23.8095,23.81,1022.0
2019-03-28 15:41:00,23.83,23.83,23.83,23.83,443.0
2019-03-28 15:43:00,23.8285,23.8285,23.8285,23.8285,200.0
2019-03-28 15:51:00,23.83,23.84,23.83,23.84,633.0
2019-03-28 15:55:00,23.83,23.835,23.83,23.83,915.0
2019-03-28 15:56:00,23.83,23.837,23.83,23.837,886.0
2019-03-28 16:00:00,23.85,23.89,23.85,23.89,644.0
2019-03-29 09:31:00,24.03,24.03,24.03,24.03,0.0
2019-03-29 09:33:00,24.02,24.02,24.02,24.02,450.0
2019-03-29 09:34:00,24.06,24.07,24.06,24.07,302.0
2019-03-29 09:35:00,24.07,24.08,24.07,24.08,1014.0
2019-03-29 09:50:00,24.0227,24.0227,24.0227,24.0227,178.0
2019-03-29 09:54:00,24.0278,24.0278,24.0278,24.0278,253.0
2019-03-29 09:55:00,24.04,24.04,24.04,24.04,530.0
2019-03-29 09:56:00,24.049,24.049,24.049,24.049,508.0
2019-03-29 09:57:00,24.06,24.06,24.06,24.06,292.0
2019-03-29 10:01:00,24.03,24.03,24.03,24.03,800.0
2019-03-29 10:03:00,24.02,24.02,24.02,24.02,135.0
2019-03-29 10:04:00,24.012,24.012,24.012,24.012,622.0
2019-03-29 10:08:00,24.0161,24.0161,24.0161,24.0161,202.0
2019-03-29 10:15:00,24.0,24.0,24.0,24.0,100.0
2019-03-29 10:16:00,24.0188,24.045,24.0188,24.045,977.0
2019-03-29 10:28:00,24.0296,24.0296,24.0296,24.0296,100.0
2019-03-29 10:36:00,24.05,24.05,24.05,24.05,100.0
2019-03-29 10:37:00,24.04,24.04,24.04,24.04,220.0
2019-03-29 10:38:00,24.04,24.04,24.04,24.04,402.0
2019-03-29 10:44:00,24.07,24.07,24.07,24.07,400.0
2019-03-29 10:45:00,24.035,24.035,24.035,24.035,100.0
2019-03-29 10:46:00,24.035,24.035,24.035,24.035,227.0
2019-03-29 10:50:00,24.03,24.03,24.03,24.03,300.0
2019-03-29 11:00:00,23.97,23.97,23.97,23.97,230.0
2019-03-29 12:02:00,23.9855,23.9855,23.9855,23.9855,135.0
2019-03-29 12:06:00,23.97,23.97,23.97,23.97,586.0
2019-03-29 12:23:00,23.9865,23.9865,23.9865,23.9865,200.0
2019-03-29 12:51:00,23.99,23.99,23.99,23.99,150.0
2019-03-29 12:58:00,23.97,23.9999,23.97,23.9999,250.0
2019-03-29 12:59:00,23.9999,23.9999,23.9999,23.9999,200.0
2019-03-29 13:04:00,23.9954,23.9954,23.9954,23.9954,500.0
2019-03-29 13:07:00,23.9854,23.9854,23.97,23.97,2715.0
2019-03-29 13:38:00,23.999,24.0,23.999,24.0,3200.0
2019-03-29 13:42:00,23.97,23.97,23.97,23.97,100.0
2019-03-29 13:46:00,23.9813,23.9813,23.9813,23.9813,1000.0
2019-03-29 14:00:00,23.9798,23.9798,23.97,23.97,1600.0
2019-03-29 14:27:00,23.999,23.999,23.999,23.999,200.0
2019-03-29 14:33:00,23.99,23.99,23.99,23.99,245.0
2019-03-29 14:40:00,23.9701,23.9715,23.9701,23.9715,935.0
2019-03-29 14:42:00,23.97,23.999,23.97,23.999,1535.0
2019-03-29 14:54:00,23.99,23.99,23.99,23.99,100.0
2019-03-29 14:55:00,23.99,23.99,23.99,23.99,253.0
2019-03-29 15:13:00,23.98,23.98,23.98,23.98,415.0
2019-03-29 15:14:00,23.97,23.97,23.97,23.97,583.0
2019-03-29 15:38:00,23.95,23.95,23.95,23.95,1920.0
2019-03-29 15:40:00,23.9999,23.9999,23.9999,23.9999,1140.0
2019-03-29 15:48:00,23.97,23.97,23.97,23.97,490.0
2019-03-29 15:50:00,23.98,24.0,23.98,24.0,1400.0
2019-03-29 15:55:00,23.97,23.97,23.97,23.97,500.0
2019-04-01 09:31:00,24.2,24.2,24.2,24.2,0.0
2019-04-01 09:37:00,24.2,24.2,24.171,24.171,13350.0
2019-04-01 09:40:00,24.17,24.17,24.17,24.17,504.0
2019-04-01 09:49:00,24.1878,24.1878,24.1878,24.1878,101.0
2019-04-01 09:51:00,24.21,24.21,24.19,24.19,1428.0
2019-04-01 10:03:00,24.21,24.21,24.21,24.21,1738.0
2019-04-01 10:06:00,24.25,24.25,24.25,24.25,1365.0
2019-04-01 10:08:00,24.235,24.235,24.235,24.235,270.0
2019-04-01 10:17:00,24.225,24.225,24.225,24.225,372.0
2019-04-01 10:32:00,24.23,24.23,24.23,24.23,215.0
2019-04-01 10:55:00,24.2502,24.2502,24.2502,24.2502,1191.0
2019-04-01 11:01:00,24.2431,24.25,24.2431,24.25,562.0
2019-04-01 11:15:00,24.2466,24.2466,24.2466,24.2466,488.0
2019-04-01 11:22:00,24.25,24.2685,24.25,24.2685,1389.0
2019-04-01 11:28:00,24.2562,24.2562,24.2562,24.2562,1467.0
2019-04-01 11:37:00,24.25,24.25,24.25,24.25,443.0
2019-04-01 11:38:00,24.2443,24.2443,24.2443,24.2443,1201.0
2019-04-01 11:41:00,24.23,24.23,24.23,24.23,1440.0
2019-04-01 11:42:00,24.22,24.22,24.22,24.22,950.0
2019-04-01 11:45:00,24.2,24.2,24.2,24.2,128.0
2019-04-01 11:46:00,24.2,24.2,24.2,24.2,980.0
2019-04-01 11:54:00,24.2101,24.2101,24.2101,24.2101,381.0
2019-04-01 12:08:00,24.2,24.2,24.2,24.2,140.0
2019-04-01 12:10:00,24.22,24.22,24.22,24.22,5791.0
2019-04-01 12:34:00,24.2277,24.2277,24.2277,24.2277,401.0
2019-04-01 13:02:00,24.2306,24.2306,24.2306,24.2306,216.0
2019-04-01 13:24:00,24.2276,24.2276,24.2276,24.2276,220.0
2019-04-01 13:42:00,24.2253,24.2253,24.2253,24.2253,800.0
2019-04-01 13:43:00,24.22,24.22,24.22,24.22,106.0
2019-04-01 13:45:00,24.2294,24.2294,24.2294,24.2294,490.0
2019-04-01 13:58:00,24.2362,24.2362,24.2362,24.2362,583.0
2019-04-01 14:03:00,24.2379,24.2379,24.2379,24.2379,303.0
2019-04-01 14:07:00,24.2275,24.2275,24.2275,24.2275,312.0
2019-04-01 14:22:00,24.2301,24.2301,24.2301,24.2301,909.0
2019-04-01 14:29:00,24.24,24.24,24.23,24.23,428.0
2019-04-01 14:39:00,24.23,24.23,24.23,24.23,252.0
2019-04-01 14:46:00,24.235,24.235,24.235,24.235,250.0
2019-04-01 15:04:00,24.221,24.221,24.221,24.221,100.0
2019-04-01 15:06:00,24.2258,24.2258,24.2258,24.2258,723.0
2019-04-01 15:18:00,24.227,24.227,24.227,24.227,425.0
2019-04-01 15:22:00,24.22,24.22,24.21,24.21,1311.0
2019-04-01 15:29:00,24.215,24.215,24.215,24.215,726.0
2019-04-01 15:39:00,24.22,24.22,24.22,24.22,607.0
2019-04-01 15:43:00,24.225,24.225,24.225,24.225,1249.0
2019-04-01 15:59:00,24.2199,24.2199,24.2199,24.2199,100.0
2019-04-01 16:00:00,24.22,24.22,24.22,24.22,0.0
2019-04-02 09:31:00,24.26,24.26,24.2,24.2,0.0
2019-04-02 09:52:00,24.23,24.23,24.2025,24.2025,598.0
2019-04-02 10:03:00,24.25,24.25,24.2286,24.2286,635.0
2019-04-02 10:06:00,24.2,24.2,24.2,24.2,281.0
2019-04-02 10:22:00,24.1806,24.1806,24.1806,24.1806,355.0
2019-04-02 10:31:00,24.2,24.2,24.2,24.2,195.0
2019-04-02 10:36:00,24.1891,24.1891,24.1891,24.1891,1009.0
2019-04-02 10:46:00,24.1918,24.1918,24.1918,24.1918,300.0
2019-04-02 10:49:00,24.2,24.2,24.18,24.2,2549.0
2019-04-02 10:56:00,24.23,24.23,24.23,24.23,286.0
2019-04-02 11:04:00,24.2,24.2,24.19,24.19,304.0
2019-04-02 11:12:00,24.17,24.17,24.17,24.17,100.0
2019-04-02 11:13:00,24.18,24.18,24.18,24.18,100.0
2019-04-02 11:21:00,24.18,24.23,24.179,24.22,2093.0
2019-04-02 11:24:00,24.22,24.24,24.22,24.24,1017.0
2019-04-02 11:30:00,24.211,24.2278,24.2101,24.2101,2199.0
2019-04-02 11:40:00,24.2299,24.2299,24.2299,24.2299,330.0
2019-04-02 11:41:00,24.21,24.21,24.21,24.21,200.0
2019-04-02 11:46:00,24.2256,24.2256,24.2256,24.2256,500.0
2019-04-02 11:51:00,24.23,24.23,24.23,24.23,100.0
2019-04-02 12:12:00,24.23,24.23,24.23,24.23,100.0
2019-04-02 12:23:00,24.2,24.2001,24.2,24.2001,859.0
2019-04-02 12:26:00,24.21,24.21,24.21,24.21,100.0
2019-04-02 12:28:00,24.209,24.21,24.18,24.21,560.0
2019-04-02 12:30:00,24.1803,24.1809,24.1706,24.1706,1500.0
2019-04-02 12:36:00,24.17,24.1723,24.16,24.17,1760.0
2019-04-02 13:23:00,24.1777,24.1777,24.1777,24.1777,746.0
2019-04-02 13:32:00,24.1867,24.1867,24.1867,24.1867,921.0
2019-04-02 13:41:00,24.19,24.19,24.19,24.19,522.0
2019-04-02 13:46:00,24.19,24.1901,24.19,24.1901,1005.0
2019-04-02 13:51:00,24.1969,24.1969,24.1969,24.1969,273.0
2019-04-02 14:01:00,24.17,24.1701,24.17,24.1701,1451.0
2019-04-02 14:31:00,24.17,24.1701,24.17,24.1701,686.0
2019-04-02 14:43:00,24.16,24.16,24.16,24.16,1419.0
2019-04-02 14:45:00,24.159,24.16,24.15,24.16,1712.0
2019-04-02 14:54:00,24.15,24.15,24.15,24.15,193.0
2019-04-02 14:58:00,24.16,24.16,24.16,24.16,295.0
2019-04-02 15:07:00,24.17,24.17,24.17,24.17,136.0
2019-04-02 15:11:00,24.17,24.17,24.17,24.17,183.0
2019-04-02 15:19:00,24.17,24.18,24.17,24.18,433.0
2019-04-02 15:20:00,24.1782,24.1899,24.1782,24.1899,847.0
2019-04-02 15:26:00,24.1985,24.1985,24.15,24.1801,3974.0
2019-04-02 15:34:00,24.16,24.16,24.16,24.16,540.0
2019-04-02 15:36:00,24.15,24.15,24.14,24.14,1020.0
2019-04-02 15:37:00,24.15,24.15,24.1401,24.1401,513.0
2019-04-02 15:46:00,24.145,24.15,24.145,24.15,4300.0
2019-04-02 15:47:00,24.15,24.15,24.15,24.15,100.0
2019-04-02 15:49:00,24.165,24.17,24.151,24.151,600.0
2019-04-02 15:54:00,24.2,24.2,24.2,24.2,364.0
2019-04-02 15:55:00,24.2,24.2,24.2,24.2,100.0
2019-04-02 15:56:00,24.2,24.2,24.2,24.2,359.0
2019-04-02 15:57:00,24.2,24.2,24.2,24.2,100.0
2019-04-02 15:58:00,24.2,24.2,24.2,24.2,300.0
2019-04-02 15:59:00,24.1878,24.2,24.1878,24.2,600.0
2019-04-02 16:00:00,24.2,24.2,24.17,24.17,497.0
2019-04-03 09:31:00,24.2,24.2,24.2,24.2,0.0
2019-04-03 09:33:00,24.2,24.2,24.2,24.2,1076.0
2019-04-03 09:41:00,24.22,24.27,24.211,24.26,2655.0
2019-04-03 09:42:00,24.26,24.26,24.26,24.26,100.0
2019-04-03 09:53:00,24.2699,24.2699,24.2699,24.2699,300.0
2019-04-03 10:02:00,24.23,24.23,24.23,24.23,612.0
2019-04-03 10:05:00,24.21,24.21,24.21,24.21,100.0
2019-04-03 10:09:00,24.21,24.21,24.21,24.21,103.0
2019-04-03 10:10:00,24.21,24.21,24.21,24.21,483.0
2019-04-03 10:14:00,24.2136,24.2136,24.2136,24.2136,103.0
2019-04-03 10:20:00,24.22,24.22,24.22,24.22,400.0
2019-04-03 10:21:00,24.23,24.28,24.23,24.25,4560.0
2019-04-03 10:25:00,24.289,24.3,24.289,24.3,500.0
2019-04-03 10:26:00,24.3,24.31,24.29,24.2945,1985.0
2019-04-03 10:27:00,24.31,24.31,24.31,24.31,400.0
2019-04-03 10:31:00,24.31,24.31,24.31,24.31,1100.0
2019-04-03 10:38:00,24.3117,24.3117,24.3117,24.3117,250.0
2019-04-03 10:40:00,24.3037,24.3037,24.3037,24.3037,330.0
2019-04-03 10:59:00,24.35,24.35,24.34,24.35,740.0
2019-04-03 11:00:00,24.35,24.35,24.35,24.35,300.0
2019-04-03 11:01:00,24.35,24.35,24.35,24.35,0.0
2019-04-03 11:03:00,24.35,24.35,24.35,24.35,22997.0
2019-04-03 11:35:00,24.34,24.34,24.34,24.34,300.0
2019-04-03 11:37:00,24.3369,24.3369,24.3369,24.3369,260.0
2019-04-03 11:40:00,24.33,24.33,24.33,24.33,1168.0
2019-04-03 11:59:00,24.335,24.35,24.335,24.35,1857.0
2019-04-03 12:39:00,24.34,24.34,24.34,24.34,970.0
2019-04-03 12:47:00,24.33,24.33,24.33,24.33,450.0
2019-04-03 13:00:00,24.3201,24.3201,24.3201,24.3201,135.0
2019-04-03 13:06:00,24.33,24.33,24.32,24.32,950.0
2019-04-03 13:23:00,24.3254,24.33,24.3,24.33,1350.0
2019-04-03 14:04:00,24.3,24.3,24.3,24.3,0.0
2019-04-03 14:16:00,24.28,24.28,24.28,24.28,31637.0
2019-04-03 14:26:00,24.2601,24.2601,24.26,24.26,762.0
2019-04-03 14:43:00,24.26,24.265,24.24,24.24,2305.0
2019-04-03 14:45:00,24.24,24.24,24.23,24.23,885.0
2019-04-03 15:02:00,24.2441,24.2441,24.2441,24.2441,1102.0
2019-04-03 15:27:00,24.229,24.229,24.229,24.229,500.0
2019-04-03 15:36:00,24.239,24.239,24.239,24.239,2000.0
2019-04-03 15:37:00,24.25,24.25,24.25,24.25,424.0
2019-04-03 15:41:00,24.23,24.23,24.2,24.21,576.0
2019-04-03 15:44:00,24.21,24.21,24.2,24.2,1787.0
2019-04-03 15:47:00,24.2,24.2,24.18,24.18,1500.0
2019-04-03 15:53:00,24.215,24.2399,24.215,24.2399,1052.0
2019-04-03 15:54:00,24.215,24.215,24.215,24.215,100.0
2019-04-03 15:59:00,24.21,24.22,24.16,24.18,4802.0
2019-04-03 16:00:00,24.22,24.22,24.22,24.22,309.0
