
2019-03-19 09:31:00,29.75,29.75,29.75,29.75,0.0
2019-03-19 09:34:00,30.0,30.0,30.0,30.0,2371.0
2019-03-19 09:38:00,30.0343,30.0343,30.0343,30.0343,1150.0
2019-03-19 09:40:00,30.13,30.13,30.13,30.13,420.0
2019-03-19 09:42:00,29.94,29.94,29.94,29.94,1178.0
2019-03-19 09:58:00,30.1,30.1,30.1,30.1,474.0
2019-03-19 10:00:00,30.065,30.065,30.065,30.065,203.0
2019-03-19 10:05:00,30.1795,30.1795,30.1795,30.1795,100.0
2019-03-19 10:08:00,30.17,30.17,30.17,30.17,290.0
2019-03-19 10:18:00,30.1901,30.1901,30.1901,30.1901,1439.0
2019-03-19 10:19:00,30.3,30.3,30.3,30.3,800.0
2019-03-19 10:22:00,30.3,30.3,30.3,30.3,285.0
2019-03-19 10:27:00,30.27,30.279,30.27,30.279,419.0
2019-03-19 10:41:00,30.21,30.21,30.21,30.21,110.0
2019-03-19 10:46:00,30.214,30.214,30.214,30.214,443.0
2019-03-19 10:55:00,30.2327,30.2327,30.2327,30.2327,475.0
2019-03-19 10:56:00,30.2323,30.2323,30.2323,30.2323,155.0
2019-03-19 11:02:00,30.2949,30.2949,30.2949,30.2949,1279.0
2019-03-19 11:07:00,30.3092,30.3092,30.3092,30.3092,600.0
2019-03-19 11:10:00,30.339,30.34,30.339,30.34,411.0
2019-03-19 11:12:00,30.4028,30.4028,30.4028,30.4028,1044.0
2019-03-19 11:18:00,30.378,30.378,30.378,30.378,125.0
2019-03-19 11:22:00,30.383,30.383,30.383,30.383,1251.0
2019-03-19 11:27:00,30.41,30.41,30.41,30.41,749.0
2019-03-19 11:29:00,30.42,30.42,30.42,30.42,395.0
2019-03-19 11:37:00,30.4209,30.4209,30.4209,30.4209,510.0
2019-03-19 11:41:00,30.42,30.42,30.42,30.42,733.0
2019-03-19 11:53:00,30.42,30.42,30.42,30.42,165.0
2019-03-19 11:56:00,30.3577,30.3577,30.3577,30.3577,983.0
2019-03-19 12:02:00,30.4057,30.4057,30.4057,30.4057,118.0
2019-03-19 12:07:00,30.43,30.43,30.43,30.43,100.0
2019-03-19 12:11:00,30.45,30.45,30.45,30.45,350.0
2019-03-19 12:28:00,30.47,30.47,30.47,30.47,527.0
2019-03-19 12:32:00,30.47,30.47,30.47,30.47,100.0
2019-03-19 12:36:00,30.43,30.43,30.43,30.43,630.0
2019-03-19 12:38:00,30.43,30.43,30.43,30.43,230.0
2019-03-19 12:45:00,30.42,30.42,30.42,30.42,295.0
2019-03-19 12:48:00,30.45,30.45,30.45,30.45,800.0
2019-03-19 12:50:00,30.46,30.46,30.46,30.46,350.0
2019-03-19 12:52:00,30.4332,30.4332,30.4332,30.4332,435.0
2019-03-19 13:06:00,30.47,30.47,30.47,30.47,105.0
2019-03-19 13:08:00,30.47,30.47,30.47,30.47,110.0
2019-03-19 13:12:00,30.5,30.5,30.5,30.5,2656.0
2019-03-19 13:14:00,30.55,30.55,30.55,30.55,8650.0
2019-03-19 13:15:00,30.65,30.81,30.61,30.61,16005.0
2019-03-19 13:16:00,30.53,30.53,30.53,30.53,1400.0
2019-03-19 13:22:00,30.4892,30.4892,30.4892,30.4892,690.0
2019-03-19 13:26:00,30.65,30.65,30.65,30.65,2683.0
2019-03-19 13:29:00,30.6,30.6,30.6,30.6,1100.0
2019-03-19 13:32:00,30.4593,30.4593,30.4593,30.4593,835.0
2019-03-19 13:35:00,30.474,30.474,30.474,30.474,196.0
2019-03-19 13:42:00,30.5294,30.5294,30.5294,30.5294,2500.0
2019-03-19 13:43:00,30.47,30.63,30.47,30.63,5027.0
2019-03-19 13:46:00,30.63,30.63,30.63,30.63,414.0
2019-03-19 13:49:00,30.65,30.65,30.65,30.65,1860.0
2019-03-19 13:51:00,30.655,30.655,30.655,30.655,700.0
2019-03-19 13:54:00,30.69,30.69,30.69,30.69,1495.0
2019-03-19 13:57:00,30.85,30.85,30.85,30.85,870.0
2019-03-19 13:59:00,30.83,30.83,30.83,30.83,983.0
2019-03-19 14:11:00,30.8,30.8,30.8,30.8,100.0
2019-03-19 14:13:00,30.75,30.75,30.7223,30.7223,641.0
2019-03-19 14:34:00,30.65,30.65,30.65,30.65,570.0
2019-03-19 14:44:00,30.6066,30.6066,30.6066,30.6066,130.0
2019-03-19 14:49:00,30.66,30.66,30.66,30.66,100.0
2019-03-19 14:53:00,30.6626,30.6626,30.6626,30.6626,3726.0
2019-03-19 14:57:00,30.68,30.68,30.68,30.68,1424.0
2019-03-19 15:05:00,30.61,30.61,30.61,30.61,225.0
2019-03-19 15:11:00,30.6899,30.6899,30.6899,30.6899,105.0
2019-03-19 15:19:00,30.6489,30.6489,30.6489,30.6489,481.0
2019-03-19 15:25:00,30.655,30.655,30.655,30.655,200.0
2019-03-19 15:30:00,30.69,30.69,30.69,30.69,1235.0
2019-03-19 15:31:00,30.69,30.69,30.69,30.69,411.0
2019-03-19 15:38:00,30.66,30.66,30.66,30.66,306.0
2019-03-19 15:45:00,30.66,30.66,30.56,30.56,2249.0
2019-03-19 15:48:00,30.57,30.57,30.57,30.57,161.0
2019-03-19 15:49:00,30.59,30.59,30.59,30.59,261.0
2019-03-19 15:52:00,30.5939,30.5939,30.5939,30.5939,790.0
2019-03-19 15:55:00,30.6128,30.6128,30.6128,30.6128,200.0
2019-03-19 15:57:00,30.74,30.74,30.74,30.74,1403.0
2019-03-19 15:58:00,30.68,30.68,30.68,30.68,241.0
2019-03-20 09:31:00,30.53,30.53,30.53,30.53,0.0
2019-03-20 09:57:00,30.5828,30.5828,30.5828,30.5828,143.0
2019-03-20 10:29:00,30.6254,30.6254,30.6254,30.6254,102.0
2019-03-20 10:40:00,30.68,30.68,30.68,30.68,138.0
2019-03-20 10:42:00,30.64,30.64,30.64,30.64,150.0
2019-03-20 10:52:00,30.6751,30.6751,30.6751,30.6751,202.0
2019-03-20 11:14:00,30.67,30.79,30.67,30.79,400.0
2019-03-20 11:15:00,30.75,30.75,30.75,30.75,900.0
2019-03-20 11:20:00,30.7477,30.7477,30.7477,30.7477,1481.0
2019-03-20 11:22:00,30.86,30.86,30.86,30.86,105.0
2019-03-20 11:31:00,30.7652,30.7652,30.7652,30.7652,114.0
2019-03-20 11:50:00,30.7315,30.7315,30.7315,30.7315,300.0
2019-03-20 11:51:00,30.81,30.81,30.81,30.81,634.0
2019-03-20 11:53:00,30.819,30.819,30.819,30.819,500.0
2019-03-20 11:56:00,30.9748,30.9748,30.9748,30.9748,566.0
2019-03-20 11:57:00,30.975,30.975,30.975,30.975,100.0
2019-03-20 11:58:00,30.938,30.938,30.938,30.938,866.0
2019-03-20 12:05:00,30.91,30.91,30.91,30.91,363.0
2019-03-20 12:18:00,30.8522,30.8522,30.8522,30.8522,659.0
2019-03-20 12:25:00,30.8464,30.8464,30.8464,30.8464,133.0
2019-03-20 12:54:00,30.86,30.86,30.86,30.86,100.0
2019-03-20 12:55:00,30.81,30.81,30.81,30.81,592.0
2019-03-20 13:30:00,30.75,30.75,30.75,30.75,130.0
2019-03-20 13:32:00,30.7065,30.7065,30.7065,30.7065,278.0
2019-03-20 14:01:00,30.71,30.71,30.71,30.71,400.0
2019-03-20 14:05:00,30.8,30.8,30.8,30.8,485.0
2019-03-20 14:06:00,30.7999,30.7999,30.7999,30.7999,1509.0
2019-03-20 14:41:00,30.813,30.813,30.813,30.813,333.0
2019-03-20 15:03:00,30.85,30.86,30.85,30.86,600.0
2019-03-20 15:04:00,30.925,30.925,30.925,30.925,1032.0
2019-03-20 15:13:00,30.9,30.9,30.9,30.9,573.0
2019-03-20 15:20:00,30.96,30.96,30.96,30.96,461.0
2019-03-20 15:33:00,30.9,30.9,30.9,30.9,348.0
2019-03-20 15:34:00,30.9399,30.9399,30.9,30.9,1266.0
2019-03-20 15:38:00,30.9,30.9,30.9,30.9,100.0
2019-03-20 15:39:00,30.9,30.9,30.9,30.9,300.0
2019-03-20 15:41:00,30.93,30.93,30.93,30.93,1019.0
2019-03-20 15:47:00,30.9,30.9001,30.9,30.9001,1840.0
2019-03-20 15:51:00,30.9,30.9,30.9,30.9,513.0
2019-03-20 15:52:00,30.9,30.9,30.9,30.9,1806.0
2019-03-20 15:53:00,30.91,30.91,30.91,30.91,1565.0
2019-03-20 15:56:00,30.93,30.945,30.92,30.92,1136.0
2019-03-20 15:57:00,30.92,30.92,30.92,30.92,107.0
2019-03-20 15:58:00,30.9,30.9,30.9,30.9,1556.0
2019-03-20 16:00:00,30.903,30.903,30.903,30.903,473.0
2019-03-21 09:31:00,30.8,30.8,30.8,30.8,0.0
2019-03-21 09:34:00,30.8616,30.8616,30.8616,30.8616,413.0
2019-03-21 09:57:00,30.9899,30.9899,30.9899,30.9899,328.0
2019-03-21 10:16:00,30.9048,30.9048,30.9048,30.9048,501.0
2019-03-21 10:41:00,30.92,30.92,30.92,30.92,307.0
2019-03-21 10:55:00,30.9893,30.9893,30.9893,30.9893,100.0
2019-03-21 10:56:00,30.99,30.99,30.99,30.99,518.0
2019-03-21 11:00:00,31.0213,31.0213,31.0213,31.0213,1841.0
2019-03-21 11:02:00,31.0212,31.0212,31.0212,31.0212,2002.0
2019-03-21 11:05:00,31.0986,31.0986,31.0986,31.0986,364.0
2019-03-21 11:19:00,31.1,31.1,31.1,31.1,107.0
2019-03-21 11:24:00,31.038,31.038,31.038,31.038,575.0
2019-03-21 11:31:00,31.0201,31.0201,31.0201,31.0201,500.0
2019-03-21 11:37:00,31.02,31.02,31.02,31.02,100.0
2019-03-21 11:38:00,31.08,31.08,31.08,31.08,158.0
2019-03-21 11:51:00,31.03,31.03,31.03,31.03,3400.0
2019-03-21 11:56:00,30.9,30.9,30.88,30.88,9693.0
2019-03-21 12:38:00,30.94,30.94,30.94,30.94,302.0
2019-03-21 12:59:00,30.96,30.96,30.96,30.96,103.0
2019-03-21 13:28:00,30.9822,30.9822,30.9822,30.9822,700.0
2019-03-21 13:35:00,30.95,30.95,30.95,30.95,122.0
2019-03-21 13:54:00,30.85,30.85,30.8105,30.8105,2968.0
2019-03-21 14:02:00,30.795,30.795,30.795,30.795,160.0
2019-03-21 14:06:00,30.7954,30.7954,30.7954,30.7954,111.0
2019-03-21 14:08:00,30.76,30.76,30.76,30.76,143.0
2019-03-21 14:21:00,30.76,30.76,30.7053,30.7053,957.0
2019-03-21 14:26:00,30.69,30.69,30.69,30.69,852.0
2019-03-21 14:28:00,30.6549,30.6549,30.6549,30.6549,801.0
2019-03-21 14:32:00,30.6428,30.6428,30.6428,30.6428,1213.0
2019-03-21 14:43:00,30.7482,30.7482,30.7482,30.7482,639.0
2019-03-21 15:02:00,30.74,30.74,30.74,30.74,223.0
2019-03-21 15:06:00,30.7134,30.7134,30.7134,30.7134,100.0
2019-03-21 15:07:00,30.75,30.75,30.75,30.75,102.0
2019-03-21 15:13:00,30.7709,30.7709,30.7709,30.7709,500.0
2019-03-21 15:14:00,30.7605,30.7605,30.7605,30.7605,201.0
2019-03-21 15:16:00,30.86,30.86,30.85,30.85,5721.0
2019-03-21 15:21:00,30.847,30.847,30.847,30.847,172.0
2019-03-21 15:45:00,30.8376,30.8376,30.8376,30.8376,1555.0
2019-03-21 15:52:00,30.84,30.84,30.84,30.84,100.0
2019-03-21 15:54:00,30.84,30.84,30.84,30.84,141.0
2019-03-21 15:56:00,30.89,30.89,30.89,30.89,2745.0
2019-03-21 15:58:00,30.8273,30.8273,30.8273,30.8273,2108.0
2019-03-21 16:00:00,30.8,30.8,30.8,30.8,507.0
2019-03-22 09:31:00,30.92,30.92,30.92,30.92,125.0
2019-03-22 09:41:00,30.7083,30.7083,30.7083,30.7083,100.0
2019-03-22 09:46:00,30.82,30.82,30.82,30.82,100.0
2019-03-22 09:47:00,30.7,30.7,30.7,30.7,300.0
2019-03-22 09:51:00,30.65,30.65,30.65,30.65,475.0
2019-03-22 09:58:00,30.6617,30.6617,30.6617,30.6617,511.0
2019-03-22 10:09:00,30.7204,30.7204,30.7204,30.7204,210.0
2019-03-22 10:23:00,30.7448,30.7448,30.69,30.69,1100.0
2019-03-22 10:30:00,30.7825,30.82,30.7825,30.82,568.0
2019-03-22 11:27:00,30.7462,30.7462,30.7462,30.7462,100.0
2019-03-22 11:34:00,30.7272,30.7272,30.7272,30.7272,380.0
2019-03-22 11:42:00,30.7133,30.7133,30.7133,30.7133,286.0
2019-03-22 11:50:00,30.65,30.65,30.65,30.65,327.0
2019-03-22 11:58:00,30.6432,30.6432,30.6432,30.6432,100.0
2019-03-22 12:01:00,30.53,30.53,30.53,30.53,501.0
2019-03-22 12:06:00,30.5,30.5,30.5,30.5,102.0
2019-03-22 12:14:00,30.51,30.51,30.51,30.51,100.0
2019-03-22 12:15:00,30.385,30.385,30.385,30.385,800.0
2019-03-22 12:23:00,30.39,30.39,30.39,30.39,180.0
2019-03-22 12:28:00,30.4,30.4,30.4,30.4,710.0
2019-03-22 12:39:00,30.41,30.45,30.41,30.45,210.0
2019-03-22 12:44:00,30.4316,30.4316,30.4316,30.4316,114.0
2019-03-22 12:51:00,30.41,30.41,30.4,30.4,632.0
2019-03-22 12:53:00,30.3274,30.3274,30.295,30.295,863.0
2019-03-22 13:16:00,30.4,30.4,30.4,30.4,100.0
2019-03-22 13:17:00,30.4254,30.4254,30.4254,30.4254,100.0
2019-03-22 13:24:00,30.4005,30.4005,30.4,30.4,562.0
2019-03-22 13:32:00,30.49,30.49,30.49,30.49,390.0
2019-03-22 13:40:00,30.47,30.47,30.43,30.43,700.0
2019-03-22 14:02:00,30.41,30.41,30.41,30.41,933.0
2019-03-22 14:22:00,30.42,30.42,30.42,30.42,100.0
2019-03-22 14:24:00,30.431,30.431,30.431,30.431,100.0
2019-03-22 14:32:00,30.4795,30.4795,30.4795,30.4795,524.0
2019-03-22 14:51:00,30.49,30.49,30.49,30.49,630.0
2019-03-22 14:52:00,30.5,30.5,30.5,30.5,1100.0
2019-03-22 15:01:00,30.52,30.52,30.52,30.52,100.0
2019-03-22 15:02:00,30.53,30.53,30.53,30.53,307.0
2019-03-22 15:27:00,30.52,30.52,30.52,30.52,205.0
2019-03-22 15:29:00,30.41,30.41,30.41,30.41,702.0
2019-03-22 15:31:00,30.41,30.41,30.41,30.41,200.0
2019-03-22 15:36:00,30.4,30.4,30.4,30.4,272.0
2019-03-22 15:38:00,30.4,30.4,30.4,30.4,200.0
2019-03-22 15:39:00,30.4,30.4,30.4,30.4,200.0
2019-03-22 15:40:00,30.4,30.4,30.4,30.4,2662.0
2019-03-22 15:41:00,30.4299,30.4299,30.4299,30.4299,1680.0
2019-03-22 15:43:00,30.4,30.4,30.4,30.4,300.0
2019-03-22 15:44:00,30.4,30.4,30.4,30.4,570.0
2019-03-22 15:45:00,30.4,30.4,30.4,30.4,100.0
2019-03-22 15:46:00,30.4,30.4,30.4,30.4,197.0
2019-03-22 15:48:00,30.4,30.4,30.4,30.4,500.0
2019-03-22 15:50:00,30.42,30.42,30.42,30.42,801.0
2019-03-22 15:51:00,30.44,30.44,30.44,30.44,100.0
2019-03-22 15:52:00,30.4,30.4,30.4,30.4,338.0
2019-03-22 15:54:00,30.4,30.4,30.4,30.4,100.0
2019-03-22 15:55:00,30.4,30.4,30.4,30.4,100.0
2019-03-22 15:56:00,30.4,30.4,30.4,30.4,200.0
2019-03-22 15:57:00,30.4,30.4,30.4,30.4,968.0
2019-03-22 15:58:00,30.4,30.4,30.4,30.4,200.0
2019-03-22 15:59:00,30.4,30.4,30.4,30.4,341.0
2019-03-22 16:00:00,30.4,30.4,30.4,30.4,481.0
2019-03-25 09:38:00,30.19,30.19,30.19,30.19,172.0
2019-03-25 09:39:00,30.25,30.25,30.25,30.25,156.0
2019-03-25 09:53:00,30.4799,30.4799,30.4799,30.4799,553.0
2019-03-25 09:59:00,30.4399,30.4399,30.4399,30.4399,955.0
2019-03-25 10:17:00,30.3734,30.3734,30.3734,30.3734,237.0
2019-03-25 10:44:00,30.46,30.46,30.46,30.46,300.0
2019-03-25 10:45:00,30.4307,30.4307,30.4307,30.4307,308.0
2019-03-25 10:52:00,30.45,30.45,30.45,30.45,171.0
2019-03-25 11:48:00,31.0,31.0,31.0,31.0,1010.0
2019-03-25 11:49:00,30.67,30.67,30.67,30.67,400.0
2019-03-25 11:50:00,30.7968,30.7968,30.7968,30.7968,1357.0
2019-03-25 11:51:00,30.7999,30.8,30.7999,30.8,2877.0
2019-03-25 11:53:00,30.7643,30.7643,30.7643,30.7643,110.0
2019-03-25 11:55:00,30.9,30.9,30.9,30.9,1090.0
2019-03-25 11:56:00,30.87,30.87,30.87,30.87,664.0
2019-03-25 11:58:00,31.07,31.18,31.07,31.18,3109.0
2019-03-25 11:59:00,31.23,31.25,31.23,31.25,4841.0
2019-03-25 12:00:00,31.25,31.25,31.25,31.25,1084.0
2019-03-25 12:01:00,31.34,31.34,31.34,31.34,697.0
2019-03-25 12:02:00,31.38,31.38,31.38,31.38,536.0
2019-03-25 12:04:00,31.59,31.59,31.59,31.59,780.0
2019-03-25 12:05:00,31.58,31.58,31.58,31.58,902.0
2019-03-25 12:07:00,31.6,31.6,31.6,31.6,200.0
2019-03-25 12:10:00,31.65,31.65,31.65,31.65,3206.0
2019-03-25 12:13:00,31.68,31.68,31.68,31.68,215.0
2019-03-25 12:18:00,31.63,31.63,31.63,31.63,100.0
2019-03-25 12:20:00,31.6,31.6,31.6,31.6,2645.0
2019-03-25 12:21:00,31.6087,31.6087,31.6087,31.6087,2648.0
2019-03-25 12:22:00,31.75,31.75,31.75,31.75,711.0
2019-03-25 12:25:00,31.8284,31.8284,31.8284,31.8284,1200.0
2019-03-25 12:29:00,31.77,31.77,31.77,31.77,1636.0
2019-03-25 12:31:00,31.76,31.77,31.7526,31.7526,3710.0
2019-03-25 12:35:00,31.7477,31.7477,31.7477,31.7477,326.0
2019-03-25 12:36:00,31.82,31.82,31.82,31.82,800.0
2019-03-25 12:38:00,31.89,31.89,31.89,31.89,908.0
2019-03-25 12:41:00,31.9297,31.9297,31.9297,31.9297,500.0
2019-03-25 12:42:00,31.95,31.95,31.94,31.94,7007.0
2019-03-25 12:43:00,31.8,31.8,31.8,31.8,1163.0
2019-03-25 12:44:00,31.87,31.87,31.87,31.87,307.0
2019-03-25 12:45:00,31.94,31.94,31.94,31.94,407.0
2019-03-25 12:46:00,31.97,31.97,31.97,31.97,1186.0
2019-03-25 12:47:00,31.9434,32.15,31.9434,32.15,10288.0
2019-03-25 12:49:00,32.23,32.23,32.23,32.23,388.0
2019-03-25 12:50:00,32.305,32.305,32.26,32.26,1338.0
2019-03-25 12:52:00,32.32,32.32,32.32,32.32,100.0
2019-03-25 12:55:00,32.25,32.25,32.17,32.23,2510.0
2019-03-25 12:56:00,32.2546,32.2546,32.2546,32.2546,700.0
2019-03-25 12:57:00,32.22,32.22,32.22,32.22,500.0
2019-03-25 12:58:00,32.255,32.68,32.255,32.68,4558.0
2019-03-25 12:59:00,32.68,32.68,32.68,32.68,630.0
2019-03-25 13:00:00,32.65,32.65,32.65,32.65,1001.0
2019-03-25 13:02:00,32.5655,32.5655,32.5655,32.5655,204.0
2019-03-25 13:03:00,32.5479,32.5479,32.5479,32.5479,507.0
2019-03-25 13:04:00,32.51,32.51,32.51,32.51,1907.0
2019-03-25 13:05:00,32.39,32.39,32.3507,32.3507,1614.0
2019-03-25 13:06:00,32.35,32.35,32.35,32.35,249.0
2019-03-25 13:07:00,32.38,32.38,32.38,32.38,1951.0
2019-03-25 13:08:00,32.3951,32.3951,32.3951,32.3951,501.0
2019-03-25 13:09:00,32.4087,32.48,32.4087,32.48,407.0
2019-03-25 13:12:00,32.3505,32.3505,32.3505,32.3505,252.0
2019-03-25 13:13:00,32.33,32.33,32.33,32.33,1258.0
2019-03-25 13:16:00,32.29,32.29,32.29,32.29,348.0
2019-03-25 13:21:00,32.2689,32.2689,32.2689,32.2689,809.0
2019-03-25 13:23:00,32.2974,32.2974,32.2974,32.2974,159.0
2019-03-25 13:25:00,32.3425,32.3425,32.3425,32.3425,1076.0
2019-03-25 13:28:00,32.3209,32.3209,32.3209,32.3209,302.0
2019-03-25 13:29:00,32.325,32.325,32.325,32.325,1103.0
2019-03-25 13:30:00,32.325,32.325,32.325,32.325,803.0
2019-03-25 13:31:00,32.2801,32.3,32.2801,32.3,1785.0
2019-03-25 13:33:00,32.34,32.34,32.3,32.3,1713.0
2019-03-25 13:35:00,32.28,32.28,32.28,32.28,474.0
2019-03-25 13:41:00,32.2877,32.2877,32.2877,32.2877,1011.0
2019-03-25 13:43:00,32.34,32.34,32.34,32.34,1014.0
2019-03-25 13:44:00,32.35,32.35,32.35,32.35,693.0
2019-03-25 13:47:00,32.2864,32.2864,32.2864,32.2864,1674.0
2019-03-25 13:48:00,32.2993,32.2993,32.2993,32.2993,140.0
2019-03-25 13:50:00,32.28,32.28,32.28,32.28,608.0
2019-03-25 13:52:00,32.3,32.3,32.3,32.3,1044.0
2019-03-25 13:56:00,32.29,32.29,32.28,32.28,603.0
2019-03-25 13:58:00,32.22,32.22,32.22,32.22,541.0
2019-03-25 14:00:00,32.265,32.265,32.265,32.265,524.0
2019-03-25 14:01:00,32.3,32.3,32.3,32.3,250.0
2019-03-25 14:03:00,32.2792,32.2792,32.2792,32.2792,583.0
2019-03-25 14:05:00,32.3,32.3,32.3,32.3,834.0
2019-03-25 14:32:00,32.3,32.3,32.3,32.3,996.0
2019-03-25 14:36:00,32.3,32.3,32.3,32.3,260.0
2019-03-25 14:43:00,32.3,32.3,32.3,32.3,782.0
2019-03-25 14:46:00,32.32,32.32,32.32,32.32,1043.0
2019-03-25 14:48:00,32.31,32.31,32.28,32.28,1833.0
2019-03-25 14:51:00,32.224,32.224,32.12,32.12,1700.0
2019-03-25 14:55:00,32.05,32.05,32.05,32.05,100.0
2019-03-25 14:56:00,32.03,32.03,32.03,32.03,422.0
2019-03-25 14:57:00,32.02,32.02,32.02,32.02,200.0
2019-03-25 14:58:00,32.0,32.0,32.0,32.0,560.0
2019-03-25 15:07:00,31.94,31.94,31.94,31.94,400.0
2019-03-25 15:09:00,31.96,31.96,31.96,31.96,159.0
2019-03-25 15:16:00,31.965,31.965,31.9412,31.9412,916.0
2019-03-25 15:18:00,32.02,32.02,32.02,32.02,100.0
2019-03-25 15:20:00,32.021,32.021,32.021,32.021,366.0
2019-03-25 15:23:00,32.0,32.0,32.0,32.0,700.0
2019-03-25 15:30:00,32.04,32.04,32.04,32.04,100.0
2019-03-25 15:31:00,32.03,32.03,32.03,32.03,850.0
2019-03-25 15:35:00,32.03,32.03,32.03,32.03,755.0
2019-03-25 15:41:00,31.9901,31.9901,31.9901,31.9901,583.0
2019-03-25 15:43:00,32.0,32.0,32.0,32.0,2500.0
2019-03-25 15:45:00,32.0156,32.0156,32.002,32.002,2274.0
2019-03-25 15:46:00,31.93,31.93,31.93,31.93,1891.0
2019-03-25 15:49:00,31.84,31.84,31.84,31.84,939.0
2019-03-25 15:51:00,31.8001,31.8001,31.75,31.75,5140.0
2019-03-25 15:52:00,31.8,31.8,31.8,31.8,918.0
2019-03-25 15:54:00,31.7255,31.7255,31.7255,31.7255,567.0
2019-03-25 15:55:00,31.71,31.71,31.71,31.71,897.0
2019-03-25 15:56:00,31.64,31.64,31.64,31.64,1130.0
2019-03-25 15:58:00,31.44,31.44,31.44,31.44,811.0
2019-03-25 15:59:00,31.5199,31.56,31.5199,31.56,4647.0
2019-03-26 09:33:00,31.8281,31.8281,31.8281,31.8281,100647.0
2019-03-26 09:35:00,31.9,31.9,31.9,31.9,100.0
2019-03-26 09:40:00,31.9246,31.9246,31.9246,31.9246,1500.0
2019-03-26 09:42:00,31.9,31.9,31.9,31.9,91400.0
2019-03-26 09:44:00,31.9,31.9,31.9,31.9,1701.0
2019-03-26 09:49:00,31.83,31.83,31.83,31.83,359.0
2019-03-26 09:51:00,31.83,31.83,31.83,31.83,100.0
2019-03-26 09:52:00,31.899,31.899,31.899,31.899,250.0
2019-03-26 09:54:00,31.82,31.82,31.82,31.82,300.0
2019-03-26 09:56:00,31.8867,31.8867,31.8867,31.8867,500.0
2019-03-26 09:57:00,31.87,31.87,31.87,31.87,100.0
2019-03-26 10:03:00,31.9164,31.9164,31.9164,31.9164,1116.0
2019-03-26 10:07:00,31.9126,31.9126,31.9126,31.9126,270.0
2019-03-26 10:08:00,31.8874,31.8874,31.8874,31.8874,1350.0
2019-03-26 10:10:00,31.9,31.93,31.9,31.93,450.0
2019-03-26 10:12:00,31.85,31.85,31.85,31.85,1500.0
2019-03-26 10:14:00,31.79,31.79,31.79,31.79,104.0
2019-03-26 10:21:00,31.908,31.908,31.908,31.908,600.0
2019-03-26 10:22:00,31.885,31.885,31.885,31.885,208.0
2019-03-26 10:28:00,31.85,31.85,31.85,31.85,100.0
2019-03-26 10:34:00,31.8452,31.8452,31.8452,31.8452,2368.0
2019-03-26 10:39:00,31.76,31.76,31.76,31.76,700.0
2019-03-26 10:40:00,31.8136,31.8136,31.8136,31.8136,700.0
2019-03-26 10:42:00,31.77,31.77,31.77,31.77,100.0
2019-03-26 10:44:00,31.835,31.835,31.835,31.835,500.0
2019-03-26 10:46:00,31.79,31.79,31.79,31.79,166.0
2019-03-26 10:49:00,31.8,31.9,31.8,31.9,450.0
2019-03-26 10:52:00,31.865,31.865,31.865,31.865,400.0
2019-03-26 10:54:00,31.8657,31.8657,31.8657,31.8657,321.0
2019-03-26 10:57:00,31.8472,31.8472,31.8472,31.8472,350.0
2019-03-26 11:03:00,31.86,31.86,31.86,31.86,300.0
2019-03-26 11:04:00,31.8247,31.8247,31.8247,31.8247,1600.0
2019-03-26 11:09:00,31.81,31.81,31.81,31.81,603.0
2019-03-26 11:10:00,31.9,31.9,31.9,31.9,275.0
2019-03-26 11:11:00,31.85,31.85,31.85,31.85,2002.0
2019-03-26 11:16:00,31.9,31.9,31.9,31.9,100.0
2019-03-26 11:18:00,31.86,31.86,31.86,31.86,100.0
2019-03-26 11:22:00,31.8905,31.8905,31.88,31.88,1225.0
2019-03-26 11:25:00,31.91,31.91,31.9004,31.9004,200.0
2019-03-26 11:29:00,31.893,31.893,31.893,31.893,350.0
2019-03-26 11:33:00,31.9316,31.9316,31.9316,31.9316,215.0
2019-03-26 11:37:00,31.9228,31.9228,31.9228,31.9228,280.0
2019-03-26 11:38:00,32.0,32.0,32.0,32.0,3752.0
2019-03-26 11:39:00,31.975,31.975,31.975,31.975,3015.0
2019-03-26 11:40:00,32.0,32.02,32.0,32.02,2902.0
2019-03-26 11:42:00,32.185,32.185,32.185,32.185,378.0
2019-03-26 11:44:00,32.185,32.185,32.185,32.185,100.0
2019-03-26 11:48:00,32.185,32.185,32.185,32.185,204.0
2019-03-26 11:49:00,32.196,32.196,32.196,32.196,600.0
2019-03-26 11:55:00,32.185,32.185,32.185,32.185,150.0
2019-03-26 12:07:00,32.11,32.11,32.11,32.11,100.0
2019-03-26 12:10:00,32.1,32.1,32.1,32.1,100.0
2019-03-26 12:15:00,32.1964,32.1964,32.1964,32.1964,0.0
2019-03-26 12:18:00,32.11,32.11,32.11,32.11,510.0
2019-03-26 12:19:00,32.1131,32.1131,32.1131,32.1131,418.0
2019-03-26 12:20:00,32.1442,32.1442,32.1442,32.1442,308.0
2019-03-26 12:23:00,32.139,32.139,32.139,32.139,2700.0
2019-03-26 12:25:00,32.11,32.175,32.11,32.175,400.0
2019-03-26 12:27:00,32.1,32.1,32.1,32.1,119.0
2019-03-26 12:33:00,32.114,32.114,32.114,32.114,600.0
2019-03-26 12:41:00,32.1,32.1,32.1,32.1,200.0
2019-03-26 12:42:00,32.1,32.1,32.1,32.1,300.0
2019-03-26 12:46:00,32.08,32.08,32.08,32.08,200.0
2019-03-26 12:48:00,32.1066,32.1066,32.1066,32.1066,200.0
2019-03-26 12:55:00,32.04,32.04,32.04,32.04,200.0
2019-03-26 12:58:00,32.072,32.072,32.072,32.072,1154.0
2019-03-26 13:04:00,32.0253,32.0253,32.0253,32.0253,675.0
2019-03-26 13:08:00,32.0,32.0,32.0,32.0,200.0
2019-03-26 13:09:00,31.995,31.995,31.995,31.995,1700.0
2019-03-26 13:11:00,31.99,31.99,31.99,31.99,146.0
2019-03-26 13:15:00,32.015,32.015,32.015,32.015,156.0
2019-03-26 13:17:00,31.94,31.95,31.94,31.95,1193.0
2019-03-26 13:23:00,31.8581,31.8581,31.8581,31.8581,100.0
2019-03-26 13:24:00,31.87,32.0,31.87,32.0,10700.0
2019-03-26 13:26:00,32.1,32.1,32.08,32.08,1201.0
2019-03-26 13:28:00,32.09,32.09,32.09,32.09,103.0
2019-03-26 13:37:00,32.1068,32.1068,32.1068,32.1068,300.0
2019-03-26 13:39:00,32.0673,32.0673,32.0673,32.0673,250.0
2019-03-26 13:41:00,32.07,32.07,32.025,32.025,0.0
2019-03-26 13:49:00,32.085,32.085,32.085,32.085,100.0
2019-03-26 13:54:00,32.04,32.0439,31.99,32.0,2800.0
2019-03-26 14:01:00,31.99,31.99,31.99,31.99,306.0
2019-03-26 14:05:00,31.9771,31.9771,31.9771,31.9771,701.0
2019-03-26 14:08:00,31.97,31.97,31.97,31.97,610.0
2019-03-26 14:11:00,31.96,31.96,31.96,31.96,100.0
2019-03-26 14:14:00,31.98,31.98,31.98,31.98,309.0
2019-03-26 14:15:00,31.92,31.92,31.92,31.92,100.0
2019-03-26 14:18:00,31.985,31.985,31.985,31.985,300.0
2019-03-26 14:20:00,32.02,32.02,32.02,32.02,1286.0
2019-03-26 14:21:00,31.9301,31.9301,31.9301,31.9301,200.0
2019-03-26 14:27:00,31.9013,31.9013,31.9013,31.9013,1750.0
2019-03-26 14:29:00,31.8501,31.8501,31.8501,31.8501,300.0
2019-03-26 14:31:00,31.865,31.865,31.865,31.865,600.0
2019-03-26 14:32:00,31.89,31.89,31.89,31.89,100.0
2019-03-26 14:34:00,31.9036,31.9036,31.9036,31.9036,250.0
2019-03-26 14:39:00,31.92,31.92,31.92,31.92,1000.0
2019-03-26 14:42:00,31.9248,31.9248,31.9248,31.9248,600.0
2019-03-26 14:44:00,31.86,31.86,31.86,31.86,100.0
2019-03-26 14:45:00,31.825,31.825,31.825,31.825,711.0
2019-03-26 14:47:00,31.86,31.86,31.86,31.86,440.0
2019-03-26 14:51:00,31.892,31.892,31.892,31.892,816.0
2019-03-26 14:52:00,31.8301,31.8301,31.8301,31.8301,1594.0
2019-03-26 14:54:00,31.8301,31.86,31.8301,31.86,717.0
2019-03-26 14:56:00,31.86,31.86,31.86,31.86,105.0
2019-03-26 15:02:00,31.8034,31.8034,31.8034,31.8034,230.0
2019-03-26 15:03:00,31.8,31.8,31.8,31.8,852.0
2019-03-26 15:04:00,31.852,31.852,31.852,31.852,1880.0
2019-03-26 15:16:00,31.851,31.851,31.851,31.851,200.0
2019-03-26 15:20:00,31.77,31.77,31.77,31.77,1480.0
2019-03-26 15:21:00,31.75,31.75,31.75,31.75,1074.0
2019-03-26 15:23:00,31.75,31.75,31.75,31.75,100.0
2019-03-26 15:26:00,31.76,31.76,31.76,31.76,320.0
2019-03-26 15:27:00,31.735,31.735,31.735,31.735,100.0
2019-03-26 15:29:00,31.73,31.73,31.73,31.73,800.0
2019-03-26 15:31:00,31.58,31.59,31.58,31.59,1538.0
2019-03-26 15:33:00,31.61,31.61,31.61,31.61,484.0
2019-03-26 15:38:00,31.66,31.66,31.66,31.66,103.0
2019-03-26 15:39:00,31.71,31.71,31.71,31.71,156.0
2019-03-26 15:40:00,31.79,31.79,31.79,31.79,1201.0
2019-03-26 15:42:00,31.7899,31.7899,31.7899,31.7899,1678.0
2019-03-26 15:43:00,31.87,31.87,31.87,31.87,2514.0
2019-03-26 15:44:00,31.95,31.95,31.95,31.95,4211.0
2019-03-26 15:45:00,31.975,31.975,31.975,31.975,737.0
2019-03-26 15:46:00,32.07,32.08,31.94,31.94,4821.0
2019-03-26 15:47:00,31.98,31.98,31.98,31.98,452.0
2019-03-26 15:48:00,32.0,32.0,32.0,32.0,652.0
2019-03-26 15:49:00,31.9801,31.9801,31.9801,31.9801,792.0
2019-03-26 15:50:00,32.0,32.0,32.0,32.0,400.0
2019-03-26 15:51:00,32.005,32.005,32.005,32.005,716.0
2019-03-26 15:52:00,32.005,32.005,31.95,31.95,1742.0
2019-03-26 15:53:00,31.99,31.99,31.99,31.99,842.0
2019-03-26 15:54:00,31.96,32.025,31.96,32.025,1887.0
2019-03-26 15:55:00,32.03,32.03,32.03,32.03,1000.0
2019-03-26 15:56:00,32.04,32.04,32.04,32.04,1155.0
2019-03-26 15:57:00,32.075,32.075,32.075,32.075,716.0
2019-03-26 15:58:00,32.06,32.06,32.06,32.06,1055.0
2019-03-26 15:59:00,32.055,32.12,32.055,32.12,3174.0
2019-03-26 16:00:00,32.1,32.1,32.1,32.1,3103.0
2019-03-27 09:31:00,32.02,32.02,32.01,32.01,2304.0
2019-03-27 09:48:00,32.37,32.37,32.37,32.37,100.0
2019-03-27 09:49:00,32.5034,32.5034,32.395,32.395,1600.0
2019-03-27 09:51:00,32.4349,32.4349,32.385,32.385,1007.0
2019-03-27 09:53:00,32.5,32.56,32.5,32.56,550.0
2019-03-27 09:54:00,32.535,32.535,32.535,32.535,200.0
2019-03-27 09:55:00,32.6,32.6,32.6,32.6,153.0
2019-03-27 09:58:00,32.59,32.59,32.59,32.59,632.0
2019-03-27 10:01:00,32.63,32.63,32.61,32.61,700.0
2019-03-27 10:02:00,32.61,32.61,32.545,32.545,1712.0
2019-03-27 10:06:00,32.51,32.51,32.51,32.51,150.0
2019-03-27 10:07:00,32.6075,32.6075,32.575,32.575,200.0
2019-03-27 10:10:00,32.5,32.5,32.5,32.5,123.0
2019-03-27 10:11:00,32.5499,32.5499,32.5499,32.5499,100.0
2019-03-27 10:12:00,32.5,32.5135,32.5,32.5135,700.0
2019-03-27 10:13:00,32.5614,32.5614,32.5614,32.5614,4000.0
2019-03-27 10:14:00,32.67,32.67,32.67,32.67,100.0
2019-03-27 10:15:00,32.6,32.68,32.59,32.6,2527.0
2019-03-27 10:16:00,32.6,32.63,32.57,32.57,618.0
2019-03-27 10:17:00,32.65,32.65,32.65,32.65,1055.0
2019-03-27 10:19:00,32.62,32.62,32.62,32.62,474.0
2019-03-27 10:23:00,32.62,32.62,32.6,32.6,300.0
2019-03-27 10:24:00,32.6447,32.6447,32.625,32.625,2050.0
2019-03-27 10:25:00,32.63,32.68,32.55,32.55,5535.0
2019-03-27 10:26:00,32.6,32.6194,32.6,32.6,3100.0
2019-03-27 10:27:00,32.59,32.6002,32.57,32.6,2500.0
2019-03-27 10:28:00,32.6,32.6,32.6,32.6,100.0
2019-03-27 10:29:00,32.565,32.565,32.565,32.565,100.0
2019-03-27 10:30:00,32.6,32.62,32.6,32.6,4146.0
2019-03-27 10:31:00,32.61,32.61,32.6,32.6,2835.0
2019-03-27 10:32:00,32.6,32.6,32.6,32.6,100.0
2019-03-27 10:33:00,32.6,32.6,32.6,32.6,420.0
2019-03-27 10:36:00,32.59,32.6,32.5698,32.6,996.0
2019-03-27 10:37:00,32.57,32.57,32.57,32.57,145.0
2019-03-27 10:38:00,32.6,32.6,32.6,32.6,500.0
2019-03-27 10:40:00,32.59,32.6,32.5801,32.6,2400.0
2019-03-27 10:41:00,32.59,32.59,32.59,32.59,998.0
2019-03-27 10:42:00,32.54,32.54,32.54,32.54,147.0
2019-03-27 10:43:00,32.5,32.5,32.5,32.5,250.0
2019-03-27 10:45:00,32.5,32.5,32.5,32.5,100.0
2019-03-27 10:46:00,32.47,32.47,32.47,32.47,190.0
2019-03-27 10:47:00,32.48,32.48,32.46,32.46,550.0
2019-03-27 10:48:00,32.4883,32.4883,32.46,32.46,400.0
2019-03-27 10:50:00,32.46,32.46,32.3344,32.3344,6210.0
2019-03-27 10:52:00,32.34,32.46,32.34,32.46,316.0
2019-03-27 10:53:00,32.37,32.37,32.36,32.36,610.0
2019-03-27 10:54:00,32.34,32.35,32.26,32.26,2100.0
2019-03-27 10:55:00,32.26,32.325,32.26,32.325,800.0
2019-03-27 10:56:00,32.3,32.3,32.26,32.26,500.0
2019-03-27 10:57:00,32.26,32.26,32.25,32.25,400.0
2019-03-27 10:58:00,32.1,32.17,32.1,32.17,500.0
2019-03-27 10:59:00,32.1,32.11,32.1,32.1,300.0
2019-03-27 11:00:00,32.12,32.12,32.12,32.12,100.0
2019-03-27 11:01:00,32.13,32.13,32.13,32.13,100.0
2019-03-27 11:02:00,32.195,32.195,32.16,32.16,800.0
2019-03-27 11:03:00,32.195,32.195,32.195,32.195,330.0
2019-03-27 11:05:00,32.2,32.2,32.2,32.2,129.0
2019-03-27 11:07:00,32.17,32.17,32.17,32.17,171.0
2019-03-27 11:08:00,32.2,32.205,32.18,32.18,329.0
2019-03-27 11:09:00,32.21,32.21,32.21,32.21,100.0
2019-03-27 11:10:00,32.215,32.215,32.215,32.215,100.0
2019-03-27 11:11:00,32.215,32.215,32.215,32.215,150.0
2019-03-27 11:12:00,32.22,32.24,32.22,32.24,1646.0
2019-03-27 11:13:00,32.25,32.3,32.24,32.3,667.0
2019-03-27 11:15:00,32.2906,32.2906,32.2906,32.2906,1015.0
2019-03-27 11:16:00,32.285,32.285,32.285,32.285,110.0
2019-03-27 11:17:00,32.285,32.285,32.285,32.285,116.0
2019-03-27 11:18:00,32.285,32.285,32.285,32.285,200.0
2019-03-27 11:19:00,32.285,32.285,32.285,32.285,100.0
2019-03-27 11:20:00,32.285,32.285,32.285,32.285,200.0
2019-03-27 11:21:00,32.28,32.28,32.28,32.28,150.0
2019-03-27 11:25:00,32.28,32.28,32.28,32.28,200.0
2019-03-27 11:26:00,32.28,32.3,32.26,32.26,9958.0
2019-03-27 11:27:00,32.26,32.26,32.22,32.22,1100.0
2019-03-27 11:28:00,32.17,32.26,32.17,32.22,5200.0
2019-03-27 11:29:00,32.215,32.215,32.21,32.21,400.0
2019-03-27 11:30:00,32.24,32.24,32.215,32.215,920.0
2019-03-27 11:31:00,32.215,32.215,32.215,32.215,200.0
2019-03-27 11:32:00,32.24,32.26,32.235,32.26,820.0
2019-03-27 11:33:00,32.4,32.4,32.4,32.4,400.0
2019-03-27 11:34:00,32.3325,32.3325,32.3325,32.3325,154.0
2019-03-27 11:35:00,32.36,32.36,32.36,32.36,200.0
2019-03-27 11:36:00,32.3788,32.3788,32.32,32.36,600.0
2019-03-27 11:37:00,32.36,32.36,32.36,32.36,202.0
2019-03-27 11:38:00,32.36,32.36,32.36,32.36,100.0
2019-03-27 11:40:00,32.345,32.36,32.345,32.36,300.0
2019-03-27 11:41:00,32.3603,32.4,32.34,32.4,500.0
2019-03-27 11:42:00,32.365,32.365,32.365,32.365,101.0
2019-03-27 11:43:00,32.365,32.365,32.365,32.365,100.0
2019-03-27 11:45:00,32.35,32.37,32.34,32.37,300.0
2019-03-27 11:47:00,32.37,32.37,32.37,32.37,200.0
2019-03-27 11:48:00,32.37,32.37,32.37,32.37,250.0
2019-03-27 11:49:00,32.37,32.37,32.37,32.37,200.0
2019-03-27 11:51:00,32.38,32.4,32.37,32.4,1300.0
2019-03-27 11:52:00,32.4,32.4,32.4,32.4,100.0
2019-03-27 11:55:00,32.38,32.38,32.38,32.38,500.0
2019-03-27 11:56:00,32.37,32.385,32.37,32.37,300.0
2019-03-27 11:57:00,32.3892,32.3892,32.3892,32.3892,100.0
2019-03-27 11:58:00,32.4,32.4,32.4,32.4,597.0
2019-03-27 11:59:00,32.4,32.4,32.37,32.37,314.0
2019-03-27 12:01:00,32.37,32.37,32.37,32.37,100.0
2019-03-27 12:03:00,32.3804,32.3804,32.3804,32.3804,400.0
2019-03-27 12:04:00,32.38,32.38,32.38,32.38,1150.0
2019-03-27 12:05:00,32.37,32.37,32.37,32.37,1750.0
2019-03-27 12:06:00,32.37,32.39,32.37,32.39,565.0
2019-03-27 12:09:00,32.37,32.37,32.37,32.37,100.0
2019-03-27 12:10:00,32.37,32.37,32.37,32.37,1000.0
2019-03-27 12:11:00,32.37,32.38,32.37,32.38,200.0
2019-03-27 12:17:00,32.37,32.37,32.37,32.37,200.0
2019-03-27 12:18:00,32.37,32.4,32.37,32.38,1100.0
2019-03-27 12:19:00,32.39,32.39,32.39,32.39,214.0
2019-03-27 12:21:00,32.4,32.4,32.4,32.4,300.0
2019-03-27 12:22:00,32.4,32.51,32.4,32.51,4608.0
2019-03-27 12:23:00,32.53,32.56,32.53,32.56,200.0
2019-03-27 12:24:00,32.56,32.56,32.53,32.54,3800.0
2019-03-27 12:25:00,32.54,32.57,32.54,32.57,4310.0
2019-03-27 12:28:00,32.58,32.58,32.58,32.58,1400.0
2019-03-27 12:29:00,32.56,32.56,32.4811,32.4811,209.0
2019-03-27 12:30:00,32.5,32.5,32.475,32.475,591.0
2019-03-27 12:33:00,32.475,32.475,32.475,32.475,100.0
2019-03-27 12:34:00,32.475,32.475,32.475,32.475,102.0
2019-03-27 12:37:00,32.475,32.475,32.475,32.475,100.0
2019-03-27 12:38:00,32.475,32.475,32.39,32.39,2610.0
2019-03-27 12:40:00,32.34,32.34,32.27,32.27,200.0
2019-03-27 12:41:00,32.27,32.27,32.26,32.26,200.0
2019-03-27 12:42:00,32.23,32.23,32.13,32.13,200.0
2019-03-27 12:43:00,32.12,32.12,32.12,32.12,100.0
2019-03-27 12:44:00,32.15,32.15,32.15,32.15,200.0
2019-03-27 12:45:00,32.15,32.15,32.15,32.15,300.0
2019-03-27 12:46:00,32.11,32.11,32.11,32.11,100.0
2019-03-27 12:47:00,32.11,32.11,32.03,32.03,410.0
2019-03-27 12:49:00,32.04,32.04,32.04,32.04,200.0
2019-03-27 12:50:00,32.04,32.09,32.04,32.04,900.0
2019-03-27 12:51:00,32.04,32.04,32.04,32.04,100.0
2019-03-27 12:53:00,32.09,32.205,32.08,32.11,1807.0
2019-03-27 12:54:00,32.14,32.14,32.14,32.14,100.0
2019-03-27 12:58:00,32.17,32.17,32.17,32.17,100.0
2019-03-27 12:59:00,32.1561,32.1561,32.1561,32.1561,100.0
2019-03-27 13:03:00,32.16,32.16,32.16,32.16,800.0
2019-03-27 13:04:00,32.16,32.16,32.16,32.16,300.0
2019-03-27 13:06:00,32.16,32.1858,32.16,32.16,1147.0
2019-03-27 13:07:00,32.1938,32.1938,32.16,32.16,700.0
2019-03-27 13:09:00,32.17,32.17,32.16,32.16,300.0
2019-03-27 13:11:00,32.16,32.16,32.115,32.115,999.0
2019-03-27 13:12:00,32.05,32.1,32.05,32.1,300.0
2019-03-27 13:13:00,32.05,32.06,32.05,32.05,300.0
2019-03-27 13:15:00,32.05,32.06,32.05,32.06,305.0
2019-03-27 13:16:00,32.05,32.06,32.05,32.05,300.0
2019-03-27 13:17:00,32.1,32.1,32.1,32.1,200.0
2019-03-27 13:18:00,32.1,32.1,32.1,32.1,100.0
2019-03-27 13:19:00,32.1,32.1,32.1,32.1,400.0
2019-03-27 13:20:00,32.1,32.1,32.1,32.1,100.0
2019-03-27 13:21:00,32.1,32.1,32.1,32.1,200.0
2019-03-27 13:22:00,32.07,32.07,32.07,32.07,100.0
2019-03-27 13:23:00,32.07,32.07,32.07,32.07,100.0
2019-03-27 13:24:00,32.08,32.08,32.08,32.08,100.0
2019-03-27 13:25:00,32.08,32.08,32.08,32.08,200.0
2019-03-27 13:26:00,32.08,32.08,32.08,32.08,200.0
2019-03-27 13:27:00,32.12,32.12,32.12,32.12,100.0
2019-03-27 13:28:00,32.08,32.13,32.08,32.12,1310.0
2019-03-27 13:30:00,32.12,32.12,32.12,32.12,290.0
2019-03-27 13:37:00,32.12,32.19,32.12,32.19,2000.0
2019-03-27 13:38:00,32.18,32.18,32.18,32.18,400.0
2019-03-27 13:41:00,32.195,32.195,32.195,32.195,300.0
2019-03-27 13:42:00,32.2,32.2,32.2,32.2,104.0
2019-03-27 13:43:00,32.2,32.2,32.2,32.2,312.0
2019-03-27 13:44:00,32.21,32.22,32.21,32.22,500.0
2019-03-27 13:45:00,32.29,32.29,32.29,32.29,500.0
2019-03-27 13:46:00,32.3,32.3,32.3,32.3,1000.0
2019-03-27 13:47:00,32.31,32.31,32.31,32.31,400.0
2019-03-27 13:48:00,32.31,32.32,32.31,32.31,700.0
2019-03-27 13:49:00,32.32,32.32,32.32,32.32,200.0
2019-03-27 13:51:00,32.25,32.25,32.25,32.25,511.0
2019-03-27 13:52:00,32.22,32.2299,32.17,32.17,500.0
2019-03-27 13:53:00,32.165,32.165,32.165,32.165,100.0
2019-03-27 13:54:00,32.165,32.165,32.165,32.165,100.0
2019-03-27 13:56:00,32.16,32.16,32.16,32.16,200.0
2019-03-27 13:57:00,32.165,32.165,32.165,32.165,100.0
2019-03-27 13:58:00,32.165,32.165,32.165,32.165,300.0
2019-03-27 13:59:00,32.165,32.165,32.165,32.165,100.0
2019-03-27 14:00:00,32.115,32.115,32.115,32.115,300.0
2019-03-27 14:02:00,32.115,32.165,32.115,32.165,200.0
2019-03-27 14:03:00,32.165,32.165,32.165,32.165,300.0
2019-03-27 14:05:00,32.165,32.2,32.165,32.2,2057.0
2019-03-27 14:06:00,32.2,32.23,32.19,32.23,989.0
2019-03-27 14:08:00,32.25,32.26,32.235,32.26,700.0
2019-03-27 14:09:00,32.27,32.27,32.21,32.21,1907.0
2019-03-27 14:12:00,32.2,32.25,32.2,32.2,1100.0
2019-03-27 14:14:00,32.12,32.175,32.12,32.175,200.0
2019-03-27 14:16:00,32.14,32.14,32.14,32.14,100.0
2019-03-27 14:17:00,32.14,32.14,32.14,32.14,100.0
2019-03-27 14:18:00,32.14,32.165,32.13,32.165,600.0
2019-03-27 14:19:00,32.13,32.165,32.13,32.165,200.0
2019-03-27 14:20:00,32.165,32.165,32.165,32.165,100.0
2019-03-27 14:21:00,32.14,32.14,32.14,32.14,200.0
2019-03-27 14:22:00,32.14,32.17,32.14,32.17,200.0
2019-03-27 14:23:00,32.15,32.175,32.15,32.175,200.0
2019-03-27 14:24:00,32.175,32.175,32.175,32.175,104.0
2019-03-27 14:25:00,32.175,32.18,32.175,32.18,300.0
2019-03-27 14:26:00,32.17,32.185,32.17,32.185,200.0
2019-03-27 14:27:00,32.17,32.185,32.17,32.185,200.0
2019-03-27 14:28:00,32.18,32.195,32.18,32.195,1033.0
2019-03-27 14:29:00,32.15,32.15,32.13,32.13,986.0
2019-03-27 14:30:00,32.13,32.15,32.115,32.125,10000.0
2019-03-27 14:31:00,32.115,32.115,32.07,32.07,525.0
2019-03-27 14:32:00,32.095,32.095,32.09,32.095,600.0
2019-03-27 14:33:00,32.095,32.12,32.095,32.12,200.0
2019-03-27 14:34:00,32.09,32.1,32.08,32.08,425.0
2019-03-27 14:36:00,32.06,32.06,31.93,31.93,2999.0
2019-03-27 14:37:00,31.875,31.91,31.86,31.91,1099.0
2019-03-27 14:39:00,31.9866,31.9866,31.9866,31.9866,103.0
2019-03-27 14:41:00,31.9891,31.9891,31.9891,31.9891,1000.0
2019-03-27 14:42:00,32.01,32.01,32.01,32.01,200.0
2019-03-27 14:44:00,31.9937,31.9937,31.9937,31.9937,300.0
2019-03-27 14:47:00,31.995,32.01,31.995,31.995,502.0
2019-03-27 14:48:00,31.98,31.98,31.98,31.98,115.0
2019-03-27 14:49:00,31.995,31.995,31.995,31.995,100.0
2019-03-27 14:51:00,32.01,32.01,31.98,31.98,500.0
2019-03-27 14:55:00,31.995,32.03,31.9927,32.03,2039.0
2019-03-27 14:56:00,32.08,32.08,32.08,32.08,1503.0
2019-03-27 14:58:00,32.11,32.14,32.08,32.1267,2450.0
2019-03-27 14:59:00,32.14,32.14,32.14,32.14,100.0
2019-03-27 15:00:00,32.115,32.115,32.115,32.115,100.0
2019-03-27 15:03:00,32.14,32.14,32.14,32.14,100.0
2019-03-27 15:05:00,32.11,32.11,32.11,32.11,120.0
2019-03-27 15:06:00,32.14,32.14,32.14,32.14,300.0
2019-03-27 15:07:00,32.14,32.14,32.14,32.14,353.0
2019-03-27 15:09:00,32.135,32.135,32.135,32.135,100.0
2019-03-27 15:10:00,32.135,32.135,32.135,32.135,331.0
2019-03-27 15:11:00,32.135,32.18,32.135,32.1705,3650.0
2019-03-27 15:12:00,32.2,32.2,32.2,32.2,106.0
2019-03-27 15:16:00,32.175,32.175,32.175,32.175,109.0
2019-03-27 15:18:00,32.175,32.175,32.175,32.175,133.0
2019-03-27 15:21:00,32.18,32.2,32.1582,32.1944,1200.0
2019-03-27 15:23:00,32.19,32.19,32.19,32.19,155.0
2019-03-27 15:24:00,32.19,32.22,32.19,32.195,2713.0
2019-03-27 15:25:00,32.21,32.21,32.17,32.17,1200.0
2019-03-27 15:29:00,32.18,32.18,32.18,32.18,414.0
2019-03-27 15:30:00,32.18,32.18,32.18,32.18,100.0
2019-03-27 15:31:00,32.2,32.2,32.185,32.185,260.0
2019-03-27 15:32:00,32.2,32.2,32.18,32.2,800.0
2019-03-27 15:33:00,32.195,32.2007,32.18,32.18,2100.0
2019-03-27 15:34:00,32.179,32.18,32.155,32.155,2100.0
2019-03-27 15:38:00,32.1675,32.18,32.1675,32.17,300.0
2019-03-27 15:39:00,32.16,32.16,32.16,32.16,194.0
2019-03-27 15:40:00,32.16,32.17,32.16,32.16,1172.0
2019-03-27 15:42:00,32.105,32.105,32.105,32.105,100.0
2019-03-27 15:43:00,32.09,32.1,32.08,32.08,700.0
2019-03-27 15:44:00,32.08,32.08,32.07,32.07,415.0
2019-03-27 15:45:00,32.07,32.07,32.06,32.07,402.0
2019-03-27 15:46:00,32.07,32.095,32.06,32.095,1551.0
2019-03-27 15:47:00,32.11,32.11,32.11,32.11,100.0
2019-03-27 15:48:00,32.145,32.145,32.1,32.1,3000.0
2019-03-27 15:51:00,32.11,32.11,32.11,32.11,221.0
2019-03-27 15:53:00,32.085,32.085,32.085,32.085,128.0
2019-03-27 15:54:00,32.0895,32.0895,32.085,32.085,488.0
2019-03-27 15:56:00,32.105,32.105,32.105,32.105,878.0
2019-03-27 15:57:00,32.1125,32.115,32.09,32.115,1123.0
2019-03-27 15:58:00,32.1,32.1423,32.1,32.1423,714.0
2019-03-27 15:59:00,32.155,32.16,32.09,32.1,1779.0
2019-03-27 16:00:00,32.1,32.22,32.1,32.2,2482.0
2019-03-28 09:37:00,32.2718,32.2718,32.2718,32.2718,0.0
2019-03-28 09:39:00,32.3454,32.3454,32.3454,32.3454,800.0
2019-03-28 09:42:00,32.2301,32.2301,32.2301,32.2301,100.0
2019-03-28 09:43:00,32.3057,32.3057,32.3057,32.3057,1104.0
2019-03-28 09:49:00,32.16,32.16,32.16,32.16,1364.0
2019-03-28 10:08:00,32.2896,32.2896,32.2896,32.2896,175.0
2019-03-28 10:10:00,32.3399,32.3399,32.27,32.27,285.0
2019-03-28 10:12:00,32.27,32.27,32.27,32.27,385.0
2019-03-28 10:13:00,32.3,32.3,32.3,32.3,300.0
2019-03-28 10:14:00,32.305,32.3325,32.305,32.3325,600.0
2019-03-28 10:15:00,32.305,32.305,32.305,32.305,702.0
2019-03-28 10:16:00,32.25,32.25,32.25,32.25,100.0
2019-03-28 10:17:00,32.25,32.25,32.25,32.25,200.0
2019-03-28 10:18:00,32.26,32.26,32.26,32.26,500.0
2019-03-28 10:19:00,32.3,32.3,32.3,32.3,3050.0
2019-03-28 10:20:00,32.29,32.315,32.29,32.315,600.0
2019-03-28 10:21:00,32.31,32.31,32.31,32.31,700.0
2019-03-28 10:22:00,32.26,32.33,32.26,32.33,400.0
2019-03-28 10:23:00,32.28,32.28,32.28,32.28,700.0
2019-03-28 10:24:00,32.28,32.28,32.28,32.28,200.0
2019-03-28 10:26:00,32.27,32.27,32.27,32.27,400.0
2019-03-28 10:27:00,32.275,32.275,32.275,32.275,100.0
2019-03-28 10:28:00,32.275,32.275,32.275,32.275,200.0
2019-03-28 10:29:00,32.275,32.275,32.275,32.275,300.0
2019-03-28 10:30:00,32.285,32.285,32.285,32.285,100.0
2019-03-28 10:31:00,32.285,32.285,32.285,32.285,500.0
2019-03-28 10:32:00,32.285,32.285,32.285,32.285,100.0
2019-03-28 10:33:00,32.285,32.285,32.285,32.285,200.0
2019-03-28 10:34:00,32.315,32.315,32.315,32.315,525.0
2019-03-28 10:35:00,32.27,32.27,32.27,32.27,102.0
2019-03-28 10:36:00,32.2,32.2015,32.2,32.2,500.0
2019-03-28 10:37:00,32.275,32.275,32.275,32.275,752.0
2019-03-28 10:38:00,32.275,32.275,32.275,32.275,300.0
2019-03-28 10:39:00,32.275,32.275,32.275,32.275,200.0
2019-03-28 10:41:00,32.28,32.28,32.28,32.28,200.0
2019-03-28 10:42:00,32.28,32.28,32.28,32.28,100.0
2019-03-28 10:43:00,32.28,32.285,32.28,32.285,200.0
2019-03-28 10:44:00,32.285,32.285,32.285,32.285,300.0
2019-03-28 10:45:00,32.285,32.285,32.285,32.285,200.0
2019-03-28 10:46:00,32.28,32.28,32.28,32.28,100.0
2019-03-28 10:47:00,32.2902,32.2902,32.2902,32.2902,1650.0
2019-03-28 10:48:00,32.28,32.28,32.28,32.28,450.0
2019-03-28 10:50:00,32.28,32.285,32.28,32.285,200.0
2019-03-28 10:51:00,32.28,32.28,32.28,32.28,402.0
2019-03-28 10:52:00,32.285,32.285,32.28,32.28,200.0
2019-03-28 10:53:00,32.28,32.28,32.28,32.28,300.0
2019-03-28 10:54:00,32.315,32.315,32.315,32.315,200.0
2019-03-28 10:55:00,32.34,32.34,32.34,32.34,401.0
2019-03-28 10:57:00,32.35,32.35,32.35,32.35,226.0
2019-03-28 10:58:00,32.36,32.36,32.36,32.36,300.0
2019-03-28 10:59:00,32.36,32.36,32.36,32.36,300.0
2019-03-28 11:00:00,32.36,32.36,32.36,32.36,100.0
2019-03-28 11:01:00,32.5,32.5,32.5,32.5,2171.0
2019-03-28 11:02:00,32.455,32.455,32.455,32.455,215.0
2019-03-28 11:03:00,32.455,32.455,32.455,32.455,315.0
2019-03-28 11:04:00,32.455,32.455,32.455,32.455,100.0
2019-03-28 11:05:00,32.455,32.455,32.455,32.455,300.0
2019-03-28 11:06:00,32.46,32.46,32.46,32.46,215.0
2019-03-28 11:08:00,32.46,32.46,32.46,32.46,100.0
2019-03-28 11:09:00,32.46,32.46,32.46,32.46,200.0
2019-03-28 11:10:00,32.47,32.47,32.47,32.47,303.0
2019-03-28 11:11:00,32.47,32.47,32.47,32.47,424.0
2019-03-28 11:12:00,32.47,32.47,32.47,32.47,100.0
2019-03-28 11:13:00,32.5,32.5,32.5,32.5,1050.0
2019-03-28 11:14:00,32.65,32.65,32.65,32.65,1550.0
2019-03-28 11:15:00,32.54,32.54,32.54,32.54,2052.0
2019-03-28 11:16:00,32.555,32.555,32.555,32.555,100.0
2019-03-28 11:17:00,32.49,32.49,32.49,32.49,381.0
2019-03-28 11:19:00,32.49,32.49,32.49,32.49,200.0
2019-03-28 11:20:00,32.51,32.51,32.51,32.51,319.0
2019-03-28 11:21:00,32.57,32.57,32.57,32.57,100.0
2019-03-28 11:22:00,32.6,32.6,32.6,32.6,300.0
2019-03-28 11:23:00,32.56,32.56,32.56,32.56,1300.0
2019-03-28 11:24:00,32.61,32.61,32.61,32.61,2000.0
2019-03-28 11:25:00,32.57,32.57,32.57,32.57,200.0
2019-03-28 11:26:00,32.62,32.62,32.62,32.62,535.0
2019-03-28 11:28:00,32.59,32.59,32.59,32.59,300.0
2019-03-28 11:29:00,32.675,32.675,32.67,32.67,3600.0
2019-03-28 11:30:00,32.71,32.71,32.67,32.67,1700.0
2019-03-28 11:31:00,32.67,32.67,32.67,32.67,1800.0
2019-03-28 11:32:00,32.67,32.67,32.67,32.67,300.0
2019-03-28 11:33:00,32.67,32.67,32.67,32.67,500.0
2019-03-28 11:34:00,32.67,32.69,32.62,32.62,1100.0
2019-03-28 11:36:00,32.61,32.61,32.61,32.61,1200.0
2019-03-28 11:38:00,32.6,32.6,32.6,32.6,725.0
2019-03-28 11:39:00,32.6,32.6,32.6,32.6,200.0
2019-03-28 11:40:00,32.66,32.66,32.66,32.66,700.0
2019-03-28 11:41:00,32.6574,32.66,32.6574,32.66,250.0
2019-03-28 11:42:00,32.61,32.61,32.61,32.61,350.0
2019-03-28 11:43:00,32.66,32.66,32.66,32.66,500.0
2019-03-28 11:44:00,32.62,32.62,32.62,32.62,1000.0
2019-03-28 11:45:00,32.62,32.62,32.62,32.62,200.0
2019-03-28 11:46:00,32.61,32.61,32.61,32.61,200.0
2019-03-28 11:47:00,32.635,32.635,32.635,32.635,550.0
2019-03-28 11:49:00,32.6,32.6793,32.6,32.635,1300.0
2019-03-28 11:50:00,32.61,32.64,32.61,32.64,3100.0
2019-03-28 11:51:00,32.64,32.64,32.64,32.64,300.0
2019-03-28 11:52:00,32.63,32.63,32.63,32.63,200.0
2019-03-28 11:53:00,32.63,32.63,32.63,32.63,100.0
2019-03-28 11:54:00,32.63,32.63,32.63,32.63,400.0
2019-03-28 11:55:00,32.64,32.64,32.64,32.64,402.0
2019-03-28 11:56:00,32.675,32.675,32.675,32.675,300.0
2019-03-28 11:57:00,32.675,32.675,32.675,32.675,700.0
2019-03-28 11:58:00,32.65,32.65,32.65,32.65,100.0
2019-03-28 11:59:00,32.65,32.65,32.65,32.65,400.0
2019-03-28 12:01:00,32.69,32.69,32.69,32.69,200.0
2019-03-28 12:02:00,32.705,32.705,32.69,32.69,1900.0
2019-03-28 12:03:00,32.6,32.6,32.6,32.6,100.0
2019-03-28 12:04:00,32.6,32.6,32.6,32.6,400.0
2019-03-28 12:05:00,32.6,32.6,32.6,32.6,300.0
2019-03-28 12:06:00,32.6,32.6,32.6,32.6,300.0
2019-03-28 12:07:00,32.61,32.61,32.6,32.6,700.0
2019-03-28 12:08:00,32.6,32.6,32.6,32.6,800.0
2019-03-28 12:09:00,32.635,32.645,32.6,32.645,400.0
2019-03-28 12:10:00,32.645,32.645,32.645,32.645,600.0
2019-03-28 12:11:00,32.645,32.645,32.645,32.645,100.0
2019-03-28 12:13:00,32.645,32.645,32.645,32.645,100.0
2019-03-28 12:14:00,32.645,32.645,32.645,32.645,500.0
2019-03-28 12:15:00,32.6,32.6,32.6,32.6,100.0
2019-03-28 12:16:00,32.6,32.6,32.6,32.6,800.0
2019-03-28 12:17:00,32.65,32.65,32.65,32.65,1900.0
2019-03-28 12:18:00,32.6,32.6,32.6,32.6,1000.0
2019-03-28 12:19:00,32.645,32.645,32.6,32.6,301.0
2019-03-28 12:20:00,32.6,32.6,32.6,32.6,401.0
2019-03-28 12:21:00,32.65,32.65,32.65,32.65,406.0
2019-03-28 12:22:00,32.62,32.62,32.62,32.62,100.0
2019-03-28 12:23:00,32.625,32.625,32.625,32.625,600.0
2019-03-28 12:24:00,32.61,32.61,32.61,32.61,200.0
2019-03-28 12:25:00,32.66,32.66,32.66,32.66,500.0
2019-03-28 12:26:00,32.66,32.67,32.66,32.67,200.0
2019-03-28 12:27:00,32.67,32.67,32.67,32.67,500.0
2019-03-28 12:28:00,32.67,32.67,32.67,32.67,100.0
2019-03-28 12:29:00,32.67,32.67,32.67,32.67,200.0
2019-03-28 12:30:00,32.67,32.67,32.67,32.67,400.0
2019-03-28 12:32:00,32.67,32.67,32.67,32.67,100.0
2019-03-28 12:33:00,32.79,32.79,32.79,32.79,100.0
2019-03-28 12:35:00,32.77,32.77,32.77,32.77,400.0
2019-03-28 12:36:00,32.78,32.78,32.78,32.78,513.0
2019-03-28 12:37:00,32.78,32.8111,32.78,32.79,2200.0
2019-03-28 12:38:00,32.79,32.79,32.79,32.79,2300.0
2019-03-28 12:39:00,32.79,32.79,32.79,32.79,100.0
2019-03-28 12:40:00,32.81,32.81,32.81,32.81,300.0
2019-03-28 12:41:00,32.84,32.84,32.81,32.81,3200.0
2019-03-28 12:42:00,32.86,32.86,32.85,32.85,300.0
2019-03-28 12:43:00,32.8,32.8,32.8,32.8,800.0
2019-03-28 12:44:00,32.8,32.8,32.8,32.8,400.0
2019-03-28 12:45:00,32.74,32.74,32.74,32.74,937.0
2019-03-28 12:46:00,32.76,32.76,32.76,32.76,100.0
2019-03-28 12:47:00,32.76,32.76,32.76,32.76,200.0
2019-03-28 12:48:00,32.76,32.76,32.76,32.76,200.0
2019-03-28 12:49:00,32.76,32.76,32.76,32.76,474.0
2019-03-28 12:51:00,32.76,32.78,32.76,32.78,300.0
2019-03-28 12:52:00,32.78,32.78,32.78,32.78,400.0
2019-03-28 12:53:00,32.803,32.803,32.803,32.803,700.0
2019-03-28 12:54:00,32.78,32.78,32.78,32.78,500.0
2019-03-28 12:55:00,32.78,32.78,32.78,32.78,200.0
2019-03-28 12:56:00,32.72,32.72,32.72,32.72,500.0
2019-03-28 12:57:00,32.755,32.755,32.755,32.755,300.0
2019-03-28 12:58:00,32.72,32.72,32.72,32.72,1000.0
2019-03-28 13:00:00,32.68,32.68,32.68,32.68,300.0
2019-03-28 13:01:00,32.68,32.68,32.68,32.68,700.0
2019-03-28 13:02:00,32.6944,32.6944,32.6944,32.6944,1300.0
2019-03-28 13:03:00,32.6,32.6,32.6,32.6,200.0
2019-03-28 13:04:00,32.665,32.665,32.665,32.665,300.0
2019-03-28 13:05:00,32.675,32.675,32.675,32.675,433.0
2019-03-28 13:06:00,32.68,32.68,32.68,32.68,201.0
2019-03-28 13:08:00,32.675,32.675,32.675,32.675,100.0
2019-03-28 13:09:00,32.6878,32.6878,32.6878,32.6878,1025.0
2019-03-28 13:10:00,32.67,32.67,32.67,32.67,301.0
2019-03-28 13:11:00,32.67,32.67,32.67,32.67,200.0
2019-03-28 13:12:00,32.68,32.68,32.68,32.68,100.0
2019-03-28 13:13:00,32.68,32.68,32.68,32.68,100.0
2019-03-28 13:14:00,32.68,32.68,32.68,32.68,300.0
2019-03-28 13:15:00,32.69,32.69,32.69,32.69,500.0
2019-03-28 13:16:00,32.71,32.71,32.71,32.71,100.0
2019-03-28 13:17:00,32.73,32.73,32.72,32.72,1850.0
2019-03-28 13:19:00,32.65,32.65,32.65,32.65,100.0
2019-03-28 13:20:00,32.63,32.63,32.63,32.63,200.0
2019-03-28 13:21:00,32.63,32.63,32.63,32.63,400.0
2019-03-28 13:22:00,32.665,32.665,32.665,32.665,200.0
2019-03-28 13:23:00,32.7,32.7,32.6864,32.6864,1300.0
2019-03-28 13:24:00,32.76,32.76,32.76,32.76,800.0
2019-03-28 13:25:00,32.71,32.71,32.71,32.71,100.0
2019-03-28 13:26:00,32.71,32.71,32.71,32.71,200.0
2019-03-28 13:27:00,32.78,32.78,32.78,32.78,643.0
2019-03-28 13:28:00,32.765,32.765,32.765,32.765,200.0
2019-03-28 13:29:00,32.775,32.8,32.775,32.775,400.0
2019-03-28 13:30:00,32.805,32.805,32.805,32.805,1000.0
2019-03-28 13:32:00,32.8,32.8,32.8,32.8,650.0
2019-03-28 13:34:00,32.81,32.81,32.81,32.81,100.0
2019-03-28 13:35:00,32.76,32.76,32.76,32.76,300.0
2019-03-28 13:36:00,32.76,32.77,32.76,32.76,300.0
2019-03-28 13:37:00,32.76,32.76,32.67,32.67,1510.0
2019-03-28 13:38:00,32.65,32.65,32.65,32.65,100.0
2019-03-28 13:39:00,32.61,32.64,32.61,32.64,900.0
2019-03-28 13:40:00,32.71,32.71,32.71,32.71,200.0
2019-03-28 13:42:00,32.72,32.72,32.72,32.72,100.0
2019-03-28 13:44:00,32.7,32.7,32.7,32.7,200.0
2019-03-28 13:46:00,32.7,32.7,32.7,32.7,300.0
2019-03-28 13:47:00,32.7,32.7,32.7,32.7,100.0
2019-03-28 13:48:00,32.71,32.71,32.71,32.71,300.0
2019-03-28 13:49:00,32.73,32.73,32.73,32.73,600.0
2019-03-28 13:50:00,32.75,32.75,32.75,32.75,900.0
2019-03-28 13:51:00,32.75,32.75,32.75,32.75,100.0
2019-03-28 13:52:00,32.75,32.75,32.75,32.75,600.0
2019-03-28 13:54:00,32.75,32.75,32.75,32.75,300.0
2019-03-28 13:56:00,32.795,32.795,32.795,32.795,801.0
2019-03-28 13:57:00,32.8,32.8,32.8,32.8,900.0
2019-03-28 13:58:00,32.78,32.78,32.78,32.78,200.0
2019-03-28 13:59:00,32.76,32.76,32.74,32.74,500.0
2019-03-28 14:01:00,32.7,32.7,32.7,32.7,200.0
2019-03-28 14:02:00,32.72,32.72,32.72,32.72,300.0
2019-03-28 14:03:00,32.76,32.76,32.76,32.76,300.0
2019-03-28 14:05:00,32.77,32.77,32.77,32.77,200.0
2019-03-28 14:06:00,32.76,32.77,32.76,32.77,1100.0
2019-03-28 14:07:00,32.75,32.75,32.75,32.75,444.0
2019-03-28 14:08:00,32.73,32.73,32.73,32.73,308.0
2019-03-28 14:09:00,32.73,32.73,32.63,32.63,200.0
2019-03-28 14:10:00,32.68,32.68,32.68,32.68,809.0
2019-03-28 14:11:00,32.695,32.695,32.69,32.69,200.0
2019-03-28 14:12:00,32.695,32.695,32.695,32.695,301.0
2019-03-28 14:13:00,32.735,32.735,32.735,32.735,700.0
2019-03-28 14:14:00,32.74,32.74,32.74,32.74,100.0
2019-03-28 14:15:00,32.72,32.74,32.72,32.7301,600.0
2019-03-28 14:16:00,32.69,32.69,32.69,32.69,100.0
2019-03-28 14:17:00,32.73,32.73,32.73,32.73,800.0
2019-03-28 14:18:00,32.73,32.73,32.73,32.73,709.0
2019-03-28 14:19:00,32.72,32.72,32.72,32.72,700.0
2019-03-28 14:20:00,32.685,32.685,32.675,32.675,765.0
2019-03-28 14:22:00,32.68,32.68,32.68,32.68,207.0
2019-03-28 14:23:00,32.725,32.725,32.725,32.725,616.0
2019-03-28 14:24:00,32.725,32.725,32.725,32.725,100.0
2019-03-28 14:25:00,32.73,32.73,32.73,32.73,500.0
2019-03-28 14:26:00,32.69,32.69,32.69,32.69,400.0
2019-03-28 14:27:00,32.68,32.71,32.68,32.71,800.0
2019-03-28 14:28:00,32.695,32.695,32.695,32.695,900.0
2019-03-28 14:29:00,32.73,32.73,32.73,32.73,300.0
2019-03-28 14:30:00,32.75,32.75,32.75,32.75,500.0
2019-03-28 14:31:00,32.745,32.75,32.745,32.75,300.0
2019-03-28 14:32:00,32.73,32.73,32.73,32.73,700.0
2019-03-28 14:33:00,32.72,32.72,32.72,32.72,100.0
2019-03-28 14:34:00,32.72,32.72,32.69,32.69,700.0
2019-03-28 14:35:00,32.63,32.63,32.63,32.63,1000.0
2019-03-28 14:36:00,32.6974,32.6974,32.6974,32.6974,650.0
2019-03-28 14:37:00,32.685,32.685,32.685,32.685,600.0
2019-03-28 14:39:00,32.64,32.64,32.64,32.64,350.0
2019-03-28 14:40:00,32.68,32.68,32.68,32.68,400.0
2019-03-28 14:41:00,32.6805,32.6805,32.6805,32.6805,163.0
2019-03-28 14:43:00,32.64,32.64,32.64,32.64,563.0
2019-03-28 14:44:00,32.64,32.64,32.64,32.64,700.0
2019-03-28 14:46:00,32.64,32.64,32.64,32.64,100.0
2019-03-28 14:47:00,32.65,32.65,32.65,32.65,850.0
2019-03-28 14:48:00,32.68,32.68,32.68,32.68,300.0
2019-03-28 14:49:00,32.64,32.64,32.64,32.64,200.0
2019-03-28 14:50:00,32.685,32.685,32.64,32.64,1100.0
2019-03-28 14:51:00,32.6,32.6,32.6,32.6,200.0
2019-03-28 14:52:00,32.61,32.61,32.61,32.61,400.0
2019-03-28 14:53:00,32.61,32.61,32.61,32.61,100.0
2019-03-28 14:54:00,32.61,32.61,32.61,32.61,600.0
2019-03-28 14:55:00,32.62,32.62,32.6,32.6,200.0
2019-03-28 14:56:00,32.6,32.6,32.6,32.6,400.0
2019-03-28 14:57:00,32.6,32.6,32.6,32.6,527.0
2019-03-28 14:58:00,32.51,32.51,32.51,32.51,439.0
2019-03-28 14:59:00,32.55,32.55,32.55,32.55,100.0
2019-03-28 15:00:00,32.54,32.54,32.54,32.54,300.0
2019-03-28 15:01:00,32.54,32.54,32.5,32.5,1220.0
2019-03-28 15:03:00,32.4,32.4,32.4,32.4,200.0
2019-03-28 15:04:00,32.4,32.4,32.4,32.4,329.0
2019-03-28 15:05:00,32.44,32.44,32.44,32.44,200.0
2019-03-28 15:06:00,32.46,32.46,32.46,32.46,100.0
2019-03-28 15:07:00,32.46,32.47,32.46,32.47,200.0
2019-03-28 15:08:00,32.47,32.47,32.47,32.47,300.0
2019-03-28 15:09:00,32.49,32.49,32.49,32.49,200.0
2019-03-28 15:10:00,32.49,32.49,32.49,32.49,300.0
2019-03-28 15:11:00,32.49,32.49,32.49,32.49,800.0
2019-03-28 15:12:00,32.5,32.5,32.5,32.5,200.0
2019-03-28 15:13:00,32.49,32.49,32.49,32.49,300.0
2019-03-28 15:14:00,32.49,32.49,32.49,32.49,500.0
2019-03-28 15:15:00,32.5,32.5,32.5,32.5,200.0
2019-03-28 15:16:00,32.49,32.49,32.49,32.49,300.0
2019-03-28 15:18:00,32.46,32.46,32.46,32.46,200.0
2019-03-28 15:19:00,32.47,32.47,32.47,32.47,100.0
2019-03-28 15:20:00,32.48,32.48,32.48,32.48,700.0
2019-03-28 15:21:00,32.48,32.48,32.48,32.48,100.0
2019-03-28 15:22:00,32.49,32.49,32.49,32.49,100.0
2019-03-28 15:23:00,32.5,32.5,32.5,32.5,800.0
2019-03-28 15:24:00,32.46,32.46,32.46,32.46,242.0
2019-03-28 15:25:00,32.46,32.46,32.46,32.46,100.0
2019-03-28 15:26:00,32.46,32.46,32.46,32.46,300.0
2019-03-28 15:27:00,32.46,32.46,32.46,32.46,200.0
2019-03-28 15:28:00,32.5,32.5,32.5,32.5,900.0
2019-03-28 15:29:00,32.5,32.5,32.5,32.5,1100.0
2019-03-28 15:31:00,32.5,32.5,32.5,32.5,901.0
2019-03-28 15:32:00,32.51,32.51,32.51,32.51,600.0
2019-03-28 15:33:00,32.47,32.47,32.47,32.47,700.0
2019-03-28 15:34:00,32.46,32.47,32.46,32.47,203.0
2019-03-28 15:35:00,32.47,32.47,32.47,32.47,303.0
2019-03-28 15:36:00,32.495,32.51,32.495,32.51,1379.0
2019-03-28 15:37:00,32.5,32.5,32.5,32.5,400.0
2019-03-28 15:38:00,32.49,32.49,32.49,32.49,800.0
2019-03-28 15:39:00,32.5,32.5,32.5,32.5,400.0
2019-03-28 15:40:00,32.5,32.5,32.5,32.5,2400.0
2019-03-28 15:41:00,32.44,32.44,32.44,32.44,981.0
2019-03-28 15:42:00,32.45,32.4501,32.45,32.45,4191.0
2019-03-28 15:43:00,32.425,32.425,32.4,32.4,898.0
2019-03-28 15:44:00,32.4,32.4,32.4,32.4,1015.0
2019-03-28 15:45:00,32.43,32.43,32.4,32.4,300.0
2019-03-28 15:46:00,32.4,32.4,32.4,32.4,539.0
2019-03-28 15:47:00,32.4,32.44,32.4,32.44,540.0
2019-03-28 15:48:00,32.44,32.44,32.44,32.44,601.0
2019-03-28 15:49:00,32.44,32.44,32.44,32.44,536.0
2019-03-28 15:50:00,32.475,32.475,32.475,32.475,636.0
2019-03-28 15:51:00,32.45,32.45,32.45,32.45,732.0
2019-03-28 15:52:00,32.47,32.47,32.47,32.47,805.0
2019-03-28 15:53:00,32.5,32.5,32.5,32.5,1524.0
2019-03-28 15:54:00,32.49,32.49,32.49,32.49,709.0
2019-03-28 15:55:00,32.5,32.505,32.5,32.5,737.0
2019-03-28 15:56:00,32.5,32.5,32.5,32.5,2486.0
2019-03-28 15:57:00,32.5,32.5,32.5,32.5,903.0
2019-03-28 15:58:00,32.455,32.455,32.455,32.455,591.0
2019-03-28 15:59:00,32.48,32.48,32.45,32.45,200.0
2019-03-28 16:00:00,32.45,32.45,32.45,32.45,343.0
2019-03-29 09:37:00,32.43,32.43,32.43,32.43,1212.0
2019-03-29 09:44:00,32.4457,32.4457,32.4457,32.4457,315.0
2019-03-29 09:53:00,32.4437,32.4437,32.4437,32.4437,400.0
2019-03-29 09:54:00,32.4428,32.4428,32.4428,32.4428,1603.0
2019-03-29 09:55:00,32.42,32.44,32.42,32.44,500.0
2019-03-29 09:56:00,32.44,32.44,32.44,32.44,602.0
2019-03-29 10:02:00,32.43,32.43,32.43,32.43,100.0
2019-03-29 10:06:00,32.44,32.44,32.44,32.44,200.0
2019-03-29 10:08:00,32.4138,32.4138,32.41,32.41,530.0
2019-03-29 10:09:00,32.44,32.44,32.44,32.44,630.0
2019-03-29 10:11:00,32.44,32.44,32.44,32.44,100.0
2019-03-29 10:12:00,32.445,32.445,32.445,32.445,369.0
2019-03-29 10:13:00,32.445,32.445,32.445,32.445,301.0
2019-03-29 10:14:00,32.41,32.41,32.4,32.4,220.0
2019-03-29 10:15:00,32.4,32.4,32.4,32.4,338.0
2019-03-29 10:16:00,32.265,32.265,32.265,32.265,531.0
2019-03-29 10:17:00,32.33,32.355,32.28,32.28,300.0
2019-03-29 10:18:00,32.37,32.37,32.37,32.37,700.0
2019-03-29 10:19:00,32.37,32.37,32.32,32.37,300.0
2019-03-29 10:20:00,32.37,32.37,32.37,32.37,400.0
2019-03-29 10:21:00,32.375,32.375,32.375,32.375,573.0
2019-03-29 10:22:00,32.33,32.33,32.33,32.33,800.0
2019-03-29 10:24:00,32.33,32.33,32.33,32.33,400.0
2019-03-29 10:25:00,32.33,32.33,32.33,32.33,100.0
2019-03-29 10:26:00,32.36,32.36,32.36,32.36,600.0
2019-03-29 10:27:00,32.36,32.36,32.36,32.36,300.0
2019-03-29 10:28:00,32.36,32.36,32.36,32.36,700.0
2019-03-29 10:29:00,32.38,32.38,32.36,32.36,200.0
2019-03-29 10:30:00,32.38,32.38,32.38,32.38,700.0
2019-03-29 10:31:00,32.38,32.39,32.38,32.39,1900.0
2019-03-29 10:33:00,32.405,32.405,32.38,32.38,2909.0
2019-03-29 10:34:00,32.34,32.34,32.34,32.34,1196.0
2019-03-29 10:36:00,32.34,32.34,32.34,32.34,300.0
2019-03-29 10:37:00,32.34,32.34,32.34,32.34,300.0
2019-03-29 10:38:00,32.34,32.38,32.34,32.38,500.0
2019-03-29 10:39:00,32.35,32.35,32.35,32.35,606.0
2019-03-29 10:40:00,32.36,32.36,32.36,32.36,302.0
2019-03-29 10:41:00,32.395,32.395,32.395,32.395,1362.0
2019-03-29 10:42:00,32.41,32.41,32.41,32.41,200.0
2019-03-29 10:43:00,32.395,32.395,32.395,32.395,710.0
2019-03-29 10:44:00,32.42,32.42,32.37,32.37,316.0
2019-03-29 10:45:00,32.38,32.38,32.38,32.38,516.0
2019-03-29 10:46:00,32.38,32.38,32.36,32.36,800.0
2019-03-29 10:47:00,32.36,32.36,32.36,32.36,900.0
2019-03-29 10:48:00,32.36,32.36,32.36,32.36,300.0
2019-03-29 10:49:00,32.36,32.36,32.36,32.36,450.0
2019-03-29 10:50:00,32.36,32.36,32.36,32.36,1230.0
2019-03-29 10:51:00,32.255,32.255,32.255,32.255,767.0
2019-03-29 10:52:00,32.25,32.25,32.25,32.25,531.0
2019-03-29 10:53:00,32.3,32.3,32.3,32.3,800.0
2019-03-29 10:54:00,32.28,32.28,32.28,32.28,100.0
2019-03-29 10:55:00,32.26,32.26,32.26,32.26,400.0
2019-03-29 10:56:00,32.26,32.26,32.26,32.26,894.0
2019-03-29 10:57:00,32.26,32.26,32.26,32.26,200.0
2019-03-29 10:58:00,32.26,32.27,32.26,32.27,200.0
2019-03-29 10:59:00,32.27,32.27,32.27,32.27,500.0
2019-03-29 11:00:00,32.26,32.26,32.26,32.26,400.0
2019-03-29 11:01:00,32.275,32.275,32.275,32.275,1687.0
2019-03-29 11:02:00,32.26,32.26,32.26,32.26,405.0
2019-03-29 11:03:00,32.26,32.26,32.26,32.26,908.0
2019-03-29 11:04:00,32.23,32.23,32.23,32.23,1050.0
2019-03-29 11:05:00,32.1,32.1,32.1,32.1,900.0
2019-03-29 11:06:00,32.11,32.11,32.11,32.11,200.0
2019-03-29 11:07:00,32.11,32.11,32.11,32.11,462.0
2019-03-29 11:08:00,32.1,32.1,32.1,32.1,620.0
2019-03-29 11:09:00,32.12,32.12,32.12,32.12,302.0
2019-03-29 11:10:00,32.14,32.14,32.14,32.14,1004.0
2019-03-29 11:11:00,32.14,32.14,32.14,32.14,1100.0
2019-03-29 11:12:00,32.14,32.14,32.14,32.14,100.0
2019-03-29 11:13:00,32.12,32.12,32.12,32.12,200.0
2019-03-29 11:14:00,32.11,32.11,32.11,32.11,500.0
2019-03-29 11:15:00,32.155,32.155,32.155,32.155,700.0
2019-03-29 11:16:00,32.155,32.155,32.14,32.14,203.0
2019-03-29 11:17:00,32.14,32.14,32.14,32.14,703.0
2019-03-29 11:18:00,32.16,32.16,32.16,32.16,403.0
2019-03-29 11:19:00,32.16,32.16,32.14,32.14,400.0
2019-03-29 11:20:00,32.14,32.14,32.14,32.14,500.0
2019-03-29 11:21:00,32.165,32.165,32.165,32.165,700.0
2019-03-29 11:22:00,32.18,32.2,32.18,32.2,3205.0
2019-03-29 11:23:00,32.27,32.27,32.27,32.27,1105.0
2019-03-29 11:24:00,32.29,32.29,32.29,32.29,100.0
2019-03-29 11:25:00,32.29,32.29,32.29,32.29,300.0
2019-03-29 11:26:00,32.3,32.335,32.3,32.335,800.0
2019-03-29 11:27:00,32.31,32.31,32.31,32.31,100.0
2019-03-29 11:28:00,32.31,32.31,32.31,32.31,1000.0
2019-03-29 11:29:00,32.32,32.32,32.32,32.32,1400.0
2019-03-29 11:30:00,32.29,32.29,32.29,32.29,1500.0
2019-03-29 11:31:00,32.245,32.245,32.245,32.245,800.0
2019-03-29 11:32:00,32.21,32.245,32.21,32.245,400.0
2019-03-29 11:33:00,32.245,32.245,32.245,32.245,500.0
2019-03-29 11:35:00,32.25,32.25,32.25,32.25,300.0
2019-03-29 11:36:00,32.25,32.25,32.25,32.25,600.0
2019-03-29 11:37:00,32.255,32.255,32.255,32.255,500.0
2019-03-29 11:38:00,32.26,32.26,32.26,32.26,300.0
2019-03-29 11:39:00,32.25,32.25,32.25,32.25,1001.0
2019-03-29 11:40:00,32.275,32.275,32.275,32.275,980.0
2019-03-29 11:41:00,32.26,32.26,32.26,32.26,600.0
2019-03-29 11:42:00,32.26,32.26,32.26,32.26,100.0
2019-03-29 11:43:00,32.26,32.26,32.26,32.26,500.0
2019-03-29 11:44:00,32.29,32.29,32.29,32.29,900.0
2019-03-29 11:45:00,32.28,32.28,32.28,32.28,900.0
2019-03-29 11:46:00,32.3,32.3,32.3,32.3,300.0
2019-03-29 11:47:00,32.295,32.295,32.295,32.295,100.0
2019-03-29 11:48:00,32.295,32.295,32.295,32.295,400.0
2019-03-29 11:49:00,32.3,32.3,32.3,32.3,1700.0
2019-03-29 11:50:00,32.3,32.3,32.3,32.3,400.0
2019-03-29 11:51:00,32.29,32.29,32.29,32.29,1251.0
2019-03-29 11:52:00,32.28,32.28,32.28,32.28,1100.0
2019-03-29 11:53:00,32.26,32.26,32.26,32.26,900.0
2019-03-29 11:54:00,32.26,32.26,32.26,32.26,400.0
2019-03-29 11:55:00,32.24,32.24,32.24,32.24,331.0
2019-03-29 11:56:00,32.24,32.24,32.24,32.24,200.0
2019-03-29 11:57:00,32.24,32.24,32.24,32.24,602.0
2019-03-29 11:58:00,32.24,32.24,32.24,32.24,400.0
2019-03-29 11:59:00,32.25,32.25,32.25,32.25,800.0
2019-03-29 12:00:00,32.28,32.28,32.28,32.28,1009.0
2019-03-29 12:01:00,32.335,32.335,32.335,32.335,491.0
2019-03-29 12:02:00,32.38,32.39,32.38,32.39,200.0
2019-03-29 12:03:00,32.34,32.34,32.34,32.34,400.0
2019-03-29 12:04:00,32.3501,32.4,32.3501,32.4,1800.0
2019-03-29 12:05:00,32.375,32.375,32.375,32.375,200.0
2019-03-29 12:06:00,32.375,32.375,32.375,32.375,300.0
2019-03-29 12:07:00,32.385,32.385,32.385,32.385,500.0
2019-03-29 12:08:00,32.36,32.36,32.36,32.36,500.0
2019-03-29 12:09:00,32.38,32.4,32.36,32.38,502.0
2019-03-29 12:10:00,32.38,32.38,32.38,32.38,702.0
2019-03-29 12:11:00,32.38,32.38,32.38,32.38,1000.0
2019-03-29 12:12:00,32.38,32.38,32.38,32.38,1800.0
2019-03-29 12:13:00,32.38,32.38,32.38,32.38,900.0
2019-03-29 12:14:00,32.32,32.33,32.32,32.33,233.0
2019-03-29 12:15:00,32.32,32.32,32.32,32.32,1488.0
2019-03-29 12:16:00,32.3,32.3,32.28,32.29,700.0
2019-03-29 12:17:00,32.28,32.28,32.28,32.28,800.0
2019-03-29 12:18:00,32.25,32.25,32.25,32.25,200.0
2019-03-29 12:19:00,32.24,32.24,32.24,32.24,200.0
2019-03-29 12:20:00,32.265,32.265,32.265,32.265,500.0
2019-03-29 12:22:00,32.24,32.275,32.24,32.275,1324.0
2019-03-29 12:23:00,32.3,32.31,32.3,32.31,1584.0
2019-03-29 12:24:00,32.3,32.37,32.3,32.36,500.0
2019-03-29 12:25:00,32.32,32.32,32.32,32.32,700.0
2019-03-29 12:26:00,32.34,32.34,32.34,32.34,1601.0
2019-03-29 12:27:00,32.35,32.35,32.35,32.35,476.0
2019-03-29 12:28:00,32.355,32.355,32.355,32.355,800.0
2019-03-29 12:29:00,32.33,32.33,32.33,32.33,100.0
2019-03-29 12:30:00,32.37,32.37,32.36,32.36,600.0
2019-03-29 12:31:00,32.34,32.34,32.32,32.32,4400.0
2019-03-29 12:32:00,32.28,32.28,32.28,32.28,390.0
2019-03-29 12:33:00,32.295,32.295,32.295,32.295,300.0
2019-03-29 12:34:00,32.3,32.31,32.3,32.31,1942.0
2019-03-29 12:35:00,32.305,32.305,32.305,32.305,576.0
2019-03-29 12:36:00,32.305,32.32,32.305,32.32,200.0
2019-03-29 12:37:00,32.32,32.32,32.32,32.32,300.0
2019-03-29 12:38:00,32.35,32.35,32.35,32.35,800.0
2019-03-29 12:39:00,32.34,32.36,32.34,32.36,1476.0
2019-03-29 12:40:00,32.36,32.36,32.36,32.36,876.0
2019-03-29 12:41:00,32.36,32.36,32.36,32.36,620.0
2019-03-29 12:42:00,32.36,32.36,32.36,32.36,200.0
2019-03-29 12:43:00,32.38,32.38,32.35,32.35,600.0
2019-03-29 12:44:00,32.37,32.37,32.37,32.37,1501.0
2019-03-29 12:46:00,32.35,32.35,32.35,32.35,200.0
2019-03-29 12:47:00,32.35,32.35,32.35,32.35,900.0
2019-03-29 12:48:00,32.29,32.29,32.29,32.29,2100.0
2019-03-29 12:50:00,32.29,32.305,32.29,32.305,900.0
2019-03-29 12:51:00,32.33,32.35,32.33,32.33,700.0
2019-03-29 12:52:00,32.315,32.315,32.315,32.315,900.0
2019-03-29 12:53:00,32.315,32.315,32.315,32.315,700.0
2019-03-29 12:54:00,32.315,32.315,32.315,32.315,400.0
2019-03-29 12:55:00,32.315,32.315,32.315,32.315,200.0
2019-03-29 12:56:00,32.33,32.33,32.33,32.33,1000.0
2019-03-29 12:57:00,32.32,32.32,32.32,32.32,100.0
2019-03-29 12:58:00,32.32,32.32,32.32,32.32,600.0
2019-03-29 13:00:00,32.32,32.32,32.32,32.32,400.0
2019-03-29 13:01:00,32.34,32.34,32.34,32.34,300.0
2019-03-29 13:02:00,32.33,32.34,32.325,32.325,800.0
2019-03-29 13:03:00,32.325,32.325,32.325,32.325,900.0
2019-03-29 13:05:00,32.33,32.33,32.33,32.33,500.0
2019-03-29 13:06:00,32.34,32.34,32.34,32.34,500.0
2019-03-29 13:07:00,32.335,32.335,32.335,32.335,600.0
2019-03-29 13:09:00,32.32,32.32,32.32,32.32,1200.0
2019-03-29 13:10:00,32.36,32.36,32.34,32.34,300.0
2019-03-29 13:11:00,32.34,32.34,32.34,32.34,400.0
2019-03-29 13:12:00,32.36,32.36,32.35,32.35,800.0
2019-03-29 13:13:00,32.35,32.35,32.35,32.35,900.0
2019-03-29 13:14:00,32.35,32.35,32.35,32.35,100.0
2019-03-29 13:15:00,32.35,32.35,32.35,32.35,300.0
2019-03-29 13:16:00,32.36,32.36,32.36,32.36,850.0
2019-03-29 13:17:00,32.36,32.36,32.36,32.36,200.0
2019-03-29 13:18:00,32.38,32.38,32.36,32.36,600.0
2019-03-29 13:19:00,32.36,32.36,32.36,32.36,1600.0
2019-03-29 13:20:00,32.33,32.33,32.33,32.33,1400.0
2019-03-29 13:21:00,32.28,32.28,32.28,32.28,1500.0
2019-03-29 13:22:00,32.255,32.265,32.255,32.265,1600.0
2019-03-29 13:23:00,32.265,32.265,32.265,32.265,300.0
2019-03-29 13:24:00,32.265,32.265,32.265,32.265,700.0
2019-03-29 13:25:00,32.27,32.27,32.27,32.27,500.0
2019-03-29 13:26:00,32.27,32.27,32.27,32.27,200.0
2019-03-29 13:27:00,32.27,32.27,32.27,32.27,100.0
2019-03-29 13:28:00,32.27,32.27,32.27,32.27,400.0
2019-03-29 13:29:00,32.24,32.24,32.24,32.24,500.0
2019-03-29 13:30:00,32.24,32.24,32.24,32.24,200.0
2019-03-29 13:31:00,32.25,32.25,32.25,32.25,300.0
2019-03-29 13:32:00,32.24,32.24,32.24,32.24,100.0
2019-03-29 13:33:00,32.25,32.25,32.25,32.25,200.0
2019-03-29 13:34:00,32.265,32.265,32.265,32.265,1200.0
2019-03-29 13:35:00,32.25,32.25,32.25,32.25,300.0
2019-03-29 13:36:00,32.26,32.26,32.26,32.26,300.0
2019-03-29 13:37:00,32.275,32.275,32.275,32.275,1200.0
2019-03-29 13:38:00,32.26,32.26,32.26,32.26,431.0
2019-03-29 13:39:00,32.24,32.24,32.24,32.24,700.0
2019-03-29 13:40:00,32.16,32.16,32.16,32.16,510.0
2019-03-29 13:41:00,32.135,32.135,32.135,32.135,500.0
2019-03-29 13:42:00,32.12,32.12,32.12,32.12,100.0
2019-03-29 13:43:00,32.13,32.13,32.13,32.13,200.0
2019-03-29 13:44:00,32.145,32.145,32.145,32.145,400.0
2019-03-29 13:45:00,32.145,32.145,32.145,32.145,500.0
2019-03-29 13:46:00,32.17,32.17,32.17,32.17,2100.0
2019-03-29 13:47:00,32.17,32.17,32.17,32.17,600.0
2019-03-29 13:48:00,32.13,32.13,32.1,32.1,1900.0
2019-03-29 13:49:00,32.02,32.02,32.02,32.02,203.0
2019-03-29 13:50:00,31.9839,31.9839,31.9839,31.9839,1075.0
2019-03-29 13:51:00,31.93,31.93,31.93,31.93,423.0
2019-03-29 13:53:00,31.975,32.01,31.975,32.01,2434.0
2019-03-29 13:54:00,32.05,32.05,32.05,32.05,220.0
2019-03-29 13:55:00,32.05,32.075,32.05,32.075,1021.0
2019-03-29 13:56:00,32.075,32.075,32.075,32.075,1121.0
2019-03-29 13:57:00,32.085,32.085,32.085,32.085,510.0
2019-03-29 13:58:00,32.085,32.085,32.085,32.085,500.0
2019-03-29 13:59:00,32.085,32.085,32.085,32.085,100.0
2019-03-29 14:00:00,32.11,32.11,32.1,32.1,2500.0
2019-03-29 14:01:00,32.1,32.1,32.1,32.1,200.0
2019-03-29 14:02:00,32.11,32.11,32.11,32.11,300.0
2019-03-29 14:03:00,32.135,32.135,32.135,32.135,800.0
2019-03-29 14:04:00,32.125,32.125,32.125,32.125,200.0
2019-03-29 14:05:00,32.125,32.125,32.125,32.125,300.0
2019-03-29 14:06:00,32.15,32.16,32.15,32.16,901.0
2019-03-29 14:07:00,32.16,32.16,32.16,32.16,144.0
2019-03-29 14:08:00,32.22,32.22,32.22,32.22,344.0
2019-03-29 14:09:00,32.19,32.19,32.18,32.18,2600.0
2019-03-29 14:10:00,32.11,32.11,32.11,32.11,678.0
2019-03-29 14:11:00,32.105,32.105,32.02,32.02,700.0
2019-03-29 14:13:00,32.07,32.07,32.03,32.03,400.0
2019-03-29 14:14:00,32.07,32.07,32.07,32.07,500.0
2019-03-29 14:15:00,32.08,32.11,32.08,32.11,1250.0
2019-03-29 14:16:00,32.13,32.13,32.13,32.13,500.0
2019-03-29 14:17:00,32.14,32.14,32.14,32.14,402.0
2019-03-29 14:18:00,32.14,32.14,32.14,32.14,200.0
2019-03-29 14:19:00,32.145,32.145,32.145,32.145,100.0
2019-03-29 14:20:00,32.145,32.145,32.145,32.145,200.0
2019-03-29 14:21:00,32.145,32.19,32.145,32.19,2612.0
2019-03-29 14:23:00,32.13,32.13,32.13,32.13,100.0
2019-03-29 14:24:00,32.175,32.19,32.175,32.19,2100.0
2019-03-29 14:25:00,32.26,32.26,32.26,32.26,610.0
2019-03-29 14:26:00,32.2,32.2,32.2,32.2,100.0
2019-03-29 14:27:00,32.2,32.2,32.2,32.2,100.0
2019-03-29 14:28:00,32.225,32.225,32.225,32.225,300.0
2019-03-29 14:29:00,32.25,32.25,32.25,32.25,1500.0
2019-03-29 14:30:00,32.23,32.23,32.2,32.2,1770.0
2019-03-29 14:31:00,32.15,32.15,32.15,32.15,500.0
2019-03-29 14:32:00,32.17,32.17,32.17,32.17,100.0
2019-03-29 14:33:00,32.14,32.14,32.14,32.14,200.0
2019-03-29 14:34:00,32.15,32.15,32.15,32.15,400.0
2019-03-29 14:35:00,32.17,32.17,32.17,32.17,500.0
2019-03-29 14:36:00,32.18,32.18,32.17,32.17,400.0
2019-03-29 14:37:00,32.16,32.16,32.16,32.16,500.0
2019-03-29 14:38:00,32.19,32.21,32.19,32.21,2400.0
2019-03-29 14:39:00,32.18,32.18,32.18,32.18,600.0
2019-03-29 14:40:00,32.19,32.19,32.19,32.19,200.0
2019-03-29 14:41:00,32.22,32.22,32.22,32.22,1500.0
2019-03-29 14:42:00,32.15,32.15,32.15,32.15,410.0
2019-03-29 14:43:00,32.15,32.15,32.15,32.15,100.0
2019-03-29 14:44:00,32.15,32.15,32.15,32.15,200.0
2019-03-29 14:45:00,32.165,32.165,32.165,32.165,300.0
2019-03-29 14:46:00,32.165,32.165,32.165,32.165,300.0
2019-03-29 14:47:00,32.15,32.15,32.15,32.15,200.0
2019-03-29 14:48:00,32.175,32.175,32.175,32.175,1696.0
2019-03-29 14:49:00,32.175,32.18,32.17,32.18,800.0
2019-03-29 14:50:00,32.15,32.15,32.15,32.15,900.0
2019-03-29 14:51:00,32.13,32.13,32.13,32.13,400.0
2019-03-29 14:52:00,32.13,32.155,32.13,32.155,200.0
2019-03-29 14:53:00,32.155,32.155,32.155,32.155,300.0
2019-03-29 14:54:00,32.18,32.18,32.18,32.18,400.0
2019-03-29 14:55:00,32.21,32.21,32.21,32.21,400.0
2019-03-29 14:56:00,32.18,32.18,32.18,32.18,600.0
2019-03-29 14:57:00,32.21,32.21,32.21,32.21,400.0
2019-03-29 14:58:00,32.19,32.19,32.19,32.19,1100.0
2019-03-29 14:59:00,32.19,32.19,32.19,32.19,900.0
2019-03-29 15:00:00,32.19,32.19,32.19,32.19,402.0
2019-03-29 15:01:00,32.17,32.17,32.15,32.15,500.0
2019-03-29 15:02:00,32.16,32.16,32.16,32.16,600.0
2019-03-29 15:03:00,32.16,32.16,32.16,32.16,600.0
2019-03-29 15:04:00,32.16,32.16,32.16,32.16,400.0
2019-03-29 15:05:00,32.16,32.16,32.16,32.16,100.0
2019-03-29 15:06:00,32.16,32.16,32.14,32.14,1900.0
2019-03-29 15:07:00,32.14,32.14,32.13,32.13,400.0
2019-03-29 15:08:00,32.11,32.11,32.11,32.11,500.0
2019-03-29 15:09:00,32.12,32.12,32.12,32.12,600.0
2019-03-29 15:10:00,32.12,32.12,32.12,32.12,400.0
2019-03-29 15:11:00,32.12,32.12,32.12,32.12,100.0
2019-03-29 15:12:00,32.13,32.13,32.13,32.13,311.0
2019-03-29 15:13:00,32.13,32.13,32.13,32.13,500.0
2019-03-29 15:14:00,32.16,32.16,32.16,32.16,500.0
2019-03-29 15:15:00,32.165,32.165,32.165,32.165,501.0
2019-03-29 15:16:00,32.155,32.155,32.155,32.155,700.0
2019-03-29 15:17:00,32.16,32.16,32.16,32.16,300.0
2019-03-29 15:18:00,32.18,32.18,32.18,32.18,1000.0
2019-03-29 15:19:00,32.16,32.16,32.16,32.16,937.0
2019-03-29 15:20:00,32.18,32.21,32.17,32.18,700.0
2019-03-29 15:21:00,32.195,32.195,32.195,32.195,900.0
2019-03-29 15:22:00,32.215,32.215,32.215,32.215,1000.0
2019-03-29 15:23:00,32.19,32.19,32.19,32.19,600.0
2019-03-29 15:24:00,32.18,32.18,32.18,32.18,100.0
2019-03-29 15:25:00,32.18,32.18,32.18,32.18,200.0
2019-03-29 15:26:00,32.19,32.19,32.19,32.19,200.0
2019-03-29 15:27:00,32.19,32.19,32.19,32.19,700.0
2019-03-29 15:28:00,32.19,32.205,32.19,32.205,700.0
2019-03-29 15:29:00,32.205,32.205,32.205,32.205,900.0
2019-03-29 15:30:00,32.19,32.2,32.19,32.2,1200.0
2019-03-29 15:32:00,32.14,32.14,32.14,32.14,1200.0
2019-03-29 15:33:00,32.14,32.14,32.14,32.14,200.0
2019-03-29 15:34:00,32.14,32.14,32.14,32.14,600.0
2019-03-29 15:35:00,32.14,32.14,32.14,32.14,602.0
2019-03-29 15:36:00,32.16,32.16,32.16,32.16,508.0
2019-03-29 15:37:00,32.15,32.15,32.15,32.15,400.0
2019-03-29 15:38:00,32.165,32.165,32.165,32.165,691.0
2019-03-29 15:39:00,32.205,32.205,32.205,32.205,1058.0
2019-03-29 15:40:00,32.17,32.17,32.17,32.17,1400.0
2019-03-29 15:41:00,32.13,32.13,32.13,32.13,620.0
2019-03-29 15:44:00,32.165,32.165,32.165,32.165,100.0
2019-03-29 15:45:00,32.18,32.18,32.18,32.18,600.0
2019-03-29 15:46:00,32.18,32.18,32.18,32.18,704.0
2019-03-29 15:47:00,32.175,32.175,32.175,32.175,300.0
2019-03-29 15:48:00,32.2,32.2,32.2,32.2,1400.0
2019-03-29 15:49:00,32.19,32.2,32.19,32.2,798.0
2019-03-29 15:50:00,32.2,32.2,32.17,32.17,1702.0
2019-03-29 15:51:00,32.15,32.15,32.15,32.15,300.0
2019-03-29 15:52:00,32.15,32.15,32.15,32.15,500.0
2019-03-29 15:53:00,32.15,32.15,32.15,32.15,303.0
2019-03-29 15:54:00,32.16,32.16,32.16,32.16,200.0
2019-03-29 15:55:00,32.19,32.19,32.19,32.19,1203.0
2019-03-29 15:56:00,32.19,32.19,32.19,32.19,1000.0
2019-03-29 15:57:00,32.19,32.19,32.19,32.19,100.0
2019-03-29 15:58:00,32.19,32.22,32.19,32.22,600.0
2019-03-29 15:59:00,32.28,32.32,32.25,32.25,509.0
2019-03-29 16:00:00,32.27,32.27,32.27,32.27,1446.0
2019-04-01 09:31:00,32.25,32.25,32.25,32.25,0.0
2019-04-01 09:36:00,32.0404,32.0404,32.0404,32.0404,180.0
2019-04-01 09:45:00,32.1752,32.1752,32.1752,32.1752,307.0
2019-04-01 09:47:00,32.1368,32.1368,32.1368,32.1368,1613.0
2019-04-01 09:48:00,32.4125,32.4125,32.38,32.38,12394.0
2019-04-01 09:49:00,32.3,32.3,32.3,32.3,2469.0
2019-04-01 09:51:00,32.5499,32.5499,32.5499,32.5499,770.0
2019-04-01 09:54:00,32.6,32.6,32.6,32.6,180.0
2019-04-01 10:02:00,32.46,32.46,32.46,32.46,100.0
2019-04-01 10:03:00,32.595,32.595,32.595,32.595,4450.0
2019-04-01 10:05:00,32.66,32.66,32.66,32.66,1400.0
2019-04-01 10:07:00,32.67,32.67,32.67,32.67,700.0
2019-04-01 10:08:00,32.63,32.63,32.63,32.63,1501.0
2019-04-01 10:10:00,32.51,32.51,32.51,32.51,702.0
2019-04-01 10:12:00,32.48,32.5,32.48,32.5,500.0
2019-04-01 10:15:00,32.615,32.615,32.615,32.615,300.0
2019-04-01 10:17:00,32.47,32.47,32.47,32.47,949.0
2019-04-01 10:18:00,32.42,32.42,32.42,32.42,216.0
2019-04-01 10:20:00,32.525,32.525,32.525,32.525,400.0
2019-04-01 10:23:00,32.6299,32.6299,32.6299,32.6299,870.0
2019-04-01 10:25:00,32.55,32.55,32.55,32.55,400.0
2019-04-01 10:27:00,32.51,32.51,32.51,32.51,300.0
2019-04-01 10:29:00,32.52,32.52,32.52,32.52,200.0
2019-04-01 10:30:00,32.55,32.55,32.55,32.55,800.0
2019-04-01 10:32:00,32.55,32.55,32.55,32.55,500.0
2019-04-01 10:34:00,32.48,32.48,32.48,32.48,800.0
2019-04-01 10:36:00,32.5,32.5,32.5,32.5,360.0
2019-04-01 10:37:00,32.525,32.525,32.525,32.525,500.0
2019-04-01 10:40:00,32.55,32.55,32.55,32.55,2001.0
2019-04-01 10:41:00,32.575,32.575,32.575,32.575,930.0
2019-04-01 10:43:00,32.43,32.43,32.43,32.43,1300.0
2019-04-01 10:44:00,32.45,32.45,32.45,32.45,100.0
2019-04-01 10:46:00,32.49,32.49,32.49,32.49,600.0
2019-04-01 10:47:00,32.505,32.505,32.505,32.505,600.0
2019-04-01 10:49:00,32.45,32.45,32.45,32.45,200.0
2019-04-01 10:50:00,32.5,32.5,32.5,32.5,1700.0
2019-04-01 10:52:00,32.36,32.36,32.36,32.36,300.0
2019-04-01 10:54:00,32.39,32.39,32.39,32.39,267.0
2019-04-01 10:55:00,32.42,32.42,32.42,32.42,200.0
2019-04-01 10:57:00,32.44,32.44,32.44,32.44,200.0
2019-04-01 10:58:00,32.46,32.46,32.46,32.46,200.0
2019-04-01 11:00:00,32.51,32.51,32.51,32.51,200.0
2019-04-01 11:02:00,32.53,32.53,32.53,32.53,500.0
2019-04-01 11:03:00,32.53,32.53,32.53,32.53,2300.0
2019-04-01 11:05:00,32.56,32.56,32.56,32.56,800.0
2019-04-01 11:06:00,32.56,32.56,32.56,32.56,200.0
2019-04-01 11:08:00,32.52,32.52,32.52,32.52,2000.0
2019-04-01 11:09:00,32.52,32.52,32.52,32.52,1207.0
2019-04-01 11:11:00,32.52,32.52,32.52,32.52,201.0
2019-04-01 11:12:00,32.52,32.52,32.52,32.52,7707.0
2019-04-01 11:14:00,32.54,32.54,32.54,32.54,200.0
2019-04-01 11:15:00,32.59,32.59,32.59,32.59,300.0
2019-04-01 11:17:00,32.52,32.52,32.52,32.52,205.0
2019-04-01 11:19:00,32.6,32.6,32.6,32.6,800.0
2019-04-01 11:21:00,32.55,32.55,32.55,32.55,300.0
2019-04-01 11:22:00,32.625,32.625,32.625,32.625,904.0
2019-04-01 11:23:00,32.56,32.56,32.56,32.56,202.0
2019-04-01 11:26:00,32.61,32.61,32.61,32.61,800.0
2019-04-01 11:28:00,32.57,32.57,32.57,32.57,600.0
2019-04-01 11:29:00,32.58,32.58,32.58,32.58,700.0
2019-04-01 11:30:00,32.65,32.65,32.65,32.65,1002.0
2019-04-01 11:33:00,32.61,32.61,32.61,32.61,401.0
2019-04-01 11:34:00,32.61,32.61,32.61,32.61,200.0
2019-04-01 11:35:00,32.61,32.61,32.61,32.61,1200.0
2019-04-01 11:36:00,32.48,32.48,32.48,32.48,700.0
2019-04-01 11:38:00,32.515,32.515,32.515,32.515,500.0
2019-04-01 11:41:00,32.48,32.48,32.48,32.48,300.0
2019-04-01 11:42:00,32.54,32.54,32.54,32.54,300.0
2019-04-01 11:44:00,32.55,32.55,32.55,32.55,200.0
2019-04-01 11:45:00,32.55,32.55,32.55,32.55,345.0
2019-04-01 11:47:00,32.55,32.56,32.55,32.56,1900.0
2019-04-01 11:48:00,32.54,32.54,32.54,32.54,1500.0
2019-04-01 11:50:00,32.54,32.54,32.54,32.54,300.0
2019-04-01 11:51:00,32.54,32.54,32.54,32.54,100.0
2019-04-01 11:52:00,32.54,32.54,32.54,32.54,400.0
2019-04-01 11:54:00,32.6,32.6,32.6,32.6,636.0
2019-04-01 11:56:00,32.55,32.55,32.55,32.55,430.0
2019-04-01 11:57:00,32.6,32.6,32.6,32.6,300.0
2019-04-01 11:58:00,32.585,32.585,32.585,32.585,200.0
2019-04-01 12:00:00,32.67,32.67,32.67,32.67,603.0
2019-04-01 12:01:00,32.63,32.63,32.63,32.63,100.0
2019-04-01 12:03:00,32.64,32.7275,32.64,32.7275,2400.0
2019-04-01 12:05:00,32.655,32.655,32.655,32.655,2205.0
2019-04-01 12:07:00,32.61,32.61,32.61,32.61,200.0
2019-04-01 12:08:00,32.645,32.645,32.645,32.645,300.0
2019-04-01 12:10:00,32.6,32.6,32.565,32.565,507.0
2019-04-01 12:15:00,32.53,32.53,32.53,32.53,200.0
2019-04-01 12:16:00,32.54,32.54,32.54,32.54,600.0
2019-04-01 12:18:00,32.615,32.615,32.615,32.615,731.0
2019-04-01 12:20:00,32.615,32.615,32.615,32.615,300.0
2019-04-01 12:21:00,32.65,32.65,32.65,32.65,300.0
2019-04-01 12:23:00,32.68,32.68,32.68,32.68,770.0
2019-04-01 12:24:00,32.715,32.715,32.715,32.715,890.0
2019-04-01 12:25:00,32.705,32.705,32.705,32.705,600.0
2019-04-01 12:27:00,32.645,32.645,32.645,32.645,3130.0
2019-04-01 12:29:00,32.63,32.63,32.63,32.63,300.0
2019-04-01 12:31:00,32.6175,32.6175,32.6175,32.6175,300.0
2019-04-01 12:32:00,32.615,32.615,32.615,32.615,200.0
2019-04-01 12:34:00,32.615,32.615,32.615,32.615,200.0
2019-04-01 12:35:00,32.65,32.76,32.65,32.76,7500.0
2019-04-01 12:36:00,32.775,32.775,32.775,32.775,761.0
2019-04-01 12:37:00,32.775,32.775,32.775,32.775,500.0
2019-04-01 12:39:00,32.62,32.62,32.62,32.62,1300.0
2019-04-01 12:41:00,32.64,32.64,32.64,32.64,303.0
2019-04-01 12:42:00,32.64,32.64,32.64,32.64,200.0
2019-04-01 12:43:00,32.67,32.67,32.67,32.67,300.0
2019-04-01 12:45:00,32.67,32.67,32.67,32.67,200.0
2019-04-01 12:46:00,32.7,32.7,32.7,32.7,2345.0
2019-04-01 12:48:00,32.7,32.7,32.7,32.7,200.0
2019-04-01 12:49:00,32.7,32.7,32.7,32.7,200.0
2019-04-01 12:50:00,32.7,32.7,32.7,32.7,600.0
2019-04-01 12:52:00,32.7,32.7,32.7,32.7,300.0
2019-04-01 12:53:00,32.69,32.69,32.69,32.69,1100.0
2019-04-01 12:54:00,32.695,32.695,32.695,32.695,400.0
2019-04-01 12:56:00,32.695,32.695,32.695,32.695,400.0
2019-04-01 12:58:00,32.61,32.61,32.61,32.61,667.0
2019-04-01 12:59:00,32.5975,32.5975,32.5975,32.5975,300.0
2019-04-01 13:01:00,32.59,32.59,32.59,32.59,300.0
2019-04-01 13:02:00,32.59,32.59,32.59,32.59,100.0
2019-04-01 13:03:00,32.595,32.595,32.595,32.595,200.0
2019-04-01 13:05:00,32.61,32.61,32.61,32.61,300.0
2019-04-01 13:06:00,32.615,32.615,32.615,32.615,200.0
2019-04-01 13:08:00,32.62,32.62,32.62,32.62,201.0
2019-04-01 13:10:00,32.625,32.625,32.625,32.625,400.0
2019-04-01 13:11:00,32.6,32.6,32.6,32.6,115.0
2019-04-01 13:13:00,32.625,32.625,32.625,32.625,976.0
2019-04-01 13:16:00,32.6,32.6,32.56,32.56,1433.0
2019-04-01 13:17:00,32.51,32.51,32.51,32.51,1200.0
2019-04-01 13:19:00,32.45,32.45,32.45,32.45,400.0
2019-04-01 13:21:00,32.45,32.45,32.45,32.45,300.0
2019-04-01 13:24:00,32.51,32.51,32.51,32.51,100.0
2019-04-01 13:25:00,32.55,32.55,32.55,32.55,800.0
2019-04-01 13:26:00,32.46,32.46,32.46,32.46,1700.0
2019-04-01 13:27:00,32.5,32.5,32.5,32.5,100.0
2019-04-01 13:28:00,32.62,32.62,32.5819,32.5819,4055.0
2019-04-01 13:29:00,32.53,32.53,32.53,32.53,4450.0
2019-04-01 13:31:00,32.58,32.58,32.58,32.58,200.0
2019-04-01 13:32:00,32.6,32.6,32.6,32.6,300.0
2019-04-01 13:34:00,32.6,32.6,32.6,32.6,600.0
2019-04-01 13:35:00,32.6,32.6,32.6,32.6,700.0
2019-04-01 13:37:00,32.53,32.53,32.53,32.53,300.0
2019-04-01 13:38:00,32.53,32.53,32.53,32.53,200.0
2019-04-01 13:40:00,32.57,32.57,32.57,32.57,300.0
2019-04-01 13:42:00,32.59,32.59,32.59,32.59,800.0
2019-04-01 13:43:00,32.6,32.6,32.6,32.6,800.0
2019-04-01 13:44:00,32.55,32.55,32.55,32.55,602.0
2019-04-01 13:46:00,32.58,32.6,32.58,32.6,900.0
2019-04-01 13:48:00,32.615,32.615,32.615,32.615,400.0
2019-04-01 13:51:00,32.56,32.57,32.56,32.57,700.0
2019-04-01 13:54:00,32.6,32.6,32.6,32.6,100.0
2019-04-01 13:56:00,32.61,32.61,32.61,32.61,400.0
2019-04-01 13:57:00,32.62,32.62,32.62,32.62,201.0
2019-04-01 14:00:00,32.665,32.665,32.665,32.665,600.0
2019-04-01 14:01:00,32.64,32.64,32.64,32.64,853.0
2019-04-01 14:03:00,32.64,32.64,32.64,32.64,100.0
2019-04-01 14:04:00,32.55,32.55,32.55,32.55,700.0
2019-04-01 14:06:00,32.56,32.56,32.56,32.56,100.0
2019-04-01 14:07:00,32.56,32.56,32.56,32.56,260.0
2019-04-01 14:09:00,32.59,32.59,32.59,32.59,100.0
2019-04-01 14:10:00,32.59,32.59,32.59,32.59,300.0
2019-04-01 14:13:00,32.59,32.59,32.59,32.59,400.0
2019-04-01 14:14:00,32.625,32.625,32.625,32.625,400.0
2019-04-01 14:17:00,32.63,32.63,32.63,32.63,200.0
2019-04-01 14:18:00,32.63,32.63,32.63,32.63,300.0
2019-04-01 14:20:00,32.63,32.63,32.63,32.63,100.0
2019-04-01 14:21:00,32.645,32.645,32.645,32.645,503.0
2019-04-01 14:22:00,32.685,32.685,32.685,32.685,1076.0
2019-04-01 14:23:00,32.67,32.67,32.67,32.67,201.0
2019-04-01 14:25:00,32.68,32.68,32.68,32.68,493.0
2019-04-01 14:28:00,32.69,32.69,32.69,32.69,300.0
2019-04-01 14:29:00,32.69,32.69,32.69,32.69,200.0
2019-04-01 14:32:00,32.63,32.63,32.63,32.63,600.0
2019-04-01 14:33:00,32.7,32.7,32.7,32.7,1046.0
2019-04-01 14:35:00,32.68,32.68,32.68,32.68,200.0
2019-04-01 14:36:00,32.665,32.665,32.665,32.665,500.0
2019-04-01 14:39:00,32.64,32.64,32.64,32.64,300.0
2019-04-01 14:40:00,32.64,32.64,32.64,32.64,200.0
2019-04-01 14:42:00,32.64,32.64,32.64,32.64,100.0
2019-04-01 14:43:00,32.64,32.64,32.64,32.64,200.0
2019-04-01 14:44:00,32.64,32.64,32.64,32.64,100.0
2019-04-01 14:46:00,32.69,32.69,32.69,32.69,400.0
2019-04-01 14:47:00,32.7,32.7,32.7,32.7,200.0
2019-04-01 14:48:00,32.7,32.7,32.7,32.7,1612.0
2019-04-01 14:51:00,32.67,32.67,32.67,32.67,300.0
2019-04-01 14:52:00,32.67,32.67,32.67,32.67,100.0
2019-04-01 14:54:00,32.62,32.62,32.62,32.62,300.0
2019-04-01 14:56:00,32.6,32.6,32.6,32.6,300.0
2019-04-01 14:58:00,32.63,32.63,32.63,32.63,300.0
2019-04-01 14:59:00,32.63,32.63,32.63,32.63,300.0
2019-04-01 15:01:00,32.63,32.63,32.63,32.63,200.0
2019-04-01 15:03:00,32.59,32.59,32.59,32.59,100.0
2019-04-01 15:04:00,32.6,32.6,32.6,32.6,200.0
2019-04-01 15:06:00,32.64,32.64,32.64,32.64,300.0
2019-04-01 15:08:00,32.66,32.66,32.66,32.66,700.0
2019-04-01 15:09:00,32.66,32.67,32.66,32.67,400.0
2019-04-01 15:12:00,32.8,32.8,32.8,32.8,1094.0
2019-04-01 15:13:00,32.79,32.79,32.79,32.79,500.0
2019-04-01 15:14:00,32.775,32.775,32.775,32.775,1500.0
2019-04-01 15:15:00,32.78,32.78,32.78,32.78,305.0
2019-04-01 15:17:00,32.75,32.75,32.75,32.75,200.0
2019-04-01 15:18:00,32.67,32.67,32.67,32.67,1243.0
2019-04-01 15:20:00,32.68,32.68,32.68,32.68,300.0
2019-04-01 15:21:00,32.68,32.68,32.68,32.68,705.0
2019-04-01 15:22:00,32.65,32.65,32.65,32.65,696.0
2019-04-01 15:23:00,32.6,32.6,32.6,32.6,1841.0
2019-04-01 15:24:00,32.6,32.6,32.6,32.6,1300.0
2019-04-01 15:25:00,32.6,32.6,32.6,32.6,100.0
2019-04-01 15:28:00,32.62,32.62,32.62,32.62,400.0
2019-04-01 15:29:00,32.59,32.59,32.59,32.59,100.0
2019-04-01 15:30:00,32.65,32.65,32.65,32.65,636.0
2019-04-01 15:32:00,32.59,32.59,32.59,32.59,1164.0
2019-04-01 15:34:00,32.64,32.64,32.64,32.64,501.0
2019-04-01 15:38:00,32.61,32.61,32.61,32.61,200.0
2019-04-01 15:40:00,32.645,32.645,32.645,32.645,500.0
2019-04-01 15:41:00,32.62,32.62,32.62,32.62,401.0
2019-04-01 15:43:00,32.66,32.66,32.66,32.66,540.0
2019-04-01 15:44:00,32.66,32.66,32.66,32.66,1686.0
2019-04-01 15:45:00,32.62,32.62,32.62,32.62,1900.0
2019-04-01 15:46:00,32.62,32.62,32.62,32.62,121.0
2019-04-01 15:47:00,32.62,32.62,32.62,32.62,263.0
2019-04-01 15:49:00,32.635,32.635,32.635,32.635,1620.0
2019-04-01 15:51:00,32.61,32.61,32.61,32.61,206.0
2019-04-01 15:52:00,32.66,32.66,32.66,32.66,816.0
2019-04-01 15:53:00,32.62,32.62,32.62,32.62,500.0
2019-04-01 15:55:00,32.62,32.62,32.62,32.62,416.0
2019-04-01 15:56:00,32.62,32.62,32.62,32.62,300.0
2019-04-01 15:57:00,32.63,32.63,32.63,32.63,1071.0
2019-04-01 15:58:00,32.63,32.63,32.63,32.63,1740.0
2019-04-01 15:59:00,32.59,32.59,32.59,32.59,872.0
2019-04-02 09:31:00,32.71,32.71,32.71,32.71,695.0
2019-04-02 09:37:00,32.82,32.83,32.82,32.83,3010.0
2019-04-02 09:51:00,32.82,32.82,32.82,32.82,540.0
2019-04-02 10:02:00,32.82,32.82,32.82,32.82,270.0
2019-04-02 10:10:00,32.7158,32.7158,32.7158,32.7158,200.0
2019-04-02 10:13:00,32.8,32.8,32.8,32.8,100.0
2019-04-02 10:17:00,32.8297,32.8297,32.8297,32.8297,750.0
2019-04-02 10:18:00,32.83,32.83,32.83,32.83,100.0
2019-04-02 10:24:00,32.7796,32.7796,32.7796,32.7796,404.0
2019-04-02 10:28:00,32.83,32.83,32.83,32.83,100.0
2019-04-02 10:33:00,32.83,32.83,32.83,32.83,601.0
2019-04-02 10:36:00,32.85,32.85,32.85,32.85,100.0
2019-04-02 10:38:00,32.9,32.9,32.9,32.9,620.0
2019-04-02 10:40:00,32.8631,32.8631,32.8631,32.8631,300.0
2019-04-02 10:50:00,32.8456,32.8456,32.8456,32.8456,191.0
2019-04-02 10:53:00,32.86,32.86,32.86,32.86,100.0
2019-04-02 11:00:00,32.88,32.88,32.88,32.88,400.0
2019-04-02 11:07:00,32.786,32.786,32.786,32.786,448.0
2019-04-02 11:09:00,32.8259,32.8259,32.8259,32.8259,150.0
2019-04-02 11:11:00,32.8175,32.8175,32.8175,32.8175,1000.0
2019-04-02 11:12:00,32.806,32.806,32.806,32.806,251.0
2019-04-02 11:20:00,32.825,32.825,32.825,32.825,400.0
2019-04-02 11:22:00,32.84,32.84,32.84,32.84,284.0
2019-04-02 11:27:00,32.87,32.87,32.87,32.87,100.0
2019-04-02 11:38:00,32.85,32.85,32.85,32.85,160.0
2019-04-02 12:04:00,32.9,32.9,32.9,32.9,1500.0
2019-04-02 12:06:00,32.8943,32.8943,32.8943,32.8943,400.0
2019-04-02 12:29:00,32.87,32.87,32.87,32.87,713.0
2019-04-02 12:36:00,32.8634,32.8634,32.8634,32.8634,340.0
2019-04-02 12:45:00,32.8619,32.8619,32.8619,32.8619,182.0
2019-04-02 12:51:00,32.88,32.88,32.88,32.88,200.0
2019-04-02 12:53:00,32.85,32.85,32.85,32.85,221.0
2019-04-02 12:54:00,32.84,32.84,32.84,32.84,145.0
2019-04-02 12:55:00,32.84,32.84,32.84,32.84,301.0
2019-04-02 12:58:00,32.8416,32.8416,32.8416,32.8416,107.0
2019-04-02 13:44:00,32.8647,32.8647,32.8647,32.8647,170.0
2019-04-02 14:01:00,32.8497,32.8497,32.8497,32.8497,300.0
2019-04-02 14:07:00,32.8,32.8,32.8,32.8,120.0
2019-04-02 14:08:00,32.8347,32.8347,32.8347,32.8347,520.0
2019-04-02 14:27:00,32.845,32.845,32.845,32.845,137.0
2019-04-02 14:34:00,32.8437,32.8599,32.8437,32.8599,474.0
2019-04-02 14:51:00,32.8434,32.8434,32.8434,32.8434,290.0
2019-04-02 15:06:00,32.88,32.88,32.88,32.88,212.0
2019-04-02 15:07:00,32.88,32.88,32.88,32.88,450.0
2019-04-02 15:08:00,32.89,32.89,32.8574,32.8574,2934.0
2019-04-02 15:11:00,32.905,32.905,32.905,32.905,300.0
2019-04-02 15:17:00,32.9006,32.9006,32.9006,32.9006,322.0
2019-04-02 15:18:00,32.83,32.83,32.83,32.83,214.0
2019-04-02 15:26:00,32.85,32.85,32.85,32.85,320.0
2019-04-02 15:29:00,32.8432,32.8432,32.8432,32.8432,730.0
2019-04-02 15:40:00,32.89,32.89,32.89,32.89,1569.0
2019-04-02 15:50:00,32.92,32.92,32.92,32.92,130.0
2019-04-02 15:54:00,32.92,32.92,32.92,32.92,314.0
2019-04-02 15:56:00,32.93,32.93,32.93,32.93,1039.0
2019-04-02 15:59:00,32.94,32.94,32.94,32.94,674.0
2019-04-02 16:00:00,32.96,32.96,32.96,32.96,1481.0
2019-04-03 09:31:00,32.76,32.76,32.76,32.76,1657.0
2019-04-03 09:42:00,32.904,32.904,32.904,32.904,208.0
2019-04-03 10:08:00,32.9,32.9,32.9,32.9,100.0
2019-04-03 10:16:00,32.845,32.845,32.845,32.845,562.0
2019-04-03 10:43:00,32.76,32.76,32.76,32.76,369.0
2019-04-03 11:00:00,32.8181,32.8181,32.8181,32.8181,425.0
2019-04-03 11:08:00,32.86,32.86,32.86,32.86,298.0
2019-04-03 11:33:00,32.827,32.827,32.827,32.827,600.0
2019-04-03 11:38:00,32.85,32.85,32.85,32.85,500.0
2019-04-03 11:40:00,32.85,32.85,32.85,32.85,900.0
2019-04-03 11:41:00,32.85,32.85,32.85,32.85,410.0
2019-04-03 11:57:00,32.86,32.86,32.86,32.86,452.0
2019-04-03 12:43:00,32.91,32.91,32.91,32.91,1651.0
2019-04-03 12:46:00,32.91,32.91,32.88,32.88,1729.0
2019-04-03 13:02:00,32.8,32.8,32.8,32.8,959.0
2019-04-03 13:09:00,32.8218,32.8218,32.8218,32.8218,370.0
2019-04-03 13:12:00,32.82,32.82,32.82,32.82,200.0
2019-04-03 13:23:00,32.79,32.79,32.765,32.765,598.0
2019-04-03 13:24:00,32.8398,32.8398,32.8398,32.8398,1004.0
2019-04-03 13:27:00,32.76,32.76,32.76,32.76,100.0
2019-04-03 13:30:00,32.77,32.77,32.77,32.77,385.0
2019-04-03 13:50:00,32.77,32.77,32.77,32.77,420.0
2019-04-03 14:09:00,32.858,32.858,32.858,32.858,1093.0
2019-04-03 14:58:00,32.7841,32.7841,32.72,32.72,2378.0
2019-04-03 15:09:00,32.69,32.69,32.69,32.69,175.0
2019-04-03 15:23:00,32.68,32.68,32.68,32.68,1512.0
2019-04-03 15:37:00,32.7306,32.7306,32.7306,32.7306,400.0
2019-04-03 15:38:00,32.69,32.69,32.69,32.69,141.0
2019-04-03 15:44:00,32.69,32.69,32.69,32.69,534.0
2019-04-03 15:50:00,32.5653,32.5653,32.5653,32.5653,943.0
2019-04-03 15:51:00,32.56,32.56,32.56,32.56,348.0
2019-04-03 15:59:00,32.57,32.57,32.57,32.57,653.0
2019-04-03 16:00:00,32.55,32.59,32.55,32.55,0.0
