
2019-03-19 09:31:00,52.673,52.92,52.44,52.92,0.0
2019-03-19 09:32:00,52.405,52.405,52.405,52.405,200.0
2019-03-19 09:36:00,52.28,52.28,52.28,52.28,117.0
2019-03-19 09:37:00,52.43,52.43,52.43,52.43,224.0
2019-03-19 09:38:00,52.27,52.27,52.27,52.27,100.0
2019-03-19 09:39:00,52.27,52.27,52.27,52.27,320.0
2019-03-19 09:45:00,52.3,52.4285,52.3,52.39,2698.0
2019-03-19 09:47:00,52.42,52.42,52.42,52.42,234.0
2019-03-19 09:51:00,52.445,52.445,52.445,52.445,103.0
2019-03-19 09:53:00,52.49,52.49,52.49,52.49,265.0
2019-03-19 09:54:00,52.42,52.42,52.42,52.42,219.0
2019-03-19 09:59:00,52.37,52.43,52.33,52.33,2140.0
2019-03-19 10:00:00,52.29,52.4,52.29,52.34,1594.0
2019-03-19 10:01:00,52.4,52.41,52.34,52.41,400.0
2019-03-19 10:02:00,52.37,52.37,52.37,52.37,400.0
2019-03-19 10:06:00,52.3,52.3,52.3,52.3,0.0
2019-03-19 10:07:00,52.275,52.275,52.275,52.275,12135.0
2019-03-19 10:08:00,52.265,52.265,52.25,52.25,200.0
2019-03-19 10:09:00,52.24,52.31,52.19,52.19,546.0
2019-03-19 10:10:00,52.2,52.2,52.2,52.2,101.0
2019-03-19 10:14:00,52.09,52.245,52.09,52.245,1115.0
2019-03-19 10:15:00,52.29,52.29,52.29,52.29,523.0
2019-03-19 10:16:00,52.25,52.28,52.245,52.27,873.0
2019-03-19 10:17:00,52.29,52.29,52.245,52.28,572.0
2019-03-19 10:21:00,52.22,52.28,52.2,52.2,1115.0
2019-03-19 10:22:00,52.15,52.16,52.15,52.16,200.0
2019-03-19 10:23:00,52.2,52.2,52.2,52.2,103.0
2019-03-19 10:27:00,52.165,52.165,52.165,52.165,100.0
2019-03-19 10:29:00,52.165,52.165,52.165,52.165,100.0
2019-03-19 10:31:00,52.17,52.17,52.17,52.17,100.0
2019-03-19 10:32:00,52.17,52.17,52.17,52.17,100.0
2019-03-19 10:33:00,52.17,52.22,52.17,52.21,513.0
2019-03-19 10:34:00,52.16,52.16,52.16,52.16,100.0
2019-03-19 10:35:00,52.2,52.2,52.18,52.18,200.0
2019-03-19 10:36:00,52.18,52.18,52.18,52.18,244.0
2019-03-19 10:39:00,52.225,52.225,52.225,52.225,101.0
2019-03-19 10:42:00,52.25,52.25,52.21,52.21,300.0
2019-03-19 10:43:00,52.225,52.23,52.2,52.2,2230.0
2019-03-19 10:44:00,52.165,52.24,52.165,52.23,1969.0
2019-03-19 10:46:00,52.205,52.205,52.205,52.205,215.0
2019-03-19 10:50:00,52.2,52.2,52.2,52.2,100.0
2019-03-19 10:51:00,52.16,52.16,52.16,52.16,100.0
2019-03-19 10:55:00,52.2,52.2,52.2,52.2,300.0
2019-03-19 10:57:00,52.175,52.175,52.175,52.175,307.0
2019-03-19 10:58:00,52.14,52.19,52.14,52.19,400.0
2019-03-19 10:59:00,52.14,52.16,52.13,52.13,771.0
2019-03-19 11:00:00,52.155,52.155,52.13,52.13,450.0
2019-03-19 11:02:00,52.165,52.23,52.165,52.23,317.0
2019-03-19 11:05:00,52.22,52.22,52.22,52.22,104.0
2019-03-19 11:07:00,52.22,52.22,52.22,52.22,319.0
2019-03-19 11:09:00,52.26,52.26,52.26,52.26,100.0
2019-03-19 11:11:00,52.2,52.25,52.18,52.18,1838.0
2019-03-19 11:12:00,52.25,52.25,52.175,52.175,220.0
2019-03-19 11:13:00,52.22,52.22,52.22,52.22,415.0
2019-03-19 11:14:00,52.3,52.3,52.28,52.28,426.0
2019-03-19 11:18:00,52.325,52.325,52.28,52.28,280.0
2019-03-19 11:20:00,52.24,52.24,52.24,52.24,138.0
2019-03-19 11:26:00,52.31,52.31,52.245,52.245,223.0
2019-03-19 11:28:00,52.265,52.265,52.265,52.265,101.0
2019-03-19 11:30:00,52.27,52.27,52.27,52.27,281.0
2019-03-19 11:31:00,52.24,52.24,52.21,52.21,525.0
2019-03-19 11:35:00,52.21,52.215,52.21,52.215,205.0
2019-03-19 11:37:00,52.32,52.32,52.32,52.32,250.0
2019-03-19 11:43:00,52.31,52.31,52.31,52.31,116.0
2019-03-19 11:45:00,52.3,52.3,52.26,52.26,655.0
2019-03-19 11:46:00,52.295,52.295,52.27,52.2775,300.0
2019-03-19 11:47:00,52.28,52.3,52.27,52.27,507.0
2019-03-19 11:48:00,52.31,52.31,52.31,52.31,200.0
2019-03-19 11:50:00,52.305,52.31,52.305,52.31,300.0
2019-03-19 11:53:00,52.335,52.335,52.335,52.335,100.0
2019-03-19 11:56:00,52.28,52.28,52.28,52.28,132.0
2019-03-19 11:58:00,52.35,52.35,52.35,52.35,491.0
2019-03-19 12:03:00,52.3,52.3,52.3,52.3,100.0
2019-03-19 12:05:00,52.29,52.29,52.29,52.29,100.0
2019-03-19 12:07:00,52.3504,52.3504,52.3,52.3,798.0
2019-03-19 12:09:00,52.26,52.26,52.26,52.26,247.0
2019-03-19 12:12:00,52.29,52.35,52.29,52.35,2065.0
2019-03-19 12:25:00,52.27,52.27,52.27,52.27,100.0
2019-03-19 12:26:00,52.3,52.3,52.3,52.3,448.0
2019-03-19 12:29:00,52.36,52.36,52.32,52.34,874.0
2019-03-19 12:38:00,52.3,52.34,52.24,52.28,2018.0
2019-03-19 12:41:00,52.295,52.295,52.295,52.295,663.0
2019-03-19 12:47:00,52.15,52.15,52.15,52.15,300.0
2019-03-19 12:48:00,52.18,52.22,52.165,52.22,402.0
2019-03-19 12:49:00,52.16,52.16,52.15,52.15,837.0
2019-03-19 12:52:00,52.16,52.16,52.1,52.1,420.0
2019-03-19 12:53:00,52.155,52.155,52.08,52.08,704.0
2019-03-19 12:55:00,52.06,52.06,52.01,52.01,1624.0
2019-03-19 12:58:00,52.14,52.17,52.14,52.155,566.0
2019-03-19 12:59:00,52.195,52.31,52.185,52.27,2484.0
2019-03-19 13:00:00,52.32,52.32,52.32,52.32,261.0
2019-03-19 13:02:00,52.33,52.33,52.33,52.33,336.0
2019-03-19 13:13:00,52.18,52.19,52.18,52.19,300.0
2019-03-19 13:16:00,52.295,52.295,52.295,52.295,105.0
2019-03-19 13:17:00,52.21,52.21,52.21,52.21,100.0
2019-03-19 13:20:00,52.16,52.16,52.16,52.16,109.0
2019-03-19 13:24:00,52.205,52.205,52.205,52.205,100.0
2019-03-19 13:25:00,52.16,52.16,52.16,52.16,359.0
2019-03-19 13:26:00,52.12,52.12,52.12,52.12,300.0
2019-03-19 13:27:00,52.11,52.11,52.11,52.11,152.0
2019-03-19 13:29:00,52.08,52.08,52.08,52.08,168.0
2019-03-19 13:33:00,52.06,52.06,52.06,52.06,105.0
2019-03-19 13:34:00,52.07,52.07,52.07,52.07,167.0
2019-03-19 13:36:00,52.07,52.07,52.07,52.07,200.0
2019-03-19 13:40:00,52.07,52.07,52.07,52.07,130.0
2019-03-19 13:43:00,52.0,52.09,52.0,52.09,206.0
2019-03-19 13:44:00,52.05,52.05,52.05,52.05,100.0
2019-03-19 13:45:00,52.0,52.01,52.0,52.01,421.0
2019-03-19 13:46:00,51.93,51.93,51.93,51.93,271.0
2019-03-19 13:50:00,51.98,52.0,51.97,52.0,1753.0
2019-03-19 13:57:00,51.895,51.895,51.895,51.895,108.0
2019-03-19 13:59:00,51.93,51.93,51.93,51.93,224.0
2019-03-19 14:00:00,51.89,51.89,51.89,51.89,403.0
2019-03-19 14:02:00,51.88,51.88,51.88,51.88,301.0
2019-03-19 14:04:00,51.895,51.895,51.895,51.895,271.0
2019-03-19 14:07:00,51.94,51.94,51.94,51.94,677.0
2019-03-19 14:08:00,51.97,52.02,51.96,52.02,739.0
2019-03-19 14:09:00,52.01,52.01,51.99,51.99,1156.0
2019-03-19 14:11:00,51.95,51.95,51.95,51.95,120.0
2019-03-19 14:12:00,51.93,51.93,51.93,51.93,114.0
2019-03-19 14:16:00,51.975,52.04,51.97,52.01,1634.0
2019-03-19 14:17:00,52.025,52.025,52.0,52.0,1299.0
2019-03-19 14:20:00,51.96,51.96,51.96,51.96,290.0
2019-03-19 14:22:00,52.025,52.06,52.025,52.06,853.0
2019-03-19 14:25:00,52.01,52.01,52.01,52.01,114.0
2019-03-19 14:26:00,51.98,51.98,51.95,51.95,300.0
2019-03-19 14:27:00,51.98,51.99,51.98,51.99,500.0
2019-03-19 14:29:00,51.98,51.98,51.98,51.98,149.0
2019-03-19 14:31:00,51.96,51.96,51.96,51.96,100.0
2019-03-19 14:33:00,52.035,52.09,52.035,52.0568,1354.0
2019-03-19 14:38:00,52.0227,52.09,52.015,52.09,1910.0
2019-03-19 14:41:00,52.04,52.04,51.99,51.99,633.0
2019-03-19 14:43:00,52.05,52.1,52.05,52.1,1437.0
2019-03-19 14:45:00,52.12,52.13,52.12,52.13,500.0
2019-03-19 14:48:00,52.08,52.14,52.08,52.14,400.0
2019-03-19 14:50:00,52.07,52.07,52.04,52.04,212.0
2019-03-19 14:52:00,52.03,52.03,52.03,52.03,100.0
2019-03-19 14:53:00,51.99,51.99,51.99,51.99,300.0
2019-03-19 14:55:00,52.075,52.18,52.06,52.175,3210.0
2019-03-19 14:56:00,52.16,52.16,52.16,52.16,100.0
2019-03-19 14:59:00,52.11,52.135,52.1,52.1,300.0
2019-03-19 15:00:00,52.09,52.09,52.0,52.0,795.0
2019-03-19 15:02:00,51.99,51.99,51.99,51.99,109.0
2019-03-19 15:04:00,51.92,51.92,51.92,51.92,102.0
2019-03-19 15:06:00,51.95,52.045,51.93,52.045,918.0
2019-03-19 15:08:00,51.98,51.98,51.94,51.94,200.0
2019-03-19 15:10:00,51.945,51.945,51.91,51.91,260.0
2019-03-19 15:11:00,51.91,51.91,51.91,51.91,210.0
2019-03-19 15:13:00,51.86,51.86,51.86,51.86,455.0
2019-03-19 15:16:00,51.79,51.79,51.79,51.79,107.0
2019-03-19 15:17:00,51.79,51.79,51.79,51.79,456.0
2019-03-19 15:18:00,51.76,51.82,51.76,51.82,780.0
2019-03-19 15:20:00,51.82,51.82,51.81,51.81,532.0
2019-03-19 15:21:00,51.76,51.76,51.76,51.76,105.0
2019-03-19 15:22:00,51.75,51.75,51.75,51.75,305.0
2019-03-19 15:23:00,51.735,51.77,51.735,51.74,1226.0
2019-03-19 15:24:00,51.75,51.76,51.72,51.72,596.0
2019-03-19 15:26:00,51.7,51.7,51.7,51.7,125.0
2019-03-19 15:27:00,51.7,51.74,51.7,51.74,903.0
2019-03-19 15:28:00,51.75,51.7753,51.74,51.7753,883.0
2019-03-19 15:30:00,51.74,51.74,51.73,51.73,328.0
2019-03-19 15:31:00,51.69,51.69,51.67,51.67,506.0
2019-03-19 15:32:00,51.71,51.71,51.685,51.705,813.0
2019-03-19 15:33:00,51.72,51.72,51.72,51.72,403.0
2019-03-19 15:35:00,51.75,51.75,51.72,51.72,542.0
2019-03-19 15:36:00,51.67,51.67,51.65,51.65,740.0
2019-03-19 15:37:00,51.64,51.66,51.6,51.6,599.0
2019-03-19 15:38:00,51.63,51.64,51.625,51.64,742.0
2019-03-19 15:40:00,51.67,51.68,51.64,51.64,812.0
2019-03-19 15:41:00,51.58,51.58,51.58,51.58,194.0
2019-03-19 15:42:00,51.6,51.6,51.57,51.6,500.0
2019-03-19 15:43:00,51.59,51.59,51.59,51.59,100.0
2019-03-19 15:44:00,51.56,51.56,51.5338,51.5338,491.0
2019-03-19 15:45:00,51.53,51.58,51.53,51.58,1366.0
2019-03-19 15:46:00,51.59,51.61,51.55,51.61,949.0
2019-03-19 15:47:00,51.62,51.63,51.62,51.63,622.0
2019-03-19 15:48:00,51.66,51.68,51.66,51.68,302.0
2019-03-19 15:49:00,51.63,51.67,51.63,51.65,305.0
2019-03-19 15:50:00,51.655,51.71,51.655,51.69,1430.0
2019-03-19 15:52:00,51.69,51.69,51.69,51.69,121.0
2019-03-19 15:53:00,51.66,51.66,51.62,51.64,1208.0
2019-03-19 15:54:00,51.61,51.65,51.61,51.65,467.0
2019-03-19 15:55:00,51.67,51.68,51.66,51.67,1008.0
2019-03-19 15:56:00,51.67,51.69,51.61,51.69,4750.0
2019-03-19 15:57:00,51.69,51.69,51.67,51.69,1790.0
2019-03-19 15:58:00,51.69,51.69,51.68,51.69,1661.0
2019-03-19 15:59:00,51.69,51.71,51.69,51.71,2540.0
2019-03-19 16:00:00,51.71,51.73,51.71,51.72,3240.0
2019-03-20 09:31:00,51.73,52.02,51.73,52.02,1439.0
2019-03-20 09:32:00,51.44,51.44,51.44,51.44,153.0
2019-03-20 09:35:00,51.59,51.59,51.59,51.59,135.0
2019-03-20 09:38:00,51.57,51.57,51.57,51.57,290.0
2019-03-20 09:40:00,51.8755,51.8755,51.8755,51.8755,152.0
2019-03-20 09:41:00,51.53,51.53,51.53,51.53,281.0
2019-03-20 09:45:00,51.52,51.745,51.52,51.745,282.0
2019-03-20 09:46:00,51.84,51.93,51.84,51.84,800.0
2019-03-20 09:47:00,51.66,51.66,51.66,51.66,100.0
2019-03-20 09:50:00,51.57,51.57,51.57,51.57,0.0
2019-03-20 09:52:00,51.43,51.44,51.43,51.44,4585.0
2019-03-20 09:54:00,51.44,51.45,51.44,51.45,252.0
2019-03-20 09:55:00,51.42,51.425,51.41,51.425,1172.0
2019-03-20 10:02:00,51.36,51.36,51.29,51.29,470.0
2019-03-20 10:04:00,51.19,51.19,51.19,51.19,100.0
2019-03-20 10:05:00,51.19,51.19,51.19,51.19,306.0
2019-03-20 10:07:00,51.29,51.3,51.29,51.29,502.0
2019-03-20 10:08:00,51.36,51.36,51.36,51.36,243.0
2019-03-20 10:15:00,51.23,51.23,51.06,51.06,5496.0
2019-03-20 10:17:00,51.1029,51.1029,51.1029,51.1029,220.0
2019-03-20 10:18:00,51.16,51.16,51.16,51.16,100.0
2019-03-20 10:19:00,51.16,51.19,51.16,51.19,409.0
2019-03-20 10:20:00,51.19,51.19,51.19,51.19,101.0
2019-03-20 10:22:00,51.21,51.21,51.2,51.2,555.0
2019-03-20 10:27:00,51.22,51.22,51.22,51.22,256.0
2019-03-20 10:29:00,51.23,51.29,51.23,51.29,200.0
2019-03-20 10:31:00,51.31,51.31,51.31,51.31,309.0
2019-03-20 10:33:00,51.27,51.27,51.17,51.17,675.0
2019-03-20 10:34:00,51.24,51.24,51.24,51.24,100.0
2019-03-20 10:37:00,51.2403,51.2403,51.21,51.21,434.0
2019-03-20 10:39:00,51.2,51.2,51.06,51.12,826.0
2019-03-20 10:41:00,51.11,51.11,51.11,51.11,101.0
2019-03-20 10:42:00,51.14,51.14,51.14,51.14,1210.0
2019-03-20 10:47:00,51.25,51.26,51.25,51.26,200.0
2019-03-20 10:48:00,51.25,51.25,51.25,51.25,100.0
2019-03-20 10:49:00,51.24,51.305,51.24,51.305,437.0
2019-03-20 10:52:00,51.3,51.3,51.25,51.25,606.0
2019-03-20 10:53:00,51.26,51.26,51.26,51.26,418.0
2019-03-20 10:58:00,51.345,51.345,51.345,51.345,131.0
2019-03-20 11:04:00,51.42,51.42,51.42,51.42,200.0
2019-03-20 11:06:00,51.32,51.32,51.32,51.32,100.0
2019-03-20 11:08:00,51.37,51.37,51.32,51.32,200.0
2019-03-20 11:09:00,51.42,51.42,51.42,51.42,183.0
2019-03-20 11:13:00,51.36,51.36,51.36,51.36,100.0
2019-03-20 11:14:00,51.36,51.36,51.25,51.33,2200.0
2019-03-20 11:19:00,51.41,51.41,51.41,51.41,276.0
2019-03-20 11:25:00,51.38,51.38,51.3,51.3,426.0
2019-03-20 11:27:00,51.34,51.34,51.34,51.34,100.0
2019-03-20 11:28:00,51.34,51.38,51.34,51.38,259.0
2019-03-20 11:34:00,51.33,51.33,51.3,51.3,580.0
2019-03-20 11:35:00,51.26,51.26,51.26,51.26,249.0
2019-03-20 11:38:00,51.23,51.23,51.23,51.23,100.0
2019-03-20 11:40:00,51.22,51.22,51.18,51.18,601.0
2019-03-20 11:45:00,51.14,51.14,51.14,51.14,206.0
2019-03-20 11:48:00,51.1,51.11,51.07,51.11,999.0
2019-03-20 11:53:00,51.09,51.09,51.09,51.09,216.0
2019-03-20 11:54:00,51.03,51.03,51.03,51.03,494.0
2019-03-20 11:56:00,51.08,51.08,51.08,51.08,100.0
2019-03-20 11:57:00,50.98,50.98,50.95,50.95,364.0
2019-03-20 11:58:00,50.95,50.95,50.95,50.95,300.0
2019-03-20 11:59:00,50.89,50.92,50.79,50.92,1191.0
2019-03-20 12:01:00,51.075,51.075,51.075,51.075,140.0
2019-03-20 12:03:00,51.08,51.08,51.08,51.08,128.0
2019-03-20 12:14:00,51.1,51.1,51.05,51.05,300.0
2019-03-20 12:15:00,51.075,51.075,51.075,51.075,107.0
2019-03-20 12:22:00,51.04,51.04,50.98,51.04,664.0
2019-03-20 12:24:00,51.04,51.04,51.01,51.01,395.0
2019-03-20 12:28:00,51.03,51.03,51.03,51.03,100.0
2019-03-20 12:32:00,51.065,51.065,51.065,51.065,500.0
2019-03-20 12:33:00,51.02,51.02,50.87,50.97,3300.0
2019-03-20 12:34:00,50.92,50.92,50.92,50.92,102.0
2019-03-20 12:35:00,50.9,50.9,50.9,50.9,289.0
2019-03-20 12:39:00,50.94,50.94,50.94,50.94,232.0
2019-03-20 12:51:00,50.98,50.98,50.98,50.98,100.0
2019-03-20 12:57:00,50.99,51.06,50.99,51.06,473.0
2019-03-20 12:59:00,51.07,51.07,51.06,51.07,642.0
2019-03-20 13:00:00,51.06,51.11,51.06,51.11,764.0
2019-03-20 13:02:00,51.09,51.09,51.06,51.06,603.0
2019-03-20 13:05:00,51.09,51.09,51.09,51.09,120.0
2019-03-20 13:10:00,51.13,51.13,51.13,51.13,300.0
2019-03-20 13:11:00,51.16,51.16,51.15,51.16,487.0
2019-03-20 13:12:00,51.17,51.17,51.17,51.17,254.0
2019-03-20 13:13:00,51.25,51.36,51.215,51.36,1585.0
2019-03-20 13:14:00,51.36,51.38,51.36,51.38,1767.0
2019-03-20 13:15:00,51.38,51.39,51.375,51.39,1251.0
2019-03-20 13:17:00,51.41,51.44,51.395,51.44,1092.0
2019-03-20 13:18:00,51.41,51.41,51.41,51.41,110.0
2019-03-20 13:19:00,51.41,51.41,51.41,51.41,445.0
2019-03-20 13:25:00,51.34,51.34,51.34,51.34,130.0
2019-03-20 13:27:00,51.37,51.37,51.37,51.37,202.0
2019-03-20 13:28:00,51.33,51.33,51.32,51.32,426.0
2019-03-20 13:30:00,51.325,51.325,51.325,51.325,100.0
2019-03-20 13:31:00,51.35,51.35,51.35,51.35,770.0
2019-03-20 13:32:00,51.35,51.35,51.35,51.35,340.0
2019-03-20 13:34:00,51.37,51.37,51.37,51.37,100.0
2019-03-20 13:36:00,51.38,51.39,51.38,51.385,323.0
2019-03-20 13:37:00,51.42,51.42,51.42,51.42,201.0
2019-03-20 13:41:00,51.48,51.48,51.48,51.48,100.0
2019-03-20 13:47:00,51.42,51.42,51.42,51.42,100.0
2019-03-20 13:49:00,51.48,51.48,51.48,51.48,142.0
2019-03-20 13:54:00,51.49,51.52,51.49,51.52,320.0
2019-03-20 13:55:00,51.51,51.51,51.51,51.51,100.0
2019-03-20 13:56:00,51.53,51.62,51.53,51.62,1026.0
2019-03-20 13:59:00,51.64,51.64,51.64,51.64,366.0
2019-03-20 14:00:00,51.615,51.615,51.615,51.615,100.0
2019-03-20 14:01:00,51.82,51.82,51.82,51.82,536.0
2019-03-20 14:02:00,51.67,51.69,51.66,51.69,454.0
2019-03-20 14:03:00,51.78,51.79,51.77,51.77,306.0
2019-03-20 14:04:00,51.82,51.82,51.82,51.82,126.0
2019-03-20 14:06:00,51.86,51.86,51.84,51.84,208.0
2019-03-20 14:07:00,51.94,51.94,51.88,51.88,200.0
2019-03-20 14:08:00,51.89,51.89,51.78,51.78,593.0
2019-03-20 14:09:00,51.82,51.82,51.82,51.82,100.0
2019-03-20 14:10:00,51.84,51.84,51.84,51.84,0.0
2019-03-20 14:11:00,51.91,51.91,51.88,51.88,55068.0
2019-03-20 14:12:00,51.89,51.89,51.89,51.89,277.0
2019-03-20 14:13:00,51.87,51.9,51.79,51.9,540.0
2019-03-20 14:16:00,51.81,51.81,51.81,51.81,100.0
2019-03-20 14:17:00,51.82,51.84,51.82,51.84,300.0
2019-03-20 14:19:00,51.8,51.8,51.72,51.72,355.0
2019-03-20 14:21:00,51.76,51.8,51.745,51.8,715.0
2019-03-20 14:22:00,51.74,51.865,51.73,51.85,500.0
2019-03-20 14:23:00,51.87,51.89,51.85,51.85,1063.0
2019-03-20 14:25:00,51.74,51.88,51.74,51.88,200.0
2019-03-20 14:27:00,51.89,51.89,51.8799,51.8799,374.0
2019-03-20 14:29:00,51.83,51.84,51.82,51.84,783.0
2019-03-20 14:30:00,51.86,51.86,51.86,51.86,398.0
2019-03-20 14:31:00,51.91,51.91,51.885,51.885,316.0
2019-03-20 14:33:00,52.025,52.025,52.025,52.025,107.0
2019-03-20 14:34:00,52.04,52.04,52.04,52.04,318.0
2019-03-20 14:35:00,52.01,52.01,51.845,51.96,1024.0
2019-03-20 14:37:00,51.92,51.92,51.91,51.91,310.0
2019-03-20 14:38:00,51.92,52.0,51.92,52.0,512.0
2019-03-20 14:41:00,52.04,52.04,52.04,52.04,288.0
2019-03-20 14:43:00,52.0,52.0,51.9,51.91,601.0
2019-03-20 14:44:00,51.99,52.0,51.99,52.0,200.0
2019-03-20 14:45:00,52.12,52.12,52.12,52.12,216.0
2019-03-20 14:47:00,52.08,52.12,52.08,52.12,408.0
2019-03-20 14:48:00,52.17,52.19,52.17,52.19,250.0
2019-03-20 14:49:00,52.13,52.13,52.13,52.13,100.0
2019-03-20 14:50:00,52.08,52.08,52.07,52.07,560.0
2019-03-20 14:51:00,52.11,52.11,52.07,52.07,824.0
2019-03-20 14:52:00,52.08,52.08,52.04,52.0522,532.0
2019-03-20 14:53:00,52.08,52.11,52.06,52.06,533.0
2019-03-20 14:55:00,52.02,52.02,51.95,51.95,492.0
2019-03-20 14:56:00,51.835,51.835,51.835,51.835,400.0
2019-03-20 14:57:00,51.89,51.9,51.89,51.9,300.0
2019-03-20 14:58:00,51.83,51.83,51.83,51.83,142.0
2019-03-20 15:00:00,51.87,51.9,51.86,51.86,925.0
2019-03-20 15:01:00,51.96,52.01,51.96,52.01,300.0
2019-03-20 15:02:00,52.01,52.14,52.01,52.14,200.0
2019-03-20 15:03:00,52.02,52.02,52.02,52.02,800.0
2019-03-20 15:05:00,51.76,51.76,51.75,51.75,1349.0
2019-03-20 15:07:00,51.79,51.84,51.79,51.84,866.0
2019-03-20 15:09:00,51.83,51.83,51.83,51.83,139.0
2019-03-20 15:10:00,51.81,51.82,51.81,51.82,254.0
2019-03-20 15:11:00,51.83,51.86,51.83,51.86,595.0
2019-03-20 15:13:00,51.81,51.81,51.77,51.77,205.0
2019-03-20 15:15:00,51.82,51.82,51.82,51.82,100.0
2019-03-20 15:16:00,51.82,51.86,51.82,51.86,619.0
2019-03-20 15:18:00,51.89,51.89,51.89,51.89,100.0
2019-03-20 15:20:00,51.73,51.73,51.73,51.73,738.0
2019-03-20 15:22:00,51.73,51.74,51.73,51.74,200.0
2019-03-20 15:23:00,51.72,51.72,51.72,51.72,215.0
2019-03-20 15:24:00,51.74,51.74,51.74,51.74,477.0
2019-03-20 15:26:00,51.69,51.71,51.67,51.71,2425.0
2019-03-20 15:29:00,51.63,51.64,51.63,51.64,481.0
2019-03-20 15:30:00,51.67,51.69,51.67,51.68,526.0
2019-03-20 15:31:00,51.67,51.67,51.67,51.67,150.0
2019-03-20 15:32:00,51.64,51.64,51.575,51.575,598.0
2019-03-20 15:33:00,51.58,51.58,51.52,51.52,504.0
2019-03-20 15:34:00,51.47,51.47,51.47,51.47,252.0
2019-03-20 15:35:00,51.42,51.45,51.42,51.45,1055.0
2019-03-20 15:36:00,51.51,51.51,51.51,51.51,388.0
2019-03-20 15:37:00,51.52,51.52,51.52,51.52,237.0
2019-03-20 15:38:00,51.53,51.53,51.53,51.53,539.0
2019-03-20 15:39:00,51.55,51.58,51.55,51.58,903.0
2019-03-20 15:40:00,51.56,51.56,51.545,51.545,659.0
2019-03-20 15:41:00,51.48,51.52,51.48,51.52,353.0
2019-03-20 15:42:00,51.48,51.48,51.45,51.47,699.0
2019-03-20 15:44:00,51.45,51.49,51.45,51.49,1472.0
2019-03-20 15:45:00,51.49,51.5,51.49,51.5,998.0
2019-03-20 15:46:00,51.52,51.55,51.52,51.55,532.0
2019-03-20 15:47:00,51.56,51.56,51.55,51.55,380.0
2019-03-20 15:48:00,51.5511,51.57,51.5511,51.57,1657.0
2019-03-20 15:49:00,51.57,51.57,51.57,51.57,606.0
2019-03-20 15:50:00,51.57,51.57,51.55,51.55,1158.0
2019-03-20 15:51:00,51.54,51.54,51.53,51.53,671.0
2019-03-20 15:52:00,51.53,51.53,51.52,51.52,933.0
2019-03-20 15:53:00,51.53,51.54,51.49,51.49,3384.0
2019-03-20 15:54:00,51.45,51.45,51.44,51.45,929.0
2019-03-20 15:55:00,51.47,51.47,51.47,51.47,160.0
2019-03-20 15:56:00,51.44,51.44,51.36,51.39,5778.0
2019-03-20 15:57:00,51.41,51.43,51.37,51.41,2215.0
2019-03-20 15:58:00,51.42,51.44,51.4,51.44,3161.0
2019-03-20 15:59:00,51.46,51.48,51.45,51.4775,1642.0
2019-03-20 16:00:00,51.47,51.48,51.4,51.43,2932.0
2019-03-21 09:31:00,51.36,51.36,51.36,51.36,0.0
2019-03-21 09:46:00,51.49,51.49,51.49,51.49,100.0
2019-03-21 09:47:00,51.78,51.78,51.78,51.78,200.0
2019-03-21 09:48:00,51.59,51.675,51.59,51.675,305.0
2019-03-21 09:52:00,51.78,51.825,51.78,51.825,840.0
2019-03-21 09:53:00,51.9,51.9,51.83,51.83,268.0
2019-03-21 09:59:00,51.9,51.9,51.9,51.9,337.0
2019-03-21 10:01:00,51.86,51.86,51.86,51.86,321.0
2019-03-21 10:09:00,51.78,51.88,51.78,51.88,253.0
2019-03-21 10:14:00,51.8,51.8,51.8,51.8,304.0
2019-03-21 10:17:00,51.82,51.83,51.75,51.75,750.0
2019-03-21 10:19:00,51.61,51.61,51.61,51.61,200.0
2019-03-21 10:27:00,51.77,51.77,51.77,51.77,403.0
2019-03-21 10:31:00,51.705,51.8,51.705,51.8,503.0
2019-03-21 10:32:00,51.835,51.835,51.835,51.835,102.0
2019-03-21 10:37:00,51.88,51.88,51.88,51.88,105.0
2019-03-21 10:42:00,51.83,51.83,51.83,51.83,132.0
2019-03-21 10:43:00,51.89,51.89,51.89,51.89,100.0
2019-03-21 10:44:00,51.89,51.89,51.8,51.8,362.0
2019-03-21 10:45:00,51.87,51.88,51.87,51.88,200.0
2019-03-21 10:46:00,51.92,51.93,51.92,51.93,230.0
2019-03-21 10:48:00,51.91,51.98,51.91,51.98,758.0
2019-03-21 10:50:00,51.99,51.99,51.99,51.99,208.0
2019-03-21 10:54:00,51.99,52.01,51.98,52.01,617.0
2019-03-21 11:01:00,52.08,52.17,52.08,52.17,402.0
2019-03-21 11:03:00,52.19,52.19,52.19,52.19,300.0
2019-03-21 11:04:00,52.25,52.27,52.25,52.27,863.0
2019-03-21 11:06:00,52.17,52.17,52.17,52.17,263.0
2019-03-21 11:08:00,52.16,52.16,52.11,52.11,521.0
2019-03-21 11:09:00,52.19,52.19,52.19,52.19,523.0
2019-03-21 11:16:00,52.13,52.19,52.13,52.19,505.0
2019-03-21 11:21:00,52.26,52.28,52.26,52.28,324.0
2019-03-21 11:26:00,52.34,52.36,52.3,52.33,711.0
2019-03-21 11:27:00,52.36,52.37,52.36,52.37,467.0
2019-03-21 11:31:00,52.28,52.28,52.16,52.16,648.0
2019-03-21 11:32:00,52.23,52.23,52.23,52.23,517.0
2019-03-21 11:33:00,52.3,52.33,52.3,52.33,314.0
2019-03-21 11:34:00,52.3,52.3,52.25,52.25,444.0
2019-03-21 11:53:00,52.37,52.37,52.32,52.32,300.0
2019-03-21 11:58:00,52.25,52.25,52.25,52.25,200.0
2019-03-21 12:03:00,52.33,52.33,52.33,52.33,300.0
2019-03-21 12:06:00,52.255,52.28,52.255,52.28,491.0
2019-03-21 12:08:00,52.205,52.205,52.205,52.205,666.0
2019-03-21 12:09:00,52.24,52.24,52.24,52.24,766.0
2019-03-21 12:11:00,52.27,52.27,52.27,52.27,300.0
2019-03-21 12:13:00,52.28,52.28,52.28,52.28,200.0
2019-03-21 12:15:00,52.325,52.325,52.325,52.325,319.0
2019-03-21 12:19:00,52.22,52.22,52.22,52.22,100.0
2019-03-21 12:20:00,52.17,52.17,52.17,52.17,1305.0
2019-03-21 12:21:00,52.23,52.23,52.23,52.23,128.0
2019-03-21 12:24:00,52.24,52.24,52.24,52.24,394.0
2019-03-21 12:25:00,52.25,52.25,52.25,52.25,200.0
2019-03-21 12:28:00,52.21,52.21,52.21,52.21,429.0
2019-03-21 12:31:00,52.16,52.16,52.16,52.16,100.0
2019-03-21 12:34:00,52.14,52.14,52.14,52.14,236.0
2019-03-21 12:37:00,52.11,52.11,52.11,52.11,501.0
2019-03-21 12:40:00,52.12,52.12,52.11,52.11,200.0
2019-03-21 12:42:00,52.19,52.19,52.19,52.19,404.0
2019-03-21 12:47:00,52.18,52.18,52.18,52.18,566.0
2019-03-21 12:50:00,52.15,52.15,52.15,52.15,416.0
2019-03-21 12:54:00,52.16,52.16,52.1,52.1,310.0
2019-03-21 12:55:00,52.03,52.03,52.03,52.03,100.0
2019-03-21 13:00:00,52.12,52.12,52.12,52.12,168.0
2019-03-21 13:03:00,52.15,52.15,52.15,52.15,228.0
2019-03-21 13:07:00,52.2197,52.2197,52.2197,52.2197,718.0
2019-03-21 13:08:00,52.25,52.25,52.25,52.25,292.0
2019-03-21 13:15:00,52.22,52.22,52.22,52.22,200.0
2019-03-21 13:17:00,52.17,52.17,52.17,52.17,213.0
2019-03-21 13:19:00,52.14,52.14,52.14,52.14,310.0
2019-03-21 13:21:00,52.16,52.16,52.16,52.16,394.0
2019-03-21 13:25:00,52.12,52.145,52.12,52.145,300.0
2019-03-21 13:27:00,52.19,52.19,52.19,52.19,637.0
2019-03-21 13:29:00,52.22,52.22,52.22,52.22,184.0
2019-03-21 13:32:00,52.21,52.21,52.21,52.21,100.0
2019-03-21 13:35:00,52.15,52.15,52.15,52.15,1000.0
2019-03-21 13:36:00,52.11,52.11,52.11,52.11,638.0
2019-03-21 13:38:00,52.05,52.05,52.05,52.05,558.0
2019-03-21 13:40:00,52.03,52.03,52.03,52.03,908.0
2019-03-21 13:42:00,52.16,52.16,52.16,52.16,511.0
2019-03-21 13:43:00,52.11,52.11,52.11,52.11,200.0
2019-03-21 13:45:00,52.04,52.04,52.04,52.04,406.0
2019-03-21 13:50:00,52.09,52.12,52.09,52.12,209.0
2019-03-21 13:55:00,52.115,52.115,52.115,52.115,305.0
2019-03-21 13:56:00,52.09,52.09,52.06,52.06,344.0
2019-03-21 13:58:00,52.0,52.0,52.0,52.0,530.0
2019-03-21 14:00:00,52.02,52.02,52.02,52.02,100.0
2019-03-21 14:03:00,52.05,52.05,52.05,52.05,389.0
2019-03-21 14:07:00,52.05,52.05,52.05,52.05,405.0
2019-03-21 14:10:00,52.12,52.12,52.12,52.12,306.0
2019-03-21 14:13:00,52.21,52.21,52.15,52.15,200.0
2019-03-21 14:15:00,52.1,52.1,52.1,52.1,317.0
2019-03-21 14:18:00,52.19,52.19,52.19,52.19,590.0
2019-03-21 14:19:00,52.16,52.16,52.16,52.16,689.0
2019-03-21 14:23:00,52.1496,52.1496,52.1496,52.1496,149.0
2019-03-21 14:26:00,52.135,52.135,52.135,52.135,201.0
2019-03-21 14:30:00,52.16,52.16,52.16,52.16,287.0
2019-03-21 14:34:00,52.22,52.22,52.22,52.22,424.0
2019-03-21 14:39:00,52.24,52.24,52.24,52.24,300.0
2019-03-21 14:45:00,52.23,52.23,52.23,52.23,611.0
2019-03-21 14:46:00,52.24,52.24,52.24,52.24,253.0
2019-03-21 14:50:00,52.265,52.265,52.265,52.265,121.0
2019-03-21 14:51:00,52.29,52.29,52.29,52.29,200.0
2019-03-21 14:53:00,52.25,52.25,52.25,52.25,850.0
2019-03-21 14:57:00,52.16,52.16,52.16,52.16,1111.0
2019-03-21 15:00:00,52.06,52.06,52.06,52.06,529.0
2019-03-21 15:01:00,52.05,52.06,52.05,52.06,952.0
2019-03-21 15:03:00,52.07,52.07,52.05,52.05,397.0
2019-03-21 15:07:00,52.17,52.17,52.17,52.17,167.0
2019-03-21 15:10:00,52.17,52.17,52.17,52.17,266.0
2019-03-21 15:11:00,52.13,52.13,52.0889,52.0889,1534.0
2019-03-21 15:13:00,51.98,51.98,51.98,51.98,1095.0
2019-03-21 15:14:00,52.075,52.075,52.075,52.075,908.0
2019-03-21 15:15:00,52.01,52.01,52.01,52.01,211.0
2019-03-21 15:18:00,51.96,51.96,51.96,51.96,220.0
2019-03-21 15:20:00,51.99,51.99,51.99,51.99,417.0
2019-03-21 15:22:00,52.12,52.12,52.12,52.12,100.0
2019-03-21 15:25:00,52.12,52.2,52.12,52.2,517.0
2019-03-21 15:27:00,52.17,52.19,52.17,52.19,1444.0
2019-03-21 15:28:00,52.23,52.23,52.23,52.23,122.0
2019-03-21 15:30:00,52.17,52.17,52.17,52.17,902.0
2019-03-21 15:31:00,52.15,52.15,52.15,52.15,1231.0
2019-03-21 15:33:00,52.12,52.12,52.12,52.12,1129.0
2019-03-21 15:34:00,52.16,52.16,52.16,52.16,465.0
2019-03-21 15:35:00,52.15,52.15,52.15,52.15,1588.0
2019-03-21 15:38:00,52.09,52.09,52.09,52.09,441.0
2019-03-21 15:39:00,52.14,52.14,52.14,52.14,139.0
2019-03-21 15:40:00,52.14,52.14,52.14,52.14,706.0
2019-03-21 15:41:00,52.14,52.14,52.14,52.14,514.0
2019-03-21 15:43:00,52.22,52.22,52.22,52.22,635.0
2019-03-21 15:45:00,52.2,52.2,52.2,52.2,1716.0
2019-03-21 15:47:00,52.15,52.15,52.15,52.15,1264.0
2019-03-21 15:48:00,52.09,52.09,52.09,52.09,1177.0
2019-03-21 15:49:00,52.14,52.14,52.14,52.14,1324.0
2019-03-21 15:50:00,52.15,52.15,52.15,52.15,1960.0
2019-03-21 15:52:00,52.14,52.14,52.09,52.09,1837.0
2019-03-21 15:53:00,52.07,52.07,52.07,52.07,1259.0
2019-03-21 15:54:00,52.15,52.15,52.15,52.15,732.0
2019-03-21 15:55:00,52.165,52.165,52.15,52.15,1606.0
2019-03-21 15:56:00,52.06,52.06,52.06,52.06,2765.0
2019-03-21 15:57:00,52.04,52.04,52.04,52.04,1210.0
2019-03-21 15:58:00,52.06,52.06,52.06,52.06,716.0
2019-03-21 15:59:00,52.06,52.06,52.03,52.03,1316.0
2019-03-21 16:00:00,52.03,52.03,52.03,52.03,1082.0
2019-03-22 09:31:00,52.03,52.03,52.03,52.03,1493.0
2019-03-22 09:45:00,51.935,51.935,51.935,51.935,143.0
2019-03-22 09:52:00,51.5,51.53,51.45,51.53,551.0
2019-03-22 09:53:00,51.36,51.36,51.33,51.33,306.0
2019-03-22 09:56:00,50.94,50.94,50.94,50.94,136.0
2019-03-22 09:57:00,51.04,51.23,51.04,51.23,836.0
2019-03-22 09:59:00,51.22,51.22,51.22,51.22,100.0
2019-03-22 10:02:00,51.14,51.14,51.14,51.14,200.0
2019-03-22 10:04:00,51.1,51.165,51.08,51.08,835.0
2019-03-22 10:09:00,51.2,51.2,51.2,51.2,100.0
2019-03-22 10:10:00,51.22,51.275,51.22,51.275,300.0
2019-03-22 10:11:00,51.25,51.3,51.24,51.3,1130.0
2019-03-22 10:16:00,51.16,51.16,51.12,51.12,329.0
2019-03-22 10:17:00,51.16,51.2,51.16,51.2,200.0
2019-03-22 10:18:00,51.24,51.24,51.23,51.23,319.0
2019-03-22 10:19:00,51.285,51.285,51.285,51.285,219.0
2019-03-22 10:22:00,51.25,51.25,51.25,51.25,181.0
2019-03-22 10:24:00,51.29,51.29,51.29,51.29,357.0
2019-03-22 10:25:00,51.26,51.26,51.26,51.26,273.0
2019-03-22 10:28:00,51.15,51.245,51.15,51.245,820.0
2019-03-22 10:29:00,51.34,51.34,51.34,51.34,197.0
2019-03-22 10:30:00,51.2,51.2,51.18,51.18,615.0
2019-03-22 10:31:00,51.16,51.16,51.16,51.16,100.0
2019-03-22 10:33:00,51.1,51.1,51.1,51.1,100.0
2019-03-22 10:34:00,51.05,51.05,51.05,51.05,100.0
2019-03-22 10:35:00,51.07,51.07,51.07,51.07,102.0
2019-03-22 10:38:00,51.1,51.1,51.1,51.1,400.0
2019-03-22 10:41:00,51.05,51.05,51.04,51.04,221.0
2019-03-22 10:43:00,51.005,51.005,51.005,51.005,400.0
2019-03-22 10:44:00,51.025,51.025,51.025,51.025,206.0
2019-03-22 10:45:00,51.06,51.09,51.06,51.09,1428.0
2019-03-22 10:46:00,51.09,51.09,51.06,51.06,432.0
2019-03-22 10:49:00,50.99,51.0,50.99,51.0,528.0
2019-03-22 10:52:00,50.94,50.94,50.91,50.93,1194.0
2019-03-22 10:54:00,50.84,50.84,50.83,50.83,300.0
2019-03-22 10:57:00,50.86,50.86,50.85,50.85,200.0
2019-03-22 10:59:00,50.84,50.84,50.8,50.8,401.0
2019-03-22 11:00:00,50.72,50.72,50.72,50.72,162.0
2019-03-22 11:01:00,50.74,50.75,50.74,50.75,678.0
2019-03-22 11:05:00,50.65,50.65,50.6,50.6,318.0
2019-03-22 11:06:00,50.66,50.68,50.59,50.59,885.0
2019-03-22 11:07:00,50.59,50.62,50.59,50.62,519.0
2019-03-22 11:09:00,50.58,50.58,50.58,50.58,125.0
2019-03-22 11:10:00,50.58,50.61,50.55,50.55,400.0
2019-03-22 11:12:00,50.55,50.56,50.47,50.47,443.0
2019-03-22 11:15:00,50.63,50.63,50.63,50.63,310.0
2019-03-22 11:16:00,50.61,50.645,50.51,50.51,1480.0
2019-03-22 11:19:00,50.555,50.555,50.555,50.555,323.0
2019-03-22 11:20:00,50.56,50.56,50.56,50.56,100.0
2019-03-22 11:21:00,50.55,50.56,50.55,50.55,715.0
2019-03-22 11:22:00,50.52,50.52,50.52,50.52,100.0
2019-03-22 11:23:00,50.53,50.53,50.53,50.53,200.0
2019-03-22 11:26:00,50.47,50.49,50.4,50.49,711.0
2019-03-22 11:27:00,50.51,50.51,50.5,50.5,517.0
2019-03-22 11:30:00,50.38,50.39,50.38,50.38,403.0
2019-03-22 11:31:00,50.46,50.46,50.37,50.37,264.0
2019-03-22 11:34:00,50.35,50.35,50.34,50.34,837.0
2019-03-22 11:38:00,50.32,50.32,50.28,50.28,762.0
2019-03-22 11:44:00,50.19,50.2,50.18,50.18,400.0
2019-03-22 11:45:00,50.17,50.26,50.17,50.25,1564.0
2019-03-22 11:46:00,50.19,50.2,50.16,50.19,710.0
2019-03-22 11:49:00,50.24,50.24,50.18,50.18,571.0
2019-03-22 11:52:00,50.12,50.12,50.12,50.12,400.0
2019-03-22 11:53:00,50.06,50.06,50.03,50.045,673.0
2019-03-22 11:54:00,50.07,50.13,50.07,50.13,312.0
2019-03-22 11:58:00,50.07,50.07,50.07,50.07,100.0
2019-03-22 11:59:00,50.06,50.06,50.05,50.05,221.0
2019-03-22 12:00:00,50.105,50.105,50.105,50.105,200.0
2019-03-22 12:01:00,50.03,50.03,50.03,50.03,100.0
2019-03-22 12:06:00,50.1765,50.1765,50.1765,50.1765,500.0
2019-03-22 12:08:00,50.12,50.12,50.09,50.09,347.0
2019-03-22 12:09:00,50.03,50.03,50.0,50.0,400.0
2019-03-22 12:10:00,50.05,50.05,50.0,50.0,249.0
2019-03-22 12:11:00,50.07,50.07,50.07,50.07,659.0
2019-03-22 12:13:00,50.09,50.09,50.09,50.09,100.0
2019-03-22 12:14:00,50.0,50.0,49.95,49.95,703.0
2019-03-22 12:16:00,50.01,50.02,50.01,50.02,479.0
2019-03-22 12:18:00,50.13,50.13,50.13,50.13,200.0
2019-03-22 12:20:00,50.135,50.135,50.07,50.07,620.0
2019-03-22 12:21:00,50.035,50.035,50.035,50.035,207.0
2019-03-22 12:23:00,50.09,50.09,50.09,50.09,200.0
2019-03-22 12:24:00,50.115,50.115,50.06,50.06,816.0
2019-03-22 12:25:00,50.025,50.025,50.025,50.025,100.0
2019-03-22 12:28:00,49.9,49.91,49.84,49.9,900.0
2019-03-22 12:29:00,49.85,49.85,49.85,49.85,444.0
2019-03-22 12:30:00,49.89,49.89,49.83,49.83,766.0
2019-03-22 12:32:00,49.83,49.83,49.79,49.79,293.0
2019-03-22 12:33:00,49.86,49.9,49.86,49.875,789.0
2019-03-22 12:36:00,49.94,49.94,49.93,49.93,568.0
2019-03-22 12:39:00,49.88,49.88,49.88,49.88,200.0
2019-03-22 12:41:00,49.83,49.83,49.77,49.8,455.0
2019-03-22 12:43:00,49.8,49.8,49.77,49.8,882.0
2019-03-22 12:44:00,49.74,49.74,49.73,49.73,434.0
2019-03-22 12:46:00,49.79,49.79,49.78,49.78,241.0
2019-03-22 12:47:00,49.83,49.86,49.83,49.86,682.0
2019-03-22 12:48:00,49.79,49.79,49.79,49.79,329.0
2019-03-22 12:49:00,49.77,49.77,49.77,49.77,100.0
2019-03-22 12:50:00,49.86,49.87,49.84,49.84,624.0
2019-03-22 12:51:00,49.77,49.77,49.77,49.77,400.0
2019-03-22 12:52:00,49.76,49.835,49.76,49.835,207.0
2019-03-22 12:55:00,49.87,49.87,49.87,49.87,300.0
2019-03-22 12:56:00,49.85,49.85,49.85,49.85,123.0
2019-03-22 12:59:00,49.79,49.79,49.79,49.79,400.0
2019-03-22 13:00:00,49.79,49.79,49.79,49.79,140.0
2019-03-22 13:02:00,49.87,49.93,49.85,49.93,1000.0
2019-03-22 13:04:00,49.9,49.9,49.9,49.9,100.0
2019-03-22 13:05:00,49.91,49.93,49.86,49.86,805.0
2019-03-22 13:06:00,49.88,49.88,49.88,49.88,100.0
2019-03-22 13:07:00,49.89,49.89,49.89,49.89,100.0
2019-03-22 13:08:00,49.905,49.94,49.905,49.94,400.0
2019-03-22 13:09:00,49.91,49.94,49.91,49.94,208.0
2019-03-22 13:10:00,49.98,50.01,49.98,49.99,1111.0
2019-03-22 13:12:00,49.96,49.96,49.94,49.94,319.0
2019-03-22 13:19:00,49.94,49.94,49.94,49.94,300.0
2019-03-22 13:21:00,49.93,49.95,49.905,49.905,401.0
2019-03-22 13:24:00,49.87,49.94,49.86,49.86,1225.0
2019-03-22 13:25:00,49.89,49.98,49.89,49.97,1102.0
2019-03-22 13:28:00,49.94,49.975,49.94,49.975,321.0
2019-03-22 13:29:00,49.92,49.92,49.92,49.92,100.0
2019-03-22 13:30:00,49.89,49.905,49.89,49.905,200.0
2019-03-22 13:31:00,49.89,49.97,49.89,49.9628,550.0
2019-03-22 13:35:00,49.95,49.95,49.95,49.95,166.0
2019-03-22 13:40:00,50.0,50.0,49.96,49.96,302.0
2019-03-22 13:42:00,49.99,49.99,49.99,49.99,375.0
2019-03-22 13:43:00,50.065,50.36,50.06,50.35,8329.0
2019-03-22 13:44:00,50.34,50.34,50.23,50.23,362.0
2019-03-22 13:50:00,50.23,50.23,50.21,50.21,347.0
2019-03-22 13:51:00,50.13,50.24,50.13,50.24,200.0
2019-03-22 13:52:00,50.15,50.15,50.11,50.11,361.0
2019-03-22 13:53:00,50.06,50.07,50.06,50.07,300.0
2019-03-22 13:54:00,50.13,50.33,50.13,50.16,2600.0
2019-03-22 13:55:00,50.15,50.15,50.09,50.09,700.0
2019-03-22 13:57:00,50.05,50.05,50.03,50.03,300.0
2019-03-22 14:00:00,50.0,50.0,49.98,49.98,432.0
2019-03-22 14:01:00,50.05,50.05,50.05,50.05,143.0
2019-03-22 14:03:00,50.13,50.13,50.12,50.12,200.0
2019-03-22 14:04:00,50.08,50.09,50.08,50.09,442.0
2019-03-22 14:07:00,50.15,50.15,50.15,50.15,100.0
2019-03-22 14:08:00,50.085,50.085,50.085,50.085,109.0
2019-03-22 14:09:00,50.11,50.35,50.11,50.27,1602.0
2019-03-22 14:16:00,50.33,50.33,50.33,50.33,221.0
2019-03-22 14:17:00,50.34,50.34,50.32,50.32,200.0
2019-03-22 14:18:00,50.395,50.83,50.395,50.43,4500.0
2019-03-22 14:19:00,50.41,50.41,50.41,50.41,610.0
2019-03-22 14:20:00,50.41,50.8,50.35,50.55,6282.0
2019-03-22 14:21:00,50.5,50.5,50.43,50.46,1374.0
2019-03-22 14:22:00,50.46,50.49,50.46,50.49,561.0
2019-03-22 14:24:00,50.44,50.44,50.44,50.44,248.0
2019-03-22 14:29:00,50.4249,50.4249,50.32,50.32,310.0
2019-03-22 14:31:00,50.31,50.31,50.31,50.31,324.0
2019-03-22 14:32:00,50.29,50.29,50.28,50.28,320.0
2019-03-22 14:33:00,50.27,50.27,50.27,50.27,341.0
2019-03-22 14:34:00,50.2,50.2,50.2,50.2,356.0
2019-03-22 14:37:00,50.22,50.23,50.22,50.23,455.0
2019-03-22 14:40:00,50.23,50.25,50.225,50.225,815.0
2019-03-22 14:43:00,50.23,50.23,50.23,50.23,282.0
2019-03-22 14:46:00,50.24,50.24,50.24,50.24,211.0
2019-03-22 14:50:00,50.21,50.28,50.21,50.28,710.0
2019-03-22 14:51:00,50.29,50.29,50.29,50.29,134.0
2019-03-22 14:55:00,50.34,50.34,50.34,50.34,100.0
2019-03-22 14:57:00,50.3,50.3,50.3,50.3,100.0
2019-03-22 14:58:00,50.35,50.36,50.35,50.36,650.0
2019-03-22 15:02:00,50.38,50.38,50.38,50.38,104.0
2019-03-22 15:04:00,50.37,50.37,50.36,50.36,400.0
2019-03-22 15:05:00,50.32,50.32,50.28,50.28,308.0
2019-03-22 15:08:00,50.24,50.24,50.24,50.24,208.0
2019-03-22 15:09:00,50.29,50.3,50.29,50.3,592.0
2019-03-22 15:10:00,50.29,50.29,50.25,50.25,441.0
2019-03-22 15:11:00,50.25,50.25,50.25,50.25,207.0
2019-03-22 15:12:00,50.2,50.2,50.165,50.18,731.0
2019-03-22 15:16:00,50.12,50.12,50.12,50.12,658.0
2019-03-22 15:23:00,50.1,50.14,50.1,50.12,761.0
2019-03-22 15:26:00,50.16,50.16,50.16,50.16,200.0
2019-03-22 15:27:00,50.11,50.1354,50.11,50.1354,628.0
2019-03-22 15:29:00,50.08,50.08,50.06,50.06,220.0
2019-03-22 15:30:00,50.06,50.06,50.0,50.0,821.0
2019-03-22 15:31:00,49.98,50.0,49.98,50.0,750.0
2019-03-22 15:32:00,50.01,50.01,49.97,49.97,616.0
2019-03-22 15:34:00,49.95,49.95,49.92,49.92,301.0
2019-03-22 15:35:00,49.91,49.91,49.91,49.91,547.0
2019-03-22 15:36:00,49.96,49.96,49.96,49.96,303.0
2019-03-22 15:37:00,49.95,49.95,49.85,49.85,681.0
2019-03-22 15:38:00,49.91,49.91,49.91,49.91,304.0
2019-03-22 15:39:00,49.93,49.93,49.93,49.93,204.0
2019-03-22 15:40:00,49.92,49.92,49.87,49.87,316.0
2019-03-22 15:41:00,49.89,49.89,49.85,49.885,763.0
2019-03-22 15:42:00,49.91,49.91,49.91,49.91,130.0
2019-03-22 15:43:00,49.83,49.83,49.82,49.82,208.0
2019-03-22 15:44:00,49.82,49.85,49.82,49.84,1293.0
2019-03-22 15:45:00,49.855,49.855,49.85,49.85,837.0
2019-03-22 15:46:00,49.92,49.92,49.91,49.91,454.0
2019-03-22 15:47:00,49.95,49.95,49.95,49.95,207.0
2019-03-22 15:48:00,50.0,50.0,49.99,49.99,224.0
2019-03-22 15:49:00,49.97,49.98,49.92,49.98,554.0
2019-03-22 15:50:00,49.96,49.96,49.92,49.92,722.0
2019-03-22 15:51:00,49.91,49.91,49.86,49.86,1162.0
2019-03-22 15:52:00,49.84,49.85,49.83,49.83,1696.0
2019-03-22 15:53:00,49.81,49.81,49.8,49.8,920.0
2019-03-22 15:54:00,49.79,49.85,49.78,49.85,545.0
2019-03-22 15:55:00,49.87,49.88,49.8,49.86,2689.0
2019-03-22 15:56:00,49.78,49.86,49.77,49.8513,2776.0
2019-03-22 15:57:00,49.84,49.84,49.75,49.75,1891.0
2019-03-22 15:58:00,49.77,49.77,49.72,49.74,2006.0
2019-03-22 15:59:00,49.75,49.76,49.7,49.7,3974.0
2019-03-22 16:00:00,49.75,49.77,49.69,49.69,7427.0
2019-03-25 09:31:00,49.67,49.67,49.67,49.67,826.0
2019-03-25 09:36:00,49.6,49.6,49.6,49.6,1030.0
2019-03-25 09:38:00,49.74,49.74,49.74,49.74,287.0
2019-03-25 09:47:00,49.785,49.785,49.785,49.785,220.0
2019-03-25 09:48:00,49.87,49.87,49.87,49.87,345.0
2019-03-25 09:51:00,49.545,49.545,49.545,49.545,1029.0
2019-03-25 09:53:00,49.55,49.55,49.55,49.55,408.0
2019-03-25 09:54:00,49.5845,49.66,49.5845,49.66,878.0
2019-03-25 09:55:00,50.0,50.0,50.0,50.0,244.0
2019-03-25 10:03:00,49.78,49.78,49.78,49.78,849.0
2019-03-25 10:04:00,49.52,49.52,49.52,49.52,1215.0
2019-03-25 10:08:00,49.68,49.68,49.68,49.68,590.0
2019-03-25 10:09:00,49.69,49.69,49.69,49.69,441.0
2019-03-25 10:11:00,49.69,49.69,49.69,49.69,419.0
2019-03-25 10:21:00,49.64,49.64,49.64,49.64,219.0
2019-03-25 10:23:00,49.64,49.64,49.64,49.64,102.0
2019-03-25 10:26:00,49.69,49.69,49.69,49.69,1280.0
2019-03-25 10:27:00,49.84,49.84,49.84,49.84,500.0
2019-03-25 10:33:00,49.92,49.92,49.92,49.92,1100.0
2019-03-25 10:34:00,49.915,49.915,49.915,49.915,124.0
2019-03-25 10:36:00,49.77,49.77,49.77,49.77,1004.0
2019-03-25 10:37:00,49.715,49.715,49.715,49.715,807.0
2019-03-25 10:39:00,49.72,49.72,49.72,49.72,449.0
2019-03-25 10:46:00,49.67,49.67,49.58,49.58,2327.0
2019-03-25 10:51:00,49.58,49.58,49.58,49.58,792.0
2019-03-25 10:52:00,49.59,49.66,49.59,49.66,1229.0
2019-03-25 10:55:00,49.63,49.63,49.63,49.63,496.0
2019-03-25 10:59:00,49.69,49.69,49.69,49.69,687.0
2019-03-25 11:02:00,49.66,49.66,49.66,49.66,1211.0
2019-03-25 11:06:00,49.72,49.72,49.72,49.72,409.0
2019-03-25 11:08:00,49.73,49.73,49.73,49.73,314.0
2019-03-25 11:09:00,49.7261,49.7261,49.7261,49.7261,802.0
2019-03-25 11:10:00,49.655,49.655,49.655,49.655,351.0
2019-03-25 11:11:00,49.69,49.69,49.69,49.69,716.0
2019-03-25 11:14:00,49.71,49.71,49.71,49.71,303.0
2019-03-25 11:16:00,49.82,49.82,49.82,49.82,308.0
2019-03-25 11:17:00,49.88,49.88,49.88,49.88,104.0
2019-03-25 11:20:00,49.9,49.9,49.9,49.9,510.0
2019-03-25 11:21:00,49.915,49.915,49.915,49.915,304.0
2019-03-25 11:22:00,49.92,49.92,49.92,49.92,343.0
2019-03-25 11:25:00,50.02,50.02,50.02,50.02,214.0
2019-03-25 11:27:00,50.13,50.13,50.13,50.13,204.0
2019-03-25 11:29:00,50.18,50.18,50.18,50.18,632.0
2019-03-25 11:31:00,50.19,50.2,50.19,50.2,1409.0
2019-03-25 11:35:00,50.025,50.025,50.025,50.025,701.0
2019-03-25 11:38:00,49.92,49.92,49.92,49.92,389.0
2019-03-25 11:42:00,49.89,49.89,49.89,49.89,416.0
2019-03-25 11:46:00,49.9,49.9,49.9,49.9,838.0
2019-03-25 11:50:00,49.79,49.79,49.79,49.79,341.0
2019-03-25 11:53:00,49.74,49.74,49.74,49.74,322.0
2019-03-25 11:54:00,49.83,49.83,49.83,49.83,308.0
2019-03-25 11:58:00,49.85,49.85,49.85,49.85,155.0
2019-03-25 12:00:00,49.755,49.755,49.755,49.755,203.0
2019-03-25 12:01:00,49.76,49.76,49.76,49.76,518.0
2019-03-25 12:02:00,49.82,49.82,49.82,49.82,517.0
2019-03-25 12:04:00,49.87,49.87,49.87,49.87,327.0
2019-03-25 12:05:00,49.94,49.97,49.94,49.97,706.0
2019-03-25 12:08:00,50.04,50.04,50.04,50.04,303.0
2019-03-25 12:09:00,50.03,50.03,50.03,50.03,101.0
2019-03-25 12:11:00,49.94,49.94,49.94,49.94,304.0
2019-03-25 12:12:00,50.0,50.0,50.0,50.0,213.0
2019-03-25 12:14:00,49.9,49.9,49.9,49.9,107.0
2019-03-25 12:20:00,49.82,49.82,49.82,49.82,302.0
2019-03-25 12:21:00,49.92,49.92,49.88,49.88,871.0
2019-03-25 12:25:00,49.93,49.93,49.93,49.93,497.0
2019-03-25 12:29:00,49.85,49.85,49.85,49.85,103.0
2019-03-25 12:34:00,49.765,49.765,49.765,49.765,1006.0
2019-03-25 12:35:00,49.75,49.75,49.75,49.75,672.0
2019-03-25 12:37:00,49.7,49.7,49.7,49.7,304.0
2019-03-25 12:40:00,49.73,49.73,49.73,49.73,314.0
2019-03-25 12:44:00,49.66,49.66,49.66,49.66,106.0
2019-03-25 12:45:00,49.63,49.63,49.63,49.63,238.0
2019-03-25 12:46:00,49.63,49.63,49.63,49.63,594.0
2019-03-25 12:47:00,49.67,49.67,49.67,49.67,223.0
2019-03-25 12:51:00,49.75,49.75,49.75,49.75,513.0
2019-03-25 12:53:00,49.72,49.72,49.72,49.72,222.0
2019-03-25 12:55:00,49.78,49.78,49.78,49.78,108.0
2019-03-25 12:59:00,49.805,49.88,49.805,49.88,777.0
2019-03-25 13:01:00,49.86,49.87,49.86,49.87,503.0
2019-03-25 13:02:00,49.83,49.83,49.83,49.83,104.0
2019-03-25 13:05:00,49.745,49.745,49.74,49.74,952.0
2019-03-25 13:07:00,49.73,49.75,49.73,49.75,968.0
2019-03-25 13:13:00,49.86,49.86,49.86,49.86,407.0
2019-03-25 13:15:00,49.88,49.88,49.88,49.88,222.0
2019-03-25 13:16:00,49.85,49.85,49.85,49.85,367.0
2019-03-25 13:24:00,49.77,49.77,49.77,49.77,213.0
2019-03-25 13:26:00,49.83,49.83,49.83,49.83,287.0
2019-03-25 13:28:00,49.72,49.72,49.72,49.72,455.0
2019-03-25 13:31:00,49.67,49.67,49.67,49.67,243.0
2019-03-25 13:35:00,49.78,49.78,49.78,49.78,527.0
2019-03-25 13:37:00,49.81,49.81,49.74,49.74,1310.0
2019-03-25 13:38:00,49.86,49.86,49.86,49.86,576.0
2019-03-25 13:43:00,49.8,49.8,49.8,49.8,521.0
2019-03-25 13:44:00,49.765,49.765,49.765,49.765,547.0
2019-03-25 13:45:00,49.72,49.72,49.72,49.72,111.0
2019-03-25 13:51:00,49.71,49.71,49.71,49.71,101.0
2019-03-25 13:52:00,49.71,49.71,49.71,49.71,244.0
2019-03-25 13:53:00,49.83,49.85,49.83,49.85,778.0
2019-03-25 14:06:00,49.71,49.71,49.71,49.71,209.0
2019-03-25 14:07:00,49.66,49.66,49.66,49.66,109.0
2019-03-25 14:10:00,49.6823,49.6823,49.6823,49.6823,329.0
2019-03-25 14:11:00,49.71,49.71,49.71,49.71,104.0
2019-03-25 14:13:00,49.68,49.68,49.68,49.68,348.0
2019-03-25 14:16:00,49.74,49.74,49.71,49.71,1085.0
2019-03-25 14:18:00,49.67,49.67,49.67,49.67,373.0
2019-03-25 14:22:00,49.66,49.66,49.635,49.635,711.0
2019-03-25 14:23:00,49.61,49.61,49.61,49.61,202.0
2019-03-25 14:27:00,49.57,49.62,49.57,49.62,610.0
2019-03-25 14:31:00,49.68,49.68,49.68,49.68,435.0
2019-03-25 14:32:00,49.65,49.71,49.65,49.71,1307.0
2019-03-25 14:35:00,49.73,49.73,49.73,49.73,376.0
2019-03-25 14:40:00,49.71,49.71,49.71,49.71,108.0
2019-03-25 14:41:00,49.69,49.69,49.69,49.69,552.0
2019-03-25 14:42:00,49.78,49.78,49.78,49.78,715.0
2019-03-25 14:43:00,49.79,49.79,49.7825,49.7825,1390.0
2019-03-25 14:45:00,49.78,49.78,49.78,49.78,456.0
2019-03-25 14:46:00,49.78,49.78,49.78,49.78,446.0
2019-03-25 14:49:00,49.785,49.88,49.785,49.88,679.0
2019-03-25 14:51:00,49.88,49.88,49.8,49.8,622.0
2019-03-25 14:54:00,49.81,49.81,49.81,49.81,256.0
2019-03-25 14:56:00,49.8308,49.8308,49.8308,49.8308,384.0
2019-03-25 14:57:00,49.81,49.81,49.81,49.81,341.0
2019-03-25 14:59:00,49.88,49.88,49.88,49.88,586.0
2019-03-25 15:01:00,49.92,49.92,49.92,49.92,114.0
2019-03-25 15:02:00,49.89,49.89,49.89,49.89,737.0
2019-03-25 15:03:00,49.885,49.885,49.885,49.885,442.0
2019-03-25 15:05:00,49.79,49.79,49.77,49.77,2103.0
2019-03-25 15:07:00,49.79,49.79,49.79,49.79,116.0
2019-03-25 15:08:00,49.84,49.84,49.84,49.84,128.0
2019-03-25 15:09:00,49.84,49.84,49.82,49.82,1214.0
2019-03-25 15:11:00,49.81,49.81,49.81,49.81,416.0
2019-03-25 15:12:00,49.84,49.84,49.84,49.84,411.0
2019-03-25 15:13:00,49.87,49.87,49.87,49.87,518.0
2019-03-25 15:14:00,49.88,49.88,49.88,49.88,816.0
2019-03-25 15:15:00,49.82,49.82,49.82,49.82,223.0
2019-03-25 15:18:00,49.83,49.83,49.83,49.83,325.0
2019-03-25 15:19:00,49.79,49.79,49.79,49.79,115.0
2019-03-25 15:20:00,49.8,49.8,49.8,49.8,291.0
2019-03-25 15:22:00,49.78,49.78,49.78,49.78,630.0
2019-03-25 15:23:00,49.83,49.83,49.83,49.83,441.0
2019-03-25 15:24:00,49.87,49.87,49.81,49.81,1280.0
2019-03-25 15:25:00,49.86,49.86,49.78,49.78,2956.0
2019-03-25 15:26:00,49.66,49.66,49.66,49.66,492.0
2019-03-25 15:27:00,49.68,49.73,49.68,49.73,1171.0
2019-03-25 15:28:00,49.74,49.74,49.74,49.74,290.0
2019-03-25 15:30:00,49.71,49.71,49.71,49.71,292.0
2019-03-25 15:31:00,49.69,49.71,49.69,49.71,1519.0
2019-03-25 15:32:00,49.7,49.7,49.7,49.7,512.0
2019-03-25 15:34:00,49.715,49.715,49.715,49.715,568.0
2019-03-25 15:36:00,49.68,49.68,49.68,49.68,447.0
2019-03-25 15:37:00,49.7,49.7,49.7,49.7,326.0
2019-03-25 15:38:00,49.7,49.74,49.7,49.74,1119.0
2019-03-25 15:40:00,49.69,49.69,49.69,49.69,608.0
2019-03-25 15:42:00,49.72,49.72,49.72,49.72,361.0
2019-03-25 15:44:00,49.74,49.76,49.74,49.76,1530.0
2019-03-25 15:45:00,49.76,49.76,49.755,49.755,2019.0
2019-03-25 15:46:00,49.76,49.76,49.76,49.76,424.0
2019-03-25 15:47:00,49.75,49.75,49.75,49.75,222.0
2019-03-25 15:48:00,49.73,49.73,49.69,49.69,2326.0
2019-03-25 15:50:00,49.6,49.61,49.6,49.61,830.0
2019-03-25 15:51:00,49.65,49.65,49.65,49.65,531.0
2019-03-25 15:52:00,49.71,49.71,49.68,49.68,1310.0
2019-03-25 15:53:00,49.66,49.66,49.66,49.66,265.0
2019-03-25 15:54:00,49.68,49.68,49.68,49.68,958.0
2019-03-25 15:55:00,49.66,49.66,49.66,49.66,1527.0
2019-03-25 15:56:00,49.64,49.64,49.64,49.64,485.0
2019-03-25 15:57:00,49.65,49.66,49.65,49.65,2933.0
2019-03-25 15:58:00,49.69,49.7,49.69,49.7,2653.0
2019-03-25 15:59:00,49.71,49.71,49.67,49.67,2812.0
2019-03-25 16:00:00,49.64,49.64,49.64,49.64,3161.0
2019-03-26 09:32:00,50.3195,50.3195,50.3195,50.3195,2246.0
2019-03-26 09:36:00,49.76,50.07,49.76,50.07,2565.0
2019-03-26 09:40:00,49.8224,49.8224,49.8224,49.8224,216.0
2019-03-26 09:46:00,50.06,50.06,50.06,50.06,841.0
2019-03-26 09:51:00,50.27,50.27,50.175,50.175,450.0
2019-03-26 09:52:00,50.115,50.115,50.115,50.115,840.0
2019-03-26 09:53:00,50.025,50.025,50.01,50.01,1467.0
2019-03-26 09:54:00,50.12,50.12,50.12,50.12,1278.0
2019-03-26 09:58:00,50.15,50.15,50.15,50.15,116.0
2019-03-26 10:02:00,50.03,50.03,50.03,50.03,892.0
2019-03-26 10:04:00,50.07,50.07,50.07,50.07,500.0
2019-03-26 10:05:00,50.05,50.05,50.05,50.05,107.0
2019-03-26 10:13:00,50.16,50.16,50.16,50.16,267.0
2019-03-26 10:15:00,50.249,50.249,50.249,50.249,205.0
2019-03-26 10:18:00,50.24,50.24,50.24,50.24,100.0
2019-03-26 10:19:00,50.13,50.13,50.13,50.13,556.0
2019-03-26 10:20:00,50.17,50.17,50.17,50.17,236.0
2019-03-26 10:25:00,50.15,50.15,50.15,50.15,844.0
2019-03-26 10:26:00,50.2,50.29,50.2,50.29,2555.0
2019-03-26 10:33:00,50.26,50.26,50.26,50.26,304.0
2019-03-26 10:34:00,50.33,50.33,50.33,50.33,344.0
2019-03-26 10:37:00,50.35,50.35,50.35,50.35,1105.0
2019-03-26 10:38:00,50.35,50.35,50.35,50.35,831.0
2019-03-26 10:39:00,50.5,50.52,50.5,50.52,1574.0
2019-03-26 10:44:00,50.55,50.55,50.55,50.55,314.0
2019-03-26 10:49:00,50.62,50.62,50.62,50.62,535.0
2019-03-26 10:51:00,50.82,50.82,50.82,50.82,556.0
2019-03-26 10:52:00,50.87,50.87,50.87,50.87,405.0
2019-03-26 10:54:00,50.74,50.74,50.74,50.74,471.0
2019-03-26 10:55:00,50.85,50.85,50.85,50.85,515.0
2019-03-26 11:00:00,50.88,50.88,50.88,50.88,101.0
2019-03-26 11:02:00,50.86,50.86,50.86,50.86,400.0
2019-03-26 11:03:00,50.83,50.83,50.83,50.83,257.0
2019-03-26 11:05:00,50.88,50.88,50.88,50.88,406.0
2019-03-26 11:06:00,50.86,50.86,50.86,50.86,652.0
2019-03-26 11:11:00,50.71,50.71,50.71,50.71,227.0
2019-03-26 11:12:00,50.58,50.66,50.58,50.66,407.0
2019-03-26 11:15:00,50.54,50.54,50.54,50.54,105.0
2019-03-26 11:19:00,50.605,50.605,50.605,50.605,221.0
2019-03-26 11:24:00,50.57,50.57,50.57,50.57,400.0
2019-03-26 11:25:00,50.525,50.59,50.525,50.59,1070.0
2019-03-26 11:27:00,50.575,50.575,50.575,50.575,101.0
2019-03-26 11:30:00,50.62,50.62,50.62,50.62,227.0
2019-03-26 11:33:00,50.58,50.58,50.58,50.58,605.0
2019-03-26 11:36:00,50.62,50.62,50.62,50.62,100.0
2019-03-26 11:38:00,50.67,50.7013,50.67,50.7013,1307.0
2019-03-26 11:40:00,50.72,50.72,50.72,50.72,301.0
2019-03-26 11:42:00,50.75,50.75,50.75,50.75,210.0
2019-03-26 11:46:00,50.69,50.69,50.69,50.69,424.0
2019-03-26 11:48:00,50.7,50.7,50.7,50.7,530.0
2019-03-26 11:52:00,50.7,50.7,50.7,50.7,901.0
2019-03-26 11:53:00,50.57,50.57,50.57,50.57,409.0
2019-03-26 11:56:00,50.6,50.6,50.6,50.6,403.0
2019-03-26 12:00:00,50.62,50.62,50.62,50.62,210.0
2019-03-26 12:01:00,50.65,50.65,50.65,50.65,120.0
2019-03-26 12:04:00,50.63,50.63,50.63,50.63,527.0
2019-03-26 12:09:00,50.585,50.585,50.585,50.585,368.0
2019-03-26 12:10:00,50.62,50.62,50.62,50.62,450.0
2019-03-26 12:11:00,50.59,50.59,50.59,50.59,0.0
2019-03-26 12:12:00,50.59,50.59,50.59,50.59,609.0
2019-03-26 12:14:00,50.6,50.6,50.6,50.6,400.0
2019-03-26 12:15:00,50.6,50.61,50.6,50.61,400.0
2019-03-26 12:17:00,50.63,50.63,50.63,50.63,277.0
2019-03-26 12:18:00,50.605,50.605,50.605,50.605,267.0
2019-03-26 12:24:00,50.56,50.56,50.56,50.56,440.0
2019-03-26 12:26:00,50.59,50.59,50.59,50.59,200.0
2019-03-26 12:27:00,50.58,50.58,50.58,50.58,330.0
2019-03-26 12:28:00,50.55,50.55,50.55,50.55,202.0
2019-03-26 12:29:00,50.565,50.565,50.565,50.565,125.0
2019-03-26 12:31:00,50.6,50.6,50.6,50.6,305.0
2019-03-26 12:34:00,50.62,50.62,50.62,50.62,218.0
2019-03-26 12:41:00,50.64,50.64,50.64,50.64,205.0
2019-03-26 12:44:00,50.56,50.575,50.56,50.575,510.0
2019-03-26 12:48:00,50.53,50.53,50.53,50.53,418.0
2019-03-26 12:51:00,50.49,50.49,50.49,50.49,244.0
2019-03-26 12:52:00,50.54,50.54,50.54,50.54,338.0
2019-03-26 12:59:00,50.48,50.48,50.48,50.48,379.0
2019-03-26 13:00:00,50.47,50.47,50.47,50.47,652.0
2019-03-26 13:05:00,50.57,50.57,50.57,50.57,574.0
2019-03-26 13:08:00,50.535,50.535,50.535,50.535,233.0
2019-03-26 13:14:00,50.62,50.62,50.62,50.62,200.0
2019-03-26 13:16:00,50.68,50.68,50.61,50.61,441.0
2019-03-26 13:23:00,50.64,50.64,50.62,50.62,712.0
2019-03-26 13:24:00,50.605,50.605,50.605,50.605,718.0
2019-03-26 13:25:00,50.57,50.57,50.57,50.57,228.0
2019-03-26 13:26:00,50.58,50.58,50.58,50.58,482.0
2019-03-26 13:29:00,50.59,50.59,50.58,50.58,538.0
2019-03-26 13:32:00,50.57,50.57,50.535,50.535,699.0
2019-03-26 13:38:00,50.5,50.5,50.5,50.5,1244.0
2019-03-26 13:48:00,50.52,50.52,50.52,50.52,296.0
2019-03-26 13:49:00,50.56,50.56,50.56,50.56,0.0
2019-03-26 13:51:00,50.57,50.57,50.57,50.57,270.0
2019-03-26 13:54:00,50.6,50.6,50.6,50.6,200.0
2019-03-26 13:57:00,50.5522,50.5522,50.53,50.53,1211.0
2019-03-26 14:04:00,50.55,50.55,50.55,50.55,426.0
2019-03-26 14:05:00,50.59,50.59,50.59,50.59,743.0
2019-03-26 14:08:00,50.6,50.6,50.6,50.6,200.0
2019-03-26 14:09:00,50.57,50.57,50.57,50.57,254.0
2019-03-26 14:10:00,50.6,50.6,50.6,50.6,603.0
2019-03-26 14:11:00,50.6,50.6,50.6,50.6,425.0
2019-03-26 14:15:00,50.54,50.54,50.54,50.54,249.0
2019-03-26 14:18:00,50.58,50.58,50.58,50.58,101.0
2019-03-26 14:19:00,50.6,50.6,50.6,50.6,258.0
2019-03-26 14:21:00,50.6,50.6,50.6,50.6,390.0
2019-03-26 14:22:00,50.57,50.57,50.57,50.57,200.0
2019-03-26 14:24:00,50.59,50.59,50.59,50.59,100.0
2019-03-26 14:28:00,50.54,50.54,50.54,50.54,500.0
2019-03-26 14:29:00,50.57,50.57,50.57,50.57,300.0
2019-03-26 14:30:00,50.55,50.55,50.48,50.48,1466.0
2019-03-26 14:32:00,50.51,50.52,50.51,50.52,516.0
2019-03-26 14:33:00,50.48,50.48,50.48,50.48,535.0
2019-03-26 14:35:00,50.54,50.54,50.54,50.54,727.0
2019-03-26 14:36:00,50.6,50.6,50.6,50.6,419.0
2019-03-26 14:37:00,50.6,50.6,50.6,50.6,425.0
2019-03-26 14:38:00,50.6,50.6,50.6,50.6,304.0
2019-03-26 14:39:00,50.58,50.58,50.58,50.58,213.0
2019-03-26 14:41:00,50.6,50.6,50.6,50.6,1137.0
2019-03-26 14:43:00,50.61,50.61,50.61,50.61,455.0
2019-03-26 14:45:00,50.69,50.69,50.69,50.69,296.0
2019-03-26 14:50:00,50.64,50.64,50.64,50.64,626.0
2019-03-26 14:52:00,50.645,50.645,50.645,50.645,105.0
2019-03-26 14:54:00,50.63,50.63,50.63,50.63,1920.0
2019-03-26 14:56:00,50.63,50.63,50.63,50.63,891.0
2019-03-26 14:59:00,50.73,50.74,50.73,50.74,588.0
2019-03-26 15:02:00,50.87,50.87,50.87,50.87,200.0
2019-03-26 15:04:00,50.755,50.78,50.755,50.78,1523.0
2019-03-26 15:09:00,50.73,50.76,50.73,50.76,723.0
2019-03-26 15:12:00,50.72,50.72,50.72,50.72,200.0
2019-03-26 15:13:00,50.75,50.75,50.75,50.75,300.0
2019-03-26 15:14:00,50.77,50.77,50.77,50.77,320.0
2019-03-26 15:15:00,50.76,50.76,50.76,50.76,546.0
2019-03-26 15:16:00,50.75,50.75,50.75,50.75,210.0
2019-03-26 15:18:00,50.75,50.75,50.75,50.75,535.0
2019-03-26 15:19:00,50.77,50.77,50.77,50.77,115.0
2019-03-26 15:20:00,50.71,50.71,50.71,50.71,517.0
2019-03-26 15:21:00,50.7,50.7,50.7,50.7,554.0
2019-03-26 15:22:00,50.7,50.7,50.69,50.69,1357.0
2019-03-26 15:26:00,50.68,50.7,50.68,50.7,940.0
2019-03-26 15:28:00,50.73,50.73,50.73,50.73,505.0
2019-03-26 15:29:00,50.74,50.74,50.74,50.74,300.0
2019-03-26 15:30:00,50.69,50.69,50.69,50.69,262.0
2019-03-26 15:33:00,50.71,50.71,50.71,50.71,300.0
2019-03-26 15:34:00,50.67,50.67,50.67,50.67,120.0
2019-03-26 15:35:00,50.67,50.67,50.67,50.67,353.0
2019-03-26 15:36:00,50.69,50.69,50.69,50.69,1610.0
2019-03-26 15:38:00,50.69,50.69,50.69,50.69,831.0
2019-03-26 15:39:00,50.7,50.7,50.7,50.7,1035.0
2019-03-26 15:41:00,50.64,50.64,50.64,50.64,460.0
2019-03-26 15:42:00,50.62,50.62,50.62,50.62,956.0
2019-03-26 15:43:00,50.64,50.64,50.64,50.64,410.0
2019-03-26 15:44:00,50.58,50.59,50.58,50.59,1353.0
2019-03-26 15:45:00,50.53,50.53,50.53,50.53,418.0
2019-03-26 15:46:00,50.5,50.5,50.5,50.5,548.0
2019-03-26 15:47:00,50.51,50.6,50.51,50.6,2584.0
2019-03-26 15:49:00,50.57,50.63,50.57,50.63,775.0
2019-03-26 15:50:00,50.59,50.59,50.59,50.59,479.0
2019-03-26 15:51:00,50.6,50.6,50.6,50.6,562.0
2019-03-26 15:52:00,50.61,50.63,50.61,50.63,738.0
2019-03-26 15:54:00,50.67,50.67,50.67,50.67,767.0
2019-03-26 15:55:00,50.64,50.64,50.64,50.64,1156.0
2019-03-26 15:56:00,50.6,50.6,50.48,50.55,11218.0
2019-03-26 15:57:00,50.52,50.53,50.52,50.53,2543.0
2019-03-26 15:58:00,50.54,50.56,50.54,50.56,2070.0
2019-03-26 15:59:00,50.56,50.565,50.56,50.565,1570.0
2019-03-26 16:00:00,50.57,50.57,50.56,50.56,2845.0
2019-03-27 09:31:00,51.18,51.18,51.18,51.18,1363.0
2019-03-27 09:37:00,50.87,50.87,50.87,50.87,370.0
2019-03-27 09:38:00,50.95,50.95,50.95,50.95,297.0
2019-03-27 09:46:00,50.58,50.58,50.58,50.58,220.0
2019-03-27 09:50:00,50.66,50.66,50.66,50.66,100.0
2019-03-27 09:51:00,50.56,50.56,50.275,50.275,1531.0
2019-03-27 09:54:00,50.63,50.63,50.63,50.63,100.0
2019-03-27 09:56:00,50.6,50.6,50.37,50.37,200.0
2019-03-27 09:57:00,50.37,50.37,50.37,50.37,739.0
2019-03-27 09:59:00,50.36,50.36,50.36,50.36,614.0
2019-03-27 10:01:00,50.36,50.36,50.36,50.36,1280.0
2019-03-27 10:09:00,50.45,50.45,50.435,50.435,200.0
2019-03-27 10:10:00,50.44,50.44,50.44,50.44,401.0
2019-03-27 10:15:00,50.49,50.5,50.49,50.5,400.0
2019-03-27 10:16:00,50.47,50.47,50.47,50.47,1000.0
2019-03-27 10:21:00,50.49,50.49,50.49,50.49,180.0
2019-03-27 10:28:00,50.38,50.38,50.38,50.38,447.0
2019-03-27 10:36:00,50.38,50.38,50.38,50.38,152.0
2019-03-27 10:37:00,50.425,50.425,50.425,50.425,100.0
2019-03-27 10:38:00,50.37,50.37,50.37,50.37,200.0
2019-03-27 10:41:00,50.26,50.26,50.26,50.26,100.0
2019-03-27 10:42:00,50.26,50.26,50.26,50.26,250.0
2019-03-27 10:45:00,50.235,50.235,50.235,50.235,100.0
2019-03-27 10:49:00,50.3,50.3,50.3,50.3,414.0
2019-03-27 10:51:00,50.25,50.25,50.25,50.25,255.0
2019-03-27 10:59:00,50.18,50.38,50.18,50.38,515.0
2019-03-27 11:00:00,50.28,50.28,50.28,50.28,627.0
2019-03-27 11:03:00,50.33,50.33,50.33,50.33,138.0
2019-03-27 11:04:00,50.385,50.385,50.32,50.32,939.0
2019-03-27 11:08:00,50.225,50.225,50.225,50.225,101.0
2019-03-27 11:10:00,50.26,50.26,50.26,50.26,360.0
2019-03-27 11:15:00,50.18,50.18,50.17,50.17,600.0
2019-03-27 11:26:00,50.21,50.21,50.21,50.21,800.0
2019-03-27 11:28:00,50.17,50.17,50.17,50.17,205.0
2019-03-27 11:29:00,50.105,50.105,50.105,50.105,300.0
2019-03-27 11:30:00,50.085,50.085,50.085,50.085,665.0
2019-03-27 11:31:00,50.06,50.06,50.06,50.06,140.0
2019-03-27 11:34:00,50.06,50.06,50.06,50.06,100.0
2019-03-27 11:35:00,49.98,49.98,49.97,49.97,301.0
2019-03-27 11:36:00,49.93,49.93,49.93,49.93,434.0
2019-03-27 11:38:00,49.93,49.93,49.93,49.93,115.0
2019-03-27 11:41:00,50.01,50.01,50.01,50.01,702.0
2019-03-27 11:42:00,49.97,49.97,49.97,49.97,114.0
2019-03-27 11:45:00,49.88,49.88,49.88,49.88,330.0
2019-03-27 11:49:00,49.87,49.87,49.87,49.87,100.0
2019-03-27 11:51:00,49.95,49.95,49.95,49.95,240.0
2019-03-27 11:53:00,49.94,49.94,49.94,49.94,208.0
2019-03-27 11:54:00,49.91,49.91,49.91,49.91,400.0
2019-03-27 12:05:00,50.16,50.16,50.16,50.16,146.0
2019-03-27 12:07:00,50.2945,50.2945,50.2945,50.2945,695.0
2019-03-27 12:13:00,50.34,50.34,50.34,50.34,228.0
2019-03-27 12:15:00,50.22,50.22,50.22,50.22,295.0
2019-03-27 12:17:00,50.205,50.205,50.205,50.205,331.0
2019-03-27 12:21:00,50.37,50.37,50.37,50.37,519.0
2019-03-27 12:25:00,50.21,50.21,50.21,50.21,534.0
2019-03-27 12:27:00,50.285,50.285,50.285,50.285,338.0
2019-03-27 12:35:00,50.4164,50.4164,50.4164,50.4164,287.0
2019-03-27 12:36:00,50.32,50.32,50.32,50.32,399.0
2019-03-27 12:40:00,50.41,50.41,50.41,50.41,231.0
2019-03-27 12:43:00,50.3275,50.3275,50.3275,50.3275,165.0
2019-03-27 12:46:00,50.34,50.34,50.34,50.34,168.0
2019-03-27 12:53:00,50.43,50.43,50.43,50.43,510.0
2019-03-27 13:00:00,50.44,50.44,50.44,50.44,100.0
2019-03-27 13:01:00,50.35,50.35,50.35,50.35,166.0
2019-03-27 13:10:00,50.26,50.26,50.26,50.26,100.0
2019-03-27 13:11:00,50.19,50.19,50.19,50.19,100.0
2019-03-27 13:13:00,50.31,50.31,50.31,50.31,300.0
2019-03-27 13:14:00,50.34,50.36,50.34,50.36,432.0
2019-03-27 13:15:00,50.5,50.5,50.42,50.42,932.0
2019-03-27 13:19:00,50.42,50.42,50.42,50.42,141.0
2019-03-27 13:21:00,50.36,50.36,50.36,50.36,100.0
2019-03-27 13:22:00,50.51,50.55,50.51,50.52,300.0
2019-03-27 13:23:00,50.5,50.5,50.48,50.48,944.0
2019-03-27 13:25:00,50.42,50.42,50.42,50.42,295.0
2019-03-27 13:37:00,50.36,50.36,50.36,50.36,529.0
2019-03-27 13:45:00,50.5,50.5,50.5,50.5,0.0
2019-03-27 13:49:00,50.4795,50.4795,50.4795,50.4795,245.0
2019-03-27 13:50:00,50.56,50.56,50.56,50.56,210.0
2019-03-27 13:53:00,50.55,50.56,50.55,50.56,328.0
2019-03-27 14:00:00,50.51,50.53,50.51,50.53,220.0
2019-03-27 14:01:00,50.55,50.55,50.55,50.55,330.0
2019-03-27 14:03:00,50.51,50.51,50.51,50.51,339.0
2019-03-27 14:08:00,50.54,50.54,50.54,50.54,227.0
2019-03-27 14:12:00,50.67,50.67,50.67,50.67,347.0
2019-03-27 14:13:00,50.61,50.61,50.61,50.61,282.0
2019-03-27 14:23:00,50.505,50.505,50.505,50.505,100.0
2019-03-27 14:24:00,50.53,50.53,50.53,50.53,200.0
2019-03-27 14:26:00,50.54,50.54,50.54,50.54,269.0
2019-03-27 14:30:00,50.64,50.64,50.64,50.64,405.0
2019-03-27 14:31:00,50.69,50.69,50.69,50.69,206.0
2019-03-27 14:33:00,50.66,50.66,50.66,50.66,380.0
2019-03-27 14:37:00,50.65,50.65,50.65,50.65,304.0
2019-03-27 14:46:00,50.56,50.56,50.56,50.56,100.0
2019-03-27 14:47:00,50.53,50.53,50.52,50.52,459.0
2019-03-27 14:57:00,50.47,50.47,50.47,50.47,218.0
2019-03-27 15:00:00,50.475,50.475,50.475,50.475,207.0
2019-03-27 15:02:00,50.455,50.455,50.455,50.455,180.0
2019-03-27 15:04:00,50.43,50.43,50.43,50.43,109.0
2019-03-27 15:06:00,50.46,50.46,50.46,50.46,172.0
2019-03-27 15:07:00,50.51,50.51,50.51,50.51,448.0
2019-03-27 15:12:00,50.555,50.555,50.555,50.555,603.0
2019-03-27 15:13:00,50.54,50.54,50.54,50.54,428.0
2019-03-27 15:15:00,50.54,50.54,50.54,50.54,448.0
2019-03-27 15:18:00,50.525,50.525,50.525,50.525,379.0
2019-03-27 15:21:00,50.58,50.58,50.58,50.58,437.0
2019-03-27 15:23:00,50.52,50.52,50.52,50.52,341.0
2019-03-27 15:24:00,50.55,50.55,50.53,50.535,301.0
2019-03-27 15:25:00,50.56,50.56,50.56,50.56,406.0
2019-03-27 15:26:00,50.51,50.51,50.51,50.51,383.0
2019-03-27 15:30:00,50.62,50.62,50.61,50.61,385.0
2019-03-27 15:31:00,50.68,50.69,50.665,50.69,316.0
2019-03-27 15:32:00,50.69,50.69,50.69,50.69,416.0
2019-03-27 15:34:00,50.59,50.59,50.59,50.59,585.0
2019-03-27 15:38:00,50.65,50.65,50.65,50.65,106.0
2019-03-27 15:39:00,50.63,50.63,50.6,50.6,1034.0
2019-03-27 15:45:00,50.56,50.56,50.56,50.56,271.0
2019-03-27 15:46:00,50.55,50.63,50.55,50.63,1011.0
2019-03-27 15:47:00,50.59,50.59,50.59,50.59,669.0
2019-03-27 15:48:00,50.55,50.55,50.55,50.55,259.0
2019-03-27 15:49:00,50.5506,50.5506,50.5506,50.5506,1154.0
2019-03-27 15:50:00,50.575,50.575,50.575,50.575,326.0
2019-03-27 15:51:00,50.57,50.57,50.56,50.56,495.0
2019-03-27 15:53:00,50.54,50.54,50.53,50.53,566.0
2019-03-27 15:54:00,50.48,50.48,50.48,50.48,951.0
2019-03-27 15:55:00,50.49,50.49,50.49,50.49,714.0
2019-03-27 15:56:00,50.46,50.46,50.46,50.46,947.0
2019-03-27 15:57:00,50.45,50.45,50.45,50.45,719.0
2019-03-27 15:58:00,50.44,50.44,50.44,50.44,720.0
2019-03-27 15:59:00,50.44,50.44,50.44,50.44,1187.0
2019-03-27 16:00:00,50.39,50.39,50.38,50.38,2987.0
2019-03-28 09:31:00,50.56,50.56,50.56,50.56,886.0
2019-03-28 09:52:00,50.8594,50.8594,50.8594,50.8594,2579.0
2019-03-28 09:55:00,50.73,50.98,50.73,50.98,323.0
2019-03-28 09:56:00,50.91,50.91,50.91,50.91,140.0
2019-03-28 09:57:00,50.78,50.78,50.78,50.78,885.0
2019-03-28 10:01:00,50.92,50.92,50.92,50.92,100.0
2019-03-28 10:02:00,50.84,50.84,50.84,50.84,501.0
2019-03-28 10:03:00,50.95,50.95,50.95,50.95,340.0
2019-03-28 10:04:00,51.03,51.03,51.03,51.03,467.0
2019-03-28 10:06:00,51.03,51.03,51.03,51.03,269.0
2019-03-28 10:09:00,50.93,50.93,50.93,50.93,341.0
2019-03-28 10:13:00,51.03,51.03,51.03,51.03,105.0
2019-03-28 10:14:00,51.03,51.03,51.03,51.03,311.0
2019-03-28 10:15:00,50.96,50.96,50.96,50.96,527.0
2019-03-28 10:16:00,50.96,50.96,50.96,50.96,221.0
2019-03-28 10:21:00,50.98,50.98,50.98,50.98,294.0
2019-03-28 10:26:00,50.98,50.98,50.98,50.98,467.0
2019-03-28 10:30:00,51.0,51.0,51.0,51.0,188.0
2019-03-28 10:34:00,50.995,51.04,50.995,51.04,400.0
2019-03-28 10:39:00,51.01,51.01,50.89,50.89,1446.0
2019-03-28 10:40:00,50.935,50.935,50.935,50.935,454.0
2019-03-28 10:45:00,50.94,50.94,50.94,50.94,308.0
2019-03-28 10:49:00,50.89,50.89,50.89,50.89,158.0
2019-03-28 10:51:00,50.93,50.93,50.92,50.92,825.0
2019-03-28 10:54:00,50.91,50.91,50.91,50.91,346.0
2019-03-28 11:00:00,50.885,50.885,50.85,50.85,318.0
2019-03-28 11:01:00,50.83,50.87,50.83,50.87,907.0
2019-03-28 11:06:00,50.72,50.72,50.71,50.71,625.0
2019-03-28 11:07:00,50.675,50.675,50.675,50.675,841.0
2019-03-28 11:10:00,50.6,50.6,50.6,50.6,345.0
2019-03-28 11:14:00,50.54,50.54,50.54,50.54,168.0
2019-03-28 11:16:00,50.6,50.6,50.6,50.6,102.0
2019-03-28 11:20:00,50.5,50.5,50.5,50.5,100.0
2019-03-28 11:21:00,50.48,50.48,50.48,50.48,256.0
2019-03-28 11:24:00,50.52,50.52,50.48,50.48,414.0
2019-03-28 11:26:00,50.515,50.515,50.515,50.515,100.0
2019-03-28 11:27:00,50.54,50.54,50.54,50.54,275.0
2019-03-28 11:29:00,50.49,50.49,50.49,50.49,173.0
2019-03-28 11:30:00,50.42,50.42,50.42,50.42,456.0
2019-03-28 11:33:00,50.46,50.46,50.46,50.46,479.0
2019-03-28 11:34:00,50.45,50.45,50.45,50.45,331.0
2019-03-28 11:35:00,50.49,50.49,50.49,50.49,237.0
2019-03-28 11:41:00,50.42,50.42,50.42,50.42,229.0
2019-03-28 11:46:00,50.35,50.35,50.35,50.35,245.0
2019-03-28 11:47:00,50.29,50.29,50.29,50.29,100.0
2019-03-28 11:48:00,50.325,50.325,50.325,50.325,505.0
2019-03-28 11:53:00,50.425,50.425,50.425,50.425,104.0
2019-03-28 11:56:00,50.44,50.44,50.44,50.44,200.0
2019-03-28 12:01:00,50.31,50.31,50.31,50.31,102.0
2019-03-28 12:04:00,50.35,50.35,50.35,50.35,367.0
2019-03-28 12:20:00,50.29,50.29,50.29,50.29,109.0
2019-03-28 12:21:00,50.29,50.29,50.29,50.29,100.0
2019-03-28 12:22:00,50.29,50.29,50.29,50.29,502.0
2019-03-28 12:23:00,50.35,50.35,50.35,50.35,363.0
2019-03-28 12:25:00,50.41,50.41,50.41,50.41,128.0
2019-03-28 12:30:00,50.41,50.41,50.41,50.41,200.0
2019-03-28 12:32:00,50.4699,50.4699,50.4699,50.4699,291.0
2019-03-28 12:34:00,50.43,50.43,50.43,50.43,100.0
2019-03-28 12:35:00,50.36,50.36,50.36,50.36,509.0
2019-03-28 12:37:00,50.39,50.39,50.39,50.39,105.0
2019-03-28 12:42:00,50.47,50.47,50.47,50.47,100.0
2019-03-28 12:44:00,50.47,50.47,50.47,50.47,249.0
2019-03-28 12:46:00,50.48,50.48,50.48,50.48,168.0
2019-03-28 12:49:00,50.5,50.5,50.5,50.5,100.0
2019-03-28 12:52:00,50.47,50.47,50.47,50.47,411.0
2019-03-28 13:02:00,50.52,50.52,50.52,50.52,331.0
2019-03-28 13:04:00,50.56,50.585,50.56,50.585,267.0
2019-03-28 13:07:00,50.55,50.55,50.55,50.55,367.0
2019-03-28 13:08:00,50.54,50.54,50.54,50.54,596.0
2019-03-28 13:13:00,50.63,50.63,50.63,50.63,189.0
2019-03-28 13:22:00,50.62,50.62,50.62,50.62,183.0
2019-03-28 13:31:00,50.68,50.68,50.68,50.68,100.0
2019-03-28 13:33:00,50.65,50.65,50.65,50.65,166.0
2019-03-28 13:36:00,50.63,50.63,50.63,50.63,609.0
2019-03-28 13:37:00,50.605,50.605,50.605,50.605,214.0
2019-03-28 13:40:00,50.5966,50.5966,50.5966,50.5966,581.0
2019-03-28 13:42:00,50.6,50.6,50.6,50.6,234.0
2019-03-28 13:43:00,50.565,50.565,50.565,50.565,300.0
2019-03-28 13:44:00,50.58,50.58,50.58,50.58,294.0
2019-03-28 13:45:00,50.59,50.59,50.59,50.59,402.0
2019-03-28 13:49:00,50.59,50.59,50.59,50.59,494.0
2019-03-28 13:53:00,50.64,50.64,50.64,50.64,120.0
2019-03-28 13:58:00,50.66,50.66,50.66,50.66,155.0
2019-03-28 14:02:00,50.62,50.62,50.62,50.62,123.0
2019-03-28 14:03:00,50.67,50.67,50.67,50.67,224.0
2019-03-28 14:04:00,50.73,50.73,50.73,50.73,309.0
2019-03-28 14:08:00,50.695,50.695,50.695,50.695,100.0
2019-03-28 14:10:00,50.69,50.69,50.69,50.69,518.0
2019-03-28 14:19:00,50.735,50.74,50.735,50.74,825.0
2019-03-28 14:21:00,50.69,50.69,50.69,50.69,106.0
2019-03-28 14:22:00,50.63,50.63,50.63,50.63,415.0
2019-03-28 14:24:00,50.65,50.705,50.65,50.705,640.0
2019-03-28 14:26:00,50.7345,50.7345,50.7345,50.7345,208.0
2019-03-28 14:35:00,50.615,50.615,50.615,50.615,109.0
2019-03-28 14:36:00,50.59,50.61,50.59,50.61,1116.0
2019-03-28 14:37:00,50.68,50.68,50.68,50.68,401.0
2019-03-28 14:39:00,50.74,50.74,50.74,50.74,411.0
2019-03-28 14:45:00,50.7482,50.7482,50.7482,50.7482,242.0
2019-03-28 14:46:00,50.625,50.625,50.61,50.61,848.0
2019-03-28 14:49:00,50.63,50.63,50.63,50.63,201.0
2019-03-28 14:53:00,50.62,50.62,50.62,50.62,205.0
2019-03-28 14:54:00,50.575,50.575,50.575,50.575,108.0
2019-03-28 14:56:00,50.55,50.55,50.55,50.55,419.0
2019-03-28 14:57:00,50.63,50.63,50.63,50.63,180.0
2019-03-28 14:58:00,50.63,50.63,50.63,50.63,298.0
2019-03-28 15:00:00,50.655,50.655,50.655,50.655,136.0
2019-03-28 15:03:00,50.71,50.71,50.71,50.71,322.0
2019-03-28 15:08:00,50.69,50.69,50.69,50.69,153.0
2019-03-28 15:12:00,50.69,50.69,50.69,50.69,458.0
2019-03-28 15:13:00,50.71,50.71,50.71,50.71,447.0
2019-03-28 15:16:00,50.73,50.73,50.73,50.73,209.0
2019-03-28 15:18:00,50.675,50.675,50.675,50.675,101.0
2019-03-28 15:19:00,50.69,50.69,50.69,50.69,215.0
2019-03-28 15:24:00,50.7,50.7,50.7,50.7,101.0
2019-03-28 15:25:00,50.7,50.7,50.7,50.7,463.0
2019-03-28 15:27:00,50.8,50.8,50.8,50.8,221.0
2019-03-28 15:29:00,50.76,50.76,50.76,50.76,268.0
2019-03-28 15:30:00,50.71,50.71,50.71,50.71,274.0
2019-03-28 15:31:00,50.65,50.65,50.65,50.65,511.0
2019-03-28 15:32:00,50.69,50.69,50.69,50.69,306.0
2019-03-28 15:34:00,50.69,50.69,50.69,50.69,102.0
2019-03-28 15:35:00,50.7,50.7,50.7,50.7,281.0
2019-03-28 15:36:00,50.73,50.73,50.73,50.73,115.0
2019-03-28 15:37:00,50.73,50.73,50.73,50.73,415.0
2019-03-28 15:38:00,50.72,50.75,50.72,50.75,650.0
2019-03-28 15:41:00,50.71,50.71,50.71,50.71,141.0
2019-03-28 15:44:00,50.74,50.74,50.74,50.74,695.0
2019-03-28 15:45:00,50.74,50.74,50.74,50.74,199.0
2019-03-28 15:46:00,50.77,50.77,50.77,50.77,300.0
2019-03-28 15:47:00,50.78,50.78,50.78,50.78,435.0
2019-03-28 15:48:00,50.7555,50.7555,50.7555,50.7555,317.0
2019-03-28 15:49:00,50.75,50.75,50.73,50.75,1075.0
2019-03-28 15:50:00,50.735,50.735,50.735,50.735,143.0
2019-03-28 15:51:00,50.735,50.735,50.73,50.73,466.0
2019-03-28 15:52:00,50.72,50.72,50.72,50.72,697.0
2019-03-28 15:55:00,50.74,50.74,50.74,50.74,896.0
2019-03-28 15:56:00,50.78,50.78,50.78,50.78,177.0
2019-03-28 15:57:00,50.8,50.8,50.8,50.8,144.0
2019-03-28 15:58:00,50.82,50.87,50.82,50.87,2053.0
2019-03-28 15:59:00,50.85,50.87,50.85,50.87,2891.0
2019-03-28 16:00:00,50.84,50.84,50.84,50.84,924.0
2019-03-29 09:31:00,51.17,51.17,51.17,51.17,1778.0
2019-03-29 09:40:00,51.13,51.13,51.13,51.13,348.0
2019-03-29 09:45:00,51.175,51.175,51.175,51.175,100.0
2019-03-29 09:48:00,51.23,51.23,51.23,51.23,617.0
2019-03-29 09:55:00,51.24,51.24,51.24,51.24,927.0
2019-03-29 09:57:00,51.3525,51.3525,51.3525,51.3525,300.0
2019-03-29 09:58:00,51.46,51.46,51.46,51.46,703.0
2019-03-29 10:01:00,51.32,51.32,51.32,51.32,209.0
2019-03-29 10:06:00,51.48,51.48,51.48,51.48,529.0
2019-03-29 10:12:00,51.52,51.52,51.52,51.52,200.0
2019-03-29 10:13:00,51.41,51.41,51.4,51.4,864.0
2019-03-29 10:25:00,51.13,51.13,51.13,51.13,323.0
2019-03-29 10:40:00,51.33,51.33,51.33,51.33,362.0
2019-03-29 10:41:00,51.34,51.34,51.29,51.29,563.0
2019-03-29 10:42:00,51.25,51.25,51.25,51.25,101.0
2019-03-29 10:45:00,51.2,51.2,51.16,51.16,200.0
2019-03-29 10:46:00,51.09,51.09,51.09,51.09,200.0
2019-03-29 10:47:00,51.08,51.08,51.08,51.08,500.0
2019-03-29 10:48:00,51.16,51.16,51.16,51.16,413.0
2019-03-29 10:49:00,51.23,51.2499,51.23,51.2499,428.0
2019-03-29 10:51:00,51.115,51.115,51.115,51.115,237.0
2019-03-29 11:04:00,51.075,51.075,51.075,51.075,100.0
2019-03-29 11:05:00,51.03,51.03,51.03,51.03,201.0
2019-03-29 11:08:00,51.09,51.09,51.09,51.09,208.0
2019-03-29 11:09:00,51.09,51.09,51.09,51.09,406.0
2019-03-29 11:11:00,51.01,51.01,51.01,51.01,175.0
2019-03-29 11:12:00,50.99,50.99,50.99,50.99,400.0
2019-03-29 11:14:00,50.9,50.9,50.9,50.9,100.0
2019-03-29 11:16:00,50.88,50.88,50.87,50.87,676.0
2019-03-29 11:20:00,50.89,50.89,50.89,50.89,2769.0
2019-03-29 11:23:00,50.93,50.93,50.93,50.93,100.0
2019-03-29 11:26:00,50.94,50.94,50.94,50.94,110.0
2019-03-29 11:27:00,50.96,50.97,50.96,50.97,516.0
2019-03-29 11:32:00,50.98,50.98,50.98,50.98,291.0
2019-03-29 11:33:00,50.95,50.95,50.95,50.95,781.0
2019-03-29 11:39:00,51.01,51.01,51.01,51.01,420.0
2019-03-29 11:45:00,51.0,51.0,51.0,51.0,509.0
2019-03-29 11:48:00,50.95,50.95,50.95,50.95,202.0
2019-03-29 11:50:00,50.93,50.93,50.93,50.93,378.0
2019-03-29 11:51:00,50.91,50.91,50.91,50.91,480.0
2019-03-29 11:52:00,50.87,50.87,50.87,50.87,300.0
2019-03-29 11:55:00,50.84,50.84,50.84,50.84,379.0
2019-03-29 11:56:00,50.86,50.86,50.86,50.86,428.0
2019-03-29 12:01:00,50.85,50.85,50.85,50.85,100.0
2019-03-29 12:03:00,50.81,50.81,50.81,50.81,200.0
2019-03-29 12:06:00,50.79,50.79,50.79,50.79,371.0
2019-03-29 12:07:00,50.75,50.75,50.75,50.75,200.0
2019-03-29 12:09:00,50.7,50.7,50.7,50.7,315.0
2019-03-29 12:10:00,50.71,50.71,50.71,50.71,225.0
2019-03-29 12:11:00,50.76,50.8,50.76,50.8,1489.0
2019-03-29 12:14:00,50.82,50.82,50.82,50.82,500.0
2019-03-29 12:15:00,50.75,50.75,50.75,50.75,600.0
2019-03-29 12:16:00,50.82,50.82,50.8,50.8,1108.0
2019-03-29 12:18:00,50.83,50.83,50.83,50.83,230.0
2019-03-29 12:19:00,50.87,50.87,50.87,50.87,200.0
2019-03-29 12:20:00,50.8,50.8,50.8,50.8,943.0
2019-03-29 12:25:00,50.94,50.94,50.94,50.94,901.0
2019-03-29 12:28:00,50.93,50.93,50.93,50.93,224.0
2019-03-29 12:29:00,50.97,51.01,50.97,51.01,875.0
2019-03-29 12:32:00,51.0,51.0,51.0,51.0,300.0
2019-03-29 12:35:00,50.98,50.98,50.98,50.98,267.0
2019-03-29 12:39:00,51.055,51.055,51.055,51.055,253.0
2019-03-29 12:42:00,51.025,51.025,51.025,51.025,200.0
2019-03-29 12:43:00,50.995,50.995,50.995,50.995,628.0
2019-03-29 12:47:00,50.98,50.98,50.98,50.98,1000.0
2019-03-29 12:48:00,51.0,51.0,51.0,51.0,878.0
2019-03-29 12:55:00,51.1,51.1,51.1,51.1,457.0
2019-03-29 13:00:00,51.135,51.135,51.135,51.135,127.0
2019-03-29 13:05:00,51.12,51.12,51.12,51.12,100.0
2019-03-29 13:06:00,51.11,51.11,51.11,51.11,300.0
2019-03-29 13:10:00,51.1,51.1,51.1,51.1,106.0
2019-03-29 13:14:00,51.12,51.12,51.12,51.12,100.0
2019-03-29 13:15:00,51.08,51.08,51.08,51.08,200.0
2019-03-29 13:18:00,51.03,51.03,51.03,51.03,414.0
2019-03-29 13:21:00,50.975,50.975,50.975,50.975,860.0
2019-03-29 13:22:00,51.02,51.02,51.02,51.02,306.0
2019-03-29 13:28:00,50.98,51.03,50.98,51.03,429.0
2019-03-29 13:30:00,51.09,51.09,51.09,51.09,119.0
2019-03-29 13:33:00,51.0,51.0,51.0,51.0,100.0
2019-03-29 13:35:00,51.08,51.08,51.08,51.08,452.0
2019-03-29 13:38:00,51.0,51.0,51.0,51.0,285.0
2019-03-29 13:44:00,51.1,51.1,51.1,51.1,105.0
2019-03-29 13:46:00,51.06,51.06,51.06,51.06,402.0
2019-03-29 13:47:00,51.0,51.0,51.0,51.0,1600.0
2019-03-29 13:48:00,51.0,51.07,51.0,51.07,1031.0
2019-03-29 13:57:00,51.05,51.05,51.05,51.05,164.0
2019-03-29 14:02:00,51.11,51.11,51.11,51.11,483.0
2019-03-29 14:07:00,51.14,51.14,51.14,51.14,364.0
2019-03-29 14:16:00,51.23,51.23,51.23,51.23,200.0
2019-03-29 14:19:00,51.2,51.2,51.2,51.2,112.0
2019-03-29 14:21:00,51.15,51.15,51.1,51.1,546.0
2019-03-29 14:28:00,51.11,51.11,51.11,51.11,311.0
2019-03-29 14:30:00,51.11,51.11,51.11,51.11,100.0
2019-03-29 14:31:00,51.11,51.11,51.11,51.11,220.0
2019-03-29 14:33:00,51.095,51.095,51.095,51.095,120.0
2019-03-29 14:38:00,51.095,51.095,51.095,51.095,105.0
2019-03-29 14:40:00,51.08,51.08,51.08,51.08,166.0
2019-03-29 14:41:00,51.04,51.04,51.04,51.04,600.0
2019-03-29 14:43:00,51.03,51.11,51.03,51.11,964.0
2019-03-29 14:50:00,51.09,51.09,51.09,51.09,344.0
2019-03-29 14:56:00,51.21,51.21,51.21,51.21,210.0
2019-03-29 14:58:00,51.21,51.21,51.21,51.21,100.0
2019-03-29 14:59:00,51.165,51.165,51.165,51.165,123.0
2019-03-29 15:01:00,51.1759,51.1759,51.1759,51.1759,225.0
2019-03-29 15:04:00,51.2,51.2,51.2,51.2,100.0
2019-03-29 15:06:00,51.17,51.17,51.17,51.17,158.0
2019-03-29 15:09:00,51.16,51.16,51.16,51.16,344.0
2019-03-29 15:12:00,51.12,51.16,51.12,51.16,200.0
2019-03-29 15:13:00,51.12,51.12,51.09,51.09,631.0
2019-03-29 15:17:00,51.1,51.1,51.1,51.1,457.0
2019-03-29 15:19:00,51.08,51.08,51.08,51.08,551.0
2019-03-29 15:23:00,51.01,51.01,51.01,51.01,400.0
2019-03-29 15:24:00,51.0,51.0,51.0,51.0,600.0
2019-03-29 15:25:00,51.0,51.0,51.0,51.0,103.0
2019-03-29 15:26:00,50.99,50.99,50.99,50.99,480.0
2019-03-29 15:28:00,51.04,51.05,51.04,51.05,619.0
2019-03-29 15:30:00,51.01,51.01,51.01,51.01,300.0
2019-03-29 15:31:00,51.0,51.0,51.0,51.0,619.0
2019-03-29 15:33:00,50.99,50.99,50.98,50.98,1750.0
2019-03-29 15:34:00,51.0,51.0,51.0,51.0,452.0
2019-03-29 15:39:00,51.05,51.05,51.05,51.05,119.0
2019-03-29 15:42:00,51.04,51.04,51.04,51.04,1042.0
2019-03-29 15:43:00,51.04,51.04,51.04,51.04,109.0
2019-03-29 15:44:00,51.05,51.07,51.05,51.07,1054.0
2019-03-29 15:45:00,51.09,51.1,51.09,51.1,838.0
2019-03-29 15:47:00,51.1,51.1,51.1,51.1,454.0
2019-03-29 15:49:00,51.07,51.07,51.07,51.07,437.0
2019-03-29 15:50:00,51.03,51.03,51.03,51.03,300.0
2019-03-29 15:51:00,50.97,50.97,50.97,50.97,705.0
2019-03-29 15:52:00,51.01,51.01,51.01,51.01,1000.0
2019-03-29 15:53:00,51.04,51.04,51.04,51.04,405.0
2019-03-29 15:54:00,51.02,51.02,51.02,51.02,885.0
2019-03-29 15:55:00,50.99,50.99,50.99,50.99,367.0
2019-03-29 15:56:00,51.1,51.1,51.1,51.1,2889.0
2019-03-29 15:57:00,51.1,51.1,51.08,51.08,1476.0
2019-03-29 15:58:00,51.04,51.04,51.04,51.04,2205.0
2019-03-29 15:59:00,51.07,51.07,51.07,51.07,2225.0
2019-03-29 16:00:00,51.03,51.03,51.0,51.0,2343.0
2019-04-01 09:31:00,51.49,51.49,51.49,51.49,928.0
2019-04-01 09:34:00,51.475,51.475,51.475,51.475,242.0
2019-04-01 09:38:00,51.54,51.54,51.54,51.54,212.0
2019-04-01 09:40:00,51.67,51.67,51.67,51.67,584.0
2019-04-01 09:43:00,51.83,51.83,51.83,51.83,409.0
2019-04-01 09:44:00,51.89,51.89,51.89,51.89,224.0
2019-04-01 09:48:00,51.88,51.88,51.88,51.88,569.0
2019-04-01 09:54:00,51.96,51.97,51.96,51.97,1251.0
2019-04-01 10:00:00,51.99,51.99,51.99,51.99,417.0
2019-04-01 10:01:00,52.06,52.06,52.06,52.06,945.0
2019-04-01 10:03:00,52.19,52.19,52.19,52.19,601.0
2019-04-01 10:06:00,52.4,52.4,52.4,52.4,401.0
2019-04-01 10:07:00,52.4,52.4,52.4,52.4,210.0
2019-04-01 10:10:00,52.2,52.2,52.2,52.2,899.0
2019-04-01 10:11:00,52.1893,52.1893,52.1893,52.1893,1895.0
2019-04-01 10:12:00,52.23,52.23,52.23,52.23,312.0
2019-04-01 10:16:00,52.2515,52.2515,52.2515,52.2515,200.0
2019-04-01 10:18:00,52.28,52.28,52.28,52.28,600.0
2019-04-01 10:21:00,52.44,52.44,52.44,52.44,445.0
2019-04-01 10:22:00,52.37,52.37,52.37,52.37,211.0
2019-04-01 10:24:00,52.47,52.47,52.47,52.47,285.0
2019-04-01 10:27:00,52.46,52.46,52.46,52.46,130.0
2019-04-01 10:29:00,52.37,52.37,52.36,52.36,713.0
2019-04-01 10:34:00,52.31,52.31,52.31,52.31,182.0
2019-04-01 10:37:00,52.19,52.19,52.19,52.19,317.0
2019-04-01 10:39:00,52.2281,52.2281,52.2281,52.2281,1000.0
2019-04-01 10:40:00,52.29,52.29,52.29,52.29,427.0
2019-04-01 10:43:00,52.33,52.33,52.33,52.33,505.0
2019-04-01 10:45:00,52.23,52.23,52.23,52.23,542.0
2019-04-01 10:48:00,52.28,52.28,52.28,52.28,426.0
2019-04-01 10:50:00,52.25,52.25,52.25,52.25,127.0
2019-04-01 10:51:00,52.2,52.2,52.2,52.2,529.0
2019-04-01 10:52:00,52.1,52.1,52.1,52.1,101.0
2019-04-01 10:58:00,52.125,52.125,52.125,52.125,108.0
2019-04-01 11:01:00,52.16,52.16,52.16,52.16,417.0
2019-04-01 11:07:00,52.1,52.1,52.1,52.1,245.0
2019-04-01 11:12:00,51.985,51.985,51.985,51.985,326.0
2019-04-01 11:29:00,51.91,51.91,51.91,51.91,1252.0
2019-04-01 11:32:00,51.85,51.85,51.85,51.85,701.0
2019-04-01 11:33:00,51.79,51.79,51.79,51.79,419.0
2019-04-01 11:45:00,51.67,51.67,51.67,51.67,531.0
2019-04-01 11:48:00,51.71,51.71,51.71,51.71,351.0
2019-04-01 11:55:00,51.87,51.87,51.87,51.87,114.0
2019-04-01 12:07:00,51.79,51.8,51.79,51.8,788.0
2019-04-01 12:11:00,51.83,51.83,51.83,51.83,394.0
2019-04-01 12:12:00,51.87,51.87,51.87,51.87,408.0
2019-04-01 12:15:00,51.84,51.84,51.84,51.84,188.0
2019-04-01 12:16:00,51.88,51.88,51.88,51.88,346.0
2019-04-01 12:25:00,51.92,51.92,51.92,51.92,253.0
2019-04-01 12:27:00,51.92,51.92,51.92,51.92,205.0
2019-04-01 12:29:00,51.83,51.83,51.83,51.83,324.0
2019-04-01 12:42:00,51.9011,51.9011,51.9011,51.9011,712.0
2019-04-01 12:52:00,51.9,51.9,51.9,51.9,605.0
2019-04-01 12:54:00,51.89,51.89,51.89,51.89,162.0
2019-04-01 13:00:00,51.92,51.92,51.92,51.92,151.0
2019-04-01 13:04:00,51.98,51.98,51.98,51.98,306.0
2019-04-01 13:06:00,51.915,51.915,51.915,51.915,469.0
2019-04-01 13:08:00,51.9228,51.9228,51.9228,51.9228,169.0
2019-04-01 13:09:00,51.95,51.95,51.95,51.95,329.0
2019-04-01 13:12:00,51.89,51.89,51.89,51.89,353.0
2019-04-01 13:15:00,51.9,51.9,51.9,51.9,421.0
2019-04-01 13:19:00,51.92,51.92,51.92,51.92,100.0
2019-04-01 13:20:00,51.82,51.82,51.82,51.82,205.0
2019-04-01 13:22:00,51.79,51.79,51.79,51.79,561.0
2019-04-01 13:28:00,51.84,51.84,51.84,51.84,127.0
2019-04-01 13:34:00,51.7,51.7,51.7,51.7,383.0
2019-04-01 13:35:00,51.64,51.64,51.64,51.64,204.0
2019-04-01 13:39:00,51.68,51.68,51.68,51.68,336.0
2019-04-01 13:43:00,51.64,51.64,51.64,51.64,423.0
2019-04-01 13:44:00,51.67,51.67,51.67,51.67,471.0
2019-04-01 13:52:00,51.71,51.71,51.71,51.71,559.0
2019-04-01 13:53:00,51.71,51.71,51.71,51.71,588.0
2019-04-01 13:55:00,51.73,51.73,51.73,51.73,740.0
2019-04-01 14:00:00,51.71,51.71,51.71,51.71,171.0
2019-04-01 14:03:00,51.78,51.78,51.78,51.78,612.0
2019-04-01 14:07:00,51.77,51.77,51.77,51.77,365.0
2019-04-01 14:15:00,51.71,51.71,51.71,51.71,321.0
2019-04-01 14:20:00,51.73,51.73,51.73,51.73,613.0
2019-04-01 14:21:00,51.7799,51.7799,51.7799,51.7799,514.0
2019-04-01 14:23:00,51.68,51.68,51.68,51.68,102.0
2019-04-01 14:24:00,51.67,51.67,51.67,51.67,373.0
2019-04-01 14:26:00,51.65,51.7234,51.65,51.7234,448.0
2019-04-01 14:29:00,51.69,51.69,51.69,51.69,403.0
2019-04-01 14:31:00,51.71,51.71,51.71,51.71,101.0
2019-04-01 14:33:00,51.6851,51.73,51.6851,51.73,462.0
2019-04-01 14:36:00,51.75,51.75,51.75,51.75,614.0
2019-04-01 14:42:00,51.7919,51.7919,51.7919,51.7919,455.0
2019-04-01 14:45:00,51.74,51.74,51.74,51.74,211.0
2019-04-01 14:46:00,51.74,51.74,51.74,51.74,303.0
2019-04-01 14:50:00,51.7,51.7,51.7,51.7,300.0
2019-04-01 14:51:00,51.7,51.7,51.7,51.7,543.0
2019-04-01 14:54:00,51.72,51.72,51.72,51.72,102.0
2019-04-01 14:55:00,51.7,51.7,51.7,51.7,135.0
2019-04-01 14:58:00,51.73,51.73,51.73,51.73,594.0
2019-04-01 15:00:00,51.72,51.72,51.72,51.72,229.0
2019-04-01 15:02:00,51.61,51.61,51.61,51.61,303.0
2019-04-01 15:04:00,51.69,51.69,51.69,51.69,274.0
2019-04-01 15:06:00,51.67,51.67,51.67,51.67,512.0
2019-04-01 15:09:00,51.71,51.71,51.71,51.71,200.0
2019-04-01 15:10:00,51.71,51.71,51.71,51.71,225.0
2019-04-01 15:11:00,51.71,51.71,51.71,51.71,121.0
2019-04-01 15:12:00,51.71,51.71,51.71,51.71,495.0
2019-04-01 15:13:00,51.74,51.74,51.74,51.74,108.0
2019-04-01 15:15:00,51.75,51.75,51.75,51.75,121.0
2019-04-01 15:17:00,51.76,51.76,51.76,51.76,425.0
2019-04-01 15:20:00,51.785,51.785,51.785,51.785,323.0
2019-04-01 15:25:00,51.81,51.81,51.81,51.81,314.0
2019-04-01 15:27:00,51.835,51.835,51.835,51.835,488.0
2019-04-01 15:30:00,51.83,51.83,51.81,51.81,981.0
2019-04-01 15:33:00,51.81,51.81,51.81,51.81,665.0
2019-04-01 15:35:00,51.73,51.73,51.73,51.73,683.0
2019-04-01 15:37:00,51.74,51.74,51.74,51.74,592.0
2019-04-01 15:40:00,51.69,51.69,51.69,51.69,187.0
2019-04-01 15:42:00,51.73,51.73,51.73,51.73,1047.0
2019-04-01 15:44:00,51.73,51.73,51.73,51.73,446.0
2019-04-01 15:45:00,51.75,51.75,51.75,51.75,604.0
2019-04-01 15:47:00,51.75,51.75,51.75,51.75,510.0
2019-04-01 15:48:00,51.76,51.76,51.76,51.76,341.0
2019-04-01 15:49:00,51.75,51.75,51.75,51.75,733.0
2019-04-01 15:50:00,51.75,51.75,51.75,51.75,519.0
2019-04-01 15:51:00,51.74,51.74,51.74,51.74,778.0
2019-04-01 15:52:00,51.78,51.78,51.78,51.78,785.0
2019-04-01 15:53:00,51.83,51.83,51.83,51.83,1048.0
2019-04-01 15:54:00,51.86,51.86,51.86,51.86,567.0
2019-04-01 15:55:00,51.89,51.89,51.89,51.89,309.0
2019-04-01 15:56:00,51.84,51.84,51.82,51.82,5072.0
2019-04-01 15:57:00,51.82,51.84,51.82,51.84,2102.0
2019-04-01 15:59:00,51.82,51.84,51.82,51.84,1778.0
2019-04-01 16:00:00,51.84,51.84,51.83,51.83,1950.0
2019-04-02 09:36:00,51.55,51.55,51.5,51.5,1155.0
2019-04-02 09:45:00,51.67,51.71,51.09,51.7,1478.0
2019-04-02 09:49:00,51.625,51.625,51.625,51.625,125.0
2019-04-02 09:50:00,51.41,51.45,51.4,51.45,849.0
2019-04-02 09:52:00,51.53,51.53,51.53,51.53,113.0
2019-04-02 10:00:00,51.68,51.68,51.68,51.68,554.0
2019-04-02 10:04:00,51.63,51.63,51.63,51.63,105.0
2019-04-02 10:24:00,51.56,51.56,51.53,51.53,700.0
2019-04-02 10:28:00,51.58,51.59,51.58,51.59,986.0
2019-04-02 10:37:00,51.57,51.57,51.57,51.57,160.0
2019-04-02 10:43:00,51.45,51.45,51.45,51.45,100.0
2019-04-02 10:44:00,51.52,51.53,51.51,51.51,429.0
2019-04-02 10:46:00,51.48,51.49,51.48,51.49,200.0
2019-04-02 10:49:00,51.48,51.48,51.48,51.48,167.0
2019-04-02 10:53:00,51.56,51.56,51.56,51.56,342.0
2019-04-02 10:55:00,51.55,51.56,51.55,51.56,302.0
2019-04-02 10:56:00,51.52,51.52,51.52,51.52,100.0
2019-04-02 10:57:00,51.56,51.56,51.56,51.56,225.0
2019-04-02 10:58:00,51.51,51.51,51.51,51.51,100.0
2019-04-02 11:01:00,51.45,51.45,51.35,51.35,583.0
2019-04-02 11:03:00,51.35,51.35,51.35,51.35,118.0
2019-04-02 11:10:00,51.29,51.29,51.26,51.26,416.0
2019-04-02 11:11:00,51.23,51.23,51.23,51.23,100.0
2019-04-02 11:13:00,51.21,51.21,51.21,51.21,379.0
2019-04-02 11:14:00,51.27,51.28,51.24,51.24,335.0
2019-04-02 11:15:00,51.3267,51.3267,51.3267,51.3267,166.0
2019-04-02 11:18:00,51.27,51.27,51.27,51.27,296.0
2019-04-02 11:22:00,51.38,51.38,51.38,51.38,105.0
2019-04-02 11:23:00,51.45,51.45,51.45,51.45,103.0
2019-04-02 11:30:00,51.52,51.52,51.52,51.52,250.0
2019-04-02 11:37:00,51.39,51.39,51.38,51.38,1048.0
2019-04-02 11:47:00,51.41,51.42,51.41,51.42,600.0
2019-04-02 11:51:00,51.5,51.5,51.5,51.5,440.0
2019-04-02 11:57:00,51.46,51.46,51.43,51.43,1176.0
2019-04-02 12:07:00,51.42,51.42,51.42,51.42,155.0
2019-04-02 12:14:00,51.42,51.42,51.42,51.42,173.0
2019-04-02 12:18:00,51.4,51.4,51.4,51.4,310.0
2019-04-02 12:23:00,51.34,51.34,51.25,51.25,1012.0
2019-04-02 12:25:00,51.23,51.29,51.21,51.21,2226.0
2019-04-02 12:26:00,51.26,51.26,51.26,51.26,105.0
2019-04-02 12:29:00,51.34,51.34,51.22,51.22,735.0
2019-04-02 12:33:00,51.33,51.33,51.33,51.33,100.0
2019-04-02 12:35:00,51.37,51.37,51.37,51.37,125.0
2019-04-02 12:37:00,51.33,51.33,51.33,51.33,100.0
2019-04-02 12:38:00,51.3,51.3,51.3,51.3,395.0
2019-04-02 12:44:00,51.31,51.31,51.31,51.31,144.0
2019-04-02 12:46:00,51.31,51.31,51.23,51.23,553.0
2019-04-02 12:47:00,51.23,51.23,51.23,51.23,168.0
2019-04-02 12:51:00,51.34,51.34,51.34,51.34,160.0
2019-04-02 12:55:00,51.24,51.2565,51.24,51.2565,851.0
2019-04-02 13:07:00,51.26,51.26,51.26,51.26,128.0
2019-04-02 13:09:00,51.32,51.32,51.32,51.32,430.0
2019-04-02 13:12:00,51.33,51.33,51.32,51.32,423.0
2019-04-02 13:20:00,51.31,51.31,51.31,51.31,725.0
2019-04-02 13:23:00,51.265,51.265,51.265,51.265,244.0
2019-04-02 13:32:00,51.26,51.26,51.21,51.21,586.0
2019-04-02 13:34:00,51.22,51.22,51.22,51.22,100.0
2019-04-02 13:35:00,51.24,51.24,51.24,51.24,422.0
2019-04-02 13:38:00,51.29,51.29,51.27,51.27,200.0
2019-04-02 13:39:00,51.27,51.27,51.26,51.26,289.0
2019-04-02 13:47:00,51.24,51.24,51.24,51.24,244.0
2019-04-02 13:48:00,51.26,51.26,51.26,51.26,218.0
2019-04-02 13:55:00,51.24,51.24,51.24,51.24,318.0
2019-04-02 13:59:00,51.26,51.26,51.26,51.26,203.0
2019-04-02 14:14:00,51.32,51.32,51.32,51.32,1718.0
2019-04-02 14:16:00,51.265,51.265,51.265,51.265,290.0
2019-04-02 14:32:00,51.32,51.32,51.31,51.31,1171.0
2019-04-02 14:33:00,51.24,51.24,51.24,51.24,138.0
2019-04-02 14:41:00,51.26,51.26,51.26,51.26,144.0
2019-04-02 14:45:00,51.29,51.3,51.29,51.3,798.0
2019-04-02 14:49:00,51.33,51.33,51.32,51.33,574.0
2019-04-02 14:52:00,51.265,51.265,51.26,51.265,755.0
2019-04-02 14:53:00,51.25,51.25,51.25,51.25,241.0
2019-04-02 15:00:00,51.28,51.28,51.28,51.28,575.0
2019-04-02 15:02:00,51.2909,51.2909,51.2909,51.2909,100.0
2019-04-02 15:03:00,51.3197,51.3197,51.3197,51.3197,142.0
2019-04-02 15:13:00,51.27,51.27,51.27,51.27,273.0
2019-04-02 15:19:00,51.35,51.35,51.35,51.35,361.0
2019-04-02 15:21:00,51.37,51.37,51.355,51.355,351.0
2019-04-02 15:24:00,51.33,51.33,51.33,51.33,233.0
2019-04-02 15:28:00,51.35,51.365,51.35,51.365,451.0
2019-04-02 15:34:00,51.39,51.39,51.39,51.39,114.0
2019-04-02 15:36:00,51.38,51.38,51.35,51.35,1328.0
2019-04-02 15:37:00,51.355,51.355,51.341,51.341,395.0
2019-04-02 15:38:00,51.37,51.38,51.37,51.38,468.0
2019-04-02 15:40:00,51.42,51.42,51.42,51.42,173.0
2019-04-02 15:41:00,51.39,51.39,51.39,51.39,319.0
2019-04-02 15:42:00,51.39,51.39,51.39,51.39,110.0
2019-04-02 15:45:00,51.37,51.37,51.36,51.36,627.0
2019-04-02 15:46:00,51.36,51.36,51.32,51.36,2045.0
2019-04-02 15:51:00,51.42,51.42,51.42,51.42,105.0
2019-04-02 15:52:00,51.44,51.44,51.41,51.41,406.0
2019-04-02 15:53:00,51.4,51.44,51.4,51.44,488.0
2019-04-02 15:54:00,51.42,51.42,51.41,51.41,683.0
2019-04-02 15:56:00,51.43,51.49,51.41,51.49,2950.0
2019-04-02 15:57:00,51.48,51.49,51.48,51.48,1251.0
2019-04-02 15:58:00,51.48,51.49,51.48,51.48,732.0
2019-04-02 15:59:00,51.49,51.49,51.48,51.49,1240.0
2019-04-02 16:00:00,51.49,51.49,51.39,51.39,2548.0
2019-04-03 09:31:00,51.55,51.55,51.55,51.55,0.0
2019-04-03 09:36:00,51.75,51.82,51.75,51.82,208.0
2019-04-03 09:37:00,51.67,51.75,51.66,51.75,560.0
2019-04-03 09:38:00,51.7,51.7,51.43,51.595,3100.0
2019-04-03 09:40:00,51.53,51.61,51.53,51.57,1588.0
2019-04-03 09:41:00,51.57,51.57,51.57,51.57,160.0
2019-04-03 09:43:00,51.62,51.62,51.62,51.62,158.0
2019-04-03 09:44:00,51.62,51.75,51.62,51.75,1780.0
2019-04-03 09:46:00,51.82,51.83,51.82,51.83,300.0
2019-04-03 09:47:00,51.9,51.9,51.9,51.9,600.0
2019-04-03 09:49:00,51.87,51.87,51.87,51.87,100.0
2019-04-03 09:50:00,51.8,51.8,51.76,51.76,511.0
2019-04-03 09:53:00,51.85,51.85,51.84,51.84,200.0
2019-04-03 09:54:00,51.89,51.89,51.88,51.89,400.0
2019-04-03 10:01:00,51.65,51.65,51.64,51.64,1046.0
2019-04-03 10:03:00,51.68,51.68,51.68,51.68,100.0
2019-04-03 10:04:00,51.68,51.68,51.68,51.68,201.0
2019-04-03 10:05:00,51.64,51.64,51.62,51.62,371.0
2019-04-03 10:07:00,51.54,51.54,51.53,51.53,800.0
2019-04-03 10:08:00,51.46,51.47,51.46,51.47,383.0
2019-04-03 10:11:00,51.55,51.56,51.55,51.56,334.0
2019-04-03 10:14:00,51.52,51.52,51.52,51.52,308.0
2019-04-03 10:17:00,51.52,51.53,51.52,51.53,434.0
2019-04-03 10:18:00,51.6,51.62,51.6,51.62,200.0
2019-04-03 10:24:00,51.57,51.57,51.52,51.52,785.0
2019-04-03 10:27:00,51.54,51.54,51.54,51.54,100.0
2019-04-03 10:28:00,51.45,51.45,51.45,51.45,500.0
2019-04-03 10:30:00,51.52,51.52,51.48,51.48,1100.0
2019-04-03 10:40:00,51.65,51.65,51.63,51.65,616.0
2019-04-03 10:45:00,51.6,51.6,51.6,51.6,743.0
2019-04-03 10:51:00,51.49,51.49,51.46,51.46,760.0
2019-04-03 10:53:00,51.58,51.58,51.58,51.58,200.0
2019-04-03 10:56:00,51.6039,51.6039,51.6039,51.6039,473.0
2019-04-03 11:03:00,51.72,51.72,51.72,51.72,107.0
2019-04-03 11:08:00,51.69,51.69,51.67,51.67,551.0
2019-04-03 11:09:00,51.6,51.6,51.6,51.6,100.0
2019-04-03 11:10:00,51.65,51.65,51.65,51.65,100.0
2019-04-03 11:12:00,51.6,51.6,51.6,51.6,294.0
2019-04-03 11:14:00,51.45,51.45,51.45,51.45,123.0
2019-04-03 11:15:00,51.53,51.55,51.53,51.55,531.0
2019-04-03 11:18:00,51.46,51.46,51.44,51.44,300.0
2019-04-03 11:19:00,51.47,51.47,51.47,51.47,320.0
2019-04-03 11:29:00,51.42,51.4484,51.42,51.4484,1111.0
2019-04-03 11:30:00,51.45,51.45,51.45,51.45,220.0
2019-04-03 11:34:00,51.42,51.42,51.42,51.42,109.0
2019-04-03 11:39:00,51.49,51.51,51.49,51.5,1511.0
2019-04-03 11:40:00,51.51,51.54,51.51,51.54,988.0
2019-04-03 11:42:00,51.49,51.49,51.49,51.49,153.0
2019-04-03 11:43:00,51.48,51.48,51.47,51.48,1223.0
2019-04-03 11:46:00,51.47,51.47,51.47,51.47,106.0
2019-04-03 11:48:00,51.45,51.45,51.415,51.415,500.0
2019-04-03 11:50:00,51.45,51.45,51.45,51.45,159.0
2019-04-03 11:51:00,51.455,51.455,51.455,51.455,412.0
2019-04-03 11:54:00,51.59,51.59,51.59,51.59,100.0
2019-04-03 11:56:00,51.51,51.51,51.51,51.51,296.0
2019-04-03 12:03:00,51.55,51.55,51.55,51.55,200.0
2019-04-03 12:04:00,51.6,51.61,51.56,51.61,637.0
2019-04-03 12:06:00,51.66,51.66,51.66,51.66,110.0
2019-04-03 12:14:00,51.7,51.7,51.65,51.65,943.0
2019-04-03 12:29:00,51.59,51.59,51.59,51.59,724.0
2019-04-03 12:36:00,51.6,51.6,51.6,51.6,239.0
2019-04-03 12:37:00,51.55,51.55,51.47,51.47,1262.0
2019-04-03 12:39:00,51.53,51.53,51.53,51.53,149.0
2019-04-03 12:43:00,51.57,51.57,51.515,51.515,401.0
2019-04-03 12:51:00,51.49,51.49,51.49,51.49,105.0
2019-04-03 12:54:00,51.51,51.51,51.51,51.51,108.0
2019-04-03 12:57:00,51.46,51.47,51.46,51.47,1049.0
2019-04-03 12:58:00,51.51,51.53,51.51,51.53,269.0
2019-04-03 13:00:00,51.58,51.58,51.51,51.51,306.0
2019-04-03 13:01:00,51.54,51.54,51.51,51.51,321.0
2019-04-03 13:12:00,51.53,51.53,51.53,51.53,568.0
2019-04-03 13:15:00,51.49,51.52,51.49,51.52,532.0
2019-04-03 13:19:00,51.48,51.48,51.48,51.48,210.0
2019-04-03 13:22:00,51.5,51.5,51.5,51.5,300.0
2019-04-03 13:23:00,51.5,51.55,51.5,51.55,886.0
2019-04-03 13:27:00,51.51,51.51,51.51,51.51,100.0
2019-04-03 13:28:00,51.52,51.55,51.52,51.55,200.0
2019-04-03 13:29:00,51.54,51.54,51.54,51.54,156.0
2019-04-03 13:32:00,51.48,51.48,51.48,51.48,284.0
2019-04-03 13:38:00,51.49,51.52,51.49,51.52,506.0
2019-04-03 13:41:00,51.49,51.49,51.46,51.46,200.0
2019-04-03 13:42:00,51.44,51.44,51.42,51.42,208.0
2019-04-03 13:44:00,51.39,51.4,51.39,51.4,420.0
2019-04-03 13:46:00,51.45,51.45,51.45,51.45,514.0
2019-04-03 13:47:00,51.45,51.45,51.45,51.45,400.0
2019-04-03 13:49:00,51.445,51.445,51.445,51.445,500.0
2019-04-03 13:50:00,51.445,51.445,51.445,51.445,514.0
2019-04-03 13:51:00,51.42,51.42,51.41,51.41,400.0
2019-04-03 13:52:00,51.34,51.34,51.33,51.33,227.0
2019-04-03 13:53:00,51.375,51.4,51.34,51.34,880.0
2019-04-03 13:59:00,51.4,51.4,51.4,51.4,101.0
2019-04-03 14:00:00,51.33,51.33,51.23,51.31,937.0
2019-04-03 14:01:00,51.22,51.22,51.22,51.22,206.0
2019-04-03 14:04:00,51.21,51.21,51.21,51.21,290.0
2019-04-03 14:06:00,51.24,51.29,51.24,51.29,738.0
2019-04-03 14:07:00,51.265,51.265,51.265,51.265,100.0
2019-04-03 14:09:00,51.29,51.29,51.29,51.29,126.0
2019-04-03 14:15:00,51.33,51.33,51.33,51.33,200.0
2019-04-03 14:17:00,51.33,51.33,51.33,51.33,115.0
2019-04-03 14:18:00,51.31,51.31,51.31,51.31,250.0
2019-04-03 14:20:00,51.31,51.31,51.31,51.31,294.0
2019-04-03 14:21:00,51.34,51.34,51.34,51.34,114.0
2019-04-03 14:25:00,51.37,51.4,51.37,51.4,217.0
2019-04-03 14:26:00,51.4,51.42,51.4,51.42,717.0
2019-04-03 14:30:00,51.395,51.395,51.395,51.395,245.0
2019-04-03 14:31:00,51.38,51.38,51.34,51.34,942.0
2019-04-03 14:33:00,51.34,51.34,51.34,51.34,110.0
2019-04-03 14:36:00,51.33,51.33,51.3,51.3,602.0
2019-04-03 14:37:00,51.34,51.34,51.34,51.34,107.0
2019-04-03 14:40:00,51.265,51.35,51.265,51.35,1194.0
2019-04-03 14:41:00,51.29,51.29,51.27,51.27,300.0
2019-04-03 14:42:00,51.32,51.33,51.32,51.33,241.0
2019-04-03 14:43:00,51.3,51.3,51.3,51.3,408.0
2019-04-03 14:44:00,51.255,51.255,51.21,51.24,1312.0
2019-04-03 14:47:00,51.29,51.29,51.29,51.29,188.0
2019-04-03 14:52:00,51.31,51.31,51.31,51.31,413.0
2019-04-03 14:57:00,51.39,51.39,51.36,51.38,303.0
2019-04-03 14:59:00,51.4,51.4,51.4,51.4,150.0
2019-04-03 15:01:00,51.36,51.4,51.36,51.4,927.0
2019-04-03 15:04:00,51.41,51.41,51.41,51.41,516.0
2019-04-03 15:09:00,51.38,51.38,51.38,51.38,913.0
2019-04-03 15:10:00,51.39,51.39,51.39,51.39,301.0
2019-04-03 15:11:00,51.35,51.35,51.35,51.35,392.0
2019-04-03 15:13:00,51.31,51.31,51.31,51.31,100.0
2019-04-03 15:14:00,51.33,51.35,51.33,51.35,360.0
2019-04-03 15:15:00,51.34,51.34,51.34,51.34,280.0
2019-04-03 15:16:00,51.31,51.31,51.31,51.31,100.0
2019-04-03 15:17:00,51.3509,51.3509,51.3509,51.3509,1025.0
2019-04-03 15:18:00,51.32,51.32,51.32,51.32,553.0
2019-04-03 15:21:00,51.27,51.27,51.24,51.24,652.0
2019-04-03 15:22:00,51.23,51.2502,51.23,51.2502,448.0
2019-04-03 15:23:00,51.23,51.24,51.23,51.24,476.0
2019-04-03 15:24:00,51.22,51.22,51.22,51.22,105.0
2019-04-03 15:25:00,51.262,51.262,51.262,51.262,171.0
2019-04-03 15:26:00,51.28,51.31,51.28,51.31,410.0
2019-04-03 15:27:00,51.3149,51.3149,51.3149,51.3149,536.0
2019-04-03 15:31:00,51.335,51.335,51.29,51.31,1265.0
2019-04-03 15:35:00,51.31,51.31,51.31,51.31,220.0
2019-04-03 15:37:00,51.34,51.34,51.34,51.34,255.0
2019-04-03 15:39:00,51.36,51.36,51.36,51.36,110.0
2019-04-03 15:40:00,51.385,51.385,51.36,51.36,338.0
2019-04-03 15:42:00,51.39,51.39,51.39,51.39,209.0
2019-04-03 15:43:00,51.39,51.39,51.39,51.39,371.0
2019-04-03 15:44:00,51.41,51.43,51.41,51.43,301.0
2019-04-03 15:45:00,51.42,51.42,51.41,51.41,447.0
2019-04-03 15:46:00,51.43,51.43,51.43,51.43,490.0
2019-04-03 15:47:00,51.41,51.42,51.38,51.4,2117.0
2019-04-03 15:48:00,51.36,51.36,51.35,51.35,211.0
2019-04-03 15:49:00,51.34,51.34,51.34,51.34,100.0
2019-04-03 15:50:00,51.33,51.37,51.33,51.37,879.0
2019-04-03 15:52:00,51.39,51.39,51.39,51.39,464.0
2019-04-03 15:53:00,51.4,51.41,51.39,51.41,905.0
2019-04-03 15:54:00,51.43,51.44,51.41,51.42,1309.0
2019-04-03 15:55:00,51.425,51.425,51.41,51.41,311.0
2019-04-03 15:56:00,51.46,51.52,51.43,51.47,7163.0
2019-04-03 15:57:00,51.46,51.49,51.46,51.47,1174.0
2019-04-03 15:58:00,51.49,51.49,51.45,51.46,2246.0
2019-04-03 15:59:00,51.47,51.47,51.46,51.46,659.0
2019-04-03 16:00:00,51.47,51.47,51.4,51.4,2535.0
