
2019-03-19 09:32:00,8.9,8.9,8.9,8.9,0.0
2019-03-19 09:55:00,8.9129,8.9129,8.9129,8.9129,245.0
2019-03-19 10:00:00,8.911,8.911,8.911,8.911,206.0
2019-03-19 10:07:00,8.9133,8.9133,8.9133,8.9133,194.0
2019-03-19 10:12:00,8.92,8.9234,8.92,8.9234,1400.0
2019-03-19 10:17:00,8.92,8.9237,8.92,8.92,5462.0
2019-03-19 11:16:00,8.9,8.9,8.89,8.89,3061.0
2019-03-19 11:17:00,8.88,8.8847,8.88,8.881,10112.0
2019-03-19 11:27:00,8.88,8.8839,8.88,8.8839,855.0
2019-03-19 12:08:00,8.89,8.9,8.89,8.9,500.0
2019-03-19 12:09:00,8.91,8.91,8.91,8.91,300.0
2019-03-19 12:10:00,8.91,8.92,8.91,8.92,1400.0
2019-03-19 12:11:00,8.92,8.92,8.92,8.92,300.0
2019-03-19 12:12:00,8.92,8.92,8.92,8.92,200.0
2019-03-19 12:13:00,8.92,8.92,8.92,8.92,600.0
2019-03-19 12:14:00,8.92,8.92,8.92,8.92,100.0
2019-03-19 12:15:00,8.92,8.92,8.92,8.92,100.0
2019-03-19 12:16:00,8.92,8.92,8.92,8.92,400.0
2019-03-19 12:17:00,8.92,8.92,8.92,8.92,300.0
2019-03-19 12:18:00,8.92,8.92,8.92,8.92,500.0
2019-03-19 12:19:00,8.92,8.92,8.92,8.92,200.0
2019-03-19 12:20:00,8.92,8.92,8.92,8.92,300.0
2019-03-19 12:21:00,8.93,8.93,8.93,8.93,630.0
2019-03-19 12:27:00,8.93,8.93,8.9136,8.9136,4958.0
2019-03-19 12:29:00,8.891,8.8948,8.891,8.8948,2500.0
2019-03-19 12:33:00,8.92,8.92,8.92,8.92,100.0
2019-03-19 12:34:00,8.905,8.905,8.905,8.905,386.0
2019-03-19 12:38:00,8.92,8.92,8.92,8.92,194.0
2019-03-19 12:44:00,8.9,8.9,8.9,8.9,2240.0
2019-03-19 12:55:00,8.9092,8.9092,8.9092,8.9092,1500.0
2019-03-19 12:57:00,8.8997,8.8997,8.8997,8.8997,200.0
2019-03-19 13:26:00,8.9199,8.9199,8.9199,8.9199,547.0
2019-03-19 13:29:00,8.91,8.91,8.91,8.91,500.0
2019-03-19 14:05:00,8.8901,8.8901,8.8901,8.8901,1000.0
2019-03-19 14:19:00,8.8957,8.8957,8.89,8.8957,3932.0
2019-03-19 14:20:00,8.8967,8.8967,8.8967,8.8967,527.0
2019-03-19 14:31:00,8.89,8.89,8.89,8.89,100.0
2019-03-19 14:33:00,8.89,8.89,8.89,8.89,2106.0
2019-03-19 14:34:00,8.89,8.89,8.89,8.89,100.0
2019-03-19 14:36:00,8.89,8.89,8.89,8.89,100.0
2019-03-19 14:39:00,8.89,8.8901,8.88,8.89,2900.0
2019-03-19 14:42:00,8.9,8.9,8.9,8.9,100.0
2019-03-19 14:43:00,8.88,8.88,8.88,8.88,100.0
2019-03-19 14:44:00,8.88,8.88,8.88,8.88,100.0
2019-03-19 14:46:00,8.89,8.9,8.88,8.88,616.0
2019-03-19 14:50:00,8.88,8.88,8.88,8.88,100.0
2019-03-19 14:52:00,8.88,8.88,8.88,8.88,116.0
2019-03-19 14:53:00,8.88,8.88,8.88,8.88,100.0
2019-03-19 14:54:00,8.9,8.9,8.9,8.9,100.0
2019-03-19 14:58:00,8.88,8.88,8.88,8.88,105.0
2019-03-19 15:02:00,8.88,8.88,8.88,8.88,100.0
2019-03-19 15:04:00,8.88,8.89,8.88,8.885,2952.0
2019-03-19 15:06:00,8.88,8.88,8.88,8.88,100.0
2019-03-19 15:07:00,8.89,8.89,8.89,8.89,2048.0
2019-03-19 15:12:00,8.89,8.89,8.89,8.89,100.0
2019-03-19 15:15:00,8.895,8.895,8.895,8.895,102.0
2019-03-19 15:16:00,8.89,8.89,8.89,8.89,200.0
2019-03-19 15:19:00,8.89,8.89,8.89,8.89,100.0
2019-03-19 15:23:00,8.89,8.895,8.89,8.895,250.0
2019-03-19 15:28:00,8.895,8.895,8.895,8.895,234.0
2019-03-19 15:33:00,8.89,8.89,8.89,8.89,408.0
2019-03-19 15:34:00,8.89,8.89,8.89,8.89,100.0
2019-03-19 15:35:00,8.9,8.9,8.9,8.9,272.0
2019-03-19 15:36:00,8.89,8.89,8.89,8.89,1078.0
2019-03-19 15:37:00,8.89,8.89,8.89,8.89,1512.0
2019-03-19 15:40:00,8.88,8.88,8.88,8.88,822.0
2019-03-19 15:42:00,8.89,8.89,8.89,8.89,100.0
2019-03-19 15:43:00,8.89,8.89,8.89,8.89,100.0
2019-03-19 15:44:00,8.88,8.89,8.88,8.89,265.0
2019-03-19 15:45:00,8.88,8.88,8.88,8.88,100.0
2019-03-19 15:47:00,8.89,8.89,8.8866,8.8866,1225.0
2019-03-19 15:48:00,8.89,8.89,8.89,8.89,100.0
2019-03-19 15:49:00,8.89,8.89,8.89,8.89,100.0
2019-03-19 15:50:00,8.88,8.88,8.88,8.88,100.0
2019-03-19 15:51:00,8.88,8.88,8.88,8.88,214.0
2019-03-19 15:53:00,8.88,8.88,8.88,8.88,100.0
2019-03-19 15:54:00,8.88,8.88,8.88,8.88,105.0
2019-03-19 15:56:00,8.88,8.89,8.88,8.89,200.0
2019-03-19 15:57:00,8.88,8.88,8.88,8.88,200.0
2019-03-19 15:58:00,8.89,8.89,8.88,8.89,300.0
2019-03-19 15:59:00,8.88,8.88,8.88,8.88,100.0
2019-03-19 16:00:00,8.88,8.89,8.88,8.89,2916.0
2019-03-20 10:06:00,8.885,8.885,8.885,8.885,0.0
2019-03-20 10:12:00,8.8852,8.8852,8.8852,8.8852,159.0
2019-03-20 10:18:00,8.8873,8.8873,8.8873,8.8873,1100.0
2019-03-20 10:22:00,8.89,8.89,8.89,8.89,863.0
2019-03-20 10:23:00,8.88,8.88,8.875,8.875,2775.0
2019-03-20 10:34:00,8.875,8.88,8.875,8.88,562.0
2019-03-20 10:38:00,8.88,8.88,8.88,8.88,100.0
2019-03-20 10:43:00,8.88,8.88,8.88,8.88,600.0
2019-03-20 11:07:00,8.89,8.89,8.89,8.89,100.0
2019-03-20 11:14:00,8.89,8.89,8.89,8.89,100.0
2019-03-20 11:17:00,8.87,8.88,8.87,8.87,7000.0
2019-03-20 11:21:00,8.89,8.89,8.87,8.87,2700.0
2019-03-20 11:28:00,8.89,8.89,8.89,8.89,229.0
2019-03-20 11:37:00,8.87,8.89,8.87,8.89,200.0
2019-03-20 11:38:00,8.89,8.89,8.89,8.89,129.0
2019-03-20 11:49:00,8.87,8.87,8.87,8.87,100.0
2019-03-20 11:53:00,8.89,8.89,8.89,8.89,3117.0
2019-03-20 11:56:00,8.8909,8.8918,8.89,8.89,4083.0
2019-03-20 12:34:00,8.88,8.88,8.88,8.88,2600.0
2019-03-20 12:42:00,8.89,8.89,8.87,8.87,2400.0
2019-03-20 13:10:00,8.885,8.9,8.885,8.9,1916.0
2019-03-20 13:45:00,8.9,8.9,8.9,8.9,100.0
2019-03-20 14:01:00,8.9,8.9,8.9,8.9,100.0
2019-03-20 14:05:00,8.89,8.89,8.89,8.89,400.0
2019-03-20 14:07:00,8.89,8.89,8.89,8.89,103.0
2019-03-20 14:08:00,8.8801,8.8801,8.8801,8.8801,800.0
2019-03-20 14:13:00,8.88,8.8801,8.88,8.8801,3200.0
2019-03-20 14:14:00,8.9,8.9,8.9,8.9,100.0
2019-03-20 14:18:00,8.9,8.9,8.9,8.9,411.0
2019-03-20 14:26:00,8.8969,8.8969,8.8969,8.8969,2000.0
2019-03-20 14:44:00,8.89,8.89,8.89,8.89,600.0
2019-03-20 14:48:00,8.8899,8.8899,8.8899,8.8899,2000.0
2019-03-20 14:49:00,8.88,8.8833,8.88,8.8833,1600.0
2019-03-20 14:51:00,8.89,8.89,8.89,8.89,2700.0
2019-03-20 15:24:00,8.8992,8.8992,8.8967,8.8967,750.0
2019-03-20 15:32:00,8.8935,8.8935,8.8935,8.8935,125.0
2019-03-20 15:40:00,8.8905,8.8905,8.87,8.8722,5550.0
2019-03-20 15:42:00,8.881,8.881,8.881,8.881,1198.0
2019-03-20 15:55:00,8.8799,8.8799,8.875,8.875,1621.0
2019-03-20 15:59:00,8.87,8.87,8.87,8.87,104.0
2019-03-20 16:00:00,8.87,8.87,8.87,8.87,59693.0
2019-03-21 09:32:00,8.87,8.8816,8.87,8.8816,0.0
2019-03-21 09:39:00,8.87,8.8752,8.8663,8.8663,3949.0
2019-03-21 09:41:00,8.86,8.8601,8.85,8.85,2511.0
2019-03-21 09:42:00,8.85,8.8501,8.85,8.8501,4000.0
2019-03-21 09:50:00,8.879,8.8799,8.879,8.8799,6000.0
2019-03-21 10:20:00,8.86,8.86,8.84,8.84,3623.0
2019-03-21 10:46:00,8.85,8.857,8.85,8.8566,1542.0
2019-03-21 11:10:00,8.8664,8.8664,8.8664,8.8664,3564.0
2019-03-21 11:27:00,8.84,8.8505,8.84,8.8505,631.0
2019-03-21 11:39:00,8.84,8.84,8.84,8.84,100.0
2019-03-21 11:50:00,8.8492,8.8492,8.8492,8.8492,1000.0
2019-03-21 12:00:00,8.84,8.84,8.84,8.84,100.0
2019-03-21 12:20:00,8.8501,8.864,8.8501,8.864,1000.0
2019-03-21 12:24:00,8.85,8.85,8.85,8.85,100.0
2019-03-21 12:32:00,8.86,8.86,8.85,8.85,1882.0
2019-03-21 12:40:00,8.85,8.85,8.85,8.85,341.0
2019-03-21 13:00:00,8.85,8.85,8.85,8.85,100.0
2019-03-21 13:25:00,8.87,8.87,8.87,8.87,100.0
2019-03-21 13:29:00,8.85,8.85,8.85,8.85,220.0
2019-03-21 14:04:00,8.86,8.86,8.86,8.86,102.0
2019-03-21 14:08:00,8.85,8.85,8.85,8.85,500.0
2019-03-21 14:21:00,8.8674,8.8674,8.8674,8.8674,1000.0
2019-03-21 14:30:00,8.865,8.865,8.865,8.865,2357.0
2019-03-21 14:41:00,8.865,8.865,8.865,8.865,1100.0
2019-03-21 14:47:00,8.86,8.86,8.86,8.86,100.0
2019-03-21 15:03:00,8.86,8.86,8.86,8.86,100.0
2019-03-21 15:24:00,8.86,8.86,8.86,8.86,100.0
2019-03-21 15:30:00,8.863,8.863,8.863,8.863,1000.0
2019-03-21 15:38:00,8.86,8.86,8.86,8.86,100.0
2019-03-21 15:43:00,8.86,8.86,8.86,8.86,117.0
2019-03-21 15:48:00,8.865,8.865,8.865,8.865,126.0
2019-03-21 15:52:00,8.84,8.84,8.84,8.84,5758.0
2019-03-21 15:56:00,8.855,8.855,8.85,8.85,601.0
2019-03-21 16:00:00,8.84,8.84,8.84,8.84,45453.0
2019-03-22 09:31:00,8.78,8.78,8.78,8.78,0.0
2019-03-22 09:36:00,8.82,8.82,8.82,8.82,100.0
2019-03-22 09:40:00,8.81,8.81,8.81,8.81,200.0
2019-03-22 09:50:00,8.81,8.82,8.81,8.82,2020.0
2019-03-22 09:53:00,8.818,8.818,8.818,8.818,124.0
2019-03-22 09:54:00,8.81,8.81,8.8,8.8,2950.0
2019-03-22 09:57:00,8.8,8.8,8.8,8.8,1231.0
2019-03-22 09:59:00,8.81,8.81,8.81,8.81,201.0
2019-03-22 10:16:00,8.8155,8.8155,8.8155,8.8155,189.0
2019-03-22 10:58:00,8.817,8.817,8.817,8.817,334.0
2019-03-22 11:04:00,8.8143,8.8143,8.8143,8.8143,776.0
2019-03-22 12:23:00,8.8,8.8,8.8,8.8,2002.0
2019-03-22 12:31:00,8.8198,8.8198,8.8198,8.8198,1084.0
2019-03-22 13:00:00,8.8001,8.8001,8.8001,8.8001,453.0
2019-03-22 13:17:00,8.8133,8.8133,8.8133,8.8133,1133.0
2019-03-22 14:03:00,8.815,8.82,8.815,8.82,1190.0
2019-03-22 14:29:00,8.82,8.82,8.82,8.82,676.0
2019-03-22 14:30:00,8.815,8.815,8.815,8.815,104.0
2019-03-22 14:31:00,8.819,8.82,8.81,8.82,898.0
2019-03-22 14:33:00,8.82,8.82,8.82,8.82,100.0
2019-03-22 14:36:00,8.82,8.82,8.82,8.82,201.0
2019-03-22 14:39:00,8.82,8.82,8.82,8.82,200.0
2019-03-22 14:41:00,8.82,8.82,8.82,8.82,199.0
2019-03-22 14:44:00,8.82,8.82,8.82,8.82,286.0
2019-03-22 14:47:00,8.82,8.82,8.82,8.82,198.0
2019-03-22 14:50:00,8.82,8.82,8.82,8.82,201.0
2019-03-22 14:54:00,8.82,8.82,8.82,8.82,200.0
2019-03-22 14:57:00,8.82,8.82,8.82,8.82,1957.0
2019-03-22 15:00:00,8.8109,8.8109,8.8109,8.8109,1000.0
2019-03-22 15:07:00,8.82,8.82,8.82,8.82,100.0
2019-03-22 15:13:00,8.819,8.819,8.8175,8.8189,1377.0
2019-03-22 15:17:00,8.8158,8.8158,8.8158,8.8158,701.0
2019-03-22 15:26:00,8.8123,8.8123,8.8123,8.8123,551.0
2019-03-22 15:31:00,8.81,8.81,8.8,8.8,2607.0
2019-03-22 15:50:00,8.8,8.8,8.8,8.8,1053.0
2019-03-22 15:54:00,8.8,8.8,8.8,8.8,230.0
2019-03-22 15:55:00,8.8,8.8029,8.8,8.8029,1010.0
2019-03-22 16:00:00,8.81,8.81,8.81,8.81,348.0
2019-03-25 09:31:00,8.7737,8.7737,8.7737,8.7737,0.0
2019-03-25 09:47:00,8.75,8.75,8.75,8.75,1000.0
2019-03-25 09:50:00,8.7603,8.7603,8.7603,8.7603,536.0
2019-03-25 10:18:00,8.76,8.76,8.76,8.76,500.0
2019-03-25 10:21:00,8.76,8.76,8.76,8.76,640.0
2019-03-25 10:49:00,8.763,8.763,8.763,8.763,1022.0
2019-03-25 11:06:00,8.75,8.75,8.75,8.75,2000.0
2019-03-25 11:25:00,8.77,8.77,8.77,8.77,800.0
2019-03-25 11:28:00,8.765,8.765,8.765,8.765,100.0
2019-03-25 11:30:00,8.76,8.76,8.76,8.76,2900.0
2019-03-25 11:37:00,8.76,8.76,8.76,8.76,4741.0
2019-03-25 11:40:00,8.7527,8.7527,8.7527,8.7527,1750.0
2019-03-25 11:55:00,8.765,8.769,8.765,8.769,2000.0
2019-03-25 12:10:00,8.77,8.77,8.77,8.77,1052.0
2019-03-25 12:43:00,8.76,8.76,8.76,8.76,5126.0
2019-03-25 12:52:00,8.75,8.75,8.75,8.75,199.0
2019-03-25 13:08:00,8.7528,8.7528,8.7528,8.7528,500.0
2019-03-25 13:10:00,8.76,8.76,8.7588,8.7588,1100.0
2019-03-25 13:12:00,8.753,8.753,8.753,8.753,4625.0
2019-03-25 13:15:00,8.7599,8.7599,8.7599,8.7599,3000.0
2019-03-25 13:16:00,8.76,8.76,8.76,8.76,3900.0
2019-03-25 13:40:00,8.7619,8.7619,8.7619,8.7619,3019.0
2019-03-25 13:41:00,8.7619,8.7619,8.7619,8.7619,3619.0
2019-03-25 13:42:00,8.7651,8.7651,8.7651,8.7651,1057.0
2019-03-25 13:51:00,8.7601,8.7601,8.7601,8.7601,200.0
2019-03-25 13:52:00,8.76,8.76,8.76,8.76,1605.0
2019-03-25 14:04:00,8.76,8.76,8.76,8.76,200.0
2019-03-25 14:12:00,8.7621,8.7621,8.7621,8.7621,1166.0
2019-03-25 14:36:00,8.76,8.76,8.76,8.76,200.0
2019-03-25 14:37:00,8.76,8.76,8.76,8.76,1000.0
2019-03-25 14:40:00,8.75,8.75,8.75,8.75,1000.0
2019-03-25 14:42:00,8.76,8.76,8.76,8.76,6401.0
2019-03-25 14:44:00,8.74,8.74,8.74,8.74,3852.0
2019-03-25 14:55:00,8.7353,8.7353,8.7353,8.7353,800.0
2019-03-25 14:58:00,8.7304,8.7304,8.73,8.73,3700.0
2019-03-25 15:01:00,8.7368,8.74,8.7368,8.7368,2800.0
2019-03-25 15:05:00,8.7437,8.7437,8.7437,8.7437,5500.0
2019-03-25 15:09:00,8.74,8.74,8.74,8.74,100.0
2019-03-25 15:10:00,8.74,8.74,8.74,8.74,100.0
2019-03-25 15:12:00,8.74,8.74,8.74,8.74,100.0
2019-03-25 15:15:00,8.74,8.745,8.74,8.745,3638.0
2019-03-25 15:35:00,8.75,8.75,8.75,8.75,2600.0
2019-03-25 15:41:00,8.755,8.755,8.755,8.755,1500.0
2019-03-25 15:42:00,8.7563,8.7563,8.7563,8.7563,8101.0
2019-03-25 15:46:00,8.74,8.74,8.74,8.74,1700.0
2019-03-25 15:48:00,8.745,8.745,8.7426,8.7426,2800.0
2019-03-25 15:55:00,8.76,8.76,8.76,8.76,694.0
2019-03-25 15:56:00,8.7525,8.7525,8.7525,8.7525,938.0
2019-03-25 16:00:00,8.7587,8.7587,8.7587,8.7587,13600.0
2019-03-26 09:41:00,8.74,8.74,8.74,8.74,0.0
2019-03-26 09:42:00,8.74,8.74,8.74,8.74,4400.0
2019-03-26 09:47:00,8.74,8.74,8.74,8.74,500.0
2019-03-26 09:50:00,8.7365,8.7365,8.7365,8.7365,1600.0
2019-03-26 09:53:00,8.74,8.74,8.74,8.74,7930.0
2019-03-26 10:43:00,8.7564,8.7564,8.7564,8.7564,1581.0
2019-03-26 10:51:00,8.77,8.77,8.77,8.77,1300.0
2019-03-26 11:05:00,8.7617,8.7617,8.7617,8.7617,2100.0
2019-03-26 11:14:00,8.7657,8.78,8.7657,8.78,1240.0
2019-03-26 11:25:00,8.779,8.779,8.7771,8.7771,2500.0
2019-03-26 11:34:00,8.76,8.76,8.76,8.76,1750.0
2019-03-26 11:35:00,8.74,8.74,8.73,8.73,9007.0
2019-03-26 11:43:00,8.73,8.73,8.73,8.73,4628.0
2019-03-26 11:46:00,8.7376,8.7376,8.7376,8.7376,2300.0
2019-03-26 11:48:00,8.735,8.7376,8.735,8.7376,2300.0
2019-03-26 11:53:00,8.73,8.73,8.73,8.73,100.0
2019-03-26 12:01:00,8.735,8.735,8.735,8.735,3350.0
2019-03-26 12:03:00,8.735,8.735,8.735,8.735,2000.0
2019-03-26 12:05:00,8.7329,8.7329,8.7329,8.7329,0.0
2019-03-26 12:15:00,8.7301,8.7358,8.73,8.7347,600.0
2019-03-26 12:23:00,8.74,8.74,8.74,8.74,300.0
2019-03-26 12:35:00,8.735,8.735,8.735,8.735,554.0
2019-03-26 12:44:00,8.73,8.73,8.73,8.73,300.0
2019-03-26 12:46:00,8.7332,8.7333,8.7332,8.7333,341.0
2019-03-26 12:51:00,8.73,8.73,8.73,8.73,4381.0
2019-03-26 12:56:00,8.73,8.73,8.73,8.73,2200.0
2019-03-26 13:03:00,8.7287,8.7287,8.7287,8.7287,100.0
2019-03-26 13:05:00,8.72,8.72,8.72,8.72,10214.0
2019-03-26 13:06:00,8.72,8.72,8.72,8.72,2795.0
2019-03-26 13:07:00,8.72,8.72,8.72,8.72,814.0
2019-03-26 13:08:00,8.72,8.72,8.72,8.72,1500.0
2019-03-26 13:23:00,8.74,8.75,8.74,8.75,2800.0
2019-03-26 13:26:00,8.75,8.75,8.7443,8.7443,700.0
2019-03-26 13:35:00,8.75,8.75,8.7443,8.7443,800.0
2019-03-26 13:42:00,8.75,8.75,8.75,8.75,2000.0
2019-03-26 13:46:00,8.7378,8.7378,8.7378,8.7378,350.0
2019-03-26 13:48:00,8.731,8.731,8.7301,8.7301,1810.0
2019-03-26 14:10:00,8.748,8.748,8.748,8.748,600.0
2019-03-26 14:14:00,8.73,8.73,8.73,8.73,200.0
2019-03-26 14:16:00,8.7443,8.7443,8.73,8.73,2361.0
2019-03-26 14:23:00,8.7436,8.7436,8.7436,8.7436,300.0
2019-03-26 14:29:00,8.73,8.73,8.73,8.73,200.0
2019-03-26 14:32:00,8.735,8.735,8.735,8.735,7433.0
2019-03-26 14:36:00,8.72,8.72,8.72,8.72,1314.0
2019-03-26 14:41:00,8.7429,8.7429,8.7429,8.7429,800.0
2019-03-26 14:46:00,8.721,8.721,8.7201,8.7201,3500.0
2019-03-26 14:53:00,8.7399,8.7399,8.7399,8.7399,3614.0
2019-03-26 14:58:00,8.73,8.73,8.73,8.73,6700.0
2019-03-26 15:03:00,8.72,8.72,8.72,8.72,2500.0
2019-03-26 15:06:00,8.73,8.73,8.73,8.73,500.0
2019-03-26 15:10:00,8.72,8.72,8.72,8.72,3300.0
2019-03-26 15:14:00,8.72,8.72,8.72,8.72,4000.0
2019-03-26 15:17:00,8.72,8.72,8.72,8.72,300.0
2019-03-26 15:25:00,8.7345,8.7345,8.7345,8.7345,2300.0
2019-03-26 15:27:00,8.7345,8.7345,8.7345,8.7345,5300.0
2019-03-26 15:30:00,8.7201,8.7201,8.7201,8.7201,2199.0
2019-03-26 15:34:00,8.7205,8.7205,8.72,8.72,7098.0
2019-03-26 15:35:00,8.72,8.72,8.72,8.72,200.0
2019-03-26 15:44:00,8.71,8.71,8.71,8.71,1580.0
2019-03-26 15:52:00,8.71,8.71,8.71,8.71,1000.0
2019-03-26 15:54:00,8.7199,8.7199,8.7199,8.7199,1507.0
2019-03-26 15:56:00,8.7199,8.7199,8.7199,8.7199,2735.0
2019-03-26 16:00:00,8.715,8.715,8.715,8.715,2118.0
2019-03-27 09:31:00,8.7,8.7,8.7,8.7,0.0
2019-03-27 09:51:00,8.72,8.74,8.72,8.74,2200.0
2019-03-27 10:21:00,8.74,8.75,8.74,8.75,1600.0
2019-03-27 10:24:00,8.7599,8.7599,8.7599,8.7599,1500.0
2019-03-27 10:26:00,8.76,8.77,8.76,8.77,2400.0
2019-03-27 10:39:00,8.76,8.76,8.74,8.74,2900.0
2019-03-27 10:40:00,8.74,8.74,8.74,8.74,300.0
2019-03-27 10:42:00,8.74,8.74,8.74,8.74,200.0
2019-03-27 10:45:00,8.74,8.74,8.74,8.74,100.0
2019-03-27 10:46:00,8.72,8.72,8.72,8.72,200.0
2019-03-27 10:47:00,8.72,8.72,8.72,8.72,100.0
2019-03-27 10:48:00,8.72,8.72,8.72,8.72,200.0
2019-03-27 10:49:00,8.72,8.72,8.72,8.72,200.0
2019-03-27 10:50:00,8.72,8.72,8.72,8.72,200.0
2019-03-27 10:51:00,8.72,8.72,8.72,8.72,100.0
2019-03-27 10:52:00,8.72,8.72,8.72,8.72,100.0
2019-03-27 10:53:00,8.72,8.72,8.72,8.72,100.0
2019-03-27 10:54:00,8.72,8.72,8.72,8.72,100.0
2019-03-27 10:55:00,8.72,8.72,8.72,8.72,100.0
2019-03-27 10:56:00,8.72,8.72,8.72,8.72,100.0
2019-03-27 10:58:00,8.72,8.72,8.72,8.72,100.0
2019-03-27 10:59:00,8.72,8.72,8.72,8.72,100.0
2019-03-27 11:01:00,8.72,8.72,8.72,8.72,100.0
2019-03-27 11:03:00,8.72,8.72,8.72,8.72,100.0
2019-03-27 11:04:00,8.75,8.77,8.74,8.76,14962.0
2019-03-27 11:05:00,8.7465,8.7465,8.7465,8.7465,740.0
2019-03-27 11:11:00,8.741,8.7424,8.741,8.741,2500.0
2019-03-27 11:14:00,8.7501,8.7501,8.7501,8.7501,117.0
2019-03-27 12:02:00,8.7466,8.7466,8.7466,8.7466,0.0
2019-03-27 12:31:00,8.75,8.75,8.75,8.75,35794.0
2019-03-27 12:32:00,8.75,8.76,8.75,8.7545,1622.0
2019-03-27 13:10:00,8.741,8.741,8.741,8.741,1000.0
2019-03-27 13:22:00,8.75,8.75,8.7465,8.7465,1630.0
2019-03-27 13:37:00,8.745,8.75,8.745,8.75,1600.0
2019-03-27 13:54:00,8.7429,8.7429,8.7429,8.7429,5084.0
2019-03-27 14:22:00,8.745,8.745,8.745,8.745,384.0
2019-03-27 14:24:00,8.74,8.7435,8.74,8.7435,300.0
2019-03-27 14:48:00,8.7499,8.7499,8.7499,8.7499,1000.0
2019-03-27 14:58:00,8.745,8.76,8.745,8.76,11500.0
2019-03-27 15:10:00,8.7599,8.7599,8.7599,8.7599,1100.0
2019-03-27 15:19:00,8.755,8.76,8.755,8.7579,1150.0
2019-03-27 15:21:00,8.76,8.76,8.7564,8.7571,3600.0
2019-03-27 15:34:00,8.7503,8.7503,8.7503,8.7503,555.0
2019-03-27 15:54:00,8.7512,8.7512,8.7512,8.7512,1013.0
2019-03-27 15:56:00,8.755,8.76,8.755,8.76,1202.0
2019-03-28 09:31:00,8.7429,8.7429,8.7429,8.7429,0.0
2019-03-28 09:34:00,8.7547,8.7547,8.7547,8.7547,225.0
2019-03-28 09:43:00,8.7517,8.7517,8.7517,8.7517,1300.0
2019-03-28 09:48:00,8.7544,8.7544,8.7544,8.7544,100.0
2019-03-28 09:57:00,8.7501,8.7501,8.7501,8.7501,1120.0
2019-03-28 09:59:00,8.7501,8.7501,8.7501,8.7501,700.0
2019-03-28 10:12:00,8.755,8.76,8.755,8.76,4000.0
2019-03-28 10:27:00,8.7501,8.76,8.7501,8.76,1600.0
2019-03-28 10:31:00,8.7523,8.7523,8.7523,8.7523,200.0
2019-03-28 10:48:00,8.7532,8.7532,8.7532,8.7532,1000.0
2019-03-28 10:49:00,8.755,8.76,8.755,8.76,630.0
2019-03-28 11:17:00,8.7566,8.76,8.7566,8.76,2200.0
2019-03-28 11:20:00,8.7562,8.758,8.7562,8.758,3000.0
2019-03-28 11:42:00,8.75,8.75,8.75,8.75,500.0
2019-03-28 11:46:00,8.755,8.755,8.755,8.755,677.0
2019-03-28 11:50:00,8.7585,8.7585,8.7585,8.7585,1829.0
2019-03-28 11:53:00,8.76,8.76,8.76,8.76,200.0
2019-03-28 12:16:00,8.7501,8.7501,8.7501,8.7501,2000.0
2019-03-28 12:26:00,8.755,8.76,8.7539,8.76,12404.0
2019-03-28 12:27:00,8.755,8.76,8.75,8.7501,3454.0
2019-03-28 12:55:00,8.7532,8.7532,8.7532,8.7532,1250.0
2019-03-28 13:16:00,8.755,8.7599,8.75,8.75,5900.0
2019-03-28 13:25:00,8.7569,8.7569,8.7569,8.7569,200.0
2019-03-28 13:31:00,8.7595,8.7595,8.7595,8.7595,500.0
2019-03-28 13:32:00,8.76,8.76,8.7598,8.7598,700.0
2019-03-28 13:33:00,8.755,8.76,8.755,8.76,1565.0
2019-03-28 13:39:00,8.75,8.755,8.75,8.755,2200.0
2019-03-28 13:55:00,8.7596,8.7596,8.7596,8.7596,1500.0
2019-03-28 14:07:00,8.7528,8.7528,8.7528,8.7528,1400.0
2019-03-28 14:09:00,8.755,8.755,8.755,8.755,5700.0
2019-03-28 14:12:00,8.751,8.751,8.751,8.751,1000.0
2019-03-28 14:16:00,8.75,8.7501,8.75,8.7501,937.0
2019-03-28 14:21:00,8.7599,8.7599,8.7599,8.7599,550.0
2019-03-28 14:29:00,8.75,8.7515,8.74,8.74,9679.0
2019-03-28 14:33:00,8.7416,8.7416,8.7413,8.7413,1235.0
2019-03-28 14:46:00,8.7499,8.7499,8.74,8.74,649.0
2019-03-28 15:14:00,8.745,8.75,8.74,8.74,9886.0
2019-03-28 15:23:00,8.7446,8.7446,8.7446,8.7446,500.0
2019-03-28 15:28:00,8.74,8.74,8.7301,8.7302,3000.0
2019-03-28 15:29:00,8.73,8.73,8.73,8.73,300.0
2019-03-28 15:31:00,8.7433,8.7433,8.7433,8.7433,300.0
2019-03-28 15:35:00,8.7453,8.7453,8.7453,8.7453,393.0
2019-03-28 15:45:00,8.7435,8.7435,8.7435,8.7435,200.0
2019-03-28 15:48:00,8.73,8.735,8.73,8.735,1300.0
2019-03-28 15:49:00,8.73,8.73,8.73,8.73,100.0
2019-03-28 15:53:00,8.75,8.75,8.75,8.75,100.0
2019-03-28 15:54:00,8.73,8.79,8.73,8.73,3603.0
2019-03-28 15:55:00,8.74,8.74,8.73,8.73,1330.0
2019-03-28 15:56:00,8.73,8.75,8.73,8.75,400.0
2019-03-28 15:57:00,8.74,8.74,8.74,8.74,200.0
2019-03-28 15:58:00,8.73,8.73,8.73,8.73,100.0
2019-03-28 15:59:00,8.75,8.75,8.75,8.75,106.0
2019-03-28 16:00:00,8.7445,8.7445,8.7445,8.7445,5070.0
2019-03-29 09:31:00,8.78,8.78,8.78,8.78,0.0
2019-03-29 09:36:00,8.7499,8.7499,8.7499,8.7499,1250.0
2019-03-29 09:59:00,8.765,8.765,8.75,8.755,1075.0
2019-03-29 10:00:00,8.77,8.77,8.77,8.77,1714.0
2019-03-29 10:40:00,8.745,8.745,8.745,8.745,500.0
2019-03-29 10:41:00,8.745,8.745,8.74,8.7429,1300.0
2019-03-29 10:46:00,8.745,8.745,8.745,8.745,617.0
2019-03-29 10:56:00,8.75,8.75,8.75,8.75,100.0
2019-03-29 11:28:00,8.75,8.75,8.75,8.75,100.0
2019-03-29 11:31:00,8.749,8.749,8.74,8.74,684.0
2019-03-29 12:02:00,8.75,8.75,8.75,8.75,142.0
2019-03-29 12:09:00,8.746,8.746,8.746,8.746,1355.0
2019-03-29 12:46:00,8.7418,8.7418,8.7418,8.7418,1150.0
2019-03-29 12:58:00,8.7401,8.75,8.74,8.7438,2137.0
2019-03-29 12:59:00,8.745,8.745,8.74,8.74,1900.0
2019-03-29 13:04:00,8.74,8.7401,8.7302,8.7302,7071.0
2019-03-29 13:10:00,8.73,8.73,8.73,8.73,2400.0
2019-03-29 13:17:00,8.73,8.73,8.7287,8.7287,4012.0
2019-03-29 13:30:00,8.7254,8.7254,8.72,8.72,6400.0
2019-03-29 13:34:00,8.7284,8.7284,8.7284,8.7284,800.0
2019-03-29 13:37:00,8.72,8.7201,8.72,8.7201,1700.0
2019-03-29 13:56:00,8.72,8.72,8.72,8.72,1000.0
2019-03-29 13:58:00,8.725,8.7299,8.725,8.7299,2854.0
2019-03-29 14:00:00,8.73,8.73,8.7299,8.7299,4565.0
2019-03-29 14:18:00,8.7299,8.7299,8.7299,8.7299,2577.0
2019-03-29 14:23:00,8.73,8.73,8.7271,8.73,2600.0
2019-03-29 14:33:00,8.7315,8.7315,8.7315,8.7315,350.0
2019-03-29 14:40:00,8.7356,8.7356,8.7356,8.7356,8001.0
2019-03-29 15:23:00,8.74,8.75,8.74,8.75,5687.0
2019-03-29 15:26:00,8.7499,8.7499,8.7482,8.7482,1110.0
2019-03-29 15:32:00,8.745,8.745,8.74,8.74,5200.0
2019-03-29 15:33:00,8.74,8.74,8.73,8.7387,9681.0
2019-03-29 15:36:00,8.73,8.735,8.73,8.73,7705.0
2019-03-29 15:40:00,8.7276,8.7276,8.7276,8.7276,1663.0
2019-03-29 15:46:00,8.73,8.73,8.73,8.73,500.0
2019-03-29 15:50:00,8.7392,8.7392,8.7392,8.7392,9000.0
2019-03-29 15:56:00,8.74,8.74,8.7384,8.7384,12000.0
2019-03-29 15:59:00,8.735,8.735,8.73,8.73,11659.0
2019-04-01 09:31:00,8.71,8.71,8.71,8.71,149.0
2019-04-01 09:35:00,8.71,8.71,8.71,8.71,136.0
2019-04-01 09:52:00,8.7293,8.7293,8.72,8.72,2100.0
2019-04-01 10:22:00,8.73,8.73,8.73,8.73,100.0
2019-04-01 10:33:00,8.74,8.74,8.74,8.74,200.0
2019-04-01 10:44:00,8.75,8.75,8.75,8.75,1756.0
2019-04-01 10:48:00,8.75,8.75,8.75,8.75,6100.0
2019-04-01 10:59:00,8.75,8.75,8.75,8.75,3000.0
2019-04-01 11:15:00,8.74,8.74,8.74,8.74,2258.0
2019-04-01 11:19:00,8.745,8.745,8.745,8.745,400.0
2019-04-01 11:36:00,8.75,8.75,8.75,8.75,2369.0
2019-04-01 11:51:00,8.74,8.74,8.73,8.73,13431.0
2019-04-01 11:52:00,8.73,8.73,8.73,8.73,538.0
2019-04-01 12:03:00,8.72,8.72,8.72,8.72,222.0
2019-04-01 12:08:00,8.73,8.73,8.73,8.73,100.0
2019-04-01 12:10:00,8.7271,8.7271,8.7271,8.7271,468.0
2019-04-01 12:13:00,8.72,8.72,8.72,8.72,259.0
2019-04-01 12:15:00,8.725,8.725,8.725,8.725,100.0
2019-04-01 12:16:00,8.73,8.73,8.73,8.73,1387.0
2019-04-01 12:21:00,8.7299,8.7299,8.7299,8.7299,1300.0
2019-04-01 12:24:00,8.74,8.74,8.74,8.74,1914.0
2019-04-01 12:26:00,8.74,8.74,8.74,8.74,100.0
2019-04-01 12:32:00,8.7368,8.7368,8.7368,8.7368,1649.0
2019-04-01 12:33:00,8.74,8.74,8.74,8.74,200.0
2019-04-01 12:35:00,8.73,8.73,8.73,8.73,156.0
2019-04-01 12:42:00,8.735,8.735,8.735,8.735,528.0
2019-04-01 12:43:00,8.74,8.74,8.74,8.74,511.0
2019-04-01 12:46:00,8.73,8.73,8.73,8.73,200.0
2019-04-01 12:48:00,8.73,8.73,8.73,8.73,100.0
2019-04-01 12:53:00,8.73,8.73,8.73,8.73,200.0
2019-04-01 12:55:00,8.72,8.72,8.72,8.72,3286.0
2019-04-01 12:56:00,8.711,8.711,8.711,8.711,5275.0
2019-04-01 12:57:00,8.72,8.72,8.71,8.71,2796.0
2019-04-01 13:02:00,8.71,8.71,8.71,8.71,200.0
2019-04-01 13:03:00,8.71,8.71,8.71,8.71,137.0
2019-04-01 13:05:00,8.71,8.71,8.71,8.71,900.0
2019-04-01 13:06:00,8.71,8.71,8.71,8.71,100.0
2019-04-01 13:08:00,8.71,8.71,8.71,8.71,200.0
2019-04-01 13:11:00,8.715,8.715,8.715,8.715,300.0
2019-04-01 13:12:00,8.715,8.715,8.715,8.715,100.0
2019-04-01 13:14:00,8.72,8.72,8.72,8.72,9400.0
2019-04-01 13:17:00,8.72,8.72,8.72,8.72,100.0
2019-04-01 13:18:00,8.715,8.715,8.715,8.715,100.0
2019-04-01 13:20:00,8.715,8.715,8.715,8.715,200.0
2019-04-01 13:22:00,8.715,8.715,8.715,8.715,100.0
2019-04-01 13:23:00,8.715,8.715,8.715,8.715,200.0
2019-04-01 13:25:00,8.71,8.71,8.71,8.71,120.0
2019-04-01 13:27:00,8.71,8.71,8.71,8.71,100.0
2019-04-01 13:29:00,8.715,8.715,8.715,8.715,200.0
2019-04-01 13:33:00,8.71,8.71,8.71,8.71,413.0
2019-04-01 13:36:00,8.72,8.72,8.715,8.715,303.0
2019-04-01 13:40:00,8.715,8.715,8.715,8.715,100.0
2019-04-01 13:44:00,8.71,8.71,8.71,8.71,100.0
2019-04-01 13:47:00,8.7184,8.7184,8.7184,8.7184,2825.0
2019-04-01 13:48:00,8.72,8.72,8.72,8.72,100.0
2019-04-01 13:49:00,8.715,8.715,8.715,8.715,100.0
2019-04-01 13:51:00,8.72,8.72,8.72,8.72,317.0
2019-04-01 13:52:00,8.72,8.72,8.72,8.72,1103.0
2019-04-01 13:53:00,8.73,8.73,8.73,8.73,320.0
2019-04-01 13:54:00,8.73,8.73,8.73,8.73,300.0
2019-04-01 13:57:00,8.74,8.74,8.74,8.74,100.0
2019-04-01 14:07:00,8.735,8.735,8.735,8.735,100.0
2019-04-01 14:11:00,8.735,8.735,8.735,8.735,100.0
2019-04-01 14:15:00,8.735,8.735,8.735,8.735,100.0
2019-04-01 14:22:00,8.735,8.735,8.735,8.735,100.0
2019-04-01 14:27:00,8.735,8.735,8.735,8.735,100.0
2019-04-01 14:31:00,8.74,8.74,8.74,8.74,100.0
2019-04-01 14:32:00,8.735,8.735,8.735,8.735,100.0
2019-04-01 14:36:00,8.735,8.735,8.735,8.735,100.0
2019-04-01 14:40:00,8.735,8.735,8.735,8.735,100.0
2019-04-01 14:44:00,8.73,8.73,8.73,8.73,100.0
2019-04-01 14:47:00,8.73,8.73,8.73,8.73,365.0
2019-04-01 14:52:00,8.74,8.75,8.74,8.75,9925.0
2019-04-01 14:53:00,8.74,8.74,8.74,8.74,8900.0
2019-04-01 14:54:00,8.74,8.74,8.74,8.74,874.0
2019-04-01 15:01:00,8.73,8.73,8.73,8.73,100.0
2019-04-01 15:03:00,8.73,8.73,8.73,8.73,300.0
2019-04-01 15:05:00,8.73,8.73,8.73,8.73,300.0
2019-04-01 15:06:00,8.7325,8.7325,8.7325,8.7325,2000.0
2019-04-01 15:08:00,8.7367,8.7367,8.7367,8.7367,365.0
2019-04-01 15:09:00,8.74,8.74,8.74,8.74,200.0
2019-04-01 15:15:00,8.74,8.74,8.74,8.74,442.0
2019-04-01 15:17:00,8.7311,8.7311,8.7311,8.7311,1405.0
2019-04-01 15:19:00,8.735,8.735,8.735,8.735,100.0
2019-04-01 15:20:00,8.74,8.74,8.74,8.74,1100.0
2019-04-01 15:22:00,8.73,8.73,8.73,8.73,1800.0
2019-04-01 15:24:00,8.735,8.735,8.735,8.735,16100.0
2019-04-01 15:25:00,8.74,8.74,8.74,8.74,1060.0
2019-04-01 15:26:00,8.73,8.73,8.73,8.73,12674.0
2019-04-01 15:27:00,8.726,8.74,8.726,8.74,5609.0
2019-04-01 15:31:00,8.74,8.74,8.7375,8.7375,3128.0
2019-04-01 15:36:00,8.74,8.74,8.74,8.74,300.0
2019-04-01 15:37:00,8.74,8.74,8.74,8.74,2050.0
2019-04-01 15:44:00,8.75,8.75,8.75,8.75,907.0
2019-04-01 15:45:00,8.75,8.75,8.75,8.75,314.0
2019-04-01 15:49:00,8.75,8.75,8.75,8.75,600.0
2019-04-01 15:50:00,8.75,8.75,8.75,8.75,195.0
2019-04-01 15:53:00,8.76,8.76,8.75,8.75,6755.0
2019-04-01 15:56:00,8.76,8.76,8.76,8.76,350.0
2019-04-01 15:57:00,8.76,8.76,8.76,8.76,200.0
2019-04-01 15:59:00,8.77,8.77,8.76,8.76,0.0
2019-04-02 09:32:00,8.78,8.78,8.78,8.78,0.0
2019-04-02 09:40:00,8.79,8.79,8.79,8.79,600.0
2019-04-02 09:41:00,8.78,8.783,8.78,8.78,4200.0
2019-04-02 09:43:00,8.78,8.78,8.78,8.78,4785.0
2019-04-02 10:12:00,8.7654,8.7654,8.7654,8.7654,251.0
2019-04-02 10:43:00,8.78,8.78,8.78,8.78,3000.0
2019-04-02 10:51:00,8.7799,8.7799,8.7799,8.7799,100.0
2019-04-02 10:59:00,8.7633,8.765,8.7633,8.765,682.0
2019-04-02 11:02:00,8.78,8.78,8.7743,8.7744,1056.0
2019-04-02 11:18:00,8.79,8.79,8.79,8.79,500.0
2019-04-02 11:22:00,8.77,8.77,8.77,8.77,156.0
2019-04-02 11:38:00,8.78,8.78,8.77,8.777,7500.0
2019-04-02 11:42:00,8.789,8.789,8.789,8.789,1000.0
2019-04-02 12:08:00,8.7757,8.7757,8.7757,8.7757,2197.0
2019-04-02 13:08:00,8.79,8.79,8.79,8.79,200.0
2019-04-02 13:12:00,8.79,8.81,8.79,8.81,4010.0
2019-04-02 13:15:00,8.81,8.81,8.81,8.81,115.0
2019-04-02 13:16:00,8.81,8.81,8.81,8.81,3154.0
2019-04-02 13:19:00,8.81,8.81,8.81,8.81,100.0
2019-04-02 13:27:00,8.809,8.809,8.809,8.809,390.0
2019-04-02 13:30:00,8.81,8.81,8.8024,8.8035,442.0
2019-04-02 13:46:00,8.809,8.809,8.809,8.809,201.0
2019-04-02 13:58:00,8.805,8.805,8.805,8.805,400.0
2019-04-02 14:08:00,8.805,8.805,8.8,8.8,1974.0
2019-04-02 14:26:00,8.79,8.79,8.79,8.79,700.0
2019-04-02 14:28:00,8.78,8.78,8.78,8.78,4400.0
2019-04-02 14:30:00,8.785,8.79,8.78,8.78,3910.0
2019-04-02 14:45:00,8.77,8.77,8.77,8.77,1000.0
2019-04-02 14:46:00,8.78,8.78,8.775,8.775,400.0
2019-04-02 14:58:00,8.7701,8.7701,8.7701,8.7701,500.0
2019-04-02 14:59:00,8.77,8.7701,8.77,8.7701,800.0
2019-04-02 15:00:00,8.77,8.77,8.77,8.77,500.0
2019-04-02 15:14:00,8.77,8.775,8.77,8.77,11508.0
2019-04-02 15:25:00,8.7872,8.79,8.78,8.7899,3428.0
2019-04-02 15:27:00,8.79,8.79,8.79,8.79,134.0
2019-04-02 15:28:00,8.79,8.79,8.7865,8.7865,722.0
2019-04-02 15:30:00,8.7935,8.7935,8.7935,8.7935,207.0
2019-04-02 15:32:00,8.786,8.786,8.786,8.786,206.0
2019-04-02 15:36:00,8.8,8.8,8.8,8.8,212.0
2019-04-02 15:41:00,8.79,8.8,8.79,8.8,3176.0
2019-04-02 15:45:00,8.79,8.79,8.78,8.78,1450.0
2019-04-02 15:49:00,8.7851,8.7851,8.7851,8.7851,105.0
2019-04-02 15:52:00,8.785,8.785,8.785,8.785,450.0
2019-04-02 15:54:00,8.7833,8.7833,8.7833,8.7833,241.0
2019-04-02 15:57:00,8.79,8.8,8.79,8.8,4403.0
2019-04-02 16:00:00,8.805,8.805,8.8,8.8,0.0
2019-04-03 09:38:00,8.7836,8.7836,8.7836,8.7836,6521.0
2019-04-03 09:39:00,8.81,8.81,8.81,8.81,400.0
2019-04-03 09:40:00,8.8007,8.8007,8.8007,8.8007,178.0
2019-04-03 09:46:00,8.79,8.8,8.79,8.7971,3200.0
2019-04-03 09:53:00,8.78,8.78,8.78,8.78,500.0
2019-04-03 09:54:00,8.7999,8.7999,8.7999,8.7999,1452.0
2019-04-03 10:27:00,8.7873,8.7873,8.7873,8.7873,1000.0
2019-04-03 10:32:00,8.7868,8.7868,8.7868,8.7868,173.0
2019-04-03 10:33:00,8.785,8.8,8.785,8.8,6900.0
2019-04-03 11:04:00,8.8,8.8,8.8,8.8,400.0
2019-04-03 11:20:00,8.7933,8.7933,8.7933,8.7933,173.0
2019-04-03 11:27:00,8.795,8.795,8.795,8.795,100.0
2019-04-03 11:28:00,8.79,8.79,8.79,8.79,100.0
2019-04-03 11:32:00,8.7938,8.8,8.7938,8.8,13200.0
2019-04-03 11:35:00,8.81,8.81,8.805,8.805,200.0
2019-04-03 11:36:00,8.8,8.8,8.8,8.8,600.0
2019-04-03 11:40:00,8.81,8.81,8.8,8.8,200.0
2019-04-03 11:42:00,8.81,8.81,8.81,8.81,100.0
2019-04-03 11:43:00,8.8,8.8,8.8,8.8,600.0
2019-04-03 11:46:00,8.81,8.81,8.81,8.81,100.0
2019-04-03 11:47:00,8.805,8.805,8.805,8.805,100.0
2019-04-03 11:49:00,8.81,8.81,8.81,8.81,100.0
2019-04-03 11:53:00,8.8,8.8,8.8,8.8,600.0
2019-04-03 11:56:00,8.81,8.81,8.81,8.81,100.0
2019-04-03 12:04:00,8.8,8.81,8.8,8.81,700.0
2019-04-03 12:10:00,8.8,8.8,8.79,8.79,3987.0
2019-04-03 12:15:00,8.8,8.8,8.79,8.7901,5535.0
2019-04-03 12:20:00,8.8,8.8,8.8,8.8,100.0
2019-04-03 12:22:00,8.79,8.79,8.79,8.79,500.0
2019-04-03 12:30:00,8.79,8.79,8.79,8.79,0.0
2019-04-03 12:40:00,8.79,8.79,8.79,8.79,48719.0
2019-04-03 12:45:00,8.7957,8.7957,8.7957,8.7957,825.0
2019-04-03 12:51:00,8.8043,8.8043,8.8,8.8,2000.0
2019-04-03 12:52:00,8.79,8.79,8.79,8.79,400.0
2019-04-03 12:57:00,8.81,8.81,8.81,8.81,100.0
2019-04-03 13:01:00,8.79,8.79,8.79,8.79,300.0
2019-04-03 13:03:00,8.8,8.8,8.8,8.8,750.0
2019-04-03 13:06:00,8.7918,8.7918,8.7918,8.7918,1668.0
2019-04-03 13:08:00,8.81,8.81,8.79,8.79,1482.0
2019-04-03 13:15:00,8.79,8.79,8.79,8.79,300.0
2019-04-03 13:16:00,8.81,8.81,8.81,8.81,100.0
2019-04-03 13:20:00,8.7982,8.7982,8.7982,8.7982,1200.0
2019-04-03 13:21:00,8.79,8.79,8.79,8.79,100.0
2019-04-03 13:22:00,8.79,8.79,8.79,8.79,400.0
2019-04-03 13:24:00,8.79,8.79,8.79,8.79,100.0
2019-04-03 13:26:00,8.8,8.8,8.8,8.8,100.0
2019-04-03 13:27:00,8.79,8.79,8.79,8.79,100.0
2019-04-03 13:28:00,8.79,8.79,8.79,8.79,200.0
2019-04-03 13:30:00,8.79,8.8,8.79,8.791,600.0
2019-04-03 13:34:00,8.78,8.78,8.78,8.78,200.0
2019-04-03 13:37:00,8.78,8.78,8.78,8.78,171.0
2019-04-03 13:38:00,8.78,8.78,8.78,8.78,200.0
2019-04-03 13:39:00,8.78,8.78,8.78,8.78,100.0
2019-04-03 13:40:00,8.78,8.79,8.78,8.79,201.0
2019-04-03 13:42:00,8.78,8.78,8.78,8.78,100.0
2019-04-03 13:44:00,8.78,8.78,8.78,8.78,500.0
2019-04-03 13:47:00,8.78,8.78,8.78,8.78,200.0
2019-04-03 13:49:00,8.78,8.7835,8.78,8.78,4300.0
2019-04-03 13:50:00,8.77,8.77,8.77,8.77,200.0
2019-04-03 13:52:00,8.77,8.77,8.77,8.77,100.0
2019-04-03 13:53:00,8.77,8.77,8.77,8.77,100.0
2019-04-03 13:54:00,8.78,8.78,8.78,8.78,100.0
2019-04-03 13:55:00,8.77,8.77,8.77,8.77,100.0
2019-04-03 13:56:00,8.77,8.77,8.77,8.77,200.0
2019-04-03 13:58:00,8.77,8.77,8.77,8.77,100.0
2019-04-03 13:59:00,8.77,8.77,8.77,8.77,200.0
2019-04-03 14:00:00,8.78,8.78,8.78,8.78,100.0
2019-04-03 14:01:00,8.77,8.77,8.77,8.77,100.0
2019-04-03 14:02:00,8.77,8.77,8.77,8.77,100.0
2019-04-03 14:06:00,8.77,8.77,8.77,8.77,505.0
2019-04-03 14:08:00,8.78,8.78,8.78,8.78,100.0
2019-04-03 14:09:00,8.77,8.77,8.77,8.77,200.0
2019-04-03 14:11:00,8.77,8.77,8.77,8.77,100.0
2019-04-03 14:14:00,8.77,8.77,8.77,8.77,100.0
2019-04-03 14:17:00,8.77,8.77,8.77,8.77,200.0
2019-04-03 14:20:00,8.77,8.77,8.77,8.77,149.0
2019-04-03 14:22:00,8.77,8.77,8.77,8.77,100.0
2019-04-03 14:25:00,8.77,8.77,8.77,8.77,100.0
2019-04-03 14:28:00,8.775,8.775,8.769,8.769,12200.0
2019-04-03 14:30:00,8.76,8.76,8.76,8.76,100.0
2019-04-03 14:31:00,8.7651,8.7651,8.7651,8.7651,1500.0
2019-04-03 14:34:00,8.76,8.76,8.76,8.76,100.0
2019-04-03 14:36:00,8.76,8.76,8.76,8.76,100.0
2019-04-03 14:37:00,8.76,8.76,8.76,8.76,100.0
2019-04-03 14:39:00,8.76,8.76,8.76,8.76,200.0
2019-04-03 14:40:00,8.76,8.76,8.76,8.76,100.0
2019-04-03 14:41:00,8.76,8.76,8.76,8.76,100.0
2019-04-03 14:43:00,8.76,8.76,8.76,8.76,100.0
2019-04-03 14:45:00,8.76,8.76,8.76,8.76,100.0
2019-04-03 14:49:00,8.76,8.76,8.76,8.76,100.0
2019-04-03 14:53:00,8.76,8.76,8.76,8.76,100.0
2019-04-03 14:55:00,8.765,8.765,8.765,8.765,170.0
2019-04-03 14:56:00,8.7668,8.7668,8.7668,8.7668,1000.0
2019-04-03 14:57:00,8.76,8.76,8.76,8.76,100.0
2019-04-03 15:00:00,8.76,8.76,8.76,8.76,100.0
2019-04-03 15:04:00,8.76,8.76,8.76,8.76,100.0
2019-04-03 15:08:00,8.76,8.76,8.76,8.76,100.0
2019-04-03 15:09:00,8.7672,8.7672,8.7672,8.7672,301.0
2019-04-03 15:12:00,8.76,8.76,8.76,8.76,107.0
2019-04-03 15:16:00,8.76,8.76,8.76,8.76,100.0
2019-04-03 15:19:00,8.76,8.76,8.76,8.76,100.0
2019-04-03 15:22:00,8.76,8.76,8.76,8.76,100.0
2019-04-03 15:26:00,8.76,8.76,8.76,8.76,100.0
2019-04-03 15:29:00,8.76,8.76,8.76,8.76,100.0
2019-04-03 15:32:00,8.76,8.76,8.76,8.76,100.0
2019-04-03 15:38:00,8.76,8.76,8.76,8.76,300.0
2019-04-03 15:43:00,8.76,8.76,8.76,8.76,100.0
2019-04-03 15:47:00,8.76,8.76,8.76,8.76,100.0
2019-04-03 15:49:00,8.76,8.76,8.76,8.76,673.0
2019-04-03 15:52:00,8.76,8.76,8.76,8.76,259.0
2019-04-03 15:54:00,8.76,8.76,8.76,8.76,606.0
2019-04-03 15:56:00,8.76,8.76,8.76,8.76,200.0
2019-04-03 15:57:00,8.76,8.76,8.76,8.76,100.0
2019-04-03 15:58:00,8.76,8.76,8.76,8.76,100.0
2019-04-03 15:59:00,8.76,8.76,8.76,8.76,204.0
2019-04-03 16:00:00,8.76,8.76,8.76,8.76,994.0
