
2019-03-19 09:31:00,13.32,13.32,13.32,13.32,0.0
2019-03-19 09:45:00,13.26,13.26,13.26,13.26,2509.0
2019-03-19 11:28:00,13.33,13.33,13.33,13.33,183.0
2019-03-19 11:50:00,13.35,13.35,13.35,13.35,6100.0
2019-03-19 12:12:00,13.35,13.35,13.35,13.35,138.0
2019-03-19 12:47:00,13.34,13.34,13.34,13.34,660.0
2019-03-19 13:56:00,13.34,13.34,13.34,13.34,300.0
2019-03-19 14:08:00,13.3393,13.3393,13.3393,13.3393,100.0
2019-03-19 14:09:00,13.36,13.36,13.36,13.36,1500.0
2019-03-19 14:43:00,13.365,13.37,13.365,13.37,3400.0
2019-03-19 15:23:00,13.355,13.355,13.34,13.34,300.0
2019-03-19 15:25:00,13.36,13.36,13.36,13.36,100.0
2019-03-19 15:38:00,13.36,13.36,13.36,13.36,1052.0
2019-03-19 15:59:00,13.37,13.37,13.37,13.37,100.0
2019-03-19 16:00:00,13.36,13.36,13.36,13.36,200.0
2019-03-20 09:31:00,13.34,13.34,13.34,13.34,1234.0
2019-03-20 09:36:00,13.29,13.29,13.26,13.26,2426.0
2019-03-20 09:37:00,13.34,13.34,13.34,13.34,2526.0
2019-03-20 09:38:00,13.36,13.36,13.36,13.36,302.0
2019-03-20 09:40:00,13.36,13.36,13.36,13.36,100.0
2019-03-20 09:44:00,13.36,13.36,13.36,13.36,1100.0
2019-03-20 09:45:00,13.36,13.36,13.36,13.36,1300.0
2019-03-20 09:47:00,13.36,13.36,13.36,13.36,100.0
2019-03-20 09:49:00,13.36,13.36,13.36,13.36,100.0
2019-03-20 09:51:00,13.365,13.365,13.365,13.365,173.0
2019-03-20 09:53:00,13.36,13.37,13.3441,13.3441,1060.0
2019-03-20 09:54:00,13.37,13.37,13.37,13.37,1260.0
2019-03-20 09:56:00,13.36,13.36,13.36,13.36,218.0
2019-03-20 10:06:00,13.36,13.36,13.36,13.36,100.0
2019-03-20 10:38:00,13.3481,13.3481,13.3481,13.3481,1000.0
2019-03-20 10:39:00,13.37,13.37,13.37,13.37,100.0
2019-03-20 10:41:00,13.37,13.37,13.37,13.37,100.0
2019-03-20 11:06:00,13.3282,13.3282,13.3282,13.3282,462.0
2019-03-20 11:08:00,13.37,13.37,13.37,13.37,100.0
2019-03-20 11:41:00,13.3348,13.3348,13.3348,13.3348,250.0
2019-03-20 11:44:00,13.38,13.38,13.38,13.38,352.0
2019-03-20 12:10:00,13.34,13.34,13.34,13.34,1907.0
2019-03-20 12:11:00,13.38,13.38,13.38,13.38,2607.0
2019-03-20 12:12:00,13.38,13.38,13.38,13.38,1303.0
2019-03-20 12:34:00,13.355,13.355,13.355,13.355,100.0
2019-03-20 12:35:00,13.355,13.355,13.355,13.355,100.0
2019-03-20 13:58:00,13.39,13.39,13.39,13.39,300.0
2019-03-20 13:59:00,13.39,13.39,13.39,13.39,1472.0
2019-03-20 14:25:00,13.4,13.4,13.3999,13.3999,446.0
2019-03-20 14:30:00,13.4,13.4,13.4,13.4,3001.0
2019-03-20 16:00:00,13.4,13.4,13.4,13.4,6383.0
2019-03-21 09:31:00,13.3,13.3,13.3,13.3,1460.0
2019-03-21 09:36:00,13.31,13.31,13.31,13.31,238.0
2019-03-21 09:37:00,13.31,13.31,13.31,13.31,2288.0
2019-03-21 09:38:00,13.3015,13.3015,13.3015,13.3015,712.0
2019-03-21 09:40:00,13.31,13.31,13.31,13.31,1515.0
2019-03-21 09:44:00,13.31,13.31,13.31,13.31,273.0
2019-03-21 09:53:00,13.32,13.32,13.31,13.31,2070.0
2019-03-21 10:36:00,13.3345,13.3345,13.3345,13.3345,115.0
2019-03-21 10:37:00,13.3459,13.3459,13.3459,13.3459,102.0
2019-03-21 11:29:00,13.3429,13.3429,13.3429,13.3429,1123.0
2019-03-21 11:46:00,13.34,13.34,13.34,13.34,210.0
2019-03-21 12:19:00,13.34,13.34,13.34,13.34,200.0
2019-03-21 12:29:00,13.345,13.345,13.34,13.34,1600.0
2019-03-21 13:26:00,13.34,13.34,13.34,13.34,1000.0
2019-03-21 14:10:00,13.34,13.34,13.34,13.34,394.0
2019-03-21 14:24:00,13.35,13.35,13.35,13.35,5011.0
2019-03-21 14:56:00,13.35,13.35,13.35,13.35,149.0
2019-03-21 15:07:00,13.351,13.351,13.351,13.351,300.0
2019-03-21 15:17:00,13.35,13.35,13.35,13.35,149.0
2019-03-21 15:21:00,13.3501,13.3501,13.3501,13.3501,118.0
2019-03-21 15:24:00,13.3551,13.3551,13.3551,13.3551,200.0
2019-03-21 15:30:00,13.35,13.35,13.35,13.35,149.0
2019-03-21 15:42:00,13.35,13.35,13.35,13.35,149.0
2019-03-21 15:46:00,13.35,13.35,13.35,13.35,1994.0
2019-03-21 15:57:00,13.35,13.35,13.35,13.35,4442.0
2019-03-22 09:31:00,13.37,13.37,13.37,13.37,0.0
2019-03-22 09:32:00,13.38,13.38,13.38,13.38,0.0
2019-03-22 09:40:00,13.37,13.37,13.37,13.37,1082.0
2019-03-22 09:41:00,13.37,13.37,13.37,13.37,1682.0
2019-03-22 09:48:00,13.397,13.397,13.397,13.397,1459.0
2019-03-22 09:57:00,13.44,13.44,13.44,13.44,100.0
2019-03-22 10:06:00,13.44,13.44,13.44,13.44,100.0
2019-03-22 10:19:00,13.43,13.43,13.43,13.43,100.0
2019-03-22 10:26:00,13.4027,13.4027,13.4027,13.4027,414.0
2019-03-22 10:30:00,13.4047,13.4047,13.4047,13.4047,114.0
2019-03-22 10:36:00,13.405,13.405,13.405,13.405,181.0
2019-03-22 12:00:00,13.37,13.37,13.36,13.36,2849.0
2019-03-22 12:02:00,13.36,13.36,13.36,13.36,3030.0
2019-03-22 12:04:00,13.39,13.39,13.39,13.39,200.0
2019-03-22 12:08:00,13.4,13.4,13.4,13.4,1300.0
2019-03-22 12:09:00,13.41,13.42,13.41,13.42,500.0
2019-03-22 12:11:00,13.42,13.42,13.42,13.42,2605.0
2019-03-22 12:20:00,13.43,13.43,13.43,13.43,100.0
2019-03-22 12:27:00,13.43,13.43,13.43,13.43,100.0
2019-03-22 12:37:00,13.43,13.43,13.43,13.43,309.0
2019-03-22 12:52:00,13.43,13.43,13.43,13.43,200.0
2019-03-22 13:05:00,13.42,13.42,13.42,13.42,2036.0
2019-03-22 13:14:00,13.4267,13.43,13.4267,13.43,1800.0
2019-03-22 13:30:00,13.43,13.43,13.43,13.43,100.0
2019-03-22 13:45:00,13.44,13.44,13.44,13.44,200.0
2019-03-22 14:00:00,13.43,13.43,13.43,13.43,100.0
2019-03-22 14:13:00,13.43,13.43,13.43,13.43,200.0
2019-03-22 15:13:00,13.43,13.43,13.43,13.43,100.0
2019-03-22 15:14:00,13.43,13.43,13.43,13.43,300.0
2019-03-22 15:39:00,13.45,13.45,13.45,13.45,3460.0
2019-03-25 09:31:00,13.43,13.43,13.43,13.43,3618.0
2019-03-25 09:33:00,13.35,13.35,13.35,13.35,1823.0
2019-03-25 09:55:00,13.43,13.43,13.43,13.43,100.0
2019-03-25 10:00:00,13.43,13.43,13.43,13.43,225.0
2019-03-25 10:05:00,13.43,13.43,13.43,13.43,100.0
2019-03-25 10:10:00,13.43,13.43,13.43,13.43,100.0
2019-03-25 10:15:00,13.43,13.43,13.43,13.43,100.0
2019-03-25 10:23:00,13.43,13.43,13.43,13.43,305.0
2019-03-25 11:06:00,13.43,13.43,13.43,13.43,280.0
2019-03-25 11:20:00,13.435,13.435,13.435,13.435,100.0
2019-03-25 11:51:00,13.43,13.43,13.43,13.43,112.0
2019-03-25 13:06:00,13.44,13.44,13.4327,13.4327,1176.0
2019-03-25 13:12:00,13.45,13.45,13.45,13.45,100.0
2019-03-25 13:24:00,13.45,13.45,13.45,13.45,100.0
2019-03-25 13:32:00,13.45,13.45,13.45,13.45,100.0
2019-03-25 13:34:00,13.45,13.45,13.45,13.45,100.0
2019-03-25 14:07:00,13.45,13.45,13.45,13.45,1000.0
2019-03-25 14:08:00,13.45,13.45,13.45,13.45,300.0
2019-03-25 14:30:00,13.45,13.45,13.45,13.45,100.0
2019-03-25 14:31:00,13.45,13.45,13.45,13.45,547.0
2019-03-25 15:18:00,13.4492,13.4492,13.4492,13.4492,300.0
2019-03-25 15:53:00,13.45,13.45,13.45,13.45,100.0
2019-03-25 15:54:00,13.45,13.45,13.45,13.45,238.0
2019-03-25 16:00:00,13.46,13.46,13.46,13.46,290.0
2019-03-26 09:31:00,13.39,13.39,13.39,13.39,0.0
2019-03-26 09:35:00,13.39,13.39,13.39,13.39,2580.0
2019-03-26 09:52:00,13.39,13.39,13.39,13.39,100.0
2019-03-26 09:53:00,13.43,13.43,13.43,13.43,100.0
2019-03-26 09:56:00,13.42,13.42,13.42,13.42,100.0
2019-03-26 10:00:00,13.43,13.43,13.43,13.43,100.0
2019-03-26 10:07:00,13.45,13.45,13.45,13.45,200.0
2019-03-26 10:11:00,13.41,13.45,13.41,13.45,200.0
2019-03-26 10:15:00,13.45,13.45,13.45,13.45,100.0
2019-03-26 10:20:00,13.45,13.45,13.45,13.45,100.0
2019-03-26 10:24:00,13.43,13.43,13.43,13.43,100.0
2019-03-26 10:27:00,13.41,13.41,13.41,13.41,100.0
2019-03-26 10:31:00,13.45,13.45,13.45,13.45,1095.0
2019-03-26 10:35:00,13.45,13.45,13.45,13.45,300.0
2019-03-26 10:38:00,13.45,13.45,13.45,13.45,500.0
2019-03-26 10:42:00,13.45,13.45,13.45,13.45,100.0
2019-03-26 10:46:00,13.46,13.46,13.46,13.46,100.0
2019-03-26 10:53:00,13.42,13.42,13.42,13.42,100.0
2019-03-26 11:01:00,13.424,13.46,13.424,13.46,1402.0
2019-03-26 11:09:00,13.42,13.42,13.42,13.42,101.0
2019-03-26 11:25:00,13.44,13.44,13.44,13.44,200.0
2019-03-26 11:26:00,13.42,13.42,13.42,13.42,800.0
2019-03-26 11:36:00,13.42,13.42,13.42,13.42,100.0
2019-03-26 11:37:00,13.44,13.44,13.44,13.44,301.0
2019-03-26 12:00:00,13.42,13.42,13.42,13.42,140.0
2019-03-26 12:46:00,13.43,13.43,13.43,13.43,200.0
2019-03-26 13:22:00,13.46,13.46,13.46,13.46,2000.0
2019-03-26 14:04:00,13.46,13.46,13.46,13.46,1800.0
2019-03-26 14:27:00,13.454,13.47,13.454,13.47,1150.0
2019-03-26 14:37:00,13.465,13.465,13.465,13.465,1524.0
2019-03-27 09:31:00,13.44,13.44,13.44,13.44,0.0
2019-03-27 09:38:00,13.5,13.5,13.5,13.5,3686.0
2019-03-27 09:40:00,13.5,13.5,13.5,13.5,140.0
2019-03-27 09:42:00,13.51,13.51,13.51,13.51,240.0
2019-03-27 09:58:00,13.44,13.44,13.44,13.44,100.0
2019-03-27 10:16:00,13.44,13.44,13.44,13.44,100.0
2019-03-27 10:17:00,13.48,13.48,13.48,13.48,100.0
2019-03-27 10:29:00,13.45,13.45,13.45,13.45,100.0
2019-03-27 10:36:00,13.45,13.45,13.45,13.45,101.0
2019-03-27 10:56:00,13.45,13.45,13.45,13.45,100.0
2019-03-27 11:01:00,13.442,13.442,13.442,13.442,265.0
2019-03-27 11:08:00,13.46,13.46,13.46,13.46,1084.0
2019-03-27 11:29:00,13.4409,13.4409,13.4409,13.4409,149.0
2019-03-27 11:34:00,13.48,13.48,13.48,13.48,100.0
2019-03-27 11:38:00,13.44,13.44,13.44,13.44,101.0
2019-03-27 12:02:00,13.44,13.44,13.44,13.44,100.0
2019-03-27 12:04:00,13.4582,13.4582,13.4582,13.4582,1400.0
2019-03-27 12:07:00,13.48,13.48,13.48,13.48,300.0
2019-03-27 12:09:00,13.49,13.49,13.49,13.49,100.0
2019-03-27 12:28:00,13.44,13.44,13.44,13.44,100.0
2019-03-27 12:53:00,13.46,13.46,13.46,13.46,100.0
2019-03-27 12:55:00,13.49,13.49,13.49,13.49,100.0
2019-03-27 12:57:00,13.49,13.49,13.49,13.49,1250.0
2019-03-27 12:58:00,13.48,13.48,13.48,13.48,100.0
2019-03-27 13:23:00,13.45,13.45,13.45,13.45,100.0
2019-03-27 13:51:00,13.45,13.45,13.45,13.45,187.0
2019-03-27 15:01:00,13.465,13.465,13.465,13.465,200.0
2019-03-27 15:02:00,13.49,13.49,13.49,13.49,2201.0
2019-03-27 15:07:00,13.4879,13.4879,13.4879,13.4879,100.0
2019-03-27 15:11:00,13.5,13.5,13.5,13.5,1093.0
2019-03-27 15:14:00,13.5,13.5,13.5,13.5,100.0
2019-03-27 15:18:00,13.5,13.5,13.5,13.5,122.0
2019-03-27 15:32:00,13.4842,13.5,13.4842,13.5,3413.0
2019-03-27 15:35:00,13.5,13.5,13.48,13.48,400.0
2019-03-27 15:37:00,13.5,13.5,13.5,13.5,500.0
2019-03-27 15:50:00,13.5,13.5,13.5,13.5,1000.0
2019-03-27 16:00:00,13.49,13.49,13.49,13.49,112.0
2019-03-28 09:31:00,13.44,13.44,13.44,13.44,0.0
2019-03-28 09:32:00,13.43,13.43,13.42,13.42,738.0
2019-03-28 09:33:00,13.42,13.42,13.42,13.42,0.0
2019-03-28 09:35:00,13.41,13.41,13.41,13.41,200.0
2019-03-28 09:36:00,13.41,13.41,13.41,13.41,146.0
2019-03-28 09:41:00,13.41,13.41,13.41,13.41,164.0
2019-03-28 09:43:00,13.42,13.42,13.42,13.42,400.0
2019-03-28 09:44:00,13.42,13.42,13.42,13.42,800.0
2019-03-28 09:46:00,13.42,13.42,13.42,13.42,688.0
2019-03-28 10:05:00,13.48,13.48,13.48,13.48,100.0
2019-03-28 10:10:00,13.45,13.45,13.45,13.45,200.0
2019-03-28 10:11:00,13.448,13.448,13.43,13.43,1160.0
2019-03-28 10:16:00,13.45,13.45,13.45,13.45,740.0
2019-03-28 10:18:00,13.45,13.45,13.45,13.45,500.0
2019-03-28 10:25:00,13.45,13.45,13.45,13.45,100.0
2019-03-28 10:28:00,13.45,13.45,13.45,13.45,200.0
2019-03-28 10:38:00,13.45,13.45,13.45,13.45,100.0
2019-03-28 10:39:00,13.45,13.45,13.45,13.45,101.0
2019-03-28 10:48:00,13.48,13.48,13.48,13.48,100.0
2019-03-28 10:57:00,13.5,13.505,13.5,13.505,852.0
2019-03-28 10:58:00,13.51,13.51,13.51,13.51,1652.0
2019-03-28 10:59:00,13.51,13.51,13.51,13.51,504.0
2019-03-28 11:21:00,13.515,13.515,13.51,13.51,300.0
2019-03-28 11:41:00,13.52,13.52,13.52,13.52,100.0
2019-03-28 11:43:00,13.51,13.51,13.51,13.51,100.0
2019-03-28 12:05:00,13.51,13.51,13.51,13.51,100.0
2019-03-28 12:18:00,13.51,13.51,13.51,13.51,100.0
2019-03-28 12:31:00,13.51,13.51,13.51,13.51,100.0
2019-03-28 12:47:00,13.51,13.51,13.51,13.51,100.0
2019-03-28 13:02:00,13.51,13.51,13.51,13.51,100.0
2019-03-28 13:16:00,13.51,13.51,13.51,13.51,100.0
2019-03-28 13:29:00,13.51,13.51,13.51,13.51,110.0
2019-03-28 13:42:00,13.51,13.51,13.51,13.51,100.0
2019-03-28 13:49:00,13.5065,13.5065,13.5065,13.5065,100.0
2019-03-28 13:53:00,13.51,13.51,13.51,13.51,100.0
2019-03-28 13:54:00,13.5065,13.5065,13.5065,13.5065,140.0
2019-03-28 14:04:00,13.51,13.51,13.51,13.51,100.0
2019-03-28 14:16:00,13.51,13.51,13.51,13.51,100.0
2019-03-28 14:27:00,13.51,13.51,13.51,13.51,100.0
2019-03-28 14:31:00,13.51,13.51,13.51,13.51,1089.0
2019-03-28 16:00:00,13.52,13.52,13.52,13.52,259.0
2019-03-29 09:31:00,13.45,13.45,13.45,13.45,0.0
2019-03-29 09:41:00,13.43,13.43,13.43,13.43,2321.0
2019-03-29 09:49:00,13.48,13.48,13.48,13.48,600.0
2019-03-29 09:57:00,13.5,13.5,13.5,13.5,100.0
2019-03-29 10:06:00,13.5,13.5,13.5,13.5,193.0
2019-03-29 10:16:00,13.5,13.5,13.5,13.5,200.0
2019-03-29 10:36:00,13.4979,13.5,13.4979,13.5,401.0
2019-03-29 11:04:00,13.47,13.47,13.47,13.47,220.0
2019-03-29 11:16:00,13.49,13.49,13.49,13.49,100.0
2019-03-29 11:20:00,13.49,13.49,13.49,13.49,400.0
2019-03-29 11:27:00,13.475,13.475,13.475,13.475,172.0
2019-03-29 12:06:00,13.46,13.46,13.46,13.46,300.0
2019-03-29 12:10:00,13.45,13.45,13.45,13.45,500.0
2019-03-29 12:12:00,13.45,13.45,13.45,13.45,1221.0
2019-03-29 12:18:00,13.43,13.43,13.43,13.43,200.0
2019-03-29 12:30:00,13.43,13.43,13.43,13.43,200.0
2019-03-29 13:07:00,13.43,13.43,13.43,13.43,100.0
2019-03-29 13:24:00,13.42,13.42,13.42,13.42,619.0
2019-03-29 13:59:00,13.42,13.42,13.42,13.42,100.0
2019-03-29 14:08:00,13.42,13.42,13.42,13.42,100.0
2019-03-29 14:16:00,13.42,13.42,13.42,13.42,100.0
2019-03-29 14:17:00,13.42,13.42,13.42,13.42,400.0
2019-03-29 14:29:00,13.41,13.41,13.41,13.41,800.0
2019-03-29 14:34:00,13.42,13.42,13.42,13.42,302.0
2019-03-29 14:41:00,13.43,13.43,13.43,13.43,626.0
2019-03-29 14:59:00,13.43,13.43,13.43,13.43,100.0
2019-03-29 15:15:00,13.43,13.43,13.43,13.43,101.0
2019-03-29 15:21:00,13.43,13.43,13.43,13.43,100.0
2019-03-29 15:27:00,13.43,13.43,13.43,13.43,200.0
2019-03-29 15:32:00,13.43,13.43,13.43,13.43,640.0
2019-03-29 15:46:00,13.4486,13.4486,13.4486,13.4486,155.0
2019-03-29 15:51:00,13.45,13.45,13.43,13.43,420.0
2019-03-29 15:56:00,13.43,13.43,13.43,13.43,120.0
2019-03-29 15:59:00,13.43,13.43,13.43,13.43,140.0
2019-04-01 09:31:00,13.45,13.45,13.45,13.45,0.0
2019-04-01 09:40:00,13.39,13.39,13.39,13.39,401.0
2019-04-01 09:46:00,13.43,13.43,13.43,13.43,300.0
2019-04-01 09:51:00,13.43,13.43,13.43,13.43,132.0
2019-04-01 10:06:00,13.41,13.41,13.41,13.41,396.0
2019-04-01 10:24:00,13.41,13.41,13.41,13.41,200.0
2019-04-01 10:32:00,13.42,13.42,13.42,13.42,100.0
2019-04-01 10:40:00,13.4309,13.4309,13.4309,13.4309,532.0
2019-04-01 10:48:00,13.42,13.42,13.42,13.42,298.0
2019-04-01 11:12:00,13.42,13.445,13.42,13.445,301.0
2019-04-01 11:23:00,13.465,13.465,13.465,13.465,154.0
2019-04-01 11:29:00,13.43,13.43,13.43,13.43,300.0
2019-04-01 11:39:00,13.42,13.42,13.42,13.42,200.0
2019-04-01 11:48:00,13.44,13.46,13.44,13.46,400.0
2019-04-01 11:53:00,13.44,13.44,13.44,13.44,101.0
2019-04-01 12:00:00,13.47,13.47,13.47,13.47,500.0
2019-04-01 12:11:00,13.46,13.46,13.46,13.46,100.0
2019-04-01 12:13:00,13.445,13.445,13.445,13.445,570.0
2019-04-01 12:22:00,13.41,13.41,13.41,13.41,2517.0
2019-04-01 12:48:00,13.47,13.47,13.47,13.47,100.0
2019-04-01 12:50:00,13.47,13.47,13.47,13.47,700.0
2019-04-01 13:05:00,13.41,13.41,13.41,13.41,300.0
2019-04-01 13:14:00,13.44,13.44,13.44,13.44,116.0
2019-04-01 13:22:00,13.41,13.41,13.41,13.41,400.0
2019-04-01 13:37:00,13.41,13.41,13.41,13.41,1317.0
2019-04-01 13:59:00,13.41,13.41,13.41,13.41,300.0
2019-04-01 14:16:00,13.41,13.41,13.41,13.41,300.0
2019-04-01 14:39:00,13.41,13.41,13.41,13.41,311.0
2019-04-01 14:50:00,13.41,13.41,13.41,13.41,310.0
2019-04-01 14:56:00,13.41,13.41,13.41,13.41,200.0
2019-04-01 15:07:00,13.41,13.41,13.41,13.41,300.0
2019-04-01 15:32:00,13.41,13.41,13.41,13.41,300.0
2019-04-01 15:48:00,13.4232,13.4232,13.4101,13.4101,1200.0
2019-04-01 15:50:00,13.41,13.41,13.41,13.41,300.0
2019-04-01 15:56:00,13.41,13.41,13.41,13.41,100.0
2019-04-01 15:59:00,13.41,13.41,13.41,13.41,403.0
2019-04-02 09:31:00,13.39,13.39,13.39,13.39,0.0
2019-04-02 09:41:00,13.4476,13.4476,13.4476,13.4476,201.0
2019-04-02 09:44:00,13.39,13.39,13.39,13.39,200.0
2019-04-02 09:46:00,13.44,13.44,13.44,13.44,100.0
2019-04-02 09:52:00,13.475,13.475,13.475,13.475,110.0
2019-04-02 10:01:00,13.45,13.45,13.45,13.45,391.0
2019-04-02 10:03:00,13.405,13.405,13.405,13.405,200.0
2019-04-02 10:11:00,13.46,13.46,13.46,13.46,100.0
2019-04-02 10:22:00,13.46,13.46,13.46,13.46,133.0
2019-04-02 10:31:00,13.4,13.4,13.4,13.4,203.0
2019-04-02 10:46:00,13.46,13.46,13.46,13.46,100.0
2019-04-02 10:49:00,13.41,13.41,13.4,13.4,5500.0
2019-04-02 10:53:00,13.41,13.41,13.4001,13.4001,5000.0
2019-04-02 11:04:00,13.45,13.45,13.45,13.45,100.0
2019-04-02 11:11:00,13.46,13.46,13.46,13.46,100.0
2019-04-02 11:17:00,13.45,13.45,13.43,13.43,200.0
2019-04-02 11:24:00,13.445,13.445,13.445,13.445,169.0
2019-04-02 11:30:00,13.46,13.46,13.46,13.46,100.0
2019-04-02 11:32:00,13.43,13.43,13.43,13.43,200.0
2019-04-02 11:37:00,13.445,13.445,13.445,13.445,200.0
2019-04-02 11:46:00,13.43,13.43,13.43,13.43,100.0
2019-04-02 11:47:00,13.445,13.445,13.445,13.445,200.0
2019-04-02 11:51:00,13.43,13.43,13.43,13.43,200.0
2019-04-02 12:00:00,13.445,13.445,13.445,13.445,100.0
2019-04-02 12:02:00,13.46,13.46,13.46,13.46,100.0
2019-04-02 12:07:00,13.4503,13.4503,13.4503,13.4503,742.0
2019-04-02 12:10:00,13.46,13.46,13.46,13.46,100.0
2019-04-02 12:17:00,13.46,13.46,13.46,13.46,100.0
2019-04-02 12:25:00,13.46,13.46,13.46,13.46,100.0
2019-04-02 12:34:00,13.46,13.46,13.46,13.46,100.0
2019-04-02 12:41:00,13.46,13.46,13.46,13.46,288.0
2019-04-02 12:42:00,13.46,13.46,13.46,13.46,100.0
2019-04-02 12:50:00,13.45,13.45,13.45,13.45,100.0
2019-04-02 12:58:00,13.45,13.45,13.45,13.45,200.0
2019-04-02 13:15:00,13.46,13.46,13.46,13.46,100.0
2019-04-02 13:19:00,13.46,13.46,13.46,13.46,400.0
2019-04-02 13:24:00,13.46,13.46,13.46,13.46,100.0
2019-04-02 13:33:00,13.46,13.46,13.46,13.46,100.0
2019-04-02 13:41:00,13.46,13.46,13.46,13.46,100.0
2019-04-02 13:49:00,13.46,13.46,13.46,13.46,100.0
2019-04-02 13:51:00,13.43,13.43,13.43,13.43,200.0
2019-04-02 13:56:00,13.4522,13.4522,13.4522,13.4522,400.0
2019-04-02 13:58:00,13.4599,13.4599,13.4599,13.4599,1000.0
2019-04-02 14:00:00,13.46,13.46,13.46,13.46,100.0
2019-04-02 14:05:00,13.46,13.46,13.46,13.46,100.0
2019-04-02 14:13:00,13.46,13.46,13.46,13.46,100.0
2019-04-02 14:20:00,13.46,13.46,13.46,13.46,100.0
2019-04-02 14:27:00,13.46,13.46,13.46,13.46,300.0
2019-04-02 14:35:00,13.46,13.46,13.46,13.46,100.0
2019-04-02 14:42:00,13.46,13.46,13.46,13.46,100.0
2019-04-02 14:49:00,13.46,13.46,13.46,13.46,100.0
2019-04-02 14:56:00,13.46,13.46,13.46,13.46,100.0
2019-04-02 15:03:00,13.46,13.46,13.46,13.46,100.0
2019-04-02 15:10:00,13.46,13.46,13.46,13.46,100.0
2019-04-02 15:16:00,13.46,13.46,13.46,13.46,100.0
2019-04-02 15:19:00,13.43,13.43,13.43,13.43,222.0
2019-04-02 15:22:00,13.46,13.46,13.46,13.46,866.0
2019-04-02 15:27:00,13.46,13.46,13.46,13.46,100.0
2019-04-02 15:32:00,13.46,13.46,13.46,13.46,100.0
2019-04-02 15:36:00,13.46,13.46,13.46,13.46,100.0
2019-04-02 15:41:00,13.46,13.46,13.46,13.46,200.0
2019-04-02 15:43:00,13.46,13.46,13.46,13.46,100.0
2019-04-02 15:46:00,13.46,13.46,13.46,13.46,100.0
2019-04-02 15:49:00,13.46,13.46,13.46,13.46,168.0
2019-04-02 15:54:00,13.46,13.46,13.46,13.46,400.0
2019-04-03 09:31:00,13.43,13.43,13.43,13.43,0.0
2019-04-03 09:50:00,13.43,13.43,13.43,13.43,100.0
2019-04-03 09:52:00,13.41,13.41,13.41,13.41,300.0
2019-04-03 10:22:00,13.42,13.43,13.39,13.39,9838.0
2019-04-03 10:23:00,13.43,13.43,13.43,13.43,2114.0
2019-04-03 10:49:00,13.4,13.4,13.4,13.4,200.0
2019-04-03 10:58:00,13.43,13.43,13.43,13.43,207.0
2019-04-03 11:23:00,13.43,13.43,13.4,13.4,507.0
2019-04-03 11:47:00,13.4,13.4,13.4,13.4,200.0
2019-04-03 11:54:00,13.43,13.44,13.43,13.44,3552.0
2019-04-03 11:56:00,13.45,13.45,13.45,13.45,800.0
2019-04-03 11:57:00,13.45,13.45,13.45,13.45,200.0
2019-04-03 12:41:00,13.46,13.46,13.46,13.46,100.0
2019-04-03 12:42:00,13.46,13.46,13.46,13.46,1101.0
2019-04-03 12:58:00,13.47,13.47,13.47,13.47,100.0
2019-04-03 12:59:00,13.47,13.47,13.47,13.47,644.0
2019-04-03 13:08:00,13.47,13.47,13.47,13.47,2000.0
2019-04-03 13:51:00,13.465,13.465,13.465,13.465,100.0
2019-04-03 14:04:00,13.47,13.47,13.47,13.47,600.0
2019-04-03 14:50:00,13.45,13.45,13.45,13.45,200.0
2019-04-03 15:26:00,13.4599,13.4599,13.4599,13.4599,300.0
2019-04-03 15:32:00,13.45,13.45,13.45,13.45,277.0
2019-04-03 15:54:00,13.44,13.44,13.44,13.44,100.0
2019-04-03 16:00:00,13.44,13.44,13.44,13.44,562.0
