
2019-03-19 09:31:00,22.45,22.45,22.45,22.45,0.0
2019-03-19 09:40:00,22.4,22.4,22.4,22.4,531.0
2019-03-19 09:44:00,22.4,22.4,22.4,22.4,414.0
2019-03-19 09:59:00,22.14,22.14,22.14,22.14,320.0
2019-03-19 10:06:00,22.34,22.34,22.34,22.34,143.0
2019-03-19 10:15:00,22.11,22.11,22.11,22.11,413.0
2019-03-19 10:37:00,22.12,22.12,22.12,22.12,438.0
2019-03-19 10:48:00,22.268,22.268,22.268,22.268,764.0
2019-03-19 12:17:00,22.3727,22.3727,22.3727,22.3727,100.0
2019-03-19 13:10:00,22.37,22.37,22.37,22.37,482.0
2019-03-19 13:24:00,22.42,22.42,22.42,22.42,100.0
2019-03-19 13:29:00,22.3824,22.3824,22.3824,22.3824,218.0
2019-03-19 13:53:00,22.29,22.29,22.29,22.29,269.0
2019-03-19 14:49:00,22.424,22.424,22.424,22.424,283.0
2019-03-19 15:11:00,22.3,22.3,22.3,22.3,200.0
2019-03-19 15:13:00,22.37,22.37,22.37,22.37,238.0
2019-03-19 15:16:00,22.435,22.435,22.435,22.435,208.0
2019-03-19 15:22:00,22.38,22.38,22.38,22.38,200.0
2019-03-19 15:26:00,22.36,22.36,22.36,22.36,1111.0
2019-03-19 15:52:00,22.43,22.43,22.377,22.377,652.0
2019-03-19 15:53:00,22.3848,22.3848,22.3848,22.3848,586.0
2019-03-19 15:58:00,22.43,22.43,22.43,22.43,101.0
2019-03-19 15:59:00,22.44,22.44,22.44,22.44,402.0
2019-03-20 09:31:00,22.49,22.49,22.49,22.49,0.0
2019-03-20 09:59:00,22.2751,22.2751,22.2538,22.2538,2093.0
2019-03-20 10:38:00,22.4303,22.4303,22.4303,22.4303,251.0
2019-03-20 11:44:00,22.405,22.405,22.405,22.405,106.0
2019-03-20 12:26:00,22.155,22.155,22.155,22.155,3387.0
2019-03-20 12:55:00,22.37,22.37,22.37,22.37,286.0
2019-03-20 13:10:00,22.18,22.18,22.18,22.18,112.0
2019-03-20 13:17:00,22.0401,22.0401,22.0401,22.0401,618.0
2019-03-20 15:11:00,22.2342,22.2342,22.2342,22.2342,436.0
2019-03-20 15:34:00,22.42,22.42,22.42,22.42,307.0
2019-03-20 15:56:00,22.3459,22.3459,22.3459,22.3459,490.0
2019-03-20 16:00:00,22.36,22.37,22.35,22.37,353.0
2019-03-21 09:31:00,22.82,22.82,22.82,22.82,0.0
2019-03-21 11:59:00,22.5,22.5,22.5,22.5,421.0
2019-03-21 12:55:00,22.5,22.5,22.5,22.5,1140.0
2019-03-21 13:04:00,22.4648,22.4648,22.4248,22.4248,2349.0
2019-03-21 13:22:00,22.69,22.69,22.69,22.69,178.0
2019-03-21 13:55:00,22.55,22.55,22.55,22.55,200.0
2019-03-21 14:03:00,22.55,22.55,22.55,22.55,120.0
2019-03-21 14:06:00,22.495,22.495,22.495,22.495,183.0
2019-03-21 14:23:00,22.58,22.58,22.58,22.58,100.0
2019-03-21 14:25:00,22.57,22.57,22.57,22.57,106.0
2019-03-21 14:34:00,22.5042,22.5042,22.5042,22.5042,250.0
2019-03-21 14:36:00,22.5234,22.5234,22.5234,22.5234,200.0
2019-03-21 14:42:00,22.56,22.56,22.56,22.56,220.0
2019-03-21 14:46:00,22.48,22.4919,22.48,22.4919,922.0
2019-03-21 15:00:00,22.55,22.55,22.55,22.55,100.0
2019-03-21 15:06:00,22.56,22.56,22.56,22.56,100.0
2019-03-21 15:14:00,22.39,22.39,22.39,22.39,443.0
2019-03-21 15:20:00,22.41,22.41,22.41,22.41,220.0
2019-03-21 15:34:00,22.48,22.48,22.48,22.48,100.0
2019-03-21 15:35:00,22.48,22.48,22.48,22.48,120.0
2019-03-21 15:43:00,22.5,22.5,22.5,22.5,100.0
2019-03-21 15:45:00,22.47,22.47,22.47,22.47,152.0
2019-03-21 15:52:00,22.48,22.48,22.32,22.32,759.0
2019-03-21 15:57:00,22.45,22.45,22.45,22.45,101.0
2019-03-21 16:00:00,22.45,22.45,22.45,22.45,212.0
2019-03-22 10:05:00,22.2532,22.2532,22.2532,22.2532,370.0
2019-03-22 10:06:00,22.2096,22.2096,22.2096,22.2096,692.0
2019-03-22 10:41:00,22.3,22.3787,22.3,22.3787,533.0
2019-03-22 10:42:00,22.25,22.25,22.25,22.25,707.0
2019-03-22 10:58:00,22.2529,22.2529,22.2529,22.2529,102.0
2019-03-22 11:07:00,22.12,22.12,22.12,22.12,225.0
2019-03-22 11:22:00,22.05,22.05,22.05,22.05,401.0
2019-03-22 11:23:00,22.0,22.0,22.0,22.0,723.0
2019-03-22 11:24:00,22.0,22.0,22.0,22.0,758.0
2019-03-22 11:32:00,21.75,21.75,21.75,21.75,104.0
2019-03-22 12:06:00,21.95,21.95,21.95,21.95,126.0
2019-03-22 12:10:00,21.75,21.75,21.75,21.75,100.0
2019-03-22 12:11:00,21.876,21.876,21.876,21.876,279.0
2019-03-22 13:15:00,21.75,21.75,21.75,21.75,100.0
2019-03-22 13:33:00,21.88,21.88,21.88,21.88,124.0
2019-03-22 14:26:00,21.64,21.64,21.64,21.64,892.0
2019-03-22 14:44:00,21.81,21.81,21.81,21.81,166.0
2019-03-22 15:40:00,21.79,21.79,21.79,21.79,100.0
2019-03-22 15:51:00,21.78,21.78,21.78,21.78,101.0
2019-03-22 15:53:00,21.6578,21.6578,21.6578,21.6578,100.0
2019-03-22 15:54:00,21.58,21.58,21.58,21.58,215.0
2019-03-22 15:56:00,21.705,21.705,21.705,21.705,200.0
2019-03-22 15:57:00,21.6475,21.6475,21.6475,21.6475,656.0
2019-03-22 15:58:00,21.72,21.72,21.72,21.72,496.0
2019-03-22 16:00:00,21.56,21.56,21.56,21.56,991.0
2019-03-25 09:34:00,21.5018,21.58,21.5018,21.58,2239.0
2019-03-25 09:38:00,21.6331,21.6331,21.6331,21.6331,396.0
2019-03-25 09:55:00,21.615,21.615,21.615,21.615,258.0
2019-03-25 10:15:00,21.4,21.4,21.4,21.4,200.0
2019-03-25 10:16:00,21.4,21.4,21.4,21.4,418.0
2019-03-25 10:30:00,21.3,21.3,21.3,21.3,104.0
2019-03-25 10:40:00,21.44,21.44,21.4,21.4,514.0
2019-03-25 10:54:00,21.44,21.44,21.25,21.25,780.0
2019-03-25 11:07:00,21.4602,21.4602,21.4602,21.4602,166.0
2019-03-25 11:38:00,21.5,21.5,21.5,21.5,111.0
2019-03-25 11:46:00,21.414,21.414,21.414,21.414,654.0
2019-03-25 11:56:00,21.5,21.5,21.5,21.5,302.0
2019-03-25 11:58:00,21.62,21.62,21.62,21.62,186.0
2019-03-25 12:13:00,21.51,21.51,21.51,21.51,126.0
2019-03-25 12:46:00,21.533,21.533,21.533,21.533,103.0
2019-03-25 12:47:00,21.5846,21.5846,21.5846,21.5846,103.0
2019-03-25 13:00:00,21.51,21.51,21.51,21.51,160.0
2019-03-25 13:15:00,21.59,21.59,21.59,21.59,524.0
2019-03-25 13:38:00,21.67,21.67,21.67,21.67,281.0
2019-03-25 14:03:00,21.6537,21.6537,21.6537,21.6537,1003.0
2019-03-25 14:10:00,21.72,21.7499,21.72,21.7499,1049.0
2019-03-25 14:51:00,21.73,21.73,21.73,21.73,105.0
2019-03-25 14:58:00,21.83,21.83,21.83,21.83,396.0
2019-03-25 15:29:00,21.8144,21.8144,21.8144,21.8144,508.0
2019-03-25 15:40:00,21.73,21.73,21.73,21.73,112.0
2019-03-25 15:48:00,21.88,21.88,21.88,21.88,164.0
2019-03-25 15:51:00,21.87,21.87,21.87,21.87,103.0
2019-03-25 15:54:00,21.88,21.88,21.88,21.88,212.0
2019-03-25 15:58:00,21.8616,21.8616,21.8616,21.8616,357.0
2019-03-25 15:59:00,21.86,21.86,21.86,21.86,260.0
2019-03-26 09:31:00,22.0,22.0,22.0,22.0,134.0
2019-03-26 09:36:00,22.2,22.2,22.2,22.2,260.0
2019-03-26 09:43:00,21.965,21.965,21.965,21.965,1056.0
2019-03-26 10:31:00,21.9724,21.9724,21.9724,21.9724,299.0
2019-03-26 14:19:00,21.82,21.8783,21.82,21.8783,1051.0
2019-03-26 15:23:00,22.01,22.01,22.01,22.01,644.0
2019-03-27 11:16:00,22.03,22.03,22.0,22.0,1029.0
2019-03-27 11:19:00,21.9,21.9,21.9,21.9,523.0
2019-03-27 11:35:00,21.81,21.812,21.79,21.79,701.0
2019-03-27 11:38:00,21.69,21.69,21.69,21.69,100.0
2019-03-27 11:42:00,21.6,21.6,21.6,21.6,200.0
2019-03-27 11:45:00,21.516,21.516,21.516,21.516,600.0
2019-03-27 11:53:00,21.6106,21.6106,21.6106,21.6106,160.0
2019-03-27 12:06:00,21.64,21.67,21.64,21.67,1535.0
2019-03-27 12:20:00,21.7,21.7,21.7,21.7,200.0
2019-03-27 12:33:00,21.711,21.805,21.71,21.71,1000.0
2019-03-27 12:36:00,21.68,21.68,21.68,21.68,200.0
2019-03-27 12:46:00,21.65,21.65,21.65,21.65,305.0
2019-03-27 13:23:00,21.77,21.77,21.77,21.77,100.0
2019-03-27 13:40:00,21.7988,21.7988,21.7988,21.7988,300.0
2019-03-27 13:41:00,21.77,21.77,21.77,21.77,100.0
2019-03-27 13:47:00,21.65,21.65,21.65,21.65,228.0
2019-03-27 14:46:00,21.65,21.65,21.65,21.65,103.0
2019-03-27 14:53:00,21.75,21.75,21.75,21.75,141.0
2019-03-27 14:58:00,21.75,21.75,21.75,21.75,103.0
2019-03-27 15:04:00,21.84,21.84,21.84,21.84,131.0
2019-03-27 15:06:00,21.83,21.85,21.83,21.85,822.0
2019-03-27 15:20:00,21.78,21.78,21.78,21.78,239.0
2019-03-27 15:46:00,21.98,21.98,21.71,21.865,1000.0
2019-03-27 15:47:00,21.9,21.9,21.9,21.9,200.0
2019-03-27 15:52:00,21.86,21.86,21.86,21.86,167.0
2019-03-27 15:53:00,21.88,21.88,21.88,21.88,668.0
2019-03-27 15:55:00,21.88,21.88,21.88,21.88,200.0
2019-03-27 15:56:00,21.8,21.8,21.8,21.8,255.0
2019-03-27 16:00:00,21.79,21.79,21.79,21.79,252.0
2019-03-28 10:03:00,21.75,21.75,21.75,21.75,213.0
2019-03-28 10:13:00,21.795,21.795,21.795,21.795,138.0
2019-03-28 10:44:00,21.9,21.9,21.9,21.9,325.0
2019-03-28 10:48:00,21.92,21.92,21.92,21.92,135.0
2019-03-28 10:52:00,21.8891,21.8891,21.8891,21.8891,1100.0
2019-03-28 10:57:00,21.9975,21.9975,21.9975,21.9975,366.0
2019-03-28 11:09:00,21.79,21.79,21.79,21.79,252.0
2019-03-28 11:23:00,21.84,21.84,21.84,21.84,125.0
2019-03-28 11:25:00,22.11,22.11,22.11,22.11,100.0
2019-03-28 11:34:00,21.81,21.81,21.81,21.81,264.0
2019-03-28 11:50:00,21.82,21.82,21.82,21.82,106.0
2019-03-28 11:59:00,21.83,21.83,21.83,21.83,267.0
2019-03-28 12:00:00,21.83,21.83,21.83,21.83,100.0
2019-03-28 12:09:00,21.86,21.86,21.86,21.86,100.0
2019-03-28 12:13:00,21.78,21.78,21.78,21.78,100.0
2019-03-28 12:14:00,21.7382,21.7382,21.7382,21.7382,2523.0
2019-03-28 12:35:00,21.75,21.75,21.75,21.75,305.0
2019-03-28 12:37:00,21.61,21.61,21.61,21.61,555.0
2019-03-28 12:55:00,21.59,21.59,21.517,21.517,634.0
2019-03-28 13:59:00,21.5,21.5,21.5,21.5,603.0
2019-03-28 14:23:00,21.5,21.5,21.32,21.32,263.0
2019-03-28 14:44:00,21.31,21.31,21.31,21.31,100.0
2019-03-28 14:48:00,21.345,21.345,21.345,21.345,920.0
2019-03-28 14:51:00,21.3,21.3,21.12,21.12,1996.0
2019-03-28 15:04:00,21.12,21.12,21.12,21.12,600.0
2019-03-28 15:06:00,21.2,21.2,21.2,21.2,274.0
2019-03-28 15:31:00,21.23,21.23,21.23,21.23,110.0
2019-03-28 15:41:00,21.26,21.26,21.25,21.25,610.0
2019-03-28 15:42:00,21.25,21.25,21.25,21.25,1010.0
2019-03-28 15:43:00,21.14,21.14,21.14,21.14,109.0
2019-03-28 15:44:00,21.23,21.23,21.23,21.23,1790.0
2019-03-28 16:00:00,21.16,21.16,21.16,21.16,556.0
2019-03-29 09:31:00,21.29,21.29,21.29,21.29,0.0
2019-03-29 11:16:00,21.355,21.355,21.355,21.355,106.0
2019-03-29 11:53:00,21.198,21.198,21.198,21.198,335.0
2019-03-29 12:07:00,21.33,21.33,21.33,21.33,200.0
2019-03-29 12:15:00,21.3384,21.3384,21.3384,21.3384,602.0
2019-03-29 12:41:00,21.2776,21.2776,21.2776,21.2776,396.0
2019-03-29 12:52:00,21.18,21.18,21.18,21.18,217.0
2019-03-29 12:54:00,21.04,21.04,21.04,21.04,300.0
2019-03-29 13:01:00,21.018,21.018,21.018,21.018,100.0
2019-03-29 13:23:00,21.15,21.15,21.0,21.0,503.0
2019-03-29 13:55:00,21.14,21.15,21.075,21.075,500.0
2019-03-29 14:00:00,21.14,21.14,21.075,21.075,200.0
2019-03-29 14:01:00,21.0885,21.0885,21.0,21.0,1324.0
2019-03-29 14:23:00,21.1399,21.1399,21.1399,21.1399,300.0
2019-03-29 14:24:00,21.01,21.0649,21.0,21.0,1246.0
2019-03-29 14:28:00,21.0,21.0,21.0,21.0,761.0
2019-03-29 14:29:00,21.0,21.0,21.0,21.0,558.0
2019-03-29 14:35:00,21.0449,21.0449,21.0449,21.0449,100.0
2019-03-29 14:38:00,21.07,21.07,21.07,21.07,200.0
2019-03-29 14:40:00,21.0,21.08,21.0,21.08,211.0
2019-03-29 15:04:00,21.0,21.0,21.0,21.0,411.0
2019-03-29 15:25:00,21.01,21.01,21.01,21.01,179.0
2019-03-29 15:29:00,21.0495,21.0495,21.0495,21.0495,1000.0
2019-03-29 15:34:00,21.05,21.05,21.05,21.05,100.0
2019-03-29 15:35:00,21.05,21.05,21.05,21.05,165.0
2019-03-29 15:38:00,21.0,21.0,21.0,21.0,100.0
2019-03-29 15:43:00,21.025,21.025,21.025,21.025,363.0
2019-03-29 15:51:00,21.05,21.05,21.0,21.0,408.0
2019-03-29 15:52:00,21.0,21.0,21.0,21.0,3074.0
2019-03-29 15:53:00,21.0,21.0,20.61,20.61,2044.0
2019-03-29 15:54:00,20.6,20.64,20.51,20.51,1618.0
2019-03-29 15:55:00,20.51,20.51,20.42,20.44,1199.0
2019-03-29 15:56:00,20.42,20.67,20.42,20.66,2617.0
2019-03-29 15:57:00,20.56,20.66,20.55,20.57,1127.0
2019-03-29 15:58:00,20.56,20.57,20.56,20.57,885.0
2019-03-29 15:59:00,20.57,20.58,20.57,20.57,1042.0
2019-03-29 16:00:00,20.47,20.47,20.47,20.47,1067.0
2019-04-01 09:31:00,20.74,20.74,20.74,20.74,257.0
2019-04-01 09:39:00,20.7927,20.7927,20.7927,20.7927,116.0
2019-04-01 10:08:00,20.86,20.86,20.86,20.86,330.0
2019-04-01 10:18:00,20.835,20.835,20.835,20.835,278.0
2019-04-01 10:38:00,20.84,20.84,20.84,20.84,201.0
2019-04-01 10:40:00,20.773,20.773,20.773,20.773,671.0
2019-04-01 10:58:00,20.95,20.95,20.95,20.95,8382.0
2019-04-01 10:59:00,20.94,20.94,20.94,20.94,556.0
2019-04-01 11:29:00,21.11,21.11,21.11,21.11,301.0
2019-04-01 11:42:00,21.09,21.09,21.09,21.09,527.0
2019-04-01 11:58:00,21.17,21.17,21.17,21.17,250.0
2019-04-01 12:09:00,21.075,21.075,21.075,21.075,132.0
2019-04-01 12:11:00,21.075,21.075,21.075,21.075,100.0
2019-04-01 12:13:00,21.075,21.075,21.075,21.075,100.0
2019-04-01 12:14:00,21.075,21.075,21.075,21.075,100.0
2019-04-01 12:15:00,21.17,21.21,21.17,21.21,697.0
2019-04-01 12:21:00,21.552,21.552,21.552,21.552,760.0
2019-04-01 12:27:00,21.4146,21.4146,21.4146,21.4146,1046.0
2019-04-01 12:32:00,21.45,21.45,21.45,21.45,500.0
2019-04-01 12:43:00,21.45,21.45,21.4,21.4,900.0
2019-04-01 12:51:00,21.435,21.435,21.39,21.39,800.0
2019-04-01 13:00:00,21.35,21.35,21.35,21.35,458.0
2019-04-01 13:09:00,21.46,21.46,21.405,21.405,205.0
2019-04-01 13:42:00,21.35,21.35,21.35,21.35,624.0
2019-04-01 14:10:00,21.35,21.35,21.35,21.35,120.0
2019-04-01 14:15:00,21.35,21.35,21.35,21.35,561.0
2019-04-01 14:20:00,21.37,21.37,21.37,21.37,352.0
2019-04-01 14:24:00,21.38,21.38,21.38,21.38,311.0
2019-04-01 14:41:00,21.38,21.38,21.38,21.38,180.0
2019-04-01 14:50:00,21.37,21.37,21.36,21.36,463.0
2019-04-01 15:06:00,21.365,21.365,21.365,21.365,1242.0
2019-04-01 15:09:00,21.34,21.34,21.34,21.34,120.0
2019-04-01 15:19:00,21.3,21.3,21.3,21.3,105.0
2019-04-01 15:25:00,21.294,21.294,21.294,21.294,100.0
2019-04-01 15:35:00,21.32,21.32,21.32,21.32,300.0
2019-04-01 15:37:00,21.41,21.41,21.41,21.41,301.0
2019-04-01 15:53:00,21.34,21.34,21.34,21.34,403.0
2019-04-01 15:54:00,21.19,21.19,21.19,21.19,823.0
2019-04-01 15:55:00,20.925,20.925,20.925,20.925,1254.0
2019-04-01 15:56:00,20.7,20.7,20.7,20.7,1000.0
2019-04-01 15:58:00,20.7,20.7,20.7,20.7,1000.0
2019-04-01 15:59:00,20.7,20.7,20.7,20.7,827.0
2019-04-01 16:00:00,20.79,20.83,20.79,20.83,2686.0
2019-04-02 09:31:00,20.94,20.94,20.94,20.94,463.0
2019-04-02 10:59:00,21.28,21.28,21.28,21.28,153.0
2019-04-02 11:32:00,20.95,20.95,20.95,20.95,117.0
2019-04-02 11:49:00,21.095,21.095,21.095,21.095,101.0
2019-04-02 11:52:00,21.2,21.2,21.2,21.2,109.0
2019-04-02 12:03:00,21.08,21.1,21.08,21.1,307.0
2019-04-02 12:21:00,20.95,20.95,20.95,20.95,101.0
2019-04-02 12:32:00,20.974,20.974,20.974,20.974,300.0
2019-04-02 12:35:00,20.96,21.0688,20.8,20.8,4129.0
2019-04-02 12:37:00,20.79,20.79,20.685,20.685,511.0
2019-04-02 12:40:00,20.69,20.69,20.65,20.65,10826.0
2019-04-02 12:49:00,20.77,20.77,20.71,20.71,300.0
2019-04-02 12:51:00,20.76,20.77,20.76,20.765,306.0
2019-04-02 12:53:00,20.6667,20.769,20.6667,20.769,644.0
2019-04-02 13:12:00,20.845,20.845,20.845,20.845,15100.0
2019-04-02 13:15:00,20.92,20.92,20.92,20.92,200.0
2019-04-02 13:20:00,21.09,21.1189,21.09,21.1189,391.0
2019-04-02 13:37:00,20.96,20.96,20.96,20.96,100.0
2019-04-02 13:38:00,21.13,21.13,21.13,21.13,180.0
2019-04-02 13:50:00,21.055,21.055,21.055,21.055,100.0
2019-04-02 13:53:00,20.98,21.13,20.98,21.13,341.0
2019-04-02 14:09:00,20.98,20.98,20.98,20.98,100.0
2019-04-02 14:18:00,21.055,21.055,21.055,21.055,100.0
2019-04-02 14:24:00,20.98,20.98,20.98,20.98,169.0
2019-04-02 14:44:00,21.045,21.045,21.045,21.045,102.0
2019-04-02 14:47:00,20.99,20.99,20.99,20.99,100.0
2019-04-02 14:54:00,21.0738,21.0738,21.0738,21.0738,1101.0
2019-04-02 15:01:00,21.0,21.0,21.0,21.0,100.0
2019-04-02 15:09:00,21.11,21.11,21.11,21.11,100.0
2019-04-02 15:14:00,21.0,21.0,21.0,21.0,100.0
2019-04-02 15:19:00,21.01,21.01,21.01,21.01,100.0
2019-04-02 15:20:00,20.97,20.97,20.95,20.95,1000.0
2019-04-02 15:21:00,20.92,20.93,20.92,20.93,603.0
2019-04-02 15:32:00,20.87,20.87,20.66,20.66,2444.0
2019-04-02 15:34:00,20.65,20.65,20.65,20.65,100.0
2019-04-02 15:47:00,20.755,20.755,20.755,20.755,101.0
2019-04-02 15:50:00,20.808,20.808,20.808,20.808,506.0
2019-04-02 15:52:00,20.85,20.85,20.85,20.85,404.0
2019-04-02 15:59:00,20.87,20.87,20.87,20.87,200.0
2019-04-02 16:00:00,20.8916,20.945,20.8916,20.945,549.0
2019-04-03 09:31:00,20.89,20.89,20.89,20.89,406.0
2019-04-03 10:07:00,21.22,21.22,21.22,21.22,294.0
2019-04-03 10:12:00,20.91,20.91,20.91,20.91,485.0
2019-04-03 10:16:00,20.89,20.89,20.89,20.89,100.0
2019-04-03 10:31:00,20.9636,20.9636,20.9636,20.9636,1119.0
2019-04-03 11:01:00,21.045,21.045,21.045,21.045,400.0
2019-04-03 11:05:00,21.01,21.01,21.01,21.01,299.0
2019-04-03 11:06:00,20.96,20.96,20.96,20.96,100.0
2019-04-03 11:07:00,20.9,20.9,20.9,20.9,100.0
2019-04-03 11:13:00,20.8734,20.8734,20.8734,20.8734,310.0
2019-04-03 11:15:00,20.96,20.96,20.8,20.8,633.0
2019-04-03 11:16:00,21.2,21.2,21.2,21.2,304.0
2019-04-03 11:19:00,20.9,20.9,20.8,20.8,301.0
2019-04-03 11:52:00,21.14,21.14,21.14,21.14,100.0
2019-04-03 11:55:00,20.8,20.84,20.8,20.84,200.0
2019-04-03 11:59:00,20.919,20.919,20.919,20.919,595.0
2019-04-03 12:02:00,20.8,20.8,20.8,20.8,208.0
2019-04-03 12:45:00,20.71,20.71,20.71,20.71,100.0
2019-04-03 12:48:00,20.66,20.66,20.66,20.66,205.0
2019-04-03 12:52:00,20.654,20.654,20.654,20.654,603.0
2019-04-03 12:55:00,20.69,20.69,20.69,20.69,270.0
2019-04-03 12:58:00,20.77,20.77,20.77,20.77,234.0
2019-04-03 13:00:00,20.65,20.6946,20.427,20.427,7623.0
2019-04-03 13:05:00,20.41,20.41,20.24,20.25,2242.0
2019-04-03 13:21:00,20.21,20.21,20.21,20.21,285.0
2019-04-03 13:27:00,20.25,20.255,20.215,20.215,422.0
2019-04-03 13:28:00,20.2,20.2,20.2,20.2,343.0
2019-04-03 13:38:00,20.2,20.2,20.2,20.2,100.0
2019-04-03 14:06:00,20.2853,20.2853,20.2853,20.2853,477.0
2019-04-03 14:09:00,20.2963,20.2963,20.2963,20.2963,400.0
2019-04-03 14:12:00,20.245,20.35,20.245,20.285,1454.0
2019-04-03 14:19:00,20.4,20.4,20.4,20.4,300.0
2019-04-03 14:20:00,20.53,20.53,20.53,20.53,103.0
2019-04-03 14:28:00,20.48,20.48,20.48,20.48,601.0
2019-04-03 14:30:00,20.5043,20.5043,20.5043,20.5043,523.0
2019-04-03 14:38:00,20.39,20.39,20.39,20.39,117.0
2019-04-03 14:47:00,20.41,20.495,20.4,20.495,600.0
2019-04-03 14:50:00,20.38,20.38,20.38,20.38,200.0
2019-04-03 15:00:00,20.37,20.37,20.37,20.37,100.0
2019-04-03 15:13:00,20.37,20.37,20.36,20.36,200.0
2019-04-03 15:15:00,20.5818,20.5818,20.5818,20.5818,100.0
2019-04-03 15:16:00,20.4887,20.4887,20.4887,20.4887,101.0
2019-04-03 15:30:00,20.3916,20.3916,20.365,20.365,473.0
2019-04-03 15:33:00,20.44,20.44,20.44,20.44,100.0
2019-04-03 15:35:00,20.4231,20.4231,20.4231,20.4231,600.0
2019-04-03 15:39:00,20.29,20.29,20.29,20.29,312.0
2019-04-03 15:53:00,20.46,20.46,20.46,20.46,100.0
2019-04-03 15:56:00,20.46,20.46,20.46,20.46,105.0
2019-04-03 15:58:00,20.385,20.44,20.385,20.44,232.0
2019-04-03 15:59:00,20.45,20.45,20.39,20.39,370.0
2019-04-03 16:00:00,20.325,20.44,20.325,20.3584,874.0
