
2019-03-19 09:31:00,48.81,48.81,48.81,48.81,0.0
2019-03-19 11:55:00,48.72,48.72,48.72,48.72,233.0
2019-03-19 13:08:00,48.6416,48.6416,48.6416,48.6416,207.0
2019-03-19 13:13:00,48.69,48.69,48.69,48.69,317.0
2019-03-19 13:47:00,48.6781,48.6781,48.6781,48.6781,100.0
2019-03-19 13:52:00,48.705,48.77,48.705,48.755,9151.0
2019-03-19 13:57:00,48.76,48.77,48.7067,48.7067,1904.0
2019-03-19 14:40:00,48.7485,48.7485,48.7485,48.7485,152.0
2019-03-19 16:00:00,48.7,48.7,48.7,48.7,401.0
2019-03-20 09:31:00,48.45,48.45,48.45,48.45,0.0
2019-03-20 11:39:00,48.3311,48.3311,48.3311,48.3311,306.0
2019-03-20 12:24:00,48.42,48.42,48.42,48.42,100.0
2019-03-20 12:25:00,48.42,48.42,48.42,48.42,659.0
2019-03-20 14:00:00,48.19,48.25,48.19,48.25,5059.0
2019-03-20 14:01:00,48.38,48.54,48.38,48.52,4900.0
2019-03-20 14:02:00,48.41,48.54,48.41,48.51,5049.0
2019-03-20 14:13:00,48.92,49.0,48.92,49.0,3300.0
2019-03-20 14:14:00,49.02,49.02,48.99,49.02,6226.0
2019-03-20 14:15:00,48.99,49.02,48.89,49.0199,4507.0
2019-03-20 14:16:00,49.02,49.02,48.89,48.89,1200.0
2019-03-20 14:17:00,49.0199,49.0199,49.0199,49.0199,1300.0
2019-03-20 14:18:00,49.0199,49.0199,48.98,48.995,4201.0
2019-03-20 14:21:00,48.9308,48.9308,48.9308,48.9308,346.0
2019-03-20 14:28:00,48.77,48.77,48.77,48.77,843.0
2019-03-20 15:13:00,48.8,48.8,48.8,48.8,205.0
2019-03-20 15:32:00,48.71,48.71,48.71,48.71,361.0
2019-03-20 15:34:00,48.72,48.72,48.72,48.72,510.0
2019-03-20 15:53:00,48.6016,48.6016,48.6016,48.6016,321.0
2019-03-20 16:00:00,48.7,48.7,48.7,48.7,300.0
2019-03-21 09:31:00,48.33,48.33,48.33,48.33,139.0
2019-03-21 13:13:00,48.43,48.43,48.43,48.43,100.0
2019-03-21 13:45:00,48.51,48.529,48.51,48.529,1319.0
2019-03-21 14:24:00,48.53,48.53,48.53,48.53,432.0
2019-03-21 14:45:00,48.5512,48.5512,48.5512,48.5512,127.0
2019-03-21 15:45:00,48.5476,48.5476,48.5476,48.5476,736.0
2019-03-21 16:00:00,48.65,48.65,48.65,48.65,2770.0
2019-03-22 09:31:00,47.97,47.97,47.97,47.97,0.0
2019-03-22 10:44:00,47.89,47.89,47.89,47.89,224.0
2019-03-22 10:49:00,47.88,47.88,47.88,47.88,171.0
2019-03-22 12:45:00,47.5817,47.5817,47.5817,47.5817,108.0
2019-03-22 12:59:00,47.7066,47.7066,47.7066,47.7066,147.0
2019-03-22 14:18:00,47.72,47.72,47.72,47.72,100.0
2019-03-25 09:31:00,47.5,47.5,47.5,47.5,146.0
2019-03-25 09:50:00,47.4899,47.4899,47.4899,47.4899,612.0
2019-03-25 10:01:00,47.6,47.6,47.6,47.6,127.0
2019-03-25 10:56:00,47.56,47.56,47.56,47.56,336.0
2019-03-25 11:33:00,47.5867,47.5867,47.5867,47.5867,1067.0
2019-03-25 12:06:00,47.4725,47.4725,47.4725,47.4725,2524.0
2019-03-25 12:23:00,47.5,47.5,47.5,47.5,104.0
2019-03-25 13:07:00,47.525,47.525,47.525,47.525,506.0
2019-03-25 13:53:00,47.58,47.58,47.58,47.58,600.0
2019-03-26 09:42:00,47.84,47.84,47.84,47.84,0.0
2019-03-26 12:12:00,47.74,47.74,47.74,47.74,231.0
2019-03-26 14:10:00,47.581,47.581,47.581,47.581,549.0
2019-03-26 14:59:00,47.65,47.65,47.65,47.65,104.0
2019-03-26 15:37:00,47.67,47.67,47.67,47.67,103.0
2019-03-26 16:00:00,47.71,47.71,47.71,47.71,157.0
2019-03-27 09:53:00,47.8916,47.8916,47.8916,47.8916,0.0
2019-03-27 10:18:00,47.8487,47.8487,47.8487,47.8487,334.0
2019-03-27 11:10:00,47.55,47.55,47.55,47.55,1058.0
2019-03-27 11:11:00,47.58,47.58,47.58,47.58,2357.0
2019-03-27 12:30:00,47.61,47.61,47.61,47.61,340.0
2019-03-27 12:46:00,47.69,47.69,47.69,47.69,1631.0
2019-03-27 14:02:00,47.7333,47.7333,47.7333,47.7333,658.0
2019-03-27 16:00:00,47.73,47.73,47.73,47.73,158.0
2019-03-28 12:55:00,47.6258,47.6258,47.6258,47.6258,166.0
2019-03-28 13:27:00,47.68,47.68,47.6799,47.6799,397.0
2019-03-28 14:50:00,47.6739,47.6739,47.6739,47.6739,663.0
2019-03-29 10:45:00,48.08,48.08,48.08,48.08,0.0
2019-03-29 11:17:00,48.02,48.02,48.02,48.02,100.0
2019-03-29 12:29:00,48.12,48.12,48.12,48.12,100.0
2019-03-29 12:30:00,48.12,48.12,48.12,48.12,208.0
2019-03-29 13:52:00,48.09,48.09,48.09,48.09,225.0
2019-03-29 15:59:00,48.12,48.12,48.12,48.12,100.0
2019-03-29 16:00:00,48.12,48.12,48.12,48.12,300.0
2019-04-01 11:01:00,48.9791,48.9791,48.9791,48.9791,0.0
2019-04-01 13:20:00,48.924,48.924,48.924,48.924,520.0
2019-04-01 13:53:00,48.927,48.927,48.927,48.927,361.0
2019-04-01 15:34:00,48.96,48.96,48.96,48.96,632.0
2019-04-02 09:31:00,49.08,49.08,49.08,49.08,0.0
2019-04-02 15:02:00,49.13,49.13,49.13,49.13,339.0
2019-04-02 15:50:00,49.205,49.205,49.205,49.205,903.0
2019-04-03 11:16:00,49.52,49.52,49.52,49.52,0.0
2019-04-03 11:58:00,49.65,49.65,49.65,49.65,394.0
2019-04-03 13:12:00,49.5891,49.5891,49.5891,49.5891,314.0
2019-04-03 13:16:00,49.6199,49.6199,49.6199,49.6199,374.0
2019-04-03 14:47:00,49.4606,49.4606,49.4606,49.4606,268.0
2019-04-03 16:00:00,49.54,49.54,49.54,49.54,300.0
