
2019-03-19 09:31:00,52.45,52.45,52.45,52.45,0.0
2019-03-19 09:33:00,52.55,52.55,52.55,52.55,933.0
2019-03-19 09:34:00,52.544,52.544,52.544,52.544,281.0
2019-03-19 09:39:00,52.5696,52.5696,52.5696,52.5696,270.0
2019-03-19 09:43:00,52.57,52.57,52.57,52.57,311.0
2019-03-19 09:52:00,52.57,52.57,52.57,52.57,199.0
2019-03-19 10:05:00,52.548,52.548,52.548,52.548,197.0
2019-03-19 10:13:00,52.55,52.55,52.55,52.55,300.0
2019-03-19 10:15:00,52.55,52.55,52.55,52.55,100.0
2019-03-19 10:16:00,52.55,52.55,52.54,52.54,60520.0
2019-03-19 10:23:00,52.5594,52.5594,52.5594,52.5594,190.0
2019-03-19 10:31:00,52.51,52.51,52.51,52.51,200.0
2019-03-19 10:34:00,52.5353,52.5353,52.5273,52.5273,1172.0
2019-03-19 10:37:00,52.55,52.55,52.55,52.55,542.0
2019-03-19 10:43:00,52.5673,52.5673,52.5673,52.5673,1042.0
2019-03-19 10:44:00,52.5436,52.5436,52.5436,52.5436,190.0
2019-03-19 10:45:00,52.55,52.55,52.55,52.55,0.0
2019-03-19 11:01:00,52.46,52.46,52.46,52.46,100.0
2019-03-19 11:05:00,52.48,52.48,52.48,52.48,104.0
2019-03-19 11:07:00,52.4827,52.4827,52.4764,52.4764,685.0
2019-03-19 11:09:00,52.46,52.46,52.46,52.46,236.0
2019-03-19 11:10:00,52.4635,52.4635,52.4635,52.4635,266.0
2019-03-19 11:11:00,52.45,52.45,52.45,52.45,200.0
2019-03-19 11:13:00,52.46,52.46,52.46,52.46,100.0
2019-03-19 11:14:00,52.47,52.4732,52.47,52.4732,794.0
2019-03-19 11:16:00,52.48,52.48,52.48,52.48,142.0
2019-03-19 11:22:00,52.458,52.458,52.458,52.458,362.0
2019-03-19 11:27:00,52.46,52.46,52.46,52.46,155.0
2019-03-19 11:29:00,52.45,52.45,52.45,52.45,180.0
2019-03-19 11:31:00,52.43,52.43,52.43,52.43,600.0
2019-03-19 11:33:00,52.4301,52.44,52.4301,52.44,538.0
2019-03-19 11:36:00,52.4632,52.475,52.4632,52.475,937.0
2019-03-19 11:37:00,52.47,52.47,52.47,52.47,209.0
2019-03-19 11:46:00,52.49,52.49,52.49,52.49,100.0
2019-03-19 11:47:00,52.49,52.49,52.49,52.49,173.0
2019-03-19 11:48:00,52.5,52.5034,52.5,52.5034,413.0
2019-03-19 11:51:00,52.53,52.53,52.53,52.53,427.0
2019-03-19 11:52:00,52.54,52.54,52.54,52.54,200.0
2019-03-19 11:54:00,52.522,52.522,52.522,52.522,726.0
2019-03-19 11:55:00,52.52,52.52,52.51,52.51,7029.0
2019-03-19 11:57:00,52.54,52.54,52.54,52.54,1589.0
2019-03-19 11:58:00,52.56,52.56,52.56,52.56,0.0
2019-03-19 12:05:00,52.58,52.58,52.58,52.58,25704.0
2019-03-19 12:08:00,52.6,52.6,52.6,52.6,397.0
2019-03-19 12:11:00,52.59,52.59,52.59,52.59,141.0
2019-03-19 12:15:00,52.61,52.61,52.605,52.605,460.0
2019-03-19 12:18:00,52.58,52.58,52.58,52.58,101.0
2019-03-19 12:22:00,52.551,52.551,52.551,52.551,233.0
2019-03-19 12:24:00,52.54,52.5434,52.54,52.5434,856.0
2019-03-19 12:26:00,52.55,52.55,52.55,52.55,314.0
2019-03-19 12:40:00,52.505,52.505,52.505,52.505,499.0
2019-03-19 12:45:00,52.485,52.485,52.48,52.48,2212.0
2019-03-19 12:47:00,52.46,52.46,52.42,52.42,4409.0
2019-03-19 12:48:00,52.4,52.4,52.4,52.4,703.0
2019-03-19 12:51:00,52.3,52.3,52.3,52.3,500.0
2019-03-19 12:55:00,52.2975,52.2975,52.2975,52.2975,597.0
2019-03-19 12:57:00,52.3301,52.3301,52.3301,52.3301,1602.0
2019-03-19 13:07:00,52.42,52.42,52.42,52.42,300.0
2019-03-19 13:08:00,52.3919,52.3929,52.39,52.3929,1874.0
2019-03-19 13:14:00,52.4138,52.4138,52.4138,52.4138,328.0
2019-03-19 13:18:00,52.4107,52.4107,52.4107,52.4107,341.0
2019-03-19 13:20:00,52.4119,52.4119,52.4119,52.4119,175.0
2019-03-19 13:24:00,52.43,52.43,52.43,52.43,1100.0
2019-03-19 13:25:00,52.43,52.46,52.42,52.42,62484.0
2019-03-19 13:30:00,52.39,52.39,52.39,52.39,101.0
2019-03-19 13:32:00,52.38,52.3877,52.38,52.3877,518.0
2019-03-19 13:38:00,52.417,52.417,52.417,52.417,740.0
2019-03-19 13:41:00,52.3919,52.4,52.3919,52.4,1702.0
2019-03-19 13:46:00,52.355,52.355,52.355,52.355,244.0
2019-03-19 13:47:00,52.36,52.36,52.36,52.36,17538.0
2019-03-19 13:50:00,52.3499,52.3499,52.3499,52.3499,200.0
2019-03-19 13:52:00,52.34,52.34,52.34,52.34,175.0
2019-03-19 13:55:00,52.33,52.33,52.33,52.33,281.0
2019-03-19 13:58:00,52.327,52.327,52.32,52.32,908.0
2019-03-19 14:01:00,52.31,52.31,52.31,52.31,422.0
2019-03-19 14:10:00,52.29,52.29,52.29,52.29,498.0
2019-03-19 14:18:00,52.229,52.229,52.2201,52.2201,431.0
2019-03-19 14:19:00,52.251,52.251,52.251,52.251,249.0
2019-03-19 14:21:00,52.2533,52.2533,52.2533,52.2533,239.0
2019-03-19 14:24:00,52.25,52.25,52.24,52.2442,525.0
2019-03-19 14:26:00,52.25,52.25,52.25,52.25,261.0
2019-03-19 14:28:00,52.28,52.28,52.28,52.28,178.0
2019-03-19 14:29:00,52.275,52.275,52.275,52.275,638.0
2019-03-19 14:34:00,52.27,52.27,52.27,52.27,140.0
2019-03-19 14:40:00,52.29,52.29,52.29,52.29,534.0
2019-03-19 14:53:00,52.2642,52.2642,52.2642,52.2642,398.0
2019-03-19 14:54:00,52.27,52.27,52.265,52.265,917.0
2019-03-19 14:56:00,52.2801,52.2801,52.2801,52.2801,525.0
2019-03-19 14:57:00,52.2871,52.2871,52.2871,52.2871,550.0
2019-03-19 14:59:00,52.2623,52.2623,52.2623,52.2623,1097.0
2019-03-19 15:00:00,52.23,52.23,52.23,52.23,727.0
2019-03-19 15:03:00,52.22,52.22,52.22,52.22,200.0
2019-03-19 15:05:00,52.22,52.22,52.22,52.22,200.0
2019-03-19 15:06:00,52.23,52.2417,52.23,52.2417,650.0
2019-03-19 15:08:00,52.25,52.25,52.25,52.25,243.0
2019-03-19 15:10:00,52.225,52.225,52.225,52.225,300.0
2019-03-19 15:11:00,52.2,52.2001,52.2,52.2001,1936.0
2019-03-19 15:14:00,52.1801,52.1801,52.1801,52.1801,121.0
2019-03-19 15:15:00,52.168,52.168,52.168,52.168,334.0
2019-03-19 15:17:00,52.157,52.16,52.157,52.16,14403.0
2019-03-19 15:18:00,52.15,52.15,52.13,52.14,2687.0
2019-03-19 15:20:00,52.13,52.13,52.13,52.13,1100.0
2019-03-19 15:21:00,52.13,52.13,52.11,52.11,1926.0
2019-03-19 15:22:00,52.12,52.12,52.12,52.12,228.0
2019-03-19 15:23:00,52.11,52.11,52.11,52.11,2026.0
2019-03-19 15:24:00,52.09,52.09,52.09,52.09,241.0
2019-03-19 15:25:00,52.09,52.09,52.08,52.08,1383.0
2019-03-19 15:26:00,52.07,52.07,52.07,52.07,311.0
2019-03-19 15:28:00,52.07,52.075,52.07,52.075,426.0
2019-03-19 15:31:00,52.05,52.06,52.05,52.06,509.0
2019-03-19 15:32:00,52.0401,52.05,52.04,52.05,923.0
2019-03-19 15:33:00,52.07,52.08,52.06,52.08,6600.0
2019-03-19 15:34:00,52.09,52.0987,52.09,52.0987,291.0
2019-03-19 15:35:00,52.0833,52.0833,52.0833,52.0833,118.0
2019-03-19 15:36:00,52.058,52.058,52.058,52.058,370.0
2019-03-19 15:37:00,52.03,52.04,52.03,52.03,500.0
2019-03-19 15:38:00,52.01,52.01,52.01,52.01,829.0
2019-03-19 15:39:00,52.02,52.03,52.02,52.03,404.0
2019-03-19 15:40:00,52.011,52.011,52.011,52.011,158.0
2019-03-19 15:41:00,51.987,51.99,51.9717,51.98,1296.0
2019-03-19 15:42:00,51.97,51.97,51.97,51.97,238.0
2019-03-19 15:43:00,51.96,51.96,51.96,51.96,200.0
2019-03-19 15:44:00,51.941,51.9428,51.941,51.9428,1613.0
2019-03-19 15:45:00,51.94,51.94,51.94,51.94,962.0
2019-03-19 15:47:00,51.99,51.99,51.99,51.99,100.0
2019-03-19 15:48:00,51.98,52.01,51.98,52.0,1600.0
2019-03-19 15:49:00,51.99,51.99,51.99,51.99,700.0
2019-03-19 15:51:00,52.01,52.02,52.01,52.02,812.0
2019-03-19 15:52:00,52.02,52.02,52.01,52.01,993.0
2019-03-19 15:53:00,52.0013,52.0013,51.97,51.97,698.0
2019-03-19 15:54:00,51.97,51.97,51.9665,51.97,738.0
2019-03-19 15:55:00,51.97,51.97,51.97,51.97,300.0
2019-03-19 15:56:00,51.98,52.02,51.98,52.02,1800.0
2019-03-19 15:57:00,52.02,52.02,52.01,52.01,525.0
2019-03-19 15:58:00,52.04,52.04,52.04,52.04,213.0
2019-03-19 15:59:00,52.05,52.0533,52.05,52.0533,562.0
2019-03-19 16:00:00,52.07,52.08,52.06,52.08,1390.0
2019-03-20 09:31:00,52.02,52.02,52.02,52.02,0.0
2019-03-20 09:34:00,51.8901,51.8901,51.89,51.89,1269.0
2019-03-20 09:40:00,51.848,51.848,51.848,51.848,397.0
2019-03-20 09:41:00,51.8303,51.8303,51.8303,51.8303,305.0
2019-03-20 09:54:00,51.78,51.78,51.78,51.78,1179.0
2019-03-20 10:02:00,51.6897,51.6897,51.6897,51.6897,326.0
2019-03-20 10:06:00,51.7,51.7,51.7,51.7,397.0
2019-03-20 10:10:00,51.73,51.73,51.73,51.73,100.0
2019-03-20 10:11:00,51.7101,51.7101,51.7101,51.7101,244.0
2019-03-20 10:14:00,51.67,51.67,51.6699,51.67,11209.0
2019-03-20 10:18:00,51.6343,51.6343,51.6284,51.6284,660.0
2019-03-20 10:20:00,51.65,51.65,51.65,51.65,251.0
2019-03-20 10:26:00,51.595,51.595,51.595,51.595,281.0
2019-03-20 10:30:00,51.6,51.6,51.6,51.6,200.0
2019-03-20 10:31:00,51.63,51.63,51.6221,51.6221,445.0
2019-03-20 10:32:00,51.626,51.626,51.626,51.626,314.0
2019-03-20 10:33:00,51.63,51.64,51.63,51.63,12887.0
2019-03-20 10:36:00,51.59,51.59,51.59,51.59,346.0
2019-03-20 10:41:00,51.58,51.58,51.58,51.58,200.0
2019-03-20 10:43:00,51.57,51.57,51.57,51.57,200.0
2019-03-20 10:44:00,51.6,51.6,51.6,51.6,200.0
2019-03-20 10:47:00,51.63,51.63,51.63,51.63,100.0
2019-03-20 10:49:00,51.62,51.62,51.62,51.62,280.0
2019-03-20 10:50:00,51.62,51.62,51.62,51.62,100.0
2019-03-20 10:51:00,51.63,51.63,51.63,51.63,740.0
2019-03-20 10:53:00,51.6468,51.6468,51.6468,51.6468,1044.0
2019-03-20 10:54:00,51.6364,51.6364,51.6364,51.6364,546.0
2019-03-20 10:58:00,51.6598,51.6598,51.65,51.65,342.0
2019-03-20 11:01:00,51.68,51.68,51.68,51.68,100.0
2019-03-20 11:02:00,51.6953,51.6953,51.6953,51.6953,467.0
2019-03-20 11:05:00,51.6749,51.6749,51.6749,51.6749,381.0
2019-03-20 11:09:00,51.6801,51.6801,51.6801,51.6801,144.0
2019-03-20 11:11:00,51.6765,51.6765,51.6765,51.6765,241.0
2019-03-20 11:13:00,51.6753,51.6753,51.6753,51.6753,507.0
2019-03-20 11:16:00,51.6401,51.6401,51.6401,51.6401,774.0
2019-03-20 11:19:00,51.6532,51.6532,51.6532,51.6532,456.0
2019-03-20 11:20:00,51.66,51.66,51.66,51.66,415.0
2019-03-20 11:30:00,51.62,51.62,51.62,51.62,300.0
2019-03-20 11:31:00,51.62,51.62,51.62,51.62,201.0
2019-03-20 11:32:00,51.63,51.63,51.63,51.63,200.0
2019-03-20 11:33:00,51.62,51.62,51.618,51.619,5100.0
2019-03-20 11:34:00,51.61,51.61,51.61,51.61,100.0
2019-03-20 11:35:00,51.61,51.61,51.6,51.6,246.0
2019-03-20 11:37:00,51.59,51.59,51.5801,51.5801,955.0
2019-03-20 11:41:00,51.58,51.58,51.58,51.58,269.0
2019-03-20 11:42:00,51.58,51.58,51.58,51.58,183.0
2019-03-20 11:43:00,51.57,51.57,51.57,51.57,184.0
2019-03-20 11:46:00,51.53,51.56,51.53,51.56,1374.0
2019-03-20 11:48:00,51.55,51.55,51.55,51.55,300.0
2019-03-20 11:49:00,51.52,51.52,51.52,51.52,200.0
2019-03-20 11:51:00,51.52,51.52,51.52,51.52,393.0
2019-03-20 11:53:00,51.52,51.52,51.52,51.52,682.0
2019-03-20 11:55:00,51.48,51.4817,51.48,51.4817,542.0
2019-03-20 11:58:00,51.4402,51.45,51.44,51.44,2344.0
2019-03-20 12:04:00,51.47,51.47,51.47,51.47,312.0
2019-03-20 12:06:00,51.48,51.48,51.48,51.48,210.0
2019-03-20 12:08:00,51.475,51.475,51.475,51.475,180.0
2019-03-20 12:11:00,51.5,51.5,51.5,51.5,172.0
2019-03-20 12:15:00,51.4601,51.4601,51.4601,51.4601,112.0
2019-03-20 12:17:00,51.49,51.49,51.49,51.49,447.0
2019-03-20 12:21:00,51.47,51.47,51.47,51.47,600.0
2019-03-20 12:22:00,51.4519,51.4519,51.4519,51.4519,170.0
2019-03-20 12:23:00,51.44,51.44,51.44,51.44,116.0
2019-03-20 12:25:00,51.45,51.45,51.45,51.45,526.0
2019-03-20 12:26:00,51.46,51.46,51.46,51.46,200.0
2019-03-20 12:27:00,51.47,51.47,51.47,51.47,797.0
2019-03-20 12:30:00,51.46,51.46,51.46,51.46,100.0
2019-03-20 12:32:00,51.455,51.455,51.455,51.455,549.0
2019-03-20 12:33:00,51.41,51.41,51.41,51.41,755.0
2019-03-20 12:35:00,51.37,51.372,51.37,51.372,1568.0
2019-03-20 12:39:00,51.38,51.38,51.38,51.38,200.0
2019-03-20 12:40:00,51.42,51.42,51.42,51.42,100.0
2019-03-20 12:44:00,51.41,51.41,51.4062,51.4062,1372.0
2019-03-20 12:46:00,51.41,51.41,51.41,51.41,118.0
2019-03-20 12:47:00,51.41,51.41,51.41,51.41,200.0
2019-03-20 12:48:00,51.42,51.42,51.42,51.42,200.0
2019-03-20 12:50:00,51.42,51.42,51.42,51.42,200.0
2019-03-20 12:51:00,51.42,51.42,51.42,51.42,100.0
2019-03-20 12:52:00,51.42,51.42,51.42,51.42,705.0
2019-03-20 12:59:00,51.42,51.42,51.42,51.42,100.0
2019-03-20 13:01:00,51.4328,51.4328,51.4328,51.4328,352.0
2019-03-20 13:02:00,51.43,51.43,51.43,51.43,100.0
2019-03-20 13:04:00,51.45,51.45,51.45,51.45,100.0
2019-03-20 13:05:00,51.46,51.46,51.46,51.46,200.0
2019-03-20 13:06:00,51.46,51.46,51.46,51.46,238.0
2019-03-20 13:08:00,51.47,51.48,51.47,51.48,400.0
2019-03-20 13:09:00,51.4847,51.4847,51.4847,51.4847,329.0
2019-03-20 13:10:00,51.47,51.47,51.47,51.47,135.0
2019-03-20 13:17:00,51.48,51.48,51.48,51.48,100.0
2019-03-20 13:18:00,51.48,51.48,51.48,51.48,216.0
2019-03-20 13:21:00,51.4747,51.4747,51.4747,51.4747,493.0
2019-03-20 13:37:00,51.5,51.5,51.5,51.5,600.0
2019-03-20 13:38:00,51.51,51.51,51.51,51.51,430.0
2019-03-20 13:42:00,51.52,51.52,51.52,51.52,100.0
2019-03-20 13:45:00,51.51,51.51,51.51,51.51,200.0
2019-03-20 13:46:00,51.52,51.5231,51.5131,51.5131,857.0
2019-03-20 13:47:00,51.52,51.52,51.52,51.52,506.0
2019-03-20 13:49:00,51.5101,51.5101,51.5101,51.5101,143.0
2019-03-20 13:50:00,51.52,51.52,51.52,51.52,400.0
2019-03-20 13:52:00,51.5,51.5,51.5,51.5,1256.0
2019-03-20 13:55:00,51.52,51.52,51.52,51.52,137.0
2019-03-20 13:56:00,51.55,51.55,51.55,51.55,311.0
2019-03-20 13:57:00,51.55,51.55,51.55,51.55,200.0
2019-03-20 13:58:00,51.55,51.55,51.55,51.55,100.0
2019-03-20 13:59:00,51.54,51.54,51.54,51.54,110.0
2019-03-20 14:00:00,51.54,51.54,51.54,51.54,274.0
2019-03-20 14:01:00,51.58,51.7,51.58,51.7,3094.0
2019-03-20 14:02:00,51.65,51.65,51.65,51.65,490.0
2019-03-20 14:06:00,51.78,51.78,51.78,51.78,395.0
2019-03-20 14:09:00,51.7838,51.7838,51.77,51.77,479.0
2019-03-20 14:10:00,51.7729,51.7729,51.765,51.765,987.0
2019-03-20 14:15:00,51.7707,51.7707,51.7707,51.7707,374.0
2019-03-20 14:18:00,51.75,51.75,51.75,51.75,101.0
2019-03-20 14:21:00,51.69,51.7462,51.69,51.7462,4091.0
2019-03-20 14:23:00,51.74,51.74,51.74,51.74,188.0
2019-03-20 14:29:00,51.7362,51.7362,51.7362,51.7362,137.0
2019-03-20 14:35:00,51.8499,51.8499,51.8499,51.8499,2513.0
2019-03-20 14:37:00,51.8365,51.8365,51.8365,51.8365,341.0
2019-03-20 14:38:00,51.8299,51.8299,51.8299,51.8299,149.0
2019-03-20 14:42:00,51.861,51.861,51.84,51.84,519.0
2019-03-20 14:44:00,51.8449,51.8449,51.8449,51.8449,1474.0
2019-03-20 14:47:00,51.88,51.9,51.88,51.9,638.0
2019-03-20 14:55:00,51.88,51.88,51.87,51.87,1350.0
2019-03-20 15:04:00,51.8759,51.8759,51.8759,51.8759,2244.0
2019-03-20 15:07:00,51.7905,51.7905,51.7905,51.7905,104.0
2019-03-20 15:08:00,51.7854,51.7854,51.7854,51.7854,350.0
2019-03-20 15:19:00,51.78,51.79,51.77,51.77,1360.0
2019-03-20 15:20:00,51.77,51.77,51.77,51.77,100.0
2019-03-20 15:21:00,51.7715,51.7715,51.7715,51.7715,131.0
2019-03-20 15:25:00,51.7453,51.7453,51.7453,51.7453,1000.0
2019-03-20 15:26:00,51.7461,51.7461,51.7461,51.7461,968.0
2019-03-20 15:31:00,51.69,51.69,51.69,51.69,664.0
2019-03-20 15:33:00,51.6,51.6012,51.598,51.598,1061.0
2019-03-20 15:34:00,51.52,51.52,51.52,51.52,238.0
2019-03-20 15:35:00,51.51,51.53,51.51,51.53,875.0
2019-03-20 15:36:00,51.54,51.54,51.53,51.54,713.0
2019-03-20 15:37:00,51.54,51.54,51.54,51.54,561.0
2019-03-20 15:40:00,51.53,51.53,51.5264,51.5264,813.0
2019-03-20 15:41:00,51.51,51.5133,51.5,51.5133,763.0
2019-03-20 15:42:00,51.51,51.51,51.51,51.51,421.0
2019-03-20 15:43:00,51.49,51.49,51.49,51.49,200.0
2019-03-20 15:44:00,51.5,51.5033,51.5,51.5033,323.0
2019-03-20 15:45:00,51.52,51.52,51.52,51.52,100.0
2019-03-20 15:46:00,51.52,51.55,51.52,51.55,1066.0
2019-03-20 15:47:00,51.56,51.56,51.56,51.56,213.0
2019-03-20 15:48:00,51.56,51.57,51.56,51.57,213.0
2019-03-20 15:49:00,51.57,51.57,51.56,51.56,313.0
2019-03-20 15:50:00,51.55,51.55,51.53,51.53,387.0
2019-03-20 15:51:00,51.52,51.52,51.5165,51.52,644.0
2019-03-20 15:53:00,51.495,51.495,51.495,51.495,688.0
2019-03-20 15:54:00,51.48,51.48,51.48,51.48,360.0
2019-03-20 15:55:00,51.47,51.47,51.47,51.47,313.0
2019-03-20 15:56:00,51.46,51.46,51.44,51.45,996.0
2019-03-20 15:57:00,51.45,51.45,51.45,51.45,463.0
2019-03-20 15:58:00,51.46,51.46,51.46,51.46,600.0
2019-03-20 15:59:00,51.48,51.49,51.48,51.49,400.0
2019-03-20 16:00:00,51.48,51.49,51.46,51.46,1138.0
2019-03-21 09:31:00,51.15,51.15,51.15,51.15,0.0
2019-03-21 09:35:00,51.2,51.2,51.2,51.2,197.0
2019-03-21 09:39:00,51.256,51.256,51.256,51.256,914.0
2019-03-21 09:41:00,51.218,51.218,51.218,51.218,117.0
2019-03-21 09:42:00,51.23,51.23,51.23,51.23,100.0
2019-03-21 09:46:00,51.25,51.25,51.25,51.25,100.0
2019-03-21 09:50:00,51.245,51.245,51.23,51.23,468.0
2019-03-21 09:53:00,51.26,51.26,51.26,51.26,197.0
2019-03-21 10:02:00,51.3901,51.3901,51.3901,51.3901,182.0
2019-03-21 10:13:00,51.49,51.49,51.49,51.49,180.0
2019-03-21 10:18:00,51.437,51.437,51.437,51.437,303.0
2019-03-21 10:19:00,51.47,51.47,51.47,51.47,259.0
2019-03-21 10:24:00,51.4519,51.4519,51.4519,51.4519,225.0
2019-03-21 10:28:00,51.539,51.539,51.539,51.539,261.0
2019-03-21 10:33:00,51.5065,51.5065,51.5065,51.5065,200.0
2019-03-21 10:36:00,51.5665,51.5665,51.5665,51.5665,327.0
2019-03-21 10:49:00,51.519,51.519,51.519,51.519,484.0
2019-03-21 10:55:00,51.5512,51.5512,51.5512,51.5512,296.0
2019-03-21 11:06:00,51.6917,51.6917,51.6917,51.6917,370.0
2019-03-21 11:10:00,51.66,51.66,51.66,51.66,215.0
2019-03-21 11:14:00,51.66,51.66,51.66,51.66,200.0
2019-03-21 11:17:00,51.65,51.65,51.65,51.65,533.0
2019-03-21 11:22:00,51.6565,51.6565,51.6565,51.6565,300.0
2019-03-21 11:23:00,51.6455,51.6455,51.6455,51.6455,1371.0
2019-03-21 11:25:00,51.68,51.68,51.6767,51.6788,1823.0
2019-03-21 11:26:00,51.6977,51.71,51.6977,51.71,697.0
2019-03-21 11:28:00,51.73,51.73,51.7267,51.7267,651.0
2019-03-21 11:30:00,51.6773,51.6773,51.6773,51.6773,530.0
2019-03-21 11:32:00,51.67,51.67,51.67,51.67,100.0
2019-03-21 11:35:00,51.7,51.7,51.6971,51.6971,1170.0
2019-03-21 11:36:00,51.68,51.685,51.68,51.685,693.0
2019-03-21 11:39:00,51.71,51.71,51.71,51.71,200.0
2019-03-21 11:41:00,51.69,51.69,51.69,51.69,105.0
2019-03-21 11:42:00,51.715,51.715,51.715,51.715,214.0
2019-03-21 11:43:00,51.706,51.706,51.706,51.706,706.0
2019-03-21 11:52:00,51.7858,51.7858,51.7858,51.7858,176.0
2019-03-21 11:59:00,51.8304,51.8304,51.8304,51.8304,231.0
2019-03-21 12:02:00,51.85,51.85,51.85,51.85,616.0
2019-03-21 12:11:00,51.81,51.81,51.81,51.81,200.0
2019-03-21 12:14:00,51.805,51.805,51.805,51.805,202.0
2019-03-21 12:17:00,51.797,51.797,51.797,51.797,692.0
2019-03-21 12:18:00,51.78,51.78,51.78,51.78,100.0
2019-03-21 12:21:00,51.77,51.77,51.77,51.77,307.0
2019-03-21 12:28:00,51.72,51.72,51.72,51.72,100.0
2019-03-21 12:33:00,51.6901,51.6901,51.6901,51.6901,133.0
2019-03-21 12:34:00,51.6894,51.6894,51.6894,51.6894,486.0
2019-03-21 12:54:00,51.66,51.66,51.66,51.66,137.0
2019-03-21 13:04:00,51.75,51.75,51.75,51.75,100.0
2019-03-21 13:07:00,51.77,51.77,51.77,51.77,100.0
2019-03-21 13:08:00,51.7799,51.7799,51.7799,51.7799,542.0
2019-03-21 13:09:00,51.7887,51.7887,51.7887,51.7887,443.0
2019-03-21 13:13:00,51.77,51.77,51.77,51.77,1562.0
2019-03-21 13:18:00,51.75,51.75,51.75,51.75,1416.0
2019-03-21 13:22:00,51.7331,51.7331,51.7331,51.7331,1099.0
2019-03-21 13:28:00,51.77,51.77,51.77,51.77,2100.0
2019-03-21 13:29:00,51.78,51.78,51.78,51.78,628.0
2019-03-21 13:32:00,51.81,51.81,51.81,51.81,398.0
2019-03-21 13:40:00,51.7301,51.7301,51.7301,51.7301,256.0
2019-03-21 13:42:00,51.77,51.77,51.77,51.77,410.0
2019-03-21 13:44:00,51.74,51.74,51.73,51.73,350.0
2019-03-21 13:51:00,51.8,51.8,51.8,51.8,533.0
2019-03-21 13:54:00,51.8001,51.8001,51.8001,51.8001,571.0
2019-03-21 13:57:00,51.79,51.79,51.79,51.79,309.0
2019-03-21 14:01:00,51.77,51.77,51.77,51.77,260.0
2019-03-21 14:04:00,51.8036,51.8036,51.8036,51.8036,1191.0
2019-03-21 14:14:00,51.88,51.88,51.88,51.88,1766.0
2019-03-21 14:17:00,51.87,51.87,51.87,51.87,216.0
2019-03-21 14:29:00,51.8701,51.8701,51.8701,51.8701,498.0
2019-03-21 14:30:00,51.875,51.875,51.875,51.875,125.0
2019-03-21 14:34:00,51.8917,51.899,51.8917,51.899,728.0
2019-03-21 14:43:00,51.92,51.92,51.92,51.92,1239.0
2019-03-21 14:44:00,51.94,51.94,51.94,51.94,259.0
2019-03-21 14:52:00,51.9399,51.9399,51.9399,51.9399,950.0
2019-03-21 15:03:00,51.8984,51.8984,51.8984,51.8984,802.0
2019-03-21 15:07:00,51.925,51.925,51.925,51.925,305.0
2019-03-21 15:10:00,51.95,51.95,51.95,51.95,760.0
2019-03-21 15:11:00,51.9,51.9,51.9,51.9,1629.0
2019-03-21 15:12:00,51.88,51.88,51.88,51.88,420.0
2019-03-21 15:13:00,51.85,51.85,51.85,51.85,252.0
2019-03-21 15:14:00,51.83,51.83,51.83,51.83,332.0
2019-03-21 15:15:00,51.82,51.82,51.82,51.82,880.0
2019-03-21 15:16:00,51.81,51.81,51.81,51.81,300.0
2019-03-21 15:17:00,51.8,51.8,51.8,51.8,592.0
2019-03-21 15:19:00,51.8,51.8,51.8,51.8,100.0
2019-03-21 15:20:00,51.8,51.8,51.8,51.8,300.0
2019-03-21 15:21:00,51.83,51.83,51.83,51.83,313.0
2019-03-21 15:22:00,51.83,51.83,51.83,51.83,523.0
2019-03-21 15:33:00,51.83,51.83,51.83,51.83,287.0
2019-03-21 15:35:00,51.87,51.87,51.86,51.86,1187.0
2019-03-21 15:37:00,51.83,51.83,51.83,51.83,200.0
2019-03-21 15:41:00,51.86,51.86,51.86,51.86,164.0
2019-03-21 15:44:00,51.91,51.91,51.91,51.91,387.0
2019-03-21 15:45:00,51.919,51.919,51.919,51.919,390.0
2019-03-21 15:47:00,51.86,51.86,51.86,51.86,307.0
2019-03-21 15:52:00,51.8427,51.8427,51.84,51.84,1206.0
2019-03-21 15:55:00,51.85,51.85,51.85,51.85,546.0
2019-03-21 15:56:00,51.8299,51.8299,51.8299,51.8299,675.0
2019-03-21 15:57:00,51.82,51.82,51.82,51.82,285.0
2019-03-21 15:59:00,51.83,51.83,51.83,51.83,125.0
2019-03-21 16:00:00,51.83,51.83,51.82,51.82,1025.0
2019-03-22 09:31:00,51.52,51.52,51.5,51.5,0.0
2019-03-22 09:33:00,51.6105,51.6105,51.6105,51.6105,329.0
2019-03-22 09:37:00,51.5,51.5,51.5,51.5,502.0
2019-03-22 09:38:00,51.49,51.49,51.49,51.49,120.0
2019-03-22 09:39:00,51.5,51.5,51.5,51.5,242.0
2019-03-22 09:43:00,51.51,51.51,51.51,51.51,108.0
2019-03-22 09:44:00,51.51,51.51,51.51,51.51,852.0
2019-03-22 09:45:00,51.51,51.51,51.51,51.51,254.0
2019-03-22 09:55:00,51.24,51.24,51.24,51.24,627.0
2019-03-22 10:01:00,51.2026,51.2221,51.2026,51.2221,1236.0
2019-03-22 10:02:00,51.22,51.22,51.21,51.21,200.0
2019-03-22 10:04:00,51.2,51.2,51.1783,51.1783,500.0
2019-03-22 10:06:00,51.185,51.185,51.185,51.185,879.0
2019-03-22 10:07:00,51.21,51.21,51.2036,51.2036,334.0
2019-03-22 10:09:00,51.2,51.2073,51.2,51.2073,1640.0
2019-03-22 10:10:00,51.21,51.21,51.21,51.21,218.0
2019-03-22 10:13:00,51.21,51.21,51.21,51.21,110.0
2019-03-22 10:15:00,51.2,51.2,51.2,51.2,275.0
2019-03-22 10:19:00,51.22,51.22,51.22,51.22,176.0
2019-03-22 10:22:00,51.29,51.2949,51.29,51.2949,931.0
2019-03-22 10:26:00,51.23,51.23,51.23,51.23,238.0
2019-03-22 10:34:00,51.209,51.21,51.19,51.1931,14586.0
2019-03-22 10:39:00,51.295,51.295,51.295,51.295,833.0
2019-03-22 10:40:00,51.2861,51.2875,51.27,51.27,6500.0
2019-03-22 10:41:00,51.26,51.26,51.26,51.26,378.0
2019-03-22 10:47:00,51.1966,51.1966,51.1966,51.1966,367.0
2019-03-22 10:49:00,51.19,51.19,51.19,51.19,289.0
2019-03-22 10:51:00,51.1433,51.1437,51.1401,51.1401,1396.0
2019-03-22 10:52:00,51.15,51.15,51.15,51.15,300.0
2019-03-22 10:57:00,51.14,51.15,51.14,51.15,200.0
2019-03-22 10:59:00,51.141,51.141,51.13,51.13,5648.0
2019-03-22 11:00:00,51.1,51.1,51.1,51.1,300.0
2019-03-22 11:02:00,51.08,51.08,51.08,51.08,388.0
2019-03-22 11:03:00,51.06,51.06,51.06,51.06,0.0
2019-03-22 11:07:00,51.06,51.06,51.06,51.06,42682.0
2019-03-22 11:19:00,51.06,51.06,51.06,51.06,238.0
2019-03-22 11:20:00,51.12,51.12,51.12,51.12,199.0
2019-03-22 11:24:00,51.07,51.07,51.07,51.07,293.0
2019-03-22 11:40:00,50.94,50.9435,50.94,50.9435,398.0
2019-03-22 11:56:00,50.868,50.8699,50.8601,50.8601,556.0
2019-03-22 11:57:00,50.867,50.867,50.867,50.867,295.0
2019-03-22 11:58:00,50.87,50.87,50.87,50.87,520.0
2019-03-22 12:02:00,50.85,50.85,50.85,50.85,155.0
2019-03-22 12:13:00,50.8533,50.8533,50.8533,50.8533,255.0
2019-03-22 12:15:00,50.8301,50.8301,50.83,50.83,343.0
2019-03-22 12:18:00,50.88,50.88,50.88,50.88,263.0
2019-03-22 12:27:00,50.82,50.82,50.82,50.82,132.0
2019-03-22 12:33:00,50.8665,50.8665,50.8665,50.8665,203.0
2019-03-22 12:42:00,50.8,50.8,50.8,50.8,709.0
2019-03-22 12:45:00,50.7367,50.7482,50.7367,50.7482,1634.0
2019-03-22 12:46:00,50.7528,50.7528,50.7528,50.7528,168.0
2019-03-22 12:48:00,50.75,50.75,50.75,50.75,239.0
2019-03-22 12:52:00,50.83,50.83,50.83,50.83,355.0
2019-03-22 13:02:00,50.9366,50.9366,50.9366,50.9366,745.0
2019-03-22 13:04:00,50.9656,50.9765,50.9656,50.9765,1325.0
2019-03-22 13:05:00,50.9465,50.9465,50.9433,50.9433,623.0
2019-03-22 13:07:00,50.9364,50.9364,50.9364,50.9364,229.0
2019-03-22 13:09:00,50.9718,50.9718,50.9718,50.9718,138.0
2019-03-22 13:12:00,50.96,50.96,50.96,50.96,100.0
2019-03-22 13:17:00,50.94,50.94,50.94,50.94,167.0
2019-03-22 13:24:00,50.8965,50.8965,50.89,50.8965,774.0
2019-03-22 13:25:00,50.928,50.928,50.921,50.921,275.0
2019-03-22 13:26:00,50.92,50.92,50.92,50.92,100.0
2019-03-22 13:27:00,50.9335,50.9335,50.9268,50.9268,670.0
2019-03-22 13:30:00,50.9164,50.9164,50.9164,50.9164,128.0
2019-03-22 13:31:00,50.92,50.92,50.92,50.92,100.0
2019-03-22 13:33:00,50.98,50.98,50.98,50.98,200.0
2019-03-22 13:34:00,50.99,50.99,50.99,50.99,200.0
2019-03-22 13:41:00,50.95,50.95,50.95,50.95,151.0
2019-03-22 13:43:00,50.96,50.96,50.96,50.96,237.0
2019-03-22 13:48:00,50.96,50.96,50.96,50.96,100.0
2019-03-22 13:50:00,50.97,50.97,50.97,50.97,239.0
2019-03-22 13:52:00,50.9675,50.9675,50.9675,50.9675,451.0
2019-03-22 14:00:00,50.8933,50.8933,50.8933,50.8933,206.0
2019-03-22 14:03:00,50.9533,50.9533,50.9533,50.9533,550.0
2019-03-22 14:04:00,50.97,50.97,50.97,50.97,235.0
2019-03-22 14:10:00,51.0335,51.0335,51.0335,51.0335,243.0
2019-03-22 14:11:00,51.0264,51.0264,51.0264,51.0264,134.0
2019-03-22 14:14:00,51.06,51.06,51.06,51.06,100.0
2019-03-22 14:15:00,51.0419,51.08,51.0419,51.08,955.0
2019-03-22 14:16:00,51.1036,51.1036,51.1036,51.1036,357.0
2019-03-22 14:22:00,51.1118,51.1118,51.11,51.11,589.0
2019-03-22 14:23:00,51.12,51.12,51.12,51.12,979.0
2019-03-22 14:24:00,51.13,51.13,51.13,51.13,300.0
2019-03-22 14:25:00,51.132,51.132,51.12,51.12,13097.0
2019-03-22 14:26:00,51.12,51.12,51.12,51.12,102.0
2019-03-22 14:27:00,51.11,51.11,51.11,51.11,1485.0
2019-03-22 14:28:00,51.11,51.11,51.11,51.11,382.0
2019-03-22 14:29:00,51.12,51.12,51.12,51.12,417.0
2019-03-22 14:30:00,51.1075,51.1075,51.1075,51.1075,1611.0
2019-03-22 14:32:00,51.11,51.1121,51.11,51.1121,787.0
2019-03-22 14:35:00,51.04,51.04,51.03,51.03,327.0
2019-03-22 14:40:00,51.0433,51.0433,51.0433,51.0433,558.0
2019-03-22 14:42:00,51.1021,51.1021,51.1021,51.1021,235.0
2019-03-22 14:44:00,51.1,51.1,51.09,51.09,315.0
2019-03-22 14:50:00,51.13,51.13,51.13,51.13,327.0
2019-03-22 14:51:00,51.14,51.14,51.14,51.14,200.0
2019-03-22 14:53:00,51.17,51.17,51.17,51.17,100.0
2019-03-22 14:54:00,51.18,51.18,51.18,51.18,200.0
2019-03-22 14:55:00,51.18,51.18,51.1631,51.17,639.0
2019-03-22 14:58:00,51.1737,51.1737,51.1737,51.1737,804.0
2019-03-22 15:00:00,51.1549,51.1549,51.15,51.15,444.0
2019-03-22 15:10:00,51.125,51.125,51.125,51.125,1026.0
2019-03-22 15:11:00,51.1128,51.1128,51.1128,51.1128,498.0
2019-03-22 15:19:00,51.03,51.03,51.03,51.03,0.0
2019-03-22 15:23:00,51.06,51.06,51.0463,51.0463,85141.0
2019-03-22 15:25:00,51.08,51.08,51.08,51.08,303.0
2019-03-22 15:33:00,50.96,50.96,50.96,50.96,1263.0
2019-03-22 15:34:00,50.96,50.96,50.96,50.96,201.0
2019-03-22 15:35:00,50.91,50.91,50.91,50.91,1073.0
2019-03-22 15:41:00,50.89,50.89,50.89,50.89,4558.0
2019-03-22 15:43:00,50.88,50.88,50.87,50.87,554.0
2019-03-22 15:44:00,50.87,50.87,50.86,50.86,600.0
2019-03-22 15:45:00,50.87,50.87,50.87,50.87,201.0
2019-03-22 15:46:00,50.87,50.87,50.87,50.87,366.0
2019-03-22 15:48:00,50.94,50.94,50.94,50.94,346.0
2019-03-22 15:49:00,50.93,50.93,50.93,50.93,244.0
2019-03-22 15:50:00,50.93,50.935,50.93,50.935,2470.0
2019-03-22 15:51:00,50.93,50.93,50.91,50.91,1491.0
2019-03-22 15:52:00,50.91,50.91,50.91,50.91,230.0
2019-03-22 15:53:00,50.89,50.89,50.8799,50.8799,963.0
2019-03-22 15:54:00,50.88,50.88,50.88,50.88,468.0
2019-03-22 15:55:00,50.89,50.89,50.88,50.88,1153.0
2019-03-22 15:56:00,50.84,50.88,50.84,50.88,300.0
2019-03-22 15:58:00,50.85,50.85,50.84,50.84,1314.0
2019-03-22 15:59:00,50.83,50.83,50.8268,50.83,696.0
2019-03-22 16:00:00,50.84,50.86,50.82,50.82,1244.0
2019-03-25 09:32:00,50.8607,50.8607,50.8607,50.8607,0.0
2019-03-25 09:38:00,50.9747,50.9747,50.9747,50.9747,400.0
2019-03-25 09:40:00,50.98,50.98,50.98,50.98,100.0
2019-03-25 09:47:00,50.78,50.78,50.78,50.78,364.0
2019-03-25 09:49:00,50.77,50.77,50.77,50.77,100.0
2019-03-25 09:52:00,50.75,50.75,50.75,50.75,100.0
2019-03-25 09:56:00,50.69,50.69,50.69,50.69,274.0
2019-03-25 09:58:00,50.7035,50.7035,50.7035,50.7035,523.0
2019-03-25 10:04:00,50.6,50.6,50.6,50.6,187.0
2019-03-25 10:10:00,50.6257,50.6257,50.6257,50.6257,410.0
2019-03-25 10:18:00,50.6,50.6,50.6,50.6,740.0
2019-03-25 10:28:00,50.6602,50.6602,50.6602,50.6602,161.0
2019-03-25 10:36:00,50.7399,50.7399,50.7399,50.7399,546.0
2019-03-25 10:39:00,50.74,50.74,50.74,50.74,3.0
2019-03-25 10:49:00,50.7436,50.7436,50.7436,50.7436,234.0
2019-03-25 10:53:00,50.9101,50.9101,50.9101,50.9101,222.0
2019-03-25 10:56:00,50.9115,50.9115,50.9115,50.9115,930.0
2019-03-25 11:05:00,50.8749,50.8749,50.8749,50.8749,640.0
2019-03-25 11:08:00,50.9302,50.9302,50.9302,50.9302,726.0
2019-03-25 11:13:00,50.91,50.91,50.91,50.91,232.0
2019-03-25 11:17:00,51.016,51.016,51.016,51.016,515.0
2019-03-25 11:18:00,51.02,51.02,51.02,51.02,468.0
2019-03-25 11:21:00,51.0501,51.0501,51.0501,51.0501,259.0
2019-03-25 11:29:00,51.0802,51.0802,51.0802,51.0802,1565.0
2019-03-25 11:38:00,50.9858,50.9858,50.9858,50.9858,1228.0
2019-03-25 11:39:00,50.9951,50.9951,50.9951,50.9951,789.0
2019-03-25 11:41:00,50.97,50.97,50.97,50.97,880.0
2019-03-25 11:42:00,50.9599,50.9599,50.9599,50.9599,315.0
2019-03-25 11:48:00,50.9267,50.9267,50.9267,50.9267,524.0
2019-03-25 11:56:00,50.9065,50.9065,50.9065,50.9065,180.0
2019-03-25 12:02:00,50.8365,50.8365,50.8365,50.8365,990.0
2019-03-25 12:03:00,50.83,50.83,50.83,50.83,129.0
2019-03-25 12:15:00,50.8401,50.87,50.8401,50.87,380.0
2019-03-25 12:19:00,50.8699,50.8699,50.8699,50.8699,237.0
2019-03-25 12:20:00,50.885,50.885,50.885,50.885,170.0
2019-03-25 12:23:00,50.9125,50.9125,50.9125,50.9125,970.0
2019-03-25 12:31:00,50.887,50.887,50.887,50.887,1816.0
2019-03-25 12:32:00,50.896,50.896,50.896,50.896,900.0
2019-03-25 12:33:00,50.85,50.85,50.85,50.85,417.0
2019-03-25 12:38:00,50.765,50.765,50.765,50.765,406.0
2019-03-25 12:41:00,50.75,50.75,50.75,50.75,225.0
2019-03-25 12:43:00,50.73,50.73,50.73,50.73,211.0
2019-03-25 12:44:00,50.7,50.7,50.7,50.7,323.0
2019-03-25 12:48:00,50.73,50.73,50.73,50.73,170.0
2019-03-25 12:49:00,50.74,50.74,50.74,50.74,497.0
2019-03-25 13:02:00,50.8567,50.8567,50.8567,50.8567,158.0
2019-03-25 13:19:00,50.85,50.85,50.85,50.85,1072.0
2019-03-25 13:21:00,50.8619,50.8619,50.8619,50.8619,353.0
2019-03-25 13:23:00,50.88,50.88,50.88,50.88,453.0
2019-03-25 13:24:00,50.8601,50.8601,50.8601,50.8601,435.0
2019-03-25 13:30:00,50.84,50.84,50.84,50.84,100.0
2019-03-25 13:32:00,50.821,50.821,50.821,50.821,204.0
2019-03-25 13:37:00,50.8657,50.8837,50.8657,50.8837,984.0
2019-03-25 13:40:00,50.88,50.88,50.88,50.88,243.0
2019-03-25 13:48:00,50.8068,50.8068,50.8068,50.8068,1117.0
2019-03-25 13:58:00,50.7034,50.7034,50.7034,50.7034,775.0
2019-03-25 14:01:00,50.7062,50.7062,50.7062,50.7062,172.0
2019-03-25 14:03:00,50.725,50.725,50.725,50.725,164.0
2019-03-25 14:04:00,50.71,50.71,50.71,50.71,368.0
2019-03-25 14:11:00,50.67,50.6733,50.67,50.6733,1661.0
2019-03-25 14:13:00,50.71,50.71,50.71,50.71,35.0
2019-03-25 14:24:00,50.63,50.63,50.63,50.63,1812.0
2019-03-25 14:26:00,50.62,50.62,50.62,50.62,260.0
2019-03-25 14:28:00,50.62,50.62,50.6129,50.6129,1272.0
2019-03-25 14:30:00,50.63,50.63,50.63,50.63,290.0
2019-03-25 14:32:00,50.6772,50.6772,50.6772,50.6772,456.0
2019-03-25 14:36:00,50.7138,50.7138,50.7138,50.7138,615.0
2019-03-25 14:43:00,50.73,50.7337,50.73,50.7337,4038.0
2019-03-25 14:45:00,50.77,50.77,50.77,50.77,288.0
2019-03-25 14:57:00,50.75,50.75,50.75,50.75,186.0
2019-03-25 14:59:00,50.7871,50.7871,50.7871,50.7871,677.0
2019-03-25 15:10:00,50.7801,50.7801,50.78,50.78,914.0
2019-03-25 15:17:00,50.845,50.845,50.845,50.845,566.0
2019-03-25 15:22:00,50.8032,50.8032,50.8,50.8001,26687.0
2019-03-25 15:24:00,50.83,50.83,50.83,50.83,708.0
2019-03-25 15:26:00,50.84,50.84,50.84,50.84,126.0
2019-03-25 15:28:00,50.857,50.857,50.857,50.857,950.0
2019-03-25 15:31:00,50.82,50.82,50.8184,50.8184,898.0
2019-03-25 15:32:00,50.81,50.81,50.81,50.81,423.0
2019-03-25 15:43:00,50.78,50.78,50.78,50.78,245.0
2019-03-25 15:44:00,50.79,50.79,50.79,50.79,128.0
2019-03-25 15:46:00,50.835,50.835,50.835,50.835,694.0
2019-03-25 15:48:00,50.82,50.82,50.82,50.82,200.0
2019-03-25 15:49:00,50.79,50.79,50.79,50.79,300.0
2019-03-25 15:52:00,50.78,50.78,50.78,50.78,617.0
2019-03-25 15:53:00,50.76,50.76,50.76,50.76,260.0
2019-03-25 15:54:00,50.7532,50.7532,50.7532,50.7532,515.0
2019-03-25 15:56:00,50.75,50.75,50.75,50.75,859.0
2019-03-25 15:57:00,50.78,50.78,50.78,50.78,1526.0
2019-03-25 15:58:00,50.8,50.8,50.8,50.8,5485.0
2019-03-25 16:00:00,50.7813,50.79,50.78,50.79,0.0
2019-03-26 09:31:00,51.0,51.0,51.0,51.0,0.0
2019-03-26 09:40:00,51.22,51.22,51.22,51.22,887.0
2019-03-26 09:42:00,51.26,51.26,51.26,51.26,409.0
2019-03-26 10:03:00,51.18,51.18,51.18,51.18,225.0
2019-03-26 10:09:00,51.11,51.11,51.11,51.11,136.0
2019-03-26 10:12:00,51.1301,51.1301,51.1301,51.1301,325.0
2019-03-26 10:29:00,51.22,51.22,51.22,51.22,548.0
2019-03-26 10:40:00,51.1872,51.1872,51.1872,51.1872,229.0
2019-03-26 10:49:00,51.24,51.24,51.24,51.24,284.0
2019-03-26 10:52:00,51.3,51.3,51.3,51.3,137.0
2019-03-26 10:55:00,51.31,51.31,51.31,51.31,167.0
2019-03-26 11:00:00,51.3,51.3,51.3,51.3,235.0
2019-03-26 11:12:00,51.1768,51.1768,51.1768,51.1768,386.0
2019-03-26 11:19:00,51.1733,51.1733,51.15,51.15,2511.0
2019-03-26 11:20:00,51.1237,51.1237,51.1237,51.1237,620.0
2019-03-26 11:22:00,51.1462,51.1462,51.1462,51.1462,452.0
2019-03-26 11:26:00,51.1301,51.1301,51.1301,51.1301,290.0
2019-03-26 11:27:00,51.1578,51.1578,51.1578,51.1578,2099.0
2019-03-26 11:31:00,51.15,51.15,51.15,51.15,498.0
2019-03-26 11:33:00,51.1165,51.1165,51.1165,51.1165,178.0
2019-03-26 11:37:00,51.14,51.14,51.14,51.14,196.0
2019-03-26 11:40:00,51.2,51.2,51.2,51.2,513.0
2019-03-26 11:42:00,51.21,51.21,51.21,51.21,143.0
2019-03-26 11:55:00,51.09,51.09,51.09,51.09,100.0
2019-03-26 11:58:00,51.1,51.1,51.1,51.1,147.0
2019-03-26 12:04:00,51.12,51.12,51.12,51.12,301.0
2019-03-26 12:07:00,51.1266,51.1266,51.1266,51.1266,1185.0
2019-03-26 12:08:00,51.09,51.09,51.09,51.09,200.0
2019-03-26 12:11:00,51.0835,51.0835,51.0835,51.0835,0.0
2019-03-26 12:12:00,51.08,51.08,51.08,51.08,759.0
2019-03-26 12:18:00,51.09,51.09,51.09,51.09,733.0
2019-03-26 12:25:00,51.03,51.03,51.03,51.03,2514.0
2019-03-26 12:27:00,51.03,51.03,51.03,51.03,264.0
2019-03-26 12:33:00,51.0,51.0,51.0,51.0,277.0
2019-03-26 12:37:00,51.0049,51.0049,51.0049,51.0049,714.0
2019-03-26 12:41:00,50.98,50.98,50.98,50.98,107.0
2019-03-26 12:43:00,50.97,50.97,50.97,50.97,141.0
2019-03-26 12:49:00,50.9101,50.9101,50.9101,50.9101,210.0
2019-03-26 12:58:00,50.98,50.98,50.98,50.98,138.0
2019-03-26 13:04:00,51.0162,51.0162,51.0162,51.0162,401.0
2019-03-26 13:12:00,51.01,51.01,51.01,51.01,385.0
2019-03-26 13:21:00,51.03,51.03,51.03,51.03,200.0
2019-03-26 13:23:00,51.0201,51.0201,51.0201,51.0201,572.0
2019-03-26 13:29:00,50.99,50.99,50.99,50.99,714.0
2019-03-26 13:33:00,50.965,50.965,50.965,50.965,137.0
2019-03-26 13:37:00,50.9001,50.9001,50.9001,50.9001,157.0
2019-03-26 13:41:00,50.93,50.93,50.93,50.93,737.0
2019-03-26 13:54:00,50.93,50.93,50.93,50.93,0.0
2019-03-26 13:57:00,50.9101,50.9101,50.9101,50.9101,1583.0
2019-03-26 14:00:00,50.895,50.895,50.8901,50.8901,536.0
2019-03-26 14:02:00,50.88,50.88,50.88,50.88,317.0
2019-03-26 14:06:00,50.87,50.882,50.87,50.88,12727.0
2019-03-26 14:07:00,50.89,50.89,50.89,50.89,200.0
2019-03-26 14:08:00,50.9,50.9,50.9,50.9,10605.0
2019-03-26 14:14:00,50.875,50.875,50.875,50.875,513.0
2019-03-26 14:17:00,50.8901,50.8901,50.8901,50.8901,685.0
2019-03-26 14:19:00,50.91,50.93,50.91,50.93,14383.0
2019-03-26 14:22:00,50.91,50.91,50.91,50.91,365.0
2019-03-26 14:28:00,50.92,50.92,50.92,50.92,452.0
2019-03-26 14:34:00,50.86,50.8701,50.86,50.8701,1272.0
2019-03-26 14:35:00,50.87,50.87,50.87,50.87,674.0
2019-03-26 14:43:00,50.96,50.96,50.96,50.96,0.0
2019-03-26 14:49:00,50.98,50.98,50.98,50.98,472.0
2019-03-26 14:52:00,50.9833,50.9833,50.9833,50.9833,163.0
2019-03-26 14:53:00,50.969,50.969,50.969,50.969,397.0
2019-03-26 14:55:00,50.9633,50.9633,50.9633,50.9633,1043.0
2019-03-26 15:01:00,51.04,51.04,51.04,51.04,1580.0
2019-03-26 15:02:00,51.07,51.07,51.07,51.07,300.0
2019-03-26 15:03:00,51.08,51.08,51.08,51.08,1231.0
2019-03-26 15:09:00,51.0769,51.0769,51.0769,51.0769,2136.0
2019-03-26 15:11:00,51.05,51.05,51.05,51.05,500.0
2019-03-26 15:13:00,51.07,51.07,51.07,51.07,171.0
2019-03-26 15:15:00,51.0734,51.0734,51.0734,51.0734,748.0
2019-03-26 15:24:00,51.03,51.03,51.03,51.03,411.0
2019-03-26 15:29:00,51.0301,51.0301,51.0301,51.0301,978.0
2019-03-26 15:32:00,51.03,51.04,51.03,51.04,4327.0
2019-03-26 15:34:00,51.05,51.05,51.05,51.05,400.0
2019-03-26 15:35:00,51.05,51.05,51.05,51.05,6557.0
2019-03-26 15:40:00,51.07,51.07,51.07,51.07,100.0
2019-03-26 15:42:00,51.07,51.07,51.07,51.07,311.0
2019-03-26 15:43:00,51.065,51.065,51.065,51.065,500.0
2019-03-26 15:44:00,51.0636,51.0636,51.0636,51.0636,569.0
2019-03-26 15:46:00,51.05,51.05,51.05,51.05,400.0
2019-03-26 15:47:00,51.05,51.05,51.05,51.05,100.0
2019-03-26 15:49:00,51.093,51.093,51.093,51.093,643.0
2019-03-26 15:53:00,51.11,51.11,51.11,51.11,109.0
2019-03-26 15:55:00,51.12,51.12,51.12,51.12,527.0
2019-03-26 15:56:00,51.14,51.14,51.14,51.14,650.0
2019-03-26 15:58:00,51.16,51.16,51.16,51.16,259.0
2019-03-26 15:59:00,51.18,51.18,51.18,51.18,337.0
2019-03-26 16:00:00,51.19,51.19,51.19,51.19,422.0
2019-03-27 09:31:00,51.21,51.21,51.21,51.21,0.0
2019-03-27 09:33:00,51.2807,51.2807,51.2807,51.2807,251.0
2019-03-27 09:34:00,51.3205,51.3205,51.3205,51.3205,331.0
2019-03-27 09:37:00,51.36,51.36,51.36,51.36,238.0
2019-03-27 09:41:00,51.365,51.38,51.365,51.38,200.0
2019-03-27 09:43:00,51.365,51.365,51.365,51.365,115.0
2019-03-27 09:44:00,51.3101,51.3101,51.3101,51.3101,440.0
2019-03-27 09:50:00,51.27,51.27,51.27,51.27,100.0
2019-03-27 09:52:00,51.28,51.28,51.28,51.28,100.0
2019-03-27 09:53:00,51.31,51.31,51.31,51.31,170.0
2019-03-27 09:56:00,51.232,51.232,51.232,51.232,374.0
2019-03-27 09:58:00,51.1737,51.1737,51.1737,51.1737,172.0
2019-03-27 10:00:00,51.19,51.1985,51.19,51.1985,1589.0
2019-03-27 10:06:00,51.1767,51.1767,51.1767,51.1767,164.0
2019-03-27 10:08:00,51.197,51.197,51.197,51.197,727.0
2019-03-27 10:12:00,51.24,51.25,51.24,51.25,865.0
2019-03-27 10:13:00,51.2201,51.27,51.2201,51.27,400.0
2019-03-27 10:16:00,51.29,51.29,51.29,51.29,270.0
2019-03-27 10:17:00,51.2786,51.2786,51.2786,51.2786,1080.0
2019-03-27 10:19:00,51.3236,51.3236,51.3236,51.3236,440.0
2019-03-27 10:21:00,51.3515,51.3515,51.3515,51.3515,1256.0
2019-03-27 10:22:00,51.3333,51.3333,51.33,51.33,2216.0
2019-03-27 10:24:00,51.3515,51.3515,51.3515,51.3515,1648.0
2019-03-27 10:25:00,51.3838,51.3838,51.3838,51.3838,300.0
2019-03-27 10:26:00,51.4037,51.4037,51.4037,51.4037,729.0
2019-03-27 10:28:00,51.3498,51.3498,51.3498,51.3498,232.0
2019-03-27 10:35:00,51.338,51.338,51.338,51.338,540.0
2019-03-27 10:38:00,51.2999,51.2999,51.2999,51.2999,1546.0
2019-03-27 10:42:00,51.22,51.22,51.22,51.22,172.0
2019-03-27 10:46:00,51.1665,51.1665,51.1665,51.1665,601.0
2019-03-27 10:48:00,51.1502,51.1502,51.1502,51.1502,725.0
2019-03-27 10:52:00,51.144,51.144,51.144,51.144,235.0
2019-03-27 10:54:00,51.0864,51.0864,51.0864,51.0864,454.0
2019-03-27 10:56:00,51.1073,51.1073,51.1073,51.1073,500.0
2019-03-27 10:57:00,51.12,51.12,51.12,51.12,157.0
2019-03-27 11:00:00,51.1338,51.1338,51.1338,51.1338,100.0
2019-03-27 11:03:00,51.1367,51.1367,51.1367,51.1367,1249.0
2019-03-27 11:06:00,51.11,51.11,51.11,51.11,270.0
2019-03-27 11:07:00,51.1335,51.1335,51.1335,51.1335,945.0
2019-03-27 11:19:00,51.09,51.09,51.09,51.09,219.0
2019-03-27 11:20:00,51.1136,51.1136,51.1136,51.1136,278.0
2019-03-27 11:22:00,51.11,51.11,51.11,51.11,475.0
2019-03-27 11:39:00,50.9601,50.9601,50.9601,50.9601,1645.0
2019-03-27 11:43:00,50.973,50.973,50.973,50.973,426.0
2019-03-27 11:44:00,50.95,50.95,50.95,50.95,370.0
2019-03-27 11:48:00,50.9137,50.9137,50.9137,50.9137,500.0
2019-03-27 11:49:00,50.9,50.9,50.9,50.9,641.0
2019-03-27 11:54:00,50.91,50.91,50.91,50.91,210.0
2019-03-27 12:02:00,50.9409,50.9409,50.9409,50.9409,13869.0
2019-03-27 12:03:00,50.9488,50.9488,50.9488,50.9488,0.0
2019-03-27 12:05:00,51.02,51.02,51.02,51.02,60293.0
2019-03-27 12:06:00,51.03,51.0324,51.03,51.0324,8619.0
2019-03-27 12:07:00,51.03,51.03,51.03,51.03,400.0
2019-03-27 12:08:00,51.02,51.02,51.01,51.02,14384.0
2019-03-27 12:09:00,51.01,51.01,51.01,51.01,670.0
2019-03-27 12:11:00,50.9876,50.9876,50.9876,50.9876,428.0
2019-03-27 12:14:00,50.9965,50.9965,50.9965,50.9965,346.0
2019-03-27 12:18:00,51.0099,51.0099,51.0099,51.0099,2812.0
2019-03-27 12:23:00,51.07,51.07,51.07,51.07,307.0
2019-03-27 12:40:00,51.1001,51.1001,51.1001,51.1001,570.0
2019-03-27 12:41:00,51.11,51.11,51.1,51.1,383.0
2019-03-27 12:49:00,51.11,51.11,51.11,51.11,4311.0
2019-03-27 12:51:00,51.12,51.12,51.12,51.12,155.0
2019-03-27 12:55:00,51.1241,51.1241,51.1241,51.1241,214.0
2019-03-27 13:03:00,51.0928,51.0928,51.0928,51.0928,547.0
2019-03-27 13:05:00,51.075,51.0768,51.075,51.0768,380.0
2019-03-27 13:08:00,51.09,51.09,51.09,51.09,270.0
2019-03-27 13:14:00,51.12,51.12,51.12,51.12,300.0
2019-03-27 13:15:00,51.17,51.17,51.17,51.17,606.0
2019-03-27 13:21:00,51.1799,51.1799,51.1799,51.1799,500.0
2019-03-27 13:25:00,51.2099,51.2099,51.2099,51.2099,325.0
2019-03-27 13:30:00,51.2089,51.2089,51.2089,51.2089,238.0
2019-03-27 13:31:00,51.21,51.21,51.21,51.21,387.0
2019-03-27 13:36:00,51.1799,51.1799,51.1799,51.1799,458.0
2019-03-27 13:44:00,51.22,51.22,51.22,51.22,843.0
2019-03-27 13:51:00,51.2033,51.2033,51.2033,51.2033,348.0
2019-03-27 13:52:00,51.2026,51.2026,51.2026,51.2026,214.0
2019-03-27 13:57:00,51.22,51.23,51.22,51.23,2919.0
2019-03-27 13:58:00,51.23,51.23,51.21,51.22,3163.0
2019-03-27 14:04:00,51.2166,51.2166,51.2166,51.2166,1188.0
2019-03-27 14:12:00,51.25,51.25,51.25,51.25,300.0
2019-03-27 14:13:00,51.25,51.25,51.244,51.244,788.0
2019-03-27 14:15:00,51.2699,51.2699,51.2699,51.2699,230.0
2019-03-27 14:17:00,51.2536,51.2536,51.2536,51.2536,190.0
2019-03-27 14:21:00,51.2299,51.2299,51.2299,51.2299,350.0
2019-03-27 14:22:00,51.2001,51.2001,51.2001,51.2001,269.0
2019-03-27 14:25:00,51.22,51.22,51.22,51.22,311.0
2019-03-27 14:27:00,51.2,51.21,51.19,51.19,67595.0
2019-03-27 14:28:00,51.2001,51.2001,51.2001,51.2001,475.0
2019-03-27 14:31:00,51.22,51.25,51.22,51.25,720.0
2019-03-27 14:37:00,51.2,51.2,51.2,51.2,200.0
2019-03-27 14:39:00,51.15,51.15,51.15,51.15,584.0
2019-03-27 14:40:00,51.14,51.14,51.14,51.14,300.0
2019-03-27 14:41:00,51.15,51.15,51.15,51.15,105.0
2019-03-27 14:44:00,51.14,51.14,51.14,51.14,6516.0
2019-03-27 14:46:00,51.15,51.15,51.15,51.15,6347.0
2019-03-27 14:49:00,51.14,51.14,51.1398,51.1398,975.0
2019-03-27 14:51:00,51.1466,51.1466,51.1466,51.1466,227.0
2019-03-27 14:52:00,51.16,51.18,51.16,51.18,300.0
2019-03-27 14:53:00,51.17,51.17,51.17,51.17,100.0
2019-03-27 14:54:00,51.18,51.18,51.18,51.18,323.0
2019-03-27 14:56:00,51.17,51.17,51.17,51.17,292.0
2019-03-27 15:00:00,51.1233,51.1233,51.1233,51.1233,568.0
2019-03-27 15:04:00,51.09,51.09,51.09,51.09,429.0
2019-03-27 15:08:00,51.12,51.12,51.12,51.12,471.0
2019-03-27 15:12:00,51.13,51.13,51.13,51.13,326.0
2019-03-27 15:13:00,51.13,51.1307,51.13,51.1307,247.0
2019-03-27 15:14:00,51.13,51.13,51.13,51.13,573.0
2019-03-27 15:25:00,51.17,51.18,51.17,51.18,693.0
2019-03-27 15:31:00,51.26,51.27,51.26,51.26,2804.0
2019-03-27 15:32:00,51.25,51.25,51.25,51.25,400.0
2019-03-27 15:33:00,51.24,51.24,51.24,51.24,700.0
2019-03-27 15:35:00,51.24,51.24,51.24,51.24,426.0
2019-03-27 15:36:00,51.25,51.25,51.25,51.25,100.0
2019-03-27 15:37:00,51.24,51.24,51.24,51.24,485.0
2019-03-27 15:39:00,51.2399,51.2399,51.23,51.23,1080.0
2019-03-27 15:40:00,51.2233,51.2233,51.2233,51.2233,333.0
2019-03-27 15:42:00,51.25,51.25,51.25,51.25,162.0
2019-03-27 15:44:00,51.24,51.24,51.24,51.24,235.0
2019-03-27 15:46:00,51.25,51.25,51.25,51.25,393.0
2019-03-27 15:47:00,51.25,51.25,51.24,51.24,1001.0
2019-03-27 15:48:00,51.2395,51.2395,51.2395,51.2395,113.0
2019-03-27 15:49:00,51.24,51.24,51.2396,51.2396,681.0
2019-03-27 15:53:00,51.2,51.2,51.2,51.2,400.0
2019-03-27 15:54:00,51.2,51.2,51.17,51.17,700.0
2019-03-27 15:55:00,51.16,51.17,51.16,51.17,404.0
2019-03-27 15:56:00,51.14,51.14,51.13,51.13,1136.0
2019-03-27 15:58:00,51.12,51.12,51.12,51.12,209.0
2019-03-27 15:59:00,51.11,51.11,51.11,51.11,666.0
2019-03-27 16:00:00,51.11,51.14,51.11,51.14,0.0
2019-03-28 09:31:00,51.19,51.19,51.19,51.19,0.0
2019-03-28 09:34:00,51.425,51.425,51.425,51.425,335.0
2019-03-28 09:35:00,51.35,51.35,51.32,51.32,2368.0
2019-03-28 09:54:00,51.3548,51.3826,51.3548,51.3826,1093.0
2019-03-28 09:57:00,51.3836,51.3836,51.3836,51.3836,214.0
2019-03-28 09:59:00,51.392,51.392,51.392,51.392,583.0
2019-03-28 10:02:00,51.3837,51.3837,51.3837,51.3837,145.0
2019-03-28 10:06:00,51.4472,51.4472,51.4472,51.4472,178.0
2019-03-28 10:08:00,51.43,51.43,51.43,51.43,224.0
2019-03-28 10:13:00,51.4499,51.4534,51.4499,51.4534,530.0
2019-03-28 10:14:00,51.4369,51.4369,51.4369,51.4369,409.0
2019-03-28 10:21:00,51.44,51.44,51.44,51.44,102.0
2019-03-28 10:24:00,51.4599,51.4599,51.4599,51.4599,100.0
2019-03-28 10:31:00,51.43,51.43,51.43,51.43,100.0
2019-03-28 10:32:00,51.43,51.43,51.43,51.43,108.0
2019-03-28 10:37:00,51.43,51.43,51.43,51.43,100.0
2019-03-28 10:39:00,51.43,51.43,51.43,51.43,182.0
2019-03-28 10:43:00,51.4334,51.4334,51.4334,51.4334,289.0
2019-03-28 10:45:00,51.4073,51.4073,51.4073,51.4073,716.0
2019-03-28 10:49:00,51.39,51.39,51.39,51.39,106.0
2019-03-28 10:51:00,51.39,51.39,51.3899,51.3899,542.0
2019-03-28 10:53:00,51.39,51.39,51.39,51.39,100.0
2019-03-28 10:54:00,51.37,51.37,51.37,51.37,300.0
2019-03-28 10:56:00,51.381,51.381,51.381,51.381,597.0
2019-03-28 10:58:00,51.3944,51.3944,51.3944,51.3944,1108.0
2019-03-28 11:03:00,51.2894,51.31,51.2894,51.31,489.0
2019-03-28 11:10:00,51.2624,51.2624,51.2568,51.2568,501.0
2019-03-28 11:14:00,51.27,51.27,51.27,51.27,125.0
2019-03-28 11:15:00,51.2776,51.2776,51.2776,51.2776,318.0
2019-03-28 11:25:00,51.19,51.19,51.19,51.19,100.0
2019-03-28 11:27:00,51.17,51.17,51.17,51.17,336.0
2019-03-28 11:33:00,51.14,51.15,51.1399,51.15,408.0
2019-03-28 11:37:00,51.1235,51.1235,51.1235,51.1235,452.0
2019-03-28 11:41:00,51.1291,51.1291,51.1291,51.1291,206.0
2019-03-28 11:47:00,51.0755,51.0755,51.0755,51.0755,132.0
2019-03-28 11:51:00,51.16,51.16,51.15,51.15,20453.0
2019-03-28 11:53:00,51.13,51.13,51.13,51.13,600.0
2019-03-28 11:54:00,51.12,51.12,51.12,51.12,200.0
2019-03-28 11:56:00,51.11,51.11,51.11,51.11,337.0
2019-03-28 11:57:00,51.0841,51.0841,51.0841,51.0841,827.0
2019-03-28 12:07:00,51.1045,51.1045,51.1045,51.1045,289.0
2019-03-28 12:30:00,51.0878,51.0878,51.0878,51.0878,796.0
2019-03-28 12:33:00,51.0985,51.0985,51.0985,51.0985,156.0
2019-03-28 12:37:00,51.07,51.0757,51.07,51.0757,878.0
2019-03-28 12:38:00,51.12,51.12,51.12,51.12,420.0
2019-03-28 12:41:00,51.13,51.13,51.13,51.13,265.0
2019-03-28 12:43:00,51.12,51.13,51.12,51.13,2508.0
2019-03-28 12:45:00,51.12,51.12,51.11,51.11,400.0
2019-03-28 12:46:00,51.1111,51.1111,51.1111,51.1111,178.0
2019-03-28 12:55:00,51.16,51.16,51.16,51.16,133.0
2019-03-28 13:04:00,51.19,51.19,51.19,51.19,200.0
2019-03-28 13:06:00,51.19,51.19,51.19,51.19,100.0
2019-03-28 13:11:00,51.1841,51.1841,51.1841,51.1841,900.0
2019-03-28 13:12:00,51.2,51.2,51.182,51.1891,3472.0
2019-03-28 13:13:00,51.2044,51.2044,51.2044,51.2044,591.0
2019-03-28 13:14:00,51.2,51.2,51.2,51.2,100.0
2019-03-28 13:16:00,51.2,51.2,51.19,51.19,310.0
2019-03-28 13:17:00,51.2,51.2,51.2,51.2,602.0
2019-03-28 13:24:00,51.24,51.24,51.24,51.24,563.0
2019-03-28 13:34:00,51.24,51.24,51.24,51.24,104.0
2019-03-28 13:36:00,51.23,51.23,51.2201,51.2201,402.0
2019-03-28 13:42:00,51.21,51.21,51.21,51.21,100.0
2019-03-28 13:45:00,51.1999,51.1999,51.1999,51.1999,1600.0
2019-03-28 13:52:00,51.23,51.24,51.23,51.24,201.0
2019-03-28 13:54:00,51.2599,51.2599,51.2384,51.2384,1025.0
2019-03-28 13:57:00,51.2599,51.2599,51.2599,51.2599,375.0
2019-03-28 14:00:00,51.2599,51.2599,51.2599,51.2599,394.0
2019-03-28 14:02:00,51.26,51.26,51.24,51.24,355.0
2019-03-28 14:04:00,51.27,51.27,51.2699,51.2699,750.0
2019-03-28 14:07:00,51.2799,51.2799,51.2799,51.2799,457.0
2019-03-28 14:15:00,51.2701,51.2701,51.2701,51.2701,1500.0
2019-03-28 14:18:00,51.28,51.28,51.28,51.28,157.0
2019-03-28 14:29:00,51.2736,51.2736,51.2736,51.2736,225.0
2019-03-28 14:32:00,51.27,51.27,51.27,51.27,136.0
2019-03-28 14:33:00,51.252,51.252,51.252,51.252,296.0
2019-03-28 14:35:00,51.24,51.24,51.24,51.24,107.0
2019-03-28 14:36:00,51.23,51.23,51.23,51.23,200.0
2019-03-28 14:37:00,51.23,51.23,51.23,51.23,536.0
2019-03-28 14:42:00,51.23,51.23,51.23,51.23,100.0
2019-03-28 14:43:00,51.2335,51.2335,51.2335,51.2335,384.0
2019-03-28 14:44:00,51.235,51.235,51.235,51.235,141.0
2019-03-28 14:48:00,51.24,51.24,51.24,51.24,643.0
2019-03-28 14:49:00,51.23,51.23,51.23,51.23,190.0
2019-03-28 14:50:00,51.23,51.23,51.23,51.23,859.0
2019-03-28 14:53:00,51.2001,51.2001,51.2001,51.2001,1026.0
2019-03-28 14:57:00,51.2238,51.2238,51.2238,51.2238,618.0
2019-03-28 14:58:00,51.2201,51.2201,51.2201,51.2201,309.0
2019-03-28 15:01:00,51.23,51.23,51.23,51.23,285.0
2019-03-28 15:06:00,51.29,51.29,51.29,51.29,748.0
2019-03-28 15:08:00,51.2799,51.2799,51.2799,51.2799,312.0
2019-03-28 15:16:00,51.29,51.29,51.29,51.29,500.0
2019-03-28 15:17:00,51.29,51.29,51.2899,51.2899,349.0
2019-03-28 15:21:00,51.2833,51.2833,51.28,51.28,402.0
2019-03-28 15:22:00,51.28,51.28,51.28,51.28,100.0
2019-03-28 15:23:00,51.27,51.27,51.27,51.27,388.0
2019-03-28 15:24:00,51.29,51.29,51.29,51.29,704.0
2019-03-28 15:31:00,51.2933,51.2933,51.2933,51.2933,308.0
2019-03-28 15:32:00,51.2884,51.2884,51.2884,51.2884,100.0
2019-03-28 15:33:00,51.2868,51.29,51.2868,51.29,420.0
2019-03-28 15:44:00,51.3233,51.3233,51.3233,51.3233,241.0
2019-03-28 15:46:00,51.33,51.33,51.3258,51.3262,1975.0
2019-03-28 15:49:00,51.32,51.32,51.32,51.32,304.0
2019-03-28 15:51:00,51.3,51.3,51.3,51.3,370.0
2019-03-28 15:55:00,51.32,51.32,51.32,51.32,592.0
2019-03-28 15:58:00,51.33,51.33,51.33,51.33,811.0
2019-03-28 15:59:00,51.34,51.34,51.34,51.34,237.0
2019-03-28 16:00:00,51.33,51.34,51.33,51.33,1218.0
2019-03-29 09:31:00,51.55,51.55,51.55,51.55,115.0
2019-03-29 09:44:00,51.5944,51.5944,51.5944,51.5944,682.0
2019-03-29 09:47:00,51.5806,51.5806,51.5806,51.5806,200.0
2019-03-29 09:48:00,51.62,51.62,51.62,51.62,100.0
2019-03-29 09:56:00,51.6063,51.6063,51.6063,51.6063,376.0
2019-03-29 10:04:00,51.618,51.618,51.618,51.618,1194.0
2019-03-29 10:05:00,51.624,51.624,51.624,51.624,1438.0
2019-03-29 10:09:00,51.6398,51.6398,51.6398,51.6398,182.0
2019-03-29 10:15:00,51.6003,51.6003,51.6003,51.6003,838.0
2019-03-29 10:19:00,51.6098,51.6098,51.6098,51.6098,390.0
2019-03-29 10:21:00,51.6,51.6,51.6,51.6,327.0
2019-03-29 10:22:00,51.5502,51.5502,51.5502,51.5502,486.0
2019-03-29 10:25:00,51.51,51.5102,51.51,51.5102,418.0
2019-03-29 10:26:00,51.5345,51.5345,51.5345,51.5345,304.0
2019-03-29 10:37:00,51.5177,51.5177,51.5177,51.5177,568.0
2019-03-29 10:53:00,51.4461,51.4461,51.4461,51.4461,133.0
2019-03-29 10:57:00,51.4218,51.4218,51.4218,51.4218,839.0
2019-03-29 10:59:00,51.41,51.41,51.41,51.41,284.0
2019-03-29 11:01:00,51.46,51.46,51.46,51.46,370.0
2019-03-29 11:02:00,51.4879,51.4879,51.471,51.471,3489.0
2019-03-29 11:03:00,51.49,51.49,51.485,51.485,403.0
2019-03-29 11:04:00,51.505,51.505,51.5,51.5,1511.0
2019-03-29 11:07:00,51.4823,51.4823,51.4823,51.4823,1553.0
2019-03-29 11:08:00,51.51,51.5332,51.51,51.5332,501.0
2019-03-29 11:30:00,51.46,51.46,51.46,51.46,200.0
2019-03-29 11:31:00,51.47,51.47,51.47,51.47,178.0
2019-03-29 11:36:00,51.495,51.495,51.495,51.495,310.0
2019-03-29 11:38:00,51.4745,51.4745,51.4745,51.4745,123.0
2019-03-29 11:41:00,51.51,51.51,51.51,51.51,2862.0
2019-03-29 11:45:00,51.4937,51.4937,51.4937,51.4937,1566.0
2019-03-29 11:47:00,51.48,51.48,51.48,51.48,671.0
2019-03-29 11:55:00,51.47,51.47,51.47,51.47,100.0
2019-03-29 11:57:00,51.49,51.49,51.49,51.49,311.0
2019-03-29 12:02:00,51.4266,51.4266,51.4266,51.4266,495.0
2019-03-29 12:07:00,51.4,51.4,51.4,51.4,100.0
2019-03-29 12:09:00,51.38,51.38,51.38,51.38,388.0
2019-03-29 12:15:00,51.39,51.39,51.37,51.37,565.0
2019-03-29 12:20:00,51.39,51.39,51.39,51.39,118.0
2019-03-29 12:29:00,51.45,51.45,51.45,51.45,450.0
2019-03-29 12:30:00,51.44,51.44,51.435,51.44,16235.0
2019-03-29 12:31:00,51.43,51.43,51.43,51.43,100.0
2019-03-29 12:32:00,51.43,51.43,51.43,51.43,700.0
2019-03-29 12:35:00,51.46,51.46,51.46,51.46,600.0
2019-03-29 12:37:00,51.48,51.49,51.48,51.49,11525.0
2019-03-29 12:38:00,51.48,51.48,51.48,51.48,200.0
2019-03-29 12:39:00,51.4865,51.4865,51.4865,51.4865,200.0
2019-03-29 12:42:00,51.48,51.48,51.47,51.48,401.0
2019-03-29 12:43:00,51.47,51.47,51.47,51.47,199.0
2019-03-29 12:44:00,51.46,51.46,51.46,51.46,316.0
2019-03-29 12:47:00,51.45,51.45,51.45,51.45,337.0
2019-03-29 12:53:00,51.435,51.435,51.4299,51.4299,10646.0
2019-03-29 12:56:00,51.45,51.45,51.45,51.45,238.0
2019-03-29 12:58:00,51.47,51.47,51.47,51.47,400.0
2019-03-29 12:59:00,51.48,51.48,51.4765,51.4765,575.0
2019-03-29 13:00:00,51.49,51.49,51.4701,51.4701,987.0
2019-03-29 13:04:00,51.49,51.49,51.49,51.49,200.0
2019-03-29 13:06:00,51.48,51.48,51.48,51.48,607.0
2019-03-29 13:07:00,51.47,51.47,51.47,51.47,2732.0
2019-03-29 13:09:00,51.47,51.47,51.47,51.47,100.0
2019-03-29 13:10:00,51.4757,51.4757,51.4757,51.4757,868.0
2019-03-29 13:11:00,51.49,51.49,51.4801,51.4801,497.0
2019-03-29 13:12:00,51.4831,51.5,51.48,51.48,15470.0
2019-03-29 13:15:00,51.49,51.49,51.485,51.485,493.0
2019-03-29 13:16:00,51.47,51.47,51.47,51.47,121.0
2019-03-29 13:18:00,51.4601,51.4601,51.4601,51.4601,5120.0
2019-03-29 13:21:00,51.46,51.46,51.46,51.46,224.0
2019-03-29 13:22:00,51.4317,51.44,51.4317,51.44,1200.0
2019-03-29 13:23:00,51.465,51.4671,51.4601,51.4671,1293.0
2019-03-29 13:30:00,51.49,51.49,51.49,51.49,1200.0
2019-03-29 13:31:00,51.49,51.49,51.4832,51.4832,1020.0
2019-03-29 13:32:00,51.49,51.49,51.49,51.49,200.0
2019-03-29 13:33:00,51.48,51.48,51.48,51.48,142.0
2019-03-29 13:34:00,51.47,51.47,51.47,51.47,1547.0
2019-03-29 13:35:00,51.48,51.48,51.48,51.48,200.0
2019-03-29 13:36:00,51.4801,51.4801,51.4801,51.4801,503.0
2019-03-29 13:38:00,51.46,51.46,51.46,51.46,446.0
2019-03-29 13:39:00,51.46,51.4634,51.45,51.4634,2140.0
2019-03-29 13:40:00,51.4728,51.4728,51.4728,51.4728,124.0
2019-03-29 13:43:00,51.485,51.4888,51.485,51.4888,2734.0
2019-03-29 13:46:00,51.515,51.515,51.515,51.515,100.0
2019-03-29 13:47:00,51.51,51.51,51.47,51.47,1468.0
2019-03-29 13:48:00,51.49,51.49,51.49,51.49,830.0
2019-03-29 13:50:00,51.49,51.5,51.49,51.5,7387.0
2019-03-29 13:51:00,51.4967,51.4967,51.4967,51.4967,300.0
2019-03-29 13:53:00,51.5,51.5,51.5,51.5,1210.0
2019-03-29 13:56:00,51.5,51.5,51.49,51.49,836.0
2019-03-29 13:58:00,51.49,51.49,51.49,51.49,1454.0
2019-03-29 14:01:00,51.48,51.48,51.48,51.48,946.0
2019-03-29 14:02:00,51.48,51.4833,51.48,51.4833,772.0
2019-03-29 14:04:00,51.49,51.49,51.49,51.49,611.0
2019-03-29 14:05:00,51.5,51.5,51.5,51.5,500.0
2019-03-29 14:06:00,51.51,51.51,51.51,51.51,962.0
2019-03-29 14:09:00,51.53,51.53,51.53,51.53,400.0
2019-03-29 14:10:00,51.53,51.53,51.53,51.53,100.0
2019-03-29 14:11:00,51.53,51.53,51.53,51.53,1483.0
2019-03-29 14:13:00,51.54,51.54,51.54,51.54,303.0
2019-03-29 14:14:00,51.54,51.54,51.54,51.54,100.0
2019-03-29 14:15:00,51.55,51.55,51.55,51.55,600.0
2019-03-29 14:17:00,51.55,51.55,51.55,51.55,676.0
2019-03-29 14:18:00,51.54,51.54,51.54,51.54,100.0
2019-03-29 14:20:00,51.54,51.54,51.54,51.54,100.0
2019-03-29 14:22:00,51.53,51.53,51.53,51.53,200.0
2019-03-29 14:23:00,51.53,51.53,51.53,51.53,100.0
2019-03-29 14:27:00,51.55,51.55,51.55,51.55,1312.0
2019-03-29 14:30:00,51.55,51.55,51.55,51.55,100.0
2019-03-29 14:31:00,51.55,51.55,51.54,51.54,629.0
2019-03-29 14:35:00,51.55,51.55,51.55,51.55,1104.0
2019-03-29 14:36:00,51.55,51.55,51.55,51.55,200.0
2019-03-29 14:39:00,51.55,51.5533,51.55,51.5533,392.0
2019-03-29 14:40:00,51.55,51.55,51.55,51.55,135.0
2019-03-29 14:42:00,51.52,51.54,51.52,51.54,2243.0
2019-03-29 14:43:00,51.54,51.54,51.54,51.54,124.0
2019-03-29 14:45:00,51.55,51.55,51.55,51.55,308.0
2019-03-29 14:47:00,51.52,51.52,51.52,51.52,1171.0
2019-03-29 14:50:00,51.57,51.57,51.57,51.57,300.0
2019-03-29 14:51:00,51.57,51.57,51.57,51.57,100.0
2019-03-29 14:54:00,51.6,51.62,51.6,51.62,1115.0
2019-03-29 14:55:00,51.64,51.64,51.64,51.64,100.0
2019-03-29 14:58:00,51.6233,51.6233,51.6233,51.6233,849.0
2019-03-29 14:59:00,51.6101,51.6101,51.6101,51.6101,243.0
2019-03-29 15:04:00,51.65,51.65,51.65,51.65,374.0
2019-03-29 15:07:00,51.6,51.6,51.59,51.59,200.0
2019-03-29 15:08:00,51.59,51.61,51.59,51.61,534.0
2019-03-29 15:09:00,51.6123,51.6123,51.61,51.61,231.0
2019-03-29 15:10:00,51.61,51.61,51.61,51.61,290.0
2019-03-29 15:13:00,51.59,51.59,51.59,51.59,534.0
2019-03-29 15:18:00,51.59,51.59,51.59,51.59,466.0
2019-03-29 15:19:00,51.6,51.6,51.6,51.6,341.0
2019-03-29 15:20:00,51.5934,51.5934,51.5934,51.5934,1668.0
2019-03-29 15:21:00,51.5733,51.579,51.5733,51.579,1295.0
2019-03-29 15:22:00,51.5899,51.5899,51.5801,51.5801,2222.0
2019-03-29 15:23:00,51.5767,51.5767,51.57,51.57,1598.0
2019-03-29 15:24:00,51.56,51.56,51.56,51.56,100.0
2019-03-29 15:25:00,51.5501,51.5501,51.5501,51.5501,371.0
2019-03-29 15:26:00,51.54,51.54,51.53,51.5368,2144.0
2019-03-29 15:27:00,51.54,51.56,51.53,51.55,2896.0
2019-03-29 15:29:00,51.56,51.56,51.56,51.56,200.0
2019-03-29 15:30:00,51.56,51.56,51.56,51.56,148.0
2019-03-29 15:31:00,51.551,51.555,51.535,51.535,3951.0
2019-03-29 15:32:00,51.5201,51.5249,51.5201,51.5249,524.0
2019-03-29 15:33:00,51.55,51.55,51.54,51.542,843.0
2019-03-29 15:34:00,51.54,51.54,51.54,51.54,100.0
2019-03-29 15:35:00,51.55,51.58,51.55,51.58,726.0
2019-03-29 15:37:00,51.57,51.57,51.57,51.57,100.0
2019-03-29 15:39:00,51.57,51.57,51.57,51.57,129.0
2019-03-29 15:40:00,51.6,51.6,51.6,51.6,201.0
2019-03-29 15:43:00,51.6067,51.6067,51.6,51.6,500.0
2019-03-29 15:45:00,51.59,51.59,51.59,51.59,278.0
2019-03-29 15:46:00,51.6,51.6,51.6,51.6,383.0
2019-03-29 15:47:00,51.61,51.6167,51.61,51.6164,1657.0
2019-03-29 15:49:00,51.571,51.571,51.56,51.56,489.0
2019-03-29 15:51:00,51.5566,51.5566,51.55,51.55,930.0
2019-03-29 15:52:00,51.55,51.55,51.55,51.55,200.0
2019-03-29 15:53:00,51.58,51.58,51.58,51.58,1144.0
2019-03-29 15:54:00,51.55,51.55,51.55,51.55,401.0
2019-03-29 15:55:00,51.58,51.58,51.54,51.54,922.0
2019-03-29 15:56:00,51.55,51.57,51.55,51.57,2046.0
2019-03-29 15:57:00,51.57,51.57,51.57,51.57,100.0
2019-03-29 15:58:00,51.57,51.58,51.57,51.58,1100.0
2019-03-29 15:59:00,51.58,51.58,51.58,51.58,281.0
2019-03-29 16:00:00,51.57,51.57,51.57,51.57,1778.0
2019-04-01 09:31:00,52.0,52.0,52.0,52.0,0.0
2019-04-01 09:37:00,52.05,52.05,52.05,52.05,348.0
2019-04-01 09:39:00,51.999,51.999,51.999,51.999,2350.0
2019-04-01 09:42:00,51.99,51.99,51.99,51.99,146.0
2019-04-01 09:47:00,51.9626,51.9626,51.9626,51.9626,610.0
2019-04-01 09:49:00,51.9565,51.9565,51.9565,51.9565,185.0
2019-04-01 09:53:00,52.0365,52.0365,52.0365,52.0365,686.0
2019-04-01 09:57:00,52.03,52.03,52.03,52.03,506.0
2019-04-01 10:02:00,52.0965,52.0965,52.0965,52.0965,3032.0
2019-04-01 10:06:00,52.19,52.19,52.19,52.19,196.0
2019-04-01 10:09:00,52.2167,52.2167,52.2167,52.2167,1095.0
2019-04-01 10:10:00,52.1747,52.1747,52.1747,52.1747,390.0
2019-04-01 10:13:00,52.2184,52.2184,52.2184,52.2184,303.0
2019-04-01 10:14:00,52.23,52.23,52.23,52.23,193.0
2019-04-01 10:19:00,52.22,52.23,52.22,52.23,1267.0
2019-04-01 10:22:00,52.25,52.25,52.25,52.25,825.0
2019-04-01 10:27:00,52.2301,52.2301,52.2301,52.2301,1300.0
2019-04-01 10:30:00,52.2101,52.2101,52.2101,52.2101,800.0
2019-04-01 10:31:00,52.25,52.25,52.25,52.25,100.0
2019-04-01 10:36:00,52.21,52.21,52.21,52.21,100.0
2019-04-01 10:40:00,52.2102,52.2102,52.2102,52.2102,582.0
2019-04-01 10:42:00,52.2301,52.2301,52.2301,52.2301,196.0
2019-04-01 10:44:00,52.2097,52.2097,52.2097,52.2097,235.0
2019-04-01 10:47:00,52.2065,52.2065,52.2065,52.2065,334.0
2019-04-01 10:49:00,52.21,52.21,52.21,52.21,247.0
2019-04-01 10:53:00,52.16,52.16,52.16,52.16,196.0
2019-04-01 10:55:00,52.1653,52.1653,52.1653,52.1653,4460.0
2019-04-01 10:56:00,52.1493,52.15,52.1493,52.15,1125.0
2019-04-01 10:58:00,52.15,52.15,52.15,52.15,143.0
2019-04-01 11:07:00,52.1301,52.1301,52.1301,52.1301,6373.0
2019-04-01 11:09:00,52.1499,52.1499,52.1499,52.1499,261.0
2019-04-01 11:12:00,52.15,52.15,52.15,52.15,100.0
2019-04-01 11:13:00,52.15,52.15,52.15,52.15,399.0
2019-04-01 11:16:00,52.1282,52.1282,52.1282,52.1282,222.0
2019-04-01 11:17:00,52.14,52.14,52.14,52.14,1400.0
2019-04-01 11:19:00,52.1633,52.1633,52.1633,52.1633,893.0
2019-04-01 11:23:00,52.1501,52.1501,52.1501,52.1501,1705.0
2019-04-01 11:26:00,52.1533,52.1533,52.1533,52.1533,1095.0
2019-04-01 11:28:00,52.165,52.165,52.165,52.165,716.0
2019-04-01 11:30:00,52.17,52.17,52.17,52.17,200.0
2019-04-01 11:32:00,52.1301,52.1301,52.1301,52.1301,250.0
2019-04-01 11:34:00,52.1,52.1,52.1,52.1,5128.0
2019-04-01 11:35:00,52.1,52.1,52.1,52.1,1457.0
2019-04-01 11:40:00,52.13,52.13,52.13,52.13,507.0
2019-04-01 11:48:00,52.08,52.08,52.08,52.08,351.0
2019-04-01 11:53:00,52.1337,52.1337,52.1337,52.1337,955.0
2019-04-01 12:00:00,52.18,52.18,52.18,52.18,986.0
2019-04-01 12:01:00,52.16,52.16,52.16,52.16,100.0
2019-04-01 12:07:00,52.1302,52.1302,52.1302,52.1302,251.0
2019-04-01 12:10:00,52.1368,52.1368,52.1368,52.1368,145.0
2019-04-01 12:14:00,52.1573,52.1573,52.1573,52.1573,1433.0
2019-04-01 12:20:00,52.2033,52.2033,52.2033,52.2033,399.0
2019-04-01 12:23:00,52.21,52.21,52.21,52.21,485.0
2019-04-01 12:27:00,52.19,52.19,52.19,52.19,575.0
2019-04-01 12:30:00,52.19,52.19,52.19,52.19,296.0
2019-04-01 12:36:00,52.19,52.19,52.19,52.19,509.0
2019-04-01 12:37:00,52.18,52.18,52.18,52.18,300.0
2019-04-01 12:41:00,52.1801,52.1801,52.1801,52.1801,650.0
2019-04-01 12:42:00,52.19,52.19,52.19,52.19,146.0
2019-04-01 12:44:00,52.19,52.19,52.19,52.19,534.0
2019-04-01 12:45:00,52.19,52.19,52.19,52.19,151.0
2019-04-01 12:48:00,52.21,52.21,52.21,52.21,100.0
2019-04-01 12:51:00,52.22,52.22,52.22,52.22,128.0
2019-04-01 12:52:00,52.223,52.223,52.223,52.223,1157.0
2019-04-01 12:53:00,52.21,52.214,52.21,52.2125,13470.0
2019-04-01 12:56:00,52.23,52.23,52.23,52.23,647.0
2019-04-01 12:58:00,52.23,52.23,52.23,52.23,100.0
2019-04-01 12:59:00,52.245,52.245,52.245,52.245,103.0
2019-04-01 13:03:00,52.24,52.24,52.24,52.24,150.0
2019-04-01 13:07:00,52.255,52.255,52.255,52.255,299.0
2019-04-01 13:09:00,52.26,52.26,52.26,52.26,646.0
2019-04-01 13:11:00,52.27,52.27,52.27,52.27,233.0
2019-04-01 13:15:00,52.25,52.25,52.25,52.25,415.0
2019-04-01 13:18:00,52.26,52.26,52.26,52.26,585.0
2019-04-01 13:24:00,52.23,52.23,52.23,52.23,200.0
2019-04-01 13:28:00,52.235,52.235,52.235,52.235,273.0
2019-04-01 13:32:00,52.24,52.24,52.24,52.24,449.0
2019-04-01 13:34:00,52.25,52.25,52.25,52.25,100.0
2019-04-01 13:36:00,52.251,52.251,52.251,52.251,497.0
2019-04-01 13:41:00,52.27,52.27,52.27,52.27,130.0
2019-04-01 13:51:00,52.28,52.28,52.28,52.28,289.0
2019-04-01 13:57:00,52.28,52.28,52.28,52.28,760.0
2019-04-01 14:02:00,52.29,52.31,52.29,52.31,301.0
2019-04-01 14:06:00,52.31,52.31,52.31,52.31,667.0
2019-04-01 14:08:00,52.3272,52.3272,52.3272,52.3272,291.0
2019-04-01 14:14:00,52.3443,52.3443,52.3443,52.3443,705.0
2019-04-01 14:19:00,52.327,52.327,52.327,52.327,126.0
2019-04-01 14:20:00,52.34,52.34,52.34,52.34,200.0
2019-04-01 14:21:00,52.34,52.34,52.34,52.34,1764.0
2019-04-01 14:25:00,52.32,52.32,52.32,52.32,231.0
2019-04-01 14:28:00,52.32,52.32,52.32,52.32,124.0
2019-04-01 14:30:00,52.2925,52.2925,52.2925,52.2925,336.0
2019-04-01 14:34:00,52.29,52.29,52.29,52.29,627.0
2019-04-01 14:35:00,52.3,52.3,52.3,52.3,243.0
2019-04-01 14:44:00,52.285,52.285,52.285,52.285,538.0
2019-04-01 14:49:00,52.25,52.25,52.25,52.25,204.0
2019-04-01 14:52:00,52.2699,52.2699,52.2699,52.2699,618.0
2019-04-01 14:56:00,52.26,52.26,52.26,52.26,148.0
2019-04-01 14:59:00,52.2877,52.2877,52.2877,52.2877,417.0
2019-04-01 15:01:00,52.23,52.23,52.23,52.23,178.0
2019-04-01 15:04:00,52.23,52.2331,52.23,52.2331,4459.0
2019-04-01 15:07:00,52.23,52.23,52.23,52.23,320.0
2019-04-01 15:09:00,52.23,52.23,52.23,52.23,1633.0
2019-04-01 15:12:00,52.23,52.23,52.23,52.23,113.0
2019-04-01 15:13:00,52.2257,52.23,52.2257,52.23,7056.0
2019-04-01 15:15:00,52.2319,52.2319,52.2319,52.2319,759.0
2019-04-01 15:18:00,52.25,52.25,52.25,52.25,445.0
2019-04-01 15:20:00,52.26,52.26,52.26,52.26,151.0
2019-04-01 15:23:00,52.28,52.28,52.28,52.28,104.0
2019-04-01 15:25:00,52.29,52.29,52.29,52.29,407.0
2019-04-01 15:27:00,52.29,52.29,52.29,52.29,100.0
2019-04-01 15:31:00,52.3099,52.3099,52.3099,52.3099,1079.0
2019-04-01 15:33:00,52.31,52.31,52.31,52.31,100.0
2019-04-01 15:37:00,52.302,52.3159,52.302,52.3159,2231.0
2019-04-01 15:43:00,52.31,52.31,52.31,52.31,879.0
2019-04-01 15:45:00,52.32,52.32,52.32,52.32,1290.0
2019-04-01 15:48:00,52.3185,52.3185,52.3185,52.3185,828.0
2019-04-01 15:50:00,52.33,52.33,52.33,52.33,100.0
2019-04-01 15:53:00,52.34,52.34,52.34,52.34,100.0
2019-04-01 15:54:00,52.35,52.35,52.35,52.35,453.0
2019-04-01 15:57:00,52.39,52.39,52.39,52.39,2025.0
2019-04-01 15:58:00,52.392,52.392,52.392,52.392,212.0
2019-04-01 16:00:00,52.36,52.37,52.36,52.37,1412.0
2019-04-02 09:31:00,52.35,52.35,52.35,52.35,0.0
2019-04-02 09:34:00,52.281,52.281,52.281,52.281,111.0
2019-04-02 09:37:00,52.21,52.21,52.21,52.21,100.0
2019-04-02 09:38:00,52.2211,52.2211,52.2211,52.2211,367.0
2019-04-02 09:40:00,52.19,52.19,52.19,52.19,323.0
2019-04-02 09:41:00,52.1696,52.1696,52.1696,52.1696,0.0
2019-04-02 09:44:00,52.2147,52.2147,52.2147,52.2147,4964.0
2019-04-02 09:50:00,52.2386,52.2386,52.2386,52.2386,1031.0
2019-04-02 09:57:00,52.3769,52.3769,52.3769,52.3769,136.0
2019-04-02 09:58:00,52.3643,52.3643,52.3643,52.3643,6814.0
2019-04-02 10:01:00,52.41,52.41,52.41,52.41,100.0
2019-04-02 10:02:00,52.385,52.385,52.385,52.385,198.0
2019-04-02 10:05:00,52.3337,52.3337,52.3337,52.3337,239.0
2019-04-02 10:06:00,52.3566,52.3566,52.3566,52.3566,4231.0
2019-04-02 10:07:00,52.37,52.375,52.36,52.36,607.0
2019-04-02 10:08:00,52.39,52.39,52.39,52.39,100.0
2019-04-02 10:09:00,52.3989,52.3989,52.3989,52.3989,641.0
2019-04-02 10:11:00,52.39,52.39,52.39,52.39,100.0
2019-04-02 10:12:00,52.375,52.375,52.375,52.375,480.0
2019-04-02 10:16:00,52.3805,52.3805,52.3805,52.3805,489.0
2019-04-02 10:21:00,52.3715,52.3715,52.3715,52.3715,330.0
2019-04-02 10:22:00,52.3701,52.3701,52.3701,52.3701,118.0
2019-04-02 10:23:00,52.375,52.375,52.375,52.375,221.0
2019-04-02 10:28:00,52.3525,52.3684,52.3525,52.3684,524.0
2019-04-02 10:32:00,52.3799,52.3799,52.3703,52.3703,495.0
2019-04-02 10:34:00,52.38,52.38,52.38,52.38,779.0
2019-04-02 10:38:00,52.3771,52.3771,52.3771,52.3771,157.0
2019-04-02 10:41:00,52.31,52.3169,52.31,52.3169,280.0
2019-04-02 10:42:00,52.3199,52.3199,52.3199,52.3199,450.0
2019-04-02 10:45:00,52.34,52.35,52.3303,52.34,3144.0
2019-04-02 10:52:00,52.3399,52.3399,52.3399,52.3399,260.0
2019-04-02 10:53:00,52.3498,52.3498,52.3498,52.3498,190.0
2019-04-02 10:54:00,52.34,52.34,52.34,52.34,303.0
2019-04-02 10:59:00,52.2899,52.2899,52.2762,52.2762,445.0
2019-04-02 11:01:00,52.2456,52.2456,52.2456,52.2456,147.0
2019-04-02 11:02:00,52.2361,52.2361,52.2361,52.2361,462.0
2019-04-02 11:15:00,52.14,52.14,52.14,52.14,643.0
2019-04-02 11:19:00,52.2161,52.2161,52.2161,52.2161,556.0
2019-04-02 11:20:00,52.2154,52.2221,52.2154,52.2221,457.0
2019-04-02 11:21:00,52.246,52.246,52.246,52.246,482.0
2019-04-02 11:27:00,52.25,52.25,52.25,52.25,366.0
2019-04-02 11:36:00,52.2567,52.2567,52.24,52.24,664.0
2019-04-02 11:37:00,52.2258,52.2258,52.2199,52.2199,235.0
2019-04-02 11:40:00,52.2121,52.2121,52.2121,52.2121,362.0
2019-04-02 11:41:00,52.2399,52.2399,52.2399,52.2399,297.0
2019-04-02 11:42:00,52.24,52.24,52.24,52.24,366.0
2019-04-02 11:48:00,52.2976,52.2976,52.2908,52.2908,924.0
2019-04-02 11:56:00,52.32,52.32,52.32,52.32,325.0
2019-04-02 11:57:00,52.3,52.3,52.3,52.3,714.0
2019-04-02 12:00:00,52.3199,52.3199,52.3199,52.3199,220.0
2019-04-02 12:01:00,52.3001,52.3001,52.3001,52.3001,1239.0
2019-04-02 12:06:00,52.3179,52.3179,52.3179,52.3179,486.0
2019-04-02 12:15:00,52.26,52.26,52.26,52.26,101.0
2019-04-02 12:18:00,52.2528,52.2562,52.24,52.2535,3085.0
2019-04-02 12:20:00,52.2464,52.2472,52.2464,52.2472,3398.0
2019-04-02 12:22:00,52.2336,52.24,52.2291,52.2291,6517.0
2019-04-02 12:24:00,52.201,52.208,52.201,52.2023,6076.0
2019-04-02 12:26:00,52.1938,52.2,52.18,52.1999,2830.0
2019-04-02 12:29:00,52.19,52.2055,52.19,52.1967,18100.0
2019-04-02 12:31:00,52.2057,52.22,52.2057,52.22,3350.0
2019-04-02 12:32:00,52.21,52.21,52.21,52.21,100.0
2019-04-02 12:33:00,52.2045,52.2045,52.2045,52.2045,427.0
2019-04-02 12:35:00,52.2387,52.2387,52.2387,52.2387,122.0
2019-04-02 12:37:00,52.2335,52.2335,52.2335,52.2335,261.0
2019-04-02 12:39:00,52.2136,52.229,52.2123,52.22,3613.0
2019-04-02 12:41:00,52.2201,52.2329,52.2201,52.2328,13738.0
2019-04-02 12:42:00,52.2369,52.2369,52.2301,52.2301,1651.0
2019-04-02 12:43:00,52.238,52.248,52.2323,52.24,4417.0
2019-04-02 12:44:00,52.23,52.23,52.2133,52.2133,494.0
2019-04-02 12:46:00,52.21,52.21,52.2061,52.2061,427.0
2019-04-02 12:47:00,52.2001,52.2001,52.2001,52.2001,1053.0
2019-04-02 12:49:00,52.21,52.21,52.2001,52.21,8801.0
2019-04-02 12:50:00,52.2006,52.22,52.2006,52.22,13642.0
2019-04-02 12:52:00,52.2164,52.218,52.2164,52.2164,1334.0
2019-04-02 12:56:00,52.2001,52.2001,52.2001,52.2001,441.0
2019-04-02 12:58:00,52.2119,52.2119,52.21,52.21,1170.0
2019-04-02 13:02:00,52.21,52.21,52.21,52.21,433.0
2019-04-02 13:06:00,52.21,52.21,52.21,52.21,141.0
2019-04-02 13:07:00,52.23,52.23,52.23,52.23,1000.0
2019-04-02 13:09:00,52.27,52.27,52.27,52.27,381.0
2019-04-02 13:11:00,52.27,52.27,52.26,52.26,314.0
2019-04-02 13:13:00,52.26,52.26,52.26,52.26,410.0
2019-04-02 13:24:00,52.27,52.27,52.27,52.27,213.0
2019-04-02 13:25:00,52.2672,52.2672,52.2672,52.2672,1144.0
2019-04-02 13:26:00,52.273,52.273,52.273,52.273,128.0
2019-04-02 13:27:00,52.2725,52.2735,52.2725,52.2735,1915.0
2019-04-02 13:30:00,52.2421,52.2421,52.2421,52.2421,485.0
2019-04-02 13:33:00,52.23,52.23,52.23,52.23,247.0
2019-04-02 13:38:00,52.28,52.28,52.28,52.28,510.0
2019-04-02 13:42:00,52.2724,52.2724,52.2724,52.2724,181.0
2019-04-02 13:43:00,52.28,52.28,52.274,52.274,1245.0
2019-04-02 13:46:00,52.28,52.28,52.28,52.28,100.0
2019-04-02 13:48:00,52.2535,52.2535,52.2535,52.2535,110.0
2019-04-02 13:49:00,52.255,52.255,52.24,52.24,2869.0
2019-04-02 13:51:00,52.23,52.23,52.215,52.22,9693.0
2019-04-02 13:57:00,52.23,52.23,52.23,52.23,307.0
2019-04-02 14:04:00,52.23,52.23,52.23,52.23,179.0
2019-04-02 14:05:00,52.2239,52.2239,52.2239,52.2239,173.0
2019-04-02 14:06:00,52.2301,52.2301,52.2301,52.2301,227.0
2019-04-02 14:10:00,52.23,52.23,52.22,52.22,313.0
2019-04-02 14:13:00,52.238,52.238,52.238,52.238,144.0
2019-04-02 14:14:00,52.234,52.234,52.234,52.234,199.0
2019-04-02 14:18:00,52.2239,52.2239,52.2239,52.2239,459.0
2019-04-02 14:19:00,52.234,52.234,52.234,52.234,140.0
2019-04-02 14:21:00,52.24,52.24,52.2398,52.2398,478.0
2019-04-02 14:23:00,52.2471,52.2471,52.2471,52.2471,602.0
2019-04-02 14:28:00,52.2499,52.2499,52.2499,52.2499,325.0
2019-04-02 14:31:00,52.23,52.2301,52.23,52.2301,577.0
2019-04-02 14:32:00,52.24,52.25,52.24,52.25,709.0
2019-04-02 14:33:00,52.2408,52.245,52.2408,52.2437,1369.0
2019-04-02 14:41:00,52.2301,52.2301,52.2301,52.2301,942.0
2019-04-02 14:42:00,52.2394,52.2394,52.2394,52.2394,237.0
2019-04-02 14:45:00,52.2318,52.2318,52.2318,52.2318,1187.0
2019-04-02 14:49:00,52.24,52.24,52.24,52.24,594.0
2019-04-02 14:55:00,52.2199,52.2199,52.2199,52.2199,262.0
2019-04-02 14:58:00,52.22,52.22,52.22,52.22,110.0
2019-04-02 15:00:00,52.2358,52.2358,52.2358,52.2358,310.0
2019-04-02 15:05:00,52.2268,52.2268,52.2268,52.2268,375.0
2019-04-02 15:09:00,52.2262,52.2262,52.2262,52.2262,1165.0
2019-04-02 15:13:00,52.2333,52.2333,52.23,52.23,577.0
2019-04-02 15:16:00,52.2171,52.2171,52.2171,52.2171,551.0
2019-04-02 15:19:00,52.2317,52.2317,52.2317,52.2317,738.0
2019-04-02 15:30:00,52.2262,52.2262,52.2262,52.2262,386.0
2019-04-02 15:31:00,52.229,52.229,52.225,52.225,404.0
2019-04-02 15:34:00,52.23,52.23,52.23,52.23,4269.0
2019-04-02 15:35:00,52.2465,52.2499,52.2465,52.2499,1372.0
2019-04-02 15:37:00,52.25,52.2553,52.2499,52.2553,685.0
2019-04-02 15:38:00,52.25,52.25,52.249,52.249,432.0
2019-04-02 15:45:00,52.2569,52.2584,52.2569,52.2584,253.0
2019-04-02 15:47:00,52.2337,52.2337,52.2337,52.2337,310.0
2019-04-02 15:49:00,52.24,52.24,52.24,52.24,600.0
2019-04-02 15:50:00,52.26,52.26,52.26,52.26,273.0
2019-04-02 15:53:00,52.2393,52.2393,52.2393,52.2393,550.0
2019-04-02 15:54:00,52.2462,52.25,52.2462,52.25,484.0
2019-04-02 15:55:00,52.24,52.24,52.24,52.24,872.0
2019-04-02 15:56:00,52.2217,52.2217,52.22,52.22,839.0
2019-04-02 15:59:00,52.21,52.2191,52.21,52.2191,529.0
2019-04-02 16:00:00,52.22,52.22,52.21,52.21,768.0
2019-04-03 09:31:00,52.44,52.44,52.44,52.44,0.0
2019-04-03 09:42:00,52.5595,52.5595,52.5595,52.5595,364.0
2019-04-03 09:47:00,52.6225,52.6225,52.6225,52.6225,364.0
2019-04-03 09:50:00,52.5601,52.5601,52.5601,52.5601,356.0
2019-04-03 09:54:00,52.555,52.555,52.555,52.555,195.0
2019-04-03 09:56:00,52.56,52.56,52.56,52.56,193.0
2019-04-03 09:58:00,52.5201,52.5201,52.5201,52.5201,166.0
2019-04-03 09:59:00,52.5298,52.5298,52.5298,52.5298,275.0
2019-04-03 10:01:00,52.44,52.4539,52.44,52.4539,1804.0
2019-04-03 10:10:00,52.46,52.46,52.46,52.46,4097.0
2019-04-03 10:13:00,52.47,52.47,52.47,52.47,119.0
2019-04-03 10:16:00,52.4954,52.4954,52.4954,52.4954,287.0
2019-04-03 10:24:00,52.543,52.543,52.543,52.543,132.0
2019-04-03 10:25:00,52.53,52.53,52.53,52.53,100.0
2019-04-03 10:27:00,52.5206,52.5206,52.5,52.5,377.0
2019-04-03 10:31:00,52.4654,52.4654,52.4652,52.4652,686.0
2019-04-03 10:34:00,52.48,52.48,52.48,52.48,153.0
2019-04-03 10:46:00,52.4885,52.4885,52.4885,52.4885,102.0
2019-04-03 10:49:00,52.459,52.459,52.459,52.459,469.0
2019-04-03 11:02:00,52.5501,52.5501,52.5501,52.5501,100.0
2019-04-03 11:03:00,52.5721,52.5721,52.5721,52.5721,600.0
2019-04-03 11:04:00,52.57,52.57,52.57,52.57,107.0
2019-04-03 11:07:00,52.58,52.58,52.58,52.58,106.0
2019-04-03 11:09:00,52.59,52.59,52.5701,52.5701,2810.0
2019-04-03 11:11:00,52.5503,52.5503,52.5503,52.5503,200.0
2019-04-03 11:13:00,52.52,52.52,52.52,52.52,600.0
2019-04-03 11:14:00,52.49,52.49,52.49,52.49,1000.0
2019-04-03 11:18:00,52.5,52.5,52.49,52.49,1118.0
2019-04-03 11:22:00,52.5,52.5,52.5,52.5,500.0
2019-04-03 11:25:00,52.4863,52.4863,52.4863,52.4863,149.0
2019-04-03 11:26:00,52.4999,52.4999,52.4999,52.4999,381.0
2019-04-03 11:29:00,52.52,52.52,52.52,52.52,255.0
2019-04-03 11:30:00,52.5435,52.5435,52.5435,52.5435,630.0
2019-04-03 11:31:00,52.5266,52.5266,52.5266,52.5266,455.0
2019-04-03 11:33:00,52.5432,52.5432,52.5432,52.5432,1516.0
2019-04-03 11:37:00,52.52,52.52,52.52,52.52,100.0
2019-04-03 11:39:00,52.5111,52.5111,52.5111,52.5111,255.0
2019-04-03 11:40:00,52.53,52.53,52.53,52.53,224.0
2019-04-03 11:42:00,52.5383,52.5383,52.5383,52.5383,124.0
2019-04-03 11:46:00,52.555,52.5566,52.555,52.5566,439.0
2019-04-03 11:51:00,52.545,52.545,52.545,52.545,171.0
2019-04-03 11:52:00,52.55,52.5583,52.55,52.5583,907.0
2019-04-03 11:53:00,52.555,52.56,52.555,52.56,319.0
2019-04-03 11:54:00,52.57,52.57,52.57,52.57,535.0
2019-04-03 12:04:00,52.535,52.535,52.535,52.535,559.0
2019-04-03 12:11:00,52.5699,52.5699,52.5699,52.5699,201.0
2019-04-03 12:14:00,52.549,52.5497,52.549,52.5497,593.0
2019-04-03 12:20:00,52.5249,52.5249,52.5249,52.5249,237.0
2019-04-03 12:21:00,52.5201,52.5201,52.5201,52.5201,475.0
2019-04-03 12:23:00,52.5362,52.5362,52.5362,52.5362,166.0
2019-04-03 12:26:00,52.549,52.549,52.549,52.549,174.0
2019-04-03 12:34:00,52.5696,52.5696,52.5696,52.5696,345.0
2019-04-03 12:36:00,52.56,52.56,52.56,52.56,1053.0
2019-04-03 12:38:00,52.55,52.55,52.55,52.55,7.0
2019-04-03 12:48:00,52.5561,52.565,52.5561,52.565,206.0
2019-04-03 12:51:00,52.53,52.53,52.53,52.53,517.0
2019-04-03 12:57:00,52.51,52.515,52.51,52.515,1288.0
2019-04-03 12:58:00,52.51,52.51,52.51,52.51,292.0
2019-04-03 13:12:00,52.5469,52.5469,52.5469,52.5469,979.0
2019-04-03 13:17:00,52.52,52.52,52.52,52.52,197.0
2019-04-03 13:22:00,52.54,52.54,52.54,52.54,543.0
2019-04-03 13:33:00,52.56,52.56,52.56,52.56,227.0
2019-04-03 13:40:00,52.56,52.56,52.56,52.56,208.0
2019-04-03 13:41:00,52.54,52.54,52.54,52.54,200.0
2019-04-03 13:42:00,52.5256,52.5256,52.5256,52.5256,1300.0
2019-04-03 13:44:00,52.51,52.51,52.51,52.51,131.0
2019-04-03 13:48:00,52.526,52.526,52.526,52.526,200.0
2019-04-03 13:49:00,52.528,52.528,52.528,52.528,118.0
2019-04-03 13:50:00,52.5284,52.5284,52.52,52.52,1055.0
2019-04-03 13:53:00,52.48,52.48,52.48,52.48,100.0
2019-04-03 13:54:00,52.46,52.46,52.46,52.46,100.0
2019-04-03 13:55:00,52.46,52.46,52.46,52.46,124.0
2019-04-03 13:57:00,52.45,52.45,52.45,52.45,224.0
2019-04-03 14:00:00,52.435,52.439,52.435,52.439,400.0
2019-04-03 14:02:00,52.425,52.425,52.425,52.425,400.0
2019-04-03 14:08:00,52.4299,52.4299,52.4299,52.4299,513.0
2019-04-03 14:09:00,52.43,52.43,52.43,52.43,135.0
2019-04-03 14:11:00,52.42,52.42,52.42,52.42,196.0
2019-04-03 14:17:00,52.4262,52.4262,52.4262,52.4262,217.0
2019-04-03 14:20:00,52.405,52.405,52.4,52.4,1616.0
2019-04-03 14:21:00,52.4201,52.4201,52.4201,52.4201,968.0
2019-04-03 14:25:00,52.4433,52.445,52.43,52.44,1207.0
2019-04-03 14:27:00,52.4487,52.4487,52.4487,52.4487,290.0
2019-04-03 14:32:00,52.4367,52.4367,52.4367,52.4367,100.0
2019-04-03 14:34:00,52.43,52.43,52.43,52.43,200.0
2019-04-03 14:38:00,52.41,52.41,52.41,52.41,172.0
2019-04-03 14:41:00,52.3701,52.3701,52.3701,52.3701,377.0
2019-04-03 14:45:00,52.3433,52.3433,52.3433,52.3433,392.0
2019-04-03 14:49:00,52.3637,52.3637,52.3637,52.3637,239.0
2019-04-03 14:54:00,52.38,52.38,52.38,52.38,120.0
2019-04-03 14:56:00,52.389,52.389,52.38,52.38,758.0
2019-04-03 15:02:00,52.35,52.35,52.35,52.35,283.0
2019-04-03 15:10:00,52.3296,52.3296,52.3296,52.3296,282.0
2019-04-03 15:11:00,52.3054,52.3054,52.3054,52.3054,400.0
2019-04-03 15:12:00,52.31,52.31,52.31,52.31,380.0
2019-04-03 15:17:00,52.2855,52.2855,52.2855,52.2855,973.0
2019-04-03 15:19:00,52.28,52.28,52.27,52.27,877.0
2019-04-03 15:22:00,52.2501,52.2501,52.2501,52.2501,170.0
2019-04-03 15:23:00,52.25,52.25,52.25,52.25,623.0
2019-04-03 15:26:00,52.269,52.2864,52.269,52.2864,325.0
2019-04-03 15:27:00,52.2929,52.295,52.284,52.284,653.0
2019-04-03 15:29:00,52.328,52.328,52.328,52.328,514.0
2019-04-03 15:30:00,52.34,52.34,52.34,52.34,132.0
2019-04-03 15:31:00,52.34,52.34,52.32,52.32,1390.0
2019-04-03 15:32:00,52.3,52.3,52.3,52.3,135.0
2019-04-03 15:35:00,52.33,52.33,52.33,52.33,418.0
2019-04-03 15:41:00,52.35,52.35,52.3401,52.3401,817.0
2019-04-03 15:43:00,52.36,52.36,52.3599,52.3599,346.0
2019-04-03 15:46:00,52.37,52.37,52.37,52.37,100.0
2019-04-03 15:47:00,52.3699,52.3699,52.3699,52.3699,1061.0
2019-04-03 15:56:00,52.4,52.4,52.4,52.4,124.0
2019-04-03 15:58:00,52.4,52.4,52.4,52.4,310.0
2019-04-03 15:59:00,52.409,52.409,52.409,52.409,1189.0
2019-04-03 16:00:00,52.38,52.39,52.38,52.39,704.0
