
2019-03-19 09:31:00,9.47,9.47,9.47,9.47,0.0
2019-03-19 09:37:00,9.46,9.46,9.46,9.46,150.0
2019-03-19 09:40:00,9.4664,9.4664,9.4664,9.4664,711.0
2019-03-19 10:57:00,9.5063,9.5063,9.5063,9.5063,1089.0
2019-03-19 10:59:00,9.4901,9.4901,9.4901,9.4901,1000.0
2019-03-19 11:08:00,9.51,9.51,9.51,9.51,400.0
2019-03-19 11:14:00,9.52,9.52,9.52,9.52,498.0
2019-03-19 11:16:00,9.5398,9.5398,9.5398,9.5398,105.0
2019-03-19 11:20:00,9.53,9.53,9.53,9.53,205.0
2019-03-19 12:05:00,9.53,9.53,9.53,9.53,500.0
2019-03-19 12:13:00,9.52,9.52,9.52,9.52,520.0
2019-03-19 13:18:00,9.525,9.53,9.525,9.53,1150.0
2019-03-19 13:38:00,9.55,9.55,9.5465,9.5465,5095.0
2019-03-19 13:41:00,9.55,9.55,9.55,9.55,859.0
2019-03-19 13:57:00,9.55,9.55,9.55,9.55,3808.0
2019-03-19 13:58:00,9.55,9.5618,9.55,9.553,4892.0
2019-03-19 13:59:00,9.55,9.5617,9.55,9.5617,4600.0
2019-03-19 14:00:00,9.551,9.551,9.54,9.542,2215.0
2019-03-19 14:01:00,9.525,9.54,9.525,9.54,2500.0
2019-03-19 16:00:00,9.54,9.54,9.54,9.54,104.0
2019-03-20 09:31:00,9.58,9.58,9.58,9.58,0.0
2019-03-20 09:40:00,9.5309,9.552,9.5309,9.552,1763.0
2019-03-20 10:27:00,9.56,9.57,9.56,9.57,701.0
2019-03-20 10:28:00,9.58,9.58,9.58,9.58,104.0
2019-03-20 10:57:00,9.59,9.59,9.59,9.59,3800.0
2019-03-20 10:59:00,9.595,9.595,9.57,9.57,3900.0
2019-03-20 11:00:00,9.57,9.57,9.56,9.56,300.0
2019-03-20 11:10:00,9.55,9.56,9.55,9.56,3500.0
2019-03-20 11:11:00,9.56,9.56,9.56,9.56,517.0
2019-03-20 12:43:00,9.55,9.55,9.54,9.54,1700.0
2019-03-20 12:44:00,9.52,9.52,9.52,9.52,100.0
2019-03-20 12:45:00,9.52,9.52,9.52,9.52,3301.0
2019-03-20 13:00:00,9.52,9.521,9.48,9.48,6686.0
2019-03-20 13:06:00,9.503,9.503,9.503,9.503,100.0
2019-03-20 13:28:00,9.5022,9.5022,9.5022,9.5022,2000.0
2019-03-20 13:55:00,9.525,9.525,9.525,9.525,100.0
2019-03-20 13:58:00,9.4889,9.4889,9.4889,9.4889,1000.0
2019-03-20 14:06:00,9.5052,9.5052,9.5052,9.5052,577.0
2019-03-20 14:23:00,9.5372,9.5372,9.5372,9.5372,1752.0
2019-03-20 14:25:00,9.5993,9.5993,9.5993,9.5993,327.0
2019-03-20 14:34:00,9.565,9.565,9.52,9.5486,4751.0
2019-03-20 16:00:00,9.52,9.52,9.52,9.52,100.0
2019-03-21 09:31:00,9.47,9.47,9.47,9.47,0.0
2019-03-21 10:36:00,9.53,9.548,9.52,9.52,401.0
2019-03-21 11:04:00,9.5499,9.5499,9.5499,9.5499,525.0
2019-03-21 11:12:00,9.52,9.5215,9.52,9.5215,3268.0
2019-03-21 11:18:00,9.5385,9.5385,9.5385,9.5385,218.0
2019-03-21 11:23:00,9.523,9.523,9.523,9.523,937.0
2019-03-21 11:25:00,9.52,9.52,9.52,9.52,319.0
2019-03-21 11:47:00,9.5399,9.5399,9.5399,9.5399,1036.0
2019-03-21 11:56:00,9.5398,9.5398,9.5398,9.5398,1002.0
2019-03-21 12:26:00,9.5399,9.5399,9.5399,9.5399,1002.0
2019-03-21 13:58:00,9.5369,9.5369,9.5369,9.5369,900.0
2019-03-21 13:59:00,9.54,9.54,9.54,9.54,5500.0
2019-03-21 14:09:00,9.52,9.54,9.52,9.54,801.0
2019-03-21 14:23:00,9.5369,9.5369,9.5369,9.5369,162.0
2019-03-21 15:04:00,9.53,9.53,9.53,9.53,2000.0
2019-03-21 15:24:00,9.5205,9.5205,9.5205,9.5205,1660.0
2019-03-21 15:51:00,9.5199,9.5199,9.5199,9.5199,110.0
2019-03-21 16:00:00,9.51,9.52,9.51,9.52,18137.0
2019-03-22 09:31:00,9.5625,9.591,9.5625,9.591,0.0
2019-03-22 09:36:00,9.5827,9.5827,9.5827,9.5827,380.0
2019-03-22 09:56:00,9.53,9.53,9.53,9.53,1000.0
2019-03-22 10:07:00,9.5348,9.5348,9.5348,9.5348,118.0
2019-03-22 10:11:00,9.53,9.53,9.53,9.53,1000.0
2019-03-22 10:16:00,9.5068,9.5068,9.5068,9.5068,109.0
2019-03-22 10:24:00,9.4805,9.4805,9.4805,9.4805,548.0
2019-03-22 11:20:00,9.4919,9.4919,9.4919,9.4919,405.0
2019-03-22 11:39:00,9.5085,9.51,9.5085,9.51,400.0
2019-03-22 11:41:00,9.5303,9.5303,9.5303,9.5303,230.0
2019-03-22 11:48:00,9.534,9.534,9.534,9.534,600.0
2019-03-22 11:59:00,9.52,9.53,9.52,9.53,500.0
2019-03-22 12:01:00,9.5398,9.5398,9.5398,9.5398,1059.0
2019-03-22 12:07:00,9.54,9.54,9.54,9.54,312.0
2019-03-22 12:16:00,9.55,9.55,9.545,9.545,600.0
2019-03-22 12:23:00,9.55,9.55,9.55,9.55,4200.0
2019-03-22 12:24:00,9.55,9.5515,9.54,9.5514,8302.0
2019-03-22 12:53:00,9.535,9.54,9.535,9.54,1688.0
2019-03-22 13:54:00,9.53,9.5313,9.52,9.53,2000.0
2019-03-22 13:56:00,9.53,9.53,9.53,9.53,200.0
2019-03-22 14:35:00,9.541,9.541,9.54,9.54,1652.0
2019-03-22 15:22:00,9.54,9.54,9.54,9.54,262.0
2019-03-22 15:24:00,9.55,9.55,9.55,9.55,100.0
2019-03-22 16:00:00,9.52,9.55,9.52,9.55,248.0
2019-03-25 09:31:00,9.57,9.57,9.57,9.57,0.0
2019-03-25 09:44:00,9.5466,9.5466,9.5466,9.5466,281.0
2019-03-25 09:51:00,9.57,9.57,9.57,9.57,100.0
2019-03-25 09:52:00,9.57,9.57,9.57,9.57,100.0
2019-03-25 09:55:00,9.57,9.57,9.57,9.57,900.0
2019-03-25 09:56:00,9.57,9.57,9.57,9.57,100.0
2019-03-25 09:57:00,9.57,9.57,9.57,9.57,100.0
2019-03-25 09:59:00,9.57,9.57,9.57,9.57,110.0
2019-03-25 10:01:00,9.62,9.62,9.62,9.62,848.0
2019-03-25 10:11:00,9.62,9.62,9.62,9.62,100.0
2019-03-25 10:12:00,9.62,9.62,9.62,9.62,100.0
2019-03-25 10:14:00,9.62,9.62,9.62,9.62,100.0
2019-03-25 10:15:00,9.62,9.62,9.62,9.62,100.0
2019-03-25 10:16:00,9.62,9.62,9.62,9.62,100.0
2019-03-25 10:17:00,9.62,9.62,9.62,9.62,100.0
2019-03-25 10:19:00,9.59,9.59,9.5,9.5,4700.0
2019-03-25 10:29:00,9.55,9.55,9.55,9.55,100.0
2019-03-25 10:30:00,9.55,9.55,9.55,9.55,100.0
2019-03-25 10:32:00,9.55,9.55,9.55,9.55,100.0
2019-03-25 10:33:00,9.55,9.55,9.55,9.55,100.0
2019-03-25 10:34:00,9.55,9.55,9.55,9.55,100.0
2019-03-25 10:35:00,9.55,9.55,9.55,9.55,100.0
2019-03-25 10:36:00,9.55,9.55,9.55,9.55,100.0
2019-03-25 10:37:00,9.55,9.55,9.55,9.55,100.0
2019-03-25 10:38:00,9.55,9.55,9.55,9.55,100.0
2019-03-25 10:39:00,9.55,9.55,9.55,9.55,100.0
2019-03-25 10:40:00,9.55,9.55,9.55,9.55,100.0
2019-03-25 10:41:00,9.55,9.55,9.55,9.55,100.0
2019-03-25 10:42:00,9.55,9.55,9.55,9.55,100.0
2019-03-25 10:43:00,9.55,9.55,9.55,9.55,100.0
2019-03-25 10:44:00,9.55,9.55,9.55,9.55,100.0
2019-03-25 10:45:00,9.55,9.55,9.55,9.55,100.0
2019-03-25 10:47:00,9.54,9.54,9.54,9.54,200.0
2019-03-25 10:49:00,9.54,9.54,9.54,9.54,200.0
2019-03-25 10:51:00,9.55,9.55,9.55,9.55,200.0
2019-03-25 10:53:00,9.55,9.55,9.55,9.55,200.0
2019-03-25 10:55:00,9.55,9.55,9.55,9.55,200.0
2019-03-25 10:56:00,9.55,9.55,9.55,9.55,100.0
2019-03-25 10:58:00,9.55,9.55,9.55,9.55,200.0
2019-03-25 11:01:00,9.55,9.55,9.55,9.55,300.0
2019-03-25 11:03:00,9.55,9.55,9.55,9.55,200.0
2019-03-25 11:05:00,9.55,9.55,9.55,9.55,200.0
2019-03-25 11:06:00,9.55,9.55,9.55,9.55,100.0
2019-03-25 11:07:00,9.55,9.55,9.55,9.55,100.0
2019-03-25 11:08:00,9.55,9.55,9.55,9.55,100.0
2019-03-25 11:09:00,9.55,9.55,9.55,9.55,100.0
2019-03-25 11:10:00,9.55,9.55,9.55,9.55,200.0
2019-03-25 11:12:00,9.55,9.55,9.55,9.55,200.0
2019-03-25 11:14:00,9.56,9.56,9.56,9.56,200.0
2019-03-25 11:16:00,9.58,9.58,9.58,9.58,200.0
2019-03-25 11:18:00,9.59,9.59,9.59,9.59,200.0
2019-03-25 11:20:00,9.59,9.59,9.59,9.59,200.0
2019-03-25 11:22:00,9.59,9.59,9.59,9.59,200.0
2019-03-25 11:24:00,9.59,9.59,9.59,9.59,200.0
2019-03-25 11:26:00,9.59,9.59,9.59,9.59,200.0
2019-03-25 11:28:00,9.55,9.55,9.55,9.55,200.0
2019-03-25 11:29:00,9.55,9.55,9.55,9.55,100.0
2019-03-25 11:32:00,9.55,9.55,9.55,9.55,300.0
2019-03-25 11:34:00,9.55,9.55,9.55,9.55,200.0
2019-03-25 11:35:00,9.55,9.55,9.55,9.55,100.0
2019-03-25 11:36:00,9.55,9.55,9.55,9.55,200.0
2019-03-25 11:38:00,9.55,9.55,9.55,9.55,332.0
2019-03-25 11:41:00,9.55,9.55,9.55,9.55,300.0
2019-03-25 11:43:00,9.55,9.55,9.55,9.55,200.0
2019-03-25 11:45:00,9.55,9.55,9.55,9.55,200.0
2019-03-25 11:46:00,9.55,9.55,9.55,9.55,100.0
2019-03-25 11:48:00,9.55,9.55,9.55,9.55,200.0
2019-03-25 11:50:00,9.55,9.55,9.55,9.55,200.0
2019-03-25 11:52:00,9.55,9.55,9.55,9.55,449.0
2019-03-25 11:55:00,9.55,9.55,9.55,9.55,300.0
2019-03-25 11:57:00,9.55,9.55,9.55,9.55,200.0
2019-03-25 11:58:00,9.55,9.55,9.55,9.55,100.0
2019-03-25 11:59:00,9.55,9.55,9.55,9.55,100.0
2019-03-25 12:02:00,9.57,9.57,9.57,9.57,600.0
2019-03-25 12:03:00,9.57,9.57,9.57,9.57,200.0
2019-03-25 12:04:00,9.58,9.58,9.58,9.58,100.0
2019-03-25 12:06:00,9.58,9.58,9.58,9.58,205.0
2019-03-25 12:08:00,9.58,9.58,9.58,9.58,200.0
2019-03-25 12:10:00,9.58,9.58,9.58,9.58,200.0
2019-03-25 12:11:00,9.58,9.58,9.58,9.58,150.0
2019-03-25 12:13:00,9.58,9.58,9.58,9.58,105.0
2019-03-25 12:16:00,9.59,9.59,9.59,9.59,400.0
2019-03-25 12:18:00,9.59,9.59,9.59,9.59,200.0
2019-03-25 12:20:00,9.59,9.59,9.59,9.59,200.0
2019-03-25 12:22:00,9.59,9.59,9.59,9.59,200.0
2019-03-25 12:23:00,9.55,9.55,9.55,9.55,1605.0
2019-03-25 12:27:00,9.55,9.55,9.55,9.55,2642.0
2019-03-25 12:30:00,9.55,9.55,9.55,9.55,100.0
2019-03-25 12:31:00,9.55,9.55,9.55,9.55,330.0
2019-03-25 12:32:00,9.55,9.55,9.55,9.55,200.0
2019-03-25 12:49:00,9.55,9.55,9.55,9.55,1600.0
2019-03-25 12:51:00,9.59,9.59,9.59,9.59,6100.0
2019-03-25 12:52:00,9.59,9.59,9.59,9.59,574.0
2019-03-25 13:01:00,9.55,9.55,9.55,9.55,1600.0
2019-03-25 13:05:00,9.5,9.5,9.5,9.5,1550.0
2019-03-25 13:15:00,9.5,9.5,9.5,9.5,1001.0
2019-03-25 14:05:00,9.48,9.48,9.48,9.48,151.0
2019-03-25 15:04:00,9.5,9.5,9.5,9.5,100.0
2019-03-25 15:54:00,9.5,9.5,9.5,9.5,0.0
2019-03-26 10:42:00,9.55,9.55,9.55,9.55,700.0
2019-03-26 10:47:00,9.55,9.55,9.55,9.55,379.0
2019-03-26 11:03:00,9.55,9.55,9.55,9.55,3888.0
2019-03-26 11:18:00,9.5619,9.5619,9.5619,9.5619,1000.0
2019-03-26 11:36:00,9.551,9.551,9.55,9.55,1401.0
2019-03-26 11:46:00,9.55,9.55,9.55,9.55,3100.0
2019-03-26 11:58:00,9.551,9.551,9.55,9.55,4738.0
2019-03-26 12:40:00,9.55,9.55,9.55,9.55,306.0
2019-03-26 13:01:00,9.55,9.55,9.55,9.55,2194.0
2019-03-26 13:22:00,9.535,9.535,9.535,9.535,501.0
2019-03-26 14:16:00,9.5478,9.55,9.5478,9.55,418.0
2019-03-26 14:21:00,9.5,9.5,9.5,9.5,1000.0
2019-03-26 14:39:00,9.51,9.51,9.5001,9.5001,2000.0
2019-03-26 15:33:00,9.5301,9.5301,9.5301,9.5301,500.0
2019-03-26 15:53:00,9.5112,9.5112,9.5112,9.5112,399.0
2019-03-26 16:00:00,9.51,9.51,9.51,9.51,377.0
2019-03-27 09:31:00,9.53,9.53,9.53,9.53,0.0
2019-03-27 09:39:00,9.4901,9.4901,9.4901,9.4901,830.0
2019-03-27 09:46:00,9.5241,9.5241,9.5241,9.5241,105.0
2019-03-27 10:52:00,9.5565,9.5616,9.5565,9.5616,650.0
2019-03-27 10:55:00,9.5517,9.5517,9.5517,9.5517,500.0
2019-03-27 10:57:00,9.5487,9.5487,9.5487,9.5487,1000.0
2019-03-27 11:00:00,9.5302,9.5302,9.5302,9.5302,200.0
2019-03-27 11:02:00,9.5335,9.5399,9.5335,9.5399,2100.0
2019-03-27 11:03:00,9.5335,9.5335,9.5335,9.5335,101.0
2019-03-27 12:05:00,9.5301,9.5301,9.5301,9.5301,703.0
2019-03-27 13:05:00,9.52,9.54,9.5182,9.5369,8554.0
2019-03-27 13:13:00,9.5352,9.5352,9.5352,9.5352,5000.0
2019-03-27 13:21:00,9.54,9.54,9.54,9.54,439.0
2019-03-27 13:26:00,9.54,9.54,9.5369,9.54,2000.0
2019-03-27 13:27:00,9.54,9.54,9.54,9.54,1000.0
2019-03-27 13:58:00,9.5264,9.5264,9.5264,9.5264,183.0
2019-03-27 14:54:00,9.54,9.54,9.54,9.54,121.0
2019-03-27 16:00:00,9.54,9.54,9.54,9.54,300.0
2019-03-28 09:31:00,9.5,9.5,9.5,9.5,0.0
2019-03-28 09:58:00,9.529,9.5299,9.529,9.5299,1189.0
2019-03-28 11:08:00,9.52,9.52,9.51,9.51,3779.0
2019-03-28 11:28:00,9.51,9.51,9.51,9.51,1000.0
2019-03-28 11:32:00,9.52,9.52,9.52,9.52,443.0
2019-03-28 11:42:00,9.51,9.51,9.51,9.51,2000.0
2019-03-28 11:43:00,9.5001,9.5001,9.5001,9.5001,2960.0
2019-03-28 12:53:00,9.5099,9.5099,9.5099,9.5099,1000.0
2019-03-28 12:54:00,9.505,9.505,9.505,9.505,200.0
2019-03-28 12:55:00,9.51,9.5216,9.51,9.5216,1623.0
2019-03-28 13:55:00,9.52,9.52,9.52,9.52,399.0
2019-03-28 14:00:00,9.53,9.53,9.53,9.53,100.0
2019-03-28 14:46:00,9.53,9.53,9.53,9.53,100.0
2019-03-28 15:08:00,9.521,9.541,9.521,9.541,1700.0
2019-03-28 15:27:00,9.5486,9.5486,9.5486,9.5486,200.0
2019-03-28 15:35:00,9.5356,9.5356,9.5356,9.5356,909.0
2019-03-29 09:31:00,9.56,9.56,9.56,9.56,102.0
2019-03-29 10:38:00,9.5599,9.5599,9.5599,9.5599,548.0
2019-03-29 14:21:00,9.545,9.545,9.533,9.5439,975.0
2019-03-29 14:22:00,9.5453,9.5453,9.5453,9.5453,310.0
2019-03-29 14:44:00,9.545,9.545,9.545,9.545,200.0
2019-03-29 15:08:00,9.53,9.53,9.53,9.53,100.0
2019-03-29 15:09:00,9.5454,9.5454,9.5454,9.5454,155.0
2019-04-01 09:46:00,9.56,9.56,9.56,9.56,0.0
2019-04-01 10:08:00,9.56,9.56,9.56,9.56,100.0
2019-04-01 10:23:00,9.569,9.569,9.569,9.569,3000.0
2019-04-01 10:37:00,9.545,9.545,9.545,9.545,600.0
2019-04-01 10:47:00,9.5499,9.5499,9.5499,9.5499,4000.0
2019-04-01 10:53:00,9.55,9.55,9.55,9.55,100.0
2019-04-01 11:00:00,9.54,9.54,9.54,9.54,100.0
2019-04-01 11:01:00,9.54,9.54,9.54,9.54,4901.0
2019-04-01 11:13:00,9.5462,9.5462,9.5462,9.5462,500.0
2019-04-01 11:17:00,9.54,9.54,9.54,9.54,100.0
2019-04-01 11:22:00,9.54,9.54,9.54,9.54,100.0
2019-04-01 11:28:00,9.5368,9.5368,9.5368,9.5368,324.0
2019-04-01 11:42:00,9.54,9.54,9.54,9.54,1114.0
2019-04-01 11:53:00,9.5379,9.5379,9.5379,9.5379,789.0
2019-04-01 12:52:00,9.5399,9.5399,9.5399,9.5399,1000.0
2019-04-01 13:03:00,9.53,9.53,9.53,9.53,1000.0
2019-04-01 13:12:00,9.53,9.53,9.51,9.51,2269.0
2019-04-01 13:14:00,9.51,9.51,9.51,9.51,835.0
2019-04-01 13:15:00,9.525,9.525,9.52,9.52,2450.0
2019-04-01 13:16:00,9.48,9.48,9.48,9.48,1600.0
2019-04-01 13:18:00,9.48,9.48,9.48,9.48,800.0
2019-04-01 13:19:00,9.48,9.48,9.48,9.48,700.0
2019-04-01 13:20:00,9.48,9.48,9.48,9.48,300.0
2019-04-01 13:22:00,9.46,9.46,9.46,9.46,600.0
2019-04-01 13:24:00,9.5,9.5,9.5,9.5,3542.0
2019-04-01 13:27:00,9.48,9.48,9.48,9.48,1000.0
2019-04-01 13:31:00,9.475,9.475,9.475,9.475,1343.0
2019-04-01 15:31:00,9.505,9.505,9.505,9.505,158.0
2019-04-01 15:33:00,9.51,9.51,9.51,9.51,500.0
2019-04-01 15:39:00,9.4801,9.4801,9.4801,9.4801,1000.0
2019-04-01 15:52:00,9.4801,9.4801,9.4801,9.4801,1022.0
2019-04-01 16:00:00,9.5,9.5,9.5,9.5,400.0
2019-04-02 09:31:00,9.48,9.48,9.48,9.48,0.0
2019-04-02 10:18:00,9.5399,9.5399,9.5399,9.5399,5725.0
2019-04-02 10:31:00,9.515,9.54,9.515,9.54,1350.0
2019-04-02 10:48:00,9.55,9.55,9.55,9.55,3000.0
2019-04-02 10:50:00,9.55,9.55,9.55,9.55,300.0
2019-04-02 10:51:00,9.55,9.55,9.55,9.55,3916.0
2019-04-02 10:54:00,9.5282,9.5282,9.5282,9.5282,397.0
2019-04-02 11:55:00,9.5124,9.5471,9.5124,9.5471,1900.0
2019-04-02 11:56:00,9.5429,9.5429,9.5429,9.5429,500.0
2019-04-02 11:57:00,9.53,9.53,9.53,9.53,300.0
2019-04-02 11:58:00,9.56,9.56,9.5472,9.5472,600.0
2019-04-02 12:04:00,9.5432,9.5432,9.5432,9.5432,900.0
2019-04-02 12:20:00,9.545,9.55,9.54,9.54,1817.0
2019-04-02 12:38:00,9.55,9.55,9.55,9.55,2183.0
2019-04-02 12:55:00,9.55,9.55,9.55,9.55,2600.0
2019-04-02 13:07:00,9.59,9.59,9.59,9.59,100.0
2019-04-02 13:13:00,9.565,9.58,9.565,9.5799,1680.0
2019-04-02 13:32:00,9.5597,9.5597,9.5597,9.5597,1606.0
2019-04-02 13:34:00,9.5597,9.5597,9.5597,9.5597,1600.0
2019-04-02 13:35:00,9.5537,9.571,9.54,9.553,14000.0
2019-04-02 13:36:00,9.5473,9.5473,9.5473,9.5473,1608.0
2019-04-02 13:50:00,9.5599,9.5599,9.5599,9.5599,615.0
2019-04-02 14:43:00,9.54,9.5433,9.54,9.5433,3005.0
2019-04-02 15:01:00,9.55,9.55,9.5495,9.5495,800.0
2019-04-02 15:10:00,9.545,9.545,9.545,9.545,100.0
2019-04-02 15:47:00,9.55,9.55,9.55,9.55,100.0
2019-04-02 15:56:00,9.545,9.545,9.545,9.545,166.0
2019-04-02 15:59:00,9.55,9.55,9.5477,9.5477,4552.0
2019-04-02 16:00:00,9.55,9.55,9.55,9.55,106.0
2019-04-03 09:31:00,9.52,9.52,9.52,9.52,0.0
2019-04-03 10:42:00,9.52,9.526,9.52,9.52,1000.0
2019-04-03 10:47:00,9.52,9.52,9.52,9.52,160.0
2019-04-03 11:24:00,9.53,9.53,9.53,9.53,383.0
2019-04-03 14:21:00,9.5322,9.5322,9.53,9.53,2203.0
2019-04-03 14:36:00,9.5299,9.5299,9.52,9.52,651.0
2019-04-03 14:44:00,9.53,9.54,9.53,9.54,1200.0
2019-04-03 14:47:00,9.54,9.54,9.54,9.54,400.0
2019-04-03 14:49:00,9.55,9.55,9.55,9.55,100.0
2019-04-03 14:59:00,9.55,9.55,9.55,9.55,3550.0
2019-04-03 15:05:00,9.55,9.55,9.55,9.55,2200.0
2019-04-03 15:06:00,9.55,9.56,9.55,9.56,2500.0
2019-04-03 15:19:00,9.56,9.56,9.56,9.56,2200.0
2019-04-03 15:48:00,9.55,9.55,9.55,9.55,700.0
2019-04-03 15:49:00,9.55,9.56,9.55,9.5525,3600.0
2019-04-03 15:50:00,9.55,9.5525,9.55,9.5525,1800.0
2019-04-03 15:51:00,9.555,9.555,9.55,9.555,1900.0
