
2019-03-19 09:31:00,12.0,12.0,12.0,12.0,0.0
2019-03-19 10:18:00,12.06,12.07,12.06,12.07,200.0
2019-03-19 10:20:00,12.06,12.06,12.05,12.05,1500.0
2019-03-19 10:38:00,12.05,12.05,12.05,12.05,1200.0
2019-03-19 11:27:00,12.05,12.05,12.05,12.05,151.0
2019-03-19 11:33:00,12.0413,12.0413,12.04,12.04,660.0
2019-03-19 11:34:00,12.0317,12.0317,12.0317,12.0317,530.0
2019-03-19 11:49:00,12.03,12.04,11.9374,12.03,1420.0
2019-03-19 12:06:00,12.03,12.03,12.03,12.03,300.0
2019-03-19 12:19:00,12.0399,12.0399,12.0399,12.0399,200.0
2019-03-19 12:28:00,12.03,12.0328,11.92,12.03,1996.0
2019-03-19 13:28:00,12.02,12.0201,12.02,12.02,600.0
2019-03-19 13:29:00,12.01,12.01,12.005,12.005,800.0
2019-03-19 13:45:00,12.0,12.0065,11.99,11.99,800.0
2019-03-19 13:53:00,11.9966,11.9966,11.9966,11.9966,1000.0
2019-03-19 13:54:00,11.99,11.997,11.94,11.997,500.0
2019-03-19 13:55:00,11.99,11.99,11.99,11.99,401.0
2019-03-19 13:57:00,11.9866,11.9866,11.9866,11.9866,1000.0
2019-03-19 14:12:00,11.9815,11.9815,11.9815,11.9815,168.0
2019-03-19 14:15:00,11.9852,11.9852,11.9852,11.9852,189.0
2019-03-19 14:20:00,11.98,11.98,11.98,11.98,700.0
2019-03-19 14:24:00,11.9701,11.9701,11.9701,11.9701,275.0
2019-03-19 15:51:00,11.9601,11.9601,11.9601,11.9601,135.0
2019-03-19 15:55:00,11.9695,11.9695,11.9695,11.9695,258.0
2019-03-19 15:56:00,11.98,11.98,11.98,11.98,100.0
2019-03-19 15:59:00,11.97,11.97,11.97,11.97,180.0
2019-03-20 09:31:00,11.97,11.97,11.97,11.97,0.0
2019-03-20 09:43:00,11.92,11.92,11.92,11.92,184.0
2019-03-20 10:12:00,11.9606,11.9606,11.9606,11.9606,671.0
2019-03-20 10:29:00,11.925,11.925,11.925,11.925,175.0
2019-03-20 10:47:00,11.918,11.918,11.918,11.918,180.0
2019-03-20 10:57:00,11.925,11.9275,11.925,11.9275,900.0
2019-03-20 11:16:00,11.93,11.93,11.93,11.93,180.0
2019-03-20 11:48:00,11.93,11.93,11.93,11.93,143.0
2019-03-20 12:20:00,11.93,11.93,11.93,11.93,134.0
2019-03-20 12:44:00,11.8818,11.8818,11.8818,11.8818,556.0
2019-03-20 12:48:00,11.9,11.9,11.9,11.9,150.0
2019-03-20 13:09:00,11.87,11.87,11.87,11.87,911.0
2019-03-20 13:29:00,11.86,11.8733,11.86,11.86,1458.0
2019-03-20 13:47:00,11.8812,11.8812,11.8812,11.8812,300.0
2019-03-20 13:55:00,11.88,11.88,11.88,11.88,100.0
2019-03-20 13:57:00,11.871,11.871,11.871,11.871,413.0
2019-03-20 14:06:00,11.89,11.89,11.89,11.89,396.0
2019-03-20 14:24:00,11.98,11.98,11.98,11.98,240.0
2019-03-20 14:50:00,11.975,11.975,11.975,11.975,162.0
2019-03-20 14:57:00,11.9772,11.9772,11.9772,11.9772,1000.0
2019-03-20 15:01:00,11.9731,11.9731,11.9731,11.9731,333.0
2019-03-20 15:03:00,11.9701,11.9701,11.9701,11.9701,0.0
2019-03-20 15:18:00,11.97,11.97,11.95,11.95,11814.0
2019-03-20 15:47:00,11.9343,11.9343,11.9343,11.9343,181.0
2019-03-21 09:31:00,11.88,11.88,11.88,11.88,0.0
2019-03-21 10:33:00,11.94,11.94,11.94,11.94,403.0
2019-03-21 11:05:00,11.95,11.95,11.95,11.95,600.0
2019-03-21 11:18:00,11.9545,11.9545,11.9545,11.9545,216.0
2019-03-21 11:55:00,11.9636,11.9636,11.9636,11.9636,150.0
2019-03-21 12:33:00,11.9104,11.9104,11.9104,11.9104,190.0
2019-03-21 12:36:00,11.923,11.923,11.923,11.923,113.0
2019-03-21 14:24:00,11.9396,11.9396,11.9396,11.9396,535.0
2019-03-21 14:37:00,11.9085,11.9085,11.9085,11.9085,100.0
2019-03-21 14:39:00,11.9085,11.9085,11.9085,11.9085,400.0
2019-03-21 14:40:00,11.9099,11.9099,11.9099,11.9099,2086.0
2019-03-21 14:44:00,11.8606,11.8606,11.8606,11.8606,100.0
2019-03-21 14:45:00,11.83,11.83,11.83,11.83,1500.0
2019-03-21 14:47:00,11.87,11.88,11.87,11.88,6317.0
2019-03-21 14:51:00,11.8722,11.8722,11.8722,11.8722,200.0
2019-03-21 15:01:00,11.88,11.88,11.88,11.88,3600.0
2019-03-21 15:23:00,11.8634,11.8634,11.8634,11.8634,1600.0
2019-03-21 15:25:00,11.85,11.85,11.85,11.85,2600.0
2019-03-21 15:27:00,11.7722,11.7722,11.7722,11.7722,134.0
2019-03-21 15:30:00,11.8589,11.8589,11.8589,11.8589,110.0
2019-03-21 15:53:00,11.8163,11.8163,11.8163,11.8163,805.0
2019-03-21 15:58:00,11.8,11.8,11.8,11.8,100.0
2019-03-21 15:59:00,11.795,11.795,11.795,11.795,2372.0
2019-03-22 09:32:00,11.85,11.85,11.801,11.801,0.0
2019-03-22 09:34:00,11.84,11.84,11.84,11.84,338.0
2019-03-22 09:39:00,11.86,11.86,11.85,11.85,696.0
2019-03-22 09:58:00,11.865,11.865,11.86,11.86,532.0
2019-03-22 10:02:00,11.85,11.85,11.85,11.85,100.0
2019-03-22 10:10:00,11.8,11.8,11.8,11.8,166.0
2019-03-22 10:31:00,11.8265,11.8265,11.8265,11.8265,108.0
2019-03-22 10:58:00,11.8354,11.8354,11.78,11.78,1900.0
2019-03-22 10:59:00,11.755,11.755,11.755,11.755,100.0
2019-03-22 11:03:00,11.75,11.75,11.75,11.75,200.0
2019-03-22 11:08:00,11.75,11.76,11.74,11.76,1000.0
2019-03-22 11:21:00,11.73,11.73,11.73,11.73,800.0
2019-03-22 11:26:00,11.72,11.72,11.72,11.72,870.0
2019-03-22 11:28:00,11.72,11.72,11.72,11.72,325.0
2019-03-22 12:00:00,11.715,11.715,11.715,11.715,200.0
2019-03-22 12:09:00,11.71,11.71,11.71,11.71,700.0
2019-03-22 12:10:00,11.71,11.71,11.66,11.67,1000.0
2019-03-22 12:11:00,11.66,11.665,11.66,11.665,600.0
2019-03-22 12:12:00,11.69,11.69,11.69,11.69,500.0
2019-03-22 12:18:00,11.71,11.71,11.71,11.71,600.0
2019-03-22 12:35:00,11.67,11.67,11.67,11.67,500.0
2019-03-22 12:40:00,11.6881,11.6881,11.6881,11.6881,185.0
2019-03-22 12:42:00,11.6881,11.6881,11.6881,11.6881,165.0
2019-03-22 12:43:00,11.67,11.67,11.66,11.66,4690.0
2019-03-22 12:44:00,11.66,11.66,11.66,11.66,400.0
2019-03-22 12:47:00,11.65,11.665,11.65,11.665,200.0
2019-03-22 12:55:00,11.6699,11.6699,11.6699,11.6699,100.0
2019-03-22 12:56:00,11.66,11.6604,11.66,11.6604,499.0
2019-03-22 13:11:00,11.6606,11.6606,11.6606,11.6606,2927.0
2019-03-22 13:24:00,11.66,11.66,11.66,11.66,120.0
2019-03-22 14:05:00,11.6624,11.6624,11.6624,11.6624,522.0
2019-03-22 14:24:00,11.6673,11.6673,11.6673,11.6673,500.0
2019-03-22 14:30:00,11.66,11.6692,11.66,11.6692,622.0
2019-03-22 15:14:00,11.665,11.665,11.66,11.66,200.0
2019-03-22 15:19:00,11.665,11.665,11.665,11.665,404.0
2019-03-25 09:31:00,11.58,11.58,11.58,11.58,0.0
2019-03-25 09:43:00,11.6,11.6,11.6,11.6,319.0
2019-03-25 09:52:00,11.63,11.63,11.63,11.63,391.0
2019-03-25 10:01:00,11.6344,11.6344,11.6344,11.6344,369.0
2019-03-25 10:18:00,11.59,11.59,11.59,11.59,400.0
2019-03-25 10:26:00,11.5692,11.5692,11.5692,11.5692,400.0
2019-03-25 10:33:00,11.579,11.579,11.5775,11.5775,311.0
2019-03-25 10:35:00,11.57,11.57,11.57,11.57,704.0
2019-03-25 10:36:00,11.57,11.57,11.57,11.57,1200.0
2019-03-25 10:40:00,11.5677,11.5677,11.5677,11.5677,288.0
2019-03-25 10:53:00,11.57,11.57,11.57,11.57,100.0
2019-03-25 10:55:00,11.5661,11.5661,11.5661,11.5661,189.0
2019-03-25 11:08:00,11.5768,11.5768,11.5768,11.5768,149.0
2019-03-25 11:13:00,11.57,11.5742,11.57,11.5742,200.0
2019-03-25 11:25:00,11.57,11.57,11.57,11.57,230.0
2019-03-25 11:37:00,11.5767,11.5767,11.5767,11.5767,231.0
2019-03-25 12:10:00,11.61,11.61,11.61,11.61,1130.0
2019-03-25 12:11:00,11.61,11.61,11.61,11.61,320.0
2019-03-25 12:13:00,11.61,11.61,11.61,11.61,400.0
2019-03-25 12:14:00,11.61,11.61,11.61,11.61,420.0
2019-03-25 12:16:00,11.61,11.61,11.61,11.61,300.0
2019-03-25 12:17:00,11.61,11.61,11.61,11.61,300.0
2019-03-25 12:19:00,11.62,11.62,11.62,11.62,2000.0
2019-03-25 12:21:00,11.62,11.62,11.62,11.62,300.0
2019-03-25 12:22:00,11.62,11.62,11.62,11.62,300.0
2019-03-25 12:23:00,11.62,11.62,11.62,11.62,1420.0
2019-03-25 12:27:00,11.63,11.63,11.63,11.63,1365.0
2019-03-25 12:30:00,11.63,11.63,11.63,11.63,380.0
2019-03-25 12:31:00,11.63,11.63,11.63,11.63,100.0
2019-03-25 12:33:00,11.63,11.63,11.63,11.63,400.0
2019-03-25 12:34:00,11.63,11.63,11.63,11.63,100.0
2019-03-25 12:36:00,11.63,11.63,11.63,11.63,100.0
2019-03-25 12:37:00,11.63,11.63,11.63,11.63,740.0
2019-03-25 12:40:00,11.64,11.64,11.64,11.64,280.0
2019-03-25 12:43:00,11.65,11.65,11.65,11.65,400.0
2019-03-25 12:46:00,11.68,11.68,11.68,11.68,300.0
2019-03-25 12:47:00,11.69,11.69,11.69,11.69,400.0
2019-03-25 12:49:00,11.69,11.69,11.69,11.69,200.0
2019-03-25 12:50:00,11.7,11.7,11.7,11.7,200.0
2019-03-25 12:53:00,11.71,11.71,11.71,11.71,400.0
2019-03-25 12:55:00,11.72,11.72,11.72,11.72,220.0
2019-03-25 12:57:00,11.72,11.72,11.72,11.72,180.0
2019-03-25 12:59:00,11.72,11.72,11.72,11.72,200.0
2019-03-25 13:02:00,11.73,11.73,11.73,11.73,336.0
2019-03-25 13:05:00,11.74,11.74,11.74,11.74,300.0
2019-03-25 13:06:00,11.74,11.74,11.74,11.74,300.0
2019-03-25 13:09:00,11.74,11.74,11.74,11.74,200.0
2019-03-25 13:11:00,11.75,11.75,11.75,11.75,200.0
2019-03-25 13:12:00,11.75,11.75,11.75,11.75,200.0
2019-03-25 13:34:00,11.75,11.75,11.75,11.75,520.0
2019-03-25 13:42:00,11.76,11.76,11.76,11.76,100.0
2019-03-25 13:44:00,11.75,11.75,11.75,11.75,300.0
2019-03-25 13:46:00,11.76,11.76,11.76,11.76,300.0
2019-03-25 13:47:00,11.75,11.75,11.75,11.75,700.0
2019-03-25 13:49:00,11.76,11.76,11.76,11.76,402.0
2019-03-25 13:50:00,11.76,11.76,11.76,11.76,246.0
2019-03-25 15:46:00,11.68,11.68,11.68,11.68,195.0
2019-03-26 09:31:00,11.66,11.66,11.66,11.66,2.0
2019-03-26 10:14:00,11.7405,11.7405,11.7405,11.7405,100.0
2019-03-26 10:29:00,11.732,11.732,11.732,11.732,102.0
2019-03-26 10:52:00,11.734,11.734,11.734,11.734,500.0
2019-03-26 11:00:00,11.71,11.71,11.71,11.71,281.0
2019-03-26 11:35:00,11.7162,11.7162,11.7162,11.7162,241.0
2019-03-26 11:46:00,11.735,11.735,11.735,11.735,602.0
2019-03-26 11:50:00,11.72,11.72,11.72,11.72,3110.0
2019-03-26 11:58:00,11.75,11.75,11.75,11.75,135.0
2019-03-26 11:59:00,11.74,11.74,11.74,11.74,2992.0
2019-03-26 12:10:00,11.74,11.74,11.74,11.74,0.0
2019-03-26 12:13:00,11.74,11.74,11.74,11.74,515.0
2019-03-26 12:16:00,11.74,11.74,11.74,11.74,300.0
2019-03-26 12:24:00,11.75,11.75,11.75,11.75,400.0
2019-03-26 12:28:00,11.75,11.75,11.75,11.75,600.0
2019-03-26 12:34:00,11.75,11.75,11.75,11.75,350.0
2019-03-26 12:35:00,11.75,11.75,11.75,11.75,512.0
2019-03-26 12:43:00,11.75,11.75,11.75,11.75,300.0
2019-03-26 12:48:00,11.75,11.75,11.75,11.75,100.0
2019-03-26 12:51:00,11.7133,11.7133,11.7133,11.7133,400.0
2019-03-26 12:54:00,11.75,11.75,11.75,11.75,200.0
2019-03-26 12:56:00,11.7499,11.76,11.7499,11.76,2900.0
2019-03-26 13:04:00,11.76,11.76,11.76,11.76,200.0
2019-03-26 13:05:00,11.69,11.69,11.69,11.69,569.0
2019-03-26 13:11:00,11.715,11.74,11.715,11.74,300.0
2019-03-26 13:18:00,11.7167,11.74,11.7167,11.74,250.0
2019-03-26 13:23:00,11.74,11.74,11.74,11.74,434.0
2019-03-26 13:33:00,11.74,11.74,11.74,11.74,300.0
2019-03-26 13:46:00,11.74,11.74,11.73,11.73,307.0
2019-03-26 13:51:00,11.74,11.74,11.74,11.74,100.0
2019-03-26 13:52:00,11.74,11.74,11.74,11.74,600.0
2019-03-26 13:53:00,11.74,11.74,11.74,11.74,900.0
2019-03-26 13:54:00,11.74,11.74,11.74,11.74,0.0
2019-03-26 13:57:00,11.7248,11.7248,11.7248,11.7248,1553.0
2019-03-26 13:58:00,11.75,11.75,11.75,11.75,553.0
2019-03-26 13:59:00,11.7161,11.7161,11.7161,11.7161,800.0
2019-03-26 14:02:00,11.7129,11.7129,11.7129,11.7129,273.0
2019-03-26 15:14:00,11.7,11.7,11.7,11.7,417.0
2019-03-26 15:29:00,11.715,11.73,11.715,11.73,300.0
2019-03-26 15:30:00,11.6989,11.6989,11.6989,11.6989,947.0
2019-03-26 16:00:00,11.7027,11.74,11.7027,11.71,0.0
2019-03-27 09:31:00,11.72,11.72,11.72,11.72,0.0
2019-03-27 10:10:00,11.68,11.68,11.68,11.68,242.0
2019-03-27 12:21:00,11.711,11.711,11.711,11.711,125.0
2019-03-27 12:29:00,11.7086,11.7086,11.7086,11.7086,1334.0
2019-03-27 12:33:00,11.7096,11.7096,11.7096,11.7096,758.0
2019-03-27 15:06:00,11.7061,11.74,11.7061,11.74,0.0
2019-03-27 15:07:00,11.7061,11.7061,11.7061,11.7061,57.0
2019-03-28 09:31:00,11.73,11.73,11.73,11.73,0.0
2019-03-28 09:51:00,11.7235,11.7235,11.7235,11.7235,2093.0
2019-03-28 11:34:00,11.72,11.73,11.72,11.73,500.0
2019-03-28 11:35:00,11.739,11.74,11.73,11.73,1100.0
2019-03-28 12:09:00,11.735,11.74,11.735,11.74,340.0
2019-03-28 13:45:00,11.73,11.7301,11.73,11.7301,971.0
2019-03-28 14:09:00,11.73,11.73,11.73,11.73,571.0
2019-03-28 14:15:00,11.73,11.7335,11.7235,11.73,1363.0
2019-03-28 15:01:00,11.73,11.73,11.73,11.73,251.0
2019-03-28 15:03:00,11.722,11.722,11.722,11.722,100.0
2019-03-28 15:33:00,11.74,11.74,11.74,11.74,254.0
2019-03-28 15:38:00,11.735,11.739,11.73,11.73,5285.0
2019-03-28 15:51:00,11.74,11.75,11.73,11.73,800.0
2019-03-28 16:00:00,11.72,11.72,11.72,11.72,0.0
2019-03-29 09:31:00,11.78,11.78,11.78,11.78,0.0
2019-03-29 09:54:00,11.7961,11.7961,11.7961,11.7961,400.0
2019-03-29 09:56:00,11.8,11.8,11.79,11.79,2100.0
2019-03-29 10:04:00,11.79,11.79,11.79,11.79,101.0
2019-03-29 10:53:00,11.78,11.78,11.78,11.78,400.0
2019-03-29 10:54:00,11.78,11.78,11.78,11.78,600.0
2019-03-29 10:55:00,11.78,11.78,11.78,11.78,1800.0
2019-03-29 10:56:00,11.78,11.78,11.76,11.76,3600.0
2019-03-29 10:57:00,11.76,11.76,11.76,11.76,600.0
2019-03-29 11:04:00,11.76,11.76,11.75,11.76,1400.0
2019-03-29 11:05:00,11.76,11.76,11.76,11.76,2617.0
2019-03-29 11:26:00,11.766,11.766,11.766,11.766,100.0
2019-03-29 11:29:00,11.7751,11.7751,11.7751,11.7751,800.0
2019-03-29 11:34:00,11.7749,11.7749,11.7707,11.7707,2700.0
2019-03-29 11:57:00,11.772,11.772,11.772,11.772,933.0
2019-03-29 12:15:00,11.75,11.75,11.75,11.75,265.0
2019-03-29 13:54:00,11.7601,11.7601,11.7601,11.7601,318.0
2019-03-29 14:05:00,11.76,11.768,11.76,11.768,500.0
2019-03-29 14:11:00,11.76,11.76,11.76,11.76,100.0
2019-03-29 14:15:00,11.7579,11.7579,11.7579,11.7579,190.0
2019-03-29 14:17:00,11.7617,11.7617,11.7617,11.7617,908.0
2019-03-29 14:21:00,11.7644,11.7644,11.7644,11.7644,1176.0
2019-03-29 14:31:00,11.7501,11.7501,11.7501,11.7501,130.0
2019-03-29 15:27:00,11.76,11.7693,11.76,11.769,2000.0
2019-04-01 09:32:00,11.8,11.8,11.8,11.8,0.0
2019-04-01 09:45:00,11.86,11.86,11.86,11.86,200.0
2019-04-01 10:04:00,11.89,11.89,11.89,11.89,100.0
2019-04-01 10:10:00,11.909,11.909,11.909,11.909,208.0
2019-04-01 10:55:00,11.903,11.903,11.903,11.903,745.0
2019-04-01 11:39:00,11.8872,11.8872,11.8872,11.8872,433.0
2019-04-01 12:50:00,11.89,11.89,11.89,11.89,100.0
2019-04-01 13:26:00,11.897,11.897,11.897,11.897,400.0
2019-04-01 13:54:00,11.885,11.885,11.885,11.885,101.0
2019-04-01 14:10:00,11.88,11.88,11.88,11.88,100.0
2019-04-01 14:14:00,11.88,11.88,11.88,11.88,1200.0
2019-04-01 14:15:00,11.88,11.88,11.88,11.88,100.0
2019-04-01 14:16:00,11.8842,11.8842,11.8842,11.8842,400.0
2019-04-01 15:04:00,11.8814,11.8814,11.8814,11.8814,1207.0
2019-04-02 09:31:00,11.87,11.87,11.87,11.87,0.0
2019-04-02 09:47:00,11.86,11.86,11.86,11.86,938.0
2019-04-02 11:49:00,11.8301,11.8301,11.8301,11.8301,195.0
2019-04-02 12:38:00,11.8301,11.8301,11.8301,11.8301,190.0
2019-04-02 13:36:00,11.8101,11.8101,11.8101,11.8101,199.0
2019-04-02 13:50:00,11.8532,11.8532,11.8532,11.8532,310.0
2019-04-02 14:30:00,11.8101,11.8101,11.8101,11.8101,100.0
2019-04-02 15:15:00,11.8301,11.8301,11.8301,11.8301,106.0
2019-04-02 15:19:00,11.8428,11.8428,11.8428,11.8428,106.0
2019-04-02 15:37:00,11.84,11.8485,11.82,11.82,1017.0
2019-04-02 15:46:00,11.82,11.82,11.82,11.82,100.0
2019-04-02 15:53:00,11.82,11.82,11.82,11.82,100.0
2019-04-02 15:59:00,11.82,11.82,11.82,11.82,100.0
2019-04-03 09:37:00,11.81,11.82,11.77,11.77,1406.0
2019-04-03 09:39:00,11.82,11.82,11.82,11.82,500.0
2019-04-03 09:49:00,11.83,11.83,11.83,11.83,139.0
2019-04-03 10:46:00,11.822,11.822,11.822,11.822,394.0
2019-04-03 12:19:00,11.885,11.885,11.885,11.885,189.0
2019-04-03 14:02:00,11.9069,11.9069,11.9,11.9,400.0
2019-04-03 14:04:00,11.9,11.9,11.9,11.9,387.0
2019-04-03 14:36:00,11.86,11.865,11.86,11.8639,826.0
2019-04-03 15:49:00,11.865,11.865,11.865,11.865,300.0
