
2019-03-19 09:31:00,49.17,49.17,49.17,49.17,2037.0
2019-03-19 09:41:00,49.1034,49.1034,49.1034,49.1034,170.0
2019-03-19 10:19:00,49.105,49.105,49.105,49.105,141.0
2019-03-19 10:26:00,49.1173,49.1173,49.1173,49.1173,3256.0
2019-03-19 10:35:00,49.1183,49.1183,49.1183,49.1183,886.0
2019-03-19 10:56:00,49.13,49.13,49.13,49.13,287.0
2019-03-19 11:20:00,49.1082,49.1082,49.1082,49.1082,1100.0
2019-03-19 11:21:00,49.08,49.08,49.08,49.08,100.0
2019-03-19 11:50:00,49.0856,49.0856,49.0856,49.0856,129.0
2019-03-19 11:52:00,49.08,49.08,49.08,49.08,100.0
2019-03-19 11:57:00,49.0962,49.0962,49.0962,49.0962,455.0
2019-03-19 12:06:00,49.1075,49.1075,49.1075,49.1075,262.0
2019-03-19 12:11:00,49.09,49.09,49.09,49.09,1964.0
2019-03-19 12:14:00,49.1102,49.1102,49.1102,49.1102,326.0
2019-03-19 12:51:00,49.15,49.15,49.15,49.15,639.0
2019-03-19 13:01:00,49.1599,49.1599,49.1599,49.1599,2137.0
2019-03-19 13:50:00,49.16,49.16,49.16,49.16,1000.0
2019-03-19 13:52:00,49.1326,49.1326,49.1326,49.1326,6212.0
2019-03-19 13:59:00,49.18,49.18,49.18,49.18,100.0
2019-03-19 14:03:00,49.18,49.18,49.18,49.18,100.0
2019-03-19 14:08:00,49.18,49.18,49.18,49.18,100.0
2019-03-19 14:15:00,49.18,49.18,49.18,49.18,110.0
2019-03-19 14:23:00,49.18,49.18,49.18,49.18,100.0
2019-03-19 14:33:00,49.18,49.18,49.18,49.18,100.0
2019-03-19 14:34:00,49.145,49.145,49.145,49.145,270.0
2019-03-19 14:40:00,49.18,49.18,49.18,49.18,100.0
2019-03-19 14:46:00,49.18,49.18,49.18,49.18,155.0
2019-03-19 14:53:00,49.18,49.18,49.18,49.18,200.0
2019-03-19 15:01:00,49.18,49.18,49.18,49.18,100.0
2019-03-19 15:08:00,49.18,49.18,49.18,49.18,120.0
2019-03-19 15:14:00,49.18,49.18,49.18,49.18,100.0
2019-03-19 15:21:00,49.19,49.19,49.19,49.19,113.0
2019-03-19 15:27:00,49.155,49.155,49.155,49.155,333.0
2019-03-19 15:28:00,49.19,49.19,49.19,49.19,136.0
2019-03-19 15:34:00,49.19,49.19,49.19,49.19,100.0
2019-03-19 15:39:00,49.19,49.19,49.19,49.19,100.0
2019-03-19 15:48:00,49.19,49.19,49.19,49.19,221.0
2019-03-19 15:53:00,49.19,49.19,49.19,49.19,100.0
2019-03-19 15:57:00,49.19,49.19,49.19,49.19,119.0
2019-03-19 16:00:00,49.19,49.19,49.19,49.19,301.0
2019-03-20 09:31:00,49.18,49.18,49.18,49.18,0.0
2019-03-20 10:32:00,49.185,49.185,49.185,49.185,100.0
2019-03-20 10:34:00,49.185,49.185,49.185,49.185,2290.0
2019-03-20 11:29:00,49.1831,49.1831,49.1831,49.1831,714.0
2019-03-20 11:39:00,49.1801,49.1801,49.1801,49.1801,876.0
2019-03-20 11:53:00,49.183,49.183,49.183,49.183,192.0
2019-03-20 11:54:00,49.19,49.19,49.19,49.19,365.0
2019-03-20 12:03:00,49.1801,49.1801,49.1801,49.1801,230.0
2019-03-20 12:10:00,49.21,49.21,49.21,49.21,741.0
2019-03-20 13:01:00,49.1801,49.1801,49.18,49.18,356.0
2019-03-20 13:28:00,49.192,49.192,49.192,49.192,158.0
2019-03-20 13:43:00,49.2065,49.2065,49.2065,49.2065,502.0
2019-03-21 09:31:00,49.23,49.23,49.23,49.23,0.0
2019-03-21 09:36:00,49.2325,49.2325,49.2325,49.2325,514.0
2019-03-21 11:12:00,49.28,49.28,49.28,49.28,389.0
2019-03-21 12:25:00,49.2594,49.2594,49.2594,49.2594,456.0
2019-03-21 12:48:00,49.2799,49.2799,49.2799,49.2799,362.0
2019-03-21 15:31:00,49.2744,49.2744,49.2744,49.2744,526.0
2019-03-21 15:45:00,49.25,49.25,49.25,49.25,169.0
2019-03-22 09:31:00,49.31,49.31,49.31,49.31,0.0
2019-03-22 09:40:00,49.3246,49.3246,49.3246,49.3246,168.0
2019-03-22 10:00:00,49.3499,49.3499,49.3499,49.3499,157.0
2019-03-22 10:07:00,49.3152,49.3152,49.3152,49.3152,202.0
2019-03-22 10:10:00,49.35,49.35,49.35,49.35,157.0
2019-03-22 10:37:00,49.3266,49.3266,49.3266,49.3266,463.0
2019-03-22 11:53:00,49.3699,49.3699,49.3516,49.3516,2009.0
2019-03-22 11:59:00,49.37,49.37,49.37,49.37,984.0
2019-03-22 13:16:00,49.3963,49.3963,49.3963,49.3963,1077.0
2019-03-22 14:02:00,49.3651,49.3651,49.3651,49.3651,528.0
2019-03-22 14:55:00,49.35,49.35,49.35,49.35,0.0
2019-03-25 09:42:00,49.42,49.42,49.42,49.42,100.0
2019-03-25 09:45:00,49.41,49.41,49.41,49.41,173.0
2019-03-25 09:47:00,49.4255,49.4255,49.4255,49.4255,300.0
2019-03-25 09:53:00,49.47,49.47,49.47,49.47,1100.0
2019-03-25 10:04:00,49.48,49.48,49.48,49.48,100.0
2019-03-25 10:15:00,49.49,49.49,49.49,49.49,100.0
2019-03-25 10:26:00,49.5,49.5,49.5,49.5,200.0
2019-03-25 10:37:00,49.49,49.49,49.49,49.49,148.0
2019-03-25 10:48:00,49.49,49.49,49.49,49.49,148.0
2019-03-25 10:49:00,49.4832,49.4832,49.4832,49.4832,802.0
2019-03-25 10:59:00,49.49,49.49,49.49,49.49,100.0
2019-03-25 11:06:00,49.4591,49.4591,49.4591,49.4591,152.0
2019-03-25 11:10:00,49.49,49.49,49.49,49.49,100.0
2019-03-25 11:20:00,49.475,49.475,49.475,49.475,500.0
2019-03-25 11:21:00,49.49,49.49,49.49,49.49,200.0
2019-03-25 11:24:00,49.475,49.475,49.475,49.475,201.0
2019-03-25 11:26:00,49.475,49.475,49.475,49.475,100.0
2019-03-25 11:28:00,49.475,49.475,49.475,49.475,223.0
2019-03-25 11:30:00,49.475,49.475,49.475,49.475,100.0
2019-03-25 11:32:00,49.49,49.49,49.49,49.49,200.0
2019-03-25 11:33:00,49.475,49.475,49.475,49.475,107.0
2019-03-25 11:37:00,49.475,49.475,49.475,49.475,200.0
2019-03-25 11:39:00,49.475,49.475,49.475,49.475,100.0
2019-03-25 11:41:00,49.475,49.475,49.475,49.475,100.0
2019-03-25 11:43:00,49.475,49.475,49.475,49.475,100.0
2019-03-25 11:45:00,49.475,49.475,49.475,49.475,200.0
2019-03-25 11:47:00,49.475,49.475,49.475,49.475,241.0
2019-03-25 11:49:00,49.475,49.475,49.475,49.475,100.0
2019-03-25 11:55:00,49.5,49.5,49.5,49.5,106.0
2019-03-25 12:06:00,49.5,49.5,49.5,49.5,100.0
2019-03-25 12:11:00,49.498,49.498,49.49,49.49,1393.0
2019-03-25 12:17:00,49.5,49.5,49.5,49.5,100.0
2019-03-25 12:28:00,49.5,49.5,49.5,49.5,100.0
2019-03-25 12:42:00,49.49,49.49,49.49,49.49,220.0
2019-03-25 12:50:00,49.49,49.49,49.49,49.49,100.0
2019-03-25 13:01:00,49.49,49.49,49.49,49.49,175.0
2019-03-25 13:12:00,49.49,49.49,49.49,49.49,100.0
2019-03-25 13:15:00,49.52,49.52,49.52,49.52,890.0
2019-03-25 13:23:00,49.52,49.52,49.52,49.52,101.0
2019-03-25 13:32:00,49.48,49.48,49.4,49.4,2114.0
2019-03-25 13:45:00,49.52,49.52,49.52,49.52,100.0
2019-03-25 13:56:00,49.53,49.53,49.53,49.53,159.0
2019-03-25 14:07:00,49.53,49.53,49.53,49.53,147.0
2019-03-25 14:10:00,49.495,49.495,49.495,49.495,350.0
2019-03-25 14:20:00,49.53,49.53,49.53,49.53,343.0
2019-03-25 14:25:00,49.53,49.53,49.53,49.53,237.0
2019-03-25 14:30:00,49.52,49.52,49.52,49.52,342.0
2019-03-25 14:35:00,49.515,49.515,49.515,49.515,105.0
2019-03-25 14:43:00,49.52,49.52,49.5199,49.5199,405.0
2019-03-25 14:52:00,49.52,49.52,49.52,49.52,100.0
2019-03-25 14:54:00,49.5,49.5,49.5,49.5,100.0
2019-03-25 14:55:00,49.52,49.52,49.52,49.52,723.0
2019-03-25 14:56:00,49.5,49.5,49.5,49.5,580.0
2019-03-25 14:57:00,49.49,49.49,49.49,49.49,676.0
2019-03-25 14:58:00,49.49,49.49,49.49,49.49,200.0
2019-03-25 15:00:00,49.48,49.48,49.4679,49.4679,2300.0
2019-03-25 15:04:00,49.49,49.49,49.49,49.49,400.0
2019-03-25 15:05:00,49.49,49.49,49.49,49.49,3700.0
2019-03-25 15:07:00,49.49,49.49,49.49,49.49,250.0
2019-03-25 15:11:00,49.49,49.49,49.49,49.49,260.0
2019-03-25 15:14:00,49.4313,49.4313,49.4313,49.4313,300.0
2019-03-25 15:15:00,49.49,49.49,49.49,49.49,200.0
2019-03-25 15:25:00,49.48,49.48,49.48,49.48,300.0
2019-03-25 15:26:00,49.48,49.49,49.48,49.49,202.0
2019-03-25 15:29:00,49.48,49.48,49.48,49.48,501.0
2019-03-25 15:36:00,49.47,49.47,49.47,49.47,100.0
2019-03-25 15:43:00,49.4101,49.4101,49.4101,49.4101,400.0
2019-03-25 15:47:00,49.48,49.48,49.48,49.48,150.0
2019-03-25 16:00:00,49.49,49.51,49.49,49.51,356.0
2019-03-26 09:31:00,49.5,49.5,49.5,49.5,0.0
2019-03-26 09:35:00,49.4313,49.4313,49.4313,49.4313,134.0
2019-03-26 09:57:00,49.483,49.483,49.483,49.483,200.0
2019-03-26 10:02:00,49.462,49.462,49.462,49.462,211.0
2019-03-26 10:14:00,49.4827,49.4827,49.4827,49.4827,1023.0
2019-03-26 10:50:00,49.4832,49.4832,49.4832,49.4832,1041.0
2019-03-26 11:02:00,49.4301,49.4301,49.4301,49.4301,600.0
2019-03-26 11:31:00,49.4904,49.4904,49.4904,49.4904,1300.0
2019-03-26 11:37:00,49.4904,49.4904,49.4904,49.4904,693.0
2019-03-26 11:58:00,49.4728,49.4728,49.4728,49.4728,1450.0
2019-03-26 12:53:00,49.4832,49.4832,49.4832,49.4832,232.0
2019-03-26 13:36:00,49.4551,49.4551,49.4551,49.4551,115.0
2019-03-26 14:50:00,49.508,49.508,49.508,49.508,669.0
2019-03-26 14:55:00,49.4603,49.4603,49.4603,49.4603,550.0
2019-03-26 15:04:00,49.4904,49.4904,49.4904,49.4904,575.0
2019-03-26 15:07:00,49.5026,49.5026,49.5026,49.5026,1123.0
2019-03-26 15:31:00,49.4832,49.51,49.4832,49.51,0.0
2019-03-27 09:31:00,49.53,49.53,49.53,49.53,3200.0
2019-03-27 09:51:00,49.47,49.47,49.47,49.47,218.0
2019-03-27 10:28:00,49.5295,49.5295,49.5295,49.5295,131.0
2019-03-27 10:54:00,49.52,49.52,49.52,49.52,2200.0
2019-03-27 10:56:00,49.52,49.52,49.52,49.52,212.0
2019-03-27 10:57:00,49.5448,49.5448,49.5448,49.5448,120.0
2019-03-27 10:59:00,49.53,49.53,49.53,49.53,228.0
2019-03-27 11:26:00,49.53,49.54,49.53,49.54,409.0
2019-03-27 12:10:00,49.6,49.6,49.5802,49.6,949.0
2019-03-27 12:19:00,49.54,49.54,49.54,49.54,625.0
2019-03-27 12:37:00,49.565,49.565,49.565,49.565,475.0
2019-03-27 13:48:00,49.545,49.545,49.545,49.545,200.0
2019-03-27 13:50:00,49.5198,49.5198,49.5198,49.5198,200.0
2019-03-27 13:54:00,49.57,49.57,49.5502,49.57,1000.0
2019-03-27 14:08:00,49.545,49.545,49.545,49.545,258.0
2019-03-27 14:21:00,49.5335,49.5335,49.5335,49.5335,208.0
2019-03-27 14:34:00,49.5699,49.5699,49.5699,49.5699,998.0
2019-03-27 15:05:00,49.57,49.6,49.57,49.6,2900.0
2019-03-27 15:10:00,49.5867,49.5867,49.5867,49.5867,100.0
2019-03-27 15:17:00,49.5789,49.5789,49.5789,49.5789,400.0
2019-03-27 15:21:00,49.5652,49.5652,49.5652,49.5652,2008.0
2019-03-28 09:31:00,49.52,49.52,49.52,49.52,0.0
2019-03-28 09:32:00,49.5001,49.5001,49.5001,49.5001,332.0
2019-03-28 10:09:00,49.51,49.51,49.51,49.51,685.0
2019-03-28 10:10:00,49.51,49.51,49.51,49.51,137.0
2019-03-28 10:56:00,49.51,49.51,49.51,49.51,227.0
2019-03-28 11:03:00,49.5154,49.5154,49.5154,49.5154,207.0
2019-03-28 11:11:00,49.5499,49.5499,49.5499,49.5499,485.0
2019-03-28 12:02:00,49.5101,49.5101,49.5101,49.5101,200.0
2019-03-28 12:07:00,49.51,49.51,49.51,49.51,205.0
2019-03-28 12:08:00,49.495,49.495,49.495,49.495,245.0
2019-03-28 13:39:00,49.55,49.55,49.55,49.55,1640.0
2019-03-28 13:51:00,49.5285,49.5285,49.5285,49.5285,299.0
2019-03-28 14:11:00,49.5126,49.5126,49.5126,49.5126,1244.0
2019-03-28 14:16:00,49.5285,49.5285,49.5285,49.5285,402.0
2019-03-28 14:55:00,49.49,49.49,49.49,49.49,227.0
2019-03-28 15:08:00,49.55,49.56,49.5346,49.555,4370.0
2019-03-28 15:15:00,49.55,49.56,49.55,49.56,501.0
2019-03-28 15:46:00,49.49,49.49,49.49,49.49,122.0
2019-03-28 15:50:00,49.5394,49.5394,49.5394,49.5394,701.0
2019-03-28 16:00:00,49.61,49.61,49.61,49.61,595.0
2019-03-29 10:23:00,49.51,49.51,49.51,49.51,611.0
2019-03-29 10:38:00,49.5,49.5,49.5,49.5,1118.0
2019-03-29 10:43:00,49.5085,49.5085,49.5085,49.5085,678.0
2019-03-29 11:07:00,49.4572,49.4572,49.4572,49.4572,894.0
2019-03-29 12:08:00,49.4301,49.4301,49.4301,49.4301,1201.0
2019-03-29 13:11:00,49.4801,49.4801,49.4801,49.4801,566.0
2019-03-29 15:19:00,49.505,49.54,49.4901,49.54,0.0
2019-04-01 09:31:00,49.36,49.36,49.36,49.36,0.0
2019-04-01 10:36:00,49.28,49.28,49.28,49.28,203.0
2019-04-01 10:41:00,49.245,49.245,49.245,49.245,282.0
2019-04-01 10:55:00,49.2118,49.2118,49.2118,49.2118,291.0
2019-04-01 11:13:00,49.2008,49.263,49.2008,49.263,302.0
2019-04-01 11:20:00,49.2009,49.2009,49.2009,49.2009,102.0
2019-04-01 11:26:00,49.2741,49.275,49.2741,49.275,5552.0
2019-04-01 11:39:00,49.28,49.28,49.28,49.28,1751.0
2019-04-01 11:55:00,49.28,49.28,49.28,49.28,752.0
2019-04-01 12:02:00,49.2001,49.2001,49.2001,49.2001,493.0
2019-04-01 12:07:00,49.2001,49.2001,49.2001,49.2001,324.0
2019-04-01 12:14:00,49.2001,49.2001,49.2001,49.2001,1039.0
2019-04-01 13:02:00,49.24,49.24,49.233,49.233,289.0
2019-04-01 14:03:00,49.245,49.245,49.245,49.245,150.0
2019-04-01 14:24:00,49.24,49.24,49.24,49.24,125.0
2019-04-01 14:25:00,49.2287,49.2287,49.2,49.2,1037.0
2019-04-01 14:46:00,49.2003,49.2003,49.2003,49.2003,587.0
2019-04-01 15:02:00,49.24,49.24,49.24,49.24,444.0
2019-04-01 15:09:00,49.24,49.24,49.24,49.24,100.0
2019-04-01 15:11:00,49.2,49.2,49.2,49.2,586.0
2019-04-02 09:31:00,49.12,49.12,49.12,49.12,0.0
2019-04-02 10:07:00,49.24,49.24,49.226,49.226,225.0
2019-04-02 10:12:00,49.1747,49.1747,49.1747,49.1747,222.0
2019-04-02 10:51:00,49.2255,49.2255,49.2255,49.2255,146.0
2019-04-02 11:22:00,49.1801,49.1801,49.1801,49.1801,598.0
2019-04-02 11:51:00,49.22,49.25,49.22,49.22,2325.0
2019-04-02 12:32:00,49.25,49.25,49.2332,49.2332,996.0
2019-04-02 13:08:00,49.2199,49.2199,49.2199,49.2199,551.0
2019-04-02 14:04:00,49.25,49.25,49.2329,49.2329,449.0
2019-04-02 14:21:00,49.25,49.25,49.2332,49.2332,802.0
2019-04-02 14:41:00,49.19,49.26,49.18,49.26,8738.0
2019-04-02 14:45:00,49.2004,49.2004,49.2004,49.2004,438.0
2019-04-02 15:02:00,49.25,49.25,49.236,49.25,2554.0
2019-04-02 15:07:00,49.25,49.25,49.2286,49.2286,1058.0
2019-04-02 15:29:00,49.24,49.25,49.24,49.24,19870.0
2019-04-03 09:31:00,49.21,49.21,49.21,49.21,0.0
2019-04-03 09:50:00,49.23,49.23,49.2094,49.2094,290.0
2019-04-03 09:52:00,49.1913,49.1913,49.1913,49.1913,1000.0
2019-04-03 10:30:00,49.24,49.24,49.2117,49.2117,1041.0
2019-04-03 11:21:00,49.1618,49.1618,49.1618,49.1618,692.0
2019-04-03 12:02:00,49.2,49.2,49.2,49.2,221.0
2019-04-03 12:10:00,49.22,49.22,49.22,49.22,412.0
2019-04-03 12:13:00,49.26,49.26,49.26,49.26,272.0
2019-04-03 12:31:00,49.2549,49.2549,49.2549,49.2549,0.0
2019-04-03 12:42:00,49.22,49.235,49.21,49.21,8654.0
2019-04-03 12:55:00,49.25,49.25,49.2331,49.2331,334.0
2019-04-03 13:05:00,49.22,49.22,49.22,49.22,301.0
2019-04-03 13:30:00,49.205,49.205,49.205,49.205,141.0
2019-04-03 13:31:00,49.24,49.24,49.24,49.24,123.0
2019-04-03 13:49:00,49.229,49.23,49.195,49.23,1098.0
2019-04-03 13:54:00,49.23,49.23,49.23,49.23,439.0
2019-04-03 14:02:00,49.23,49.23,49.23,49.23,100.0
2019-04-03 14:10:00,49.26,49.26,49.26,49.26,100.0
2019-04-03 14:15:00,49.26,49.26,49.23,49.23,273.0
2019-04-03 14:20:00,49.23,49.23,49.23,49.23,102.0
2019-04-03 14:25:00,49.23,49.23,49.23,49.23,110.0
2019-04-03 14:28:00,49.2034,49.2034,49.2034,49.2034,420.0
2019-04-03 14:30:00,49.23,49.23,49.21,49.21,273.0
2019-04-03 14:36:00,49.23,49.23,49.23,49.23,100.0
2019-04-03 14:41:00,49.23,49.23,49.23,49.23,109.0
2019-04-03 14:46:00,49.23,49.23,49.23,49.23,100.0
2019-04-03 14:51:00,49.23,49.23,49.23,49.23,145.0
2019-04-03 14:56:00,49.23,49.23,49.23,49.23,271.0
2019-04-03 15:05:00,49.2143,49.23,49.2143,49.23,204.0
2019-04-03 15:06:00,49.24,49.24,49.24,49.24,100.0
2019-04-03 15:12:00,49.23,49.23,49.23,49.23,100.0
2019-04-03 15:17:00,49.23,49.23,49.23,49.23,100.0
2019-04-03 15:22:00,49.23,49.23,49.23,49.23,100.0
2019-04-03 15:27:00,49.23,49.23,49.23,49.23,100.0
2019-04-03 15:32:00,49.23,49.23,49.23,49.23,120.0
2019-04-03 15:37:00,49.23,49.23,49.23,49.23,100.0
2019-04-03 15:43:00,49.23,49.23,49.23,49.23,100.0
2019-04-03 15:46:00,49.23,49.23,49.23,49.23,500.0
2019-04-03 15:48:00,49.23,49.23,49.23,49.23,100.0
2019-04-03 15:53:00,49.26,49.26,49.26,49.26,150.0
2019-04-03 16:00:00,49.22,49.26,49.22,49.26,307.0
