
2019-03-21 11:48:00,10.5,10.5,10.4801,10.4801,0.0
2019-03-22 12:27:00,10.48,10.48,10.48,10.48,0.0
2019-03-22 12:28:00,10.48,10.48,10.48,10.48,1022.0
2019-03-22 13:03:00,10.5,10.5,10.5,10.5,1000.0
2019-03-22 13:13:00,10.5,10.5,10.5,10.5,1000.0
2019-03-25 14:09:00,10.5,10.5,10.5,10.5,0.0
2019-03-25 15:51:00,10.5,10.5,10.499,10.5,0.0
2019-03-28 11:38:00,10.5,10.5,10.5,10.5,0.0
2019-03-29 10:55:00,10.5,10.5,10.5,10.5,0.0
2019-04-02 10:42:00,10.5,10.5,10.5,10.5,1000.0
2019-04-02 13:22:00,10.5,10.5,10.5,10.5,1100.0
