
2019-03-19 09:31:00,24.68,24.68,24.68,24.68,0.0
2019-03-19 10:48:00,24.41,24.41,24.41,24.41,100.0
2019-03-19 10:49:00,24.37,24.37,24.37,24.37,7150.0
2019-03-19 10:50:00,24.37,24.37,24.37,24.37,1003.0
2019-03-19 11:10:00,24.48,24.48,24.48,24.48,480.0
2019-03-19 11:54:00,24.466,24.466,24.44,24.44,500.0
2019-03-19 13:14:00,24.42,24.42,24.42,24.42,960.0
2019-03-19 15:35:00,24.46,24.46,24.46,24.46,593.0
2019-03-20 09:31:00,24.47,24.47,24.47,24.47,0.0
2019-03-20 09:33:00,24.55,24.55,24.55,24.55,0.0
2019-03-20 09:34:00,24.6,24.6,24.6,24.6,3392.0
2019-03-20 09:35:00,24.6,24.6,24.6,24.6,100.0
2019-03-20 09:56:00,24.6,24.6,24.6,24.6,100.0
2019-03-20 09:59:00,24.6,24.6,24.6,24.6,108.0
2019-03-20 10:29:00,24.61,24.61,24.61,24.61,600.0
2019-03-20 11:33:00,24.5358,24.5358,24.5358,24.5358,1000.0
2019-03-20 11:51:00,24.61,24.61,24.61,24.61,200.0
2019-03-20 13:13:00,24.61,24.61,24.61,24.61,100.0
2019-03-20 13:14:00,24.6,24.61,24.6,24.61,1100.0
2019-03-20 13:46:00,24.61,24.61,24.61,24.61,1146.0
2019-03-20 15:40:00,24.61,24.61,24.61,24.61,130.0
2019-03-20 15:41:00,24.61,24.61,24.61,24.61,8699.0
2019-03-21 10:12:00,24.7,24.7,24.7,24.7,0.0
2019-03-21 10:55:00,24.6,24.6,24.6,24.6,500.0
2019-03-21 11:36:00,24.7,24.7,24.699,24.699,600.0
2019-03-21 13:02:00,24.6001,24.6001,24.6001,24.6001,1000.0
2019-03-21 13:17:00,24.6,24.6,24.6,24.6,1100.0
2019-03-21 13:18:00,24.5,24.5,24.5,24.5,2900.0
2019-03-22 09:31:00,24.52,24.52,24.52,24.52,0.0
2019-03-22 10:08:00,24.549,24.55,24.549,24.55,500.0
2019-03-22 10:14:00,24.55,24.55,24.55,24.55,400.0
2019-03-22 10:49:00,24.5338,24.5338,24.5338,24.5338,1000.0
2019-03-22 11:01:00,24.535,24.535,24.535,24.535,1000.0
2019-03-22 12:06:00,24.55,24.55,24.55,24.55,600.0
2019-03-22 13:18:00,24.55,24.55,24.55,24.55,200.0
2019-03-22 15:06:00,24.55,24.55,24.55,24.55,800.0
2019-03-22 15:48:00,24.5499,24.5499,24.5499,24.5499,600.0
2019-03-22 15:52:00,24.56,24.56,24.56,24.56,2600.0
2019-03-25 09:31:00,24.55,24.55,24.55,24.55,204.0
2019-03-25 09:57:00,24.5114,24.5114,24.5114,24.5114,800.0
2019-03-25 10:18:00,24.4802,24.4802,24.4802,24.4802,400.0
2019-03-25 10:42:00,24.55,24.55,24.511,24.511,1496.0
2019-03-25 11:40:00,24.45,24.45,24.45,24.45,300.0
2019-03-25 11:45:00,24.55,24.55,24.55,24.55,1000.0
2019-03-25 11:55:00,24.58,24.58,24.58,24.58,400.0
2019-03-25 12:11:00,24.55,24.55,24.55,24.55,400.0
2019-03-25 13:42:00,24.54,24.55,24.54,24.55,200.0
2019-03-25 13:48:00,24.5377,24.5377,24.5377,24.5377,1400.0
2019-03-25 14:16:00,24.55,24.55,24.55,24.55,500.0
2019-03-25 15:51:00,24.45,24.45,24.45,24.45,300.0
2019-03-26 09:46:00,24.54,24.54,24.54,24.54,400.0
2019-03-26 09:59:00,24.5255,24.5255,24.5255,24.5255,200.0
2019-03-26 10:35:00,24.46,24.46,24.46,24.46,100.0
2019-03-26 10:38:00,24.55,24.55,24.55,24.55,1900.0
2019-03-26 11:16:00,24.55,24.55,24.55,24.55,200.0
2019-03-26 11:46:00,24.5,24.5,24.5,24.5,200.0
2019-03-26 11:51:00,24.6,24.6,24.6,24.6,0.0
2019-03-26 12:39:00,24.5817,24.5817,24.5817,24.5817,0.0
2019-03-26 14:47:00,24.6,24.6,24.6,24.6,335.0
2019-03-27 09:40:00,24.6,24.6,24.6,24.6,0.0
2019-03-27 09:41:00,24.601,24.601,24.601,24.601,0.0
2019-03-27 10:10:00,24.68,24.68,24.68,24.68,594.0
2019-03-27 10:46:00,24.61,24.61,24.61,24.61,792.0
2019-03-27 10:52:00,24.61,24.61,24.61,24.61,625.0
2019-03-27 11:47:00,24.6,24.6,24.6,24.6,1280.0
2019-03-27 12:15:00,24.6,24.6,24.6,24.6,2000.0
2019-03-27 12:30:00,24.6,24.6,24.6,24.6,1000.0
2019-03-27 12:36:00,24.69,24.69,24.69,24.69,100.0
2019-03-27 13:26:00,24.55,24.55,24.55,24.55,1000.0
2019-03-27 13:51:00,24.55,24.55,24.55,24.55,300.0
2019-03-27 13:52:00,24.57,24.57,24.57,24.57,700.0
2019-03-27 13:53:00,24.57,24.57,24.57,24.57,1800.0
2019-03-27 13:54:00,24.57,24.57,24.57,24.57,3500.0
2019-03-27 14:11:00,24.6,24.6,24.6,24.6,600.0
2019-03-27 14:19:00,24.68,24.68,24.68,24.68,300.0
2019-03-27 14:22:00,24.6337,24.6337,24.6337,24.6337,400.0
2019-03-27 15:04:00,24.6328,24.6328,24.6328,24.6328,200.0
2019-03-27 15:22:00,24.6,24.6,24.6,24.6,1000.0
2019-03-27 15:58:00,24.69,24.69,24.69,24.69,662.0
2019-03-28 09:31:00,24.65,24.65,24.65,24.65,0.0
2019-03-28 09:45:00,24.65,24.65,24.6,24.6,1000.0
2019-03-28 09:46:00,24.6349,24.6349,24.6349,24.6349,200.0
2019-03-28 09:59:00,24.625,24.625,24.625,24.625,940.0
2019-03-28 10:09:00,24.6,24.6,24.6,24.6,300.0
2019-03-28 10:11:00,24.6,24.6,24.6,24.6,300.0
2019-03-28 10:37:00,24.6,24.6,24.6,24.6,610.0
2019-03-28 10:43:00,24.61,24.61,24.61,24.61,1270.0
2019-03-28 11:32:00,24.6,24.6,24.6,24.6,200.0
2019-03-28 12:28:00,24.5278,24.5278,24.5278,24.5278,475.0
2019-03-28 12:37:00,24.5659,24.5659,24.5659,24.5659,135.0
2019-03-28 13:01:00,24.6,24.6,24.5701,24.5701,1800.0
2019-03-28 13:31:00,24.6,24.6,24.6,24.6,600.0
2019-03-28 13:33:00,24.5728,24.5728,24.5728,24.5728,580.0
2019-03-28 13:35:00,24.5077,24.5077,24.5077,24.5077,1750.0
2019-03-28 13:55:00,24.6,24.6,24.6,24.6,400.0
2019-03-28 14:15:00,24.6,24.6,24.6,24.6,800.0
2019-03-28 14:16:00,24.55,24.55,24.55,24.55,200.0
2019-03-28 14:19:00,24.6,24.6,24.59,24.59,400.0
2019-03-28 14:23:00,24.6,24.6,24.6,24.6,800.0
2019-03-28 14:41:00,24.59,24.59,24.59,24.59,200.0
2019-03-28 14:56:00,24.59,24.6,24.573,24.573,720.0
2019-03-28 14:59:00,24.6,24.6,24.6,24.6,780.0
2019-03-28 15:59:00,24.5861,24.5861,24.5861,24.5861,800.0
2019-03-29 09:31:00,24.65,24.65,24.65,24.65,0.0
2019-03-29 10:18:00,24.63,24.63,24.63,24.63,100.0
2019-03-29 10:50:00,24.679,24.679,24.679,24.679,200.0
2019-03-29 11:21:00,24.7,24.7,24.7,24.7,200.0
2019-03-29 11:27:00,24.6461,24.6461,24.6461,24.6461,500.0
2019-03-29 12:01:00,24.63,24.63,24.63,24.63,100.0
2019-03-29 13:06:00,24.6,24.6,24.6,24.6,1035.0
2019-03-29 13:52:00,24.645,24.645,24.6,24.6,1000.0
2019-03-29 14:25:00,24.69,24.69,24.69,24.69,800.0
2019-03-29 14:35:00,24.69,24.69,24.69,24.69,100.0
2019-03-29 14:36:00,24.7,24.7,24.7,24.7,140.0
2019-03-29 14:38:00,24.78,24.78,24.78,24.78,100.0
2019-03-29 14:52:00,24.82,24.82,24.82,24.82,750.0
2019-03-29 14:54:00,24.82,24.82,24.82,24.82,1250.0
2019-03-29 15:27:00,24.89,24.89,24.89,24.89,160.0
2019-03-29 15:54:00,24.89,24.9,24.8765,24.8765,3000.0
2019-04-01 09:31:00,24.9,24.9,24.9,24.9,0.0
2019-04-01 09:52:00,24.7,24.7,24.7,24.7,500.0
2019-04-01 11:36:00,24.6828,24.6828,24.6828,24.6828,400.0
2019-04-01 11:39:00,24.8,24.8,24.8,24.8,600.0
2019-04-01 11:47:00,24.899,24.899,24.8339,24.899,300.0
2019-04-01 13:34:00,24.93,24.93,24.93,24.93,499.0
2019-04-01 15:47:00,24.7,24.7025,24.7,24.7025,1100.0
2019-04-02 10:27:00,24.6,24.6,24.6,24.6,0.0
2019-04-02 10:37:00,24.59,24.59,24.59,24.59,1450.0
2019-04-02 10:50:00,24.7,24.7,24.7,24.7,400.0
2019-04-02 10:59:00,24.6,24.6,24.6,24.6,1100.0
2019-04-02 11:29:00,24.6,24.6,24.6,24.6,910.0
2019-04-02 11:43:00,24.6,24.6,24.6,24.6,630.0
2019-04-02 11:45:00,24.6,24.6,24.6,24.6,455.0
2019-04-02 12:01:00,24.7,24.7,24.7,24.7,1000.0
2019-04-02 12:21:00,24.64,24.64,24.64,24.64,200.0
2019-04-02 13:16:00,24.699,24.699,24.69,24.69,400.0
2019-04-02 14:03:00,24.7,24.7,24.7,24.7,1000.0
2019-04-02 14:04:00,24.7,24.7,24.7,24.7,1030.0
2019-04-02 14:24:00,24.7,24.7,24.7,24.7,790.0
2019-04-02 14:52:00,24.57,24.57,24.57,24.57,4500.0
2019-04-02 14:57:00,24.7,24.7,24.7,24.7,900.0
2019-04-02 15:53:00,24.7,24.7,24.7,24.7,400.0
2019-04-03 10:03:00,24.61,24.61,24.61,24.61,47.0
2019-04-03 13:20:00,24.6,24.6,24.6,24.6,117.0
2019-04-03 14:48:00,24.834,24.834,24.834,24.834,200.0
2019-04-03 15:07:00,24.92,24.92,24.92,24.92,250.0
2019-04-03 15:09:00,24.7,24.7,24.7,24.7,1235.0
2019-04-03 15:11:00,24.92,24.92,24.92,24.92,219.0
2019-04-03 15:52:00,24.75,24.75,24.75,24.75,1000.0
