
2019-03-19 09:31:00,47.23,47.23,47.23,47.23,0.0
2019-03-19 09:41:00,47.8099,47.8099,47.8099,47.8099,3625.0
2019-03-19 09:47:00,47.06,47.06,47.06,47.06,552.0
2019-03-19 09:48:00,47.01,47.01,47.01,47.01,905.0
2019-03-19 09:54:00,46.815,46.85,46.815,46.85,1849.0
2019-03-19 10:03:00,46.6901,46.6901,46.6901,46.6901,500.0
2019-03-19 10:08:00,46.82,46.82,46.82,46.82,148.0
2019-03-19 10:15:00,46.715,46.715,46.715,46.715,470.0
2019-03-19 10:33:00,46.71,46.71,46.71,46.71,181.0
2019-03-19 10:42:00,46.72,46.72,46.72,46.72,440.0
2019-03-19 10:43:00,46.69,46.69,46.69,46.69,143.0
2019-03-19 10:55:00,46.53,46.53,46.53,46.53,369.0
2019-03-19 11:00:00,46.43,46.43,46.43,46.43,100.0
2019-03-19 11:02:00,46.51,46.51,46.51,46.51,216.0
2019-03-19 11:05:00,46.58,46.58,46.58,46.58,200.0
2019-03-19 11:08:00,46.548,46.548,46.548,46.548,300.0
2019-03-19 11:13:00,46.48,46.53,46.48,46.53,667.0
2019-03-19 11:17:00,46.43,46.43,46.43,46.43,428.0
2019-03-19 11:20:00,46.37,46.37,46.37,46.37,240.0
2019-03-19 11:24:00,46.44,46.44,46.44,46.44,103.0
2019-03-19 11:25:00,46.37,46.37,46.37,46.37,366.0
2019-03-19 11:30:00,46.35,46.35,46.35,46.35,135.0
2019-03-19 11:33:00,46.395,46.395,46.395,46.395,278.0
2019-03-19 11:35:00,46.45,46.45,46.45,46.45,329.0
2019-03-19 11:46:00,46.47,46.47,46.47,46.47,301.0
2019-03-19 11:48:00,46.49,46.49,46.49,46.49,613.0
2019-03-19 12:02:00,46.5,46.5,46.5,46.5,452.0
2019-03-19 12:11:00,46.545,46.545,46.545,46.545,516.0
2019-03-19 12:17:00,46.59,46.59,46.59,46.59,306.0
2019-03-19 12:19:00,46.56,46.56,46.56,46.56,346.0
2019-03-19 12:24:00,46.5,46.5,46.5,46.5,323.0
2019-03-19 12:26:00,46.54,46.54,46.54,46.54,200.0
2019-03-19 12:30:00,46.54,46.54,46.54,46.54,115.0
2019-03-19 12:31:00,46.6,46.6,46.6,46.6,221.0
2019-03-19 12:38:00,46.54,46.54,46.54,46.54,454.0
2019-03-19 12:48:00,46.47,46.47,46.47,46.47,140.0
2019-03-19 12:52:00,46.39,46.39,46.39,46.39,140.0
2019-03-19 12:57:00,46.38,46.38,46.38,46.38,504.0
2019-03-19 13:00:00,46.44,46.44,46.44,46.44,505.0
2019-03-19 13:04:00,46.48,46.48,46.48,46.48,145.0
2019-03-19 13:06:00,46.5,46.5,46.5,46.5,272.0
2019-03-19 13:08:00,46.48,46.48,46.48,46.48,635.0
2019-03-19 13:26:00,46.4,46.4,46.4,46.4,787.0
2019-03-19 13:57:00,46.3,46.3,46.3,46.3,543.0
2019-03-19 14:09:00,46.19,46.19,46.19,46.19,339.0
2019-03-19 14:11:00,46.16,46.16,46.16,46.16,286.0
2019-03-19 14:17:00,46.12,46.12,46.12,46.12,192.0
2019-03-19 14:25:00,46.1,46.1,46.1,46.1,238.0
2019-03-19 14:27:00,46.14,46.14,46.14,46.14,234.0
2019-03-19 14:44:00,46.17,46.17,46.17,46.17,371.0
2019-03-19 14:51:00,46.15,46.15,46.15,46.15,766.0
2019-03-19 14:55:00,46.22,46.22,46.22,46.22,229.0
2019-03-19 14:57:00,46.18,46.18,46.18,46.18,607.0
2019-03-19 15:00:00,46.17,46.17,46.17,46.17,230.0
2019-03-19 15:02:00,46.13,46.13,46.13,46.13,391.0
2019-03-19 15:12:00,46.08,46.08,46.08,46.08,320.0
2019-03-19 15:14:00,46.04,46.04,46.04,46.04,130.0
2019-03-19 15:18:00,46.0,46.0,46.0,46.0,1401.0
2019-03-19 15:20:00,46.0,46.0,46.0,46.0,758.0
2019-03-19 15:21:00,46.0,46.0,46.0,46.0,694.0
2019-03-19 15:23:00,46.0,46.0,46.0,46.0,464.0
2019-03-19 15:24:00,46.0,46.0,46.0,46.0,3611.0
2019-03-19 15:25:00,46.01,46.01,46.01,46.01,1426.0
2019-03-19 15:27:00,46.01,46.01,46.01,46.01,837.0
2019-03-19 15:28:00,46.0,46.0,46.0,46.0,214.0
2019-03-19 15:29:00,46.0,46.0,46.0,46.0,426.0
2019-03-19 15:33:00,45.95,45.95,45.95,45.95,563.0
2019-03-19 15:37:00,45.87,45.87,45.87,45.87,457.0
2019-03-19 15:38:00,45.86,45.86,45.86,45.86,290.0
2019-03-19 15:39:00,45.86,45.86,45.86,45.86,365.0
2019-03-19 15:41:00,45.84,45.84,45.84,45.84,518.0
2019-03-19 15:44:00,45.82,45.82,45.82,45.82,358.0
2019-03-19 15:46:00,45.83,45.83,45.83,45.83,338.0
2019-03-19 15:47:00,45.82,45.82,45.82,45.82,386.0
2019-03-19 15:48:00,45.83,45.83,45.83,45.83,650.0
2019-03-19 15:49:00,45.79,45.79,45.79,45.79,1570.0
2019-03-19 15:51:00,45.78,45.78,45.78,45.78,447.0
2019-03-19 15:53:00,45.71,45.71,45.71,45.71,958.0
2019-03-19 15:55:00,45.72,45.72,45.72,45.72,351.0
2019-03-19 15:56:00,45.74,45.74,45.74,45.74,594.0
2019-03-19 15:57:00,45.77,45.77,45.77,45.77,670.0
2019-03-19 15:58:00,45.78,45.78,45.78,45.78,563.0
2019-03-19 15:59:00,45.78,45.78,45.78,45.78,687.0
2019-03-19 16:00:00,45.76,45.76,45.75,45.75,2437.0
2019-03-20 09:31:00,46.01,46.01,46.01,46.01,507.0
2019-03-20 09:41:00,45.3279,46.57,45.3279,46.57,209.0
2019-03-20 09:48:00,46.275,46.275,46.275,46.275,101.0
2019-03-20 09:58:00,45.8495,45.8495,45.8495,45.8495,664.0
2019-03-20 09:59:00,45.58,45.58,45.58,45.58,200.0
2019-03-20 10:00:00,45.54,45.8,45.54,45.8,1301.0
2019-03-20 10:04:00,45.6,45.6,45.6,45.6,130.0
2019-03-20 10:07:00,45.62,45.62,45.62,45.62,204.0
2019-03-20 10:10:00,45.6,45.6,45.6,45.6,495.0
2019-03-20 10:13:00,45.56,45.56,45.55,45.55,200.0
2019-03-20 10:14:00,45.59,45.59,45.59,45.59,301.0
2019-03-20 10:17:00,45.6326,45.6326,45.6326,45.6326,209.0
2019-03-20 10:19:00,45.58,45.58,45.58,45.58,313.0
2019-03-20 10:20:00,45.56,45.56,45.56,45.56,101.0
2019-03-20 10:24:00,45.51,45.51,45.51,45.51,620.0
2019-03-20 10:26:00,45.56,45.56,45.56,45.56,201.0
2019-03-20 10:31:00,45.62,45.62,45.62,45.62,100.0
2019-03-20 10:35:00,45.56,45.56,45.56,45.56,520.0
2019-03-20 10:45:00,45.64,45.64,45.64,45.64,100.0
2019-03-20 10:46:00,45.54,45.61,45.53,45.53,765.0
2019-03-20 10:48:00,45.59,45.59,45.59,45.59,934.0
2019-03-20 10:49:00,45.6,45.6,45.6,45.6,200.0
2019-03-20 10:52:00,45.59,45.59,45.59,45.59,893.0
2019-03-20 11:09:00,45.63,45.63,45.62,45.62,516.0
2019-03-20 11:13:00,45.61,45.61,45.59,45.59,1271.0
2019-03-20 11:25:00,45.35,45.35,45.35,45.35,567.0
2019-03-20 11:28:00,45.3999,45.3999,45.3999,45.3999,3671.0
2019-03-20 11:29:00,45.45,45.47,45.43,45.43,516.0
2019-03-20 11:30:00,45.31,45.31,45.31,45.31,936.0
2019-03-20 11:40:00,45.26,45.26,45.26,45.26,213.0
2019-03-20 11:47:00,45.22,45.22,45.22,45.22,308.0
2019-03-20 11:49:00,45.17,45.17,45.17,45.17,132.0
2019-03-20 11:53:00,45.16,45.16,45.16,45.16,118.0
2019-03-20 11:54:00,45.15,45.15,45.13,45.13,400.0
2019-03-20 11:55:00,45.08,45.08,45.08,45.08,934.0
2019-03-20 11:57:00,45.01,45.01,45.01,45.01,300.0
2019-03-20 11:59:00,44.98,44.9801,44.98,44.9801,1055.0
2019-03-20 12:04:00,45.09,45.09,45.09,45.09,435.0
2019-03-20 12:22:00,45.08,45.08,45.08,45.08,714.0
2019-03-20 12:28:00,45.06,45.06,45.06,45.06,405.0
2019-03-20 12:33:00,45.02,45.02,45.02,45.02,415.0
2019-03-20 12:34:00,44.99,44.99,44.99,44.99,522.0
2019-03-20 12:42:00,45.06,45.06,45.06,45.06,321.0
2019-03-20 12:43:00,45.0514,45.0514,45.0514,45.0514,473.0
2019-03-20 12:48:00,45.07,45.07,45.07,45.07,538.0
2019-03-20 13:10:00,45.31,45.31,45.31,45.31,501.0
2019-03-20 13:13:00,45.4,45.4,45.4,45.4,864.0
2019-03-20 13:14:00,45.48,45.48,45.48,45.48,100.0
2019-03-20 13:15:00,45.45,45.48,45.45,45.48,944.0
2019-03-20 13:16:00,45.52,45.52,45.52,45.52,100.0
2019-03-20 13:17:00,45.54,45.63,45.54,45.63,1471.0
2019-03-20 13:19:00,45.59,45.59,45.59,45.59,100.0
2019-03-20 13:20:00,45.53,45.53,45.47,45.47,1009.0
2019-03-20 13:27:00,45.42,45.42,45.42,45.42,330.0
2019-03-20 13:28:00,45.41,45.41,45.365,45.365,210.0
2019-03-20 13:29:00,45.37,45.37,45.37,45.37,427.0
2019-03-20 13:30:00,45.42,45.42,45.42,45.42,201.0
2019-03-20 13:33:00,45.48,45.48,45.48,45.48,100.0
2019-03-20 13:34:00,45.4513,45.4513,45.4513,45.4513,434.0
2019-03-20 13:42:00,45.55,45.55,45.55,45.55,296.0
2019-03-20 13:46:00,45.63,45.63,45.63,45.63,224.0
2019-03-20 13:47:00,45.66,45.66,45.66,45.66,361.0
2019-03-20 13:53:00,45.68,45.68,45.68,45.68,126.0
2019-03-20 13:54:00,45.73,45.73,45.73,45.73,316.0
2019-03-20 13:56:00,45.81,45.81,45.81,45.81,100.0
2019-03-20 13:57:00,45.79,45.79,45.79,45.79,567.0
2019-03-20 13:58:00,45.74,45.74,45.74,45.74,555.0
2019-03-20 14:00:00,45.74,45.74,45.74,45.74,208.0
2019-03-20 14:01:00,45.81,45.81,45.66,45.66,1373.0
2019-03-20 14:07:00,45.32,45.32,45.32,45.32,300.0
2019-03-20 14:10:00,45.475,45.475,45.475,45.475,100.0
2019-03-20 14:12:00,45.89,45.89,45.89,45.89,387.0
2019-03-20 14:16:00,45.73,45.73,45.73,45.73,232.0
2019-03-20 14:21:00,45.36,45.36,45.36,45.36,1121.0
2019-03-20 14:23:00,45.33,45.33,45.33,45.33,555.0
2019-03-20 14:25:00,45.4,45.4,45.4,45.4,277.0
2019-03-20 14:27:00,45.38,45.38,45.37,45.37,751.0
2019-03-20 14:28:00,45.39,45.39,45.39,45.39,1054.0
2019-03-20 14:32:00,45.3401,45.3401,45.3401,45.3401,290.0
2019-03-20 14:33:00,45.15,45.25,45.15,45.21,3900.0
2019-03-20 14:35:00,45.355,45.355,45.25,45.25,200.0
2019-03-20 14:36:00,45.38,45.38,45.38,45.38,300.0
2019-03-20 14:37:00,45.32,45.32,45.32,45.32,363.0
2019-03-20 14:41:00,45.47,45.47,45.47,45.47,704.0
2019-03-20 14:42:00,45.44,45.44,45.44,45.44,521.0
2019-03-20 14:46:00,45.42,45.42,45.42,45.42,352.0
2019-03-20 14:47:00,45.52,45.52,45.52,45.52,449.0
2019-03-20 14:48:00,45.6,45.6,45.6,45.6,606.0
2019-03-20 14:54:00,45.6,45.6,45.6,45.6,240.0
2019-03-20 14:56:00,45.5,45.5,45.5,45.5,246.0
2019-03-20 14:57:00,45.475,45.475,45.475,45.475,667.0
2019-03-20 14:59:00,45.47,45.47,45.44,45.44,546.0
2019-03-20 15:00:00,45.42,45.42,45.42,45.42,666.0
2019-03-20 15:02:00,45.57,45.6,45.57,45.6,200.0
2019-03-20 15:03:00,45.65,45.7,45.65,45.7,874.0
2019-03-20 15:05:00,45.45,45.45,45.385,45.42,611.0
2019-03-20 15:06:00,45.34,45.34,45.34,45.34,719.0
2019-03-20 15:07:00,45.44,45.44,45.44,45.44,362.0
2019-03-20 15:08:00,45.41,45.41,45.41,45.41,428.0
2019-03-20 15:11:00,45.4,45.4,45.33,45.33,872.0
2019-03-20 15:13:00,45.27,45.27,45.27,45.27,295.0
2019-03-20 15:14:00,45.32,45.32,45.32,45.32,395.0
2019-03-20 15:15:00,45.34,45.34,45.34,45.34,105.0
2019-03-20 15:16:00,45.355,45.355,45.355,45.355,305.0
2019-03-20 15:17:00,45.31,45.36,45.31,45.36,382.0
2019-03-20 15:18:00,45.34,45.34,45.34,45.34,482.0
2019-03-20 15:20:00,45.34,45.34,45.34,45.34,327.0
2019-03-20 15:22:00,45.26,45.26,45.26,45.26,200.0
2019-03-20 15:23:00,45.22,45.22,45.22,45.22,700.0
2019-03-20 15:24:00,45.21,45.21,45.21,45.21,411.0
2019-03-20 15:26:00,45.22,45.22,45.22,45.22,226.0
2019-03-20 15:30:00,45.16,45.16,45.12,45.12,550.0
2019-03-20 15:32:00,45.1,45.1,45.1,45.1,709.0
2019-03-20 15:33:00,45.03,45.03,45.03,45.03,479.0
2019-03-20 15:34:00,44.88,44.88,44.88,44.88,655.0
2019-03-20 15:35:00,44.82,44.82,44.82,44.82,867.0
2019-03-20 15:36:00,44.84,44.84,44.84,44.84,707.0
2019-03-20 15:39:00,44.84,44.84,44.84,44.84,101.0
2019-03-20 15:40:00,44.81,44.81,44.81,44.81,565.0
2019-03-20 15:41:00,44.72,44.72,44.72,44.72,942.0
2019-03-20 15:42:00,44.7,44.7,44.7,44.7,880.0
2019-03-20 15:43:00,44.64,44.64,44.64,44.64,1373.0
2019-03-20 15:44:00,44.6757,44.6757,44.6757,44.6757,881.0
2019-03-20 15:45:00,44.75,44.75,44.73,44.73,200.0
2019-03-20 15:46:00,44.72,44.72,44.72,44.72,1043.0
2019-03-20 15:48:00,44.74,44.74,44.74,44.74,1235.0
2019-03-20 15:49:00,44.69,44.71,44.69,44.71,511.0
2019-03-20 15:50:00,44.69,44.69,44.69,44.69,612.0
2019-03-20 15:51:00,44.65,44.65,44.65,44.65,453.0
2019-03-20 15:52:00,44.67,44.67,44.67,44.67,2028.0
2019-03-20 15:53:00,44.7,44.7,44.7,44.7,815.0
2019-03-20 15:54:00,44.63,44.65,44.62,44.65,545.0
2019-03-20 15:55:00,44.65,44.65,44.62,44.62,1182.0
2019-03-20 15:56:00,44.6,44.6,44.6,44.6,1061.0
2019-03-20 15:57:00,44.61,44.61,44.61,44.61,652.0
2019-03-20 15:58:00,44.62,44.62,44.62,44.62,693.0
2019-03-20 15:59:00,44.58,44.59,44.58,44.59,2528.0
2019-03-20 16:00:00,44.58,44.59,44.58,44.59,3547.0
2019-03-21 09:31:00,44.27,44.27,44.27,44.27,414.0
2019-03-21 09:52:00,45.52,45.52,45.52,45.52,110.0
2019-03-21 10:01:00,44.96,44.96,44.96,44.96,225.0
2019-03-21 10:02:00,44.88,44.89,44.88,44.89,966.0
2019-03-21 10:04:00,44.65,44.65,44.65,44.65,565.0
2019-03-21 10:06:00,44.62,44.62,44.62,44.62,100.0
2019-03-21 10:08:00,44.94,44.94,44.94,44.94,600.0
2019-03-21 10:12:00,44.78,44.78,44.78,44.78,123.0
2019-03-21 10:15:00,44.75,44.75,44.73,44.73,210.0
2019-03-21 10:16:00,44.67,44.67,44.67,44.67,310.0
2019-03-21 10:21:00,44.774,44.774,44.71,44.71,300.0
2019-03-21 10:23:00,44.815,44.815,44.815,44.815,435.0
2019-03-21 10:26:00,44.95,44.95,44.95,44.95,224.0
2019-03-21 10:32:00,44.86,44.86,44.86,44.86,598.0
2019-03-21 10:35:00,44.91,44.91,44.85,44.85,226.0
2019-03-21 10:36:00,44.88,44.88,44.88,44.88,332.0
2019-03-21 10:38:00,44.89,44.89,44.89,44.89,658.0
2019-03-21 10:42:00,44.8573,44.8573,44.8573,44.8573,106.0
2019-03-21 10:49:00,44.77,44.77,44.77,44.77,401.0
2019-03-21 10:55:00,44.83,44.83,44.83,44.83,302.0
2019-03-21 10:56:00,44.82,44.82,44.82,44.82,100.0
2019-03-21 10:59:00,44.89,44.89,44.85,44.85,704.0
2019-03-21 11:01:00,44.98,44.98,44.98,44.98,102.0
2019-03-21 11:02:00,45.07,45.07,45.07,45.07,202.0
2019-03-21 11:04:00,45.12,45.12,45.12,45.12,412.0
2019-03-21 11:05:00,45.26,45.26,45.25,45.25,4653.0
2019-03-21 11:10:00,45.06,45.06,45.055,45.055,424.0
2019-03-21 11:11:00,45.12,45.12,45.12,45.12,545.0
2019-03-21 11:21:00,45.04,45.04,45.04,45.04,100.0
2019-03-21 11:22:00,45.03,45.03,45.03,45.03,831.0
2019-03-21 11:24:00,45.06,45.06,45.03,45.03,504.0
2019-03-21 11:25:00,45.095,45.095,45.095,45.095,791.0
2019-03-21 11:26:00,45.27,45.27,45.27,45.27,100.0
2019-03-21 11:27:00,45.29,45.29,45.29,45.29,301.0
2019-03-21 11:29:00,45.23,45.23,45.23,45.23,299.0
2019-03-21 11:30:00,45.2,45.2,45.2,45.2,438.0
2019-03-21 11:31:00,45.17,45.17,45.17,45.17,300.0
2019-03-21 11:33:00,45.23,45.23,45.23,45.23,100.0
2019-03-21 11:38:00,45.29,45.29,45.29,45.29,269.0
2019-03-21 11:40:00,45.29,45.29,45.29,45.29,664.0
2019-03-21 11:47:00,45.36,45.36,45.36,45.36,220.0
2019-03-21 11:55:00,45.39,45.39,45.39,45.39,100.0
2019-03-21 11:56:00,45.35,45.35,45.35,45.35,205.0
2019-03-21 11:57:00,45.4,45.4,45.4,45.4,234.0
2019-03-21 12:01:00,45.35,45.35,45.35,45.35,100.0
2019-03-21 12:03:00,45.38,45.38,45.31,45.31,925.0
2019-03-21 12:06:00,45.19,45.19,45.19,45.19,491.0
2019-03-21 12:11:00,45.12,45.12,45.12,45.12,347.0
2019-03-21 12:13:00,45.11,45.11,45.11,45.11,201.0
2019-03-21 12:17:00,45.04,45.04,45.04,45.04,100.0
2019-03-21 12:18:00,44.94,44.94,44.94,44.94,163.0
2019-03-21 12:24:00,45.0,45.0,45.0,45.0,552.0
2019-03-21 12:30:00,45.0,45.0,45.0,45.0,247.0
2019-03-21 12:32:00,44.93,44.93,44.93,44.93,698.0
2019-03-21 12:36:00,44.89,44.89,44.89,44.89,355.0
2019-03-21 12:40:00,44.855,44.855,44.855,44.855,203.0
2019-03-21 12:44:00,44.89,44.95,44.89,44.95,701.0
2019-03-21 12:47:00,44.825,44.825,44.825,44.825,1280.0
2019-03-21 12:54:00,44.73,44.73,44.73,44.73,1213.0
2019-03-21 12:56:00,44.745,44.76,44.745,44.76,669.0
2019-03-21 13:07:00,44.78,44.78,44.78,44.78,400.0
2019-03-21 13:11:00,44.85,44.85,44.85,44.85,227.0
2019-03-21 13:15:00,44.81,44.81,44.81,44.81,131.0
2019-03-21 13:19:00,44.8,44.8,44.8,44.8,100.0
2019-03-21 13:20:00,44.78,44.78,44.78,44.78,323.0
2019-03-21 13:23:00,44.82,44.82,44.82,44.82,500.0
2019-03-21 13:27:00,44.83,44.83,44.83,44.83,203.0
2019-03-21 13:38:00,44.75,44.75,44.73,44.73,711.0
2019-03-21 13:43:00,44.7856,44.7856,44.7856,44.7856,250.0
2019-03-21 13:44:00,44.72,44.75,44.72,44.75,503.0
2019-03-21 13:47:00,44.64,44.64,44.64,44.64,1201.0
2019-03-21 13:48:00,44.64,44.64,44.64,44.64,200.0
2019-03-21 13:49:00,44.725,44.725,44.725,44.725,301.0
2019-03-21 13:50:00,44.76,44.76,44.76,44.76,280.0
2019-03-21 13:57:00,44.76,44.76,44.76,44.76,811.0
2019-03-21 14:01:00,44.685,44.685,44.685,44.685,305.0
2019-03-21 14:05:00,44.79,44.79,44.79,44.79,360.0
2019-03-21 14:07:00,44.72,44.72,44.72,44.72,105.0
2019-03-21 14:10:00,44.82,44.82,44.82,44.82,136.0
2019-03-21 14:14:00,44.8,44.8,44.8,44.8,340.0
2019-03-21 14:17:00,44.71,44.71,44.71,44.71,301.0
2019-03-21 14:18:00,44.78,44.78,44.78,44.78,110.0
2019-03-21 14:22:00,44.66,44.66,44.66,44.66,302.0
2019-03-21 14:24:00,44.68,44.68,44.68,44.68,204.0
2019-03-21 14:29:00,44.73,44.73,44.73,44.73,408.0
2019-03-21 14:34:00,44.67,44.675,44.67,44.675,541.0
2019-03-21 14:38:00,44.63,44.63,44.63,44.63,1295.0
2019-03-21 14:42:00,44.64,44.64,44.64,44.64,1394.0
2019-03-21 14:48:00,44.59,44.59,44.59,44.59,100.0
2019-03-21 14:49:00,44.59,44.59,44.59,44.59,502.0
2019-03-21 14:51:00,44.5701,44.5701,44.5701,44.5701,149.0
2019-03-21 14:52:00,44.57,44.57,44.57,44.57,315.0
2019-03-21 14:55:00,44.49,44.49,44.49,44.49,229.0
2019-03-21 14:56:00,44.58,44.58,44.58,44.58,1132.0
2019-03-21 14:57:00,44.53,44.53,44.53,44.53,100.0
2019-03-21 15:00:00,44.41,44.41,44.41,44.41,331.0
2019-03-21 15:02:00,44.43,44.43,44.34,44.34,1690.0
2019-03-21 15:06:00,44.5,44.5,44.5,44.5,259.0
2019-03-21 15:09:00,44.46,44.46,44.46,44.46,151.0
2019-03-21 15:12:00,44.41,44.41,44.285,44.285,5121.0
2019-03-21 15:13:00,44.355,44.355,44.355,44.355,461.0
2019-03-21 15:14:00,44.33,44.33,44.33,44.33,3955.0
2019-03-21 15:16:00,44.28,44.28,44.28,44.28,100.0
2019-03-21 15:17:00,44.24,44.24,44.24,44.24,259.0
2019-03-21 15:18:00,44.22,44.22,44.22,44.22,1721.0
2019-03-21 15:20:00,44.195,44.195,44.195,44.195,570.0
2019-03-21 15:21:00,44.23,44.23,44.23,44.23,743.0
2019-03-21 15:23:00,44.2745,44.2745,44.2745,44.2745,651.0
2019-03-21 15:26:00,44.31,44.31,44.31,44.31,864.0
2019-03-21 15:27:00,44.37,44.37,44.37,44.37,1564.0
2019-03-21 15:32:00,44.21,44.21,44.21,44.21,882.0
2019-03-21 15:33:00,44.23,44.23,44.23,44.23,805.0
2019-03-21 15:34:00,44.26,44.26,44.26,44.26,427.0
2019-03-21 15:35:00,44.25,44.25,44.25,44.25,553.0
2019-03-21 15:37:00,44.21,44.21,44.21,44.21,407.0
2019-03-21 15:38:00,44.28,44.28,44.28,44.28,516.0
2019-03-21 15:39:00,44.25,44.25,44.25,44.25,931.0
2019-03-21 15:40:00,44.25,44.25,44.25,44.25,596.0
2019-03-21 15:41:00,44.22,44.27,44.22,44.27,585.0
2019-03-21 15:43:00,44.33,44.33,44.33,44.33,507.0
2019-03-21 15:44:00,44.34,44.34,44.34,44.34,479.0
2019-03-21 15:45:00,44.39,44.39,44.39,44.39,1132.0
2019-03-21 15:46:00,44.35,44.35,44.35,44.35,1399.0
2019-03-21 15:47:00,44.3,44.3,44.3,44.3,808.0
2019-03-21 15:48:00,44.27,44.27,44.27,44.27,532.0
2019-03-21 15:49:00,44.25,44.25,44.25,44.25,634.0
2019-03-21 15:50:00,44.25,44.25,44.25,44.25,421.0
2019-03-21 15:51:00,44.3,44.3,44.3,44.3,648.0
2019-03-21 15:52:00,44.28,44.28,44.28,44.28,811.0
2019-03-21 15:53:00,44.24,44.24,44.23,44.23,1453.0
2019-03-21 15:54:00,44.24,44.24,44.24,44.24,822.0
2019-03-21 15:55:00,44.235,44.235,44.21,44.21,1991.0
2019-03-21 15:56:00,44.26,44.26,44.26,44.26,904.0
2019-03-21 15:57:00,44.26,44.26,44.26,44.26,757.0
2019-03-21 15:58:00,44.33,44.33,44.33,44.33,1140.0
2019-03-21 15:59:00,44.34,44.34,44.32,44.32,1720.0
2019-03-21 16:00:00,44.31,44.31,44.31,44.31,1827.0
2019-03-22 09:31:00,43.94,43.94,43.94,43.94,832.0
2019-03-22 09:32:00,43.96,43.96,43.96,43.96,1332.0
2019-03-22 09:33:00,43.92,43.92,43.92,43.92,227.0
2019-03-22 09:34:00,43.965,43.965,43.965,43.965,190.0
2019-03-22 09:38:00,44.01,44.01,44.01,44.01,240.0
2019-03-22 09:46:00,43.795,43.795,43.795,43.795,162.0
2019-03-22 09:47:00,43.54,43.54,43.54,43.54,137.0
2019-03-22 09:48:00,43.36,43.36,43.36,43.36,100.0
2019-03-22 09:49:00,43.355,43.355,43.3525,43.3525,822.0
2019-03-22 09:51:00,43.215,43.215,43.215,43.215,100.0
2019-03-22 09:52:00,43.255,43.255,43.255,43.255,634.0
2019-03-22 09:54:00,43.11,43.11,43.11,43.11,600.0
2019-03-22 09:55:00,43.16,43.16,43.16,43.16,100.0
2019-03-22 09:56:00,43.2,43.2,43.2,43.2,190.0
2019-03-22 09:57:00,43.22,43.22,43.22,43.22,547.0
2019-03-22 09:58:00,43.12,43.12,43.12,43.12,300.0
2019-03-22 09:59:00,43.1,43.1,43.1,43.1,162.0
2019-03-22 10:00:00,43.03,43.03,43.02,43.02,210.0
2019-03-22 10:01:00,42.995,42.995,42.995,42.995,472.0
2019-03-22 10:02:00,42.985,42.985,42.985,42.985,848.0
2019-03-22 10:04:00,42.74,42.74,42.74,42.74,711.0
2019-03-22 10:05:00,42.695,42.695,42.65,42.65,362.0
2019-03-22 10:06:00,42.65,42.78,42.65,42.78,1825.0
2019-03-22 10:08:00,42.96,42.96,42.96,42.96,200.0
2019-03-22 10:09:00,42.95,42.95,42.95,42.95,675.0
2019-03-22 10:11:00,43.0,43.0,43.0,43.0,300.0
2019-03-22 10:13:00,43.035,43.0585,43.035,43.0585,934.0
2019-03-22 10:14:00,43.065,43.065,43.065,43.065,100.0
2019-03-22 10:16:00,43.05,43.05,43.04,43.04,366.0
2019-03-22 10:17:00,42.995,42.995,42.995,42.995,466.0
2019-03-22 10:18:00,43.09,43.12,43.09,43.12,900.0
2019-03-22 10:21:00,43.13,43.13,43.13,43.13,218.0
2019-03-22 10:23:00,43.03,43.03,43.03,43.03,304.0
2019-03-22 10:25:00,42.93,42.93,42.93,42.93,275.0
2019-03-22 10:28:00,42.87,42.92,42.87,42.92,590.0
2019-03-22 10:29:00,42.98,42.98,42.98,42.98,690.0
2019-03-22 10:30:00,42.82,42.82,42.82,42.82,499.0
2019-03-22 10:31:00,42.825,42.825,42.825,42.825,365.0
2019-03-22 10:33:00,42.84,42.84,42.84,42.84,350.0
2019-03-22 10:36:00,43.01,43.01,43.01,43.01,320.0
2019-03-22 10:37:00,43.07,43.07,43.07,43.07,631.0
2019-03-22 10:38:00,43.19,43.19,43.19,43.19,218.0
2019-03-22 10:40:00,43.03,43.03,43.03,43.03,1246.0
2019-03-22 10:42:00,43.0799,43.0799,43.0799,43.0799,384.0
2019-03-22 10:45:00,43.02,43.02,43.02,43.02,662.0
2019-03-22 10:47:00,43.005,43.005,43.005,43.005,310.0
2019-03-22 10:50:00,42.91,42.91,42.91,42.91,200.0
2019-03-22 10:51:00,42.905,42.905,42.905,42.905,900.0
2019-03-22 10:53:00,42.91,42.91,42.91,42.91,200.0
2019-03-22 10:54:00,42.94,42.94,42.94,42.94,661.0
2019-03-22 10:55:00,42.98,42.98,42.98,42.98,1000.0
2019-03-22 10:56:00,43.02,43.02,43.02,43.02,738.0
2019-03-22 10:57:00,42.89,42.89,42.89,42.89,6200.0
2019-03-22 10:58:00,42.81,42.81,42.81,42.81,600.0
2019-03-22 10:59:00,42.76,42.76,42.75,42.75,210.0
2019-03-22 11:01:00,42.6167,42.6167,42.6167,42.6167,310.0
2019-03-22 11:02:00,42.59,42.59,42.59,42.59,100.0
2019-03-22 11:03:00,42.57,42.57,42.545,42.545,447.0
2019-03-22 11:04:00,42.59,42.63,42.59,42.63,1921.0
2019-03-22 11:10:00,42.64,42.64,42.64,42.64,101.0
2019-03-22 11:12:00,42.58,42.58,42.58,42.58,313.0
2019-03-22 11:14:00,42.57,42.57,42.57,42.57,730.0
2019-03-22 11:15:00,42.62,42.62,42.62,42.62,323.0
2019-03-22 11:16:00,42.54,42.54,42.54,42.54,100.0
2019-03-22 11:17:00,42.48,42.48,42.48,42.48,317.0
2019-03-22 11:19:00,42.52,42.52,42.52,42.52,599.0
2019-03-22 11:20:00,42.55,42.55,42.55,42.55,361.0
2019-03-22 11:22:00,42.51,42.51,42.51,42.51,865.0
2019-03-22 11:23:00,42.37,42.37,42.37,42.37,2350.0
2019-03-22 11:24:00,42.53,42.53,42.53,42.53,763.0
2019-03-22 11:29:00,42.28,42.28,42.28,42.28,200.0
2019-03-22 11:31:00,42.29,42.29,42.29,42.29,500.0
2019-03-22 11:32:00,42.34,42.34,42.34,42.34,506.0
2019-03-22 11:38:00,42.19,42.19,42.17,42.17,556.0
2019-03-22 11:42:00,42.165,42.165,42.165,42.165,132.0
2019-03-22 11:44:00,42.155,42.155,42.11,42.11,300.0
2019-03-22 11:45:00,42.05,42.05,42.05,42.05,1331.0
2019-03-22 11:46:00,42.1,42.1,42.1,42.1,100.0
2019-03-22 11:48:00,42.13,42.13,42.13,42.13,510.0
2019-03-22 11:49:00,42.08,42.08,42.08,42.08,600.0
2019-03-22 11:53:00,42.025,42.025,42.025,42.025,100.0
2019-03-22 11:55:00,42.0,42.0,42.0,42.0,203.0
2019-03-22 11:58:00,41.92,41.92,41.92,41.92,1510.0
2019-03-22 11:59:00,41.9,41.9,41.9,41.9,330.0
2019-03-22 12:00:00,41.94,41.96,41.94,41.96,1285.0
2019-03-22 12:01:00,42.03,42.03,42.03,42.03,375.0
2019-03-22 12:03:00,42.12,42.12,42.12,42.12,100.0
2019-03-22 12:05:00,42.06,42.06,42.06,42.06,300.0
2019-03-22 12:06:00,42.04,42.04,42.04,42.04,617.0
2019-03-22 12:08:00,41.97,41.97,41.95,41.95,747.0
2019-03-22 12:09:00,41.88,41.88,41.88,41.88,100.0
2019-03-22 12:10:00,41.89,41.89,41.89,41.89,262.0
2019-03-22 12:11:00,41.94,41.94,41.94,41.94,580.0
2019-03-22 12:13:00,41.89,41.89,41.89,41.89,380.0
2019-03-22 12:16:00,41.92,41.92,41.92,41.92,703.0
2019-03-22 12:19:00,41.98,41.98,41.98,41.98,227.0
2019-03-22 12:20:00,41.95,41.95,41.95,41.95,527.0
2019-03-22 12:21:00,41.85,41.85,41.85,41.85,422.0
2019-03-22 12:22:00,41.84,41.84,41.84,41.84,1141.0
2019-03-22 12:23:00,41.92,41.92,41.92,41.92,392.0
2019-03-22 12:25:00,41.83,41.83,41.83,41.83,110.0
2019-03-22 12:26:00,41.77,41.77,41.77,41.77,437.0
2019-03-22 12:28:00,41.75,41.75,41.7,41.7,230.0
2019-03-22 12:31:00,41.65,41.65,41.65,41.65,300.0
2019-03-22 12:32:00,41.66,41.66,41.66,41.66,641.0
2019-03-22 12:34:00,41.65,41.65,41.65,41.65,264.0
2019-03-22 12:38:00,41.62,41.62,41.62,41.62,277.0
2019-03-22 12:40:00,41.68,41.68,41.68,41.68,707.0
2019-03-22 12:43:00,41.64,41.64,41.64,41.64,816.0
2019-03-22 12:48:00,41.66,41.66,41.66,41.66,116.0
2019-03-22 12:50:00,41.57,41.57,41.57,41.57,416.0
2019-03-22 12:51:00,41.6125,41.6125,41.6125,41.6125,516.0
2019-03-22 12:52:00,41.65,41.65,41.65,41.65,445.0
2019-03-22 12:53:00,41.67,41.67,41.67,41.67,294.0
2019-03-22 12:54:00,41.68,41.68,41.68,41.68,301.0
2019-03-22 12:56:00,41.69,41.69,41.68,41.68,516.0
2019-03-22 12:58:00,41.73,41.73,41.73,41.73,235.0
2019-03-22 12:59:00,41.75,41.75,41.75,41.75,408.0
2019-03-22 13:00:00,41.74,41.74,41.74,41.74,1007.0
2019-03-22 13:02:00,41.77,41.77,41.77,41.77,204.0
2019-03-22 13:03:00,41.8,41.8,41.8,41.8,461.0
2019-03-22 13:05:00,41.78,41.78,41.78,41.78,102.0
2019-03-22 13:06:00,41.79,41.79,41.79,41.79,594.0
2019-03-22 13:09:00,41.81,41.81,41.81,41.81,390.0
2019-03-22 13:10:00,41.83,41.83,41.83,41.83,491.0
2019-03-22 13:11:00,41.81,41.81,41.76,41.77,672.0
2019-03-22 13:12:00,41.77,41.77,41.77,41.77,1565.0
2019-03-22 13:16:00,41.8101,41.8101,41.8101,41.8101,2369.0
2019-03-22 13:19:00,41.89,41.89,41.89,41.89,167.0
2019-03-22 13:20:00,41.8,41.8,41.8,41.8,367.0
2019-03-22 13:21:00,41.75,41.75,41.75,41.75,229.0
2019-03-22 13:24:00,41.74,41.74,41.74,41.74,232.0
2019-03-22 13:25:00,41.76,41.76,41.76,41.76,263.0
2019-03-22 13:28:00,41.8,41.8,41.8,41.8,480.0
2019-03-22 13:31:00,41.82,41.82,41.82,41.82,614.0
2019-03-22 13:40:00,41.74,41.74,41.74,41.74,134.0
2019-03-22 13:41:00,41.8,41.8,41.8,41.8,411.0
2019-03-22 13:46:00,41.82,41.82,41.82,41.82,431.0
2019-03-22 13:50:00,41.81,41.81,41.81,41.81,100.0
2019-03-22 13:51:00,41.75,41.75,41.75,41.75,588.0
2019-03-22 13:57:00,41.7,41.7,41.68,41.68,210.0
2019-03-22 13:59:00,41.67,41.67,41.67,41.67,100.0
2019-03-22 14:02:00,41.69,41.69,41.69,41.69,841.0
2019-03-22 14:07:00,41.89,41.89,41.89,41.89,235.0
2019-03-22 14:08:00,41.99,41.99,41.99,41.99,415.0
2019-03-22 14:09:00,42.0,42.0,41.97,41.97,1659.0
2019-03-22 14:10:00,42.04,42.05,42.04,42.05,444.0
2019-03-22 14:12:00,42.05,42.05,42.05,42.05,590.0
2019-03-22 14:14:00,42.0,42.03,42.0,42.03,753.0
2019-03-22 14:16:00,42.1,42.1,42.1,42.1,468.0
2019-03-22 14:17:00,42.11,42.11,42.11,42.11,119.0
2019-03-22 14:18:00,42.13,42.13,42.13,42.13,467.0
2019-03-22 14:20:00,42.12,42.12,42.06,42.06,200.0
2019-03-22 14:22:00,42.06,42.09,42.06,42.09,1540.0
2019-03-22 14:23:00,42.174,42.174,42.174,42.174,666.0
2019-03-22 14:25:00,42.22,42.22,42.22,42.22,211.0
2019-03-22 14:26:00,42.24,42.24,42.21,42.21,742.0
2019-03-22 14:27:00,42.12,42.12,42.12,42.12,262.0
2019-03-22 14:31:00,42.1,42.1,42.1,42.1,209.0
2019-03-22 14:33:00,42.1,42.1,42.1,42.1,510.0
2019-03-22 14:34:00,42.05,42.05,42.05,42.05,610.0
2019-03-22 14:35:00,42.05,42.05,42.05,42.05,660.0
2019-03-22 14:36:00,42.0,42.0,42.0,42.0,150.0
2019-03-22 14:37:00,42.09,42.09,42.09,42.09,712.0
2019-03-22 14:39:00,42.085,42.085,42.085,42.085,155.0
2019-03-22 14:40:00,42.06,42.06,42.05,42.05,322.0
2019-03-22 14:41:00,42.09,42.09,42.09,42.09,522.0
2019-03-22 14:42:00,42.09,42.09,42.09,42.09,800.0
2019-03-22 14:43:00,42.11,42.11,42.11,42.11,106.0
2019-03-22 14:44:00,42.13,42.13,42.13,42.13,319.0
2019-03-22 14:47:00,42.13,42.15,42.13,42.15,247.0
2019-03-22 14:48:00,42.12,42.12,42.12,42.12,399.0
2019-03-22 14:51:00,42.16,42.16,42.16,42.16,100.0
2019-03-22 14:52:00,42.22,42.22,42.22,42.22,555.0
2019-03-22 14:53:00,42.25,42.25,42.25,42.25,527.0
2019-03-22 14:56:00,42.28,42.28,42.28,42.28,223.0
2019-03-22 14:57:00,42.29,42.29,42.29,42.29,717.0
2019-03-22 14:58:00,42.32,42.34,42.32,42.34,1376.0
2019-03-22 15:01:00,42.37,42.37,42.37,42.37,502.0
2019-03-22 15:05:00,42.28,42.28,42.28,42.28,105.0
2019-03-22 15:06:00,42.26,42.26,42.26,42.26,329.0
2019-03-22 15:11:00,42.23,42.23,42.23,42.23,300.0
2019-03-22 15:12:00,42.2,42.2,42.2,42.2,300.0
2019-03-22 15:13:00,42.2,42.2,42.2,42.2,910.0
2019-03-22 15:14:00,42.15,42.18,42.15,42.18,611.0
2019-03-22 15:15:00,42.15,42.15,42.15,42.15,711.0
2019-03-22 15:16:00,42.15,42.15,42.15,42.15,1076.0
2019-03-22 15:17:00,42.2,42.2,42.2,42.2,358.0
2019-03-22 15:19:00,42.2,42.2,42.2,42.2,100.0
2019-03-22 15:20:00,42.2,42.21,42.2,42.21,915.0
2019-03-22 15:23:00,42.2,42.2,42.2,42.2,198.0
2019-03-22 15:25:00,42.22,42.22,42.22,42.22,785.0
2019-03-22 15:27:00,42.21,42.21,42.21,42.21,100.0
2019-03-22 15:28:00,42.17,42.17,42.17,42.17,288.0
2019-03-22 15:30:00,42.15,42.15,42.15,42.15,557.0
2019-03-22 15:33:00,42.14,42.16,42.14,42.16,1121.0
2019-03-22 15:34:00,42.18,42.18,42.18,42.18,252.0
2019-03-22 15:35:00,42.14,42.15,42.14,42.15,3870.0
2019-03-22 15:36:00,42.17,42.17,42.17,42.17,1232.0
2019-03-22 15:37:00,42.16,42.16,42.16,42.16,1027.0
2019-03-22 15:38:00,42.21,42.21,42.21,42.21,258.0
2019-03-22 15:39:00,42.22,42.22,42.22,42.22,1073.0
2019-03-22 15:41:00,42.17,42.17,42.17,42.17,605.0
2019-03-22 15:42:00,42.17,42.17,42.17,42.17,390.0
2019-03-22 15:43:00,42.17,42.17,42.17,42.17,559.0
2019-03-22 15:44:00,42.15,42.16,42.15,42.16,803.0
2019-03-22 15:45:00,42.17,42.17,42.17,42.17,1268.0
2019-03-22 15:46:00,42.16,42.16,42.16,42.16,1120.0
2019-03-22 15:47:00,42.25,42.25,42.25,42.25,555.0
2019-03-22 15:48:00,42.27,42.27,42.27,42.27,462.0
2019-03-22 15:49:00,42.21,42.21,42.21,42.21,637.0
2019-03-22 15:50:00,42.1999,42.1999,42.1999,42.1999,166.0
2019-03-22 15:51:00,42.15,42.18,42.15,42.18,1888.0
2019-03-22 15:52:00,42.16,42.16,42.15,42.15,2191.0
2019-03-22 15:53:00,42.17,42.17,42.17,42.17,548.0
2019-03-22 15:54:00,42.16,42.16,42.15,42.15,3216.0
2019-03-22 15:55:00,42.15,42.15,42.1,42.1,3902.0
2019-03-22 15:56:00,42.1,42.1,42.1,42.1,2101.0
2019-03-22 15:57:00,42.06,42.06,42.06,42.06,437.0
2019-03-22 15:58:00,42.04,42.04,42.04,42.04,916.0
2019-03-22 15:59:00,42.04,42.04,41.99,42.02,3367.0
2019-03-22 16:00:00,42.02,42.02,42.02,42.02,3253.0
2019-03-25 09:31:00,42.04,42.04,42.04,42.04,492.0
2019-03-25 09:36:00,42.32,42.32,42.32,42.32,105.0
2019-03-25 09:37:00,42.04,42.04,42.04,42.04,525.0
2019-03-25 09:45:00,42.32,42.32,42.32,42.32,133.0
2019-03-25 09:47:00,42.06,42.06,42.06,42.06,600.0
2019-03-25 09:49:00,42.0,42.0,42.0,42.0,737.0
2019-03-25 09:53:00,42.24,42.24,42.08,42.08,1372.0
2019-03-25 09:58:00,42.15,42.15,42.15,42.15,190.0
2019-03-25 10:00:00,42.0,42.0,42.0,42.0,236.0
2019-03-25 10:02:00,41.97,41.97,41.97,41.97,531.0
2019-03-25 10:10:00,41.89,41.89,41.88,41.88,900.0
2019-03-25 10:13:00,41.66,41.66,41.66,41.66,400.0
2019-03-25 10:16:00,41.81,41.81,41.81,41.81,788.0
2019-03-25 10:24:00,41.74,41.74,41.74,41.74,434.0
2019-03-25 10:30:00,41.92,41.92,41.92,41.92,217.0
2019-03-25 10:38:00,42.02,42.02,42.02,42.02,117.0
2019-03-25 10:40:00,42.02,42.02,42.02,42.02,348.0
2019-03-25 10:46:00,42.02,42.02,42.02,42.02,450.0
2019-03-25 10:50:00,41.98,42.0,41.98,42.0,714.0
2019-03-25 10:55:00,42.16,42.16,42.16,42.16,578.0
2019-03-25 10:59:00,42.15,42.15,42.15,42.15,272.0
2019-03-25 11:02:00,42.18,42.18,42.18,42.18,110.0
2019-03-25 11:04:00,42.19,42.19,42.19,42.19,273.0
2019-03-25 11:06:00,42.275,42.275,42.275,42.275,289.0
2019-03-25 11:08:00,42.38,42.38,42.38,42.38,386.0
2019-03-25 11:10:00,42.34,42.34,42.34,42.34,896.0
2019-03-25 11:13:00,42.38,42.38,42.38,42.38,525.0
2019-03-25 11:14:00,42.41,42.41,42.41,42.41,110.0
2019-03-25 11:15:00,42.46,42.46,42.46,42.46,321.0
2019-03-25 11:17:00,42.55,42.55,42.55,42.55,275.0
2019-03-25 11:20:00,42.5,42.5,42.5,42.5,518.0
2019-03-25 11:21:00,42.61,42.61,42.61,42.61,271.0
2019-03-25 11:25:00,42.62,42.62,42.62,42.62,212.0
2019-03-25 11:27:00,42.66,42.66,42.66,42.66,650.0
2019-03-25 11:29:00,42.79,42.79,42.79,42.79,450.0
2019-03-25 11:33:00,42.82,42.82,42.74,42.74,549.0
2019-03-25 11:38:00,42.6,42.6,42.6,42.6,572.0
2019-03-25 11:46:00,42.48,42.48,42.48,42.48,169.0
2019-03-25 11:49:00,42.48,42.48,42.48,42.48,350.0
2019-03-25 11:55:00,42.46,42.5,42.46,42.5,579.0
2019-03-25 11:58:00,42.5,42.5,42.5,42.5,224.0
2019-03-25 12:01:00,42.38,42.38,42.38,42.38,100.0
2019-03-25 12:02:00,42.43,42.43,42.43,42.43,128.0
2019-03-25 12:04:00,42.5,42.5,42.5,42.5,110.0
2019-03-25 12:05:00,42.51,42.51,42.51,42.51,353.0
2019-03-25 12:06:00,42.57,42.57,42.555,42.555,687.0
2019-03-25 12:08:00,42.42,42.42,42.42,42.42,371.0
2019-03-25 12:14:00,42.44,42.44,42.44,42.44,536.0
2019-03-25 12:22:00,42.37,42.37,42.37,42.37,232.0
2019-03-25 12:31:00,42.29,42.29,42.29,42.29,219.0
2019-03-25 12:35:00,42.24,42.24,42.24,42.24,248.0
2019-03-25 12:38:00,42.22,42.22,42.22,42.22,377.0
2019-03-25 12:43:00,42.18,42.18,42.18,42.18,129.0
2019-03-25 12:46:00,42.17,42.17,42.17,42.17,144.0
2019-03-25 12:48:00,42.2,42.2,42.2,42.2,207.0
2019-03-25 12:50:00,42.21,42.21,42.21,42.21,222.0
2019-03-25 12:52:00,42.29,42.31,42.29,42.31,674.0
2019-03-25 12:58:00,42.39,42.4,42.39,42.4,776.0
2019-03-25 13:01:00,42.53,42.53,42.53,42.53,682.0
2019-03-25 13:15:00,42.47,42.47,42.47,42.47,361.0
2019-03-25 13:19:00,42.42,42.42,42.42,42.42,208.0
2019-03-25 13:22:00,42.48,42.48,42.48,42.48,141.0
2019-03-25 13:23:00,42.49,42.49,42.49,42.49,555.0
2019-03-25 13:28:00,42.52,42.52,42.52,42.52,706.0
2019-03-25 13:34:00,42.55,42.55,42.55,42.55,171.0
2019-03-25 13:36:00,42.58,42.58,42.58,42.58,219.0
2019-03-25 13:37:00,42.62,42.62,42.62,42.62,269.0
2019-03-25 13:40:00,42.58,42.58,42.58,42.58,176.0
2019-03-25 13:42:00,42.54,42.6,42.54,42.6,2030.0
2019-03-25 13:46:00,42.5,42.5,42.5,42.5,647.0
2019-03-25 13:51:00,42.44,42.44,42.44,42.44,147.0
2019-03-25 13:56:00,42.34,42.34,42.34,42.34,825.0
2019-03-25 14:03:00,42.37,42.37,42.37,42.37,202.0
2019-03-25 14:04:00,42.3599,42.3599,42.3599,42.3599,231.0
2019-03-25 14:06:00,42.29,42.29,42.29,42.29,115.0
2019-03-25 14:10:00,42.28,42.28,42.28,42.28,438.0
2019-03-25 14:15:00,42.28,42.28,42.28,42.28,619.0
2019-03-25 14:18:00,42.28,42.28,42.28,42.28,508.0
2019-03-25 14:24:00,42.2,42.2,42.2,42.2,300.0
2019-03-25 14:26:00,42.19,42.19,42.18,42.18,724.0
2019-03-25 14:29:00,42.23,42.23,42.23,42.23,200.0
2019-03-25 14:30:00,42.25,42.25,42.25,42.25,612.0
2019-03-25 14:32:00,42.34,42.34,42.34,42.34,104.0
2019-03-25 14:34:00,42.42,42.42,42.42,42.42,121.0
2019-03-25 14:35:00,42.335,42.335,42.335,42.335,213.0
2019-03-25 14:42:00,42.39,42.39,42.39,42.39,598.0
2019-03-25 14:44:00,42.49,42.49,42.49,42.49,292.0
2019-03-25 14:45:00,42.52,42.52,42.49,42.49,915.0
2019-03-25 14:46:00,42.48,42.48,42.48,42.48,599.0
2019-03-25 14:48:00,42.46,42.46,42.46,42.46,400.0
2019-03-25 14:49:00,42.49,42.49,42.49,42.49,572.0
2019-03-25 14:55:00,42.52,42.52,42.52,42.52,241.0
2019-03-25 14:57:00,42.58,42.58,42.58,42.58,595.0
2019-03-25 14:59:00,42.59,42.59,42.59,42.59,345.0
2019-03-25 15:01:00,42.68,42.68,42.68,42.68,646.0
2019-03-25 15:07:00,42.64,42.64,42.64,42.64,801.0
2019-03-25 15:08:00,42.69,42.69,42.69,42.69,813.0
2019-03-25 15:11:00,42.69,42.69,42.69,42.69,211.0
2019-03-25 15:12:00,42.64,42.64,42.64,42.64,363.0
2019-03-25 15:13:00,42.74,42.74,42.74,42.74,440.0
2019-03-25 15:14:00,42.76,42.76,42.66,42.66,1946.0
2019-03-25 15:15:00,42.71,42.71,42.71,42.71,400.0
2019-03-25 15:17:00,42.72,42.72,42.72,42.72,223.0
2019-03-25 15:18:00,42.63,42.63,42.63,42.63,668.0
2019-03-25 15:22:00,42.67,42.67,42.67,42.67,562.0
2019-03-25 15:25:00,42.77,42.77,42.77,42.77,210.0
2019-03-25 15:27:00,42.78,42.78,42.78,42.78,569.0
2019-03-25 15:30:00,42.66,42.66,42.66,42.66,101.0
2019-03-25 15:31:00,42.67,42.67,42.67,42.67,1035.0
2019-03-25 15:33:00,42.61,42.62,42.61,42.62,797.0
2019-03-25 15:38:00,42.64,42.64,42.64,42.64,812.0
2019-03-25 15:41:00,42.615,42.615,42.615,42.615,423.0
2019-03-25 15:43:00,42.57,42.57,42.57,42.57,442.0
2019-03-25 15:44:00,42.59,42.59,42.59,42.59,1066.0
2019-03-25 15:45:00,42.59,42.59,42.59,42.59,147.0
2019-03-25 15:46:00,42.68,42.68,42.68,42.68,667.0
2019-03-25 15:47:00,42.64,42.64,42.64,42.64,309.0
2019-03-25 15:48:00,42.59,42.59,42.59,42.59,677.0
2019-03-25 15:49:00,42.55,42.55,42.52,42.52,641.0
2019-03-25 15:51:00,42.54,42.54,42.54,42.54,223.0
2019-03-25 15:53:00,42.55,42.55,42.55,42.55,749.0
2019-03-25 15:54:00,42.54,42.54,42.52,42.52,784.0
2019-03-25 15:56:00,42.55,42.55,42.525,42.525,969.0
2019-03-25 15:57:00,42.58,42.58,42.58,42.58,753.0
2019-03-25 15:58:00,42.6,42.6,42.6,42.6,524.0
2019-03-25 15:59:00,42.63,42.64,42.615,42.615,2776.0
2019-03-25 16:00:00,42.54,42.54,42.53,42.53,2497.0
2019-03-26 09:32:00,42.82,43.12,42.82,43.12,2174.0
2019-03-26 09:33:00,43.095,43.095,43.095,43.095,361.0
2019-03-26 09:38:00,43.4,43.4,43.4,43.4,264.0
2019-03-26 09:41:00,43.14,43.14,43.14,43.14,220.0
2019-03-26 09:43:00,43.02,43.02,43.02,43.02,1023.0
2019-03-26 09:45:00,43.03,43.03,43.03,43.03,120.0
2019-03-26 09:48:00,43.15,43.15,43.15,43.15,481.0
2019-03-26 09:54:00,42.85,42.85,42.85,42.85,514.0
2019-03-26 10:00:00,43.06,43.06,43.06,43.06,150.0
2019-03-26 10:07:00,43.16,43.16,43.16,43.16,301.0
2019-03-26 10:14:00,43.12,43.12,43.12,43.12,677.0
2019-03-26 10:27:00,43.14,43.14,43.14,43.14,899.0
2019-03-26 10:33:00,42.95,42.95,42.95,42.95,680.0
2019-03-26 10:36:00,43.005,43.005,43.005,43.005,100.0
2019-03-26 10:37:00,42.935,42.935,42.935,42.935,300.0
2019-03-26 10:39:00,42.85,42.85,42.85,42.85,200.0
2019-03-26 10:40:00,43.01,43.01,43.01,43.01,1052.0
2019-03-26 10:41:00,42.94,42.94,42.94,42.94,300.0
2019-03-26 10:43:00,42.99,42.99,42.99,42.99,100.0
2019-03-26 10:46:00,42.96,42.96,42.96,42.96,200.0
2019-03-26 10:50:00,43.05,43.05,43.05,43.05,1055.0
2019-03-26 10:51:00,43.08,43.08,43.08,43.08,946.0
2019-03-26 10:52:00,43.14,43.14,43.14,43.14,442.0
2019-03-26 10:53:00,43.16,43.16,43.16,43.16,405.0
2019-03-26 10:56:00,43.19,43.24,43.19,43.24,900.0
2019-03-26 10:59:00,43.185,43.185,43.185,43.185,248.0
2019-03-26 11:00:00,43.07,43.07,43.07,43.07,308.0
2019-03-26 11:02:00,43.13,43.13,43.13,43.13,222.0
2019-03-26 11:03:00,43.07,43.07,43.07,43.07,772.0
2019-03-26 11:07:00,43.0,43.0,43.0,43.0,100.0
2019-03-26 11:08:00,42.96,42.96,42.96,42.96,200.0
2019-03-26 11:11:00,42.88,42.88,42.88,42.88,302.0
2019-03-26 11:12:00,42.7,42.8,42.7,42.8,1055.0
2019-03-26 11:15:00,42.7,42.7,42.7,42.7,210.0
2019-03-26 11:16:00,42.75,42.75,42.75,42.75,526.0
2019-03-26 11:17:00,42.75,42.75,42.75,42.75,210.0
2019-03-26 11:18:00,42.93,42.93,42.87,42.87,1020.0
2019-03-26 11:21:00,42.85,42.85,42.84,42.84,231.0
2019-03-26 11:24:00,42.8,42.8,42.8,42.8,101.0
2019-03-26 11:25:00,42.72,42.72,42.72,42.72,110.0
2019-03-26 11:27:00,42.78,42.78,42.78,42.78,501.0
2019-03-26 11:29:00,42.79,42.79,42.79,42.79,301.0
2019-03-26 11:30:00,42.835,42.835,42.835,42.835,100.0
2019-03-26 11:32:00,42.76,42.76,42.76,42.76,530.0
2019-03-26 11:33:00,42.75,42.75,42.75,42.75,364.0
2019-03-26 11:34:00,42.72,42.72,42.72,42.72,210.0
2019-03-26 11:35:00,42.71,42.71,42.71,42.71,402.0
2019-03-26 11:37:00,42.74,42.74,42.74,42.74,354.0
2019-03-26 11:38:00,42.83,42.83,42.83,42.83,222.0
2019-03-26 11:42:00,42.81,42.85,42.81,42.85,1451.0
2019-03-26 11:43:00,42.86,42.86,42.86,42.86,108.0
2019-03-26 11:45:00,42.855,42.855,42.855,42.855,102.0
2019-03-26 11:55:00,42.87,42.87,42.87,42.87,395.0
2019-03-26 11:59:00,42.84,42.84,42.84,42.84,126.0
2019-03-26 12:02:00,42.88,42.88,42.88,42.88,575.0
2019-03-26 12:03:00,42.94,42.94,42.94,42.94,101.0
2019-03-26 12:05:00,42.91,42.91,42.91,42.91,258.0
2019-03-26 12:07:00,42.9,42.91,42.9,42.91,952.0
2019-03-26 12:10:00,42.79,42.79,42.79,42.79,221.0
2019-03-26 12:15:00,42.7414,42.7414,42.7414,42.7414,361.0
2019-03-26 12:17:00,42.75,42.75,42.75,42.75,101.0
2019-03-26 12:18:00,42.77,42.77,42.77,42.77,301.0
2019-03-26 12:20:00,42.85,42.85,42.85,42.85,206.0
2019-03-26 12:24:00,42.77,42.77,42.77,42.77,102.0
2019-03-26 12:26:00,42.73,42.73,42.73,42.73,109.0
2019-03-26 12:28:00,42.67,42.67,42.67,42.67,111.0
2019-03-26 12:31:00,42.75,42.75,42.75,42.75,278.0
2019-03-26 12:32:00,42.7,42.7,42.7,42.7,0.0
2019-03-26 12:35:00,42.715,42.715,42.715,42.715,302.0
2019-03-26 12:35:47,42.715,42.715,42.715,42.715,0.0
2019-03-26 12:42:00,42.73,42.75,42.73,42.75,634.0
2019-03-26 12:45:00,42.68,42.68,42.68,42.68,102.0
2019-03-26 12:47:00,42.675,42.675,42.675,42.675,964.0
2019-03-26 12:48:00,42.7,42.7,42.7,42.7,101.0
2019-03-26 12:52:00,42.7,42.7,42.7,42.7,743.0
2019-03-26 12:53:00,42.75,42.75,42.75,42.75,202.0
2019-03-26 12:54:00,42.71,42.71,42.71,42.71,300.0
2019-03-26 12:57:00,42.67,42.67,42.67,42.67,301.0
2019-03-26 12:59:00,42.58,42.58,42.58,42.58,277.0
2019-03-26 13:02:00,42.62,42.62,42.62,42.62,308.0
2019-03-26 13:11:00,42.66,42.66,42.62,42.62,906.0
2019-03-26 13:12:00,42.59,42.63,42.59,42.63,814.0
2019-03-26 13:14:00,42.7,42.7,42.7,42.7,201.0
2019-03-26 13:15:00,42.7,42.7,42.66,42.66,590.0
2019-03-26 13:21:00,42.76,42.76,42.76,42.76,330.0
2019-03-26 13:22:00,42.74,42.74,42.74,42.74,301.0
2019-03-26 13:24:00,42.725,42.725,42.725,42.725,571.0
2019-03-26 13:26:00,42.69,42.69,42.69,42.69,339.0
2019-03-26 13:30:00,42.63,42.63,42.63,42.63,871.0
2019-03-26 13:31:00,42.66,42.66,42.66,42.66,708.0
2019-03-26 13:34:00,42.59,42.59,42.59,42.59,731.0
2019-03-26 13:37:00,42.59,42.59,42.59,42.59,394.0
2019-03-26 13:38:00,42.5533,42.5533,42.5533,42.5533,1375.0
2019-03-26 13:39:00,42.57,42.57,42.57,42.57,240.0
2019-03-26 13:40:00,42.59,42.59,42.59,42.59,345.0
2019-03-26 13:42:00,42.62,42.62,42.62,42.62,196.0
2019-03-26 13:46:00,42.55,42.56,42.55,42.56,808.0
2019-03-26 13:48:00,42.62,42.62,42.62,42.62,116.0
2019-03-26 13:52:00,42.56,42.56,42.56,42.56,101.0
2019-03-26 13:54:00,42.59,42.59,42.59,42.59,201.0
2019-03-26 13:56:00,42.5,42.5,42.5,42.5,300.0
2019-03-26 13:57:00,42.5338,42.5338,42.5338,42.5338,306.0
2019-03-26 13:58:00,42.46,42.46,42.46,42.46,240.0
2019-03-26 13:59:00,42.45,42.45,42.4355,42.4355,0.0
2019-03-26 14:02:00,42.45,42.45,42.45,42.45,586.0
2019-03-26 14:08:00,42.445,42.445,42.445,42.445,1201.0
2019-03-26 14:10:00,42.43,42.46,42.43,42.46,310.0
2019-03-26 14:11:00,42.45,42.45,42.45,42.45,586.0
2019-03-26 14:13:00,42.455,42.455,42.455,42.455,547.0
2019-03-26 14:14:00,42.55,42.55,42.55,42.55,500.0
2019-03-26 14:17:00,42.56,42.56,42.56,42.56,244.0
2019-03-26 14:19:00,42.58,42.62,42.58,42.62,1229.0
2019-03-26 14:20:00,42.58,42.58,42.58,42.58,136.0
2019-03-26 14:21:00,42.59,42.59,42.59,42.59,297.0
2019-03-26 14:24:00,42.58,42.58,42.58,42.58,544.0
2019-03-26 14:25:00,42.59,42.59,42.59,42.59,275.0
2019-03-26 14:27:00,42.62,42.62,42.62,42.62,105.0
2019-03-26 14:29:00,42.59,42.61,42.59,42.61,1349.0
2019-03-26 14:31:00,42.665,42.665,42.665,42.665,1703.0
2019-03-26 14:33:00,42.63,42.63,42.63,42.63,472.0
2019-03-26 14:38:00,42.665,42.665,42.665,42.665,501.0
2019-03-26 14:39:00,42.7,42.7,42.7,42.7,416.0
2019-03-26 14:40:00,42.7,42.7,42.7,42.7,205.0
2019-03-26 14:41:00,42.7,42.7,42.7,42.7,301.0
2019-03-26 14:42:00,42.73,42.73,42.73,42.73,218.0
2019-03-26 14:44:00,42.72,42.72,42.72,42.72,404.0
2019-03-26 14:45:00,42.71,42.71,42.71,42.71,365.0
2019-03-26 14:46:00,42.67,42.67,42.67,42.67,600.0
2019-03-26 14:47:00,42.66,42.66,42.66,42.66,201.0
2019-03-26 14:48:00,42.72,42.72,42.72,42.72,400.0
2019-03-26 14:50:00,42.68,42.68,42.68,42.68,244.0
2019-03-26 14:51:00,42.68,42.68,42.68,42.68,201.0
2019-03-26 14:52:00,42.77,42.77,42.77,42.77,209.0
2019-03-26 14:53:00,42.74,42.74,42.74,42.74,300.0
2019-03-26 14:54:00,42.74,42.74,42.74,42.74,606.0
2019-03-26 14:55:00,42.78,42.78,42.78,42.78,552.0
2019-03-26 14:57:00,42.81,42.81,42.81,42.81,799.0
2019-03-26 14:58:00,42.88,42.88,42.88,42.88,511.0
2019-03-26 14:59:00,42.96,42.96,42.96,42.96,357.0
2019-03-26 15:00:00,42.89,42.89,42.89,42.89,600.0
2019-03-26 15:01:00,42.95,42.95,42.95,42.95,310.0
2019-03-26 15:02:00,42.92,42.92,42.92,42.92,301.0
2019-03-26 15:03:00,42.98,42.98,42.98,42.98,423.0
2019-03-26 15:05:00,42.92,42.92,42.92,42.92,197.0
2019-03-26 15:06:00,42.86,42.86,42.86,42.86,239.0
2019-03-26 15:08:00,42.86,42.86,42.86,42.86,133.0
2019-03-26 15:09:00,42.88,42.88,42.88,42.88,149.0
2019-03-26 15:10:00,42.94,42.94,42.94,42.94,306.0
2019-03-26 15:11:00,42.9,42.9,42.9,42.9,118.0
2019-03-26 15:15:00,42.86,42.86,42.83,42.83,508.0
2019-03-26 15:16:00,42.8,42.8,42.8,42.8,201.0
2019-03-26 15:17:00,42.82,42.82,42.82,42.82,421.0
2019-03-26 15:19:00,42.82,42.82,42.82,42.82,168.0
2019-03-26 15:22:00,42.8,42.82,42.8,42.82,1417.0
2019-03-26 15:26:00,42.805,42.805,42.77,42.77,1006.0
2019-03-26 15:28:00,42.83,42.83,42.83,42.83,552.0
2019-03-26 15:31:00,42.81,42.81,42.8,42.8,236.0
2019-03-26 15:33:00,42.82,42.82,42.82,42.82,147.0
2019-03-26 15:34:00,42.88,42.88,42.88,42.88,215.0
2019-03-26 15:36:00,42.97,42.97,42.97,42.97,512.0
2019-03-26 15:37:00,42.92,42.93,42.92,42.93,1234.0
2019-03-26 15:40:00,42.91,42.91,42.91,42.91,203.0
2019-03-26 15:41:00,42.86,42.86,42.86,42.86,466.0
2019-03-26 15:43:00,42.85,42.85,42.85,42.85,263.0
2019-03-26 15:45:00,42.88,42.88,42.88,42.88,614.0
2019-03-26 15:46:00,42.82,42.82,42.82,42.82,375.0
2019-03-26 15:47:00,42.87,42.87,42.87,42.87,422.0
2019-03-26 15:48:00,42.89,42.89,42.84,42.84,5106.0
2019-03-26 15:49:00,42.85,42.88,42.85,42.88,1961.0
2019-03-26 15:50:00,42.88,42.88,42.88,42.88,366.0
2019-03-26 15:51:00,42.88,42.88,42.88,42.88,318.0
2019-03-26 15:52:00,42.915,42.94,42.91,42.94,2920.0
2019-03-26 15:53:00,42.96,42.97,42.96,42.97,1368.0
2019-03-26 15:54:00,42.97,42.97,42.97,42.97,437.0
2019-03-26 15:55:00,42.935,42.935,42.935,42.935,477.0
2019-03-26 15:56:00,43.06,43.06,42.98,42.98,10113.0
2019-03-26 15:57:00,43.0,43.0,43.0,43.0,1297.0
2019-03-26 15:58:00,43.01,43.06,43.01,43.06,1206.0
2019-03-26 15:59:00,43.04,43.04,43.04,43.04,3232.0
2019-03-26 16:00:00,43.04,43.04,43.02,43.02,10807.0
2019-03-27 09:31:00,42.89,43.265,42.89,43.265,1229.0
2019-03-27 09:32:00,42.93,42.93,42.93,42.93,101.0
2019-03-27 09:33:00,43.045,43.045,43.045,43.045,100.0
2019-03-27 09:34:00,42.87,42.975,42.87,42.975,202.0
2019-03-27 09:36:00,42.965,42.965,42.965,42.965,208.0
2019-03-27 09:38:00,42.96,43.0567,42.96,43.0567,1466.0
2019-03-27 09:39:00,42.98,42.98,42.93,42.93,336.0
2019-03-27 09:40:00,42.79,42.79,42.79,42.79,187.0
2019-03-27 09:41:00,43.01,43.1,43.01,43.09,708.0
2019-03-27 09:42:00,42.97,43.1,42.97,43.1,669.0
2019-03-27 09:43:00,43.0,43.0,42.935,42.935,642.0
2019-03-27 09:44:00,42.93,42.93,42.93,42.93,201.0
2019-03-27 09:46:00,42.87,42.87,42.81,42.81,508.0
2019-03-27 09:49:00,42.78,42.78,42.78,42.78,216.0
2019-03-27 09:50:00,42.64,42.64,42.64,42.64,100.0
2019-03-27 09:51:00,42.62,42.64,42.53,42.59,1914.0
2019-03-27 09:54:00,42.55,42.55,42.48,42.48,423.0
2019-03-27 09:55:00,42.44,42.47,42.41,42.41,314.0
2019-03-27 09:56:00,42.4,42.4,42.4,42.4,191.0
2019-03-27 09:58:00,42.53,42.54,42.48,42.48,900.0
2019-03-27 09:59:00,42.47,42.47,42.47,42.47,100.0
2019-03-27 10:00:00,42.44,42.44,42.36,42.41,431.0
2019-03-27 10:01:00,42.36,42.36,42.27,42.27,372.0
2019-03-27 10:02:00,42.35,42.35,42.28,42.28,354.0
2019-03-27 10:03:00,42.26,42.26,42.25,42.25,578.0
2019-03-27 10:04:00,42.25,42.39,42.25,42.33,1192.0
2019-03-27 10:05:00,42.31,42.31,42.31,42.31,232.0
2019-03-27 10:06:00,42.23,42.24,42.22,42.24,475.0
2019-03-27 10:07:00,42.14,42.32,42.14,42.22,391.0
2019-03-27 10:08:00,42.2603,42.2603,42.12,42.12,1905.0
2019-03-27 10:09:00,42.13,42.13,42.06,42.06,454.0
2019-03-27 10:10:00,42.1,42.1,42.1,42.1,564.0
2019-03-27 10:11:00,42.25,42.25,42.24,42.25,748.0
2019-03-27 10:12:00,42.14,42.14,42.13,42.13,323.0
2019-03-27 10:13:00,42.195,42.25,42.08,42.08,5171.0
2019-03-27 10:18:00,42.33,42.34,42.32,42.335,1414.0
2019-03-27 10:22:00,42.36,42.36,42.36,42.36,153.0
2019-03-27 10:24:00,42.4029,42.4029,42.4029,42.4029,510.0
2019-03-27 10:25:00,42.39,42.39,42.39,42.39,220.0
2019-03-27 10:28:00,42.39,42.39,42.39,42.39,170.0
2019-03-27 10:30:00,42.39,42.4,42.39,42.4,640.0
2019-03-27 10:37:00,42.4,42.4,42.4,42.4,710.0
2019-03-27 10:38:00,42.37,42.37,42.37,42.37,111.0
2019-03-27 10:39:00,42.36,42.36,42.35,42.35,242.0
2019-03-27 10:44:00,42.3,42.3,42.3,42.3,192.0
2019-03-27 10:45:00,42.315,42.315,42.3,42.3,741.0
2019-03-27 10:46:00,42.315,42.315,42.29,42.31,929.0
2019-03-27 10:47:00,42.305,42.32,42.28,42.28,3469.0
2019-03-27 10:50:00,42.24,42.24,42.19,42.19,771.0
2019-03-27 10:53:00,42.19,42.19,42.19,42.19,1518.0
2019-03-27 10:55:00,42.18,42.18,42.18,42.18,265.0
2019-03-27 11:04:00,42.16,42.16,42.12,42.12,770.0
2019-03-27 11:05:00,42.13,42.13,42.13,42.13,128.0
2019-03-27 11:07:00,42.2,42.27,42.19,42.27,1222.0
2019-03-27 11:09:00,42.31,42.31,42.28,42.28,1134.0
2019-03-27 11:15:00,42.3175,42.3175,42.31,42.31,401.0
2019-03-27 11:16:00,42.26,42.26,42.26,42.26,249.0
2019-03-27 11:21:00,42.22,42.22,42.22,42.22,102.0
2019-03-27 11:22:00,42.25,42.25,42.25,42.25,473.0
2019-03-27 11:23:00,42.24,42.24,42.24,42.24,476.0
2019-03-27 11:29:00,42.225,42.225,42.225,42.225,515.0
2019-03-27 11:32:00,42.21,42.21,42.2,42.2,511.0
2019-03-27 11:33:00,42.25,42.25,42.24,42.24,610.0
2019-03-27 11:39:00,42.1,42.1,42.1,42.1,294.0
2019-03-27 11:43:00,42.17,42.17,42.17,42.17,124.0
2019-03-27 11:44:00,42.11,42.11,42.11,42.11,137.0
2019-03-27 11:48:00,42.01,42.01,42.005,42.005,656.0
2019-03-27 11:51:00,42.04,42.09,42.04,42.09,529.0
2019-03-27 11:52:00,42.03,42.03,42.03,42.03,252.0
2019-03-27 11:55:00,42.02,42.02,42.01,42.01,212.0
2019-03-27 11:59:00,42.08,42.08,42.07,42.07,343.0
2019-03-27 12:01:00,42.14,42.14,42.14,42.14,133.0
2019-03-27 12:08:00,42.25,42.25,42.25,42.25,310.0
2019-03-27 12:09:00,42.3,42.3,42.25,42.25,1035.0
2019-03-27 12:13:00,42.24,42.25,42.23,42.25,1803.0
2019-03-27 12:14:00,42.25,42.25,42.23,42.245,890.0
2019-03-27 12:20:00,42.21,42.23,42.21,42.23,522.0
2019-03-27 12:21:00,42.23,42.25,42.23,42.25,300.0
2019-03-27 12:22:00,42.32,42.32,42.32,42.32,407.0
2019-03-27 12:23:00,42.3,42.3,42.3,42.3,900.0
2019-03-27 12:24:00,42.29,42.29,42.28,42.28,327.0
2019-03-27 12:25:00,42.28,42.29,42.28,42.29,400.0
2019-03-27 12:27:00,42.29,42.35,42.29,42.35,1102.0
2019-03-27 12:28:00,42.31,42.31,42.31,42.31,512.0
2019-03-27 12:29:00,42.31,42.31,42.31,42.31,400.0
2019-03-27 12:30:00,42.355,42.355,42.32,42.32,201.0
2019-03-27 12:31:00,42.31,42.32,42.31,42.32,229.0
2019-03-27 12:32:00,42.31,42.31,42.31,42.31,336.0
2019-03-27 12:34:00,42.3,42.32,42.3,42.32,1930.0
2019-03-27 12:36:00,42.27,42.27,42.27,42.27,101.0
2019-03-27 12:38:00,42.26,42.26,42.26,42.26,100.0
2019-03-27 12:39:00,42.29,42.33,42.26,42.32,2209.0
2019-03-27 12:41:00,42.29,42.29,42.29,42.29,210.0
2019-03-27 12:45:00,42.35,42.4,42.33,42.33,717.0
2019-03-27 12:46:00,42.35,42.35,42.34,42.34,502.0
2019-03-27 12:50:00,42.36,42.36,42.36,42.36,101.0
2019-03-27 12:51:00,42.3,42.31,42.3,42.31,800.0
2019-03-27 12:53:00,42.3,42.36,42.28,42.36,1789.0
2019-03-27 12:56:00,42.325,42.325,42.325,42.325,101.0
2019-03-27 12:57:00,42.26,42.26,42.26,42.26,501.0
2019-03-27 12:59:00,42.31,42.31,42.31,42.31,242.0
2019-03-27 13:01:00,42.18,42.18,42.18,42.18,140.0
2019-03-27 13:02:00,42.25,42.26,42.25,42.26,1137.0
2019-03-27 13:05:00,42.26,42.27,42.25,42.27,626.0
2019-03-27 13:07:00,42.3,42.31,42.3,42.31,200.0
2019-03-27 13:09:00,42.28,42.28,42.25,42.25,1017.0
2019-03-27 13:10:00,42.22,42.22,42.21,42.21,320.0
2019-03-27 13:11:00,42.195,42.195,42.12,42.12,3022.0
2019-03-27 13:12:00,42.22,42.22,42.17,42.1825,977.0
2019-03-27 13:13:00,42.17,42.18,42.17,42.18,461.0
2019-03-27 13:14:00,42.24,42.25,42.2,42.2,2238.0
2019-03-27 13:15:00,42.29,42.3,42.25,42.3,1210.0
2019-03-27 13:16:00,42.315,42.315,42.29,42.29,756.0
2019-03-27 13:17:00,42.31,42.31,42.28,42.28,986.0
2019-03-27 13:19:00,42.261,42.261,42.261,42.261,661.0
2019-03-27 13:20:00,42.21,42.21,42.21,42.21,718.0
2019-03-27 13:21:00,42.29,42.29,42.29,42.29,746.0
2019-03-27 13:22:00,42.36,42.36,42.31,42.31,1272.0
2019-03-27 13:23:00,42.31,42.31,42.31,42.31,765.0
2019-03-27 13:24:00,42.285,42.3,42.285,42.29,774.0
2019-03-27 13:26:00,42.32,42.33,42.32,42.33,368.0
2019-03-27 13:27:00,42.3,42.3,42.285,42.29,812.0
2019-03-27 13:28:00,42.3,42.3,42.27,42.27,2718.0
2019-03-27 13:30:00,42.29,42.3,42.275,42.275,558.0
2019-03-27 13:31:00,42.21,42.21,42.21,42.21,201.0
2019-03-27 13:32:00,42.23,42.23,42.23,42.23,210.0
2019-03-27 13:34:00,42.2,42.2,42.2,42.2,728.0
2019-03-27 13:41:00,42.18,42.18,42.17,42.17,691.0
2019-03-27 13:42:00,42.22,42.22,42.22,42.22,437.0
2019-03-27 13:46:00,42.29,42.3,42.24,42.24,379.0
2019-03-27 13:49:00,42.2387,42.2387,42.21,42.21,399.0
2019-03-27 13:50:00,42.2607,42.2607,42.2607,42.2607,221.0
2019-03-27 13:53:00,42.3,42.3,42.3,42.3,1425.0
2019-03-27 13:54:00,42.3,42.3,42.3,42.3,1064.0
2019-03-27 13:55:00,42.3,42.3,42.3,42.3,200.0
2019-03-27 13:56:00,42.3,42.3,42.3,42.3,461.0
2019-03-27 13:58:00,42.29,42.29,42.29,42.29,100.0
2019-03-27 13:59:00,42.3,42.3,42.3,42.3,876.0
2019-03-27 14:00:00,42.3,42.3,42.3,42.3,553.0
2019-03-27 14:01:00,42.29,42.3,42.29,42.3,912.0
2019-03-27 14:02:00,42.28,42.28,42.26,42.26,1178.0
2019-03-27 14:03:00,42.25,42.26,42.25,42.26,442.0
2019-03-27 14:04:00,42.3,42.3,42.265,42.265,331.0
2019-03-27 14:05:00,42.3,42.3,42.3,42.3,301.0
2019-03-27 14:06:00,42.3,42.3,42.3,42.3,272.0
2019-03-27 14:11:00,42.3,42.3,42.3,42.3,458.0
2019-03-27 14:12:00,42.3,42.32,42.26,42.32,3308.0
2019-03-27 14:13:00,42.3395,42.3395,42.3395,42.3395,556.0
2019-03-27 14:14:00,42.38,42.42,42.38,42.4,661.0
2019-03-27 14:16:00,42.405,42.41,42.4,42.41,805.0
2019-03-27 14:21:00,42.4,42.43,42.4,42.4,4437.0
2019-03-27 14:22:00,42.39,42.45,42.39,42.43,1205.0
2019-03-27 14:25:00,42.5,42.55,42.47,42.51,2569.0
2019-03-27 14:27:00,42.56,42.56,42.52,42.55,2057.0
2019-03-27 14:29:00,42.58,42.6,42.58,42.6,576.0
2019-03-27 14:30:00,42.62,42.62,42.62,42.62,550.0
2019-03-27 14:31:00,42.62,42.635,42.59,42.635,1234.0
2019-03-27 14:33:00,42.62,42.62,42.62,42.62,100.0
2019-03-27 14:34:00,42.58,42.58,42.58,42.58,101.0
2019-03-27 14:35:00,42.58,42.58,42.58,42.58,200.0
2019-03-27 14:36:00,42.58,42.58,42.55,42.55,336.0
2019-03-27 14:37:00,42.55,42.55,42.55,42.55,100.0
2019-03-27 14:38:00,42.6,42.6,42.58,42.58,501.0
2019-03-27 14:39:00,42.53,42.54,42.52,42.52,400.0
2019-03-27 14:40:00,42.5,42.5,42.45,42.45,514.0
2019-03-27 14:42:00,42.46,42.46,42.46,42.46,611.0
2019-03-27 14:44:00,42.46,42.46,42.46,42.46,301.0
2019-03-27 14:45:00,42.46,42.46,42.4,42.4,985.0
2019-03-27 14:48:00,42.4,42.43,42.4,42.43,1602.0
2019-03-27 14:49:00,42.44,42.45,42.42,42.42,859.0
2019-03-27 14:52:00,42.49,42.49,42.49,42.49,226.0
2019-03-27 14:53:00,42.49,42.49,42.49,42.49,147.0
2019-03-27 14:54:00,42.44,42.44,42.4,42.4,1539.0
2019-03-27 14:56:00,42.4,42.4,42.4,42.4,403.0
2019-03-27 14:57:00,42.42,42.42,42.4,42.4,798.0
2019-03-27 14:59:00,42.4,42.41,42.4,42.41,3933.0
2019-03-27 15:02:00,42.47,42.47,42.47,42.47,200.0
2019-03-27 15:03:00,42.47,42.47,42.47,42.47,283.0
2019-03-27 15:04:00,42.45,42.45,42.45,42.45,223.0
2019-03-27 15:05:00,42.42,42.47,42.41,42.47,1591.0
2019-03-27 15:06:00,42.52,42.52,42.52,42.52,100.0
2019-03-27 15:07:00,42.51,42.535,42.51,42.535,1240.0
2019-03-27 15:08:00,42.53,42.53,42.47,42.47,694.0
2019-03-27 15:09:00,42.49,42.51,42.49,42.51,1237.0
2019-03-27 15:11:00,42.52,42.53,42.52,42.53,1036.0
2019-03-27 15:12:00,42.55,42.58,42.55,42.58,1742.0
2019-03-27 15:13:00,42.61,42.615,42.61,42.615,400.0
2019-03-27 15:14:00,42.595,42.61,42.57,42.57,1404.0
2019-03-27 15:16:00,42.565,42.565,42.565,42.565,200.0
2019-03-27 15:17:00,42.57,42.57,42.57,42.57,520.0
2019-03-27 15:20:00,42.58,42.58,42.56,42.58,1751.0
2019-03-27 15:21:00,42.58,42.6,42.58,42.6,3658.0
2019-03-27 15:22:00,42.63,42.63,42.62,42.62,749.0
2019-03-27 15:24:00,42.66,42.96,42.66,42.82,5179.0
2019-03-27 15:26:00,42.77,42.77,42.71,42.71,1132.0
2019-03-27 15:27:00,42.75,42.75,42.75,42.75,1198.0
2019-03-27 15:28:00,42.75,42.76,42.74,42.76,1247.0
2019-03-27 15:30:00,42.79,42.79,42.69,42.7,5977.0
2019-03-27 15:31:00,42.7,42.81,42.7,42.81,1402.0
2019-03-27 15:32:00,42.8,42.81,42.8,42.81,847.0
2019-03-27 15:33:00,42.79,42.79,42.79,42.79,107.0
2019-03-27 15:34:00,42.78,42.78,42.75,42.75,633.0
2019-03-27 15:36:00,42.74,42.74,42.74,42.74,522.0
2019-03-27 15:37:00,42.72,42.72,42.72,42.72,345.0
2019-03-27 15:38:00,42.72,42.72,42.72,42.72,275.0
2019-03-27 15:39:00,42.665,42.68,42.665,42.68,1066.0
2019-03-27 15:40:00,42.67,42.68,42.66,42.67,1619.0
2019-03-27 15:42:00,42.71,42.71,42.71,42.71,293.0
2019-03-27 15:43:00,42.71,42.71,42.68,42.68,1045.0
2019-03-27 15:45:00,42.68,42.68,42.68,42.68,810.0
2019-03-27 15:46:00,42.67,42.67,42.67,42.67,685.0
2019-03-27 15:47:00,42.67,42.67,42.67,42.67,269.0
2019-03-27 15:48:00,42.65,42.66,42.65,42.66,786.0
2019-03-27 15:49:00,42.66,42.66,42.62,42.62,1345.0
2019-03-27 15:50:00,42.645,42.645,42.61,42.63,1910.0
2019-03-27 15:51:00,42.61,42.63,42.61,42.63,1779.0
2019-03-27 15:52:00,42.64,42.64,42.64,42.64,448.0
2019-03-27 15:53:00,42.61,42.61,42.58,42.58,1333.0
2019-03-27 15:54:00,42.55,42.55,42.53,42.53,1404.0
2019-03-27 15:55:00,42.56,42.57,42.53,42.53,1281.0
2019-03-27 15:56:00,42.54,42.62,42.54,42.6,5687.0
2019-03-27 15:57:00,42.6,42.6,42.55,42.56,3036.0
2019-03-27 15:58:00,42.57,42.58,42.56,42.58,1614.0
2019-03-27 15:59:00,42.575,42.575,42.49,42.51,11271.0
2019-03-27 16:00:00,42.515,42.515,42.4,42.44,18464.0
2019-03-28 09:31:00,42.59,42.645,42.59,42.645,739.0
2019-03-28 09:46:00,42.76,42.91,42.76,42.91,625.0
2019-03-28 09:48:00,42.8783,42.8783,42.8783,42.8783,301.0
2019-03-28 09:50:00,42.7,42.7,42.7,42.7,422.0
2019-03-28 09:53:00,42.59,42.59,42.58,42.58,1574.0
2019-03-28 09:54:00,42.555,42.62,42.555,42.62,501.0
2019-03-28 09:56:00,42.69,42.69,42.69,42.69,100.0
2019-03-28 09:57:00,42.63,42.68,42.63,42.68,201.0
2019-03-28 09:58:00,42.69,42.7,42.69,42.7,843.0
2019-03-28 09:59:00,42.7,42.76,42.7,42.71,4265.0
2019-03-28 10:00:00,42.745,42.745,42.71,42.71,301.0
2019-03-28 10:02:00,42.71,42.71,42.66,42.66,459.0
2019-03-28 10:03:00,42.6,42.6,42.58,42.58,200.0
2019-03-28 10:04:00,42.59,42.59,42.59,42.59,102.0
2019-03-28 10:05:00,42.59,42.59,42.58,42.58,200.0
2019-03-28 10:06:00,42.7,42.7,42.7,42.7,301.0
2019-03-28 10:08:00,42.69,42.69,42.69,42.69,137.0
2019-03-28 10:11:00,42.69,42.69,42.69,42.69,261.0
2019-03-28 10:15:00,42.77,42.77,42.77,42.77,100.0
2019-03-28 10:16:00,42.7,42.7,42.7,42.7,225.0
2019-03-28 10:21:00,42.79,42.82,42.79,42.82,1459.0
2019-03-28 10:32:00,42.7625,42.81,42.75,42.77,810.0
2019-03-28 10:33:00,42.83,42.83,42.79,42.79,472.0
2019-03-28 10:35:00,42.77,42.77,42.77,42.77,201.0
2019-03-28 10:37:00,42.77,42.77,42.77,42.77,166.0
2019-03-28 10:38:00,42.76,42.76,42.76,42.76,101.0
2019-03-28 10:39:00,42.77,42.81,42.77,42.775,601.0
2019-03-28 10:40:00,42.86,42.895,42.84,42.895,1468.0
2019-03-28 10:46:00,42.97,42.97,42.93,42.93,676.0
2019-03-28 10:47:00,42.92,42.92,42.92,42.92,279.0
2019-03-28 10:50:00,42.9,42.9,42.8501,42.88,3683.0
2019-03-28 10:51:00,42.91,42.91,42.87,42.87,410.0
2019-03-28 10:53:00,42.86,42.86,42.86,42.86,200.0
2019-03-28 10:54:00,42.83,42.84,42.83,42.84,201.0
2019-03-28 10:55:00,42.845,42.845,42.845,42.845,237.0
2019-03-28 11:00:00,42.8277,42.8277,42.74,42.74,2423.0
2019-03-28 11:01:00,42.73,42.73,42.72,42.72,310.0
2019-03-28 11:02:00,42.69,42.69,42.69,42.69,200.0
2019-03-28 11:03:00,42.7,42.71,42.67,42.67,600.0
2019-03-28 11:04:00,42.71,42.71,42.59,42.66,5209.0
2019-03-28 11:06:00,42.61,42.61,42.56,42.6,3410.0
2019-03-28 11:07:00,42.6,42.65,42.6,42.65,831.0
2019-03-28 11:08:00,42.65,42.65,42.65,42.65,460.0
2019-03-28 11:10:00,42.6,42.6,42.6,42.6,506.0
2019-03-28 11:12:00,42.66,42.66,42.66,42.66,134.0
2019-03-28 11:14:00,42.6,42.6,42.6,42.6,219.0
2019-03-28 11:16:00,42.6,42.6,42.6,42.6,836.0
2019-03-28 11:20:00,42.5,42.56,42.5,42.56,200.0
2019-03-28 11:21:00,42.5,42.5,42.5,42.5,215.0
2019-03-28 11:23:00,42.49,42.49,42.49,42.49,201.0
2019-03-28 11:24:00,42.5,42.5,42.46,42.46,301.0
2019-03-28 11:25:00,42.48,42.49,42.48,42.49,299.0
2019-03-28 11:26:00,42.52,42.55,42.5115,42.55,4432.0
2019-03-28 11:28:00,42.5,42.5,42.5,42.5,1401.0
2019-03-28 11:29:00,42.52,42.52,42.52,42.52,306.0
2019-03-28 11:32:00,42.53,42.53,42.53,42.53,100.0
2019-03-28 11:33:00,42.48,42.505,42.48,42.505,614.0
2019-03-28 11:35:00,42.5,42.52,42.5,42.5,1842.0
2019-03-28 11:36:00,42.46,42.5,42.46,42.5,743.0
2019-03-28 11:41:00,42.35,42.35,42.35,42.35,1013.0
2019-03-28 11:42:00,42.27,42.3,42.27,42.3,5172.0
2019-03-28 11:43:00,42.25,42.25,42.25,42.25,111.0
2019-03-28 11:44:00,42.32,42.32,42.32,42.32,227.0
2019-03-28 11:46:00,42.39,42.4,42.375,42.375,680.0
2019-03-28 11:47:00,42.35,42.35,42.35,42.35,255.0
2019-03-28 11:49:00,42.4,42.44,42.4,42.4,2502.0
2019-03-28 11:51:00,42.51,42.51,42.51,42.51,410.0
2019-03-28 11:53:00,42.44,42.44,42.39,42.405,747.0
2019-03-28 12:05:00,42.33,42.33,42.33,42.33,280.0
2019-03-28 12:08:00,42.35,42.35,42.35,42.35,100.0
2019-03-28 12:09:00,42.38,42.38,42.32,42.32,538.0
2019-03-28 12:10:00,42.35,42.35,42.35,42.35,314.0
2019-03-28 12:14:00,42.25,42.25,42.25,42.25,175.0
2019-03-28 12:19:00,42.35,42.35,42.35,42.35,198.0
2019-03-28 12:23:00,42.31,42.31,42.31,42.31,384.0
2019-03-28 12:30:00,42.38,42.38,42.38,42.38,110.0
2019-03-28 12:31:00,42.41,42.41,42.41,42.41,111.0
2019-03-28 12:32:00,42.4316,42.4316,42.4316,42.4316,107.0
2019-03-28 12:33:00,42.42,42.42,42.42,42.42,210.0
2019-03-28 12:34:00,42.39,42.39,42.39,42.39,580.0
2019-03-28 12:35:00,42.35,42.35,42.35,42.35,537.0
2019-03-28 12:48:00,42.41,42.42,42.41,42.42,456.0
2019-03-28 12:52:00,42.46,42.47,42.46,42.47,326.0
2019-03-28 12:55:00,42.53,42.53,42.53,42.53,209.0
2019-03-28 13:02:00,42.55,42.55,42.55,42.55,290.0
2019-03-28 13:04:00,42.55,42.55,42.55,42.55,488.0
2019-03-28 13:09:00,42.53,42.53,42.53,42.53,344.0
2019-03-28 13:14:00,42.6,42.6,42.6,42.6,112.0
2019-03-28 13:17:00,42.6,42.61,42.6,42.61,489.0
2019-03-28 13:23:00,42.64,42.7,42.64,42.7,436.0
2019-03-28 13:24:00,42.68,42.68,42.68,42.68,130.0
2019-03-28 13:25:00,42.68,42.68,42.59,42.6,3127.0
2019-03-28 13:26:00,42.6,42.6,42.54,42.565,2200.0
2019-03-28 13:27:00,42.53,42.54,42.5,42.5,1803.0
2019-03-28 13:28:00,42.54,42.54,42.5,42.5,1020.0
2019-03-28 13:29:00,42.49,42.52,42.49,42.5,501.0
2019-03-28 13:30:00,42.5,42.54,42.5,42.52,918.0
2019-03-28 13:31:00,42.52,42.555,42.51,42.555,1205.0
2019-03-28 13:32:00,42.52,42.52,42.52,42.52,200.0
2019-03-28 13:33:00,42.59,42.6,42.57,42.57,1716.0
2019-03-28 13:34:00,42.57,42.57,42.57,42.57,100.0
2019-03-28 13:35:00,42.605,42.605,42.55,42.55,523.0
2019-03-28 13:36:00,42.5,42.5,42.5,42.5,319.0
2019-03-28 13:37:00,42.55,42.55,42.55,42.55,264.0
2019-03-28 13:42:00,42.5,42.5,42.48,42.48,394.0
2019-03-28 13:44:00,42.53,42.53,42.53,42.53,157.0
2019-03-28 13:46:00,42.5,42.54,42.5,42.5,1200.0
2019-03-28 13:47:00,42.5,42.54,42.5,42.5,808.0
2019-03-28 13:49:00,42.505,42.54,42.5,42.5,606.0
2019-03-28 13:50:00,42.54,42.58,42.54,42.58,461.0
2019-03-28 13:51:00,42.57,42.57,42.5,42.5,1929.0
2019-03-28 13:52:00,42.59,42.59,42.59,42.59,139.0
2019-03-28 13:53:00,42.61,42.65,42.61,42.65,318.0
2019-03-28 13:55:00,42.68,42.7,42.68,42.7,228.0
2019-03-28 13:56:00,42.71,42.71,42.71,42.71,260.0
2019-03-28 14:00:00,42.62,42.62,42.54,42.55,4121.0
2019-03-28 14:01:00,42.55,42.55,42.55,42.55,1417.0
2019-03-28 14:05:00,42.62,42.62,42.62,42.62,100.0
2019-03-28 14:06:00,42.55,42.6,42.55,42.59,2374.0
2019-03-28 14:11:00,42.64,42.64,42.64,42.64,236.0
2019-03-28 14:12:00,42.57,42.57,42.57,42.57,111.0
2019-03-28 14:15:00,42.68,42.68,42.68,42.68,128.0
2019-03-28 14:20:00,42.62,42.72,42.59,42.59,7030.0
2019-03-28 14:21:00,42.6,42.605,42.6,42.6,1007.0
2019-03-28 14:22:00,42.6,42.6,42.57,42.57,1159.0
2019-03-28 14:24:00,42.6,42.6,42.6,42.6,586.0
2019-03-28 14:26:00,42.6,42.605,42.6,42.6,1599.0
2019-03-28 14:27:00,42.66,42.66,42.6,42.6,2763.0
2019-03-28 14:28:00,42.6,42.6,42.6,42.6,318.0
2019-03-28 14:29:00,42.6,42.63,42.54,42.54,8465.0
2019-03-28 14:30:00,42.55,42.55,42.55,42.55,653.0
2019-03-28 14:31:00,42.55,42.55,42.54,42.54,1825.0
2019-03-28 14:32:00,42.55,42.55,42.55,42.55,1044.0
2019-03-28 14:33:00,42.55,42.55,42.55,42.55,377.0
2019-03-28 14:34:00,42.55,42.57,42.515,42.515,1681.0
2019-03-28 14:35:00,42.55,42.55,42.55,42.55,148.0
2019-03-28 14:36:00,42.53,42.55,42.53,42.55,391.0
2019-03-28 14:37:00,42.55,42.55,42.55,42.55,105.0
2019-03-28 14:38:00,42.55,42.59,42.55,42.59,499.0
2019-03-28 14:39:00,42.6,42.6,42.6,42.6,163.0
2019-03-28 14:40:00,42.6,42.6,42.6,42.6,191.0
2019-03-28 14:41:00,42.6,42.6,42.6,42.6,144.0
2019-03-28 14:42:00,42.58,42.6,42.575,42.6,985.0
2019-03-28 14:43:00,42.6,42.6,42.6,42.6,324.0
2019-03-28 14:44:00,42.6,42.6,42.6,42.6,281.0
2019-03-28 14:45:00,42.6,42.6,42.57,42.57,348.0
2019-03-28 14:47:00,42.6,42.6,42.55,42.55,239.0
2019-03-28 14:48:00,42.55,42.61,42.55,42.605,1469.0
2019-03-28 14:49:00,42.55,42.55,42.55,42.55,338.0
2019-03-28 14:50:00,42.55,42.55,42.5,42.5,471.0
2019-03-28 14:51:00,42.5,42.5,42.5,42.5,765.0
2019-03-28 14:52:00,42.54,42.54,42.5,42.5,915.0
2019-03-28 14:53:00,42.5,42.52,42.5,42.52,778.0
2019-03-28 14:54:00,42.52,42.52,42.515,42.515,505.0
2019-03-28 14:57:00,42.52,42.52,42.5,42.5,751.0
2019-03-28 14:58:00,42.5,42.52,42.5,42.5,781.0
2019-03-28 14:59:00,42.52,42.52,42.52,42.52,152.0
2019-03-28 15:00:00,42.58,42.58,42.58,42.58,202.0
2019-03-28 15:03:00,42.6,42.62,42.56,42.62,529.0
2019-03-28 15:04:00,42.57,42.57,42.56,42.56,1101.0
2019-03-28 15:05:00,42.55,42.55,42.55,42.55,413.0
2019-03-28 15:06:00,42.61,42.629,42.58,42.58,1434.0
2019-03-28 15:07:00,42.6,42.6,42.58,42.58,412.0
2019-03-28 15:08:00,42.56,42.56,42.52,42.52,1340.0
2019-03-28 15:09:00,42.52,42.56,42.51,42.56,782.0
2019-03-28 15:10:00,42.56,42.56,42.56,42.56,526.0
2019-03-28 15:11:00,42.525,42.525,42.5,42.5,983.0
2019-03-28 15:13:00,42.5,42.55,42.5,42.51,1077.0
2019-03-28 15:14:00,42.5,42.53,42.5,42.53,642.0
2019-03-28 15:16:00,42.53,42.53,42.49,42.53,691.0
2019-03-28 15:20:00,42.52,42.535,42.5,42.5,1662.0
2019-03-28 15:23:00,42.56,42.59,42.56,42.59,798.0
2019-03-28 15:27:00,42.57,42.57,42.57,42.57,506.0
2019-03-28 15:28:00,42.57,42.57,42.57,42.57,748.0
2019-03-28 15:29:00,42.57,42.57,42.56,42.56,1275.0
2019-03-28 15:30:00,42.53,42.56,42.52,42.52,1122.0
2019-03-28 15:31:00,42.53,42.56,42.52,42.56,1819.0
2019-03-28 15:32:00,42.53,42.535,42.52,42.52,785.0
2019-03-28 15:33:00,42.55,42.57,42.52,42.54,1072.0
2019-03-28 15:34:00,42.54,42.54,42.52,42.52,872.0
2019-03-28 15:35:00,42.6,42.6,42.6,42.6,118.0
2019-03-28 15:36:00,42.591,42.6177,42.59,42.6,2372.0
2019-03-28 15:37:00,42.61,42.61,42.59,42.59,1925.0
2019-03-28 15:40:00,42.61,42.62,42.6,42.62,713.0
2019-03-28 15:41:00,42.62,42.66,42.62,42.66,742.0
2019-03-28 15:42:00,42.64,42.64,42.59,42.6,4662.0
2019-03-28 15:44:00,42.64,42.65,42.64,42.65,573.0
2019-03-28 15:45:00,42.66,42.66,42.6,42.6,2931.0
2019-03-28 15:46:00,42.64,42.66,42.62,42.62,751.0
2019-03-28 15:47:00,42.66,42.67,42.66,42.67,629.0
2019-03-28 15:48:00,42.7,42.7,42.68,42.7,690.0
2019-03-28 15:49:00,42.67,42.67,42.59,42.62,2060.0
2019-03-28 15:50:00,42.61,42.61,42.6,42.6,1361.0
2019-03-28 15:51:00,42.6,42.62,42.6,42.61,2087.0
2019-03-28 15:52:00,42.64,42.64,42.61,42.61,1229.0
2019-03-28 15:53:00,42.61,42.61,42.58,42.595,1754.0
2019-03-28 15:54:00,42.61,42.62,42.6,42.6,2428.0
2019-03-28 15:55:00,42.65,42.65,42.61,42.63,2098.0
2019-03-28 15:56:00,42.655,42.71,42.655,42.69,7671.0
2019-03-28 15:57:00,42.69,42.7,42.67,42.67,2789.0
2019-03-28 15:58:00,42.69,42.72,42.68,42.72,4551.0
2019-03-28 15:59:00,42.72,42.72,42.68,42.69,3052.0
2019-03-28 16:00:00,42.7,42.7,42.68,42.69,4402.0
2019-03-29 09:31:00,42.74,42.74,42.74,42.74,2341.0
2019-03-29 09:39:00,42.62,42.62,42.58,42.58,511.0
2019-03-29 09:41:00,42.76,42.76,42.76,42.76,551.0
2019-03-29 09:47:00,42.7,42.7,42.7,42.7,134.0
2019-03-29 09:51:00,42.9,42.9,42.9,42.9,168.0
2019-03-29 09:52:00,42.78,42.78,42.78,42.78,1055.0
2019-03-29 09:55:00,42.73,42.73,42.73,42.73,107.0
2019-03-29 09:57:00,42.89,42.89,42.89,42.89,615.0
2019-03-29 09:59:00,42.925,42.925,42.925,42.925,121.0
2019-03-29 10:02:00,43.0,43.042,42.97,43.03,991.0
2019-03-29 10:04:00,43.1,43.1,43.04,43.04,343.0
2019-03-29 10:05:00,43.14,43.14,43.13,43.13,200.0
2019-03-29 10:08:00,43.22,43.22,43.22,43.22,198.0
2019-03-29 10:09:00,43.13,43.13,43.12,43.12,670.0
2019-03-29 10:11:00,43.03,43.08,43.03,43.08,312.0
2019-03-29 10:14:00,43.06,43.06,43.06,43.06,100.0
2019-03-29 10:15:00,42.95,42.95,42.95,42.95,709.0
2019-03-29 10:17:00,43.0,43.015,43.0,43.015,200.0
2019-03-29 10:18:00,42.97,42.99,42.97,42.99,211.0
2019-03-29 10:19:00,42.99,42.99,42.98,42.98,201.0
2019-03-29 10:22:00,42.94,42.94,42.94,42.94,201.0
2019-03-29 10:23:00,42.81,42.81,42.81,42.81,297.0
2019-03-29 10:25:00,42.81,42.81,42.81,42.81,100.0
2019-03-29 10:26:00,42.86,42.87,42.86,42.87,406.0
2019-03-29 10:27:00,42.89,42.89,42.89,42.89,120.0
2019-03-29 10:30:00,42.9,42.9,42.9,42.9,143.0
2019-03-29 10:33:00,42.99,43.0,42.99,43.0,335.0
2019-03-29 10:35:00,42.9675,42.9675,42.96,42.96,860.0
2019-03-29 10:36:00,42.89,42.95,42.89,42.95,202.0
2019-03-29 10:37:00,42.95,42.95,42.95,42.95,3314.0
2019-03-29 10:38:00,42.91,42.91,42.91,42.91,231.0
2019-03-29 10:41:00,42.965,42.965,42.91,42.92,540.0
2019-03-29 10:42:00,42.82,42.82,42.82,42.82,117.0
2019-03-29 10:44:00,42.9,42.9,42.9,42.9,100.0
2019-03-29 10:45:00,42.87,42.87,42.87,42.87,175.0
2019-03-29 10:49:00,42.815,42.815,42.815,42.815,100.0
2019-03-29 10:51:00,42.77,42.77,42.77,42.77,118.0
2019-03-29 10:53:00,42.76,42.76,42.75,42.75,311.0
2019-03-29 10:56:00,42.78,42.78,42.78,42.78,191.0
2019-03-29 11:01:00,42.79,42.79,42.79,42.79,289.0
2019-03-29 11:02:00,42.74,42.74,42.74,42.74,120.0
2019-03-29 11:06:00,42.74,42.74,42.74,42.74,304.0
2019-03-29 11:08:00,42.71,42.78,42.71,42.78,219.0
2019-03-29 11:09:00,42.76,42.76,42.76,42.76,200.0
2019-03-29 11:11:00,42.81,42.81,42.81,42.81,100.0
2019-03-29 11:12:00,42.77,42.77,42.74,42.74,651.0
2019-03-29 11:14:00,42.69,42.69,42.69,42.69,152.0
2019-03-29 11:19:00,42.67,42.67,42.63,42.63,401.0
2019-03-29 11:21:00,42.57,42.57,42.57,42.57,102.0
2019-03-29 11:23:00,42.57,42.57,42.57,42.57,400.0
2019-03-29 11:24:00,42.55,42.55,42.55,42.55,104.0
2019-03-29 11:25:00,42.6,42.62,42.6,42.62,422.0
2019-03-29 11:28:00,42.64,42.64,42.64,42.64,225.0
2019-03-29 11:32:00,42.7,42.7,42.64,42.64,252.0
2019-03-29 11:35:00,42.62,42.62,42.62,42.62,326.0
2019-03-29 11:50:00,42.67,42.67,42.67,42.67,415.0
2019-03-29 11:51:00,42.65,42.65,42.62,42.62,537.0
2019-03-29 11:54:00,42.56,42.56,42.56,42.56,237.0
2019-03-29 12:00:00,42.57,42.57,42.52,42.52,1245.0
2019-03-29 12:08:00,42.4767,42.4767,42.41,42.41,331.0
2019-03-29 12:09:00,42.4,42.4,42.4,42.4,414.0
2019-03-29 12:13:00,42.43,42.43,42.43,42.43,123.0
2019-03-29 12:17:00,42.465,42.465,42.465,42.465,231.0
2019-03-29 12:20:00,42.45,42.45,42.44,42.44,300.0
2019-03-29 12:21:00,42.47,42.47,42.47,42.47,115.0
2019-03-29 12:27:00,42.57,42.57,42.57,42.57,200.0
2019-03-29 12:28:00,42.57,42.57,42.57,42.57,110.0
2019-03-29 12:30:00,42.48,42.48,42.48,42.48,211.0
2019-03-29 12:35:00,42.51,42.51,42.51,42.51,225.0
2019-03-29 12:38:00,42.55,42.55,42.55,42.55,389.0
2019-03-29 12:43:00,42.57,42.57,42.515,42.515,1229.0
2019-03-29 12:44:00,42.53,42.53,42.53,42.53,100.0
2019-03-29 12:47:00,42.5,42.5,42.5,42.5,134.0
2019-03-29 12:50:00,42.49,42.49,42.47,42.47,295.0
2019-03-29 12:58:00,42.56,42.56,42.56,42.56,311.0
2019-03-29 12:59:00,42.55,42.55,42.55,42.55,100.0
2019-03-29 13:01:00,42.4601,42.4601,42.4601,42.4601,559.0
2019-03-29 13:05:00,42.59,42.59,42.59,42.59,114.0
2019-03-29 13:07:00,42.51,42.51,42.51,42.51,417.0
2019-03-29 13:10:00,42.495,42.495,42.495,42.495,224.0
2019-03-29 13:15:00,42.48,42.48,42.47,42.47,358.0
2019-03-29 13:18:00,42.4,42.4,42.4,42.4,210.0
2019-03-29 13:19:00,42.43,42.43,42.43,42.43,105.0
2019-03-29 13:20:00,42.43,42.45,42.43,42.45,506.0
2019-03-29 13:21:00,42.46,42.46,42.42,42.42,515.0
2019-03-29 13:22:00,42.42,42.42,42.42,42.42,109.0
2019-03-29 13:25:00,42.41,42.41,42.41,42.41,217.0
2019-03-29 13:28:00,42.47,42.47,42.47,42.47,114.0
2019-03-29 13:31:00,42.485,42.485,42.485,42.485,200.0
2019-03-29 13:33:00,42.43,42.475,42.43,42.475,277.0
2019-03-29 13:36:00,42.4674,42.4674,42.4674,42.4674,415.0
2019-03-29 13:37:00,42.455,42.4674,42.455,42.4674,249.0
2019-03-29 13:39:00,42.48,42.48,42.48,42.48,200.0
2019-03-29 13:40:00,42.48,42.48,42.48,42.48,105.0
2019-03-29 13:42:00,42.48,42.53,42.48,42.53,221.0
2019-03-29 13:44:00,42.53,42.55,42.53,42.55,296.0
2019-03-29 13:45:00,42.55,42.58,42.55,42.58,330.0
2019-03-29 13:46:00,42.55,42.55,42.55,42.55,468.0
2019-03-29 13:47:00,42.48,42.48,42.34,42.34,1788.0
2019-03-29 13:55:00,42.54,42.55,42.54,42.55,397.0
2019-03-29 13:57:00,42.49,42.49,42.49,42.49,533.0
2019-03-29 14:01:00,42.51,42.51,42.44,42.44,320.0
2019-03-29 14:03:00,42.43,42.43,42.43,42.43,219.0
2019-03-29 14:07:00,42.53,42.53,42.53,42.53,100.0
2019-03-29 14:08:00,42.53,42.53,42.53,42.53,218.0
2019-03-29 14:10:00,42.6,42.6,42.6,42.6,108.0
2019-03-29 14:13:00,42.64,42.64,42.615,42.615,230.0
2019-03-29 14:15:00,42.65,42.66,42.65,42.66,250.0
2019-03-29 14:17:00,42.645,42.645,42.645,42.645,149.0
2019-03-29 14:18:00,42.62,42.62,42.61,42.61,521.0
2019-03-29 14:19:00,42.61,42.61,42.61,42.61,349.0
2019-03-29 14:21:00,42.6,42.6,42.59,42.6,587.0
2019-03-29 14:23:00,42.6,42.6,42.6,42.6,100.0
2019-03-29 14:24:00,42.61,42.61,42.61,42.61,317.0
2019-03-29 14:29:00,42.61,42.61,42.61,42.61,333.0
2019-03-29 14:34:00,42.54,42.54,42.54,42.54,117.0
2019-03-29 14:35:00,42.6,42.6,42.6,42.6,132.0
2019-03-29 14:38:00,42.6,42.6,42.6,42.6,117.0
2019-03-29 14:41:00,42.58,42.58,42.56,42.56,310.0
2019-03-29 14:42:00,42.56,42.56,42.56,42.56,112.0
2019-03-29 14:47:00,42.55,42.55,42.55,42.55,331.0
2019-03-29 14:49:00,42.59,42.64,42.59,42.61,1220.0
2019-03-29 14:51:00,42.62,42.62,42.62,42.62,173.0
2019-03-29 14:53:00,42.67,42.67,42.67,42.67,417.0
2019-03-29 14:54:00,42.67,42.72,42.67,42.72,391.0
2019-03-29 14:56:00,42.73,42.73,42.73,42.73,130.0
2019-03-29 14:57:00,42.76,42.77,42.75,42.77,463.0
2019-03-29 14:59:00,42.71,42.71,42.71,42.71,194.0
2019-03-29 15:00:00,42.68,42.68,42.68,42.68,161.0
2019-03-29 15:02:00,42.75,42.75,42.75,42.75,231.0
2019-03-29 15:03:00,42.7,42.7,42.7,42.7,340.0
2019-03-29 15:06:00,42.68,42.68,42.68,42.68,101.0
2019-03-29 15:07:00,42.68,42.68,42.65,42.65,703.0
2019-03-29 15:11:00,42.63,42.63,42.63,42.63,101.0
2019-03-29 15:12:00,42.63,42.63,42.63,42.63,374.0
2019-03-29 15:14:00,42.63,42.63,42.63,42.63,178.0
2019-03-29 15:16:00,42.59,42.59,42.59,42.59,214.0
2019-03-29 15:17:00,42.61,42.63,42.61,42.61,753.0
2019-03-29 15:18:00,42.61,42.64,42.61,42.63,521.0
2019-03-29 15:19:00,42.67,42.68,42.66,42.68,410.0
2019-03-29 15:20:00,42.68,42.68,42.64,42.67,504.0
2019-03-29 15:21:00,42.65,42.65,42.65,42.65,788.0
2019-03-29 15:22:00,42.6,42.6,42.6,42.6,100.0
2019-03-29 15:23:00,42.6,42.6,42.595,42.595,337.0
2019-03-29 15:24:00,42.58,42.58,42.58,42.58,131.0
2019-03-29 15:26:00,42.555,42.555,42.555,42.555,100.0
2019-03-29 15:27:00,42.55,42.55,42.5,42.5,514.0
2019-03-29 15:28:00,42.53,42.55,42.53,42.55,929.0
2019-03-29 15:30:00,42.55,42.55,42.55,42.55,447.0
2019-03-29 15:31:00,42.53,42.53,42.53,42.53,1182.0
2019-03-29 15:32:00,42.55,42.55,42.55,42.55,101.0
2019-03-29 15:33:00,42.53,42.54,42.51,42.51,433.0
2019-03-29 15:34:00,42.54,42.55,42.54,42.55,300.0
2019-03-29 15:35:00,42.55,42.58,42.55,42.58,1022.0
2019-03-29 15:38:00,42.57,42.57,42.57,42.57,360.0
2019-03-29 15:39:00,42.58,42.58,42.58,42.58,242.0
2019-03-29 15:40:00,42.59,42.605,42.59,42.605,507.0
2019-03-29 15:41:00,42.61,42.61,42.61,42.61,203.0
2019-03-29 15:42:00,42.625,42.64,42.625,42.63,1993.0
2019-03-29 15:43:00,42.63,42.63,42.6,42.615,662.0
2019-03-29 15:44:00,42.64,42.64,42.64,42.64,223.0
2019-03-29 15:45:00,42.64,42.64,42.61,42.61,1191.0
2019-03-29 15:46:00,42.625,42.625,42.62,42.62,394.0
2019-03-29 15:47:00,42.61,42.64,42.61,42.64,600.0
2019-03-29 15:48:00,42.64,42.64,42.62,42.62,943.0
2019-03-29 15:49:00,42.6,42.61,42.58,42.58,1788.0
2019-03-29 15:50:00,42.57,42.6,42.57,42.58,1136.0
2019-03-29 15:51:00,42.57,42.58,42.57,42.57,2163.0
2019-03-29 15:52:00,42.57,42.59,42.57,42.57,1680.0
2019-03-29 15:53:00,42.59,42.61,42.59,42.6,618.0
2019-03-29 15:54:00,42.6,42.6,42.58,42.59,2834.0
2019-03-29 15:55:00,42.6,42.62,42.6,42.6,2203.0
2019-03-29 15:56:00,42.76,42.8,42.68,42.72,12772.0
2019-03-29 15:57:00,42.72,42.72,42.695,42.695,3983.0
2019-03-29 15:58:00,42.68,42.7,42.68,42.69,2105.0
2019-03-29 15:59:00,42.69,42.69,42.66,42.66,6717.0
2019-03-29 16:00:00,42.62,42.62,42.61,42.61,8091.0
2019-04-01 09:31:00,42.74,42.74,42.74,42.74,1471.0
2019-04-01 09:35:00,42.625,42.625,42.625,42.625,900.0
2019-04-01 09:36:00,42.715,42.715,42.715,42.715,127.0
2019-04-01 09:42:00,42.93,42.93,42.93,42.93,1245.0
2019-04-01 09:44:00,42.895,42.895,42.895,42.895,449.0
2019-04-01 09:52:00,42.97,42.97,42.97,42.97,476.0
2019-04-01 09:57:00,43.19,43.29,43.19,43.29,896.0
2019-04-01 10:00:00,43.1,43.1,43.1,43.1,845.0
2019-04-01 10:01:00,43.15,43.15,43.15,43.15,103.0
2019-04-01 10:02:00,43.35,43.35,43.35,43.35,307.0
2019-04-01 10:06:00,43.66,43.66,43.66,43.66,611.0
2019-04-01 10:07:00,43.79,43.79,43.79,43.79,1811.0
2019-04-01 10:08:00,43.87,43.87,43.87,43.87,220.0
2019-04-01 10:11:00,43.76,43.76,43.73,43.73,809.0
2019-04-01 10:15:00,43.77,43.77,43.77,43.77,207.0
2019-04-01 10:18:00,43.79,43.79,43.79,43.79,1021.0
2019-04-01 10:20:00,43.87,43.87,43.87,43.87,416.0
2019-04-01 10:22:00,43.89,43.89,43.89,43.89,156.0
2019-04-01 10:23:00,43.92,43.92,43.92,43.92,240.0
2019-04-01 10:26:00,43.86,43.86,43.86,43.86,544.0
2019-04-01 10:27:00,43.79,43.79,43.79,43.79,251.0
2019-04-01 10:30:00,43.83,43.83,43.83,43.83,421.0
2019-04-01 10:34:00,43.84,43.84,43.84,43.84,150.0
2019-04-01 10:35:00,43.74,43.74,43.74,43.74,335.0
2019-04-01 10:37:00,43.79,43.79,43.79,43.79,234.0
2019-04-01 10:38:00,43.81,43.81,43.81,43.81,287.0
2019-04-01 10:41:00,43.83,43.83,43.83,43.83,413.0
2019-04-01 10:42:00,43.75,43.75,43.75,43.75,305.0
2019-04-01 10:46:00,43.75,43.75,43.75,43.75,2300.0
2019-04-01 10:48:00,43.75,43.75,43.75,43.75,163.0
2019-04-01 10:49:00,43.83,43.83,43.83,43.83,161.0
2019-04-01 10:50:00,43.67,43.67,43.67,43.67,1579.0
2019-04-01 10:51:00,43.6,43.6,43.6,43.6,600.0
2019-04-01 11:00:00,43.44,43.44,43.44,43.44,166.0
2019-04-01 11:14:00,43.32,43.32,43.32,43.32,933.0
2019-04-01 11:17:00,43.32,43.32,43.32,43.32,300.0
2019-04-01 11:19:00,43.43,43.43,43.43,43.43,300.0
2019-04-01 11:23:00,43.41,43.41,43.41,43.41,500.0
2019-04-01 11:24:00,43.41,43.41,43.41,43.41,105.0
2019-04-01 11:26:00,43.52,43.52,43.52,43.52,484.0
2019-04-01 11:28:00,43.66,43.66,43.66,43.66,418.0
2019-04-01 11:29:00,43.66,43.66,43.66,43.66,287.0
2019-04-01 11:31:00,43.67,43.67,43.67,43.67,893.0
2019-04-01 11:34:00,43.493,43.493,43.493,43.493,125.0
2019-04-01 11:37:00,43.63,43.63,43.63,43.63,500.0
2019-04-01 11:38:00,43.58,43.58,43.58,43.58,210.0
2019-04-01 11:44:00,43.49,43.49,43.49,43.49,241.0
2019-04-01 11:49:00,43.52,43.52,43.52,43.52,525.0
2019-04-01 11:57:00,43.66,43.66,43.66,43.66,279.0
2019-04-01 12:01:00,43.66,43.66,43.65,43.65,739.0
2019-04-01 12:07:00,43.59,43.59,43.59,43.59,100.0
2019-04-01 12:08:00,43.5147,43.5147,43.5147,43.5147,302.0
2019-04-01 12:12:00,43.59,43.59,43.59,43.59,805.0
2019-04-01 12:18:00,43.69,43.69,43.64,43.64,503.0
2019-04-01 12:23:00,43.64,43.64,43.64,43.64,330.0
2019-04-01 12:30:00,43.65,43.65,43.65,43.65,233.0
2019-04-01 12:37:00,43.65,43.65,43.65,43.65,100.0
2019-04-01 12:38:00,43.64,43.64,43.64,43.64,1865.0
2019-04-01 12:41:00,43.645,43.645,43.645,43.645,505.0
2019-04-01 12:48:00,43.71,43.72,43.71,43.72,879.0
2019-04-01 12:49:00,43.81,43.81,43.81,43.81,266.0
2019-04-01 13:01:00,43.76,43.76,43.76,43.76,209.0
2019-04-01 13:05:00,43.86,43.86,43.86,43.86,219.0
2019-04-01 13:08:00,43.85,43.88,43.85,43.88,416.0
2019-04-01 13:09:00,43.91,43.91,43.91,43.91,521.0
2019-04-01 13:15:00,43.82,43.82,43.82,43.82,400.0
2019-04-01 13:18:00,43.86,43.86,43.86,43.86,479.0
2019-04-01 13:20:00,43.83,43.83,43.83,43.83,351.0
2019-04-01 13:22:00,43.74,43.74,43.74,43.74,307.0
2019-04-01 13:28:00,43.77,43.77,43.77,43.77,114.0
2019-04-01 13:30:00,43.77,43.77,43.77,43.77,129.0
2019-04-01 13:34:00,43.77,43.77,43.77,43.77,102.0
2019-04-01 13:36:00,43.8,43.8,43.8,43.8,929.0
2019-04-01 13:51:00,43.9,43.9,43.9,43.9,225.0
2019-04-01 13:52:00,43.9,43.9,43.9,43.9,810.0
2019-04-01 13:59:00,43.91,43.91,43.91,43.91,573.0
2019-04-01 14:01:00,43.91,43.91,43.91,43.91,416.0
2019-04-01 14:02:00,43.8789,43.8789,43.8789,43.8789,190.0
2019-04-01 14:05:00,43.8884,43.8884,43.8884,43.8884,707.0
2019-04-01 14:16:00,43.97,43.97,43.97,43.97,100.0
2019-04-01 14:19:00,43.97,43.97,43.945,43.945,1288.0
2019-04-01 14:21:00,43.91,43.91,43.91,43.91,1049.0
2019-04-01 14:25:00,43.91,43.91,43.91,43.91,106.0
2019-04-01 14:26:00,43.9263,43.9263,43.9263,43.9263,472.0
2019-04-01 14:28:00,43.93,43.93,43.93,43.93,463.0
2019-04-01 14:30:00,43.9,43.9,43.9,43.9,545.0
2019-04-01 14:31:00,43.94,43.94,43.94,43.94,341.0
2019-04-01 14:34:00,43.89,43.89,43.89,43.89,1014.0
2019-04-01 14:43:00,43.95,43.95,43.95,43.95,190.0
2019-04-01 14:46:00,43.865,43.865,43.865,43.865,156.0
2019-04-01 14:48:00,43.89,43.89,43.89,43.89,214.0
2019-04-01 14:49:00,43.85,43.85,43.85,43.85,319.0
2019-04-01 14:54:00,43.85,43.85,43.85,43.85,434.0
2019-04-01 14:56:00,43.87,43.87,43.87,43.87,125.0
2019-04-01 14:57:00,43.87,43.87,43.865,43.865,1548.0
2019-04-01 15:00:00,43.87,43.87,43.87,43.87,440.0
2019-04-01 15:01:00,43.82,43.82,43.82,43.82,608.0
2019-04-01 15:07:00,43.86,43.86,43.86,43.86,297.0
2019-04-01 15:10:00,43.86,43.86,43.86,43.86,100.0
2019-04-01 15:12:00,43.81,43.81,43.81,43.81,495.0
2019-04-01 15:13:00,43.81,43.83,43.81,43.83,859.0
2019-04-01 15:15:00,43.86,43.86,43.86,43.86,861.0
2019-04-01 15:17:00,43.86,43.86,43.86,43.86,300.0
2019-04-01 15:20:00,43.85,43.85,43.85,43.85,954.0
2019-04-01 15:23:00,43.87,43.87,43.84,43.84,5685.0
2019-04-01 15:24:00,43.8,43.8,43.8,43.8,1884.0
2019-04-01 15:26:00,43.7975,43.8,43.7975,43.8,3275.0
2019-04-01 15:28:00,43.82,43.82,43.8,43.8,2173.0
2019-04-01 15:30:00,43.8,43.82,43.8,43.82,2859.0
2019-04-01 15:31:00,43.8,43.805,43.8,43.805,2860.0
2019-04-01 15:32:00,43.78,43.78,43.78,43.78,237.0
2019-04-01 15:34:00,43.715,43.715,43.715,43.715,459.0
2019-04-01 15:35:00,43.71,43.76,43.71,43.76,906.0
2019-04-01 15:38:00,43.755,43.77,43.755,43.77,1134.0
2019-04-01 15:40:00,43.73,43.73,43.73,43.73,176.0
2019-04-01 15:42:00,43.72,43.72,43.72,43.72,416.0
2019-04-01 15:43:00,43.71,43.71,43.71,43.71,787.0
2019-04-01 15:44:00,43.73,43.75,43.73,43.75,2020.0
2019-04-01 15:46:00,43.74,43.74,43.74,43.74,544.0
2019-04-01 15:47:00,43.725,43.75,43.725,43.75,789.0
2019-04-01 15:49:00,43.745,43.76,43.745,43.76,1274.0
2019-04-01 15:51:00,43.755,43.755,43.75,43.75,1310.0
2019-04-01 15:53:00,43.81,43.81,43.81,43.81,909.0
2019-04-01 15:54:00,43.815,43.815,43.815,43.815,1312.0
2019-04-01 15:55:00,43.81,43.81,43.7901,43.7901,1657.0
2019-04-01 15:56:00,43.82,43.82,43.82,43.82,1014.0
2019-04-01 15:57:00,43.81,43.81,43.81,43.81,1164.0
2019-04-01 15:58:00,43.81,43.81,43.81,43.81,1205.0
2019-04-01 15:59:00,43.79,43.79,43.79,43.79,1095.0
2019-04-01 16:00:00,43.79,43.8,43.79,43.8,2315.0
2019-04-02 09:31:00,43.81,43.81,43.81,43.81,547.0
2019-04-02 09:38:00,43.43,43.43,43.43,43.43,200.0
2019-04-02 09:56:00,43.62,43.62,43.62,43.62,613.0
2019-04-02 09:59:00,43.81,43.81,43.81,43.81,220.0
2019-04-02 10:06:00,43.76,43.76,43.76,43.76,1032.0
2019-04-02 10:11:00,43.78,43.78,43.78,43.78,505.0
2019-04-02 10:17:00,43.79,43.79,43.79,43.79,425.0
2019-04-02 10:28:00,43.82,43.82,43.82,43.82,225.0
2019-04-02 10:30:00,43.77,43.77,43.77,43.77,324.0
2019-04-02 10:33:00,43.8173,43.8173,43.8173,43.8173,257.0
2019-04-02 10:40:00,43.72,43.72,43.72,43.72,205.0
2019-04-02 10:43:00,43.64,43.64,43.64,43.64,1066.0
2019-04-02 10:44:00,43.56,43.64,43.56,43.64,2886.0
2019-04-02 10:46:00,43.69,43.69,43.69,43.69,205.0
2019-04-02 10:49:00,43.6,43.6,43.6,43.6,616.0
2019-04-02 10:58:00,43.675,43.675,43.55,43.55,2215.0
2019-04-02 10:59:00,43.5,43.5,43.5,43.5,200.0
2019-04-02 11:02:00,43.45,43.45,43.45,43.45,329.0
2019-04-02 11:04:00,43.37,43.37,43.37,43.37,710.0
2019-04-02 11:05:00,43.48,43.48,43.48,43.48,327.0
2019-04-02 11:07:00,43.48,43.48,43.48,43.48,321.0
2019-04-02 11:18:00,43.5,43.5,43.5,43.5,278.0
2019-04-02 11:20:00,43.52,43.52,43.52,43.52,371.0
2019-04-02 11:23:00,43.65,43.65,43.65,43.65,311.0
2019-04-02 11:29:00,43.72,43.72,43.72,43.72,115.0
2019-04-02 11:31:00,43.75,43.75,43.75,43.75,130.0
2019-04-02 11:32:00,43.74,43.74,43.74,43.74,670.0
2019-04-02 11:38:00,43.66,43.66,43.66,43.66,260.0
2019-04-02 11:40:00,43.61,43.61,43.61,43.61,513.0
2019-04-02 11:41:00,43.615,43.615,43.615,43.615,740.0
2019-04-02 11:45:00,43.64,43.64,43.64,43.64,825.0
2019-04-02 11:55:00,43.8318,43.8318,43.8318,43.8318,195.0
2019-04-02 12:01:00,43.76,43.76,43.76,43.76,148.0
2019-04-02 12:03:00,43.77,43.77,43.77,43.77,100.0
2019-04-02 12:08:00,43.92,43.92,43.92,43.92,827.0
2019-04-02 12:11:00,43.82,43.82,43.82,43.82,500.0
2019-04-02 12:15:00,43.74,43.74,43.74,43.74,101.0
2019-04-02 12:17:00,43.82,43.82,43.82,43.82,230.0
2019-04-02 12:19:00,43.78,43.78,43.78,43.78,315.0
2019-04-02 12:23:00,43.68,43.68,43.68,43.68,365.0
2019-04-02 12:25:00,43.64,43.64,43.64,43.64,359.0
2019-04-02 12:27:00,43.56,43.56,43.56,43.56,100.0
2019-04-02 12:30:00,43.57,43.57,43.57,43.57,329.0
2019-04-02 12:36:00,43.61,43.61,43.61,43.61,812.0
2019-04-02 12:37:00,43.59,43.59,43.59,43.59,282.0
2019-04-02 12:40:00,43.57,43.57,43.57,43.57,235.0
2019-04-02 12:43:00,43.565,43.57,43.565,43.57,727.0
2019-04-02 12:50:00,43.5,43.5,43.5,43.5,205.0
2019-04-02 12:55:00,43.474,43.474,43.474,43.474,387.0
2019-04-02 13:01:00,43.48,43.48,43.47,43.47,419.0
2019-04-02 13:07:00,43.47,43.47,43.47,43.47,385.0
2019-04-02 13:08:00,43.47,43.47,43.47,43.47,245.0
2019-04-02 13:09:00,43.45,43.45,43.45,43.45,253.0
2019-04-02 13:15:00,43.48,43.48,43.48,43.48,310.0
2019-04-02 13:20:00,43.49,43.49,43.49,43.49,759.0
2019-04-02 13:24:00,43.49,43.49,43.49,43.49,357.0
2019-04-02 13:33:00,43.45,43.45,43.45,43.45,355.0
2019-04-02 13:36:00,43.47,43.47,43.47,43.47,100.0
2019-04-02 13:42:00,43.451,43.451,43.45,43.45,608.0
2019-04-02 13:51:00,43.4,43.4,43.4,43.4,265.0
2019-04-02 13:52:00,43.402,43.402,43.402,43.402,368.0
2019-04-02 13:54:00,43.44,43.44,43.44,43.44,374.0
2019-04-02 14:01:00,43.36,43.36,43.36,43.36,434.0
2019-04-02 14:13:00,43.52,43.52,43.42,43.43,2387.0
2019-04-02 14:21:00,43.49,43.49,43.49,43.49,200.0
2019-04-02 14:23:00,43.57,43.57,43.57,43.57,595.0
2019-04-02 14:31:00,43.47,43.47,43.47,43.47,611.0
2019-04-02 14:41:00,43.46,43.46,43.46,43.46,375.0
2019-04-02 14:44:00,43.45,43.45,43.45,43.45,235.0
2019-04-02 14:48:00,43.43,43.43,43.43,43.43,289.0
2019-04-02 14:58:00,43.435,43.435,43.435,43.435,200.0
2019-04-02 15:00:00,43.46,43.46,43.46,43.46,255.0
2019-04-02 15:01:00,43.47,43.47,43.47,43.47,250.0
2019-04-02 15:03:00,43.44,43.44,43.44,43.44,338.0
2019-04-02 15:04:00,43.44,43.44,43.44,43.44,479.0
2019-04-02 15:15:00,43.39,43.39,43.39,43.39,388.0
2019-04-02 15:17:00,43.42,43.42,43.42,43.42,103.0
2019-04-02 15:20:00,43.45,43.45,43.45,43.45,542.0
2019-04-02 15:24:00,43.42,43.42,43.42,43.42,577.0
2019-04-02 15:25:00,43.39,43.39,43.36,43.36,2528.0
2019-04-02 15:27:00,43.38,43.43,43.38,43.43,874.0
2019-04-02 15:28:00,43.4,43.4,43.4,43.4,853.0
2019-04-02 15:32:00,43.41,43.41,43.41,43.41,410.0
2019-04-02 15:35:00,43.42,43.42,43.42,43.42,341.0
2019-04-02 15:37:00,43.41,43.41,43.41,43.41,345.0
2019-04-02 15:41:00,43.45,43.45,43.45,43.45,221.0
2019-04-02 15:43:00,43.49,43.49,43.47,43.47,1314.0
2019-04-02 15:45:00,43.46,43.46,43.46,43.46,1011.0
2019-04-02 15:46:00,43.46,43.46,43.46,43.46,491.0
2019-04-02 15:48:00,43.44,43.44,43.44,43.44,311.0
2019-04-02 15:51:00,43.43,43.43,43.43,43.43,212.0
2019-04-02 15:53:00,43.43,43.43,43.43,43.43,331.0
2019-04-02 15:54:00,43.46,43.46,43.46,43.46,311.0
2019-04-02 15:55:00,43.44,43.44,43.44,43.44,456.0
2019-04-02 15:56:00,43.45,43.45,43.45,43.45,716.0
2019-04-02 15:57:00,43.465,43.465,43.465,43.465,868.0
2019-04-02 15:58:00,43.46,43.46,43.46,43.46,742.0
2019-04-02 15:59:00,43.47,43.47,43.47,43.47,1147.0
2019-04-02 16:00:00,43.44,43.44,43.44,43.44,1375.0
2019-04-03 09:31:00,43.935,43.935,43.935,43.935,1932.0
2019-04-03 09:33:00,43.97,43.97,43.97,43.97,225.0
2019-04-03 09:44:00,43.8977,43.8977,43.8977,43.8977,340.0
2019-04-03 09:47:00,43.88,43.88,43.88,43.88,5240.0
2019-04-03 09:49:00,44.0495,44.0495,44.0495,44.0495,773.0
2019-04-03 09:52:00,43.95,43.95,43.95,43.95,200.0
2019-04-03 09:53:00,44.08,44.08,44.08,44.08,100.0
2019-04-03 09:54:00,44.02,44.02,44.02,44.02,436.0
2019-04-03 09:56:00,44.02,44.02,44.02,44.02,100.0
2019-04-03 10:00:00,44.0193,44.0193,44.0193,44.0193,240.0
2019-04-03 10:03:00,43.7613,43.7613,43.7613,43.7613,473.0
2019-04-03 10:06:00,43.835,43.835,43.835,43.835,101.0
2019-04-03 10:08:00,43.74,43.74,43.74,43.74,325.0
2019-04-03 10:09:00,43.67,43.67,43.67,43.67,227.0
2019-04-03 10:11:00,43.8,43.8,43.8,43.8,293.0
2019-04-03 10:18:00,43.8076,43.8076,43.8076,43.8076,533.0
2019-04-03 10:26:00,43.73,43.73,43.73,43.73,310.0
2019-04-03 10:30:00,43.64,43.64,43.64,43.64,397.0
2019-04-03 10:31:00,43.72,43.72,43.72,43.72,100.0
2019-04-03 10:34:00,43.69,43.69,43.69,43.69,323.0
2019-04-03 10:36:00,43.74,43.74,43.74,43.74,390.0
2019-04-03 10:41:00,43.76,43.76,43.69,43.69,489.0
2019-04-03 10:45:00,43.6,43.6,43.6,43.6,448.0
2019-04-03 10:49:00,43.61,43.61,43.61,43.61,516.0
2019-04-03 10:51:00,43.49,43.49,43.42,43.42,359.0
2019-04-03 10:53:00,43.53,43.61,43.53,43.61,970.0
2019-04-03 11:02:00,43.66,43.66,43.66,43.66,509.0
2019-04-03 11:05:00,43.73,43.73,43.73,43.73,100.0
2019-04-03 11:06:00,43.73,43.73,43.73,43.73,210.0
2019-04-03 11:11:00,43.63,43.63,43.63,43.63,205.0
2019-04-03 11:12:00,43.59,43.59,43.59,43.59,213.0
2019-04-03 11:15:00,43.44,43.44,43.44,43.44,398.0
2019-04-03 11:16:00,43.42,43.42,43.42,43.42,523.0
2019-04-03 11:18:00,43.31,43.31,43.31,43.31,503.0
2019-04-03 11:19:00,43.4,43.4,43.4,43.4,634.0
2019-04-03 11:23:00,43.33,43.33,43.33,43.33,210.0
2019-04-03 11:28:00,43.34,43.34,43.34,43.34,104.0
2019-04-03 11:29:00,43.37,43.39,43.37,43.39,1080.0
2019-04-03 11:30:00,43.38,43.38,43.38,43.38,100.0
2019-04-03 11:34:00,43.34,43.34,43.32,43.32,500.0
2019-04-03 11:39:00,43.38,43.38,43.38,43.38,123.0
2019-04-03 11:42:00,43.35,43.35,43.35,43.35,317.0
2019-04-03 11:45:00,43.39,43.39,43.39,43.39,410.0
2019-04-03 12:03:00,43.47,43.47,43.47,43.47,401.0
2019-04-03 12:05:00,43.53,43.53,43.53,43.53,100.0
2019-04-03 12:11:00,43.63,43.63,43.63,43.63,500.0
2019-04-03 12:13:00,43.62,43.62,43.62,43.62,691.0
2019-04-03 12:17:00,43.54,43.54,43.54,43.54,208.0
2019-04-03 12:27:00,43.62,43.62,43.56,43.56,869.0
2019-04-03 12:32:00,43.55,43.55,43.55,43.55,199.0
2019-04-03 12:40:00,43.59,43.59,43.59,43.59,456.0
2019-04-03 12:52:00,43.57,43.57,43.57,43.57,279.0
2019-04-03 12:53:00,43.51,43.51,43.51,43.51,518.0
2019-04-03 13:02:00,43.54,43.54,43.54,43.54,200.0
2019-04-03 13:07:00,43.53,43.53,43.46,43.46,1538.0
2019-04-03 13:10:00,43.47,43.47,43.47,43.47,100.0
2019-04-03 13:11:00,43.49,43.49,43.45,43.45,693.0
2019-04-03 13:16:00,43.5,43.5,43.5,43.5,409.0
2019-04-03 13:24:00,43.49,43.49,43.49,43.49,317.0
2019-04-03 13:27:00,43.5144,43.5144,43.5144,43.5144,102.0
2019-04-03 13:29:00,43.54,43.54,43.54,43.54,208.0
2019-04-03 13:31:00,43.49,43.49,43.49,43.49,224.0
2019-04-03 13:34:00,43.53,43.53,43.53,43.53,413.0
2019-04-03 13:37:00,43.53,43.53,43.53,43.53,212.0
2019-04-03 13:41:00,43.53,43.53,43.53,43.53,109.0
2019-04-03 13:43:00,43.44,43.44,43.44,43.44,659.0
2019-04-03 13:45:00,43.52,43.52,43.52,43.52,248.0
2019-04-03 13:59:00,43.52,43.52,43.52,43.52,527.0
2019-04-03 14:16:00,43.42,43.42,43.42,43.42,636.0
2019-04-03 14:18:00,43.39,43.39,43.39,43.39,122.0
2019-04-03 14:21:00,43.43,43.43,43.43,43.43,271.0
2019-04-03 14:26:00,43.535,43.535,43.535,43.535,372.0
2019-04-03 14:32:00,43.47,43.47,43.47,43.47,138.0
2019-04-03 14:33:00,43.43,43.43,43.43,43.43,272.0
2019-04-03 14:42:00,43.53,43.53,43.53,43.53,111.0
2019-04-03 14:43:00,43.47,43.47,43.47,43.47,491.0
2019-04-03 14:44:00,43.4301,43.4301,43.4301,43.4301,201.0
2019-04-03 14:48:00,43.44,43.44,43.44,43.44,103.0
2019-04-03 14:51:00,43.43,43.43,43.43,43.43,155.0
2019-04-03 14:56:00,43.46,43.46,43.43,43.43,479.0
2019-04-03 14:57:00,43.415,43.415,43.415,43.415,347.0
2019-04-03 14:59:00,43.45,43.45,43.45,43.45,133.0
2019-04-03 15:03:00,43.43,43.43,43.43,43.43,194.0
2019-04-03 15:10:00,43.34,43.34,43.34,43.34,300.0
2019-04-03 15:12:00,43.38,43.38,43.33,43.33,1255.0
2019-04-03 15:13:00,43.31,43.31,43.31,43.31,103.0
2019-04-03 15:14:00,43.31,43.31,43.31,43.31,102.0
2019-04-03 15:16:00,43.28,43.28,43.28,43.28,320.0
2019-04-03 15:17:00,43.3,43.3,43.3,43.3,406.0
2019-04-03 15:19:00,43.27,43.27,43.27,43.27,127.0
2019-04-03 15:22:00,43.27,43.27,43.25,43.25,936.0
2019-04-03 15:26:00,43.27,43.27,43.26,43.26,985.0
2019-04-03 15:29:00,43.3,43.3,43.3,43.3,402.0
2019-04-03 15:31:00,43.31,43.31,43.28,43.28,524.0
2019-04-03 15:33:00,43.315,43.315,43.315,43.315,132.0
2019-04-03 15:37:00,43.36,43.36,43.36,43.36,770.0
2019-04-03 15:38:00,43.33,43.33,43.33,43.33,593.0
2019-04-03 15:40:00,43.37,43.37,43.3,43.3,1006.0
2019-04-03 15:41:00,43.34,43.34,43.34,43.34,504.0
2019-04-03 15:42:00,43.32,43.32,43.32,43.32,604.0
2019-04-03 15:43:00,43.32,43.32,43.31,43.31,1200.0
2019-04-03 15:45:00,43.32,43.32,43.32,43.32,455.0
2019-04-03 15:46:00,43.34,43.34,43.34,43.34,502.0
2019-04-03 15:47:00,43.32,43.32,43.32,43.32,805.0
2019-04-03 15:48:00,43.32,43.32,43.32,43.32,439.0
2019-04-03 15:49:00,43.3,43.3,43.3,43.3,226.0
2019-04-03 15:50:00,43.28,43.28,43.28,43.28,441.0
2019-04-03 15:51:00,43.3,43.3,43.3,43.3,1323.0
2019-04-03 15:52:00,43.32,43.32,43.31,43.31,808.0
2019-04-03 15:54:00,43.38,43.38,43.33,43.33,1621.0
2019-04-03 15:56:00,43.33,43.33,43.33,43.33,1100.0
2019-04-03 15:57:00,43.35,43.38,43.35,43.38,1298.0
2019-04-03 15:58:00,43.36,43.36,43.36,43.36,2302.0
