
2019-03-19 09:31:00,8.67,8.67,8.67,8.67,0.0
2019-03-19 09:33:00,8.6708,8.6708,8.6708,8.6708,500.0
2019-03-19 09:35:00,8.645,8.645,8.645,8.645,1004.0
2019-03-19 09:47:00,8.64,8.64,8.63,8.63,800.0
2019-03-19 09:52:00,8.64,8.64,8.64,8.64,200.0
2019-03-19 10:05:00,8.6799,8.6799,8.6799,8.6799,248.0
2019-03-19 10:10:00,8.68,8.68,8.68,8.68,200.0
2019-03-19 10:31:00,8.69,8.69,8.69,8.69,491.0
2019-03-19 10:32:00,8.69,8.7,8.69,8.7,1744.0
2019-03-19 10:39:00,8.6909,8.6909,8.6909,8.6909,696.0
2019-03-19 10:45:00,8.6801,8.6801,8.6801,8.6801,444.0
2019-03-19 10:52:00,8.68,8.68,8.68,8.68,1000.0
2019-03-19 11:01:00,8.69,8.69,8.68,8.68,600.0
2019-03-19 11:04:00,8.69,8.69,8.69,8.69,9600.0
2019-03-19 11:06:00,8.69,8.69,8.69,8.69,5037.0
2019-03-19 11:14:00,8.69,8.69,8.69,8.69,400.0
2019-03-19 11:15:00,8.69,8.69,8.69,8.69,520.0
2019-03-19 11:34:00,8.69,8.69,8.688,8.69,2370.0
2019-03-19 11:44:00,8.6856,8.6856,8.6856,8.6856,125.0
2019-03-19 11:46:00,8.6876,8.6876,8.6876,8.6876,300.0
2019-03-19 11:47:00,8.6876,8.6876,8.6876,8.6876,1500.0
2019-03-19 11:57:00,8.69,8.69,8.6853,8.69,3542.0
2019-03-19 12:02:00,8.69,8.69,8.69,8.69,2400.0
2019-03-19 12:06:00,8.69,8.69,8.69,8.69,2000.0
2019-03-19 12:10:00,8.69,8.69,8.69,8.69,2000.0
2019-03-19 12:11:00,8.69,8.7,8.69,8.69,2225.0
2019-03-19 12:19:00,8.69,8.69,8.69,8.69,174.0
2019-03-19 12:26:00,8.686,8.686,8.686,8.686,108.0
2019-03-19 12:42:00,8.6855,8.6855,8.6855,8.6855,264.0
2019-03-19 12:57:00,8.69,8.69,8.69,8.69,181.0
2019-03-19 13:21:00,8.681,8.681,8.681,8.681,1900.0
2019-03-19 13:35:00,8.6901,8.6901,8.6901,8.6901,600.0
2019-03-19 13:44:00,8.68,8.68,8.68,8.68,100.0
2019-03-19 14:03:00,8.6795,8.6795,8.6795,8.6795,360.0
2019-03-19 14:09:00,8.6856,8.6856,8.6856,8.6856,1697.0
2019-03-19 14:35:00,8.67,8.67,8.67,8.67,100.0
2019-03-19 14:49:00,8.6757,8.6757,8.6757,8.6757,500.0
2019-03-19 15:02:00,8.68,8.68,8.68,8.68,413.0
2019-03-19 15:12:00,8.6796,8.6796,8.6796,8.6796,120.0
2019-03-19 15:21:00,8.66,8.66,8.66,8.66,100.0
2019-03-19 15:26:00,8.68,8.68,8.675,8.68,16000.0
2019-03-19 15:27:00,8.68,8.68,8.68,8.68,8639.0
2019-03-19 15:31:00,8.68,8.68,8.68,8.68,1826.0
2019-03-19 15:49:00,8.666,8.666,8.666,8.666,340.0
2019-03-19 15:51:00,8.67,8.67,8.67,8.67,100.0
2019-03-19 15:55:00,8.68,8.68,8.67,8.68,652.0
2019-03-19 15:56:00,8.68,8.68,8.68,8.68,526.0
2019-03-19 16:00:00,8.67,8.68,8.67,8.68,1396.0
2019-03-20 09:31:00,8.65,8.65,8.65,8.65,0.0
2019-03-20 09:39:00,8.6523,8.6523,8.65,8.65,206.0
2019-03-20 10:00:00,8.65,8.65,8.65,8.65,212.0
2019-03-20 10:05:00,8.64,8.64,8.64,8.64,200.0
2019-03-20 10:06:00,8.66,8.66,8.63,8.63,1200.0
2019-03-20 10:37:00,8.66,8.66,8.66,8.66,100.0
2019-03-20 10:38:00,8.65,8.65,8.65,8.65,101.0
2019-03-20 10:40:00,8.65,8.65,8.65,8.65,212.0
2019-03-20 10:46:00,8.65,8.65,8.65,8.65,785.0
2019-03-20 11:03:00,8.6401,8.65,8.6401,8.65,1605.0
2019-03-20 11:22:00,8.6487,8.6487,8.6487,8.6487,186.0
2019-03-20 11:45:00,8.6469,8.6469,8.6469,8.6469,474.0
2019-03-20 12:17:00,8.66,8.66,8.66,8.66,753.0
2019-03-20 12:31:00,8.65,8.65,8.65,8.65,278.0
2019-03-20 12:33:00,8.6698,8.6698,8.6698,8.6698,137.0
2019-03-20 12:48:00,8.67,8.67,8.663,8.663,658.0
2019-03-20 13:21:00,8.651,8.651,8.651,8.651,700.0
2019-03-20 13:31:00,8.67,8.67,8.6628,8.6629,576.0
2019-03-20 13:51:00,8.6593,8.6593,8.6593,8.6593,1000.0
2019-03-20 13:57:00,8.6564,8.6564,8.65,8.65,2884.0
2019-03-20 14:11:00,8.6607,8.6689,8.6607,8.6689,1000.0
2019-03-20 14:25:00,8.6631,8.6631,8.6631,8.6631,346.0
2019-03-20 14:38:00,8.6699,8.67,8.6699,8.67,1700.0
2019-03-20 14:41:00,8.655,8.655,8.655,8.655,486.0
2019-03-20 14:42:00,8.6599,8.6599,8.6599,8.6599,216.0
2019-03-20 14:49:00,8.65,8.65,8.65,8.65,187.0
2019-03-20 14:55:00,8.65,8.65,8.64,8.6475,2300.0
2019-03-20 15:33:00,8.64,8.64,8.64,8.64,100.0
2019-03-20 15:35:00,8.645,8.65,8.64,8.64,5080.0
2019-03-20 15:47:00,8.65,8.65,8.65,8.65,846.0
2019-03-20 15:48:00,8.659,8.66,8.6576,8.6576,2144.0
2019-03-20 15:59:00,8.66,8.66,8.66,8.66,486.0
2019-03-20 16:00:00,8.67,8.67,8.66,8.66,931.0
2019-03-21 09:31:00,8.67,8.67,8.67,8.67,0.0
2019-03-21 09:33:00,8.67,8.67,8.67,8.67,100.0
2019-03-21 09:34:00,8.7,8.7,8.685,8.7,8056.0
2019-03-21 09:45:00,8.69,8.7,8.69,8.7,1013.0
2019-03-21 09:54:00,8.67,8.67,8.67,8.67,300.0
2019-03-21 10:01:00,8.67,8.67,8.67,8.67,214.0
2019-03-21 10:06:00,8.65,8.65,8.65,8.65,600.0
2019-03-21 10:08:00,8.67,8.67,8.67,8.67,412.0
2019-03-21 10:11:00,8.6548,8.6548,8.6548,8.6548,1200.0
2019-03-21 10:14:00,8.66,8.66,8.66,8.66,200.0
2019-03-21 10:15:00,8.66,8.66,8.66,8.66,100.0
2019-03-21 10:16:00,8.66,8.66,8.66,8.66,100.0
2019-03-21 10:17:00,8.66,8.66,8.66,8.66,100.0
2019-03-21 10:18:00,8.6556,8.6556,8.6556,8.6556,900.0
2019-03-21 10:19:00,8.66,8.66,8.65,8.65,2200.0
2019-03-21 10:20:00,8.66,8.66,8.66,8.66,100.0
2019-03-21 10:21:00,8.66,8.66,8.66,8.66,100.0
2019-03-21 10:22:00,8.6496,8.66,8.6496,8.66,446.0
2019-03-21 10:24:00,8.66,8.66,8.66,8.66,100.0
2019-03-21 10:25:00,8.66,8.66,8.66,8.66,100.0
2019-03-21 10:26:00,8.66,8.66,8.66,8.66,100.0
2019-03-21 10:35:00,8.633,8.633,8.633,8.633,1000.0
2019-03-21 10:40:00,8.65,8.65,8.64,8.64,2492.0
2019-03-21 10:59:00,8.6583,8.66,8.657,8.657,301.0
2019-03-21 11:22:00,8.659,8.66,8.64,8.66,2100.0
2019-03-21 11:25:00,8.66,8.66,8.659,8.659,1032.0
2019-03-21 11:39:00,8.6461,8.6461,8.6461,8.6461,597.0
2019-03-21 12:44:00,8.6555,8.66,8.6555,8.66,1500.0
2019-03-21 12:55:00,8.6413,8.6413,8.6413,8.6413,110.0
2019-03-21 13:07:00,8.6497,8.6497,8.6497,8.6497,215.0
2019-03-21 14:08:00,8.6427,8.6427,8.6427,8.6427,312.0
2019-03-21 14:54:00,8.6535,8.6535,8.6535,8.6535,1406.0
2019-03-21 15:02:00,8.6599,8.6599,8.6599,8.6599,236.0
2019-03-21 15:07:00,8.66,8.66,8.66,8.66,592.0
2019-03-21 15:13:00,8.6509,8.66,8.6509,8.66,880.0
2019-03-21 15:18:00,8.6532,8.6532,8.6532,8.6532,240.0
2019-03-21 15:34:00,8.6543,8.6543,8.6543,8.6543,154.0
2019-03-21 15:51:00,8.65,8.65,8.65,8.65,1350.0
2019-03-21 15:52:00,8.65,8.65,8.65,8.65,8630.0
2019-03-21 15:55:00,8.64,8.64,8.64,8.64,2324.0
2019-03-22 09:31:00,8.67,8.67,8.67,8.67,0.0
2019-03-22 09:49:00,8.62,8.62,8.62,8.62,200.0
2019-03-22 09:51:00,8.6418,8.66,8.6418,8.66,3324.0
2019-03-22 10:10:00,8.66,8.66,8.66,8.66,900.0
2019-03-22 10:20:00,8.647,8.647,8.647,8.647,116.0
2019-03-22 11:00:00,8.66,8.66,8.66,8.66,100.0
2019-03-22 11:01:00,8.66,8.66,8.66,8.66,949.0
2019-03-22 11:02:00,8.655,8.655,8.65,8.65,2541.0
2019-03-22 11:06:00,8.65,8.65,8.65,8.65,200.0
2019-03-22 11:09:00,8.645,8.65,8.645,8.65,3100.0
2019-03-22 11:10:00,8.6415,8.6415,8.6415,8.6415,138.0
2019-03-22 12:24:00,8.6464,8.65,8.6464,8.65,459.0
2019-03-22 12:35:00,8.64,8.6438,8.64,8.6438,600.0
2019-03-22 12:36:00,8.64,8.64,8.64,8.64,100.0
2019-03-22 12:37:00,8.64,8.64,8.64,8.64,100.0
2019-03-22 12:39:00,8.64,8.64,8.64,8.64,100.0
2019-03-22 12:40:00,8.6438,8.6438,8.64,8.64,600.0
2019-03-22 12:42:00,8.64,8.64,8.64,8.64,100.0
2019-03-22 12:43:00,8.64,8.64,8.64,8.64,100.0
2019-03-22 12:45:00,8.64,8.64,8.64,8.64,677.0
2019-03-22 12:46:00,8.64,8.64,8.64,8.64,100.0
2019-03-22 12:48:00,8.64,8.64,8.64,8.64,100.0
2019-03-22 12:49:00,8.64,8.64,8.64,8.64,100.0
2019-03-22 12:50:00,8.64,8.64,8.64,8.64,100.0
2019-03-22 12:52:00,8.64,8.64,8.64,8.64,100.0
2019-03-22 12:53:00,8.64,8.64,8.64,8.64,100.0
2019-03-22 12:55:00,8.64,8.64,8.64,8.64,100.0
2019-03-22 12:56:00,8.64,8.64,8.64,8.64,100.0
2019-03-22 12:58:00,8.64,8.64,8.64,8.64,100.0
2019-03-22 12:59:00,8.64,8.64,8.64,8.64,100.0
2019-03-22 13:00:00,8.64,8.64,8.64,8.64,200.0
2019-03-22 13:10:00,8.64,8.6413,8.64,8.6413,5100.0
2019-03-22 13:47:00,8.645,8.645,8.645,8.645,340.0
2019-03-22 13:50:00,8.645,8.65,8.645,8.6467,3902.0
2019-03-22 13:59:00,8.6499,8.6499,8.6499,8.6499,500.0
2019-03-22 14:41:00,8.645,8.645,8.645,8.645,100.0
2019-03-22 14:42:00,8.645,8.645,8.645,8.645,100.0
2019-03-22 15:02:00,8.6401,8.6401,8.6401,8.6401,650.0
2019-03-22 15:41:00,8.645,8.65,8.64,8.65,5100.0
2019-03-22 15:59:00,8.65,8.65,8.65,8.65,131.0
2019-03-22 16:00:00,8.64,8.64,8.64,8.64,100.0
2019-03-25 09:37:00,8.6324,8.6324,8.6211,8.6211,0.0
2019-03-25 09:46:00,8.6992,8.6992,8.6992,8.6992,5772.0
2019-03-25 10:58:00,8.6304,8.6304,8.6304,8.6304,586.0
2019-03-25 11:03:00,8.63,8.63,8.63,8.63,148.0
2019-03-25 11:39:00,8.6372,8.6372,8.6372,8.6372,400.0
2019-03-25 11:42:00,8.6327,8.6327,8.63,8.63,1253.0
2019-03-25 13:20:00,8.6499,8.6499,8.6499,8.6499,600.0
2019-03-25 13:41:00,8.64,8.64,8.64,8.64,500.0
2019-03-25 13:51:00,8.63,8.635,8.63,8.635,958.0
2019-03-25 14:04:00,8.6399,8.6399,8.6399,8.6399,407.0
2019-03-25 15:01:00,8.6331,8.6331,8.6331,8.6331,121.0
2019-03-25 15:16:00,8.635,8.64,8.635,8.64,2400.0
2019-03-25 15:32:00,8.64,8.65,8.64,8.65,7800.0
2019-03-25 15:42:00,8.65,8.65,8.65,8.65,4106.0
2019-03-25 15:43:00,8.65,8.655,8.6499,8.655,21500.0
2019-03-25 15:44:00,8.665,8.665,8.665,8.665,6297.0
2019-03-25 15:45:00,8.67,8.67,8.67,8.67,3438.0
2019-03-25 15:47:00,8.7,8.7,8.7,8.7,2700.0
2019-03-25 15:49:00,8.7,8.7,8.7,8.7,1497.0
2019-03-25 15:58:00,8.71,8.71,8.71,8.71,688.0
2019-03-26 09:33:00,8.68,8.68,8.68,8.68,0.0
2019-03-26 10:10:00,8.6897,8.6897,8.6897,8.6897,1257.0
2019-03-26 10:20:00,8.67,8.67,8.67,8.67,2200.0
2019-03-26 10:21:00,8.68,8.68,8.68,8.68,5124.0
2019-03-26 10:22:00,8.68,8.68,8.68,8.68,503.0
2019-03-26 10:25:00,8.68,8.68,8.68,8.68,2114.0
2019-03-26 10:27:00,8.6899,8.6899,8.6899,8.6899,4500.0
2019-03-26 10:29:00,8.68,8.68,8.68,8.68,300.0
2019-03-26 10:33:00,8.69,8.69,8.69,8.69,901.0
2019-03-26 10:40:00,8.7,8.7,8.7,8.7,1092.0
2019-03-26 10:45:00,8.695,8.695,8.695,8.695,3000.0
2019-03-26 10:58:00,8.68,8.68,8.68,8.68,117.0
2019-03-26 11:02:00,8.6812,8.6812,8.6812,8.6812,818.0
2019-03-26 11:03:00,8.69,8.69,8.69,8.69,200.0
2019-03-26 11:05:00,8.6889,8.6889,8.6889,8.6889,101.0
2019-03-26 11:21:00,8.69,8.69,8.69,8.69,100.0
2019-03-26 11:23:00,8.72,8.72,8.7055,8.7055,8714.0
2019-03-26 11:39:00,8.72,8.72,8.72,8.72,2702.0
2019-03-26 11:47:00,8.71,8.71,8.71,8.71,5000.0
2019-03-26 11:49:00,8.71,8.71,8.71,8.71,278.0
2019-03-26 11:50:00,8.71,8.71,8.71,8.71,5499.0
2019-03-26 11:51:00,8.71,8.71,8.71,8.71,0.0
2019-03-26 12:24:00,8.7,8.7,8.7,8.7,105.0
2019-03-26 13:28:00,8.7052,8.7052,8.7052,8.7052,303.0
2019-03-26 13:29:00,8.705,8.705,8.705,8.705,100.0
2019-03-26 13:33:00,8.705,8.705,8.705,8.705,120.0
2019-03-26 13:54:00,8.705,8.705,8.705,8.705,0.0
2019-03-26 14:11:00,8.705,8.705,8.705,8.705,100.0
2019-03-26 14:24:00,8.7001,8.7001,8.7001,8.7001,3235.0
2019-03-26 14:26:00,8.705,8.705,8.705,8.705,2205.0
2019-03-26 14:28:00,8.7021,8.7021,8.7021,8.7021,2500.0
2019-03-26 14:33:00,8.705,8.705,8.705,8.705,100.0
2019-03-26 14:36:00,8.7,8.7,8.7,8.7,500.0
2019-03-26 14:41:00,8.7099,8.7099,8.7099,8.7099,1053.0
2019-03-26 14:52:00,8.705,8.705,8.705,8.705,100.0
2019-03-26 14:58:00,8.705,8.705,8.705,8.705,10930.0
2019-03-26 15:08:00,8.705,8.705,8.705,8.705,100.0
2019-03-26 15:09:00,8.705,8.705,8.705,8.705,100.0
2019-03-26 15:10:00,8.705,8.705,8.705,8.705,700.0
2019-03-26 15:11:00,8.705,8.705,8.705,8.705,300.0
2019-03-26 15:12:00,8.705,8.705,8.705,8.705,300.0
2019-03-26 15:14:00,8.705,8.705,8.705,8.705,100.0
2019-03-26 15:18:00,8.7,8.7,8.7,8.7,400.0
2019-03-26 15:19:00,8.7,8.7,8.7,8.7,200.0
2019-03-26 15:21:00,8.7,8.7,8.7,8.7,200.0
2019-03-26 15:22:00,8.7,8.7,8.69,8.69,617.0
2019-03-26 15:28:00,8.68,8.68,8.68,8.68,300.0
2019-03-26 15:41:00,8.68,8.68,8.68,8.68,2100.0
2019-03-26 15:42:00,8.6751,8.6751,8.6751,8.6751,3706.0
2019-03-26 15:47:00,8.67,8.67,8.67,8.67,100.0
2019-03-26 15:49:00,8.66,8.66,8.66,8.66,4922.0
2019-03-26 15:59:00,8.665,8.665,8.665,8.665,200.0
2019-03-26 16:00:00,8.66,8.66,8.66,8.66,10152.0
2019-03-27 09:31:00,8.7,8.7,8.7,8.7,0.0
2019-03-27 09:35:00,8.6965,8.6965,8.6965,8.6965,100.0
2019-03-27 09:42:00,8.6709,8.6709,8.6709,8.6709,103.0
2019-03-27 09:51:00,8.675,8.675,8.65,8.65,2014.0
2019-03-27 09:53:00,8.65,8.65,8.65,8.65,403.0
2019-03-27 10:07:00,8.67,8.67,8.67,8.67,100.0
2019-03-27 10:18:00,8.67,8.67,8.67,8.67,100.0
2019-03-27 10:25:00,8.6565,8.6565,8.6565,8.6565,1500.0
2019-03-27 10:27:00,8.64,8.64,8.64,8.64,112.0
2019-03-27 10:40:00,8.65,8.65,8.65,8.65,100.0
2019-03-27 10:44:00,8.66,8.66,8.66,8.66,100.0
2019-03-27 10:56:00,8.66,8.66,8.66,8.66,100.0
2019-03-27 11:06:00,8.66,8.66,8.66,8.66,100.0
2019-03-27 11:18:00,8.66,8.66,8.66,8.66,100.0
2019-03-27 11:31:00,8.66,8.66,8.6401,8.6401,540.0
2019-03-27 11:39:00,8.66,8.66,8.66,8.66,100.0
2019-03-27 11:42:00,8.6491,8.6491,8.6491,8.6491,239.0
2019-03-27 11:43:00,8.64,8.64,8.64,8.64,400.0
2019-03-27 11:45:00,8.6401,8.6401,8.6401,8.6401,443.0
2019-03-27 11:59:00,8.64,8.64,8.64,8.64,400.0
2019-03-27 12:17:00,8.6586,8.6586,8.6586,8.6586,100.0
2019-03-27 12:19:00,8.64,8.64,8.64,8.64,400.0
2019-03-27 12:23:00,8.65,8.65,8.65,8.65,100.0
2019-03-27 12:35:00,8.64,8.64,8.64,8.64,600.0
2019-03-27 12:44:00,8.6493,8.6493,8.6493,8.6493,100.0
2019-03-27 12:53:00,8.64,8.64,8.64,8.64,200.0
2019-03-27 12:54:00,8.6493,8.6493,8.6493,8.6493,100.0
2019-03-27 13:02:00,8.645,8.645,8.645,8.645,200.0
2019-03-27 13:04:00,8.64,8.6462,8.64,8.6451,1155.0
2019-03-27 13:15:00,8.64,8.6449,8.64,8.6449,641.0
2019-03-27 13:45:00,8.6493,8.6493,8.6493,8.6493,111.0
2019-03-27 13:58:00,8.645,8.645,8.645,8.645,100.0
2019-03-27 14:07:00,8.6493,8.6493,8.6493,8.6493,100.0
2019-03-27 14:15:00,8.65,8.65,8.65,8.65,100.0
2019-03-27 14:29:00,8.65,8.65,8.6468,8.6468,1140.0
2019-03-27 14:39:00,8.65,8.65,8.64,8.64,700.0
2019-03-27 14:49:00,8.6434,8.6434,8.6434,8.6434,500.0
2019-03-27 14:50:00,8.645,8.645,8.64,8.64,1606.0
2019-03-27 14:51:00,8.64,8.6401,8.64,8.6401,1994.0
2019-03-27 14:52:00,8.6412,8.6412,8.6412,8.6412,2000.0
2019-03-27 14:54:00,8.64,8.64,8.64,8.64,413.0
2019-03-27 14:56:00,8.64,8.64,8.64,8.64,2419.0
2019-03-27 14:58:00,8.6336,8.6336,8.6336,8.6336,701.0
2019-03-27 15:03:00,8.6393,8.6393,8.6393,8.6393,120.0
2019-03-27 15:09:00,8.6337,8.6337,8.63,8.63,500.0
2019-03-27 15:13:00,8.63,8.63,8.63,8.63,100.0
2019-03-27 15:19:00,8.63,8.63,8.63,8.63,385.0
2019-03-27 15:20:00,8.635,8.639,8.635,8.639,1500.0
2019-03-27 15:21:00,8.63,8.63,8.63,8.63,135.0
2019-03-27 15:28:00,8.63,8.63,8.63,8.63,100.0
2019-03-27 15:29:00,8.6339,8.6339,8.6339,8.6339,100.0
2019-03-27 15:36:00,8.63,8.63,8.63,8.63,400.0
2019-03-27 15:45:00,8.63,8.6337,8.63,8.63,1620.0
2019-03-27 15:52:00,8.64,8.64,8.63,8.63,600.0
2019-03-27 15:54:00,8.635,8.64,8.635,8.6399,2000.0
2019-03-27 15:59:00,8.63,8.64,8.63,8.64,911.0
2019-03-27 16:00:00,8.62,8.63,8.61,8.63,900.0
2019-03-28 09:31:00,8.66,8.66,8.66,8.66,0.0
2019-03-28 09:45:00,8.64,8.64,8.64,8.64,158.0
2019-03-28 09:54:00,8.64,8.64,8.64,8.64,100.0
2019-03-28 09:55:00,8.64,8.64,8.64,8.64,200.0
2019-03-28 10:04:00,8.635,8.64,8.635,8.6375,9520.0
2019-03-28 10:05:00,8.635,8.635,8.635,8.635,282.0
2019-03-28 10:06:00,8.6339,8.6339,8.6339,8.6339,413.0
2019-03-28 10:25:00,8.6362,8.6362,8.6362,8.6362,144.0
2019-03-28 10:27:00,8.635,8.64,8.635,8.635,1000.0
2019-03-28 10:32:00,8.635,8.6399,8.635,8.6399,2101.0
2019-03-28 10:44:00,8.64,8.64,8.64,8.64,20000.0
2019-03-28 10:59:00,8.635,8.635,8.635,8.635,2010.0
2019-03-28 11:36:00,8.635,8.635,8.635,8.635,151.0
2019-03-28 11:45:00,8.63,8.63,8.63,8.63,100.0
2019-03-28 11:50:00,8.63,8.63,8.63,8.63,751.0
2019-03-28 13:58:00,8.62,8.6284,8.62,8.6284,500.0
2019-03-28 14:24:00,8.62,8.62,8.62,8.62,100.0
2019-03-28 14:45:00,8.62,8.625,8.62,8.625,209.0
2019-03-28 14:49:00,8.6264,8.6264,8.6264,8.6264,308.0
2019-03-28 15:01:00,8.62,8.62,8.62,8.62,100.0
2019-03-28 15:15:00,8.62,8.625,8.62,8.625,200.0
2019-03-28 15:25:00,8.62,8.62,8.62,8.62,1700.0
2019-03-28 15:26:00,8.62,8.62,8.62,8.62,100.0
2019-03-28 15:36:00,8.62,8.62,8.62,8.62,100.0
2019-03-28 15:44:00,8.62,8.62,8.62,8.62,100.0
2019-03-28 15:51:00,8.63,8.63,8.629,8.629,714.0
2019-03-28 15:52:00,8.625,8.6275,8.62,8.6275,4894.0
2019-03-28 15:54:00,8.63,8.63,8.63,8.63,210.0
2019-03-28 15:55:00,8.63,8.63,8.63,8.63,100.0
2019-03-28 15:56:00,8.62,8.62,8.62,8.62,230.0
2019-03-28 15:57:00,8.62,8.63,8.62,8.63,1420.0
2019-03-28 15:58:00,8.63,8.63,8.63,8.63,200.0
2019-03-28 15:59:00,8.625,8.625,8.625,8.625,100.0
2019-03-28 16:00:00,8.62,8.63,8.62,8.63,638.0
2019-03-29 09:31:00,8.7,8.7,8.7,8.7,0.0
2019-03-29 09:32:00,8.6609,8.6609,8.6609,8.6609,0.0
2019-03-29 09:39:00,8.6727,8.6727,8.6727,8.6727,411.0
2019-03-29 09:43:00,8.631,8.631,8.631,8.631,321.0
2019-03-29 09:46:00,8.63,8.63,8.63,8.63,100.0
2019-03-29 09:52:00,8.66,8.66,8.66,8.66,463.0
2019-03-29 09:57:00,8.6592,8.6592,8.6592,8.6592,144.0
2019-03-29 10:04:00,8.65,8.65,8.65,8.65,546.0
2019-03-29 10:06:00,8.63,8.63,8.63,8.63,503.0
2019-03-29 10:12:00,8.635,8.635,8.6333,8.6333,700.0
2019-03-29 10:17:00,8.64,8.64,8.6373,8.6373,1660.0
2019-03-29 10:23:00,8.64,8.64,8.64,8.64,100.0
2019-03-29 10:24:00,8.6344,8.6344,8.6344,8.6344,1200.0
2019-03-29 10:39:00,8.63,8.63,8.63,8.63,196.0
2019-03-29 10:58:00,8.6385,8.6385,8.6385,8.6385,640.0
2019-03-29 11:05:00,8.63,8.63,8.63,8.63,370.0
2019-03-29 11:19:00,8.63,8.63,8.63,8.63,100.0
2019-03-29 11:26:00,8.635,8.635,8.635,8.635,116.0
2019-03-29 11:57:00,8.639,8.639,8.639,8.639,500.0
2019-03-29 12:04:00,8.63,8.63,8.63,8.63,112.0
2019-03-29 12:21:00,8.6378,8.6399,8.6378,8.6399,3312.0
2019-03-29 12:29:00,8.64,8.64,8.6375,8.6375,1047.0
2019-03-29 13:15:00,8.6315,8.6315,8.6315,8.6315,1006.0
2019-03-29 13:16:00,8.6342,8.6342,8.6342,8.6342,2006.0
2019-03-29 13:25:00,8.6324,8.6324,8.6324,8.6324,1592.0
2019-03-29 13:29:00,8.63,8.63,8.63,8.63,126.0
2019-03-29 14:09:00,8.635,8.635,8.635,8.635,197.0
2019-03-29 14:32:00,8.634,8.634,8.634,8.634,729.0
2019-03-29 14:44:00,8.63,8.63,8.63,8.63,200.0
2019-03-29 14:52:00,8.63,8.63,8.63,8.63,100.0
2019-03-29 15:13:00,8.63,8.63,8.63,8.63,133.0
2019-03-29 15:46:00,8.62,8.62,8.62,8.62,593.0
2019-03-29 15:57:00,8.6245,8.6245,8.6245,8.6245,400.0
2019-03-29 15:58:00,8.62,8.62,8.62,8.62,176.0
2019-03-29 16:00:00,8.61,8.61,8.61,8.61,817.0
2019-04-01 09:31:00,8.63,8.63,8.63,8.63,1997.0
2019-04-01 09:33:00,8.59,8.59,8.59,8.59,764.0
2019-04-01 09:45:00,8.62,8.62,8.62,8.62,1801.0
2019-04-01 09:50:00,8.62,8.62,8.62,8.62,2300.0
2019-04-01 10:01:00,8.62,8.62,8.62,8.62,2778.0
2019-04-01 10:02:00,8.62,8.62,8.62,8.62,100.0
2019-04-01 10:03:00,8.62,8.62,8.62,8.62,368.0
2019-04-01 10:14:00,8.61,8.61,8.61,8.61,600.0
2019-04-01 10:16:00,8.61,8.61,8.61,8.61,145.0
2019-04-01 10:29:00,8.59,8.59,8.59,8.59,1625.0
2019-04-01 10:32:00,8.59,8.59,8.59,8.59,500.0
2019-04-01 10:45:00,8.59,8.59,8.59,8.59,116.0
2019-04-01 10:48:00,8.58,8.58,8.58,8.58,2535.0
2019-04-01 10:52:00,8.59,8.59,8.59,8.59,300.0
2019-04-01 11:09:00,8.58,8.58,8.58,8.58,181.0
2019-04-01 11:21:00,8.585,8.585,8.585,8.585,1402.0
2019-04-01 11:25:00,8.59,8.59,8.59,8.59,195.0
2019-04-01 11:37:00,8.585,8.585,8.585,8.585,100.0
2019-04-01 11:39:00,8.5828,8.5828,8.5828,8.5828,1804.0
2019-04-01 11:41:00,8.59,8.59,8.59,8.59,381.0
2019-04-01 11:52:00,8.58,8.58,8.58,8.58,200.0
2019-04-01 11:53:00,8.58,8.59,8.58,8.59,281.0
2019-04-01 12:04:00,8.59,8.59,8.59,8.59,405.0
2019-04-01 12:15:00,8.58,8.58,8.58,8.58,140.0
2019-04-01 12:26:00,8.58,8.58,8.58,8.58,9859.0
2019-04-01 12:34:00,8.587,8.587,8.587,8.587,1300.0
2019-04-01 12:42:00,8.58,8.58,8.58,8.58,100.0
2019-04-01 12:43:00,8.58,8.58,8.58,8.58,2715.0
2019-04-01 12:55:00,8.59,8.59,8.59,8.59,200.0
2019-04-01 12:56:00,8.59,8.59,8.59,8.59,340.0
2019-04-01 12:58:00,8.59,8.59,8.59,8.59,200.0
2019-04-01 12:59:00,8.59,8.59,8.59,8.59,400.0
2019-04-01 13:00:00,8.59,8.59,8.59,8.59,300.0
2019-04-01 13:01:00,8.59,8.59,8.59,8.59,300.0
2019-04-01 13:02:00,8.59,8.59,8.59,8.59,300.0
2019-04-01 13:03:00,8.59,8.59,8.59,8.59,300.0
2019-04-01 13:04:00,8.59,8.59,8.59,8.59,300.0
2019-04-01 13:05:00,8.59,8.59,8.59,8.59,440.0
2019-04-01 13:06:00,8.59,8.59,8.59,8.59,400.0
2019-04-01 13:07:00,8.59,8.59,8.59,8.59,300.0
2019-04-01 13:08:00,8.59,8.59,8.59,8.59,300.0
2019-04-01 13:10:00,8.59,8.59,8.59,8.59,600.0
2019-04-01 13:11:00,8.59,8.59,8.59,8.59,540.0
2019-04-01 13:12:00,8.59,8.59,8.59,8.59,300.0
2019-04-01 13:13:00,8.59,8.59,8.59,8.59,400.0
2019-04-01 13:14:00,8.59,8.59,8.59,8.59,400.0
2019-04-01 13:16:00,8.59,8.59,8.59,8.59,920.0
2019-04-01 13:37:00,8.58,8.58,8.58,8.58,422.0
2019-04-01 14:28:00,8.58,8.58,8.58,8.58,100.0
2019-04-01 14:29:00,8.59,8.59,8.5867,8.5867,2406.0
2019-04-01 14:46:00,8.585,8.585,8.5834,8.5834,700.0
2019-04-01 15:09:00,8.582,8.582,8.582,8.582,1698.0
2019-04-01 15:13:00,8.58,8.58,8.58,8.58,100.0
2019-04-01 15:37:00,8.58,8.59,8.58,8.59,260.0
2019-04-01 15:58:00,8.59,8.59,8.59,8.59,400.0
2019-04-01 16:00:00,8.59,8.59,8.59,8.59,567.0
2019-04-02 09:39:00,8.68,8.68,8.6774,8.68,2138.0
2019-04-02 09:44:00,8.67,8.67,8.663,8.663,985.0
2019-04-02 10:03:00,8.6537,8.6537,8.6537,8.6537,543.0
2019-04-02 10:35:00,8.65,8.65,8.65,8.65,1021.0
2019-04-02 10:36:00,8.65,8.65,8.65,8.65,100.0
2019-04-02 10:40:00,8.65,8.65,8.65,8.65,100.0
2019-04-02 10:43:00,8.65,8.65,8.65,8.65,100.0
2019-04-02 10:48:00,8.65,8.65,8.65,8.65,100.0
2019-04-02 10:55:00,8.65,8.65,8.65,8.65,100.0
2019-04-02 11:00:00,8.65,8.6599,8.65,8.6562,3400.0
2019-04-02 11:01:00,8.6501,8.6501,8.6501,8.6501,100.0
2019-04-02 11:04:00,8.65,8.65,8.65,8.65,100.0
2019-04-02 11:07:00,8.6501,8.6501,8.6501,8.6501,100.0
2019-04-02 11:12:00,8.6501,8.6501,8.6501,8.6501,100.0
2019-04-02 11:18:00,8.6501,8.6501,8.6501,8.6501,100.0
2019-04-02 11:24:00,8.6501,8.6501,8.6501,8.6501,100.0
2019-04-02 11:31:00,8.6501,8.6501,8.6501,8.6501,100.0
2019-04-02 11:36:00,8.6501,8.6501,8.6501,8.6501,100.0
2019-04-02 11:40:00,8.6501,8.6501,8.6501,8.6501,100.0
2019-04-02 11:45:00,8.6501,8.6501,8.6501,8.6501,100.0
2019-04-02 11:52:00,8.6501,8.6501,8.6501,8.6501,282.0
2019-04-02 11:56:00,8.6501,8.6501,8.6501,8.6501,100.0
2019-04-02 12:00:00,8.6501,8.6501,8.6501,8.6501,100.0
2019-04-02 12:05:00,8.65,8.65,8.65,8.65,175.0
2019-04-02 12:10:00,8.65,8.65,8.65,8.65,100.0
2019-04-02 12:15:00,8.65,8.65,8.65,8.65,100.0
2019-04-02 12:19:00,8.65,8.65,8.65,8.65,100.0
2019-04-02 12:23:00,8.65,8.65,8.65,8.65,100.0
2019-04-02 12:27:00,8.65,8.65,8.65,8.65,200.0
2019-04-02 12:36:00,8.65,8.65,8.65,8.65,100.0
2019-04-02 12:40:00,8.65,8.65,8.65,8.65,100.0
2019-04-02 12:44:00,8.65,8.65,8.65,8.65,100.0
2019-04-02 12:49:00,8.65,8.65,8.65,8.65,100.0
2019-04-02 12:54:00,8.65,8.65,8.65,8.65,200.0
2019-04-02 12:59:00,8.65,8.65,8.65,8.65,135.0
2019-04-02 13:04:00,8.65,8.65,8.65,8.65,475.0
2019-04-02 13:09:00,8.65,8.65,8.65,8.65,100.0
2019-04-02 13:14:00,8.65,8.65,8.65,8.65,100.0
2019-04-02 13:20:00,8.65,8.65,8.65,8.65,100.0
2019-04-02 13:27:00,8.65,8.65,8.65,8.65,100.0
2019-04-02 13:29:00,8.6562,8.6562,8.6562,8.6562,115.0
2019-04-02 13:33:00,8.65,8.65,8.65,8.65,200.0
2019-04-02 13:39:00,8.6501,8.6501,8.6501,8.6501,100.0
2019-04-02 13:44:00,8.6501,8.6501,8.65,8.65,359.0
2019-04-02 13:50:00,8.65,8.65,8.65,8.65,560.0
2019-04-02 13:55:00,8.64,8.64,8.64,8.64,102.0
2019-04-02 14:00:00,8.61,8.61,8.61,8.61,100.0
2019-04-02 14:03:00,8.61,8.61,8.61,8.61,100.0
2019-04-02 14:07:00,8.6,8.6,8.6,8.6,110.0
2019-04-02 14:10:00,8.6,8.6,8.6,8.6,100.0
2019-04-02 14:13:00,8.59,8.59,8.59,8.59,100.0
2019-04-02 14:17:00,8.59,8.59,8.59,8.59,100.0
2019-04-02 14:21:00,8.59,8.59,8.59,8.59,100.0
2019-04-02 14:26:00,8.59,8.59,8.59,8.59,100.0
2019-04-02 14:31:00,8.59,8.59,8.59,8.59,100.0
2019-04-02 14:35:00,8.59,8.59,8.59,8.59,100.0
2019-04-02 14:39:00,8.59,8.59,8.59,8.59,100.0
2019-04-02 14:44:00,8.59,8.59,8.59,8.59,100.0
2019-04-02 14:47:00,8.59,8.59,8.59,8.59,100.0
2019-04-02 14:51:00,8.59,8.59,8.59,8.59,100.0
2019-04-02 14:54:00,8.59,8.59,8.59,8.59,235.0
2019-04-02 14:57:00,8.59,8.59,8.59,8.59,100.0
2019-04-02 14:59:00,8.59,8.59,8.59,8.59,100.0
2019-04-02 15:02:00,8.59,8.59,8.59,8.59,100.0
2019-04-02 15:05:00,8.58,8.58,8.58,8.58,100.0
2019-04-02 15:08:00,8.58,8.58,8.58,8.58,100.0
2019-04-02 15:11:00,8.58,8.58,8.58,8.58,200.0
2019-04-02 15:15:00,8.58,8.58,8.58,8.58,100.0
2019-04-02 15:17:00,8.58,8.58,8.58,8.58,100.0
2019-04-02 15:19:00,8.57,8.57,8.57,8.57,100.0
2019-04-02 15:21:00,8.57,8.57,8.57,8.57,100.0
2019-04-02 15:24:00,8.57,8.57,8.57,8.57,100.0
2019-04-02 15:26:00,8.57,8.57,8.57,8.57,100.0
2019-04-02 15:28:00,8.57,8.57,8.57,8.57,100.0
2019-04-02 15:30:00,8.57,8.57,8.57,8.57,100.0
2019-04-02 15:32:00,8.57,8.57,8.57,8.57,100.0
2019-04-02 15:34:00,8.57,8.57,8.57,8.57,100.0
2019-04-02 15:36:00,8.57,8.57,8.57,8.57,100.0
2019-04-02 15:38:00,8.57,8.57,8.57,8.57,100.0
2019-04-02 15:39:00,8.57,8.57,8.57,8.57,100.0
2019-04-02 15:41:00,8.57,8.57,8.57,8.57,100.0
2019-04-02 15:43:00,8.57,8.57,8.57,8.57,100.0
2019-04-02 15:45:00,8.57,8.57,8.57,8.57,100.0
2019-04-02 15:46:00,8.57,8.58,8.57,8.58,200.0
2019-04-02 15:47:00,8.57,8.57,8.57,8.57,100.0
2019-04-02 15:48:00,8.57,8.57,8.57,8.57,400.0
2019-04-02 15:49:00,8.56,8.56,8.56,8.56,100.0
2019-04-02 15:50:00,8.56,8.56,8.56,8.56,100.0
2019-04-02 15:51:00,8.57,8.57,8.57,8.57,200.0
2019-04-02 15:52:00,8.56,8.56,8.56,8.56,100.0
2019-04-02 15:53:00,8.56,8.57,8.56,8.57,271.0
2019-04-02 15:54:00,8.56,8.56,8.56,8.56,100.0
2019-04-02 15:55:00,8.56,8.56,8.56,8.56,100.0
2019-04-02 15:57:00,8.56,8.57,8.56,8.57,200.0
2019-04-02 15:58:00,8.56,8.56,8.56,8.56,100.0
2019-04-02 15:59:00,8.56,8.57,8.56,8.565,500.0
2019-04-02 16:00:00,8.56,8.56,8.551,8.56,812.0
2019-04-03 09:31:00,8.62,8.62,8.62,8.62,0.0
2019-04-03 10:09:00,8.5855,8.5855,8.5855,8.5855,1408.0
2019-04-03 10:17:00,8.5601,8.5601,8.5601,8.5601,100.0
2019-04-03 10:21:00,8.5601,8.5601,8.5601,8.5601,100.0
2019-04-03 10:25:00,8.5601,8.5601,8.5601,8.5601,100.0
2019-04-03 10:29:00,8.56,8.56,8.56,8.56,100.0
2019-04-03 10:34:00,8.56,8.56,8.56,8.56,100.0
2019-04-03 10:39:00,8.57,8.57,8.57,8.57,100.0
2019-04-03 10:40:00,8.5601,8.5601,8.5601,8.5601,150.0
2019-04-03 10:41:00,8.57,8.58,8.57,8.58,474.0
2019-04-03 10:43:00,8.5765,8.5765,8.5765,8.5765,500.0
2019-04-03 10:44:00,8.58,8.58,8.58,8.58,100.0
2019-04-03 10:51:00,8.57,8.57,8.57,8.57,100.0
2019-04-03 10:58:00,8.57,8.57,8.57,8.57,100.0
2019-04-03 11:05:00,8.57,8.57,8.57,8.57,100.0
2019-04-03 11:11:00,8.57,8.57,8.57,8.57,100.0
2019-04-03 11:18:00,8.57,8.57,8.57,8.57,101.0
2019-04-03 11:23:00,8.57,8.57,8.57,8.57,100.0
2019-04-03 11:28:00,8.57,8.57,8.57,8.57,100.0
2019-04-03 11:33:00,8.575,8.575,8.575,8.575,100.0
2019-04-03 11:38:00,8.575,8.575,8.575,8.575,100.0
2019-04-03 11:43:00,8.575,8.575,8.575,8.575,100.0
2019-04-03 11:48:00,8.57,8.57,8.57,8.57,100.0
2019-04-03 11:53:00,8.575,8.575,8.575,8.575,100.0
2019-04-03 11:57:00,8.57,8.57,8.57,8.57,150.0
2019-04-03 12:02:00,8.575,8.575,8.575,8.575,100.0
2019-04-03 12:08:00,8.573,8.575,8.573,8.575,293.0
2019-04-03 12:14:00,8.575,8.575,8.575,8.575,100.0
2019-04-03 12:19:00,8.575,8.575,8.575,8.575,100.0
2019-04-03 12:24:00,8.575,8.575,8.575,8.575,100.0
2019-04-03 12:34:00,8.575,8.575,8.575,8.575,200.0
2019-04-03 12:40:00,8.575,8.575,8.575,8.575,100.0
2019-04-03 12:45:00,8.565,8.57,8.5613,8.57,900.0
2019-04-03 12:50:00,8.565,8.565,8.565,8.565,100.0
2019-04-03 12:56:00,8.565,8.565,8.565,8.565,100.0
2019-04-03 13:02:00,8.565,8.57,8.565,8.57,200.0
2019-04-03 13:08:00,8.565,8.565,8.565,8.565,100.0
2019-04-03 13:14:00,8.565,8.565,8.565,8.565,100.0
2019-04-03 13:20:00,8.561,8.57,8.561,8.57,600.0
2019-04-03 13:22:00,8.565,8.565,8.565,8.565,100.0
2019-04-03 13:29:00,8.565,8.565,8.565,8.565,100.0
2019-04-03 13:34:00,8.57,8.57,8.5691,8.5691,1200.0
2019-04-03 13:37:00,8.58,8.58,8.58,8.58,100.0
2019-04-03 13:43:00,8.575,8.58,8.575,8.58,200.0
2019-04-03 13:48:00,8.5766,8.5766,8.5766,8.5766,602.0
2019-04-03 13:49:00,8.575,8.575,8.575,8.575,100.0
2019-04-03 13:53:00,8.58,8.58,8.58,8.58,100.0
2019-04-03 13:55:00,8.5701,8.5701,8.5701,8.5701,104.0
2019-04-03 14:01:00,8.575,8.575,8.575,8.575,100.0
2019-04-03 14:05:00,8.57,8.57,8.57,8.57,0.0
2019-04-03 14:08:00,8.58,8.58,8.57,8.58,14382.0
2019-04-03 14:09:00,8.58,8.58,8.5701,8.5701,2500.0
2019-04-03 14:13:00,8.5701,8.5701,8.5701,8.5701,100.0
2019-04-03 14:17:00,8.5701,8.5701,8.5701,8.5701,100.0
2019-04-03 14:23:00,8.575,8.575,8.571,8.571,738.0
2019-04-03 14:29:00,8.575,8.575,8.575,8.575,100.0
2019-04-03 14:34:00,8.575,8.575,8.575,8.575,100.0
2019-04-03 14:40:00,8.575,8.575,8.575,8.575,115.0
2019-04-03 14:41:00,8.5768,8.5768,8.575,8.575,1600.0
2019-04-03 14:45:00,8.575,8.575,8.575,8.575,100.0
2019-04-03 14:46:00,8.5715,8.5715,8.5715,8.5715,865.0
2019-04-03 14:49:00,8.575,8.575,8.575,8.575,100.0
2019-04-03 14:53:00,8.5701,8.5701,8.5701,8.5701,100.0
2019-04-03 14:55:00,8.575,8.575,8.575,8.575,3998.0
2019-04-03 14:56:00,8.5701,8.5701,8.5701,8.5701,100.0
2019-04-03 14:59:00,8.5701,8.5701,8.5701,8.5701,100.0
2019-04-03 15:03:00,8.5701,8.5701,8.5701,8.5701,100.0
2019-04-03 15:04:00,8.5749,8.5749,8.57,8.57,962.0
2019-04-03 15:06:00,8.575,8.575,8.575,8.575,100.0
2019-04-03 15:10:00,8.5701,8.5701,8.5701,8.5701,100.0
2019-04-03 15:13:00,8.58,8.58,8.57,8.58,4995.0
2019-04-03 15:14:00,8.575,8.575,8.575,8.575,100.0
2019-04-03 15:17:00,8.575,8.575,8.575,8.575,100.0
2019-04-03 15:19:00,8.57,8.57,8.57,8.57,125.0
2019-04-03 15:22:00,8.575,8.575,8.575,8.575,100.0
2019-04-03 15:25:00,8.5701,8.5701,8.5701,8.5701,100.0
2019-04-03 15:28:00,8.575,8.575,8.575,8.575,100.0
2019-04-03 15:30:00,8.5701,8.5701,8.5701,8.5701,100.0
2019-04-03 15:33:00,8.575,8.575,8.575,8.575,100.0
2019-04-03 15:35:00,8.5701,8.5701,8.5701,8.5701,100.0
2019-04-03 15:37:00,8.5701,8.5701,8.5701,8.5701,115.0
2019-04-03 15:39:00,8.575,8.58,8.575,8.58,202.0
2019-04-03 15:42:00,8.5701,8.5701,8.5701,8.5701,214.0
2019-04-03 15:44:00,8.5701,8.5701,8.5701,8.5701,100.0
2019-04-03 15:46:00,8.5701,8.5701,8.5701,8.5701,100.0
2019-04-03 15:47:00,8.5701,8.5701,8.5701,8.5701,100.0
2019-04-03 15:48:00,8.5701,8.5701,8.5701,8.5701,100.0
2019-04-03 15:50:00,8.5701,8.5701,8.5701,8.5701,100.0
2019-04-03 15:51:00,8.5701,8.5701,8.57,8.57,200.0
2019-04-03 15:52:00,8.5701,8.5701,8.5701,8.5701,100.0
2019-04-03 15:54:00,8.5701,8.5701,8.5701,8.5701,100.0
2019-04-03 15:55:00,8.57,8.57,8.57,8.57,100.0
2019-04-03 15:56:00,8.57,8.57,8.57,8.57,100.0
2019-04-03 15:57:00,8.57,8.57,8.57,8.57,100.0
2019-04-03 15:58:00,8.57,8.57,8.56,8.56,4070.0
2019-04-03 15:59:00,8.5501,8.56,8.5501,8.56,672.0
2019-04-03 16:00:00,8.55,8.55,8.5401,8.55,12550.0
