
2019-03-19 09:31:00,5.83,5.84,5.83,5.84,8934.0
2019-03-19 09:33:00,5.83,5.83,5.83,5.83,690.0
2019-03-19 09:34:00,5.839,5.84,5.839,5.84,42464.0
2019-03-19 09:35:00,5.84,5.84,5.84,5.84,100.0
2019-03-19 09:38:00,5.84,5.84,5.84,5.84,100.0
2019-03-19 09:39:00,5.84,5.84,5.84,5.84,200.0
2019-03-19 09:42:00,5.84,5.84,5.84,5.84,210.0
2019-03-19 09:43:00,5.84,5.84,5.84,5.84,1441.0
2019-03-19 09:44:00,5.84,5.84,5.84,5.84,820.0
2019-03-19 09:45:00,5.84,5.84,5.84,5.84,2686.0
2019-03-19 09:46:00,5.84,5.84,5.84,5.84,292.0
2019-03-19 09:47:00,5.84,5.84,5.84,5.84,109.0
2019-03-19 09:48:00,5.84,5.84,5.84,5.84,202.0
2019-03-19 09:52:00,5.84,5.84,5.84,5.84,221.0
2019-03-19 09:54:00,5.84,5.84,5.84,5.84,100.0
2019-03-19 09:57:00,5.84,5.84,5.84,5.84,100.0
2019-03-19 10:00:00,5.84,5.84,5.835,5.835,300.0
2019-03-19 10:03:00,5.84,5.84,5.84,5.84,100.0
2019-03-19 10:08:00,5.84,5.84,5.84,5.84,320.0
2019-03-19 10:09:00,5.8364,5.8364,5.8364,5.8364,1020.0
2019-03-19 10:10:00,5.84,5.84,5.835,5.84,1938.0
2019-03-19 10:12:00,5.84,5.84,5.84,5.84,100.0
2019-03-19 10:14:00,5.8331,5.8331,5.8331,5.8331,500.0
2019-03-19 10:19:00,5.84,5.84,5.84,5.84,205.0
2019-03-19 10:25:00,5.84,5.84,5.84,5.84,805.0
2019-03-19 10:27:00,5.84,5.84,5.84,5.84,100.0
2019-03-19 10:29:00,5.84,5.84,5.84,5.84,305.0
2019-03-19 10:31:00,5.835,5.835,5.835,5.835,105.0
2019-03-19 10:36:00,5.835,5.835,5.835,5.835,100.0
2019-03-19 10:37:00,5.84,5.84,5.84,5.84,1445.0
2019-03-19 10:38:00,5.84,5.84,5.84,5.84,100.0
2019-03-19 10:40:00,5.84,5.84,5.84,5.84,200.0
2019-03-19 10:42:00,5.84,5.84,5.84,5.84,1205.0
2019-03-19 10:43:00,5.84,5.84,5.84,5.84,100.0
2019-03-19 10:44:00,5.84,5.84,5.84,5.84,149.0
2019-03-19 10:46:00,5.84,5.84,5.84,5.84,100.0
2019-03-19 10:47:00,5.84,5.84,5.84,5.84,205.0
2019-03-19 10:49:00,5.84,5.84,5.84,5.84,1800.0
2019-03-19 10:51:00,5.84,5.84,5.84,5.84,1845.0
2019-03-19 10:52:00,5.84,5.84,5.84,5.84,300.0
2019-03-19 10:54:00,5.84,5.84,5.835,5.84,300.0
2019-03-19 10:55:00,5.835,5.835,5.83,5.835,40400.0
2019-03-19 10:56:00,5.835,5.835,5.83,5.835,75752.0
2019-03-19 10:57:00,5.83,5.84,5.83,5.84,200.0
2019-03-19 10:59:00,5.84,5.84,5.84,5.84,100.0
2019-03-19 11:00:00,5.83,5.84,5.83,5.83,305.0
2019-03-19 11:01:00,5.84,5.84,5.84,5.84,200.0
2019-03-19 11:02:00,5.83,5.835,5.83,5.835,39200.0
2019-03-19 11:03:00,5.84,5.84,5.84,5.84,100.0
2019-03-19 11:04:00,5.84,5.84,5.83,5.83,200.0
2019-03-19 11:05:00,5.83,5.83,5.83,5.83,5000.0
2019-03-19 11:06:00,5.84,5.84,5.84,5.84,100.0
2019-03-19 11:07:00,5.83,5.83,5.83,5.83,100.0
2019-03-19 11:08:00,5.83,5.83,5.83,5.83,100.0
2019-03-19 11:09:00,5.84,5.84,5.84,5.84,100.0
2019-03-19 11:10:00,5.83,5.83,5.83,5.83,300.0
2019-03-19 11:11:00,5.84,5.84,5.84,5.84,100.0
2019-03-19 11:12:00,5.84,5.84,5.84,5.84,100.0
2019-03-19 11:13:00,5.83,5.83,5.83,5.83,105.0
2019-03-19 11:14:00,5.835,5.835,5.83,5.83,1200.0
2019-03-19 11:15:00,5.84,5.84,5.835,5.835,2600.0
2019-03-19 11:17:00,5.835,5.84,5.835,5.835,805.0
2019-03-19 11:18:00,5.835,5.835,5.835,5.835,200.0
2019-03-19 11:22:00,5.84,5.84,5.84,5.84,105.0
2019-03-19 11:24:00,5.83,5.83,5.83,5.83,100.0
2019-03-19 11:26:00,5.835,5.835,5.835,5.835,200.0
2019-03-19 11:27:00,5.84,5.84,5.84,5.84,205.0
2019-03-19 11:28:00,5.8321,5.8321,5.83,5.83,200.0
2019-03-19 11:29:00,5.835,5.84,5.835,5.84,400.0
2019-03-19 11:30:00,5.83,5.83,5.83,5.83,105.0
2019-03-19 11:33:00,5.84,5.84,5.84,5.84,105.0
2019-03-19 11:35:00,5.84,5.84,5.835,5.835,305.0
2019-03-19 11:39:00,5.835,5.835,5.835,5.835,250.0
2019-03-19 11:40:00,5.83,5.84,5.83,5.83,790.0
2019-03-19 11:41:00,5.83,5.83,5.83,5.83,3108.0
2019-03-19 11:42:00,5.84,5.84,5.84,5.84,200.0
2019-03-19 11:46:00,5.835,5.835,5.83,5.83,300.0
2019-03-19 11:48:00,5.84,5.84,5.835,5.835,200.0
2019-03-19 11:49:00,5.835,5.835,5.835,5.835,105.0
2019-03-19 11:51:00,5.835,5.835,5.835,5.835,200.0
2019-03-19 11:52:00,5.84,5.84,5.835,5.835,1357.0
2019-03-19 11:53:00,5.84,5.84,5.84,5.84,250.0
2019-03-19 11:59:00,5.83,5.83,5.83,5.83,105.0
2019-03-19 12:03:00,5.84,5.84,5.84,5.84,255.0
2019-03-19 12:05:00,5.835,5.835,5.835,5.835,1550.0
2019-03-19 12:06:00,5.835,5.835,5.835,5.835,100.0
2019-03-19 12:07:00,5.83,5.835,5.83,5.835,200.0
2019-03-19 12:09:00,5.835,5.835,5.835,5.835,105.0
2019-03-19 12:10:00,5.84,5.84,5.84,5.84,103.0
2019-03-19 12:12:00,5.835,5.835,5.835,5.835,200.0
2019-03-19 12:14:00,5.84,5.84,5.84,5.84,100.0
2019-03-19 12:15:00,5.835,5.835,5.835,5.835,105.0
2019-03-19 12:16:00,5.835,5.835,5.835,5.835,100.0
2019-03-19 12:18:00,5.84,5.84,5.835,5.835,600.0
2019-03-19 12:19:00,5.83,5.83,5.83,5.83,100.0
2019-03-19 12:20:00,5.835,5.84,5.835,5.835,925.0
2019-03-19 12:22:00,5.84,5.84,5.84,5.84,100.0
2019-03-19 12:23:00,5.84,5.84,5.84,5.84,100.0
2019-03-19 12:24:00,5.835,5.835,5.835,5.835,100.0
2019-03-19 12:26:00,5.84,5.84,5.835,5.835,305.0
2019-03-19 12:27:00,5.835,5.835,5.835,5.835,100.0
2019-03-19 12:31:00,5.84,5.84,5.84,5.84,105.0
2019-03-19 12:33:00,5.835,5.84,5.835,5.84,540.0
2019-03-19 12:34:00,5.84,5.84,5.84,5.84,200.0
2019-03-19 12:35:00,5.83,5.835,5.83,5.835,207.0
2019-03-19 12:41:00,5.83,5.84,5.83,5.84,300.0
2019-03-19 12:42:00,5.835,5.835,5.835,5.835,1600.0
2019-03-19 12:43:00,5.835,5.84,5.835,5.84,205.0
2019-03-19 12:45:00,5.84,5.84,5.84,5.84,100.0
2019-03-19 12:46:00,5.84,5.84,5.84,5.84,160.0
2019-03-19 12:47:00,5.83,5.83,5.83,5.83,140.0
2019-03-19 12:48:00,5.835,5.835,5.835,5.835,305.0
2019-03-19 12:49:00,5.84,5.84,5.84,5.84,100.0
2019-03-19 12:51:00,5.835,5.835,5.835,5.835,500.0
2019-03-19 12:53:00,5.83,5.84,5.83,5.84,700.0
2019-03-19 12:54:00,5.83,5.83,5.83,5.83,205.0
2019-03-19 12:55:00,5.83,5.83,5.83,5.83,100.0
2019-03-19 12:56:00,5.84,5.84,5.835,5.835,300.0
2019-03-19 12:58:00,5.835,5.835,5.835,5.835,300.0
2019-03-19 12:59:00,5.84,5.84,5.84,5.84,100.0
2019-03-19 13:00:00,5.83,5.8384,5.83,5.8384,576.0
2019-03-19 13:02:00,5.835,5.835,5.835,5.835,200.0
2019-03-19 13:04:00,5.83,5.835,5.83,5.835,1405.0
2019-03-19 13:07:00,5.835,5.835,5.835,5.835,100.0
2019-03-19 13:08:00,5.835,5.835,5.835,5.835,200.0
2019-03-19 13:11:00,5.83,5.83,5.83,5.83,206.0
2019-03-19 13:12:00,5.84,5.84,5.84,5.84,100.0
2019-03-19 13:13:00,5.84,5.84,5.84,5.84,100.0
2019-03-19 13:15:00,5.84,5.84,5.84,5.84,100.0
2019-03-19 13:16:00,5.835,5.835,5.835,5.835,274.0
2019-03-19 13:17:00,5.835,5.835,5.835,5.835,105.0
2019-03-19 13:18:00,5.83,5.83,5.83,5.83,119.0
2019-03-19 13:19:00,5.84,5.84,5.835,5.835,206.0
2019-03-19 13:20:00,5.835,5.835,5.835,5.835,2914.0
2019-03-19 13:21:00,5.835,5.835,5.835,5.835,900.0
2019-03-19 13:22:00,5.84,5.84,5.835,5.835,1000.0
2019-03-19 13:23:00,5.835,5.835,5.835,5.835,105.0
2019-03-19 13:24:00,5.835,5.835,5.835,5.835,200.0
2019-03-19 13:25:00,5.835,5.84,5.835,5.84,200.0
2019-03-19 13:26:00,5.835,5.835,5.835,5.835,100.0
2019-03-19 13:27:00,5.84,5.84,5.84,5.84,100.0
2019-03-19 13:28:00,5.835,5.835,5.835,5.835,100.0
2019-03-19 13:29:00,5.84,5.84,5.83,5.83,205.0
2019-03-19 13:32:00,5.84,5.84,5.84,5.84,100.0
2019-03-19 13:33:00,5.835,5.835,5.83,5.83,305.0
2019-03-19 13:35:00,5.84,5.84,5.84,5.84,100.0
2019-03-19 13:37:00,5.84,5.84,5.835,5.835,800.0
2019-03-19 13:39:00,5.84,5.84,5.835,5.835,3800.0
2019-03-19 13:40:00,5.835,5.835,5.835,5.835,500.0
2019-03-19 13:41:00,5.84,5.84,5.835,5.835,405.0
2019-03-19 13:42:00,5.84,5.84,5.84,5.84,200.0
2019-03-19 13:43:00,5.83,5.83,5.83,5.83,100.0
2019-03-19 13:45:00,5.84,5.84,5.84,5.84,100.0
2019-03-19 13:46:00,5.83,5.83,5.83,5.83,1905.0
2019-03-19 13:49:00,5.84,5.84,5.835,5.835,200.0
2019-03-19 13:51:00,5.84,5.84,5.84,5.84,360.0
2019-03-19 13:52:00,5.835,5.84,5.835,5.835,1805.0
2019-03-19 13:53:00,5.84,5.84,5.835,5.84,1300.0
2019-03-19 13:55:00,5.83,5.84,5.83,5.84,320.0
2019-03-19 13:58:00,5.835,5.835,5.835,5.835,105.0
2019-03-19 13:59:00,5.84,5.84,5.835,5.84,1800.0
2019-03-19 14:01:00,5.835,5.84,5.835,5.84,200.0
2019-03-19 14:02:00,5.84,5.84,5.84,5.84,100.0
2019-03-19 14:03:00,5.84,5.84,5.84,5.84,105.0
2019-03-19 14:05:00,5.84,5.84,5.84,5.84,300.0
2019-03-19 14:07:00,5.84,5.84,5.84,5.84,100.0
2019-03-19 14:08:00,5.84,5.84,5.835,5.835,283.0
2019-03-19 14:11:00,5.84,5.84,5.84,5.84,200.0
2019-03-19 14:12:00,5.83,5.835,5.83,5.835,300.0
2019-03-19 14:13:00,5.835,5.835,5.835,5.835,105.0
2019-03-19 14:15:00,5.835,5.835,5.83,5.83,200.0
2019-03-19 14:16:00,5.835,5.835,5.835,5.835,300.0
2019-03-19 14:19:00,5.84,5.84,5.84,5.84,205.0
2019-03-19 14:26:00,5.84,5.84,5.84,5.84,100.0
2019-03-19 14:27:00,5.83,5.83,5.83,5.83,100.0
2019-03-19 14:28:00,5.84,5.84,5.835,5.835,1400.0
2019-03-19 14:29:00,5.83,5.835,5.83,5.83,1020.0
2019-03-19 14:30:00,5.83,5.83,5.83,5.83,100.0
2019-03-19 14:31:00,5.84,5.84,5.835,5.84,500.0
2019-03-19 14:32:00,5.84,5.84,5.84,5.84,200.0
2019-03-19 14:33:00,5.83,5.83,5.83,5.83,105.0
2019-03-19 14:34:00,5.84,5.84,5.84,5.84,100.0
2019-03-19 14:37:00,5.835,5.835,5.835,5.835,1700.0
2019-03-19 14:38:00,5.835,5.835,5.835,5.835,100.0
2019-03-19 14:39:00,5.84,5.84,5.835,5.835,2565.0
2019-03-19 14:40:00,5.835,5.835,5.835,5.835,100.0
2019-03-19 14:41:00,5.84,5.84,5.835,5.835,382.0
2019-03-19 14:49:00,5.84,5.84,5.84,5.84,200.0
2019-03-19 14:51:00,5.84,5.84,5.84,5.84,100.0
2019-03-19 14:52:00,5.83,5.83,5.83,5.83,105.0
2019-03-19 14:54:00,5.84,5.84,5.84,5.84,105.0
2019-03-19 15:00:00,5.835,5.835,5.83,5.83,605.0
2019-03-19 15:02:00,5.83,5.83,5.83,5.83,184.0
2019-03-19 15:04:00,5.83,5.83,5.83,5.83,105.0
2019-03-19 15:09:00,5.835,5.835,5.83,5.83,3405.0
2019-03-19 15:11:00,5.84,5.84,5.835,5.835,200.0
2019-03-19 15:13:00,5.84,5.84,5.835,5.835,200.0
2019-03-19 15:14:00,5.84,5.84,5.835,5.835,1905.0
2019-03-19 15:15:00,5.84,5.84,5.84,5.84,405.0
2019-03-19 15:21:00,5.835,5.835,5.83,5.83,10105.0
2019-03-19 15:22:00,5.84,5.84,5.835,5.835,500.0
2019-03-19 15:23:00,5.835,5.835,5.835,5.835,200.0
2019-03-19 15:24:00,5.835,5.835,5.835,5.835,105.0
2019-03-19 15:25:00,5.84,5.84,5.84,5.84,100.0
2019-03-19 15:27:00,5.84,5.84,5.84,5.84,100.0
2019-03-19 15:28:00,5.835,5.835,5.835,5.835,105.0
2019-03-19 15:30:00,5.83,5.83,5.83,5.83,105.0
2019-03-19 15:33:00,5.835,5.835,5.835,5.835,105.0
2019-03-19 15:36:00,5.835,5.835,5.835,5.835,100.0
2019-03-19 15:37:00,5.835,5.835,5.835,5.835,105.0
2019-03-19 15:39:00,5.83,5.83,5.83,5.83,100.0
2019-03-19 15:40:00,5.83,5.83,5.83,5.83,174.0
2019-03-19 15:42:00,5.83,5.835,5.83,5.835,205.0
2019-03-19 15:43:00,5.835,5.835,5.835,5.835,177.0
2019-03-19 15:45:00,5.83,5.8332,5.83,5.8331,2920.0
2019-03-19 15:46:00,5.835,5.835,5.835,5.835,220.0
2019-03-19 15:47:00,5.84,5.84,5.83,5.83,2190.0
2019-03-19 15:48:00,5.84,5.84,5.84,5.84,100.0
2019-03-19 15:50:00,5.83,5.83,5.83,5.83,100.0
2019-03-19 15:51:00,5.84,5.84,5.84,5.84,200.0
2019-03-19 15:52:00,5.84,5.84,5.84,5.84,1462.0
2019-03-19 15:53:00,5.83,5.83,5.83,5.83,109.0
2019-03-19 15:54:00,5.835,5.835,5.83,5.83,318.0
2019-03-19 15:55:00,5.84,5.84,5.83,5.83,536.0
2019-03-19 15:56:00,5.84,5.84,5.83,5.83,8781.0
2019-03-19 15:57:00,5.84,5.84,5.835,5.835,600.0
2019-03-19 15:58:00,5.84,5.84,5.835,5.835,200.0
2019-03-19 15:59:00,5.84,5.84,5.83,5.835,1452.0
2019-03-19 16:00:00,5.83,5.84,5.83,5.835,23875.0
2019-03-20 09:31:00,5.84,5.84,5.84,5.84,0.0
2019-03-20 09:33:00,5.84,5.84,5.84,5.84,599.0
2019-03-20 09:35:00,5.84,5.84,5.84,5.84,3500.0
2019-03-20 09:36:00,5.84,5.84,5.84,5.84,1600.0
2019-03-20 09:38:00,5.84,5.84,5.84,5.84,200.0
2019-03-20 09:41:00,5.84,5.84,5.84,5.84,310.0
2019-03-20 09:48:00,5.835,5.835,5.835,5.835,318.0
2019-03-20 09:52:00,5.84,5.84,5.84,5.84,102.0
2019-03-20 09:57:00,5.84,5.84,5.84,5.84,100.0
2019-03-20 10:01:00,5.84,5.84,5.84,5.84,200.0
2019-03-20 10:06:00,5.84,5.84,5.84,5.84,194.0
2019-03-20 10:08:00,5.84,5.84,5.84,5.84,2328.0
2019-03-20 10:09:00,5.84,5.84,5.84,5.84,7595.0
2019-03-20 10:12:00,5.84,5.84,5.84,5.84,1800.0
2019-03-20 10:21:00,5.84,5.84,5.84,5.84,1300.0
2019-03-20 10:22:00,5.84,5.84,5.84,5.84,100.0
2019-03-20 10:27:00,5.84,5.84,5.84,5.84,100.0
2019-03-20 10:29:00,5.84,5.84,5.84,5.84,200.0
2019-03-20 10:31:00,5.84,5.84,5.84,5.84,100.0
2019-03-20 10:33:00,5.8368,5.8368,5.8368,5.8368,505.0
2019-03-20 10:36:00,5.835,5.84,5.835,5.84,495.0
2019-03-20 10:40:00,5.84,5.84,5.84,5.84,255.0
2019-03-20 10:41:00,5.84,5.84,5.84,5.84,319.0
2019-03-20 10:43:00,5.84,5.84,5.84,5.84,100.0
2019-03-20 10:45:00,5.84,5.84,5.84,5.84,300.0
2019-03-20 10:46:00,5.84,5.84,5.84,5.84,200.0
2019-03-20 10:50:00,5.84,5.84,5.84,5.84,1800.0
2019-03-20 10:51:00,5.84,5.84,5.84,5.84,100.0
2019-03-20 10:52:00,5.84,5.84,5.84,5.84,1800.0
2019-03-20 10:57:00,5.84,5.84,5.84,5.84,101.0
2019-03-20 11:00:00,5.84,5.84,5.84,5.84,200.0
2019-03-20 11:02:00,5.84,5.84,5.84,5.84,200.0
2019-03-20 11:03:00,5.84,5.84,5.84,5.84,100.0
2019-03-20 11:05:00,5.84,5.84,5.83,5.83,1560.0
2019-03-20 11:09:00,5.84,5.84,5.84,5.84,100.0
2019-03-20 11:11:00,5.84,5.84,5.84,5.84,2100.0
2019-03-20 11:15:00,5.8368,5.8368,5.8368,5.8368,750.0
2019-03-20 11:16:00,5.84,5.84,5.84,5.84,300.0
2019-03-20 11:18:00,5.84,5.84,5.84,5.84,100.0
2019-03-20 11:20:00,5.84,5.84,5.84,5.84,400.0
2019-03-20 11:21:00,5.84,5.84,5.84,5.84,1500.0
2019-03-20 11:25:00,5.84,5.84,5.84,5.84,200.0
2019-03-20 11:30:00,5.84,5.84,5.84,5.84,100.0
2019-03-20 11:32:00,5.84,5.84,5.84,5.84,1961.0
2019-03-20 11:34:00,5.835,5.84,5.835,5.84,8082.0
2019-03-20 11:36:00,5.84,5.84,5.84,5.84,100.0
2019-03-20 11:37:00,5.84,5.84,5.84,5.84,800.0
2019-03-20 11:40:00,5.84,5.84,5.84,5.84,300.0
2019-03-20 11:42:00,5.84,5.84,5.84,5.84,1100.0
2019-03-20 11:48:00,5.84,5.84,5.84,5.84,100.0
2019-03-20 11:50:00,5.84,5.84,5.84,5.84,200.0
2019-03-20 11:53:00,5.84,5.84,5.84,5.84,270.0
2019-03-20 11:58:00,5.835,5.84,5.835,5.84,200.0
2019-03-20 11:59:00,5.84,5.84,5.84,5.84,100.0
2019-03-20 12:00:00,5.84,5.84,5.84,5.84,300.0
2019-03-20 12:01:00,5.84,5.84,5.84,5.84,200.0
2019-03-20 12:05:00,5.84,5.84,5.84,5.84,300.0
2019-03-20 12:08:00,5.84,5.84,5.835,5.84,700.0
2019-03-20 12:09:00,5.84,5.84,5.83,5.835,36103.0
2019-03-20 12:10:00,5.835,5.835,5.83,5.83,3360.0
2019-03-20 12:11:00,5.84,5.84,5.84,5.84,100.0
2019-03-20 12:22:00,5.84,5.84,5.83,5.83,400.0
2019-03-20 12:26:00,5.84,5.84,5.84,5.84,400.0
2019-03-20 12:28:00,5.835,5.835,5.835,5.835,1700.0
2019-03-20 12:31:00,5.84,5.84,5.84,5.84,2525.0
2019-03-20 12:33:00,5.835,5.835,5.835,5.835,400.0
2019-03-20 12:34:00,5.84,5.84,5.835,5.84,800.0
2019-03-20 12:35:00,5.83,5.83,5.83,5.83,100.0
2019-03-20 12:36:00,5.835,5.835,5.83,5.83,2100.0
2019-03-20 12:39:00,5.84,5.84,5.84,5.84,800.0
2019-03-20 12:40:00,5.84,5.84,5.84,5.84,100.0
2019-03-20 12:42:00,5.83,5.83,5.83,5.83,310.0
2019-03-20 12:49:00,5.83,5.84,5.83,5.84,300.0
2019-03-20 12:53:00,5.84,5.84,5.84,5.84,100.0
2019-03-20 12:54:00,5.84,5.84,5.84,5.84,200.0
2019-03-20 12:57:00,5.84,5.84,5.835,5.835,430.0
2019-03-20 13:01:00,5.84,5.84,5.84,5.84,200.0
2019-03-20 13:04:00,5.83,5.83,5.83,5.83,100.0
2019-03-20 13:05:00,5.83,5.84,5.83,5.84,2760.0
2019-03-20 13:10:00,5.84,5.84,5.84,5.84,100.0
2019-03-20 13:12:00,5.84,5.84,5.84,5.84,1700.0
2019-03-20 13:13:00,5.84,5.84,5.84,5.84,300.0
2019-03-20 13:14:00,5.84,5.84,5.84,5.84,200.0
2019-03-20 13:16:00,5.84,5.84,5.84,5.84,300.0
2019-03-20 13:17:00,5.84,5.84,5.84,5.84,100.0
2019-03-20 13:18:00,5.8301,5.8301,5.8301,5.8301,400.0
2019-03-20 13:19:00,5.83,5.83,5.83,5.83,100.0
2019-03-20 13:22:00,5.84,5.84,5.84,5.84,200.0
2019-03-20 13:23:00,5.84,5.84,5.84,5.84,200.0
2019-03-20 13:24:00,5.84,5.84,5.84,5.84,100.0
2019-03-20 13:29:00,5.84,5.84,5.84,5.84,200.0
2019-03-20 13:33:00,5.84,5.84,5.84,5.84,100.0
2019-03-20 13:34:00,5.84,5.84,5.84,5.84,100.0
2019-03-20 13:36:00,5.84,5.84,5.84,5.84,100.0
2019-03-20 13:42:00,5.84,5.84,5.84,5.84,100.0
2019-03-20 13:45:00,5.84,5.84,5.84,5.84,460.0
2019-03-20 13:46:00,5.84,5.84,5.84,5.84,200.0
2019-03-20 13:48:00,5.84,5.84,5.84,5.84,200.0
2019-03-20 13:49:00,5.84,5.84,5.84,5.84,100.0
2019-03-20 13:50:00,5.84,5.84,5.84,5.84,500.0
2019-03-20 13:52:00,5.84,5.84,5.84,5.84,3400.0
2019-03-20 13:53:00,5.84,5.84,5.84,5.84,200.0
2019-03-20 13:55:00,5.84,5.84,5.83,5.8335,1100.0
2019-03-20 13:56:00,5.84,5.84,5.84,5.84,100.0
2019-03-20 13:57:00,5.84,5.84,5.84,5.84,200.0
2019-03-20 13:58:00,5.84,5.84,5.84,5.84,200.0
2019-03-20 13:59:00,5.84,5.84,5.84,5.84,500.0
2019-03-20 14:00:00,5.84,5.84,5.835,5.835,200.0
2019-03-20 14:01:00,5.84,5.84,5.84,5.84,100.0
2019-03-20 14:03:00,5.84,5.84,5.84,5.84,460.0
2019-03-20 14:04:00,5.84,5.84,5.84,5.84,1900.0
2019-03-20 14:05:00,5.84,5.84,5.84,5.84,200.0
2019-03-20 14:07:00,5.84,5.84,5.835,5.835,800.0
2019-03-20 14:10:00,5.84,5.84,5.84,5.84,800.0
2019-03-20 14:12:00,5.84,5.84,5.84,5.84,900.0
2019-03-20 14:14:00,5.84,5.84,5.84,5.84,100.0
2019-03-20 14:19:00,5.84,5.84,5.84,5.84,100.0
2019-03-20 14:20:00,5.835,5.84,5.835,5.84,401.0
2019-03-20 14:22:00,5.84,5.84,5.84,5.84,600.0
2019-03-20 14:23:00,5.84,5.84,5.84,5.84,200.0
2019-03-20 14:27:00,5.84,5.84,5.84,5.84,400.0
2019-03-20 14:28:00,5.84,5.84,5.84,5.84,100.0
2019-03-20 14:29:00,5.84,5.84,5.84,5.84,200.0
2019-03-20 14:30:00,5.84,5.84,5.84,5.84,660.0
2019-03-20 14:31:00,5.84,5.84,5.84,5.84,2000.0
2019-03-20 14:32:00,5.84,5.84,5.84,5.84,100.0
2019-03-20 14:34:00,5.835,5.84,5.835,5.84,1500.0
2019-03-20 14:38:00,5.84,5.84,5.84,5.84,100.0
2019-03-20 14:39:00,5.84,5.84,5.84,5.84,200.0
2019-03-20 14:40:00,5.84,5.84,5.8375,5.8375,315.0
2019-03-20 14:42:00,5.84,5.84,5.84,5.84,100.0
2019-03-20 14:43:00,5.84,5.84,5.84,5.84,100.0
2019-03-20 14:44:00,5.84,5.84,5.84,5.84,202.0
2019-03-20 14:47:00,5.84,5.84,5.84,5.84,500.0
2019-03-20 14:48:00,5.84,5.84,5.84,5.84,400.0
2019-03-20 14:49:00,5.84,5.85,5.84,5.845,34870.0
2019-03-20 14:50:00,5.84,5.845,5.84,5.845,446.0
2019-03-20 14:51:00,5.85,5.85,5.85,5.85,100.0
2019-03-20 14:52:00,5.85,5.85,5.845,5.845,700.0
2019-03-20 14:53:00,5.85,5.85,5.84,5.84,300.0
2019-03-20 14:54:00,5.845,5.85,5.845,5.85,300.0
2019-03-20 14:55:00,5.845,5.85,5.845,5.85,328.0
2019-03-20 14:58:00,5.85,5.85,5.84,5.84,551.0
2019-03-20 14:59:00,5.84,5.845,5.83,5.83,53920.0
2019-03-20 15:00:00,5.84,5.84,5.84,5.84,100.0
2019-03-20 15:01:00,5.84,5.84,5.84,5.84,200.0
2019-03-20 15:02:00,5.835,5.835,5.835,5.835,100.0
2019-03-20 15:03:00,5.84,5.84,5.84,5.84,300.0
2019-03-20 15:05:00,5.84,5.84,5.84,5.84,114.0
2019-03-20 15:07:00,5.84,5.84,5.84,5.84,200.0
2019-03-20 15:08:00,5.84,5.84,5.84,5.84,100.0
2019-03-20 15:09:00,5.84,5.84,5.84,5.84,200.0
2019-03-20 15:10:00,5.84,5.84,5.84,5.84,300.0
2019-03-20 15:11:00,5.84,5.84,5.84,5.84,122.0
2019-03-20 15:12:00,5.84,5.84,5.84,5.84,200.0
2019-03-20 15:13:00,5.84,5.84,5.84,5.84,100.0
2019-03-20 15:14:00,5.84,5.84,5.84,5.84,200.0
2019-03-20 15:15:00,5.84,5.84,5.84,5.84,100.0
2019-03-20 15:16:00,5.84,5.84,5.84,5.84,200.0
2019-03-20 15:17:00,5.84,5.84,5.84,5.84,300.0
2019-03-20 15:18:00,5.835,5.835,5.835,5.835,1300.0
2019-03-20 15:21:00,5.835,5.835,5.835,5.835,300.0
2019-03-20 15:22:00,5.835,5.84,5.83,5.84,158291.0
2019-03-20 15:23:00,5.83,5.83,5.83,5.83,7600.0
2019-03-20 15:24:00,5.84,5.84,5.84,5.84,100.0
2019-03-20 15:25:00,5.835,5.835,5.835,5.835,100.0
2019-03-20 15:29:00,5.84,5.84,5.84,5.84,100.0
2019-03-20 15:30:00,5.84,5.84,5.84,5.84,100.0
2019-03-20 15:31:00,5.84,5.84,5.84,5.84,100.0
2019-03-20 15:32:00,5.835,5.835,5.835,5.835,100.0
2019-03-20 15:34:00,5.835,5.835,5.835,5.835,100.0
2019-03-20 15:35:00,5.83,5.83,5.83,5.83,100.0
2019-03-20 15:36:00,5.835,5.835,5.83,5.83,300.0
2019-03-20 15:37:00,5.835,5.835,5.835,5.835,300.0
2019-03-20 15:39:00,5.835,5.835,5.835,5.835,100.0
2019-03-20 15:40:00,5.835,5.835,5.835,5.835,200.0
2019-03-20 15:41:00,5.835,5.835,5.835,5.835,100.0
2019-03-20 15:42:00,5.83,5.835,5.83,5.835,3102.0
2019-03-20 15:43:00,5.835,5.835,5.835,5.835,800.0
2019-03-20 15:44:00,5.835,5.835,5.835,5.835,287.0
2019-03-20 15:45:00,5.835,5.835,5.83,5.835,400.0
2019-03-20 15:46:00,5.835,5.835,5.835,5.835,100.0
2019-03-20 15:47:00,5.83,5.835,5.83,5.835,300.0
2019-03-20 15:48:00,5.83,5.83,5.83,5.83,5220.0
2019-03-20 15:49:00,5.835,5.835,5.835,5.835,205.0
2019-03-20 15:50:00,5.835,5.835,5.835,5.835,100.0
2019-03-20 15:51:00,5.835,5.835,5.83,5.835,400.0
2019-03-20 15:52:00,5.83,5.835,5.83,5.83,2000.0
2019-03-20 15:53:00,5.84,5.84,5.84,5.84,200.0
2019-03-20 15:54:00,5.835,5.835,5.83,5.83,200.0
2019-03-20 15:55:00,5.83,5.84,5.83,5.83,1290.0
2019-03-20 15:56:00,5.83,5.84,5.83,5.83,7187.0
2019-03-20 15:57:00,5.84,5.84,5.83,5.84,2801.0
2019-03-20 15:58:00,5.84,5.84,5.83,5.83,219.0
2019-03-20 15:59:00,5.84,5.84,5.83,5.83,4700.0
2019-03-20 16:00:00,5.835,5.84,5.83,5.83,22219.0
2019-03-21 09:31:00,5.83,5.84,5.83,5.84,0.0
2019-03-21 09:37:00,5.835,5.835,5.835,5.835,410.0
2019-03-21 09:38:00,5.835,5.835,5.835,5.835,100.0
2019-03-21 09:40:00,5.835,5.835,5.835,5.835,200.0
2019-03-21 09:41:00,5.835,5.835,5.835,5.835,185.0
2019-03-21 09:43:00,5.835,5.835,5.835,5.835,100.0
2019-03-21 09:44:00,5.835,5.835,5.835,5.835,110.0
2019-03-21 09:47:00,5.84,5.84,5.84,5.84,100.0
2019-03-21 09:49:00,5.84,5.84,5.84,5.84,100.0
2019-03-21 09:51:00,5.8341,5.8341,5.8341,5.8341,114.0
2019-03-21 09:52:00,5.835,5.835,5.835,5.835,143.0
2019-03-21 09:59:00,5.83,5.835,5.83,5.83,89242.0
2019-03-21 10:00:00,5.83,5.835,5.83,5.83,4100.0
2019-03-21 10:03:00,5.84,5.84,5.84,5.84,100.0
2019-03-21 10:05:00,5.84,5.84,5.84,5.84,100.0
2019-03-21 10:06:00,5.84,5.84,5.84,5.84,400.0
2019-03-21 10:07:00,5.84,5.84,5.835,5.835,2650.0
2019-03-21 10:08:00,5.835,5.84,5.835,5.84,1600.0
2019-03-21 10:09:00,5.84,5.84,5.84,5.84,400.0
2019-03-21 10:10:00,5.84,5.84,5.84,5.84,400.0
2019-03-21 10:11:00,5.84,5.84,5.84,5.84,400.0
2019-03-21 10:12:00,5.84,5.84,5.84,5.84,300.0
2019-03-21 10:13:00,5.84,5.84,5.84,5.84,200.0
2019-03-21 10:14:00,5.84,5.84,5.84,5.84,300.0
2019-03-21 10:15:00,5.84,5.84,5.84,5.84,200.0
2019-03-21 10:16:00,5.835,5.835,5.835,5.835,605.0
2019-03-21 10:18:00,5.84,5.84,5.84,5.84,300.0
2019-03-21 10:20:00,5.835,5.835,5.835,5.835,1600.0
2019-03-21 10:21:00,5.84,5.84,5.84,5.84,100.0
2019-03-21 10:22:00,5.84,5.84,5.84,5.84,111.0
2019-03-21 10:24:00,5.84,5.84,5.84,5.84,100.0
2019-03-21 10:25:00,5.84,5.84,5.835,5.84,1100.0
2019-03-21 10:26:00,5.835,5.835,5.835,5.835,200.0
2019-03-21 10:27:00,5.84,5.84,5.84,5.84,100.0
2019-03-21 10:29:00,5.84,5.84,5.84,5.84,100.0
2019-03-21 10:30:00,5.84,5.84,5.84,5.84,200.0
2019-03-21 10:32:00,5.83,5.84,5.83,5.84,400.0
2019-03-21 10:33:00,5.84,5.84,5.84,5.84,100.0
2019-03-21 10:35:00,5.84,5.84,5.84,5.84,202.0
2019-03-21 10:36:00,5.84,5.84,5.84,5.84,100.0
2019-03-21 10:37:00,5.84,5.84,5.84,5.84,100.0
2019-03-21 10:38:00,5.84,5.84,5.84,5.84,100.0
2019-03-21 10:39:00,5.835,5.84,5.831,5.84,700.0
2019-03-21 10:42:00,5.84,5.84,5.84,5.84,100.0
2019-03-21 10:43:00,5.84,5.84,5.84,5.84,300.0
2019-03-21 10:45:00,5.84,5.84,5.84,5.84,200.0
2019-03-21 10:46:00,5.84,5.84,5.84,5.84,100.0
2019-03-21 10:50:00,5.84,5.84,5.84,5.84,200.0
2019-03-21 10:52:00,5.835,5.84,5.835,5.84,305.0
2019-03-21 10:53:00,5.84,5.84,5.835,5.84,1200.0
2019-03-21 10:54:00,5.84,5.84,5.835,5.84,900.0
2019-03-21 10:56:00,5.84,5.84,5.83,5.84,400.0
2019-03-21 10:58:00,5.84,5.84,5.84,5.84,100.0
2019-03-21 10:59:00,5.84,5.84,5.84,5.84,100.0
2019-03-21 11:00:00,5.84,5.84,5.84,5.84,200.0
2019-03-21 11:01:00,5.84,5.84,5.84,5.84,200.0
2019-03-21 11:03:00,5.84,5.84,5.84,5.84,300.0
2019-03-21 11:04:00,5.84,5.84,5.84,5.84,700.0
2019-03-21 11:05:00,5.84,5.84,5.84,5.84,200.0
2019-03-21 11:06:00,5.84,5.84,5.84,5.84,3800.0
2019-03-21 11:08:00,5.84,5.84,5.84,5.84,100.0
2019-03-21 11:09:00,5.84,5.84,5.84,5.84,200.0
2019-03-21 11:10:00,5.84,5.84,5.84,5.84,100.0
2019-03-21 11:11:00,5.835,5.84,5.83,5.84,700.0
2019-03-21 11:12:00,5.835,5.84,5.835,5.84,2200.0
2019-03-21 11:14:00,5.84,5.84,5.84,5.84,200.0
2019-03-21 11:16:00,5.84,5.84,5.84,5.84,100.0
2019-03-21 11:17:00,5.84,5.84,5.835,5.835,200.0
2019-03-21 11:18:00,5.84,5.84,5.84,5.84,300.0
2019-03-21 11:20:00,5.835,5.84,5.835,5.84,1900.0
2019-03-21 11:22:00,5.84,5.84,5.84,5.84,100.0
2019-03-21 11:23:00,5.84,5.84,5.84,5.84,300.0
2019-03-21 11:25:00,5.84,5.84,5.84,5.84,800.0
2019-03-21 11:26:00,5.84,5.84,5.84,5.84,700.0
2019-03-21 11:27:00,5.84,5.84,5.84,5.84,200.0
2019-03-21 11:28:00,5.84,5.84,5.84,5.84,200.0
2019-03-21 11:29:00,5.84,5.84,5.84,5.84,105.0
2019-03-21 11:31:00,5.84,5.84,5.84,5.84,100.0
2019-03-21 11:33:00,5.84,5.84,5.83,5.84,30892.0
2019-03-21 11:34:00,5.83,5.835,5.83,5.835,500.0
2019-03-21 11:35:00,5.835,5.84,5.835,5.84,207.0
2019-03-21 11:38:00,5.84,5.84,5.84,5.84,100.0
2019-03-21 11:39:00,5.84,5.84,5.84,5.84,200.0
2019-03-21 11:40:00,5.84,5.84,5.84,5.84,100.0
2019-03-21 11:41:00,5.84,5.84,5.84,5.84,100.0
2019-03-21 11:42:00,5.84,5.84,5.835,5.84,2400.0
2019-03-21 11:43:00,5.84,5.84,5.84,5.84,200.0
2019-03-21 11:44:00,5.84,5.84,5.84,5.84,326.0
2019-03-21 11:45:00,5.84,5.84,5.84,5.84,100.0
2019-03-21 11:46:00,5.84,5.84,5.84,5.84,300.0
2019-03-21 11:47:00,5.84,5.84,5.84,5.84,200.0
2019-03-21 11:48:00,5.84,5.84,5.8334,5.8334,300.0
2019-03-21 11:49:00,5.84,5.84,5.84,5.84,102.0
2019-03-21 11:50:00,5.84,5.84,5.84,5.84,200.0
2019-03-21 11:51:00,5.84,5.84,5.84,5.84,200.0
2019-03-21 11:53:00,5.84,5.84,5.84,5.84,200.0
2019-03-21 11:54:00,5.84,5.84,5.84,5.84,200.0
2019-03-21 11:55:00,5.84,5.84,5.84,5.84,100.0
2019-03-21 11:56:00,5.84,5.84,5.84,5.84,100.0
2019-03-21 11:57:00,5.84,5.84,5.84,5.84,198.0
2019-03-21 11:59:00,5.84,5.84,5.84,5.84,202.0
2019-03-21 12:01:00,5.84,5.84,5.84,5.84,100.0
2019-03-21 12:04:00,5.84,5.84,5.84,5.84,100.0
2019-03-21 12:05:00,5.84,5.84,5.84,5.84,201.0
2019-03-21 12:08:00,5.835,5.835,5.835,5.835,400.0
2019-03-21 12:09:00,5.84,5.84,5.84,5.84,2400.0
2019-03-21 12:11:00,5.835,5.835,5.835,5.835,1005.0
2019-03-21 12:14:00,5.835,5.835,5.835,5.835,1100.0
2019-03-21 12:16:00,5.84,5.84,5.84,5.84,300.0
2019-03-21 12:19:00,5.84,5.84,5.84,5.84,400.0
2019-03-21 12:21:00,5.84,5.84,5.84,5.84,100.0
2019-03-21 12:23:00,5.84,5.84,5.84,5.84,100.0
2019-03-21 12:25:00,5.835,5.835,5.835,5.835,1300.0
2019-03-21 12:27:00,5.84,5.84,5.84,5.84,3600.0
2019-03-21 12:29:00,5.84,5.84,5.84,5.84,100.0
2019-03-21 12:31:00,5.8333,5.8333,5.8333,5.8333,100.0
2019-03-21 12:32:00,5.835,5.835,5.835,5.835,500.0
2019-03-21 12:34:00,5.84,5.84,5.84,5.84,400.0
2019-03-21 12:36:00,5.84,5.84,5.84,5.84,100.0
2019-03-21 12:39:00,5.835,5.835,5.835,5.835,200.0
2019-03-21 12:41:00,5.84,5.84,5.84,5.84,100.0
2019-03-21 12:43:00,5.835,5.835,5.835,5.835,1000.0
2019-03-21 12:44:00,5.835,5.835,5.835,5.835,700.0
2019-03-21 12:45:00,5.835,5.835,5.835,5.835,1601.0
2019-03-21 12:48:00,5.84,5.84,5.84,5.84,100.0
2019-03-21 12:51:00,5.84,5.84,5.84,5.84,1900.0
2019-03-21 12:53:00,5.835,5.835,5.835,5.835,200.0
2019-03-21 12:56:00,5.84,5.84,5.84,5.84,1700.0
2019-03-21 12:57:00,5.835,5.835,5.835,5.835,105.0
2019-03-21 13:00:00,5.84,5.84,5.84,5.84,110.0
2019-03-21 13:01:00,5.84,5.84,5.84,5.84,500.0
2019-03-21 13:03:00,5.84,5.84,5.84,5.84,200.0
2019-03-21 13:06:00,5.84,5.84,5.84,5.84,100.0
2019-03-21 13:09:00,5.84,5.84,5.84,5.84,100.0
2019-03-21 13:11:00,5.84,5.84,5.84,5.84,100.0
2019-03-21 13:13:00,5.84,5.84,5.84,5.84,1090.0
2019-03-21 13:16:00,5.84,5.84,5.84,5.84,400.0
2019-03-21 13:18:00,5.84,5.84,5.84,5.84,132.0
2019-03-21 13:21:00,5.835,5.835,5.835,5.835,100.0
2019-03-21 13:25:00,5.835,5.835,5.835,5.835,100.0
2019-03-21 13:28:00,5.84,5.84,5.84,5.84,100.0
2019-03-21 13:31:00,5.84,5.84,5.84,5.84,1100.0
2019-03-21 13:34:00,5.84,5.84,5.84,5.84,2500.0
2019-03-21 13:36:00,5.84,5.84,5.84,5.84,200.0
2019-03-21 13:37:00,5.84,5.84,5.84,5.84,100.0
2019-03-21 13:39:00,5.835,5.835,5.835,5.835,300.0
2019-03-21 13:40:00,5.84,5.84,5.84,5.84,300.0
2019-03-21 13:47:00,5.84,5.84,5.84,5.84,105.0
2019-03-21 13:49:00,5.835,5.835,5.835,5.835,900.0
2019-03-21 13:52:00,5.84,5.84,5.84,5.84,100.0
2019-03-21 13:54:00,5.84,5.84,5.84,5.84,300.0
2019-03-21 13:56:00,5.84,5.84,5.84,5.84,200.0
2019-03-21 13:59:00,5.84,5.84,5.84,5.84,1000.0
2019-03-21 14:03:00,5.835,5.835,5.835,5.835,400.0
2019-03-21 14:05:00,5.84,5.84,5.84,5.84,700.0
2019-03-21 14:11:00,5.835,5.835,5.835,5.835,100.0
2019-03-21 14:12:00,5.835,5.835,5.835,5.835,2105.0
2019-03-21 14:15:00,5.84,5.84,5.84,5.84,100.0
2019-03-21 14:17:00,5.84,5.84,5.84,5.84,200.0
2019-03-21 14:19:00,5.84,5.84,5.84,5.84,400.0
2019-03-21 14:22:00,5.84,5.84,5.84,5.84,200.0
2019-03-21 14:23:00,5.835,5.835,5.835,5.835,1000.0
2019-03-21 14:26:00,5.84,5.84,5.84,5.84,1000.0
2019-03-21 14:27:00,5.835,5.835,5.835,5.835,300.0
2019-03-21 14:30:00,5.84,5.84,5.84,5.84,105.0
2019-03-21 14:32:00,5.84,5.84,5.84,5.84,600.0
2019-03-21 14:34:00,5.84,5.84,5.84,5.84,300.0
2019-03-21 14:38:00,5.84,5.84,5.84,5.84,100.0
2019-03-21 14:41:00,5.84,5.84,5.84,5.84,300.0
2019-03-21 14:42:00,5.84,5.84,5.84,5.84,100.0
2019-03-21 14:45:00,5.84,5.84,5.84,5.84,100.0
2019-03-21 14:47:00,5.835,5.835,5.835,5.835,400.0
2019-03-21 14:50:00,5.84,5.84,5.84,5.84,1108.0
2019-03-21 14:51:00,5.84,5.84,5.84,5.84,2200.0
2019-03-21 14:52:00,5.84,5.84,5.84,5.84,4192.0
2019-03-21 14:56:00,5.838,5.838,5.838,5.838,1500.0
2019-03-21 15:00:00,5.84,5.84,5.84,5.84,400.0
2019-03-21 15:02:00,5.83,5.83,5.83,5.83,400.0
2019-03-21 15:04:00,5.84,5.84,5.84,5.84,200.0
2019-03-21 15:05:00,5.83,5.83,5.83,5.83,2269.0
2019-03-21 15:06:00,5.84,5.84,5.84,5.84,18132.0
2019-03-21 15:07:00,5.84,5.84,5.84,5.84,1605.0
2019-03-21 15:08:00,5.84,5.84,5.84,5.84,600.0
2019-03-21 15:10:00,5.84,5.84,5.84,5.84,100.0
2019-03-21 15:15:00,5.84,5.84,5.84,5.84,1300.0
2019-03-21 15:17:00,5.83,5.83,5.83,5.83,500.0
2019-03-21 15:18:00,5.84,5.84,5.84,5.84,300.0
2019-03-21 15:19:00,5.84,5.84,5.84,5.84,100.0
2019-03-21 15:22:00,5.84,5.84,5.84,5.84,200.0
2019-03-21 15:24:00,5.84,5.84,5.84,5.84,1200.0
2019-03-21 15:27:00,5.84,5.84,5.84,5.84,2800.0
2019-03-21 15:30:00,5.84,5.84,5.84,5.84,3190.0
2019-03-21 15:31:00,5.84,5.84,5.84,5.84,100.0
2019-03-21 15:33:00,5.83,5.84,5.83,5.84,324.0
2019-03-21 15:35:00,5.84,5.84,5.84,5.84,583.0
2019-03-21 15:37:00,5.84,5.84,5.84,5.84,1222.0
2019-03-21 15:38:00,5.84,5.84,5.84,5.84,1322.0
2019-03-21 15:39:00,5.83,5.83,5.83,5.83,300.0
2019-03-21 15:41:00,5.84,5.84,5.84,5.84,593.0
2019-03-21 15:42:00,5.84,5.84,5.84,5.84,1102.0
2019-03-21 15:45:00,5.84,5.84,5.84,5.84,300.0
2019-03-21 15:47:00,5.83,5.83,5.83,5.83,571.0
2019-03-21 15:48:00,5.84,5.84,5.84,5.84,600.0
2019-03-21 15:49:00,5.84,5.84,5.84,5.84,200.0
2019-03-21 15:51:00,5.84,5.84,5.84,5.84,800.0
2019-03-21 15:53:00,5.835,5.835,5.835,5.835,405.0
2019-03-21 15:54:00,5.83,5.83,5.83,5.83,200.0
2019-03-21 15:56:00,5.84,5.84,5.84,5.84,600.0
2019-03-21 15:57:00,5.84,5.84,5.84,5.84,700.0
2019-03-21 15:58:00,5.84,5.84,5.84,5.84,705.0
2019-03-21 15:59:00,5.84,5.84,5.84,5.84,794.0
2019-03-21 16:00:00,5.84,5.84,5.84,5.84,5329.0
2019-03-22 09:31:00,5.84,5.84,5.84,5.84,2499.0
2019-03-22 09:33:00,5.835,5.835,5.8328,5.8328,400.0
2019-03-22 09:36:00,5.84,5.84,5.84,5.84,204.0
2019-03-22 09:41:00,5.84,5.84,5.84,5.84,200.0
2019-03-22 09:47:00,5.84,5.84,5.84,5.84,130.0
2019-03-22 09:48:00,5.835,5.84,5.83,5.835,34226.0
2019-03-22 09:52:00,5.84,5.84,5.84,5.84,219.0
2019-03-22 09:54:00,5.84,5.84,5.84,5.84,100.0
2019-03-22 09:56:00,5.83,5.835,5.83,5.835,4360.0
2019-03-22 09:57:00,5.83,5.84,5.83,5.84,3303.0
2019-03-22 09:59:00,5.84,5.84,5.84,5.84,300.0
2019-03-22 10:00:00,5.84,5.84,5.84,5.84,1004.0
2019-03-22 10:08:00,5.84,5.84,5.84,5.84,300.0
2019-03-22 10:09:00,5.84,5.84,5.84,5.84,1605.0
2019-03-22 10:10:00,5.84,5.84,5.84,5.84,400.0
2019-03-22 10:13:00,5.84,5.84,5.84,5.84,100.0
2019-03-22 10:14:00,5.84,5.84,5.84,5.84,1700.0
2019-03-22 10:15:00,5.84,5.84,5.84,5.84,100.0
2019-03-22 10:16:00,5.84,5.84,5.84,5.84,100.0
2019-03-22 10:17:00,5.84,5.84,5.84,5.84,100.0
2019-03-22 10:18:00,5.84,5.84,5.84,5.84,100.0
2019-03-22 10:19:00,5.84,5.84,5.84,5.84,100.0
2019-03-22 10:20:00,5.8376,5.84,5.8376,5.84,1050.0
2019-03-22 10:21:00,5.84,5.84,5.84,5.84,200.0
2019-03-22 10:23:00,5.84,5.84,5.84,5.84,200.0
2019-03-22 10:25:00,5.84,5.84,5.84,5.84,1700.0
2019-03-22 10:27:00,5.84,5.84,5.84,5.84,100.0
2019-03-22 10:28:00,5.835,5.835,5.835,5.835,200.0
2019-03-22 10:29:00,5.84,5.84,5.84,5.84,300.0
2019-03-22 10:30:00,5.84,5.84,5.84,5.84,200.0
2019-03-22 10:31:00,5.84,5.84,5.84,5.84,306.0
2019-03-22 10:37:00,5.84,5.84,5.835,5.835,200.0
2019-03-22 10:38:00,5.84,5.84,5.84,5.84,500.0
2019-03-22 10:40:00,5.84,5.84,5.84,5.84,100.0
2019-03-22 10:42:00,5.84,5.84,5.84,5.84,100.0
2019-03-22 10:43:00,5.84,5.84,5.84,5.84,211.0
2019-03-22 10:46:00,5.84,5.84,5.84,5.84,100.0
2019-03-22 10:47:00,5.835,5.835,5.835,5.835,200.0
2019-03-22 10:49:00,5.84,5.84,5.835,5.835,500.0
2019-03-22 10:50:00,5.84,5.84,5.84,5.84,100.0
2019-03-22 10:51:00,5.84,5.84,5.84,5.84,282.0
2019-03-22 10:52:00,5.835,5.835,5.835,5.835,200.0
2019-03-22 10:53:00,5.835,5.835,5.835,5.835,200.0
2019-03-22 10:54:00,5.84,5.84,5.84,5.84,100.0
2019-03-22 10:55:00,5.84,5.84,5.84,5.84,100.0
2019-03-22 10:56:00,5.84,5.84,5.84,5.84,2105.0
2019-03-22 10:58:00,5.835,5.835,5.835,5.835,101.0
2019-03-22 10:59:00,5.84,5.84,5.84,5.84,100.0
2019-03-22 11:00:00,5.84,5.84,5.84,5.84,200.0
2019-03-22 11:01:00,5.835,5.835,5.835,5.835,100.0
2019-03-22 11:03:00,5.84,5.84,5.84,5.84,900.0
2019-03-22 11:04:00,5.84,5.84,5.84,5.84,101.0
2019-03-22 11:06:00,5.84,5.84,5.84,5.84,200.0
2019-03-22 11:07:00,5.835,5.84,5.835,5.84,1300.0
2019-03-22 11:09:00,5.84,5.84,5.84,5.84,100.0
2019-03-22 11:11:00,5.84,5.84,5.84,5.84,100.0
2019-03-22 11:13:00,5.84,5.84,5.84,5.84,200.0
2019-03-22 11:14:00,5.84,5.84,5.84,5.84,200.0
2019-03-22 11:16:00,5.84,5.84,5.835,5.835,300.0
2019-03-22 11:17:00,5.835,5.84,5.835,5.84,1932.0
2019-03-22 11:19:00,5.84,5.84,5.84,5.84,100.0
2019-03-22 11:21:00,5.84,5.84,5.84,5.84,706.0
2019-03-22 11:23:00,5.835,5.835,5.835,5.835,105.0
2019-03-22 11:26:00,5.84,5.84,5.835,5.835,200.0
2019-03-22 11:27:00,5.84,5.84,5.84,5.84,183.0
2019-03-22 11:28:00,5.835,5.835,5.835,5.835,317.0
2019-03-22 11:29:00,5.835,5.835,5.835,5.835,200.0
2019-03-22 11:30:00,5.84,5.84,5.84,5.84,340.0
2019-03-22 11:31:00,5.835,5.84,5.835,5.84,300.0
2019-03-22 11:34:00,5.835,5.835,5.835,5.835,300.0
2019-03-22 11:36:00,5.84,5.84,5.84,5.84,2064.0
2019-03-22 11:38:00,5.84,5.84,5.84,5.84,200.0
2019-03-22 11:39:00,5.83,5.83,5.83,5.83,328.0
2019-03-22 11:40:00,5.835,5.835,5.835,5.835,661.0
2019-03-22 11:41:00,5.84,5.84,5.84,5.84,100.0
2019-03-22 11:42:00,5.84,5.84,5.84,5.84,200.0
2019-03-22 11:46:00,5.84,5.84,5.84,5.84,200.0
2019-03-22 11:47:00,5.84,5.84,5.838,5.84,470.0
2019-03-22 11:48:00,5.84,5.84,5.84,5.84,300.0
2019-03-22 11:49:00,5.83,5.83,5.83,5.83,100.0
2019-03-22 11:50:00,5.83,5.84,5.83,5.84,3605.0
2019-03-22 11:53:00,5.835,5.84,5.835,5.84,300.0
2019-03-22 11:54:00,5.84,5.84,5.84,5.84,100.0
2019-03-22 11:55:00,5.84,5.84,5.84,5.84,354.0
2019-03-22 11:59:00,5.84,5.84,5.84,5.84,100.0
2019-03-22 12:01:00,5.84,5.84,5.84,5.84,200.0
2019-03-22 12:05:00,5.84,5.84,5.84,5.84,100.0
2019-03-22 12:06:00,5.835,5.835,5.83,5.83,600.0
2019-03-22 12:07:00,5.8377,5.84,5.8377,5.84,2221.0
2019-03-22 12:08:00,5.83,5.83,5.83,5.83,200.0
2019-03-22 12:09:00,5.83,5.83,5.83,5.83,100.0
2019-03-22 12:10:00,5.84,5.84,5.84,5.84,531.0
2019-03-22 12:11:00,5.83,5.83,5.83,5.83,200.0
2019-03-22 12:12:00,5.84,5.84,5.83,5.84,500.0
2019-03-22 12:13:00,5.84,5.84,5.84,5.84,1500.0
2019-03-22 12:14:00,5.83,5.84,5.83,5.83,632.0
2019-03-22 12:15:00,5.84,5.84,5.83,5.83,403.0
2019-03-22 12:18:00,5.84,5.84,5.84,5.84,105.0
2019-03-22 12:21:00,5.83,5.835,5.83,5.835,215.0
2019-03-22 12:22:00,5.835,5.84,5.835,5.84,500.0
2019-03-22 12:23:00,5.84,5.84,5.84,5.84,443.0
2019-03-22 12:24:00,5.83,5.84,5.83,5.84,200.0
2019-03-22 12:26:00,5.84,5.84,5.83,5.83,520.0
2019-03-22 12:27:00,5.835,5.835,5.835,5.835,100.0
2019-03-22 12:28:00,5.83,5.835,5.83,5.835,2280.0
2019-03-22 12:29:00,5.84,5.84,5.84,5.84,100.0
2019-03-22 12:31:00,5.84,5.84,5.83,5.83,400.0
2019-03-22 12:36:00,5.83,5.83,5.83,5.83,300.0
2019-03-22 12:37:00,5.84,5.84,5.8373,5.84,23057.0
2019-03-22 12:38:00,5.84,5.84,5.84,5.84,3597.0
2019-03-22 12:39:00,5.835,5.84,5.835,5.84,450.0
2019-03-22 12:44:00,5.84,5.84,5.84,5.84,1332.0
2019-03-22 12:45:00,5.84,5.84,5.84,5.84,1800.0
2019-03-22 12:47:00,5.84,5.84,5.84,5.84,100.0
2019-03-22 12:48:00,5.84,5.84,5.835,5.835,500.0
2019-03-22 12:49:00,5.84,5.84,5.84,5.84,100.0
2019-03-22 12:51:00,5.84,5.84,5.84,5.84,100.0
2019-03-22 12:52:00,5.84,5.84,5.84,5.84,105.0
2019-03-22 12:54:00,5.84,5.84,5.84,5.84,457.0
2019-03-22 12:57:00,5.835,5.835,5.835,5.835,100.0
2019-03-22 12:58:00,5.84,5.84,5.84,5.84,100.0
2019-03-22 13:01:00,5.835,5.835,5.835,5.835,100.0
2019-03-22 13:04:00,5.835,5.84,5.835,5.84,400.0
2019-03-22 13:05:00,5.84,5.84,5.835,5.835,200.0
2019-03-22 13:06:00,5.835,5.835,5.835,5.835,200.0
2019-03-22 13:08:00,5.84,5.84,5.84,5.84,400.0
2019-03-22 13:09:00,5.84,5.84,5.84,5.84,500.0
2019-03-22 13:11:00,5.835,5.835,5.835,5.835,100.0
2019-03-22 13:12:00,5.84,5.84,5.84,5.84,100.0
2019-03-22 13:13:00,5.84,5.84,5.84,5.84,566.0
2019-03-22 13:15:00,5.84,5.84,5.84,5.84,100.0
2019-03-22 13:16:00,5.84,5.84,5.84,5.84,200.0
2019-03-22 13:19:00,5.84,5.84,5.84,5.84,100.0
2019-03-22 13:20:00,5.84,5.84,5.835,5.835,400.0
2019-03-22 13:21:00,5.84,5.84,5.84,5.84,200.0
2019-03-22 13:24:00,5.84,5.84,5.84,5.84,200.0
2019-03-22 13:25:00,5.84,5.84,5.84,5.84,1800.0
2019-03-22 13:26:00,5.84,5.84,5.84,5.84,105.0
2019-03-22 13:29:00,5.84,5.84,5.84,5.84,300.0
2019-03-22 13:32:00,5.84,5.84,5.84,5.84,424.0
2019-03-22 13:33:00,5.84,5.84,5.84,5.84,300.0
2019-03-22 13:34:00,5.84,5.84,5.84,5.84,100.0
2019-03-22 13:36:00,5.84,5.84,5.84,5.84,431.0
2019-03-22 13:37:00,5.84,5.84,5.84,5.84,312.0
2019-03-22 13:38:00,5.84,5.84,5.84,5.84,5600.0
2019-03-22 13:39:00,5.84,5.84,5.84,5.84,4534.0
2019-03-22 13:40:00,5.835,5.84,5.835,5.84,300.0
2019-03-22 13:42:00,5.84,5.84,5.84,5.84,100.0
2019-03-22 13:44:00,5.84,5.84,5.84,5.84,100.0
2019-03-22 13:46:00,5.84,5.84,5.84,5.84,427.0
2019-03-22 13:47:00,5.84,5.84,5.84,5.84,107.0
2019-03-22 13:50:00,5.835,5.835,5.835,5.835,150.0
2019-03-22 13:53:00,5.835,5.835,5.835,5.835,200.0
2019-03-22 13:54:00,5.84,5.84,5.84,5.84,200.0
2019-03-22 13:55:00,5.84,5.84,5.84,5.84,300.0
2019-03-22 13:57:00,5.835,5.835,5.835,5.835,200.0
2019-03-22 13:59:00,5.84,5.84,5.835,5.835,295.0
2019-03-22 14:00:00,5.84,5.84,5.84,5.84,100.0
2019-03-22 14:01:00,5.84,5.84,5.84,5.84,100.0
2019-03-22 14:03:00,5.8319,5.84,5.8319,5.84,700.0
2019-03-22 14:04:00,5.84,5.84,5.84,5.84,2000.0
2019-03-22 14:06:00,5.84,5.84,5.835,5.835,400.0
2019-03-22 14:08:00,5.84,5.84,5.84,5.84,100.0
2019-03-22 14:10:00,5.84,5.84,5.84,5.84,100.0
2019-03-22 14:11:00,5.84,5.84,5.84,5.84,300.0
2019-03-22 14:15:00,5.84,5.84,5.84,5.84,1084.0
2019-03-22 14:16:00,5.84,5.84,5.84,5.84,100.0
2019-03-22 14:17:00,5.8335,5.8335,5.8335,5.8335,115.0
2019-03-22 14:20:00,5.84,5.84,5.84,5.84,200.0
2019-03-22 14:22:00,5.84,5.84,5.84,5.84,1100.0
2019-03-22 14:25:00,5.84,5.84,5.84,5.84,100.0
2019-03-22 14:26:00,5.835,5.84,5.835,5.84,200.0
2019-03-22 14:28:00,5.84,5.84,5.84,5.84,100.0
2019-03-22 14:29:00,5.84,5.84,5.84,5.84,205.0
2019-03-22 14:31:00,5.84,5.84,5.84,5.84,500.0
2019-03-22 14:34:00,5.84,5.84,5.84,5.84,100.0
2019-03-22 14:36:00,5.84,5.84,5.84,5.84,100.0
2019-03-22 14:37:00,5.84,5.84,5.84,5.84,200.0
2019-03-22 14:43:00,5.835,5.84,5.835,5.84,300.0
2019-03-22 14:44:00,5.84,5.84,5.84,5.84,4513.0
2019-03-22 14:45:00,5.84,5.84,5.84,5.84,300.0
2019-03-22 14:47:00,5.84,5.84,5.84,5.84,100.0
2019-03-22 14:49:00,5.84,5.84,5.84,5.84,100.0
2019-03-22 14:51:00,5.84,5.84,5.84,5.84,1500.0
2019-03-22 14:52:00,5.84,5.84,5.84,5.84,100.0
2019-03-22 14:54:00,5.84,5.84,5.84,5.84,100.0
2019-03-22 14:55:00,5.84,5.84,5.84,5.84,411.0
2019-03-22 15:01:00,5.84,5.84,5.84,5.84,300.0
2019-03-22 15:05:00,5.835,5.84,5.835,5.84,200.0
2019-03-22 15:06:00,5.84,5.84,5.84,5.84,366.0
2019-03-22 15:07:00,5.84,5.84,5.84,5.84,201.0
2019-03-22 15:08:00,5.84,5.84,5.84,5.84,100.0
2019-03-22 15:09:00,5.84,5.84,5.84,5.84,100.0
2019-03-22 15:10:00,5.84,5.84,5.835,5.84,400.0
2019-03-22 15:13:00,5.84,5.84,5.84,5.84,100.0
2019-03-22 15:14:00,5.84,5.84,5.835,5.835,300.0
2019-03-22 15:16:00,5.84,5.84,5.84,5.84,100.0
2019-03-22 15:17:00,5.84,5.84,5.84,5.84,125.0
2019-03-22 15:20:00,5.84,5.84,5.84,5.84,100.0
2019-03-22 15:21:00,5.84,5.84,5.84,5.84,1800.0
2019-03-22 15:23:00,5.835,5.84,5.835,5.84,300.0
2019-03-22 15:24:00,5.84,5.84,5.84,5.84,100.0
2019-03-22 15:25:00,5.84,5.85,5.8399,5.84,29873.0
2019-03-22 15:26:00,5.84,5.85,5.84,5.85,5220.0
2019-03-22 15:27:00,5.84,5.84,5.84,5.84,533.0
2019-03-22 15:28:00,5.845,5.845,5.845,5.845,200.0
2019-03-22 15:29:00,5.84,5.84,5.84,5.84,100.0
2019-03-22 15:30:00,5.84,5.84,5.84,5.84,100.0
2019-03-22 15:31:00,5.84,5.85,5.84,5.845,502.0
2019-03-22 15:32:00,5.84,5.84,5.84,5.84,200.0
2019-03-22 15:34:00,5.84,5.84,5.84,5.84,300.0
2019-03-22 15:35:00,5.84,5.84,5.84,5.84,100.0
2019-03-22 15:37:00,5.84,5.845,5.84,5.84,2205.0
2019-03-22 15:41:00,5.84,5.84,5.84,5.84,300.0
2019-03-22 15:42:00,5.84,5.84,5.84,5.84,100.0
2019-03-22 15:43:00,5.84,5.84,5.84,5.84,400.0
2019-03-22 15:44:00,5.84,5.84,5.84,5.84,400.0
2019-03-22 15:45:00,5.84,5.84,5.84,5.84,507.0
2019-03-22 15:46:00,5.84,5.85,5.84,5.85,200.0
2019-03-22 15:47:00,5.84,5.84,5.84,5.84,500.0
2019-03-22 15:48:00,5.84,5.84,5.84,5.84,208.0
2019-03-22 15:50:00,5.84,5.845,5.84,5.845,300.0
2019-03-22 15:51:00,5.85,5.85,5.84,5.84,1300.0
2019-03-22 15:52:00,5.84,5.845,5.84,5.84,502.0
2019-03-22 15:53:00,5.845,5.85,5.84,5.845,3972.0
2019-03-22 15:55:00,5.84,5.85,5.84,5.84,12900.0
2019-03-22 15:56:00,5.84,5.845,5.84,5.845,5462.0
2019-03-22 15:57:00,5.84,5.845,5.84,5.84,1063.0
2019-03-22 15:58:00,5.845,5.85,5.84,5.845,1026.0
2019-03-22 15:59:00,5.84,5.845,5.84,5.84,2011.0
2019-03-22 16:00:00,5.845,5.85,5.84,5.84,13171.0
2019-03-25 09:31:00,5.84,5.84,5.84,5.84,138208.0
2019-03-25 09:33:00,5.84,5.84,5.84,5.84,11017.0
2019-03-25 09:37:00,5.85,5.85,5.85,5.85,800.0
2019-03-25 09:38:00,5.85,5.85,5.85,5.85,111.0
2019-03-25 09:43:00,5.84,5.84,5.84,5.84,100.0
2019-03-25 09:45:00,5.84,5.84,5.84,5.84,958.0
2019-03-25 09:46:00,5.845,5.845,5.845,5.845,350.0
2019-03-25 09:48:00,5.845,5.845,5.845,5.845,420.0
2019-03-25 09:51:00,5.845,5.845,5.845,5.845,550.0
2019-03-25 09:53:00,5.85,5.85,5.85,5.85,2755.0
2019-03-25 09:54:00,5.85,5.85,5.85,5.85,414.0
2019-03-25 09:59:00,5.84,5.84,5.84,5.84,100.0
2019-03-25 10:01:00,5.845,5.845,5.845,5.845,500.0
2019-03-25 10:04:00,5.845,5.845,5.845,5.845,105.0
2019-03-25 10:07:00,5.85,5.85,5.85,5.85,584.0
2019-03-25 10:09:00,5.84,5.84,5.84,5.84,400.0
2019-03-25 10:12:00,5.85,5.85,5.85,5.85,505.0
2019-03-25 10:14:00,5.85,5.85,5.85,5.85,300.0
2019-03-25 10:19:00,5.85,5.85,5.85,5.85,300.0
2019-03-25 10:21:00,5.845,5.845,5.845,5.845,1305.0
2019-03-25 10:22:00,5.8441,5.8441,5.84,5.84,71420.0
2019-03-25 10:23:00,5.84,5.84,5.84,5.84,10301.0
2019-03-25 10:24:00,5.84,5.84,5.84,5.84,1500.0
2019-03-25 10:29:00,5.845,5.845,5.845,5.845,905.0
2019-03-25 10:32:00,5.85,5.85,5.85,5.85,500.0
2019-03-25 10:34:00,5.85,5.85,5.85,5.85,202.0
2019-03-25 10:35:00,5.85,5.85,5.85,5.85,200.0
2019-03-25 10:36:00,5.85,5.85,5.85,5.85,200.0
2019-03-25 10:37:00,5.85,5.85,5.85,5.85,100.0
2019-03-25 10:38:00,5.85,5.85,5.85,5.85,205.0
2019-03-25 10:41:00,5.85,5.85,5.85,5.85,300.0
2019-03-25 10:42:00,5.85,5.85,5.85,5.85,100.0
2019-03-25 10:44:00,5.85,5.85,5.85,5.85,400.0
2019-03-25 10:45:00,5.845,5.845,5.845,5.845,600.0
2019-03-25 10:47:00,5.85,5.85,5.85,5.85,100.0
2019-03-25 10:48:00,5.85,5.85,5.85,5.85,106.0
2019-03-25 10:51:00,5.845,5.845,5.845,5.845,1000.0
2019-03-25 10:52:00,5.85,5.85,5.85,5.85,800.0
2019-03-25 10:54:00,5.85,5.85,5.85,5.85,719.0
2019-03-25 10:56:00,5.85,5.85,5.85,5.85,200.0
2019-03-25 10:58:00,5.85,5.85,5.85,5.85,105.0
2019-03-25 11:01:00,5.845,5.845,5.845,5.845,1200.0
2019-03-25 11:03:00,5.85,5.85,5.85,5.85,100.0
2019-03-25 11:07:00,5.85,5.85,5.85,5.85,205.0
2019-03-25 11:12:00,5.85,5.85,5.85,5.85,100.0
2019-03-25 11:15:00,5.845,5.845,5.845,5.845,500.0
2019-03-25 11:17:00,5.85,5.85,5.85,5.85,600.0
2019-03-25 11:19:00,5.85,5.85,5.85,5.85,400.0
2019-03-25 11:20:00,5.85,5.85,5.85,5.85,100.0
2019-03-25 11:23:00,5.85,5.85,5.85,5.85,1127.0
2019-03-25 11:24:00,5.85,5.85,5.85,5.85,303.0
2019-03-25 11:26:00,5.85,5.85,5.85,5.85,700.0
2019-03-25 11:27:00,5.85,5.85,5.85,5.85,300.0
2019-03-25 11:29:00,5.85,5.85,5.85,5.85,100.0
2019-03-25 11:30:00,5.85,5.85,5.85,5.85,137.0
2019-03-25 11:32:00,5.85,5.85,5.85,5.85,505.0
2019-03-25 11:33:00,5.85,5.85,5.85,5.85,300.0
2019-03-25 11:34:00,5.85,5.85,5.85,5.85,180.0
2019-03-25 11:36:00,5.85,5.85,5.85,5.85,131.0
2019-03-25 11:39:00,5.85,5.85,5.85,5.85,300.0
2019-03-25 11:40:00,5.85,5.85,5.85,5.85,405.0
2019-03-25 11:44:00,5.85,5.85,5.85,5.85,400.0
2019-03-25 11:45:00,5.85,5.85,5.85,5.85,400.0
2019-03-25 11:47:00,5.85,5.85,5.85,5.85,100.0
2019-03-25 11:49:00,5.845,5.845,5.845,5.845,200.0
2019-03-25 11:51:00,5.85,5.85,5.85,5.85,100.0
2019-03-25 11:53:00,5.85,5.85,5.85,5.85,400.0
2019-03-25 11:55:00,5.85,5.85,5.85,5.85,2105.0
2019-03-25 11:59:00,5.85,5.85,5.85,5.85,300.0
2019-03-25 12:01:00,5.85,5.85,5.85,5.85,601.0
2019-03-25 12:03:00,5.85,5.85,5.85,5.85,253.0
2019-03-25 12:04:00,5.84,5.84,5.84,5.84,200.0
2019-03-25 12:05:00,5.85,5.85,5.85,5.85,605.0
2019-03-25 12:06:00,5.845,5.845,5.845,5.845,1400.0
2019-03-25 12:09:00,5.85,5.85,5.85,5.85,400.0
2019-03-25 12:11:00,5.85,5.85,5.85,5.85,100.0
2019-03-25 12:12:00,5.85,5.85,5.85,5.85,300.0
2019-03-25 12:15:00,5.85,5.85,5.85,5.85,300.0
2019-03-25 12:17:00,5.85,5.85,5.85,5.85,105.0
2019-03-25 12:19:00,5.85,5.85,5.85,5.85,1041.0
2019-03-25 12:20:00,5.85,5.85,5.85,5.85,400.0
2019-03-25 12:21:00,5.845,5.845,5.845,5.845,900.0
2019-03-25 12:23:00,5.85,5.85,5.85,5.85,300.0
2019-03-25 12:25:00,5.85,5.85,5.85,5.85,100.0
2019-03-25 12:27:00,5.85,5.85,5.85,5.85,100.0
2019-03-25 12:29:00,5.845,5.845,5.845,5.845,200.0
2019-03-25 12:31:00,5.845,5.845,5.845,5.845,970.0
2019-03-25 12:32:00,5.85,5.85,5.85,5.85,7928.0
2019-03-25 12:34:00,5.85,5.85,5.85,5.85,145.0
2019-03-25 12:36:00,5.85,5.85,5.85,5.85,1100.0
2019-03-25 12:37:00,5.85,5.85,5.85,5.85,1200.0
2019-03-25 12:38:00,5.85,5.85,5.85,5.85,300.0
2019-03-25 12:40:00,5.845,5.845,5.845,5.845,100.0
2019-03-25 12:41:00,5.845,5.845,5.845,5.845,800.0
2019-03-25 12:42:00,5.85,5.85,5.85,5.85,400.0
2019-03-25 12:44:00,5.85,5.85,5.85,5.85,205.0
2019-03-25 12:45:00,5.85,5.85,5.85,5.85,400.0
2019-03-25 12:47:00,5.85,5.85,5.85,5.85,100.0
2019-03-25 12:49:00,5.85,5.85,5.85,5.85,100.0
2019-03-25 12:53:00,5.85,5.85,5.85,5.85,300.0
2019-03-25 12:55:00,5.85,5.85,5.85,5.85,200.0
2019-03-25 12:57:00,5.85,5.85,5.85,5.85,1605.0
2019-03-25 12:58:00,5.85,5.85,5.85,5.85,100.0
2019-03-25 13:00:00,5.85,5.85,5.85,5.85,400.0
2019-03-25 13:03:00,5.85,5.85,5.85,5.85,300.0
2019-03-25 13:04:00,5.85,5.85,5.85,5.85,100.0
2019-03-25 13:06:00,5.85,5.85,5.85,5.85,100.0
2019-03-25 13:09:00,5.85,5.85,5.85,5.85,300.0
2019-03-25 13:11:00,5.85,5.85,5.85,5.85,505.0
2019-03-25 13:13:00,5.85,5.85,5.85,5.85,500.0
2019-03-25 13:18:00,5.845,5.845,5.845,5.845,200.0
2019-03-25 13:20:00,5.85,5.85,5.85,5.85,300.0
2019-03-25 13:21:00,5.85,5.85,5.85,5.85,105.0
2019-03-25 13:24:00,5.85,5.85,5.85,5.85,200.0
2019-03-25 13:26:00,5.85,5.85,5.85,5.85,200.0
2019-03-25 13:28:00,5.85,5.85,5.85,5.85,500.0
2019-03-25 13:29:00,5.85,5.85,5.85,5.85,100.0
2019-03-25 13:31:00,5.85,5.85,5.85,5.85,100.0
2019-03-25 13:34:00,5.85,5.85,5.85,5.85,203.0
2019-03-25 13:35:00,5.845,5.845,5.845,5.845,305.0
2019-03-25 13:38:00,5.85,5.85,5.85,5.85,100.0
2019-03-25 13:39:00,5.85,5.85,5.85,5.85,100.0
2019-03-25 13:42:00,5.85,5.85,5.85,5.85,300.0
2019-03-25 13:44:00,5.845,5.845,5.845,5.845,100.0
2019-03-25 13:45:00,5.85,5.85,5.85,5.85,116.0
2019-03-25 13:49:00,5.85,5.85,5.85,5.85,205.0
2019-03-25 13:52:00,5.85,5.85,5.85,5.85,100.0
2019-03-25 13:54:00,5.845,5.845,5.845,5.845,2400.0
2019-03-25 13:55:00,5.85,5.85,5.85,5.85,300.0
2019-03-25 13:59:00,5.85,5.85,5.85,5.85,400.0
2019-03-25 14:00:00,5.845,5.845,5.845,5.845,1480.0
2019-03-25 14:01:00,5.85,5.85,5.85,5.85,605.0
2019-03-25 14:04:00,5.845,5.845,5.845,5.845,300.0
2019-03-25 14:06:00,5.845,5.845,5.845,5.845,321.0
2019-03-25 14:08:00,5.85,5.85,5.85,5.85,201.0
2019-03-25 14:10:00,5.85,5.85,5.85,5.85,100.0
2019-03-25 14:11:00,5.85,5.85,5.85,5.85,100.0
2019-03-25 14:13:00,5.85,5.85,5.85,5.85,205.0
2019-03-25 14:15:00,5.85,5.85,5.85,5.85,100.0
2019-03-25 14:17:00,5.85,5.85,5.85,5.85,200.0
2019-03-25 14:19:00,5.85,5.85,5.85,5.85,200.0
2019-03-25 14:21:00,5.845,5.845,5.845,5.845,1900.0
2019-03-25 14:22:00,5.85,5.85,5.85,5.85,776.0
2019-03-25 14:24:00,5.85,5.85,5.85,5.85,200.0
2019-03-25 14:26:00,5.845,5.845,5.845,5.845,200.0
2019-03-25 14:27:00,5.85,5.85,5.85,5.85,240.0
2019-03-25 14:31:00,5.85,5.85,5.85,5.85,300.0
2019-03-25 14:33:00,5.85,5.85,5.85,5.85,200.0
2019-03-25 14:34:00,5.85,5.85,5.85,5.85,200.0
2019-03-25 14:36:00,5.85,5.85,5.85,5.85,200.0
2019-03-25 14:37:00,5.85,5.85,5.85,5.85,600.0
2019-03-25 14:39:00,5.85,5.85,5.85,5.85,305.0
2019-03-25 14:41:00,5.85,5.85,5.85,5.85,300.0
2019-03-25 14:43:00,5.85,5.85,5.85,5.85,400.0
2019-03-25 14:44:00,5.85,5.85,5.85,5.85,500.0
2019-03-25 14:45:00,5.85,5.85,5.85,5.85,200.0
2019-03-25 14:48:00,5.85,5.85,5.85,5.85,245.0
2019-03-25 14:51:00,5.85,5.85,5.85,5.85,260.0
2019-03-25 14:52:00,5.85,5.85,5.85,5.85,100.0
2019-03-25 14:54:00,5.85,5.85,5.85,5.85,1000.0
2019-03-25 14:56:00,5.85,5.85,5.85,5.85,100.0
2019-03-25 14:57:00,5.85,5.85,5.85,5.85,200.0
2019-03-25 14:59:00,5.85,5.85,5.85,5.85,850.0
2019-03-25 15:03:00,5.845,5.845,5.845,5.845,455.0
2019-03-25 15:04:00,5.85,5.85,5.85,5.85,100.0
2019-03-25 15:06:00,5.85,5.85,5.85,5.85,200.0
2019-03-25 15:08:00,5.85,5.85,5.85,5.85,200.0
2019-03-25 15:10:00,5.85,5.85,5.85,5.85,505.0
2019-03-25 15:13:00,5.85,5.85,5.85,5.85,300.0
2019-03-25 15:15:00,5.85,5.85,5.85,5.85,1000.0
2019-03-25 15:16:00,5.85,5.85,5.85,5.85,200.0
2019-03-25 15:17:00,5.85,5.85,5.85,5.85,200.0
2019-03-25 15:19:00,5.85,5.85,5.85,5.85,105.0
2019-03-25 15:21:00,5.85,5.85,5.85,5.85,200.0
2019-03-25 15:22:00,5.85,5.85,5.85,5.85,100.0
2019-03-25 15:23:00,5.85,5.85,5.85,5.85,400.0
2019-03-25 15:24:00,5.85,5.85,5.85,5.85,200.0
2019-03-25 15:25:00,5.85,5.85,5.85,5.85,1100.0
2019-03-25 15:26:00,5.85,5.85,5.85,5.85,205.0
2019-03-25 15:27:00,5.85,5.85,5.85,5.85,500.0
2019-03-25 15:29:00,5.85,5.85,5.85,5.85,1300.0
2019-03-25 15:30:00,5.85,5.85,5.85,5.85,350.0
2019-03-25 15:33:00,5.85,5.85,5.85,5.85,410.0
2019-03-25 15:35:00,5.85,5.85,5.85,5.85,400.0
2019-03-25 15:37:00,5.85,5.85,5.85,5.85,6905.0
2019-03-25 15:39:00,5.85,5.85,5.85,5.85,300.0
2019-03-25 15:40:00,5.85,5.85,5.85,5.85,305.0
2019-03-25 15:42:00,5.85,5.85,5.85,5.85,3259.0
2019-03-25 15:44:00,5.85,5.85,5.85,5.85,305.0
2019-03-25 15:45:00,5.85,5.85,5.85,5.85,583.0
2019-03-25 15:47:00,5.845,5.85,5.845,5.85,7419.0
2019-03-25 15:48:00,5.85,5.85,5.85,5.85,2300.0
2019-03-25 15:49:00,5.85,5.85,5.85,5.85,10399.0
2019-03-25 15:50:00,5.85,5.85,5.85,5.85,12300.0
2019-03-25 15:51:00,5.85,5.85,5.85,5.85,1125.0
2019-03-25 15:52:00,5.845,5.845,5.845,5.845,2200.0
2019-03-25 15:53:00,5.85,5.85,5.85,5.85,2205.0
2019-03-25 15:54:00,5.85,5.85,5.85,5.85,800.0
2019-03-25 15:55:00,5.85,5.85,5.85,5.85,510.0
2019-03-25 15:56:00,5.85,5.85,5.85,5.85,1250.0
2019-03-25 15:57:00,5.85,5.85,5.85,5.85,5410.0
2019-03-25 15:58:00,5.85,5.85,5.85,5.85,19760.0
2019-03-25 15:59:00,5.84,5.84,5.84,5.84,988.0
2019-03-25 16:00:00,5.85,5.85,5.85,5.85,5541.0
2019-03-26 09:31:00,5.85,5.85,5.85,5.85,4609.0
2019-03-26 09:32:00,5.845,5.845,5.845,5.845,390.0
2019-03-26 09:33:00,5.845,5.845,5.845,5.845,880.0
2019-03-26 09:34:00,5.85,5.85,5.85,5.85,1270.0
2019-03-26 09:38:00,5.85,5.85,5.845,5.845,3095.0
2019-03-26 09:43:00,5.85,5.85,5.85,5.85,107.0
2019-03-26 09:45:00,5.845,5.845,5.845,5.845,410.0
2019-03-26 09:46:00,5.845,5.845,5.845,5.845,1429.0
2019-03-26 09:52:00,5.845,5.845,5.84,5.84,150945.0
2019-03-26 09:58:00,5.84,5.84,5.84,5.84,779.0
2019-03-26 10:00:00,5.845,5.845,5.845,5.845,114.0
2019-03-26 10:05:00,5.8401,5.8401,5.8401,5.8401,104.0
2019-03-26 10:08:00,5.845,5.845,5.845,5.845,200.0
2019-03-26 10:11:00,5.85,5.85,5.85,5.85,1572.0
2019-03-26 10:13:00,5.845,5.845,5.845,5.845,302.0
2019-03-26 10:16:00,5.84,5.84,5.84,5.84,108.0
2019-03-26 10:18:00,5.845,5.845,5.845,5.845,249.0
2019-03-26 10:23:00,5.845,5.845,5.845,5.845,397.0
2019-03-26 10:28:00,5.845,5.845,5.845,5.845,203.0
2019-03-26 10:30:00,5.8431,5.8431,5.8431,5.8431,1626.0
2019-03-26 10:36:00,5.84,5.84,5.84,5.84,1027.0
2019-03-26 10:40:00,5.845,5.845,5.845,5.845,223.0
2019-03-26 10:43:00,5.845,5.845,5.845,5.845,106.0
2019-03-26 10:44:00,5.845,5.845,5.845,5.845,104.0
2019-03-26 10:48:00,5.845,5.845,5.845,5.845,100.0
2019-03-26 10:49:00,5.845,5.845,5.845,5.845,129.0
2019-03-26 10:50:00,5.845,5.845,5.845,5.845,201.0
2019-03-26 10:53:00,5.84,5.84,5.84,5.84,3100.0
2019-03-26 10:54:00,5.845,5.845,5.845,5.845,545.0
2019-03-26 11:04:00,5.8422,5.8422,5.8422,5.8422,551.0
2019-03-26 11:05:00,5.845,5.845,5.845,5.845,105.0
2019-03-26 11:13:00,5.845,5.845,5.845,5.845,100.0
2019-03-26 11:16:00,5.84,5.84,5.84,5.84,206.0
2019-03-26 11:18:00,5.845,5.845,5.845,5.845,200.0
2019-03-26 11:19:00,5.845,5.845,5.845,5.845,278.0
2019-03-26 11:26:00,5.845,5.845,5.845,5.845,950.0
2019-03-26 11:27:00,5.845,5.845,5.845,5.845,117.0
2019-03-26 11:30:00,5.845,5.845,5.845,5.845,210.0
2019-03-26 11:38:00,5.845,5.845,5.845,5.845,400.0
2019-03-26 11:40:00,5.85,5.85,5.845,5.845,1546.0
2019-03-26 11:53:00,5.845,5.845,5.845,5.845,959.0
2019-03-26 11:58:00,5.845,5.845,5.845,5.845,347.0
2019-03-26 11:59:00,5.845,5.845,5.845,5.845,182.0
2019-03-26 12:17:00,5.845,5.845,5.845,5.845,505.0
2019-03-26 12:22:00,5.84,5.8434,5.84,5.8434,0.0
2019-03-26 12:23:00,5.845,5.845,5.845,5.845,1029.0
2019-03-26 12:24:00,5.85,5.85,5.85,5.85,316.0
2019-03-26 12:31:00,5.845,5.845,5.845,5.845,179.0
2019-03-26 12:36:00,5.843,5.843,5.8401,5.8401,313.0
2019-03-26 12:39:00,5.845,5.845,5.845,5.845,122.0
2019-03-26 12:47:00,5.85,5.85,5.85,5.85,206.0
2019-03-26 12:52:00,5.845,5.845,5.845,5.845,408.0
2019-03-26 12:54:00,5.845,5.85,5.845,5.85,343.0
2019-03-26 12:56:00,5.84,5.84,5.84,5.84,265.0
2019-03-26 13:06:00,5.845,5.845,5.845,5.845,257.0
2019-03-26 13:14:00,5.85,5.85,5.85,5.85,157.0
2019-03-26 13:18:00,5.845,5.845,5.845,5.845,100.0
2019-03-26 13:20:00,5.845,5.845,5.845,5.845,2503.0
2019-03-26 13:21:00,5.84,5.845,5.84,5.845,2105.0
2019-03-26 13:27:00,5.845,5.845,5.845,5.845,603.0
2019-03-26 13:31:00,5.845,5.845,5.845,5.845,200.0
2019-03-26 13:32:00,5.84,5.84,5.84,5.84,3729.0
2019-03-26 13:33:00,5.84,5.84,5.84,5.84,209.0
2019-03-26 13:37:00,5.845,5.845,5.845,5.845,104.0
2019-03-26 13:38:00,5.845,5.845,5.845,5.845,203.0
2019-03-26 13:42:00,5.845,5.845,5.845,5.845,100.0
2019-03-26 13:43:00,5.85,5.85,5.85,5.85,202.0
2019-03-26 13:46:00,5.84,5.84,5.84,5.84,100.0
2019-03-26 13:47:00,5.845,5.845,5.84,5.84,1551.0
2019-03-26 13:48:00,5.84,5.84,5.84,5.84,1743.0
2019-03-26 13:49:00,5.84,5.84,5.84,5.84,409.0
2019-03-26 13:50:00,5.84,5.84,5.84,5.84,700.0
2019-03-26 13:51:00,5.84,5.84,5.84,5.84,822.0
2019-03-26 13:52:00,5.84,5.845,5.84,5.845,817.0
2019-03-26 13:58:00,5.845,5.845,5.845,5.845,104.0
2019-03-26 13:59:00,5.845,5.845,5.845,5.845,0.0
2019-03-26 14:00:00,5.845,5.845,5.845,5.845,123.0
2019-03-26 14:12:00,5.845,5.845,5.845,5.845,207.0
2019-03-26 14:15:00,5.845,5.845,5.845,5.845,104.0
2019-03-26 14:20:00,5.845,5.845,5.845,5.845,300.0
2019-03-26 14:22:00,5.845,5.845,5.845,5.845,104.0
2019-03-26 14:25:00,5.845,5.845,5.845,5.845,100.0
2019-03-26 14:28:00,5.845,5.845,5.845,5.845,420.0
2019-03-26 14:30:00,5.845,5.845,5.845,5.845,227.0
2019-03-26 14:35:00,5.84,5.84,5.84,5.84,715.0
2019-03-26 14:36:00,5.84,5.84,5.84,5.84,140.0
2019-03-26 14:38:00,5.845,5.845,5.845,5.845,1667.0
2019-03-26 14:41:00,5.845,5.845,5.845,5.845,247.0
2019-03-26 14:48:00,5.845,5.845,5.845,5.845,100.0
2019-03-26 14:49:00,5.845,5.845,5.845,5.845,213.0
2019-03-26 14:55:00,5.845,5.845,5.845,5.845,206.0
2019-03-26 14:58:00,5.845,5.845,5.845,5.845,200.0
2019-03-26 15:02:00,5.845,5.845,5.845,5.845,207.0
2019-03-26 15:03:00,5.845,5.845,5.845,5.845,1247.0
2019-03-26 15:07:00,5.845,5.845,5.845,5.845,109.0
2019-03-26 15:11:00,5.84,5.84,5.84,5.84,100.0
2019-03-26 15:12:00,5.845,5.845,5.845,5.845,261.0
2019-03-26 15:15:00,5.845,5.845,5.845,5.845,243.0
2019-03-26 15:16:00,5.845,5.845,5.845,5.845,100.0
2019-03-26 15:19:00,5.845,5.845,5.845,5.845,300.0
2019-03-26 15:20:00,5.84,5.84,5.84,5.84,135.0
2019-03-26 15:25:00,5.85,5.85,5.85,5.85,200.0
2019-03-26 15:27:00,5.845,5.845,5.845,5.845,579.0
2019-03-26 15:28:00,5.85,5.85,5.85,5.85,100.0
2019-03-26 15:29:00,5.845,5.845,5.845,5.845,408.0
2019-03-26 15:31:00,5.84,5.84,5.84,5.84,209.0
2019-03-26 15:34:00,5.845,5.845,5.845,5.845,223.0
2019-03-26 15:40:00,5.84,5.845,5.84,5.845,1218.0
2019-03-26 15:47:00,5.845,5.845,5.845,5.845,500.0
2019-03-26 15:48:00,5.845,5.845,5.845,5.845,212.0
2019-03-26 15:51:00,5.845,5.845,5.845,5.845,100.0
2019-03-26 15:52:00,5.84,5.84,5.84,5.84,715.0
2019-03-26 15:54:00,5.845,5.845,5.845,5.845,597.0
2019-03-26 15:56:00,5.845,5.845,5.845,5.845,429.0
2019-03-26 15:58:00,5.845,5.845,5.845,5.845,216.0
2019-03-26 16:00:00,5.845,5.85,5.845,5.85,18828.0
2019-03-27 09:31:00,5.84,5.84,5.84,5.84,3133.0
2019-03-27 09:32:00,5.845,5.845,5.84,5.84,686.0
2019-03-27 09:33:00,5.84,5.84,5.84,5.84,7326.0
2019-03-27 09:36:00,5.84,5.84,5.84,5.84,300.0
2019-03-27 09:37:00,5.84,5.845,5.84,5.845,302.0
2019-03-27 09:38:00,5.845,5.845,5.845,5.845,829.0
2019-03-27 09:45:00,5.845,5.845,5.845,5.845,145.0
2019-03-27 09:51:00,5.8401,5.8401,5.8401,5.8401,125.0
2019-03-27 09:52:00,5.845,5.845,5.84,5.84,832.0
2019-03-27 09:56:00,5.84,5.85,5.84,5.85,4079.0
2019-03-27 10:03:00,5.845,5.845,5.845,5.845,312.0
2019-03-27 10:05:00,5.85,5.85,5.85,5.85,100.0
2019-03-27 10:06:00,5.84,5.84,5.84,5.84,200.0
2019-03-27 10:07:00,5.845,5.845,5.845,5.845,600.0
2019-03-27 10:08:00,5.845,5.845,5.845,5.845,807.0
2019-03-27 10:09:00,5.85,5.85,5.85,5.85,115.0
2019-03-27 10:14:00,5.845,5.845,5.845,5.845,132.0
2019-03-27 10:27:00,5.85,5.85,5.85,5.85,302.0
2019-03-27 10:30:00,5.8435,5.8435,5.84,5.84,320.0
2019-03-27 10:33:00,5.84,5.84,5.84,5.84,500.0
2019-03-27 10:35:00,5.845,5.845,5.845,5.845,200.0
2019-03-27 10:37:00,5.845,5.845,5.845,5.845,424.0
2019-03-27 10:39:00,5.85,5.85,5.85,5.85,111.0
2019-03-27 10:44:00,5.845,5.845,5.845,5.845,100.0
2019-03-27 10:47:00,5.845,5.845,5.845,5.845,100.0
2019-03-27 10:48:00,5.85,5.85,5.85,5.85,109.0
2019-03-27 10:49:00,5.845,5.845,5.845,5.845,279.0
2019-03-27 10:50:00,5.845,5.845,5.845,5.845,550.0
2019-03-27 10:52:00,5.85,5.85,5.845,5.845,770.0
2019-03-27 10:57:00,5.85,5.85,5.85,5.85,100.0
2019-03-27 11:00:00,5.85,5.85,5.85,5.85,4755.0
2019-03-27 11:01:00,5.845,5.845,5.845,5.845,112.0
2019-03-27 11:04:00,5.845,5.845,5.845,5.845,212.0
2019-03-27 11:05:00,5.84,5.84,5.84,5.84,1367.0
2019-03-27 11:09:00,5.84,5.84,5.84,5.84,2912.0
2019-03-27 11:16:00,5.85,5.85,5.85,5.85,100.0
2019-03-27 11:17:00,5.845,5.845,5.845,5.845,112.0
2019-03-27 11:18:00,5.845,5.845,5.845,5.845,3779.0
2019-03-27 11:21:00,5.845,5.845,5.845,5.845,3374.0
2019-03-27 11:23:00,5.85,5.85,5.85,5.85,2922.0
2019-03-27 11:26:00,5.85,5.85,5.85,5.85,101.0
2019-03-27 11:27:00,5.845,5.845,5.845,5.845,201.0
2019-03-27 11:28:00,5.85,5.85,5.85,5.85,104.0
2019-03-27 11:31:00,5.845,5.845,5.845,5.845,116.0
2019-03-27 11:36:00,5.84,5.845,5.84,5.845,4170.0
2019-03-27 11:43:00,5.845,5.845,5.845,5.845,101.0
2019-03-27 11:44:00,5.845,5.845,5.845,5.845,301.0
2019-03-27 11:46:00,5.845,5.845,5.845,5.845,180.0
2019-03-27 11:55:00,5.85,5.85,5.85,5.85,222.0
2019-03-27 11:57:00,5.845,5.845,5.845,5.845,100.0
2019-03-27 11:58:00,5.845,5.845,5.845,5.845,300.0
2019-03-27 12:00:00,5.845,5.845,5.845,5.845,400.0
2019-03-27 12:01:00,5.845,5.845,5.845,5.845,619.0
2019-03-27 12:07:00,5.85,5.85,5.85,5.85,193.0
2019-03-27 12:09:00,5.845,5.845,5.845,5.845,5656.0
2019-03-27 12:11:00,5.845,5.845,5.845,5.845,105.0
2019-03-27 12:13:00,5.845,5.845,5.845,5.845,616.0
2019-03-27 12:17:00,5.845,5.845,5.845,5.845,105.0
2019-03-27 12:22:00,5.845,5.845,5.845,5.845,1861.0
2019-03-27 12:24:00,5.845,5.845,5.845,5.845,538.0
2019-03-27 12:26:00,5.845,5.85,5.845,5.85,3653.0
2019-03-27 12:28:00,5.845,5.845,5.845,5.845,3773.0
2019-03-27 12:30:00,5.845,5.845,5.845,5.845,107.0
2019-03-27 12:31:00,5.845,5.845,5.845,5.845,1309.0
2019-03-27 12:33:00,5.845,5.845,5.845,5.845,127.0
2019-03-27 12:44:00,5.84,5.84,5.84,5.84,109.0
2019-03-27 12:47:00,5.845,5.845,5.845,5.845,191.0
2019-03-27 12:48:00,5.845,5.845,5.845,5.845,134.0
2019-03-27 12:52:00,5.85,5.85,5.85,5.85,200.0
2019-03-27 12:53:00,5.845,5.845,5.845,5.845,900.0
2019-03-27 12:54:00,5.85,5.85,5.85,5.85,280.0
2019-03-27 12:55:00,5.85,5.85,5.85,5.85,580.0
2019-03-27 12:56:00,5.85,5.85,5.85,5.85,100.0
2019-03-27 12:57:00,5.845,5.845,5.845,5.845,404.0
2019-03-27 12:58:00,5.8421,5.8421,5.8421,5.8421,258.0
2019-03-27 12:59:00,5.84,5.84,5.84,5.84,7448.0
2019-03-27 13:00:00,5.84,5.84,5.84,5.84,262.0
2019-03-27 13:01:00,5.84,5.84,5.84,5.84,1162.0
2019-03-27 13:02:00,5.845,5.845,5.845,5.845,1260.0
2019-03-27 13:03:00,5.845,5.845,5.845,5.845,277.0
2019-03-27 13:07:00,5.845,5.845,5.845,5.845,204.0
2019-03-27 13:08:00,5.845,5.845,5.84,5.845,700.0
2019-03-27 13:11:00,5.85,5.85,5.85,5.85,809.0
2019-03-27 13:14:00,5.85,5.85,5.85,5.85,100.0
2019-03-27 13:15:00,5.85,5.85,5.85,5.85,1418.0
2019-03-27 13:16:00,5.845,5.845,5.845,5.845,414.0
2019-03-27 13:17:00,5.8407,5.8407,5.8407,5.8407,715.0
2019-03-27 13:19:00,5.8407,5.8407,5.8407,5.8407,489.0
2019-03-27 13:20:00,5.85,5.85,5.85,5.85,116.0
2019-03-27 13:22:00,5.845,5.85,5.845,5.85,200.0
2019-03-27 13:23:00,5.85,5.85,5.85,5.85,300.0
2019-03-27 13:24:00,5.85,5.85,5.85,5.85,200.0
2019-03-27 13:25:00,5.845,5.845,5.845,5.845,300.0
2019-03-27 13:26:00,5.85,5.85,5.85,5.85,120.0
2019-03-27 13:29:00,5.85,5.85,5.85,5.85,1606.0
2019-03-27 13:30:00,5.845,5.845,5.845,5.845,305.0
2019-03-27 13:32:00,5.85,5.85,5.845,5.845,1000.0
2019-03-27 13:33:00,5.845,5.845,5.845,5.845,1206.0
2019-03-27 13:42:00,5.85,5.85,5.85,5.85,200.0
2019-03-27 13:43:00,5.85,5.85,5.85,5.85,721.0
2019-03-27 13:44:00,5.845,5.845,5.845,5.845,700.0
2019-03-27 13:45:00,5.845,5.845,5.845,5.845,302.0
2019-03-27 13:46:00,5.85,5.85,5.85,5.85,803.0
2019-03-27 13:48:00,5.845,5.845,5.845,5.845,100.0
2019-03-27 13:50:00,5.85,5.85,5.85,5.85,200.0
2019-03-27 13:51:00,5.845,5.85,5.845,5.85,215.0
2019-03-27 13:53:00,5.85,5.85,5.845,5.85,1284.0
2019-03-27 13:55:00,5.845,5.845,5.845,5.845,1484.0
2019-03-27 13:57:00,5.845,5.845,5.845,5.845,204.0
2019-03-27 14:00:00,5.85,5.85,5.85,5.85,203.0
2019-03-27 14:01:00,5.85,5.85,5.85,5.85,100.0
2019-03-27 14:02:00,5.845,5.845,5.845,5.845,5000.0
2019-03-27 14:03:00,5.845,5.845,5.845,5.845,3448.0
2019-03-27 14:04:00,5.845,5.845,5.845,5.845,1808.0
2019-03-27 14:05:00,5.845,5.845,5.845,5.845,200.0
2019-03-27 14:06:00,5.845,5.845,5.845,5.845,800.0
2019-03-27 14:07:00,5.845,5.845,5.845,5.845,403.0
2019-03-27 14:08:00,5.85,5.85,5.85,5.85,225.0
2019-03-27 14:09:00,5.85,5.85,5.85,5.85,200.0
2019-03-27 14:10:00,5.85,5.85,5.85,5.85,375.0
2019-03-27 14:11:00,5.85,5.85,5.85,5.85,303.0
2019-03-27 14:12:00,5.85,5.85,5.85,5.85,401.0
2019-03-27 14:13:00,5.845,5.845,5.845,5.845,706.0
2019-03-27 14:14:00,5.85,5.85,5.85,5.85,401.0
2019-03-27 14:15:00,5.85,5.85,5.85,5.85,900.0
2019-03-27 14:16:00,5.85,5.85,5.85,5.85,1001.0
2019-03-27 14:17:00,5.845,5.845,5.845,5.845,396.0
2019-03-27 14:21:00,5.845,5.85,5.845,5.85,313.0
2019-03-27 14:22:00,5.845,5.845,5.845,5.845,486.0
2019-03-27 14:25:00,5.845,5.845,5.845,5.845,336.0
2019-03-27 14:26:00,5.85,5.85,5.85,5.85,407.0
2019-03-27 14:30:00,5.845,5.85,5.845,5.85,208.0
2019-03-27 14:31:00,5.85,5.85,5.85,5.85,408.0
2019-03-27 14:32:00,5.85,5.85,5.85,5.85,604.0
2019-03-27 14:33:00,5.85,5.85,5.85,5.85,100.0
2019-03-27 14:34:00,5.85,5.85,5.85,5.85,200.0
2019-03-27 14:35:00,5.85,5.85,5.85,5.85,290.0
2019-03-27 14:36:00,5.845,5.85,5.845,5.85,203.0
2019-03-27 14:38:00,5.85,5.85,5.84,5.84,3367.0
2019-03-27 14:40:00,5.84,5.84,5.84,5.84,1110.0
2019-03-27 14:41:00,5.845,5.845,5.845,5.845,3200.0
2019-03-27 14:42:00,5.85,5.85,5.85,5.85,3467.0
2019-03-27 14:43:00,5.845,5.845,5.845,5.845,403.0
2019-03-27 14:44:00,5.845,5.845,5.845,5.845,503.0
2019-03-27 14:45:00,5.85,5.85,5.85,5.85,202.0
2019-03-27 14:46:00,5.85,5.85,5.85,5.85,406.0
2019-03-27 14:47:00,5.85,5.85,5.85,5.85,202.0
2019-03-27 14:48:00,5.85,5.85,5.85,5.85,100.0
2019-03-27 14:49:00,5.85,5.85,5.85,5.85,402.0
2019-03-27 14:50:00,5.85,5.85,5.85,5.85,803.0
2019-03-27 14:51:00,5.85,5.85,5.85,5.85,202.0
2019-03-27 14:52:00,5.85,5.85,5.85,5.85,402.0
2019-03-27 14:53:00,5.85,5.85,5.85,5.85,100.0
2019-03-27 14:54:00,5.85,5.85,5.85,5.85,1406.0
2019-03-27 14:55:00,5.85,5.85,5.85,5.85,204.0
2019-03-27 14:57:00,5.85,5.85,5.85,5.85,304.0
2019-03-27 14:58:00,5.85,5.85,5.85,5.85,308.0
2019-03-27 15:00:00,5.85,5.85,5.85,5.85,300.0
2019-03-27 15:02:00,5.85,5.85,5.85,5.85,205.0
2019-03-27 15:04:00,5.85,5.85,5.85,5.85,305.0
2019-03-27 15:05:00,5.845,5.85,5.845,5.85,900.0
2019-03-27 15:06:00,5.85,5.85,5.85,5.85,1004.0
2019-03-27 15:07:00,5.85,5.85,5.85,5.85,602.0
2019-03-27 15:09:00,5.845,5.845,5.845,5.845,114.0
2019-03-27 15:11:00,5.85,5.85,5.85,5.85,100.0
2019-03-27 15:12:00,5.85,5.85,5.85,5.85,300.0
2019-03-27 15:13:00,5.845,5.845,5.845,5.845,100.0
2019-03-27 15:14:00,5.845,5.845,5.845,5.845,200.0
2019-03-27 15:15:00,5.845,5.845,5.845,5.845,209.0
2019-03-27 15:16:00,5.845,5.845,5.845,5.845,400.0
2019-03-27 15:17:00,5.845,5.845,5.845,5.845,105.0
2019-03-27 15:18:00,5.845,5.845,5.845,5.845,205.0
2019-03-27 15:19:00,5.845,5.845,5.845,5.845,203.0
2019-03-27 15:20:00,5.845,5.845,5.845,5.845,102.0
2019-03-27 15:21:00,5.845,5.845,5.845,5.845,202.0
2019-03-27 15:22:00,5.845,5.845,5.845,5.845,1401.0
2019-03-27 15:23:00,5.845,5.845,5.845,5.845,126.0
2019-03-27 15:25:00,5.85,5.85,5.85,5.85,312.0
2019-03-27 15:26:00,5.845,5.845,5.845,5.845,200.0
2019-03-27 15:27:00,5.845,5.845,5.845,5.845,400.0
2019-03-27 15:30:00,5.845,5.845,5.845,5.845,411.0
2019-03-27 15:31:00,5.845,5.845,5.845,5.845,1054.0
2019-03-27 15:32:00,5.845,5.845,5.845,5.845,820.0
2019-03-27 15:33:00,5.845,5.845,5.845,5.845,602.0
2019-03-27 15:34:00,5.845,5.845,5.845,5.845,4467.0
2019-03-27 15:35:00,5.84,5.84,5.84,5.84,100.0
2019-03-27 15:36:00,5.845,5.845,5.845,5.845,2900.0
2019-03-27 15:37:00,5.845,5.845,5.845,5.845,20004.0
2019-03-27 15:40:00,5.845,5.845,5.845,5.845,1400.0
2019-03-27 15:41:00,5.845,5.85,5.845,5.85,2411.0
2019-03-27 15:42:00,5.85,5.85,5.845,5.85,404.0
2019-03-27 15:43:00,5.85,5.85,5.85,5.85,504.0
2019-03-27 15:44:00,5.85,5.85,5.85,5.85,416.0
2019-03-27 15:45:00,5.85,5.85,5.85,5.85,310.0
2019-03-27 15:46:00,5.85,5.85,5.85,5.85,3467.0
2019-03-27 15:47:00,5.85,5.85,5.85,5.85,514.0
2019-03-27 15:48:00,5.85,5.85,5.85,5.85,407.0
2019-03-27 15:49:00,5.85,5.85,5.85,5.85,107.0
2019-03-27 15:51:00,5.845,5.845,5.845,5.845,1305.0
2019-03-27 15:52:00,5.845,5.85,5.845,5.85,4639.0
2019-03-27 15:53:00,5.85,5.85,5.85,5.85,710.0
2019-03-27 15:54:00,5.845,5.85,5.845,5.85,2419.0
2019-03-27 15:55:00,5.845,5.845,5.84,5.84,1009.0
2019-03-27 15:56:00,5.84,5.84,5.84,5.84,3981.0
2019-03-27 15:57:00,5.85,5.85,5.85,5.85,1239.0
2019-03-27 15:58:00,5.85,5.85,5.85,5.85,1314.0
2019-03-27 15:59:00,5.845,5.85,5.845,5.85,1945.0
2019-03-27 16:00:00,5.85,5.85,5.84,5.84,4041.0
2019-03-28 09:31:00,5.84,5.84,5.84,5.84,1259.0
2019-03-28 09:33:00,5.845,5.845,5.845,5.845,109.0
2019-03-28 09:36:00,5.84,5.84,5.84,5.84,924.0
2019-03-28 09:37:00,5.84,5.845,5.84,5.845,1676.0
2019-03-28 09:39:00,5.84,5.84,5.84,5.84,100.0
2019-03-28 09:41:00,5.845,5.845,5.845,5.845,100.0
2019-03-28 09:42:00,5.845,5.845,5.845,5.845,224.0
2019-03-28 09:44:00,5.84,5.84,5.84,5.84,100.0
2019-03-28 09:46:00,5.845,5.845,5.845,5.845,102.0
2019-03-28 09:51:00,5.845,5.845,5.845,5.845,905.0
2019-03-28 09:52:00,5.845,5.845,5.845,5.845,100.0
2019-03-28 09:54:00,5.845,5.845,5.84,5.84,228.0
2019-03-28 10:02:00,5.85,5.85,5.85,5.85,116.0
2019-03-28 10:03:00,5.85,5.85,5.84,5.845,1205.0
2019-03-28 10:06:00,5.845,5.845,5.845,5.845,100.0
2019-03-28 10:08:00,5.845,5.845,5.845,5.845,115.0
2019-03-28 10:09:00,5.845,5.845,5.84,5.845,305.0
2019-03-28 10:11:00,5.845,5.845,5.845,5.845,231.0
2019-03-28 10:17:00,5.845,5.845,5.845,5.845,120.0
2019-03-28 10:18:00,5.845,5.845,5.845,5.845,102.0
2019-03-28 10:20:00,5.845,5.845,5.84,5.84,304.0
2019-03-28 10:24:00,5.85,5.85,5.845,5.845,315.0
2019-03-28 10:25:00,5.845,5.845,5.845,5.845,105.0
2019-03-28 10:26:00,5.845,5.845,5.845,5.845,223.0
2019-03-28 10:28:00,5.845,5.845,5.845,5.845,103.0
2019-03-28 10:29:00,5.845,5.845,5.845,5.845,199.0
2019-03-28 10:30:00,5.845,5.845,5.845,5.845,100.0
2019-03-28 10:31:00,5.84,5.845,5.84,5.845,240.0
2019-03-28 10:38:00,5.845,5.845,5.845,5.845,924.0
2019-03-28 10:39:00,5.84,5.84,5.84,5.84,125.0
2019-03-28 10:49:00,5.845,5.845,5.845,5.845,106.0
2019-03-28 10:57:00,5.85,5.85,5.85,5.85,116.0
2019-03-28 11:00:00,5.845,5.85,5.84,5.84,407.0
2019-03-28 11:05:00,5.845,5.845,5.84,5.84,1635.0
2019-03-28 11:10:00,5.845,5.845,5.84,5.84,404.0
2019-03-28 11:15:00,5.845,5.845,5.845,5.845,101.0
2019-03-28 11:16:00,5.845,5.845,5.845,5.845,207.0
2019-03-28 11:19:00,5.84,5.84,5.84,5.84,101.0
2019-03-28 11:20:00,5.84,5.84,5.84,5.84,207.0
2019-03-28 11:25:00,5.845,5.845,5.845,5.845,202.0
2019-03-28 11:27:00,5.84,5.84,5.84,5.84,101.0
2019-03-28 11:29:00,5.84,5.84,5.84,5.84,100.0
2019-03-28 11:31:00,5.84,5.84,5.84,5.84,101.0
2019-03-28 11:32:00,5.845,5.845,5.845,5.845,121.0
2019-03-28 11:41:00,5.84,5.84,5.84,5.84,106.0
2019-03-28 11:42:00,5.845,5.85,5.84,5.85,1008.0
2019-03-28 11:43:00,5.84,5.84,5.84,5.84,303.0
2019-03-28 11:44:00,5.845,5.845,5.84,5.84,604.0
2019-03-28 11:46:00,5.845,5.845,5.845,5.845,113.0
2019-03-28 11:50:00,5.84,5.84,5.84,5.84,123.0
2019-03-28 11:52:00,5.84,5.84,5.84,5.84,101.0
2019-03-28 11:53:00,5.84,5.85,5.84,5.84,1000.0
2019-03-28 11:54:00,5.84,5.85,5.84,5.85,324.0
2019-03-28 11:55:00,5.84,5.84,5.84,5.84,208.0
2019-03-28 11:58:00,5.84,5.84,5.84,5.84,100.0
2019-03-28 12:01:00,5.85,5.85,5.845,5.845,215.0
2019-03-28 12:05:00,5.84,5.84,5.84,5.84,205.0
2019-03-28 12:10:00,5.84,5.85,5.84,5.845,809.0
2019-03-28 12:12:00,5.845,5.845,5.845,5.845,201.0
2019-03-28 12:14:00,5.84,5.84,5.84,5.84,101.0
2019-03-28 12:15:00,5.845,5.845,5.84,5.84,205.0
2019-03-28 12:17:00,5.845,5.845,5.845,5.845,100.0
2019-03-28 12:20:00,5.845,5.845,5.845,5.845,200.0
2019-03-28 12:23:00,5.845,5.845,5.845,5.845,105.0
2019-03-28 12:25:00,5.845,5.845,5.845,5.845,222.0
2019-03-28 12:29:00,5.845,5.845,5.845,5.845,100.0
2019-03-28 12:32:00,5.84,5.85,5.84,5.84,756.0
2019-03-28 12:34:00,5.84,5.84,5.84,5.84,200.0
2019-03-28 12:36:00,5.84,5.845,5.84,5.845,507.0
2019-03-28 12:37:00,5.845,5.845,5.845,5.845,217.0
2019-03-28 12:40:00,5.84,5.84,5.84,5.84,100.0
2019-03-28 12:41:00,5.845,5.845,5.845,5.845,305.0
2019-03-28 12:45:00,5.845,5.85,5.84,5.84,300.0
2019-03-28 12:46:00,5.845,5.845,5.845,5.845,100.0
2019-03-28 12:47:00,5.845,5.845,5.845,5.845,100.0
2019-03-28 12:48:00,5.85,5.85,5.845,5.845,200.0
2019-03-28 12:50:00,5.85,5.85,5.85,5.85,100.0
2019-03-28 12:52:00,5.845,5.845,5.845,5.845,405.0
2019-03-28 12:54:00,5.84,5.84,5.84,5.84,120.0
2019-03-28 13:07:00,5.85,5.85,5.85,5.85,100.0
2019-03-28 13:09:00,5.85,5.85,5.85,5.85,100.0
2019-03-28 13:10:00,5.845,5.85,5.845,5.85,650.0
2019-03-28 13:12:00,5.845,5.845,5.845,5.845,105.0
2019-03-28 13:14:00,5.84,5.84,5.84,5.84,100.0
2019-03-28 13:15:00,5.845,5.845,5.845,5.845,258.0
2019-03-28 13:19:00,5.845,5.85,5.845,5.85,200.0
2019-03-28 13:23:00,5.845,5.845,5.845,5.845,105.0
2019-03-28 13:24:00,5.845,5.845,5.845,5.845,615.0
2019-03-28 13:25:00,5.845,5.845,5.84,5.84,245.0
2019-03-28 13:38:00,5.85,5.85,5.85,5.85,137.0
2019-03-28 13:46:00,5.845,5.845,5.845,5.845,274.0
2019-03-28 13:49:00,5.845,5.85,5.845,5.85,400.0
2019-03-28 13:52:00,5.845,5.845,5.845,5.845,205.0
2019-03-28 13:53:00,5.845,5.845,5.845,5.845,244.0
2019-03-28 13:57:00,5.845,5.845,5.845,5.845,200.0
2019-03-28 13:58:00,5.85,5.85,5.85,5.85,179.0
2019-03-28 14:04:00,5.845,5.845,5.845,5.845,100.0
2019-03-28 14:06:00,5.845,5.845,5.845,5.845,115.0
2019-03-28 14:07:00,5.84,5.845,5.84,5.845,286.0
2019-03-28 14:11:00,5.84,5.845,5.84,5.845,1110.0
2019-03-28 14:17:00,5.845,5.85,5.8418,5.8418,1505.0
2019-03-28 14:18:00,5.845,5.845,5.845,5.845,123.0
2019-03-28 14:19:00,5.845,5.85,5.845,5.85,1245.0
2019-03-28 14:20:00,5.845,5.85,5.845,5.845,500.0
2019-03-28 14:21:00,5.845,5.85,5.845,5.85,300.0
2019-03-28 14:23:00,5.845,5.845,5.845,5.845,223.0
2019-03-28 14:24:00,5.85,5.85,5.85,5.85,200.0
2019-03-28 14:25:00,5.845,5.845,5.845,5.845,1113.0
2019-03-28 14:27:00,5.85,5.85,5.85,5.85,132.0
2019-03-28 14:28:00,5.845,5.845,5.845,5.845,215.0
2019-03-28 14:32:00,5.84,5.84,5.84,5.84,200.0
2019-03-28 14:33:00,5.845,5.85,5.845,5.85,332.0
2019-03-28 14:34:00,5.85,5.85,5.85,5.85,100.0
2019-03-28 14:36:00,5.85,5.85,5.85,5.85,120.0
2019-03-28 14:37:00,5.84,5.845,5.84,5.84,680.0
2019-03-28 14:38:00,5.85,5.85,5.85,5.85,100.0
2019-03-28 14:39:00,5.85,5.85,5.85,5.85,100.0
2019-03-28 14:42:00,5.845,5.845,5.845,5.845,300.0
2019-03-28 14:43:00,5.85,5.85,5.85,5.85,357.0
2019-03-28 14:46:00,5.85,5.85,5.85,5.85,100.0
2019-03-28 14:47:00,5.85,5.85,5.85,5.85,100.0
2019-03-28 14:48:00,5.85,5.85,5.85,5.85,167.0
2019-03-28 14:49:00,5.85,5.85,5.85,5.85,100.0
2019-03-28 14:51:00,5.85,5.85,5.85,5.85,100.0
2019-03-28 14:52:00,5.84,5.84,5.84,5.84,960.0
2019-03-28 14:53:00,5.85,5.85,5.85,5.85,111.0
2019-03-28 14:54:00,5.845,5.845,5.84,5.84,200.0
2019-03-28 14:55:00,5.845,5.85,5.845,5.85,200.0
2019-03-28 14:56:00,5.845,5.845,5.845,5.845,200.0
2019-03-28 14:57:00,5.85,5.85,5.85,5.85,200.0
2019-03-28 14:58:00,5.845,5.845,5.845,5.845,200.0
2019-03-28 14:59:00,5.84,5.84,5.84,5.84,105.0
2019-03-28 15:00:00,5.85,5.85,5.85,5.85,200.0
2019-03-28 15:01:00,5.84,5.85,5.84,5.85,1260.0
2019-03-28 15:04:00,5.84,5.84,5.84,5.84,100.0
2019-03-28 15:06:00,5.85,5.85,5.85,5.85,105.0
2019-03-28 15:08:00,5.85,5.85,5.85,5.85,100.0
2019-03-28 15:09:00,5.85,5.85,5.84,5.84,215.0
2019-03-28 15:10:00,5.845,5.845,5.845,5.845,470.0
2019-03-28 15:11:00,5.84,5.85,5.84,5.85,300.0
2019-03-28 15:13:00,5.84,5.84,5.84,5.84,105.0
2019-03-28 15:14:00,5.84,5.84,5.84,5.84,185.0
2019-03-28 15:16:00,5.845,5.845,5.845,5.845,247.0
2019-03-28 15:17:00,5.845,5.845,5.845,5.845,140.0
2019-03-28 15:18:00,5.84,5.84,5.84,5.84,200.0
2019-03-28 15:20:00,5.84,5.84,5.84,5.84,105.0
2019-03-28 15:21:00,5.84,5.84,5.84,5.84,115.0
2019-03-28 15:23:00,5.84,5.84,5.84,5.84,100.0
2019-03-28 15:24:00,5.84,5.84,5.84,5.84,105.0
2019-03-28 15:27:00,5.84,5.84,5.84,5.84,220.0
2019-03-28 15:32:00,5.85,5.85,5.85,5.85,100.0
2019-03-28 15:34:00,5.845,5.85,5.845,5.85,200.0
2019-03-28 15:36:00,5.85,5.85,5.85,5.85,205.0
2019-03-28 15:37:00,5.845,5.845,5.84,5.84,215.0
2019-03-28 15:39:00,5.85,5.85,5.85,5.85,185.0
2019-03-28 15:40:00,5.845,5.845,5.845,5.845,120.0
2019-03-28 15:42:00,5.845,5.845,5.845,5.845,160.0
2019-03-28 15:45:00,5.845,5.845,5.845,5.845,270.0
2019-03-28 15:46:00,5.845,5.845,5.845,5.845,105.0
2019-03-28 15:47:00,5.84,5.84,5.84,5.84,100.0
2019-03-28 15:48:00,5.845,5.845,5.845,5.845,100.0
2019-03-28 15:49:00,5.845,5.85,5.845,5.85,215.0
2019-03-28 15:50:00,5.845,5.845,5.845,5.845,105.0
2019-03-28 15:51:00,5.845,5.845,5.845,5.845,100.0
2019-03-28 15:52:00,5.845,5.845,5.84,5.84,505.0
2019-03-28 15:53:00,5.845,5.845,5.845,5.845,416.0
2019-03-28 15:54:00,5.845,5.85,5.84,5.84,745.0
2019-03-28 15:55:00,5.845,5.845,5.845,5.845,120.0
2019-03-28 15:58:00,5.845,5.845,5.845,5.845,105.0
2019-03-28 15:59:00,5.845,5.845,5.84,5.845,1027.0
2019-03-28 16:00:00,5.845,5.85,5.84,5.84,3049.0
2019-03-29 09:31:00,5.84,5.84,5.84,5.84,0.0
2019-03-29 09:38:00,5.845,5.845,5.845,5.845,200.0
2019-03-29 09:42:00,5.85,5.85,5.85,5.85,140.0
2019-03-29 09:45:00,5.84,5.84,5.84,5.84,196.0
2019-03-29 09:47:00,5.845,5.845,5.845,5.845,139.0
2019-03-29 09:49:00,5.84,5.84,5.84,5.84,267.0
2019-03-29 09:50:00,5.85,5.85,5.85,5.85,100.0
2019-03-29 09:54:00,5.845,5.845,5.845,5.845,100.0
2019-03-29 09:55:00,5.845,5.85,5.845,5.85,1100.0
2019-03-29 09:56:00,5.845,5.845,5.845,5.845,200.0
2019-03-29 09:59:00,5.85,5.85,5.845,5.845,215.0
2019-03-29 10:01:00,5.85,5.85,5.85,5.85,127.0
2019-03-29 10:08:00,5.845,5.845,5.845,5.845,420.0
2019-03-29 10:12:00,5.84,5.84,5.84,5.84,240.0
2019-03-29 10:16:00,5.84,5.84,5.84,5.84,100.0
2019-03-29 10:19:00,5.84,5.84,5.84,5.84,306.0
2019-03-29 10:25:00,5.84,5.84,5.84,5.84,100.0
2019-03-29 10:26:00,5.845,5.845,5.845,5.845,100.0
2019-03-29 10:27:00,5.845,5.845,5.84,5.845,300.0
2019-03-29 10:28:00,5.84,5.84,5.84,5.84,200.0
2019-03-29 10:34:00,5.84,5.84,5.84,5.84,100.0
2019-03-29 10:37:00,5.84,5.84,5.84,5.84,100.0
2019-03-29 10:40:00,5.84,5.84,5.84,5.84,260.0
2019-03-29 10:45:00,5.84,5.84,5.84,5.84,100.0
2019-03-29 10:51:00,5.85,5.85,5.84,5.84,537.0
2019-03-29 10:53:00,5.84,5.85,5.84,5.84,400.0
2019-03-29 10:56:00,5.845,5.845,5.845,5.845,200.0
2019-03-29 10:57:00,5.85,5.85,5.85,5.85,100.0
2019-03-29 11:01:00,5.84,5.84,5.84,5.84,400.0
2019-03-29 11:02:00,5.845,5.845,5.845,5.845,100.0
2019-03-29 11:04:00,5.84,5.84,5.84,5.84,100.0
2019-03-29 11:05:00,5.84,5.84,5.84,5.84,115.0
2019-03-29 11:06:00,5.84,5.85,5.84,5.845,1488.0
2019-03-29 11:07:00,5.84,5.84,5.84,5.84,100.0
2019-03-29 11:10:00,5.84,5.84,5.84,5.84,210.0
2019-03-29 11:13:00,5.84,5.84,5.84,5.84,100.0
2019-03-29 11:15:00,5.84,5.845,5.84,5.845,200.0
2019-03-29 11:17:00,5.845,5.845,5.84,5.84,300.0
2019-03-29 11:20:00,5.845,5.845,5.845,5.845,100.0
2019-03-29 11:23:00,5.84,5.84,5.84,5.84,100.0
2019-03-29 11:26:00,5.84,5.84,5.84,5.84,100.0
2019-03-29 11:27:00,5.845,5.845,5.845,5.845,100.0
2019-03-29 11:28:00,5.845,5.845,5.845,5.845,800.0
2019-03-29 11:29:00,5.845,5.845,5.845,5.845,200.0
2019-03-29 11:30:00,5.845,5.845,5.845,5.845,200.0
2019-03-29 11:32:00,5.84,5.84,5.84,5.84,100.0
2019-03-29 11:34:00,5.845,5.845,5.845,5.845,100.0
2019-03-29 11:35:00,5.84,5.84,5.84,5.84,100.0
2019-03-29 11:36:00,5.845,5.845,5.845,5.845,100.0
2019-03-29 11:37:00,5.85,5.85,5.85,5.85,100.0
2019-03-29 11:38:00,5.84,5.84,5.84,5.84,200.0
2019-03-29 11:39:00,5.845,5.845,5.845,5.845,900.0
2019-03-29 11:43:00,5.845,5.845,5.84,5.84,300.0
2019-03-29 11:44:00,5.84,5.84,5.84,5.84,100.0
2019-03-29 11:46:00,5.84,5.85,5.84,5.85,241.0
2019-03-29 11:48:00,5.845,5.845,5.84,5.84,516.0
2019-03-29 11:49:00,5.84,5.84,5.84,5.84,104.0
2019-03-29 11:50:00,5.845,5.85,5.84,5.85,706.0
2019-03-29 11:52:00,5.84,5.84,5.84,5.84,100.0
2019-03-29 11:53:00,5.845,5.845,5.845,5.845,302.0
2019-03-29 11:54:00,5.84,5.84,5.84,5.84,100.0
2019-03-29 11:55:00,5.84,5.845,5.84,5.845,204.0
2019-03-29 11:57:00,5.84,5.84,5.84,5.84,201.0
2019-03-29 11:58:00,5.845,5.845,5.845,5.845,202.0
2019-03-29 11:59:00,5.845,5.845,5.845,5.845,340.0
2019-03-29 12:01:00,5.84,5.84,5.84,5.84,100.0
2019-03-29 12:03:00,5.845,5.845,5.845,5.845,200.0
2019-03-29 12:04:00,5.84,5.84,5.84,5.84,100.0
2019-03-29 12:06:00,5.84,5.845,5.84,5.845,200.0
2019-03-29 12:07:00,5.845,5.845,5.845,5.845,200.0
2019-03-29 12:10:00,5.84,5.84,5.84,5.84,105.0
2019-03-29 12:11:00,5.845,5.845,5.845,5.845,200.0
2019-03-29 12:13:00,5.84,5.84,5.84,5.84,101.0
2019-03-29 12:15:00,5.84,5.84,5.84,5.84,404.0
2019-03-29 12:17:00,5.85,5.85,5.85,5.85,100.0
2019-03-29 12:18:00,5.84,5.84,5.84,5.84,100.0
2019-03-29 12:20:00,5.84,5.84,5.84,5.84,100.0
2019-03-29 12:21:00,5.84,5.84,5.84,5.84,200.0
2019-03-29 12:22:00,5.845,5.845,5.845,5.845,205.0
2019-03-29 12:24:00,5.84,5.84,5.84,5.84,100.0
2019-03-29 12:26:00,5.845,5.845,5.845,5.845,200.0
2019-03-29 12:31:00,5.84,5.84,5.84,5.84,907.0
2019-03-29 12:32:00,5.84,5.84,5.84,5.84,302.0
2019-03-29 12:33:00,5.85,5.85,5.85,5.85,100.0
2019-03-29 12:34:00,5.85,5.85,5.85,5.85,100.0
2019-03-29 12:35:00,5.85,5.85,5.84,5.84,300.0
2019-03-29 12:39:00,5.84,5.84,5.84,5.84,100.0
2019-03-29 12:41:00,5.845,5.845,5.845,5.845,100.0
2019-03-29 12:42:00,5.845,5.845,5.845,5.845,200.0
2019-03-29 12:43:00,5.84,5.85,5.84,5.85,749.0
2019-03-29 12:44:00,5.845,5.845,5.84,5.84,200.0
2019-03-29 12:47:00,5.84,5.84,5.84,5.84,100.0
2019-03-29 12:48:00,5.84,5.84,5.84,5.84,150.0
2019-03-29 12:50:00,5.845,5.845,5.84,5.84,300.0
2019-03-29 12:53:00,5.84,5.845,5.84,5.845,500.0
2019-03-29 12:55:00,5.845,5.845,5.845,5.845,100.0
2019-03-29 12:56:00,5.84,5.84,5.84,5.84,151.0
2019-03-29 13:00:00,5.845,5.845,5.845,5.845,100.0
2019-03-29 13:01:00,5.845,5.845,5.845,5.845,100.0
2019-03-29 13:02:00,5.84,5.84,5.84,5.84,100.0
2019-03-29 13:05:00,5.84,5.84,5.84,5.84,200.0
2019-03-29 13:08:00,5.84,5.84,5.84,5.84,106.0
2019-03-29 13:11:00,5.845,5.845,5.845,5.845,600.0
2019-03-29 13:12:00,5.84,5.84,5.84,5.84,100.0
2019-03-29 13:14:00,5.845,5.845,5.84,5.84,225.0
2019-03-29 13:19:00,5.84,5.845,5.84,5.845,300.0
2019-03-29 13:21:00,5.84,5.84,5.84,5.84,358.0
2019-03-29 13:23:00,5.84,5.84,5.84,5.84,102.0
2019-03-29 13:25:00,5.845,5.845,5.84,5.84,600.0
2019-03-29 13:26:00,5.85,5.85,5.84,5.84,400.0
2019-03-29 13:29:00,5.845,5.845,5.845,5.845,100.0
2019-03-29 13:31:00,5.84,5.84,5.84,5.84,100.0
2019-03-29 13:32:00,5.845,5.845,5.845,5.845,200.0
2019-03-29 13:33:00,5.84,5.84,5.84,5.84,600.0
2019-03-29 13:34:00,5.85,5.85,5.85,5.85,200.0
2019-03-29 13:36:00,5.84,5.84,5.84,5.84,200.0
2019-03-29 13:38:00,5.84,5.84,5.84,5.84,400.0
2019-03-29 13:39:00,5.84,5.84,5.84,5.84,238.0
2019-03-29 13:41:00,5.84,5.845,5.84,5.845,200.0
2019-03-29 13:46:00,5.84,5.84,5.84,5.84,300.0
2019-03-29 13:47:00,5.84,5.84,5.84,5.84,1602.0
2019-03-29 13:48:00,5.845,5.845,5.845,5.845,207.0
2019-03-29 13:49:00,5.84,5.845,5.84,5.845,400.0
2019-03-29 13:51:00,5.84,5.84,5.84,5.84,100.0
2019-03-29 13:54:00,5.84,5.84,5.84,5.84,100.0
2019-03-29 13:56:00,5.84,5.85,5.84,5.85,200.0
2019-03-29 13:58:00,5.84,5.84,5.84,5.84,100.0
2019-03-29 13:59:00,5.845,5.845,5.845,5.845,200.0
2019-03-29 14:00:00,5.84,5.84,5.84,5.84,100.0
2019-03-29 14:03:00,5.84,5.84,5.84,5.84,100.0
2019-03-29 14:04:00,5.84,5.84,5.84,5.84,100.0
2019-03-29 14:07:00,5.845,5.845,5.845,5.845,900.0
2019-03-29 14:08:00,5.845,5.845,5.84,5.845,1022.0
2019-03-29 14:09:00,5.84,5.84,5.84,5.84,3800.0
2019-03-29 14:12:00,5.84,5.84,5.84,5.84,100.0
2019-03-29 14:15:00,5.84,5.84,5.84,5.84,100.0
2019-03-29 14:16:00,5.845,5.845,5.84,5.84,200.0
2019-03-29 14:18:00,5.84,5.845,5.84,5.845,300.0
2019-03-29 14:20:00,5.84,5.84,5.84,5.84,100.0
2019-03-29 14:21:00,5.845,5.845,5.845,5.845,200.0
2019-03-29 14:22:00,5.84,5.84,5.84,5.84,100.0
2019-03-29 14:24:00,5.84,5.84,5.84,5.84,100.0
2019-03-29 14:28:00,5.84,5.84,5.84,5.84,100.0
2019-03-29 14:29:00,5.84,5.85,5.84,5.85,200.0
2019-03-29 14:31:00,5.84,5.84,5.84,5.84,100.0
2019-03-29 14:34:00,5.84,5.84,5.84,5.84,200.0
2019-03-29 14:37:00,5.84,5.84,5.84,5.84,100.0
2019-03-29 14:42:00,5.84,5.84,5.84,5.84,200.0
2019-03-29 14:44:00,5.84,5.84,5.84,5.84,100.0
2019-03-29 14:46:00,5.845,5.845,5.845,5.845,200.0
2019-03-29 14:47:00,5.84,5.845,5.84,5.845,482.0
2019-03-29 14:48:00,5.84,5.84,5.84,5.84,200.0
2019-03-29 14:49:00,5.85,5.85,5.85,5.85,200.0
2019-03-29 14:53:00,5.85,5.85,5.85,5.85,100.0
2019-03-29 14:54:00,5.845,5.845,5.845,5.845,100.0
2019-03-29 14:55:00,5.845,5.845,5.845,5.845,400.0
2019-03-29 14:56:00,5.84,5.84,5.84,5.84,100.0
2019-03-29 14:57:00,5.845,5.845,5.845,5.845,100.0
2019-03-29 14:58:00,5.84,5.84,5.84,5.84,211.0
2019-03-29 14:59:00,5.84,5.84,5.84,5.84,111.0
2019-03-29 15:01:00,5.84,5.84,5.84,5.84,211.0
2019-03-29 15:02:00,5.84,5.84,5.84,5.84,100.0
2019-03-29 15:04:00,5.845,5.845,5.845,5.845,100.0
2019-03-29 15:05:00,5.845,5.845,5.84,5.84,200.0
2019-03-29 15:07:00,5.84,5.84,5.84,5.84,100.0
2019-03-29 15:09:00,5.845,5.845,5.845,5.845,100.0
2019-03-29 15:10:00,5.84,5.84,5.84,5.84,100.0
2019-03-29 15:11:00,5.84,5.84,5.84,5.84,438.0
2019-03-29 15:16:00,5.84,5.84,5.84,5.84,100.0
2019-03-29 15:18:00,5.84,5.84,5.84,5.84,100.0
2019-03-29 15:20:00,5.845,5.85,5.84,5.84,600.0
2019-03-29 15:21:00,5.84,5.84,5.84,5.84,100.0
2019-03-29 15:22:00,5.845,5.845,5.845,5.845,800.0
2019-03-29 15:23:00,5.84,5.84,5.84,5.84,300.0
2019-03-29 15:25:00,5.84,5.84,5.84,5.84,100.0
2019-03-29 15:28:00,5.84,5.84,5.84,5.84,100.0
2019-03-29 15:29:00,5.84,5.84,5.84,5.84,100.0
2019-03-29 15:30:00,5.84,5.84,5.84,5.84,880.0
2019-03-29 15:31:00,5.84,5.84,5.84,5.84,200.0
2019-03-29 15:32:00,5.84,5.84,5.84,5.84,100.0
2019-03-29 15:33:00,5.84,5.84,5.84,5.84,300.0
2019-03-29 15:35:00,5.845,5.845,5.84,5.84,1100.0
2019-03-29 15:36:00,5.845,5.845,5.845,5.845,200.0
2019-03-29 15:37:00,5.84,5.84,5.84,5.84,200.0
2019-03-29 15:38:00,5.85,5.85,5.84,5.84,200.0
2019-03-29 15:40:00,5.84,5.84,5.84,5.84,200.0
2019-03-29 15:41:00,5.845,5.845,5.84,5.84,300.0
2019-03-29 15:42:00,5.84,5.84,5.84,5.84,139.0
2019-03-29 15:43:00,5.84,5.84,5.84,5.84,195.0
2019-03-29 15:44:00,5.84,5.84,5.84,5.84,175.0
2019-03-29 15:45:00,5.845,5.845,5.845,5.845,100.0
2019-03-29 15:46:00,5.84,5.84,5.84,5.84,100.0
2019-03-29 15:47:00,5.84,5.84,5.84,5.84,100.0
2019-03-29 15:48:00,5.85,5.85,5.84,5.84,300.0
2019-03-29 15:49:00,5.84,5.84,5.84,5.84,500.0
2019-03-29 15:50:00,5.84,5.84,5.84,5.84,100.0
2019-03-29 15:51:00,5.84,5.84,5.84,5.84,100.0
2019-03-29 15:52:00,5.84,5.84,5.84,5.84,200.0
2019-03-29 15:53:00,5.84,5.845,5.84,5.84,400.0
2019-03-29 15:54:00,5.84,5.84,5.84,5.84,411.0
2019-03-29 15:55:00,5.84,5.845,5.84,5.84,473.0
2019-03-29 15:56:00,5.84,5.85,5.84,5.85,500.0
2019-03-29 15:57:00,5.84,5.85,5.84,5.85,600.0
2019-03-29 15:58:00,5.84,5.84,5.84,5.84,600.0
2019-03-29 15:59:00,5.84,5.845,5.84,5.84,1020.0
2019-03-29 16:00:00,5.84,5.84,5.84,5.84,7806.0
2019-04-01 09:31:00,5.84,5.84,5.84,5.84,201.0
2019-04-01 09:32:00,5.84,5.84,5.84,5.84,1547.0
2019-04-01 09:34:00,5.845,5.845,5.845,5.845,1102.0
2019-04-01 09:36:00,5.84,5.84,5.84,5.84,300.0
2019-04-01 09:38:00,5.84,5.84,5.84,5.84,500.0
2019-04-01 09:39:00,5.841,5.841,5.841,5.841,750.0
2019-04-01 09:41:00,5.84,5.84,5.84,5.84,4011.0
2019-04-01 09:43:00,5.845,5.845,5.845,5.845,212.0
2019-04-01 09:48:00,5.845,5.845,5.845,5.845,419.0
2019-04-01 09:53:00,5.85,5.85,5.85,5.85,7504.0
2019-04-01 09:55:00,5.84,5.84,5.84,5.84,200.0
2019-04-01 09:58:00,5.845,5.845,5.845,5.845,231.0
2019-04-01 10:01:00,5.85,5.85,5.85,5.85,100.0
2019-04-01 10:02:00,5.84,5.84,5.84,5.84,7453.0
2019-04-01 10:04:00,5.845,5.845,5.845,5.845,441.0
2019-04-01 10:07:00,5.85,5.85,5.85,5.85,216.0
2019-04-01 10:11:00,5.845,5.845,5.845,5.845,193.0
2019-04-01 10:15:00,5.845,5.845,5.845,5.845,416.0
2019-04-01 10:16:00,5.845,5.845,5.845,5.845,501.0
2019-04-01 10:21:00,5.845,5.845,5.845,5.845,210.0
2019-04-01 10:22:00,5.85,5.85,5.85,5.85,342.0
2019-04-01 10:24:00,5.85,5.85,5.85,5.85,735.0
2019-04-01 10:27:00,5.84,5.84,5.84,5.84,100.0
2019-04-01 10:29:00,5.845,5.845,5.845,5.845,221.0
2019-04-01 10:31:00,5.845,5.845,5.845,5.845,104.0
2019-04-01 10:35:00,5.845,5.845,5.845,5.845,100.0
2019-04-01 10:38:00,5.85,5.85,5.85,5.85,600.0
2019-04-01 10:40:00,5.85,5.85,5.85,5.85,900.0
2019-04-01 10:42:00,5.8434,5.8434,5.8434,5.8434,3800.0
2019-04-01 10:44:00,5.85,5.85,5.85,5.85,214.0
2019-04-01 10:46:00,5.845,5.845,5.845,5.845,3719.0
2019-04-01 10:52:00,5.84,5.84,5.84,5.84,405.0
2019-04-01 10:57:00,5.85,5.85,5.85,5.85,155.0
2019-04-01 11:07:00,5.85,5.85,5.85,5.85,101.0
2019-04-01 11:10:00,5.84,5.84,5.84,5.84,346.0
2019-04-01 11:24:00,5.845,5.845,5.845,5.845,740.0
2019-04-01 11:28:00,5.845,5.845,5.845,5.845,572.0
2019-04-01 11:34:00,5.845,5.845,5.845,5.845,100.0
2019-04-01 11:36:00,5.845,5.845,5.845,5.845,420.0
2019-04-01 11:37:00,5.845,5.845,5.845,5.845,3405.0
2019-04-01 11:41:00,5.84,5.84,5.84,5.84,2821.0
2019-04-01 11:43:00,5.85,5.85,5.85,5.85,2248.0
2019-04-01 11:45:00,5.84,5.84,5.84,5.84,144.0
2019-04-01 11:53:00,5.845,5.845,5.845,5.845,100.0
2019-04-01 11:55:00,5.845,5.845,5.845,5.845,220.0
2019-04-01 12:00:00,5.8447,5.8447,5.8447,5.8447,100.0
2019-04-01 12:01:00,5.845,5.845,5.845,5.845,100.0
2019-04-01 12:03:00,5.845,5.845,5.845,5.845,120.0
2019-04-01 12:04:00,5.85,5.85,5.85,5.85,405.0
2019-04-01 12:07:00,5.85,5.85,5.85,5.85,120.0
2019-04-01 12:12:00,5.85,5.85,5.85,5.85,100.0
2019-04-01 12:14:00,5.85,5.85,5.85,5.85,488.0
2019-04-01 12:16:00,5.85,5.85,5.85,5.85,200.0
2019-04-01 12:17:00,5.85,5.85,5.85,5.85,295.0
2019-04-01 12:19:00,5.85,5.85,5.85,5.85,100.0
2019-04-01 12:22:00,5.845,5.845,5.845,5.845,320.0
2019-04-01 12:26:00,5.85,5.85,5.85,5.85,2967.0
2019-04-01 12:28:00,5.85,5.85,5.85,5.85,140.0
2019-04-01 12:41:00,5.85,5.85,5.85,5.85,802.0
2019-04-01 12:47:00,5.85,5.85,5.85,5.85,120.0
2019-04-01 12:55:00,5.85,5.85,5.85,5.85,530.0
2019-04-01 13:02:00,5.85,5.85,5.85,5.85,220.0
2019-04-01 13:09:00,5.84,5.84,5.84,5.84,400.0
2019-04-01 13:14:00,5.85,5.85,5.85,5.85,200.0
2019-04-01 13:17:00,5.85,5.85,5.85,5.85,228.0
2019-04-01 13:21:00,5.845,5.845,5.845,5.845,1026.0
2019-04-01 13:25:00,5.85,5.85,5.85,5.85,125.0
2019-04-01 13:32:00,5.85,5.85,5.85,5.85,201.0
2019-04-01 13:33:00,5.845,5.845,5.845,5.845,125.0
2019-04-01 13:36:00,5.845,5.845,5.845,5.845,400.0
2019-04-01 13:39:00,5.85,5.85,5.85,5.85,213.0
2019-04-01 13:40:00,5.85,5.85,5.85,5.85,647.0
2019-04-01 13:47:00,5.85,5.85,5.85,5.85,121.0
2019-04-01 13:55:00,5.85,5.85,5.85,5.85,3161.0
2019-04-01 14:00:00,5.85,5.85,5.85,5.85,305.0
2019-04-01 14:05:00,5.85,5.85,5.85,5.85,200.0
2019-04-01 14:07:00,5.845,5.845,5.845,5.845,145.0
2019-04-01 14:12:00,5.845,5.845,5.845,5.845,105.0
2019-04-01 14:16:00,5.85,5.85,5.85,5.85,145.0
2019-04-01 14:22:00,5.84,5.84,5.84,5.84,152.0
2019-04-01 14:24:00,5.85,5.85,5.85,5.85,315.0
2019-04-01 14:37:00,5.84,5.84,5.84,5.84,100.0
2019-04-01 14:38:00,5.85,5.85,5.85,5.85,220.0
2019-04-01 14:42:00,5.845,5.845,5.845,5.845,205.0
2019-04-01 14:44:00,5.85,5.85,5.85,5.85,245.0
2019-04-01 14:48:00,5.85,5.85,5.85,5.85,140.0
2019-04-01 15:00:00,5.85,5.85,5.85,5.85,405.0
2019-04-01 15:01:00,5.84,5.845,5.84,5.845,2399.0
2019-04-01 15:10:00,5.85,5.85,5.85,5.85,140.0
2019-04-01 15:14:00,5.85,5.85,5.85,5.85,105.0
2019-04-01 15:15:00,5.85,5.85,5.85,5.85,500.0
2019-04-01 15:16:00,5.85,5.85,5.85,5.85,135.0
2019-04-01 15:21:00,5.85,5.85,5.85,5.85,245.0
2019-04-01 15:26:00,5.85,5.85,5.85,5.85,200.0
2019-04-01 15:27:00,5.85,5.85,5.85,5.85,100.0
2019-04-01 15:30:00,5.85,5.85,5.85,5.85,446.0
2019-04-01 15:32:00,5.85,5.85,5.85,5.85,325.0
2019-04-01 15:33:00,5.85,5.85,5.85,5.85,2800.0
2019-04-01 15:34:00,5.85,5.85,5.85,5.85,310.0
2019-04-01 15:36:00,5.85,5.85,5.85,5.85,325.0
2019-04-01 15:39:00,5.85,5.85,5.85,5.85,245.0
2019-04-01 15:41:00,5.85,5.85,5.85,5.85,105.0
2019-04-01 15:43:00,5.85,5.85,5.85,5.85,125.0
2019-04-01 15:45:00,5.85,5.85,5.85,5.85,120.0
2019-04-01 15:47:00,5.85,5.85,5.85,5.85,1127.0
2019-04-01 15:49:00,5.845,5.845,5.845,5.845,205.0
2019-04-01 15:50:00,5.85,5.85,5.85,5.85,903.0
2019-04-01 15:51:00,5.85,5.85,5.85,5.85,225.0
2019-04-01 15:53:00,5.85,5.85,5.85,5.85,200.0
2019-04-01 15:54:00,5.85,5.85,5.85,5.85,525.0
2019-04-01 15:55:00,5.85,5.85,5.85,5.85,715.0
2019-04-01 15:56:00,5.85,5.85,5.85,5.85,2983.0
2019-04-01 15:58:00,5.85,5.85,5.85,5.85,330.0
2019-04-01 15:59:00,5.85,5.85,5.85,5.85,763.0
2019-04-01 16:00:00,5.85,5.85,5.85,5.85,1729.0
