
2019-03-19 09:38:00,43.74,43.74,43.74,43.74,0.0
2019-03-19 09:42:00,43.656,43.656,43.656,43.656,299.0
2019-03-19 10:42:00,43.5,43.58,43.5,43.58,302.0
2019-03-19 10:55:00,43.54,43.63,43.54,43.63,907.0
2019-03-19 10:59:00,43.51,43.51,43.51,43.51,100.0
2019-03-19 11:04:00,43.443,43.443,43.443,43.443,275.0
2019-03-19 11:09:00,43.47,43.47,43.47,43.47,100.0
2019-03-19 11:10:00,43.57,43.57,43.57,43.57,533.0
2019-03-19 11:11:00,43.57,43.57,43.57,43.57,300.0
2019-03-19 11:12:00,43.57,43.57,43.57,43.57,300.0
2019-03-19 11:13:00,43.57,43.58,43.57,43.58,600.0
2019-03-19 11:14:00,43.58,43.58,43.58,43.58,738.0
2019-03-19 11:32:00,43.5312,43.5312,43.5312,43.5312,119.0
2019-03-19 11:39:00,43.5212,43.5212,43.5212,43.5212,552.0
2019-03-19 12:02:00,43.6,43.73,43.6,43.73,620.0
2019-03-19 13:05:00,43.54,43.64,43.54,43.64,1851.0
2019-03-19 13:21:00,43.46,43.46,43.46,43.46,100.0
2019-03-19 13:48:00,43.4306,43.4306,43.4306,43.4306,500.0
2019-03-19 14:15:00,43.4101,43.4101,43.4101,43.4101,545.0
2019-03-19 14:17:00,43.41,43.41,43.41,43.41,200.0
2019-03-19 14:19:00,43.45,43.45,43.45,43.45,173.0
2019-03-19 14:47:00,43.57,43.57,43.57,43.57,100.0
2019-03-19 14:58:00,43.55,43.55,43.55,43.55,1100.0
2019-03-19 15:14:00,43.5,43.5,43.5,43.5,100.0
2019-03-19 15:21:00,43.46,43.46,43.46,43.46,100.0
2019-03-19 15:23:00,43.4155,43.4155,43.4155,43.4155,270.0
2019-03-19 15:49:00,43.2934,43.2934,43.2934,43.2934,11651.0
2019-03-20 09:59:00,43.25,43.25,43.25,43.25,0.0
2019-03-20 10:01:00,43.22,43.22,43.22,43.22,100.0
2019-03-20 10:05:00,43.22,43.22,43.21,43.21,290.0
2019-03-20 10:18:00,43.13,43.13,43.13,43.13,246.0
2019-03-20 10:24:00,43.03,43.03,43.03,43.03,180.0
2019-03-20 10:27:00,43.0398,43.0398,43.0398,43.0398,178.0
2019-03-20 10:29:00,43.1539,43.1539,43.1539,43.1539,138.0
2019-03-20 10:35:00,43.08,43.08,43.08,43.08,322.0
2019-03-20 11:16:00,43.01,43.028,42.91,42.91,959.0
2019-03-20 11:46:00,42.9,42.9041,42.9,42.9041,1045.0
2019-03-20 11:48:00,42.91,42.91,42.91,42.91,200.0
2019-03-20 11:49:00,42.9,42.9,42.9,42.9,200.0
2019-03-20 11:50:00,42.8067,42.8067,42.8067,42.8067,256.0
2019-03-20 11:54:00,42.81,42.81,42.81,42.81,200.0
2019-03-20 12:10:00,42.66,42.66,42.66,42.66,726.0
2019-03-20 12:13:00,42.7585,42.7585,42.7585,42.7585,552.0
2019-03-20 12:23:00,42.7023,42.7023,42.7023,42.7023,235.0
2019-03-20 12:27:00,42.8,42.86,42.8,42.86,1379.0
2019-03-20 12:33:00,42.77,42.77,42.77,42.77,100.0
2019-03-20 12:38:00,42.685,42.685,42.685,42.685,122.0
2019-03-20 13:40:00,42.73,42.73,42.73,42.73,122.0
2019-03-20 13:49:00,42.8127,42.8127,42.8127,42.8127,300.0
2019-03-20 14:06:00,42.97,42.97,42.97,42.97,100.0
2019-03-20 14:28:00,43.07,43.07,43.07,43.07,100.0
2019-03-20 14:48:00,43.2,43.2,43.2,43.2,100.0
2019-03-20 14:55:00,43.32,43.32,43.31,43.32,521.0
2019-03-20 14:56:00,43.2071,43.2071,43.2071,43.2071,396.0
2019-03-20 15:04:00,43.2525,43.2525,43.2525,43.2525,0.0
2019-03-20 15:06:00,43.23,43.23,43.23,43.23,9728.0
2019-03-20 15:08:00,43.1737,43.1737,43.1737,43.1737,100.0
2019-03-20 15:29:00,43.14,43.14,43.14,43.14,100.0
2019-03-20 15:40:00,42.92,42.92,42.92,42.92,100.0
2019-03-20 15:44:00,42.9849,42.9849,42.9849,42.9849,10173.0
2019-03-21 09:57:00,43.11,43.11,43.11,43.11,0.0
2019-03-21 10:12:00,43.26,43.26,43.24,43.24,1093.0
2019-03-21 10:13:00,43.3195,43.3195,43.3195,43.3195,216.0
2019-03-21 10:19:00,43.4249,43.4249,43.4249,43.4249,130.0
2019-03-21 10:24:00,43.4057,43.4057,43.4057,43.4057,250.0
2019-03-21 10:33:00,43.46,43.46,43.46,43.46,125.0
2019-03-21 10:35:00,43.4257,43.4257,43.4257,43.4257,163.0
2019-03-21 10:49:00,43.38,43.38,43.35,43.35,594.0
2019-03-21 11:02:00,43.41,43.41,43.41,43.41,100.0
2019-03-21 11:04:00,43.5,43.5,43.5,43.5,175.0
2019-03-21 11:21:00,43.44,43.44,43.44,43.44,100.0
2019-03-21 11:33:00,43.5199,43.5199,43.5199,43.5199,289.0
2019-03-21 11:42:00,43.52,43.52,43.52,43.52,108.0
2019-03-21 14:33:00,43.58,43.58,43.58,43.58,100.0
2019-03-21 14:46:00,43.6799,43.6799,43.6799,43.6799,859.0
2019-03-21 14:48:00,43.635,43.635,43.635,43.635,100.0
2019-03-21 15:42:00,43.672,43.672,43.672,43.672,507.0
2019-03-22 09:37:00,43.4067,43.4067,43.4067,43.4067,0.0
2019-03-22 09:50:00,43.28,43.28,43.28,43.28,100.0
2019-03-22 09:54:00,43.19,43.19,43.19,43.19,100.0
2019-03-22 09:56:00,43.12,43.12,43.12,43.12,100.0
2019-03-22 10:05:00,43.1,43.1,43.1,43.1,120.0
2019-03-22 10:41:00,43.09,43.09,43.09,43.09,100.0
2019-03-22 10:43:00,43.05,43.05,43.05,43.05,100.0
2019-03-22 10:52:00,42.98,42.98,42.98,42.98,100.0
2019-03-22 10:55:00,42.9716,42.9716,42.9716,42.9716,1081.0
2019-03-22 11:00:00,42.94,42.94,42.94,42.94,410.0
2019-03-22 11:22:00,42.75,42.75,42.75,42.75,365.0
2019-03-22 11:44:00,42.61,42.61,42.61,42.61,124.0
2019-03-22 12:09:00,42.384,42.384,42.384,42.384,524.0
2019-03-22 12:44:00,42.36,42.36,42.36,42.36,100.0
2019-03-22 13:31:00,42.3413,42.3413,42.3413,42.3413,404.0
2019-03-22 14:44:00,42.4268,42.4268,42.4268,42.4268,136.0
2019-03-22 15:34:00,42.39,42.39,42.39,42.39,116.0
2019-03-22 15:59:00,42.07,42.07,42.07,42.07,239.0
2019-03-25 09:31:00,41.86,41.86,41.86,41.86,0.0
2019-03-25 09:37:00,41.93,41.93,41.93,41.93,200.0
2019-03-25 09:39:00,42.0,42.0,42.0,42.0,454.0
2019-03-25 10:19:00,41.89,41.89,41.89,41.89,216.0
2019-03-25 10:22:00,41.9253,41.9253,41.9253,41.9253,480.0
2019-03-25 10:24:00,41.9121,41.9121,41.9121,41.9121,119.0
2019-03-25 10:52:00,42.01,42.01,42.01,42.01,139.0
2019-03-25 11:17:00,42.15,42.15,42.15,42.15,100.0
2019-03-25 11:49:00,42.28,42.28,42.28,42.28,196.0
2019-03-25 12:02:00,42.1793,42.1793,42.1793,42.1793,162.0
2019-03-25 12:45:00,42.08,42.08,42.08,42.08,120.0
2019-03-25 13:14:00,42.15,42.15,42.15,42.15,176.0
2019-03-25 14:06:00,42.14,42.14,42.14,42.14,120.0
2019-03-25 14:52:00,42.1601,42.1601,42.1601,42.1601,2003.0
2019-03-25 15:02:00,42.2548,42.35,42.2548,42.35,0.0
2019-03-26 09:38:00,42.37,42.37,42.37,42.37,104.0
2019-03-26 09:45:00,42.45,42.45,42.45,42.45,100.0
2019-03-26 10:21:00,42.4999,42.4999,42.4999,42.4999,2120.0
2019-03-26 10:59:00,42.81,42.81,42.81,42.81,567.0
2019-03-26 11:09:00,42.75,42.75,42.75,42.75,100.0
2019-03-26 11:31:00,42.7199,42.7199,42.7199,42.7199,274.0
2019-03-26 11:56:00,42.4999,42.4999,42.4999,42.4999,621.0
2019-03-26 12:25:00,42.5,42.5,42.5,42.5,1149.0
2019-03-26 13:38:00,42.39,42.39,42.39,42.39,196.0
2019-03-26 14:44:00,42.3129,42.3129,42.3129,42.3129,742.0
2019-03-26 15:02:00,42.47,42.528,42.47,42.528,2175.0
2019-03-26 15:44:00,42.48,42.68,42.48,42.68,0.0
2019-03-27 09:45:00,42.6586,42.6586,42.6586,42.6586,350.0
2019-03-27 10:26:00,42.4752,42.4752,42.4752,42.4752,512.0
2019-03-27 10:35:00,42.5373,42.5373,42.5373,42.5373,150.0
2019-03-27 10:45:00,42.45,42.45,42.45,42.45,306.0
2019-03-27 11:13:00,42.34,42.34,42.34,42.34,100.0
2019-03-27 11:17:00,42.1657,42.1657,42.1657,42.1657,318.0
2019-03-27 11:34:00,42.18,42.18,42.18,42.18,722.0
2019-03-27 11:47:00,42.0231,42.0231,42.0231,42.0231,109.0
2019-03-27 12:09:00,42.0,42.1148,42.0,42.1148,219.0
2019-03-27 13:52:00,42.3118,42.35,42.3118,42.35,39.0
2019-03-28 09:31:00,42.97,42.97,42.97,42.97,0.0
2019-03-28 09:47:00,42.5,42.5,42.5,42.5,181.0
2019-03-28 09:59:00,42.68,42.68,42.67,42.67,203.0
2019-03-28 10:59:00,42.73,42.73,42.73,42.73,105.0
2019-03-28 11:23:00,42.566,42.566,42.566,42.566,602.0
2019-03-28 11:33:00,42.341,42.341,42.341,42.341,200.0
2019-03-28 11:35:00,42.32,42.32,42.32,42.32,200.0
2019-03-28 12:12:00,42.4401,42.455,42.4401,42.455,200.0
2019-03-28 13:01:00,42.6,42.62,42.6,42.62,5436.0
2019-03-28 13:38:00,42.7,42.7,42.7,42.7,282.0
2019-03-28 14:07:00,42.8517,42.8517,42.8517,42.8517,205.0
2019-03-28 15:05:00,42.78,42.78,42.7,42.7,3279.0
2019-03-28 15:11:00,42.67,42.67,42.67,42.67,434.0
2019-03-28 15:19:00,42.7641,42.7641,42.7641,42.7641,346.0
2019-03-28 15:56:00,42.87,42.87,42.87,42.87,763.0
2019-03-29 09:31:00,43.59,43.59,43.59,43.59,0.0
2019-03-29 10:12:00,43.33,43.33,43.31,43.31,1400.0
2019-03-29 10:22:00,43.27,43.27,43.27,43.27,100.0
2019-03-29 10:33:00,43.19,43.19,43.19,43.19,203.0
2019-03-29 10:45:00,43.2,43.2,43.2,43.2,200.0
2019-03-29 10:46:00,43.2,43.2,43.19,43.19,200.0
2019-03-29 10:51:00,43.18,43.18,43.18,43.18,107.0
2019-03-29 11:21:00,43.1315,43.1315,43.1315,43.1315,102.0
2019-03-29 12:04:00,43.0652,43.0652,43.0652,43.0652,529.0
2019-03-29 13:00:00,42.94,42.94,42.94,42.94,167.0
2019-03-29 13:38:00,43.1267,43.14,43.1267,43.14,437.0
2019-03-29 13:42:00,43.16,43.16,43.16,43.16,290.0
2019-03-29 14:09:00,43.095,43.095,43.095,43.095,295.0
2019-03-29 14:24:00,43.0423,43.0423,43.0423,43.0423,100.0
2019-03-29 14:38:00,43.17,43.1814,43.161,43.161,515.0
2019-03-29 14:54:00,43.2172,43.2172,43.2172,43.2172,200.0
2019-03-29 15:15:00,43.2996,43.2996,43.2996,43.2996,100.0
2019-03-29 15:24:00,43.26,43.26,42.675,42.675,400.0
2019-04-01 09:31:00,43.77,43.77,43.77,43.77,0.0
2019-04-01 09:41:00,43.6148,43.6148,43.6148,43.6148,580.0
2019-04-01 10:54:00,43.7,43.7,43.7,43.7,100.0
2019-04-01 10:55:00,43.69,43.69,43.69,43.69,261.0
2019-04-01 11:16:00,43.65,43.65,43.65,43.65,124.0
2019-04-01 11:45:00,43.65,43.65,43.65,43.65,100.0
2019-04-01 11:47:00,43.6,43.6,43.6,43.6,202.0
2019-04-01 12:44:00,43.4901,43.4901,43.4901,43.4901,105.0
2019-04-01 12:52:00,43.55,43.55,43.55,43.55,102.0
2019-04-01 13:06:00,43.695,43.695,43.695,43.695,100.0
2019-04-01 13:36:00,43.6551,43.6551,43.6551,43.6551,200.0
2019-04-01 13:47:00,43.6762,43.6762,43.6762,43.6762,520.0
2019-04-01 15:28:00,43.6999,43.7,43.6999,43.7,376.0
2019-04-01 15:43:00,43.6999,43.6999,43.6999,43.6999,347.0
2019-04-01 15:45:00,43.7,43.7,43.7,43.7,354.0
2019-04-02 09:31:00,44.1,44.1,44.1,44.1,0.0
2019-04-02 10:31:00,43.68,43.68,43.68,43.68,134.0
2019-04-02 11:10:00,43.7,43.7,43.7,43.7,100.0
2019-04-02 11:23:00,43.61,43.61,43.61,43.61,100.0
2019-04-02 11:27:00,43.7056,43.7056,43.7056,43.7056,499.0
2019-04-02 14:44:00,43.66,43.66,43.66,43.66,592.0
2019-04-02 15:51:00,43.7299,43.7299,43.7299,43.7299,1794.0
2019-04-03 10:07:00,44.09,44.12,44.09,44.12,0.0
2019-04-03 10:18:00,44.1,44.1,44.1,44.1,234.0
2019-04-03 10:21:00,44.13,44.13,44.13,44.13,100.0
2019-04-03 11:04:00,44.28,44.28,44.28,44.28,100.0
2019-04-03 11:43:00,44.2202,44.2202,44.2202,44.2202,201.0
2019-04-03 12:00:00,44.3351,44.3351,44.3351,44.3351,336.0
2019-04-03 12:09:00,44.3815,44.3815,44.3815,44.3815,568.0
2019-04-03 12:33:00,44.3343,44.3343,44.3343,44.3343,438.0
2019-04-03 12:50:00,44.3789,44.3789,44.3789,44.3789,226.0
2019-04-03 12:54:00,44.3898,44.3898,44.3898,44.3898,500.0
2019-04-03 12:57:00,44.33,44.33,44.33,44.33,100.0
2019-04-03 13:00:00,44.345,44.345,44.345,44.345,381.0
2019-04-03 13:50:00,44.24,44.24,44.24,44.24,100.0
2019-04-03 14:02:00,44.2721,44.2721,44.2721,44.2721,100.0
2019-04-03 14:07:00,44.2205,44.2205,44.2205,44.2205,272.0
2019-04-03 15:44:00,44.0918,44.0918,44.0918,44.0918,100.0
