2018-01-25,7.51,8.14,7.4504,7.48,224905.0
2018-01-26,7.7,7.7,7.39,7.42,158138.0
2018-01-29,7.62,7.62,6.9753,7.06,538872.0
2018-01-30,6.98,7.01,6.3501,6.91,519973.0
2018-01-31,6.82,6.9728,6.61,6.8,380686.0
2018-02-01,6.65,6.97,6.54,6.7,199629.0
2018-02-02,6.6,6.6,6.15,6.31,477869.0
2018-02-05,6.21,6.4201,5.766,6.24,344345.0
2018-02-06,6.01,7.1299,5.92,6.96,442431.0
2018-02-07,7.2,7.3344,6.9201,7.02,267610.0
2018-02-08,7.06,7.3,6.9,7.04,164855.0
2018-02-09,7.22,7.22,6.5101,6.84,252594.0
2018-02-12,7.05,7.05,6.6167,6.66,149334.0
2018-02-13,6.67,7.15,6.66,7.05,225593.0
2018-02-14,7.1,7.59,7.03,7.58,200476.0
2018-02-15,7.73,7.87,7.45,7.81,389284.0
2018-02-16,8.05,8.05,7.23,7.5,314385.0
2018-02-20,7.5,7.5,6.83,6.99,279488.0
2018-02-21,7.24,7.61,6.9,7.0,163234.0
2018-02-22,7.11,7.11,6.9,6.95,118163.0
2018-02-23,7.1,7.33,7.02,7.15,80706.0
2018-02-26,7.05,7.13,6.53,6.65,330467.0
2018-02-27,6.96,6.96,6.5,6.54,156399.0
2018-02-28,6.49,6.52,6.26,6.27,334452.0
2018-03-01,6.28,6.47,6.1214,6.43,182592.0
2018-03-02,6.21,6.31,6.11,6.18,203476.0
2018-03-05,6.15,6.23,6.05,6.15,237940.0
2018-03-06,6.17,6.255,6.07,6.19,258963.0
2018-03-07,6.15,6.29,6.0701,6.28,128453.0
2018-03-08,6.41,6.41,6.12,6.25,111900.0
2018-03-09,6.29,6.53,6.25,6.35,170977.0
2018-03-12,6.46,6.709,6.4,6.57,194929.0
2018-03-13,6.68,6.8,6.54,6.59,269959.0
2018-03-14,6.55,6.74,6.46,6.67,104634.0
2018-03-15,6.67,6.7038,6.42,6.54,101507.0
2018-03-16,6.48,6.595,6.43,6.53,348321.0
2018-03-19,6.41,6.42,6.12,6.16,256059.0
2018-03-20,6.04,6.14,6.01,6.09,171586.0
2018-03-21,6.09,6.26,6.0,6.23,171371.0
2018-03-22,6.16,6.239,6.1,6.16,284188.0
2018-03-23,6.14,6.21,6.03,6.06,104456.0
2018-03-26,6.08,6.106,5.81,5.84,149769.0
2018-03-27,5.95,5.95,5.14,5.19,769454.0
2018-03-28,5.15,5.17,4.72,5.0,718582.0
2018-03-29,5.07,5.46,4.81,5.42,339481.0
2018-04-02,5.42,5.46,5.06,5.12,131381.0
2018-04-03,5.13,5.19,4.92,4.99,140136.0
2018-04-04,4.97,4.974,4.75,4.96,123008.0
2018-04-05,4.96,5.24,4.96,5.19,252827.0
2018-04-06,5.18,5.56,5.1,5.36,204720.0
2018-04-09,5.45,5.57,5.3,5.3,167015.0
2018-04-10,5.41,5.76,5.33,5.64,144828.0
2018-04-11,5.71,5.9,5.61,5.7,237181.0
2018-04-12,5.69,5.79,5.45,5.53,120091.0
2018-04-13,5.48,5.549,5.3,5.35,89777.0
2018-04-16,5.37,5.4321,5.14,5.23,185845.0
2018-04-17,5.23,5.48,5.21,5.3,109744.0
2018-04-18,5.32,5.69,5.3,5.56,255775.0
2018-04-19,5.68,5.82,5.48,5.67,170479.0
2018-04-20,5.67,5.7,5.52,5.59,132510.0
2018-04-23,5.53,5.61,5.32,5.38,115252.0
2018-04-24,5.38,5.56,5.3,5.41,90570.0
2018-04-25,5.48,5.48,5.15,5.19,150486.0
2018-04-26,5.18,5.24,5.15,5.18,77647.0
2018-04-27,5.17,5.23,5.08,5.11,89146.0
2018-04-30,5.08,5.23,5.07,5.11,107350.0
2018-05-01,5.12,5.1836,5.08,5.1,37753.0
2018-05-02,5.1,5.2,5.1,5.12,75980.0
2018-05-03,5.18,5.2099,4.98,4.98,142449.0
2018-05-04,4.98,5.2932,4.96,5.27,116296.0
2018-05-07,5.3,5.53,5.3,5.35,163891.0
2018-05-08,5.3,5.309,5.07,5.08,163483.0
2018-05-09,5.2,5.29,5.02,5.06,168058.0
2018-05-10,5.23,5.47,5.13,5.42,188450.0
2018-05-11,5.43,5.59,5.4,5.47,102686.0
2018-05-14,5.58,5.77,5.42,5.48,300402.0
2018-05-15,5.48,6.05,5.36,6.0,293201.0
2018-05-16,6.05,6.74,6.031,6.72,512939.0
2018-05-17,6.84,6.8654,6.54,6.6,287322.0
2018-05-18,6.61,6.61,6.03,6.45,254527.0
2018-05-21,6.5,6.5,6.16,6.26,124034.0
2018-05-22,6.38,6.47,5.95,6.08,253223.0
2018-05-23,5.97,6.0629,5.7316,5.83,254945.0
2018-05-24,5.85,5.9164,5.56,5.65,235243.0
2018-05-25,5.65,5.78,5.46,5.54,199125.0
2018-05-29,5.54,5.5411,5.26,5.28,115431.0
2018-05-30,5.3,5.57,5.3,5.5,145738.0
2018-05-31,5.5,5.5148,5.2799,5.32,122172.0
2018-06-01,5.37,5.46,5.268,5.43,144164.0
2018-06-04,5.53,5.55,5.38,5.39,67520.0
2018-06-05,5.34,5.66,5.34,5.63,150039.0
2018-06-06,5.73,5.75,5.47,5.59,127309.0
2018-06-07,5.58,5.82,5.55,5.8,202354.0
2018-06-08,5.75,5.98,5.64,5.66,141616.0
2018-06-11,5.66,5.809,5.49,5.51,189376.0
2018-06-12,5.52,5.52,5.3378,5.36,210169.0
2018-06-13,5.4,5.43,5.221,5.29,290990.0
2018-06-14,5.29,5.36,5.18,5.19,218346.0
2018-06-15,5.16,5.19,5.0,5.18,231772.0
2018-06-18,5.21,5.53,5.03,5.53,213396.0
2018-06-19,5.53,5.53,5.19,5.37,188149.0
2018-06-20,5.37,5.46,5.25,5.3,126793.0
2018-06-21,5.33,5.46,5.25,5.45,268850.0
2018-06-22,5.53,5.72,5.5,5.71,381962.0
2018-06-25,5.74,5.79,5.33,5.42,238214.0
2018-06-26,5.5,5.528,5.31,5.33,160089.0
2018-06-27,5.52,5.52,5.28,5.31,225884.0
2018-06-28,5.32,5.3566,5.19,5.25,157893.0
2018-06-29,5.26,5.45,5.25,5.39,98785.0
2018-07-02,5.46,5.5448,5.28,5.29,134852.0
2018-07-03,5.34,5.45,5.28,5.34,83950.0
2018-07-05,5.34,5.42,5.1698,5.22,144026.0
2018-07-06,5.15,5.2997,5.15,5.21,99674.0
2018-07-09,5.19,5.28,5.18,5.22,135221.0
2018-07-10,5.22,5.2762,5.2,5.23,81404.0
2018-07-11,5.26,5.26,5.12,5.14,113206.0
2018-07-12,5.16,5.21,5.13,5.15,70243.0
2018-07-13,5.19,5.21,5.15,5.17,74762.0
2018-07-16,5.15,5.199,5.01,5.09,198288.0
2018-07-17,5.09,5.1537,5.01,5.05,89305.0
2018-07-18,5.02,5.05,4.97,4.99,191219.0
2018-07-19,4.98,4.98,4.8,4.83,207557.0
2018-07-20,4.84,4.8906,4.61,4.63,219844.0
2018-07-23,4.58,4.68,4.52,4.55,146519.0
2018-07-24,4.52,4.64,4.5,4.51,224210.0
2018-07-25,4.5,4.56,4.25,4.29,345937.0
2018-07-26,4.27,4.3499,4.2,4.28,165870.0
2018-07-27,4.22,4.3,4.0,4.04,205357.0
2018-07-30,4.05,4.05,3.5,3.64,669179.0
2018-07-31,3.64,3.96,3.64,3.84,253419.0
2018-08-01,3.85,3.8707,3.73,3.74,181101.0
2018-08-02,3.81,4.01,3.71,3.91,178082.0
2018-08-03,3.96,4.05,3.9032,3.95,236775.0
2018-08-06,3.96,4.05,3.95,4.01,65687.0
2018-08-07,4.05,4.05,3.86,3.87,193341.0
2018-08-08,3.96,3.96,3.71,3.73,184912.0
2018-08-09,3.7,3.83,3.7,3.78,200655.0
2018-08-10,3.73,3.7654,3.69,3.74,127669.0
2018-08-13,3.7,3.75,3.51,3.56,275444.0
2018-08-14,3.69,4.29,3.63,4.2,748135.0
2018-08-15,4.23,4.25,3.79,3.91,386267.0
2018-08-16,4.08,4.0899,3.75,3.83,166173.0
2018-08-17,3.89,4.085,3.803,4.02,166105.0
2018-08-20,4.03,4.29,4.03,4.21,137476.0
2018-08-21,4.25,4.27,4.0384,4.17,111706.0
2018-08-22,4.14,4.2307,4.09,4.14,139609.0
2018-08-23,4.07,4.18,4.05,4.1,121758.0
2018-08-24,4.18,4.27,4.08,4.18,148943.0
2018-08-27,4.25,4.83,4.2,4.78,501667.0
2018-08-28,4.9,5.169,4.78,4.94,470027.0
2018-08-29,4.94,4.94,4.6,4.65,259456.0
2018-08-30,4.71,4.98,4.65,4.75,561548.0
2018-08-31,4.92,4.94,4.61,4.77,183112.0
2018-09-04,4.68,4.75,4.25,4.42,288661.0
2018-09-05,4.38,4.39,3.95,4.0,336064.0
2018-09-06,4.03,4.3,3.88,3.93,182122.0
2018-09-07,3.85,4.1018,3.85,4.07,146352.0
2018-09-10,4.03,4.1,4.0,4.05,104114.0
2018-09-11,4.05,4.05,3.85,4.02,129158.0
2018-09-12,3.97,4.1,3.831,3.92,192261.0
2018-09-13,3.92,4.0,3.85,3.86,120696.0
2018-09-14,3.89,4.2,3.8,4.17,215431.0
2018-09-17,4.22,4.23,3.95,4.01,281218.0
2018-09-18,4.06,4.06,3.91,3.97,161930.0
2018-09-19,3.93,4.2195,3.93,4.19,279796.0
2018-09-20,4.24,4.56,4.2084,4.52,275425.0
2018-09-21,4.5,4.95,4.5,4.93,531371.0
2018-09-24,5.0,5.12,4.94,5.04,322599.0
2018-09-25,5.1,5.1,4.68,4.75,427661.0
2018-09-26,4.64,4.88,4.64,4.77,113589.0
2018-09-27,4.8,4.85,4.695,4.78,68193.0
2018-09-28,4.77,4.83,4.66,4.8,85756.0
2018-10-01,4.95,4.95,4.7,4.74,88948.0
2018-10-02,4.75,4.81,4.45,4.4823,122781.0
2018-10-03,4.6,4.6,4.46,4.46,84738.0
2018-10-04,4.52,4.5284,4.25,4.27,131769.0
2018-10-05,4.36,4.43,4.1215,4.18,91834.0
2018-10-08,4.16,4.29,4.16,4.29,72863.0
2018-10-09,4.22,4.29,4.06,4.15,152487.0
2018-10-10,4.13,4.13,3.96,4.0889,222932.0
2018-10-11,3.96,4.0667,3.95,4.03,145096.0
2018-10-12,4.13,4.2,4.01,4.04,110813.0
2018-10-15,4.07,4.13,3.97,4.05,99146.0
2018-10-16,4.05,4.0899,4.0,4.08,149985.0
2018-10-17,4.17,4.18,4.0,4.12,81544.0
2018-10-18,4.12,4.18,3.92,3.96,172707.0
2018-10-19,4.01,4.03,3.78,3.89,179222.0
2018-10-22,3.9,3.9897,3.8325,3.93,111382.0
2018-10-23,3.89,3.89,3.7,3.86,206406.0
2018-10-24,3.75,3.9602,3.75,3.9,234930.0
2018-10-25,3.9,3.96,3.71,3.74,143166.0
2018-10-26,3.66,3.7261,3.54,3.61,137525.0
2018-10-29,3.65,3.7,3.37,3.4,256638.0
2018-10-30,3.42,3.5429,3.071,3.18,536540.0
2018-10-31,3.15,3.26,3.04,3.22,234599.0
2018-11-01,3.5,3.72,3.3,3.71,445335.0
2018-11-02,3.77,4.2,3.73,4.15,388022.0
2018-11-05,4.31,4.36,4.17,4.33,226260.0
2018-11-06,4.46,4.66,4.34,4.43,352361.0
2018-11-07,4.59,4.6,4.17,4.36,284778.0
2018-11-08,4.24,4.3196,4.0,4.02,198458.0
2018-11-09,4.0,4.29,3.92,4.29,160380.0
2018-11-12,4.3,4.3,4.02,4.08,105039.0
2018-11-13,4.1,4.1656,3.8701,3.95,149375.0
2018-11-14,4.0,4.08,3.88,3.91,77499.0
2018-11-15,3.93,4.135,3.86,4.03,146100.0
2018-11-16,4.03,4.11,3.97,4.07,54523.0
2018-11-19,4.07,4.07,3.92,3.98,132312.0
2018-11-20,3.9,3.93,3.75,3.81,82431.0
2018-11-21,3.75,3.915,3.75,3.86,134574.0
2018-11-23,3.81,3.8725,3.75,3.8108,27584.0
2018-11-26,3.92,3.966,3.74,3.83,83644.0
2018-11-27,3.79,3.79,3.6086,3.66,109757.0
2018-11-28,3.63,4.02,3.61,3.99,143692.0
2018-11-29,4.03,4.03,3.8,3.81,70248.0
2018-11-30,3.82,3.9099,3.745,3.81,103656.0
2018-12-03,3.9,4.0,3.88,3.93,104457.0
2018-12-04,3.9,3.9,3.74,3.76,67578.0
2018-12-06,3.69,3.717,3.47,3.52,351422.0
2018-12-07,3.51,3.74,3.45,3.64,115285.0
2018-12-10,3.64,3.78,3.6,3.71,90348.0
2018-12-11,3.69,3.72,3.5601,3.59,80215.0
2018-12-12,3.56,3.69,3.56,3.65,72242.0
2018-12-13,3.68,3.68,3.58,3.59,100266.0
2018-12-14,3.53,3.59,3.43,3.51,64733.0
2018-12-17,3.51,3.56,3.26,3.29,123321.0
2018-12-18,3.3,3.37,3.1801,3.2,143473.0
2018-12-19,3.11,3.335,3.03,3.05,293225.0
2018-12-20,3.03,3.12,2.9,3.01,307338.0
2018-12-21,2.99,3.0235,2.8911,2.91,236661.0
2018-12-24,2.95,2.95,2.75,2.8,194528.0
2018-12-26,2.85,2.87,2.76,2.77,170865.0
2018-12-27,2.75,2.9999,2.75,2.89,199082.0
2018-12-28,2.9,3.05,2.88,2.95,170384.0
2018-12-31,2.98,3.23,2.95,3.17,169106.0
2019-01-02,3.25,3.48,3.05,3.24,234932.0
2019-01-03,3.24,3.31,3.1,3.15,107207.0
2019-01-04,3.24,3.4799,3.17,3.39,197457.0
2019-01-07,3.45,3.48,3.25,3.37,167527.0
2019-01-08,3.37,3.469,3.3,3.3,73624.0
2019-01-09,3.35,3.47,3.35,3.42,91455.0
2019-01-10,3.43,3.46,3.32,3.33,65032.0
2019-01-11,3.33,3.4515,3.32,3.35,56572.0
2019-01-14,3.41,3.5,3.3,3.34,85077.0
2019-01-15,3.36,3.4277,3.35,3.37,57463.0
2019-01-16,3.41,3.43,3.27,3.32,131142.0
2019-01-17,3.34,3.38,3.32,3.32,35314.0
2019-01-18,3.32,3.4,3.25,3.25,119465.0
2019-01-22,3.22,3.22,3.03,3.06,174896.0
2019-01-23,3.07,3.0914,3.0,3.03,78071.0
2019-01-24,3.04,3.1,3.03,3.09,56625.0
2019-01-25,3.09,3.18,3.0601,3.15,89319.0
2019-01-28,3.2,3.2,3.05,3.08,65046.0
2019-01-29,3.1,3.25,3.0801,3.18,139888.0
2019-01-30,3.13,3.24,3.13,3.24,81946.0
2019-01-31,3.2,3.28,3.17,3.2327,77667.0
2019-02-01,3.23,3.26,3.1941,3.22,50830.0
2019-02-04,3.22,3.23,3.15,3.15,78753.0
2019-02-05,3.15,3.18,3.11,3.13,65326.0
2019-02-06,3.14,3.1696,3.11,3.12,70658.0
2019-02-07,3.1,3.1,3.02,3.02,88722.0
2019-02-08,3.09,3.09,3.02,3.06,66815.0
2019-02-11,3.1,3.19,3.03,3.04,107010.0
2019-02-12,3.04,3.0578,3.02,3.03,190504.0
2019-02-13,3.09,3.09,3.02,3.04,77590.0
2019-02-14,3.05,3.05,3.02,3.03,86249.0
2019-02-15,3.08,3.15,3.04,3.125,141766.0
2019-02-19,3.15,3.2,3.12,3.16,195696.0
2019-02-20,3.19,3.49,3.19,3.49,414067.0
2019-02-21,3.5,3.88,3.5,3.66,611217.0
2019-02-22,3.76,3.9,3.7,3.77,312999.0
2019-02-25,3.78,3.89,3.75,3.76,144496.0
2019-02-26,3.75,3.75,3.51,3.61,181638.0
2019-02-27,3.68,3.68,3.51,3.64,95811.0
2019-02-28,3.63,3.7001,3.58,3.7,80127.0
2019-03-01,3.72,3.86,3.68,3.73,158009.0
2019-03-04,3.8,3.8063,3.6,3.7,142618.0
2019-03-05,3.68,4.0,3.63,3.91,254749.0
2019-03-06,3.85,4.0,3.8,3.95,217809.0
2019-03-07,3.98,4.29,3.84,4.18,1813925.0
2019-03-08,4.23,4.25,3.94,4.1,388422.0
2019-03-11,4.08,4.39,3.98,4.34,303267.0
2019-03-12,4.4,4.45,4.2,4.27,255446.0
2019-03-13,4.27,4.6,4.21,4.56,399277.0
2019-03-14,4.54,4.6,4.4,4.46,169357.0
2019-03-15,4.49,4.51,4.4,4.41,228333.0
2019-03-18,4.49,4.51,4.28,4.37,153201.0
2019-03-19,4.39,4.4,4.2,4.27,206434.0
2019-03-20,4.27,4.3268,4.12,4.28,217820.0
2019-03-21,4.28,4.2988,4.17,4.27,245063.0
2019-03-22,4.27,4.274,4.15,4.18,251438.0
2019-03-25,4.18,4.2156,3.92,3.95,473830.0
