
2019-03-19 09:37:00,24.739,24.739,24.739,24.739,0.0
2019-03-19 10:11:00,24.6,24.6,24.6,24.6,1000.0
2019-03-19 10:20:00,24.6,24.6,24.6,24.6,101.0
2019-03-19 11:36:00,24.5695,24.5695,24.5695,24.5695,401.0
2019-03-19 12:31:00,24.6,24.6,24.6,24.6,407.0
2019-03-19 13:05:00,24.6,24.6,24.5941,24.5941,200.0
2019-03-19 15:05:00,24.584,24.584,24.584,24.584,300.0
2019-03-19 15:15:00,24.65,24.65,24.65,24.65,1200.0
2019-03-20 09:31:00,24.74,24.74,24.74,24.74,0.0
2019-03-20 10:51:00,24.7,24.7,24.7,24.7,100.0
2019-03-20 11:53:00,24.7,24.7,24.7,24.7,200.0
2019-03-20 12:11:00,24.6844,24.6844,24.6844,24.6844,200.0
2019-03-20 12:29:00,24.7,24.7,24.7,24.7,1010.0
2019-03-21 10:42:00,24.7,24.7,24.7,24.7,0.0
2019-03-21 10:43:00,24.6911,24.6911,24.6911,24.6911,1200.0
2019-03-21 10:49:00,24.7,24.7,24.7,24.7,500.0
2019-03-21 11:00:00,24.7,24.7,24.6784,24.6784,600.0
2019-03-21 11:20:00,24.6866,24.6866,24.6866,24.6866,268.0
2019-03-21 14:40:00,24.7,24.7,24.7,24.7,558.0
2019-03-21 14:45:00,24.701,24.701,24.701,24.701,0.0
2019-03-22 09:34:00,24.72,24.72,24.72,24.72,0.0
2019-03-22 09:35:00,24.72,24.72,24.72,24.72,500.0
2019-03-22 10:21:00,24.55,24.55,24.55,24.55,300.0
2019-03-22 10:34:00,24.5894,24.5894,24.5894,24.5894,200.0
2019-03-22 11:15:00,24.6,24.6,24.6,24.6,190.0
2019-03-22 12:13:00,24.56,24.5742,24.56,24.5742,1400.0
2019-03-22 12:14:00,24.55,24.55,24.55,24.55,200.0
2019-03-22 12:21:00,24.5101,24.5101,24.5101,24.5101,726.0
2019-03-22 13:18:00,24.59,24.59,24.59,24.59,100.0
2019-03-22 13:19:00,24.716,24.716,24.716,24.716,1900.0
2019-03-22 13:28:00,24.69,24.69,24.6,24.6,700.0
2019-03-22 14:15:00,24.51,24.6,24.51,24.6,380.0
2019-03-22 15:57:00,24.511,24.511,24.5101,24.5101,200.0
2019-03-25 09:31:00,24.52,24.52,24.52,24.52,0.0
2019-03-25 10:37:00,24.5999,24.5999,24.5999,24.5999,551.0
2019-03-25 10:55:00,24.551,24.551,24.551,24.551,500.0
2019-03-25 11:13:00,24.55,24.55,24.55,24.55,450.0
2019-03-25 11:17:00,24.5381,24.5381,24.5381,24.5381,341.0
2019-03-25 12:27:00,24.5201,24.5201,24.52,24.52,3483.0
2019-03-25 13:45:00,24.5497,24.5497,24.5497,24.5497,600.0
2019-03-25 13:46:00,24.55,24.55,24.5474,24.55,0.0
2019-03-26 10:19:00,24.5869,24.5869,24.5869,24.5869,0.0
2019-03-26 10:38:00,24.6244,24.6244,24.6244,24.6244,1216.0
2019-03-26 10:43:00,24.729,24.729,24.729,24.729,200.0
2019-03-26 10:54:00,24.73,24.73,24.6949,24.6949,1120.0
2019-03-26 11:08:00,24.7,24.7,24.7,24.7,500.0
2019-03-26 11:25:00,24.6737,24.6737,24.6737,24.6737,150.0
2019-03-26 12:37:00,24.6591,24.6591,24.6591,24.6591,1100.0
2019-03-26 14:39:00,24.5701,24.5701,24.5701,24.5701,400.0
2019-03-26 14:40:00,24.5701,24.5701,24.5701,24.5701,600.0
2019-03-26 15:03:00,24.69,24.7105,24.69,24.7105,1093.0
2019-03-26 15:47:00,24.756,24.756,24.756,24.756,7705.0
2019-03-27 10:10:00,24.62,24.62,24.62,24.62,0.0
2019-03-27 10:15:00,24.5,24.5,24.5,24.5,185.0
2019-03-27 12:50:00,24.7447,24.7447,24.7447,24.7447,204.0
2019-03-27 14:48:00,24.7131,24.7131,24.7131,24.7131,180.0
2019-03-27 15:46:00,24.8,24.8,24.74,24.798,600.0
2019-03-27 15:57:00,24.766,24.766,24.766,24.766,600.0
2019-03-28 10:17:00,24.81,24.81,24.81,24.81,0.0
2019-03-28 10:42:00,24.7752,24.7752,24.6,24.6,1202.0
2019-03-28 13:44:00,24.6,24.6,24.6,24.6,200.0
2019-03-28 14:09:00,24.78,24.78,24.675,24.675,320.0
2019-03-29 09:31:00,24.56,24.56,24.56,24.56,0.0
2019-03-29 10:10:00,24.7498,24.7498,24.7498,24.7498,542.0
2019-03-29 10:44:00,24.57,24.57,24.57,24.57,225.0
2019-03-29 13:46:00,24.75,24.75,24.7,24.74,400.0
2019-04-01 09:31:00,24.75,24.75,24.75,24.75,200.0
2019-04-01 09:48:00,24.87,24.87,24.87,24.87,612.0
2019-04-01 11:34:00,24.86,24.86,24.86,24.86,351.0
2019-04-01 12:43:00,24.86,24.86,24.86,24.86,200.0
2019-04-01 12:50:00,24.8886,24.8886,24.8886,24.8886,570.0
2019-04-01 12:54:00,24.91,24.91,24.91,24.91,320.0
2019-04-01 13:38:00,24.87,24.87,24.87,24.87,390.0
2019-04-01 13:47:00,24.86,24.86,24.86,24.86,3000.0
2019-04-02 10:42:00,24.8,24.8,24.8,24.8,0.0
2019-04-02 11:21:00,24.85,24.85,24.85,24.85,280.0
2019-04-02 12:13:00,24.89,24.9,24.89,24.9,200.0
2019-04-02 15:31:00,24.81,24.9,24.8001,24.801,600.0
2019-04-02 15:33:00,24.8,24.8425,24.8,24.8425,500.0
2019-04-02 15:34:00,24.8499,24.8499,24.8499,24.8499,150.0
2019-04-02 15:35:00,24.8,24.8917,24.8,24.834,400.0
2019-04-02 15:54:00,24.8263,24.8263,24.8263,24.8263,200.0
2019-04-02 15:55:00,24.8425,24.8425,24.751,24.751,2928.0
2019-04-03 09:55:00,24.85,24.85,24.85,24.85,0.0
2019-04-03 11:51:00,24.75,24.7655,24.75,24.7655,1200.0
2019-04-03 14:25:00,24.75,24.75,24.75,24.75,575.0
2019-04-03 14:42:00,24.55,24.55,24.53,24.53,1100.0
2019-04-03 14:44:00,24.53,24.53,24.53,24.53,3000.0
2019-04-03 14:51:00,24.54,24.6727,24.54,24.6727,400.0
2019-04-03 14:59:00,24.6524,24.6627,24.54,24.6627,600.0
2019-04-03 15:35:00,24.55,24.55,24.52,24.53,2025.0
