
2019-03-19 09:31:00,0.59,0.59,0.59,0.59,0.0
2019-03-19 09:41:00,0.6,0.6,0.6,0.6,1000.0
2019-03-19 09:56:00,0.5925,0.5925,0.5925,0.5925,100.0
2019-03-19 09:58:00,0.5902,0.5925,0.5902,0.5925,600.0
2019-03-19 10:07:00,0.583,0.583,0.5801,0.5801,9014.0
2019-03-19 10:09:00,0.5802,0.5802,0.5802,0.5802,3546.0
2019-03-19 10:10:00,0.5802,0.5802,0.5802,0.5802,3454.0
2019-03-19 10:11:00,0.5925,0.5925,0.5925,0.5925,200.0
2019-03-19 10:15:00,0.5856,0.5856,0.5856,0.5856,1000.0
2019-03-19 10:23:00,0.583,0.583,0.583,0.583,507.0
2019-03-19 10:25:00,0.5805,0.5805,0.5801,0.5802,3671.0
2019-03-19 10:26:00,0.58,0.5801,0.58,0.5801,4688.0
2019-03-19 10:28:00,0.58,0.58,0.58,0.58,3060.0
2019-03-19 10:34:00,0.5801,0.5801,0.5801,0.5801,130.0
2019-03-19 10:37:00,0.58,0.58,0.58,0.58,9600.0
2019-03-19 10:39:00,0.57,0.57,0.57,0.57,100.0
2019-03-19 10:40:00,0.5801,0.5801,0.5801,0.5801,2000.0
2019-03-19 10:41:00,0.5796,0.5796,0.5796,0.5796,1000.0
2019-03-19 10:50:00,0.5801,0.5801,0.5801,0.5801,100.0
2019-03-19 10:53:00,0.5772,0.5801,0.5772,0.5801,250.0
2019-03-19 10:55:00,0.58,0.58,0.58,0.58,1005.0
2019-03-19 11:00:00,0.5725,0.5725,0.5725,0.5725,1406.0
2019-03-19 11:03:00,0.58,0.58,0.58,0.58,400.0
2019-03-19 11:06:00,0.5801,0.5801,0.58,0.58,278.0
2019-03-19 11:14:00,0.5801,0.5801,0.5801,0.5801,101.0
2019-03-19 11:19:00,0.58,0.5801,0.5791,0.5801,3589.0
2019-03-19 11:23:00,0.582,0.582,0.582,0.582,2346.0
2019-03-19 11:59:00,0.571,0.571,0.571,0.571,750.0
2019-03-19 12:00:00,0.582,0.582,0.582,0.582,225.0
2019-03-19 12:06:00,0.582,0.582,0.582,0.582,100.0
2019-03-19 12:14:00,0.582,0.582,0.582,0.582,100.0
2019-03-19 12:17:00,0.582,0.582,0.582,0.582,100.0
2019-03-19 12:46:00,0.5949,0.5949,0.5949,0.5949,10000.0
2019-03-19 12:51:00,0.592,0.592,0.592,0.592,100.0
2019-03-19 12:57:00,0.582,0.582,0.5732,0.5732,250.0
2019-03-19 12:58:00,0.5732,0.5732,0.5732,0.5732,268.0
2019-03-19 13:00:00,0.5732,0.5732,0.5732,0.5732,575.0
2019-03-19 13:05:00,0.5818,0.5818,0.5818,0.5818,234.0
2019-03-19 13:21:00,0.5819,0.5819,0.5809,0.5819,5219.0
2019-03-19 13:38:00,0.582,0.582,0.582,0.582,100.0
2019-03-19 13:47:00,0.5735,0.5735,0.5735,0.5735,1700.0
2019-03-19 13:49:00,0.582,0.582,0.582,0.582,100.0
2019-03-19 13:52:00,0.582,0.582,0.582,0.582,200.0
2019-03-19 13:53:00,0.582,0.582,0.582,0.582,100.0
2019-03-19 13:55:00,0.582,0.582,0.582,0.582,143.0
2019-03-19 14:20:00,0.5819,0.5819,0.5819,0.5819,205.0
2019-03-19 14:23:00,0.5728,0.5728,0.5728,0.5728,6020.0
2019-03-19 14:32:00,0.5819,0.5819,0.5819,0.5819,100.0
2019-03-19 14:44:00,0.5819,0.5819,0.5819,0.5819,100.0
2019-03-19 14:48:00,0.5819,0.5819,0.5819,0.5819,100.0
2019-03-19 14:52:00,0.582,0.59,0.582,0.59,2116.0
2019-03-19 14:59:00,0.582,0.582,0.582,0.582,100.0
2019-03-19 15:01:00,0.582,0.582,0.582,0.582,100.0
2019-03-19 15:02:00,0.582,0.582,0.582,0.582,2079.0
2019-03-19 15:09:00,0.593,0.593,0.593,0.593,240.0
2019-03-19 15:17:00,0.582,0.582,0.582,0.582,100.0
2019-03-19 15:21:00,0.582,0.582,0.582,0.582,100.0
2019-03-19 15:27:00,0.582,0.582,0.582,0.582,200.0
2019-03-19 15:38:00,0.582,0.582,0.582,0.582,100.0
2019-03-19 15:39:00,0.582,0.582,0.582,0.582,113.0
2019-03-19 15:43:00,0.582,0.582,0.582,0.582,100.0
2019-03-19 15:44:00,0.582,0.582,0.582,0.582,125.0
2019-03-19 15:48:00,0.59,0.59,0.59,0.59,300.0
2019-03-19 15:50:00,0.5899,0.5899,0.5899,0.5899,1500.0
2019-03-19 15:57:00,0.5894,0.5894,0.5894,0.5894,2258.0
2019-03-19 16:00:00,0.5899,0.5899,0.5899,0.5899,400.0
2019-03-20 09:31:00,0.58,0.58,0.58,0.58,694.0
2019-03-20 09:45:00,0.5773,0.5773,0.5773,0.5773,5000.0
2019-03-20 09:46:00,0.5701,0.5701,0.5701,0.5701,8982.0
2019-03-20 09:47:00,0.5789,0.5789,0.5789,0.5789,100.0
2019-03-20 09:52:00,0.5704,0.5704,0.5704,0.5704,7200.0
2019-03-20 10:01:00,0.5788,0.5788,0.5788,0.5788,8000.0
2019-03-20 10:03:00,0.5785,0.5785,0.5785,0.5785,400.0
2019-03-20 10:04:00,0.5789,0.5789,0.5789,0.5789,100.0
2019-03-20 10:05:00,0.5789,0.5789,0.5789,0.5789,1716.0
2019-03-20 10:07:00,0.5745,0.5789,0.5745,0.5745,8304.0
2019-03-20 10:10:00,0.5701,0.5701,0.5701,0.5701,2666.0
2019-03-20 10:20:00,0.5765,0.5765,0.5765,0.5765,100.0
2019-03-20 10:21:00,0.5765,0.5765,0.5765,0.5765,200.0
2019-03-20 10:37:00,0.5765,0.5765,0.5765,0.5765,172.0
2019-03-20 10:43:00,0.5764,0.5764,0.5764,0.5764,100.0
2019-03-20 10:48:00,0.5764,0.5764,0.5764,0.5764,221.0
2019-03-20 11:05:00,0.5764,0.5764,0.5764,0.5764,100.0
2019-03-20 11:15:00,0.5765,0.5765,0.5748,0.5748,2008.0
2019-03-20 11:33:00,0.5748,0.5765,0.5748,0.5748,5000.0
2019-03-20 11:34:00,0.5765,0.5765,0.5765,0.5765,2106.0
2019-03-20 11:35:00,0.5765,0.5765,0.5763,0.5764,4043.0
2019-03-20 11:51:00,0.5763,0.5763,0.5745,0.5745,1700.0
2019-03-20 11:52:00,0.573,0.573,0.5601,0.5601,4212.0
2019-03-20 11:53:00,0.5621,0.5621,0.5621,0.5621,830.0
2019-03-20 11:57:00,0.5654,0.5654,0.5654,0.5654,352.0
2019-03-20 12:04:00,0.57,0.57,0.57,0.57,400.0
2019-03-20 12:13:00,0.5699,0.5699,0.565,0.565,213.0
2019-03-20 12:18:00,0.5738,0.5738,0.5738,0.5738,250.0
2019-03-20 12:19:00,0.5748,0.5748,0.5748,0.5748,456.0
2019-03-20 12:32:00,0.5702,0.5702,0.5702,0.5702,200.0
2019-03-20 13:13:00,0.572,0.5729,0.57,0.5714,34887.0
2019-03-20 13:20:00,0.568,0.568,0.565,0.565,15000.0
2019-03-20 13:22:00,0.571,0.571,0.571,0.571,104.0
2019-03-20 13:30:00,0.5707,0.573,0.5707,0.573,200.0
2019-03-20 13:34:00,0.571,0.571,0.571,0.571,1000.0
2019-03-20 13:43:00,0.5707,0.5707,0.5707,0.5707,105.0
2019-03-20 13:56:00,0.5707,0.5707,0.5707,0.5707,100.0
2019-03-20 14:06:00,0.5707,0.5707,0.5707,0.5707,200.0
2019-03-20 14:13:00,0.573,0.573,0.573,0.573,100.0
2019-03-20 14:22:00,0.573,0.573,0.573,0.573,100.0
2019-03-20 14:28:00,0.5655,0.5655,0.5655,0.5655,1100.0
2019-03-20 14:43:00,0.5668,0.5668,0.5668,0.5668,100.0
2019-03-20 14:47:00,0.573,0.573,0.573,0.573,254.0
2019-03-20 14:50:00,0.5721,0.5721,0.5721,0.5721,2618.0
2019-03-20 14:53:00,0.5706,0.5706,0.5706,0.5706,1200.0
2019-03-20 14:57:00,0.573,0.573,0.573,0.573,100.0
2019-03-20 15:00:00,0.5683,0.5683,0.5683,0.5683,500.0
2019-03-20 15:01:00,0.573,0.573,0.573,0.573,100.0
2019-03-20 15:03:00,0.573,0.573,0.573,0.573,105.0
2019-03-20 15:04:00,0.573,0.573,0.573,0.573,0.0
2019-03-20 15:10:00,0.5729,0.5729,0.5729,0.5729,125548.0
2019-03-20 15:11:00,0.573,0.573,0.573,0.573,100.0
2019-03-20 15:15:00,0.573,0.573,0.573,0.573,200.0
2019-03-20 15:16:00,0.5726,0.5726,0.5726,0.5726,2222.0
2019-03-20 15:23:00,0.573,0.573,0.573,0.573,120.0
2019-03-20 15:24:00,0.573,0.573,0.573,0.573,100.0
2019-03-20 15:28:00,0.573,0.573,0.573,0.573,100.0
2019-03-20 15:30:00,0.573,0.573,0.573,0.573,100.0
2019-03-20 15:36:00,0.573,0.573,0.573,0.573,100.0
2019-03-20 15:41:00,0.5701,0.5701,0.5701,0.5701,157.0
2019-03-20 15:44:00,0.571,0.571,0.571,0.571,100.0
2019-03-20 15:45:00,0.5706,0.5706,0.5706,0.5706,400.0
2019-03-20 15:48:00,0.571,0.571,0.571,0.571,100.0
2019-03-20 15:50:00,0.571,0.571,0.571,0.571,100.0
2019-03-20 15:52:00,0.573,0.573,0.573,0.573,101.0
2019-03-20 15:53:00,0.5716,0.5716,0.5716,0.5716,1925.0
2019-03-20 15:54:00,0.5716,0.585,0.5716,0.585,90474.0
2019-03-20 15:55:00,0.585,0.5927,0.5826,0.5927,11881.0
2019-03-20 15:59:00,0.5941,0.5941,0.592,0.592,2319.0
2019-03-20 16:00:00,0.5909,0.5942,0.5909,0.5941,1300.0
2019-03-21 09:31:00,0.592,0.602,0.592,0.602,10449.0
2019-03-21 09:32:00,0.602,0.602,0.602,0.602,180.0
2019-03-21 09:33:00,0.6002,0.6007,0.6002,0.6007,1205.0
2019-03-21 09:36:00,0.6019,0.602,0.6015,0.602,12151.0
2019-03-21 09:37:00,0.6011,0.602,0.6011,0.602,3201.0
2019-03-21 09:41:00,0.6001,0.6002,0.6001,0.6002,612.0
2019-03-21 09:43:00,0.602,0.602,0.602,0.602,310.0
2019-03-21 09:47:00,0.6052,0.61,0.6052,0.61,2950.0
2019-03-21 09:48:00,0.6061,0.61,0.6061,0.6061,14500.0
2019-03-21 09:49:00,0.61,0.61,0.6061,0.608,4551.0
2019-03-21 09:53:00,0.6065,0.62,0.6065,0.6101,7680.0
2019-03-21 09:54:00,0.6199,0.62,0.6151,0.6186,11040.0
2019-03-21 09:56:00,0.6188,0.6199,0.6188,0.6199,2661.0
2019-03-21 09:58:00,0.6199,0.62,0.6151,0.6151,5200.0
2019-03-21 09:59:00,0.6197,0.62,0.6151,0.6199,15920.0
2019-03-21 10:00:00,0.6165,0.62,0.6165,0.62,37174.0
2019-03-21 10:01:00,0.62,0.62,0.62,0.62,3856.0
2019-03-21 10:02:00,0.6275,0.63,0.625,0.6251,23406.0
2019-03-21 10:03:00,0.63,0.6309,0.6275,0.6275,34597.0
2019-03-21 10:04:00,0.6302,0.6309,0.6275,0.6281,3992.0
2019-03-21 10:05:00,0.6275,0.6309,0.6257,0.6309,9600.0
2019-03-21 10:06:00,0.6308,0.6308,0.6251,0.6251,3719.0
2019-03-21 10:07:00,0.6275,0.635,0.6275,0.6279,39709.0
2019-03-21 10:08:00,0.6275,0.6325,0.6275,0.6325,49181.0
2019-03-21 10:10:00,0.6449,0.6449,0.6449,0.6449,100.0
2019-03-21 10:11:00,0.645,0.645,0.6301,0.6449,42556.0
2019-03-21 10:12:00,0.645,0.645,0.6449,0.645,300.0
2019-03-21 10:13:00,0.6329,0.6329,0.6329,0.6329,2000.0
2019-03-21 10:14:00,0.64,0.6449,0.632,0.6378,8100.0
2019-03-21 10:15:00,0.6327,0.645,0.6327,0.645,4627.0
2019-03-21 10:17:00,0.645,0.645,0.64,0.64,500.0
2019-03-21 10:18:00,0.6401,0.6401,0.6401,0.6401,100.0
2019-03-21 10:19:00,0.6351,0.6449,0.635,0.6449,14985.0
2019-03-21 10:20:00,0.63,0.634,0.63,0.63,12000.0
2019-03-21 10:21:00,0.63,0.63,0.63,0.63,315.0
2019-03-21 10:22:00,0.625,0.625,0.62,0.62,17550.0
2019-03-21 10:23:00,0.613,0.613,0.603,0.6086,42490.0
2019-03-21 10:24:00,0.6099,0.625,0.6099,0.6249,3400.0
2019-03-21 10:25:00,0.6225,0.6249,0.62,0.6225,1600.0
2019-03-21 10:26:00,0.6225,0.6225,0.6201,0.6225,15475.0
2019-03-21 10:27:00,0.6225,0.63,0.6225,0.63,12980.0
2019-03-21 10:28:00,0.6298,0.6298,0.625,0.6251,6640.0
2019-03-21 10:29:00,0.6202,0.625,0.6202,0.6248,32196.0
2019-03-21 10:31:00,0.625,0.625,0.6235,0.625,4658.0
2019-03-21 10:34:00,0.625,0.63,0.62,0.63,9300.0
2019-03-21 10:35:00,0.629,0.629,0.629,0.629,320.0
2019-03-21 10:36:00,0.63,0.63,0.63,0.63,11504.0
2019-03-21 10:39:00,0.6296,0.6296,0.6252,0.6252,1722.0
2019-03-21 10:40:00,0.6208,0.63,0.6208,0.63,11493.0
2019-03-21 10:41:00,0.63,0.63,0.6298,0.6298,2053.0
2019-03-21 10:43:00,0.6281,0.63,0.6261,0.6265,17166.0
2019-03-21 10:45:00,0.63,0.63,0.63,0.63,3012.0
2019-03-21 10:49:00,0.6299,0.6299,0.6299,0.6299,200.0
2019-03-21 10:53:00,0.63,0.63,0.63,0.63,1800.0
2019-03-21 10:54:00,0.6297,0.6297,0.6297,0.6297,10400.0
2019-03-21 10:59:00,0.6287,0.6287,0.6287,0.6287,2020.0
2019-03-21 11:07:00,0.6275,0.6275,0.6275,0.6275,100.0
2019-03-21 11:10:00,0.6275,0.6275,0.6275,0.6275,808.0
2019-03-21 11:11:00,0.6279,0.6279,0.627,0.627,2433.0
2019-03-21 11:13:00,0.63,0.63,0.63,0.63,4000.0
2019-03-21 11:15:00,0.63,0.63,0.629,0.629,1000.0
2019-03-21 11:16:00,0.6201,0.6201,0.6201,0.6201,13606.0
2019-03-21 11:22:00,0.6275,0.6275,0.6275,0.6275,100.0
2019-03-21 11:26:00,0.6212,0.6212,0.6212,0.6212,1000.0
2019-03-21 11:27:00,0.6251,0.6251,0.6251,0.6251,175.0
2019-03-21 11:30:00,0.63,0.63,0.63,0.63,5005.0
2019-03-21 11:38:00,0.6299,0.6299,0.6299,0.6299,100.0
2019-03-21 11:49:00,0.6274,0.6274,0.6274,0.6274,100.0
2019-03-21 11:50:00,0.6201,0.6201,0.6201,0.6201,10731.0
2019-03-21 11:57:00,0.625,0.625,0.625,0.625,2000.0
2019-03-21 12:10:00,0.625,0.625,0.625,0.625,2001.0
2019-03-21 12:19:00,0.6254,0.6254,0.6201,0.6201,4595.0
2019-03-21 12:28:00,0.6254,0.6254,0.6254,0.6254,100.0
2019-03-21 12:30:00,0.626,0.626,0.626,0.626,1025.0
2019-03-21 12:38:00,0.6233,0.624,0.6233,0.624,3054.0
2019-03-21 12:44:00,0.6254,0.6254,0.6254,0.6254,1546.0
2019-03-21 12:57:00,0.6247,0.6247,0.6247,0.6247,2500.0
2019-03-21 13:02:00,0.6254,0.6254,0.6254,0.6254,100.0
2019-03-21 13:07:00,0.6215,0.6231,0.62,0.62,8634.0
2019-03-21 13:10:00,0.62,0.62,0.6198,0.6198,7600.0
2019-03-21 13:26:00,0.625,0.625,0.625,0.625,320.0
2019-03-21 13:28:00,0.615,0.615,0.615,0.615,412.0
2019-03-21 13:35:00,0.603,0.603,0.603,0.603,1393.0
2019-03-21 13:36:00,0.6067,0.6067,0.6067,0.6067,5598.0
2019-03-21 13:39:00,0.61,0.61,0.61,0.61,1015.0
2019-03-21 13:43:00,0.614,0.614,0.603,0.603,11054.0
2019-03-21 13:52:00,0.626,0.626,0.626,0.626,200.0
2019-03-21 13:58:00,0.626,0.626,0.626,0.626,201.0
2019-03-21 14:17:00,0.6258,0.6258,0.6258,0.6258,100.0
2019-03-21 14:21:00,0.606,0.606,0.606,0.606,1600.0
2019-03-21 14:24:00,0.626,0.626,0.6259,0.6259,2600.0
2019-03-21 14:40:00,0.626,0.626,0.626,0.626,200.0
2019-03-21 14:53:00,0.6259,0.6259,0.6259,0.6259,100.0
2019-03-21 14:59:00,0.6228,0.6228,0.6228,0.6228,450.0
2019-03-21 15:07:00,0.6034,0.6036,0.6,0.6,13254.0
2019-03-21 15:10:00,0.6058,0.6058,0.6058,0.6058,3020.0
2019-03-21 15:16:00,0.6259,0.6259,0.6259,0.6259,2900.0
2019-03-21 15:17:00,0.6259,0.6259,0.6259,0.6259,100.0
2019-03-21 15:19:00,0.6229,0.6229,0.6229,0.6229,601.0
2019-03-21 15:24:00,0.62,0.6231,0.62,0.6231,2959.0
2019-03-21 15:30:00,0.62,0.62,0.62,0.62,10000.0
2019-03-21 15:32:00,0.62,0.62,0.62,0.62,6969.0
2019-03-21 15:36:00,0.62,0.62,0.62,0.62,180.0
2019-03-21 15:43:00,0.6199,0.6199,0.6199,0.6199,357.0
2019-03-21 15:46:00,0.62,0.62,0.62,0.62,100.0
2019-03-21 15:48:00,0.6105,0.6105,0.6105,0.6105,140.0
2019-03-21 15:53:00,0.62,0.62,0.62,0.62,2944.0
2019-03-21 15:54:00,0.6071,0.6071,0.6071,0.6071,7600.0
2019-03-21 15:57:00,0.6091,0.6091,0.6091,0.6091,41000.0
2019-03-21 15:58:00,0.6091,0.6144,0.6091,0.6144,62002.0
2019-03-22 09:31:00,0.62,0.621,0.61,0.6131,27970.0
2019-03-22 09:34:00,0.6101,0.6101,0.6101,0.6101,172.0
2019-03-22 09:35:00,0.62,0.62,0.62,0.62,1575.0
2019-03-22 09:38:00,0.6101,0.6101,0.6101,0.6101,211.0
2019-03-22 09:39:00,0.6101,0.6101,0.6101,0.6101,200.0
2019-03-22 09:41:00,0.6199,0.6199,0.6199,0.6199,154.0
2019-03-22 09:42:00,0.62,0.62,0.6151,0.6151,1700.0
2019-03-22 09:43:00,0.62,0.62,0.62,0.62,801.0
2019-03-22 09:48:00,0.62,0.62,0.62,0.62,300.0
2019-03-22 09:52:00,0.619,0.619,0.6001,0.6001,201.0
2019-03-22 09:58:00,0.601,0.601,0.601,0.601,2523.0
2019-03-22 09:59:00,0.6001,0.6001,0.5801,0.5801,16072.0
2019-03-22 10:01:00,0.62,0.62,0.6199,0.6199,1100.0
2019-03-22 10:04:00,0.619,0.619,0.619,0.619,100.0
2019-03-22 10:05:00,0.62,0.62,0.62,0.62,1500.0
2019-03-22 10:08:00,0.619,0.619,0.619,0.619,200.0
2019-03-22 10:11:00,0.6071,0.6071,0.6071,0.6071,441.0
2019-03-22 10:16:00,0.5955,0.619,0.5955,0.619,1775.0
2019-03-22 10:23:00,0.6189,0.6189,0.6189,0.6189,103.0
2019-03-22 10:35:00,0.6189,0.6189,0.6189,0.6189,200.0
2019-03-22 10:39:00,0.6189,0.6189,0.6189,0.6189,200.0
2019-03-22 10:40:00,0.6189,0.6189,0.6189,0.6189,100.0
2019-03-22 10:42:00,0.6022,0.6022,0.6021,0.6021,1300.0
2019-03-22 10:43:00,0.611,0.6191,0.611,0.6191,2817.0
2019-03-22 10:48:00,0.602,0.602,0.602,0.602,1000.0
2019-03-22 10:49:00,0.6185,0.6185,0.6021,0.6021,1700.0
2019-03-22 10:57:00,0.6116,0.6116,0.6116,0.6116,780.0
2019-03-22 11:08:00,0.602,0.602,0.6,0.6,22355.0
2019-03-22 11:10:00,0.5856,0.5856,0.5856,0.5856,5000.0
2019-03-22 11:11:00,0.6184,0.6184,0.6184,0.6184,205.0
2019-03-22 11:16:00,0.617,0.617,0.6079,0.6165,400.0
2019-03-22 11:19:00,0.618,0.618,0.618,0.618,101.0
2019-03-22 11:23:00,0.5867,0.5867,0.5867,0.5867,1000.0
2019-03-22 11:29:00,0.61,0.62,0.6,0.6035,6004.0
2019-03-22 11:36:00,0.62,0.62,0.62,0.62,214.0
2019-03-22 11:45:00,0.6199,0.6199,0.59,0.59,352.0
2019-03-22 12:08:00,0.6199,0.6199,0.6199,0.6199,100.0
2019-03-22 12:10:00,0.61,0.61,0.61,0.61,1805.0
2019-03-22 12:11:00,0.612,0.612,0.609,0.609,6400.0
2019-03-22 12:18:00,0.6,0.6,0.6,0.6,3000.0
2019-03-22 12:23:00,0.5908,0.5908,0.5908,0.5908,3000.0
2019-03-22 12:26:00,0.605,0.605,0.605,0.605,100.0
2019-03-22 12:35:00,0.605,0.605,0.605,0.605,280.0
2019-03-22 12:39:00,0.605,0.605,0.605,0.605,100.0
2019-03-22 12:44:00,0.605,0.605,0.605,0.605,100.0
2019-03-22 12:45:00,0.605,0.605,0.605,0.605,100.0
2019-03-22 12:50:00,0.598,0.598,0.598,0.598,300.0
2019-03-22 12:51:00,0.599,0.599,0.599,0.599,3200.0
2019-03-22 12:54:00,0.599,0.599,0.599,0.599,100.0
2019-03-22 12:57:00,0.6,0.6,0.6,0.6,300.0
2019-03-22 12:58:00,0.6,0.6,0.5905,0.5905,1400.0
2019-03-22 13:03:00,0.605,0.605,0.605,0.605,237.0
2019-03-22 13:04:00,0.6,0.6,0.6,0.6,300.0
2019-03-22 13:07:00,0.5999,0.5999,0.5999,0.5999,3000.0
2019-03-22 13:28:00,0.5969,0.5969,0.5969,0.5969,1000.0
2019-03-22 13:36:00,0.597,0.597,0.597,0.597,510.0
2019-03-22 13:53:00,0.5948,0.599,0.5948,0.599,11500.0
2019-03-22 13:54:00,0.5906,0.599,0.5906,0.5906,2800.0
2019-03-22 13:55:00,0.5906,0.591,0.5906,0.591,200.0
2019-03-22 13:56:00,0.592,0.592,0.592,0.592,640.0
2019-03-22 14:11:00,0.5959,0.5959,0.5959,0.5959,275.0
2019-03-22 14:24:00,0.5938,0.5938,0.5938,0.5938,400.0
2019-03-22 14:26:00,0.592,0.5921,0.59,0.59,4240.0
2019-03-22 14:31:00,0.585,0.585,0.585,0.585,120.0
2019-03-22 14:42:00,0.59,0.59,0.59,0.59,190.0
2019-03-22 14:43:00,0.59,0.59,0.59,0.59,100.0
2019-03-22 14:44:00,0.59,0.59,0.59,0.59,3313.0
2019-03-22 14:49:00,0.59,0.59,0.59,0.59,500.0
2019-03-22 14:50:00,0.59,0.59,0.59,0.59,200.0
2019-03-22 14:51:00,0.59,0.5919,0.59,0.5919,5800.0
2019-03-22 14:55:00,0.59,0.59,0.59,0.59,200.0
2019-03-22 14:56:00,0.5918,0.5918,0.5918,0.5918,1100.0
2019-03-22 14:58:00,0.592,0.592,0.59,0.59,1100.0
2019-03-22 15:07:00,0.59,0.59,0.59,0.59,900.0
2019-03-22 15:08:00,0.5919,0.5919,0.59,0.59,2605.0
2019-03-22 15:10:00,0.592,0.592,0.592,0.592,100.0
2019-03-22 15:15:00,0.5851,0.5851,0.5851,0.5851,150.0
2019-03-22 15:45:00,0.585,0.5885,0.585,0.5885,200.0
2019-03-22 15:49:00,0.5918,0.5918,0.5918,0.5918,438.0
2019-03-22 15:51:00,0.587,0.592,0.585,0.592,17584.0
2019-03-22 15:52:00,0.592,0.592,0.5886,0.5886,700.0
2019-03-22 15:53:00,0.592,0.592,0.592,0.592,250.0
2019-03-22 15:54:00,0.592,0.592,0.592,0.592,400.0
2019-03-22 15:55:00,0.592,0.592,0.5802,0.5802,600.0
2019-03-22 15:56:00,0.5802,0.592,0.5802,0.592,1242.0
2019-03-25 09:31:00,0.59,0.59,0.59,0.59,2291.0
2019-03-25 09:32:00,0.6093,0.6093,0.6093,0.6093,237.0
2019-03-25 09:36:00,0.6061,0.6061,0.6061,0.6061,287.0
2019-03-25 09:42:00,0.625,0.625,0.625,0.625,650.0
2019-03-25 09:45:00,0.605,0.605,0.605,0.605,2500.0
2019-03-25 09:48:00,0.5831,0.5831,0.583,0.583,4760.0
2019-03-25 09:54:00,0.5966,0.5966,0.5966,0.5966,1200.0
2019-03-25 09:58:00,0.583,0.583,0.583,0.583,200.0
2019-03-25 10:00:00,0.58,0.58,0.58,0.58,7972.0
2019-03-25 10:12:00,0.5999,0.5999,0.5999,0.5999,250.0
2019-03-25 10:17:00,0.5774,0.5774,0.5774,0.5774,31644.0
2019-03-25 10:19:00,0.5799,0.5799,0.5799,0.5799,4737.0
2019-03-25 10:21:00,0.5798,0.5798,0.5798,0.5798,3000.0
2019-03-25 10:22:00,0.5705,0.5705,0.5705,0.5705,3100.0
2019-03-25 10:27:00,0.5798,0.5798,0.5798,0.5798,3000.0
2019-03-25 10:34:00,0.5799,0.5799,0.5761,0.5761,2224.0
2019-03-25 10:44:00,0.5798,0.5798,0.5798,0.5798,701.0
2019-03-25 10:58:00,0.5798,0.5798,0.5798,0.5798,3000.0
2019-03-25 11:00:00,0.575,0.575,0.575,0.575,4500.0
2019-03-25 11:08:00,0.5798,0.5798,0.5798,0.5798,1500.0
2019-03-25 11:10:00,0.5775,0.5799,0.5775,0.5799,23464.0
2019-03-25 11:11:00,0.5792,0.5792,0.5792,0.5792,12099.0
2019-03-25 11:12:00,0.5792,0.58,0.5792,0.58,29709.0
2019-03-25 11:13:00,0.58,0.58,0.58,0.58,7300.0
2019-03-25 11:14:00,0.58,0.58,0.5793,0.5793,10773.0
2019-03-25 11:15:00,0.599,0.599,0.599,0.599,4800.0
2019-03-25 11:23:00,0.59,0.59,0.59,0.59,250.0
2019-03-25 11:28:00,0.5864,0.5864,0.5864,0.5864,1000.0
2019-03-25 11:30:00,0.5915,0.5915,0.5915,0.5915,100.0
2019-03-25 11:32:00,0.5908,0.5908,0.5908,0.5908,5668.0
2019-03-25 11:33:00,0.5915,0.5915,0.5915,0.5915,258.0
2019-03-25 11:43:00,0.5915,0.5915,0.5915,0.5915,100.0
2019-03-25 11:45:00,0.5915,0.5915,0.5915,0.5915,200.0
2019-03-25 11:51:00,0.5915,0.5915,0.5915,0.5915,200.0
2019-03-25 11:53:00,0.5911,0.5911,0.591,0.591,5868.0
2019-03-25 12:05:00,0.5903,0.5903,0.5903,0.5903,5338.0
2019-03-25 12:21:00,0.586,0.586,0.586,0.586,2145.0
2019-03-25 12:49:00,0.587,0.587,0.587,0.587,4129.0
2019-03-25 13:00:00,0.586,0.586,0.586,0.586,2400.0
2019-03-25 13:05:00,0.5845,0.5845,0.5845,0.5845,19505.0
2019-03-25 13:07:00,0.58,0.58,0.58,0.58,32860.0
2019-03-25 13:19:00,0.5889,0.5889,0.5889,0.5889,100.0
2019-03-25 13:30:00,0.5889,0.5889,0.5889,0.5889,100.0
2019-03-25 13:32:00,0.586,0.586,0.586,0.586,550.0
2019-03-25 13:33:00,0.5887,0.5887,0.5887,0.5887,3650.0
2019-03-25 13:43:00,0.58,0.58,0.58,0.58,8299.0
2019-03-25 13:45:00,0.5824,0.5824,0.5824,0.5824,1151.0
2019-03-25 13:52:00,0.5887,0.5887,0.5887,0.5887,1000.0
2019-03-25 13:59:00,0.5888,0.5888,0.5888,0.5888,200.0
2019-03-25 14:01:00,0.5888,0.5888,0.5888,0.5888,240.0
2019-03-25 14:09:00,0.5888,0.5888,0.5888,0.5888,210.0
2019-03-25 14:16:00,0.5785,0.5785,0.5785,0.5785,455.0
2019-03-25 14:21:00,0.5888,0.589,0.5888,0.589,290.0
2019-03-25 14:25:00,0.582,0.582,0.582,0.582,2101.0
2019-03-25 14:30:00,0.5888,0.5914,0.5888,0.5914,5847.0
2019-03-25 14:33:00,0.5886,0.5886,0.5886,0.5886,1600.0
2019-03-25 14:34:00,0.5891,0.5891,0.5891,0.5891,11658.0
2019-03-25 14:35:00,0.5913,0.5913,0.5913,0.5913,800.0
2019-03-25 14:40:00,0.58,0.5801,0.58,0.5801,9200.0
2019-03-25 14:43:00,0.583,0.583,0.583,0.583,2720.0
2019-03-25 14:47:00,0.5785,0.5785,0.5785,0.5785,3669.0
2019-03-25 14:49:00,0.5814,0.5814,0.5814,0.5814,1650.0
2019-03-25 14:58:00,0.585,0.585,0.585,0.585,2021.0
2019-03-25 14:59:00,0.58,0.58,0.58,0.58,1590.0
2019-03-25 15:00:00,0.58,0.58,0.58,0.58,100.0
2019-03-25 15:04:00,0.58,0.58,0.58,0.58,2200.0
2019-03-25 15:11:00,0.5863,0.5863,0.5863,0.5863,200.0
2019-03-25 15:15:00,0.5865,0.5865,0.5865,0.5865,100.0
2019-03-25 15:17:00,0.5864,0.5864,0.5864,0.5864,500.0
2019-03-25 15:24:00,0.5789,0.5789,0.5789,0.5789,300.0
2019-03-25 15:29:00,0.5864,0.5864,0.5864,0.5864,976.0
2019-03-25 15:37:00,0.58,0.58,0.58,0.58,1445.0
2019-03-25 15:46:00,0.5838,0.5838,0.5838,0.5838,1210.0
2019-03-25 15:48:00,0.5865,0.5865,0.5865,0.5865,200.0
2019-03-25 15:55:00,0.58,0.58,0.5786,0.5786,3108.0
2019-03-25 16:00:00,0.5799,0.5799,0.5799,0.5799,4835.0
2019-03-26 09:31:00,0.58,0.58,0.58,0.58,3903.0
2019-03-26 09:35:00,0.5788,0.5788,0.5788,0.5788,3000.0
2019-03-26 09:40:00,0.5794,0.5794,0.5794,0.5794,141.0
2019-03-26 09:44:00,0.5752,0.5752,0.5752,0.5752,1520.0
2019-03-26 09:45:00,0.5706,0.5706,0.5706,0.5706,300.0
2019-03-26 09:48:00,0.5779,0.5779,0.5779,0.5779,5701.0
2019-03-26 09:51:00,0.578,0.578,0.578,0.578,13000.0
2019-03-26 09:53:00,0.5799,0.5799,0.5799,0.5799,3376.0
2019-03-26 10:13:00,0.575,0.575,0.575,0.575,500.0
2019-03-26 10:26:00,0.575,0.575,0.575,0.575,1300.0
2019-03-26 10:28:00,0.575,0.575,0.575,0.575,100.0
2019-03-26 10:36:00,0.571,0.571,0.571,0.571,1700.0
2019-03-26 10:39:00,0.5798,0.5798,0.5798,0.5798,1103.0
2019-03-26 10:48:00,0.5705,0.5705,0.5705,0.5705,1113.0
2019-03-26 10:52:00,0.5705,0.574,0.5705,0.574,26100.0
2019-03-26 10:54:00,0.57,0.57,0.57,0.57,4100.0
2019-03-26 11:04:00,0.5678,0.5678,0.5678,0.5678,1000.0
2019-03-26 11:05:00,0.5679,0.5679,0.5679,0.5679,7020.0
2019-03-26 11:06:00,0.56,0.56,0.56,0.56,2726.0
2019-03-26 11:07:00,0.5608,0.5608,0.5608,0.5608,7158.0
2019-03-26 11:09:00,0.57,0.57,0.57,0.57,6146.0
2019-03-26 11:10:00,0.564,0.564,0.564,0.564,6446.0
2019-03-26 11:12:00,0.5799,0.5799,0.5799,0.5799,125.0
2019-03-26 11:26:00,0.57,0.57,0.57,0.57,878.0
2019-03-26 11:30:00,0.568,0.568,0.568,0.568,5800.0
2019-03-26 11:33:00,0.5679,0.5679,0.5679,0.5679,1412.0
2019-03-26 11:40:00,0.5799,0.5799,0.5799,0.5799,550.0
2019-03-26 11:49:00,0.569,0.57,0.569,0.57,3350.0
2019-03-26 11:51:00,0.5705,0.5705,0.5705,0.5705,226.0
2019-03-26 11:58:00,0.5755,0.5755,0.5755,0.5755,2678.0
2019-03-26 11:59:00,0.5738,0.5738,0.5738,0.5738,1250.0
2019-03-26 12:00:00,0.5651,0.5651,0.5651,0.5651,250.0
2019-03-26 12:03:00,0.5658,0.5658,0.5658,0.5658,2320.0
2019-03-26 12:05:00,0.565,0.565,0.565,0.565,3700.0
2019-03-26 12:07:00,0.5695,0.5695,0.5695,0.5695,3600.0
2019-03-26 12:08:00,0.5699,0.5699,0.5699,0.5699,5820.0
2019-03-26 12:09:00,0.5698,0.5698,0.5698,0.5698,7924.0
2019-03-26 12:14:00,0.5661,0.5661,0.5661,0.5661,7301.0
2019-03-26 12:16:00,0.5743,0.5743,0.5743,0.5743,1112.0
2019-03-26 12:20:00,0.5755,0.5755,0.5755,0.5755,1312.0
2019-03-26 12:22:00,0.5755,0.5755,0.5755,0.5755,606.0
2019-03-26 12:26:00,0.5654,0.5654,0.5654,0.5654,5200.0
2019-03-26 12:28:00,0.565,0.565,0.565,0.565,130.0
2019-03-26 12:30:00,0.5754,0.5754,0.5754,0.5754,840.0
2019-03-26 12:37:00,0.5751,0.5751,0.5751,0.5751,100.0
2019-03-26 12:38:00,0.5652,0.5652,0.5652,0.5652,271.0
2019-03-26 12:42:00,0.565,0.565,0.565,0.565,2040.0
2019-03-26 12:46:00,0.565,0.565,0.565,0.565,1756.0
2019-03-26 12:49:00,0.5651,0.5651,0.5651,0.5651,1445.0
2019-03-26 12:50:00,0.5641,0.5641,0.5641,0.5641,2000.0
2019-03-26 12:52:00,0.56,0.56,0.56,0.56,45503.0
2019-03-26 12:53:00,0.56,0.56,0.56,0.56,10437.0
2019-03-26 13:00:00,0.5651,0.5651,0.5651,0.5651,1380.0
2019-03-26 13:02:00,0.5651,0.5651,0.5651,0.5651,950.0
2019-03-26 13:03:00,0.5651,0.5651,0.5651,0.5651,500.0
2019-03-26 13:04:00,0.5652,0.5652,0.5652,0.5652,6407.0
2019-03-26 13:07:00,0.5601,0.5601,0.5601,0.5601,1002.0
2019-03-26 13:13:00,0.5649,0.5649,0.5649,0.5649,4155.0
2019-03-26 13:18:00,0.5652,0.5652,0.5652,0.5652,200.0
2019-03-26 13:23:00,0.5601,0.5601,0.5601,0.5601,5880.0
2019-03-26 13:25:00,0.56,0.56,0.56,0.56,20434.0
2019-03-26 13:26:00,0.565,0.565,0.565,0.565,20743.0
2019-03-26 13:30:00,0.5613,0.5613,0.5613,0.5613,5300.0
2019-03-26 13:31:00,0.5601,0.5601,0.5601,0.5601,10250.0
2019-03-26 13:34:00,0.5599,0.5599,0.5599,0.5599,100.0
2019-03-26 13:35:00,0.558,0.558,0.555,0.555,9001.0
2019-03-26 13:36:00,0.5549,0.5549,0.5542,0.5542,10028.0
2019-03-26 13:39:00,0.5548,0.5548,0.5548,0.5548,3000.0
2019-03-26 13:42:00,0.5549,0.5549,0.5549,0.5549,6033.0
2019-03-26 13:46:00,0.5545,0.5545,0.5545,0.5545,300.0
2019-03-26 13:51:00,0.552,0.552,0.552,0.552,700.0
2019-03-26 13:56:00,0.5549,0.5549,0.5549,0.5549,100.0
2019-03-26 14:04:00,0.552,0.552,0.552,0.552,137.0
2019-03-26 14:08:00,0.5548,0.5548,0.5548,0.5548,142.0
2019-03-26 14:11:00,0.5547,0.5547,0.5546,0.5546,9606.0
2019-03-26 14:21:00,0.5546,0.5546,0.5546,0.5546,0.0
2019-03-26 14:25:00,0.5546,0.5546,0.5546,0.5546,2910.0
2019-03-26 14:30:00,0.5532,0.5532,0.5532,0.5532,133.0
2019-03-26 14:38:00,0.5531,0.5531,0.5531,0.5531,1200.0
2019-03-26 14:40:00,0.5523,0.5523,0.552,0.552,8400.0
2019-03-26 14:49:00,0.5644,0.5644,0.5644,0.5644,3119.0
2019-03-26 14:53:00,0.565,0.565,0.565,0.565,100.0
2019-03-26 14:56:00,0.565,0.565,0.565,0.565,100.0
2019-03-26 15:01:00,0.5642,0.5642,0.5642,0.5642,1211.0
2019-03-26 15:04:00,0.5648,0.5648,0.5648,0.5648,1450.0
2019-03-26 15:08:00,0.5648,0.5648,0.5648,0.5648,1000.0
2019-03-26 15:10:00,0.5649,0.5649,0.5649,0.5649,1901.0
2019-03-26 15:11:00,0.5532,0.5532,0.5532,0.5532,5900.0
2019-03-26 15:12:00,0.5526,0.5526,0.5526,0.5526,13995.0
2019-03-26 15:13:00,0.564,0.564,0.564,0.564,5934.0
2019-03-26 15:15:00,0.564,0.564,0.564,0.564,1850.0
2019-03-26 15:16:00,0.564,0.564,0.564,0.564,200.0
2019-03-26 15:17:00,0.5647,0.5647,0.5647,0.5647,250.0
2019-03-26 15:19:00,0.5532,0.5532,0.5532,0.5532,637.0
2019-03-26 15:25:00,0.5642,0.5642,0.5642,0.5642,100.0
2019-03-26 15:27:00,0.5646,0.5646,0.5646,0.5646,300.0
2019-03-26 15:28:00,0.5646,0.5646,0.5646,0.5646,300.0
2019-03-26 15:31:00,0.5646,0.5646,0.5646,0.5646,100.0
2019-03-26 15:32:00,0.56,0.56,0.56,0.56,2570.0
2019-03-26 15:36:00,0.5528,0.5528,0.5528,0.5528,3600.0
2019-03-26 15:37:00,0.5641,0.5641,0.5641,0.5641,12600.0
2019-03-26 15:38:00,0.5522,0.5522,0.5522,0.5522,400.0
2019-03-26 15:39:00,0.5525,0.5525,0.5525,0.5525,795.0
2019-03-26 15:46:00,0.553,0.553,0.55,0.55,18832.0
2019-03-26 15:47:00,0.5582,0.5582,0.5582,0.5582,12200.0
2019-03-26 15:49:00,0.5591,0.5591,0.5591,0.5591,619.0
2019-03-26 15:52:00,0.559,0.559,0.55,0.55,10310.0
2019-03-26 15:55:00,0.5589,0.5589,0.5589,0.5589,100.0
2019-03-26 15:59:00,0.5491,0.5491,0.5491,0.5491,630.0
2019-03-26 16:00:00,0.545,0.545,0.545,0.545,1949.0
2019-03-27 09:31:00,0.55,0.55,0.55,0.55,3283.0
2019-03-27 09:33:00,0.5698,0.5698,0.565,0.565,201.0
2019-03-27 09:35:00,0.5601,0.5601,0.56,0.56,800.0
2019-03-27 09:36:00,0.5678,0.5678,0.5678,0.5678,800.0
2019-03-27 09:37:00,0.5679,0.5679,0.5679,0.5679,200.0
2019-03-27 09:40:00,0.5559,0.5559,0.5559,0.5559,100.0
2019-03-27 09:41:00,0.5555,0.5555,0.5555,0.5555,500.0
2019-03-27 09:42:00,0.5507,0.5507,0.5507,0.5507,700.0
2019-03-27 09:47:00,0.555,0.5594,0.5501,0.5501,52426.0
2019-03-27 09:53:00,0.5505,0.5505,0.5505,0.5505,300.0
2019-03-27 09:56:00,0.5528,0.5528,0.5528,0.5528,1500.0
2019-03-27 09:58:00,0.5501,0.5501,0.5501,0.5501,1000.0
2019-03-27 09:59:00,0.55,0.55,0.55,0.55,3800.0
2019-03-27 10:01:00,0.55,0.55,0.55,0.55,3200.0
2019-03-27 10:03:00,0.543,0.543,0.543,0.543,18000.0
2019-03-27 10:06:00,0.5598,0.5598,0.5598,0.5598,100.0
2019-03-27 10:07:00,0.5592,0.5592,0.5592,0.5592,400.0
2019-03-27 10:12:00,0.5432,0.5432,0.5432,0.5432,1500.0
2019-03-27 10:13:00,0.5598,0.5598,0.5598,0.5598,100.0
2019-03-27 10:14:00,0.5565,0.5565,0.553,0.5547,1000.0
2019-03-27 10:16:00,0.5547,0.5547,0.5547,0.5547,100.0
2019-03-27 10:19:00,0.5571,0.5571,0.5571,0.5571,357.0
2019-03-27 10:28:00,0.5596,0.5596,0.5596,0.5596,101.0
2019-03-27 10:43:00,0.5577,0.5589,0.5577,0.5589,400.0
2019-03-27 10:44:00,0.553,0.553,0.553,0.553,400.0
2019-03-27 10:49:00,0.55,0.55,0.5431,0.5431,7000.0
2019-03-27 10:54:00,0.5595,0.5595,0.5568,0.5568,200.0
2019-03-27 10:57:00,0.5527,0.5586,0.5527,0.5586,2200.0
2019-03-27 11:04:00,0.5568,0.5596,0.5568,0.5596,600.0
2019-03-27 11:05:00,0.5594,0.5594,0.5594,0.5594,100.0
2019-03-27 11:08:00,0.5594,0.5594,0.5594,0.5594,100.0
2019-03-27 11:13:00,0.5568,0.5568,0.5568,0.5568,880.0
2019-03-27 11:14:00,0.5462,0.5462,0.5462,0.5462,170.0
2019-03-27 11:19:00,0.5594,0.56,0.5594,0.56,10000.0
2019-03-27 11:21:00,0.55,0.55,0.55,0.55,5350.0
2019-03-27 11:25:00,0.553,0.553,0.553,0.553,100.0
2019-03-27 11:30:00,0.5463,0.5463,0.5463,0.5463,100.0
2019-03-27 11:35:00,0.5548,0.5548,0.5548,0.5548,1000.0
2019-03-27 11:37:00,0.5549,0.5549,0.5549,0.5549,2500.0
2019-03-27 11:39:00,0.5463,0.5463,0.5462,0.5462,855.0
2019-03-27 11:44:00,0.5505,0.5505,0.5505,0.5505,250.0
2019-03-27 11:46:00,0.5548,0.5548,0.5548,0.5548,178.0
2019-03-27 11:53:00,0.55,0.55,0.55,0.55,2147.0
2019-03-27 11:55:00,0.5499,0.5499,0.5499,0.5499,1850.0
2019-03-27 11:56:00,0.5461,0.5461,0.5461,0.5461,1000.0
2019-03-27 11:57:00,0.543,0.543,0.543,0.543,100.0
2019-03-27 12:04:00,0.5434,0.5434,0.5434,0.5434,2800.0
2019-03-27 12:12:00,0.5459,0.5459,0.5459,0.5459,2900.0
2019-03-27 12:21:00,0.545,0.545,0.543,0.543,10008.0
2019-03-27 12:23:00,0.555,0.555,0.55,0.55,5505.0
2019-03-27 12:29:00,0.544,0.544,0.544,0.544,200.0
2019-03-27 12:31:00,0.5549,0.5549,0.5549,0.5549,2581.0
2019-03-27 12:34:00,0.55,0.55,0.55,0.55,1000.0
2019-03-27 12:35:00,0.555,0.555,0.555,0.555,100.0
2019-03-27 12:37:00,0.55,0.55,0.55,0.55,3000.0
2019-03-27 12:38:00,0.555,0.555,0.555,0.555,200.0
2019-03-27 12:39:00,0.544,0.544,0.544,0.544,12000.0
2019-03-27 12:42:00,0.555,0.555,0.555,0.555,541.0
2019-03-27 12:44:00,0.5599,0.5599,0.5599,0.5599,300.0
2019-03-27 12:45:00,0.555,0.555,0.555,0.555,100.0
2019-03-27 12:51:00,0.55,0.5599,0.55,0.5599,4500.0
2019-03-27 12:55:00,0.5599,0.5599,0.5599,0.5599,100.0
2019-03-27 13:01:00,0.5599,0.5599,0.5599,0.5599,100.0
2019-03-27 13:04:00,0.5562,0.5562,0.5562,0.5562,5100.0
2019-03-27 13:05:00,0.5562,0.5562,0.5562,0.5562,100.0
2019-03-27 13:08:00,0.545,0.545,0.545,0.545,400.0
2019-03-27 13:12:00,0.5562,0.5562,0.5562,0.5562,100.0
2019-03-27 13:16:00,0.5561,0.5561,0.5561,0.5561,355.0
2019-03-27 13:18:00,0.5561,0.5562,0.5561,0.5562,5800.0
2019-03-27 13:20:00,0.5506,0.5562,0.55,0.55,12919.0
2019-03-27 13:29:00,0.548,0.548,0.548,0.548,3000.0
2019-03-27 13:31:00,0.5562,0.5562,0.5562,0.5562,281.0
2019-03-27 13:32:00,0.5562,0.5562,0.5562,0.5562,119.0
2019-03-27 13:39:00,0.5562,0.5562,0.5562,0.5562,300.0
2019-03-27 13:48:00,0.55,0.55,0.55,0.55,1500.0
2019-03-27 13:55:00,0.5562,0.5562,0.5562,0.5562,180.0
2019-03-27 14:00:00,0.5562,0.5562,0.5562,0.5562,100.0
2019-03-27 14:06:00,0.5451,0.5451,0.5451,0.5451,2004.0
2019-03-27 14:07:00,0.55,0.5556,0.55,0.55,14765.0
2019-03-27 14:08:00,0.55,0.55,0.55,0.55,700.0
2019-03-27 14:09:00,0.5562,0.5562,0.55,0.55,4600.0
2019-03-27 14:12:00,0.55,0.55,0.55,0.55,6646.0
2019-03-27 14:15:00,0.5562,0.5562,0.5562,0.5562,419.0
2019-03-27 14:18:00,0.5451,0.5451,0.5451,0.5451,150.0
2019-03-27 14:19:00,0.5562,0.5562,0.5562,0.5562,188.0
2019-03-27 14:21:00,0.5562,0.5562,0.5562,0.5562,100.0
2019-03-27 14:24:00,0.55,0.55,0.55,0.55,1020.0
2019-03-27 14:33:00,0.5562,0.5562,0.5562,0.5562,340.0
2019-03-27 14:39:00,0.5562,0.5562,0.5562,0.5562,100.0
2019-03-27 14:40:00,0.5562,0.5562,0.5562,0.5562,100.0
2019-03-27 14:41:00,0.5503,0.5503,0.5503,0.5503,100.0
2019-03-27 14:42:00,0.5503,0.5507,0.5503,0.5507,207.0
2019-03-27 14:50:00,0.5556,0.5599,0.5556,0.5599,200.0
2019-03-27 14:51:00,0.5562,0.5562,0.5562,0.5562,100.0
2019-03-27 14:53:00,0.55,0.5562,0.55,0.5562,10094.0
2019-03-27 14:57:00,0.5562,0.5562,0.5547,0.5547,7119.0
2019-03-27 14:58:00,0.5547,0.5547,0.5547,0.5547,435.0
2019-03-27 15:14:00,0.5468,0.5562,0.5468,0.5562,600.0
2019-03-27 15:16:00,0.55,0.5561,0.55,0.5561,1200.0
2019-03-27 15:17:00,0.5488,0.5488,0.5488,0.5488,500.0
2019-03-27 15:19:00,0.5507,0.5507,0.5507,0.5507,2000.0
2019-03-27 15:21:00,0.5498,0.5498,0.5498,0.5498,900.0
2019-03-27 15:26:00,0.5495,0.5495,0.5495,0.5495,1000.0
2019-03-27 15:29:00,0.5499,0.5499,0.5475,0.5475,4100.0
2019-03-27 15:30:00,0.5451,0.5451,0.5451,0.5451,203.0
2019-03-27 15:42:00,0.55,0.55,0.55,0.55,100.0
2019-03-27 15:44:00,0.5491,0.5491,0.545,0.545,1374.0
2019-03-27 15:45:00,0.545,0.545,0.543,0.543,10700.0
2019-03-27 15:46:00,0.54,0.5401,0.54,0.54,17776.0
2019-03-27 15:55:00,0.5409,0.55,0.5405,0.5472,5237.0
2019-03-27 15:57:00,0.5406,0.5406,0.5401,0.5401,900.0
2019-03-27 15:58:00,0.544,0.544,0.544,0.544,200.0
2019-03-27 15:59:00,0.5401,0.5401,0.54,0.54,2000.0
2019-03-27 16:00:00,0.5499,0.5499,0.5499,0.5499,701.0
2019-03-28 09:32:00,0.5499,0.5499,0.5499,0.5499,8658.0
2019-03-28 09:33:00,0.5499,0.5499,0.5499,0.5499,5085.0
2019-03-28 09:35:00,0.545,0.545,0.545,0.545,1545.0
2019-03-28 09:43:00,0.5435,0.5435,0.5435,0.5435,445.0
2019-03-28 09:46:00,0.5434,0.5434,0.5434,0.5434,17700.0
2019-03-28 09:47:00,0.5437,0.5437,0.5437,0.5437,7814.0
2019-03-28 09:50:00,0.55,0.55,0.55,0.55,300.0
2019-03-28 09:54:00,0.55,0.55,0.55,0.55,465.0
2019-03-28 10:00:00,0.5499,0.5499,0.5499,0.5499,10675.0
2019-03-28 10:01:00,0.55,0.55,0.55,0.55,2800.0
2019-03-28 10:02:00,0.5479,0.5479,0.5479,0.5479,1605.0
2019-03-28 10:03:00,0.55,0.55,0.5435,0.5435,14901.0
2019-03-28 10:08:00,0.5499,0.5499,0.5499,0.5499,500.0
2019-03-28 10:09:00,0.55,0.55,0.55,0.55,800.0
2019-03-28 10:18:00,0.55,0.55,0.55,0.55,1603.0
2019-03-28 10:23:00,0.55,0.55,0.55,0.55,200.0
2019-03-28 10:24:00,0.5469,0.5469,0.5469,0.5469,1100.0
2019-03-28 10:26:00,0.55,0.55,0.55,0.55,100.0
2019-03-28 10:27:00,0.55,0.55,0.55,0.55,10100.0
2019-03-28 10:29:00,0.55,0.55,0.5438,0.5438,10125.0
2019-03-28 10:36:00,0.5469,0.5469,0.5469,0.5469,100.0
2019-03-28 10:38:00,0.5438,0.5438,0.5438,0.5438,500.0
2019-03-28 10:46:00,0.5522,0.5522,0.5522,0.5522,522.0
2019-03-28 10:49:00,0.5522,0.5522,0.5522,0.5522,113.0
2019-03-28 10:55:00,0.5522,0.5522,0.5522,0.5522,100.0
2019-03-28 10:58:00,0.5522,0.5522,0.5522,0.5522,208.0
2019-03-28 11:01:00,0.5522,0.5522,0.5522,0.5522,200.0
2019-03-28 11:02:00,0.5482,0.55,0.5482,0.55,4063.0
2019-03-28 11:06:00,0.5522,0.5522,0.5522,0.5522,6125.0
2019-03-28 11:10:00,0.5522,0.5522,0.5511,0.5511,3226.0
2019-03-28 11:16:00,0.5522,0.5522,0.5522,0.5522,200.0
2019-03-28 11:20:00,0.5522,0.5522,0.5522,0.5522,100.0
2019-03-28 11:24:00,0.5511,0.5511,0.5511,0.5511,100.0
2019-03-28 11:26:00,0.5522,0.5522,0.5522,0.5522,1817.0
2019-03-28 11:28:00,0.55,0.55,0.55,0.55,900.0
2019-03-28 11:29:00,0.5522,0.5522,0.5522,0.5522,200.0
2019-03-28 11:34:00,0.5522,0.5522,0.5522,0.5522,100.0
2019-03-28 11:40:00,0.5522,0.5522,0.5522,0.5522,100.0
2019-03-28 11:43:00,0.5522,0.5522,0.5522,0.5522,500.0
2019-03-28 11:44:00,0.5481,0.5481,0.5481,0.5481,3309.0
2019-03-28 11:48:00,0.5522,0.5522,0.5522,0.5522,100.0
2019-03-28 11:54:00,0.5522,0.5522,0.5522,0.5522,100.0
2019-03-28 11:57:00,0.5522,0.5522,0.5522,0.5522,100.0
2019-03-28 11:58:00,0.5521,0.5521,0.5521,0.5521,400.0
2019-03-28 12:07:00,0.5554,0.5554,0.5554,0.5554,200.0
2019-03-28 12:09:00,0.5553,0.5553,0.5553,0.5553,3000.0
2019-03-28 12:13:00,0.5553,0.5553,0.5553,0.5553,6650.0
2019-03-28 12:15:00,0.5553,0.5553,0.5553,0.5553,15370.0
2019-03-28 12:23:00,0.55,0.55,0.55,0.55,540.0
2019-03-28 12:28:00,0.55,0.55,0.55,0.55,3000.0
2019-03-28 12:29:00,0.55,0.55,0.55,0.55,9940.0
2019-03-28 12:30:00,0.5501,0.5501,0.5501,0.5501,287.0
2019-03-28 12:41:00,0.5554,0.5554,0.5554,0.5554,100.0
2019-03-28 12:42:00,0.5554,0.5554,0.5554,0.5554,6934.0
2019-03-28 12:44:00,0.5554,0.5554,0.5501,0.5501,2689.0
2019-03-28 12:46:00,0.55,0.55,0.55,0.55,5871.0
2019-03-28 12:49:00,0.544,0.544,0.544,0.544,16903.0
2019-03-28 12:53:00,0.5554,0.5554,0.5554,0.5554,200.0
2019-03-28 12:55:00,0.5527,0.5527,0.545,0.545,18100.0
2019-03-28 12:59:00,0.5554,0.5554,0.5554,0.5554,1101.0
2019-03-28 13:05:00,0.5554,0.5554,0.5554,0.5554,101.0
2019-03-28 13:07:00,0.5553,0.5553,0.5553,0.5553,865.0
2019-03-28 13:11:00,0.5451,0.5451,0.545,0.545,6517.0
2019-03-28 13:23:00,0.5497,0.5497,0.5497,0.5497,600.0
2019-03-28 13:24:00,0.5441,0.5441,0.5441,0.5441,1900.0
2019-03-28 13:27:00,0.5552,0.5552,0.5552,0.5552,201.0
2019-03-28 13:35:00,0.5554,0.5554,0.5554,0.5554,100.0
2019-03-28 13:41:00,0.5554,0.5554,0.5554,0.5554,200.0
2019-03-28 13:45:00,0.5554,0.5554,0.5554,0.5554,312.0
2019-03-28 13:46:00,0.5499,0.5499,0.5499,0.5499,250.0
2019-03-28 13:47:00,0.544,0.544,0.544,0.544,2000.0
2019-03-28 13:49:00,0.5554,0.5554,0.5554,0.5554,1000.0
2019-03-28 13:50:00,0.545,0.545,0.545,0.545,2008.0
2019-03-28 13:56:00,0.545,0.545,0.545,0.545,2601.0
2019-03-28 14:00:00,0.5499,0.5499,0.5499,0.5499,8862.0
2019-03-28 14:05:00,0.545,0.545,0.545,0.545,207.0
2019-03-28 14:20:00,0.545,0.55,0.545,0.55,1234.0
2019-03-28 14:23:00,0.545,0.545,0.545,0.545,200.0
2019-03-28 14:26:00,0.5442,0.5442,0.5442,0.5442,4565.0
2019-03-28 14:27:00,0.55,0.55,0.55,0.55,1905.0
2019-03-28 14:30:00,0.545,0.545,0.545,0.545,140.0
2019-03-28 14:33:00,0.55,0.55,0.55,0.55,9886.0
2019-03-28 14:39:00,0.5554,0.5554,0.5554,0.5554,100.0
2019-03-28 14:45:00,0.5554,0.5554,0.5554,0.5554,200.0
2019-03-28 14:46:00,0.5554,0.5554,0.5554,0.5554,1000.0
2019-03-28 14:49:00,0.55,0.55,0.55,0.55,110.0
2019-03-28 14:54:00,0.557,0.557,0.557,0.557,100.0
2019-03-28 14:55:00,0.557,0.557,0.557,0.557,500.0
2019-03-28 14:59:00,0.557,0.557,0.557,0.557,230.0
2019-03-28 15:04:00,0.5441,0.5441,0.5441,0.5441,10500.0
2019-03-28 15:08:00,0.5557,0.5557,0.5557,0.5557,500.0
2019-03-28 15:11:00,0.5548,0.5548,0.5548,0.5548,1102.0
2019-03-28 15:19:00,0.55,0.55,0.55,0.55,3420.0
2019-03-28 15:27:00,0.5441,0.5441,0.5441,0.5441,10129.0
2019-03-28 15:29:00,0.5567,0.5567,0.5567,0.5567,200.0
2019-03-28 15:39:00,0.55,0.55,0.55,0.55,1000.0
2019-03-28 15:43:00,0.5567,0.5567,0.5567,0.5567,1100.0
2019-03-28 15:44:00,0.5566,0.5566,0.5566,0.5566,100.0
2019-03-28 15:45:00,0.5567,0.5567,0.5567,0.5567,200.0
2019-03-28 15:47:00,0.55,0.55,0.55,0.55,200.0
2019-03-28 15:49:00,0.55,0.55,0.55,0.55,100.0
2019-03-28 15:50:00,0.55,0.55,0.55,0.55,101.0
2019-03-28 15:54:00,0.5442,0.5442,0.5441,0.5441,5650.0
2019-03-28 15:57:00,0.55,0.55,0.55,0.55,25591.0
2019-03-29 09:32:00,0.5342,0.5342,0.5342,0.5342,12997.0
2019-03-29 09:35:00,0.536,0.536,0.536,0.536,7275.0
2019-03-29 09:38:00,0.535,0.535,0.535,0.535,16645.0
2019-03-29 09:44:00,0.5446,0.5446,0.5396,0.5396,9826.0
2019-03-29 09:54:00,0.5361,0.5361,0.5361,0.5361,4884.0
2019-03-29 09:58:00,0.5356,0.5356,0.5356,0.5356,3900.0
2019-03-29 10:02:00,0.5372,0.5372,0.5372,0.5372,15700.0
2019-03-29 10:03:00,0.53,0.53,0.53,0.53,13790.0
2019-03-29 10:07:00,0.5299,0.5299,0.5299,0.5299,13450.0
2019-03-29 10:12:00,0.5248,0.5248,0.5248,0.5248,10000.0
2019-03-29 10:15:00,0.522,0.522,0.522,0.522,7800.0
2019-03-29 10:16:00,0.522,0.522,0.522,0.522,260.0
2019-03-29 10:17:00,0.5197,0.5197,0.5197,0.5197,6276.0
2019-03-29 10:19:00,0.5244,0.5244,0.5244,0.5244,1167.0
2019-03-29 10:21:00,0.519,0.519,0.519,0.519,10870.0
2019-03-29 10:23:00,0.522,0.522,0.522,0.522,3846.0
2019-03-29 10:25:00,0.5191,0.5191,0.5191,0.5191,164.0
2019-03-29 10:27:00,0.5248,0.5248,0.5248,0.5248,6000.0
2019-03-29 10:28:00,0.5249,0.5249,0.5249,0.5249,1500.0
2019-03-29 10:29:00,0.525,0.525,0.525,0.525,2018.0
2019-03-29 10:32:00,0.515,0.515,0.515,0.515,24702.0
2019-03-29 10:33:00,0.5099,0.5099,0.5099,0.5099,8663.0
2019-03-29 10:34:00,0.5041,0.5041,0.5041,0.5041,11119.0
2019-03-29 10:36:00,0.5073,0.5073,0.5073,0.5073,26649.0
2019-03-29 10:39:00,0.5015,0.5015,0.5015,0.5015,11000.0
2019-03-29 10:40:00,0.5174,0.5174,0.5174,0.5174,745.0
2019-03-29 10:41:00,0.5,0.5,0.499,0.499,37634.0
2019-03-29 10:43:00,0.49,0.49,0.49,0.49,16099.0
2019-03-29 10:45:00,0.4999,0.4999,0.4999,0.4999,3450.0
2019-03-29 10:46:00,0.4975,0.4975,0.4975,0.4975,15795.0
2019-03-29 10:47:00,0.4999,0.4999,0.4999,0.4999,1895.0
2019-03-29 10:50:00,0.5026,0.5026,0.5026,0.5026,4029.0
2019-03-29 10:51:00,0.52,0.52,0.52,0.52,3360.0
2019-03-29 10:58:00,0.51,0.51,0.51,0.51,100.0
2019-03-29 10:59:00,0.5029,0.5029,0.5029,0.5029,1907.0
2019-03-29 11:05:00,0.51,0.51,0.51,0.51,4848.0
2019-03-29 11:06:00,0.5199,0.5199,0.5199,0.5199,4322.0
2019-03-29 11:08:00,0.52,0.52,0.52,0.52,1422.0
2019-03-29 11:09:00,0.52,0.52,0.52,0.52,366.0
2019-03-29 11:14:00,0.5192,0.5192,0.5192,0.5192,2101.0
2019-03-29 11:15:00,0.5199,0.5199,0.5199,0.5199,4515.0
2019-03-29 11:20:00,0.52,0.52,0.52,0.52,2100.0
2019-03-29 11:21:00,0.5196,0.5196,0.5196,0.5196,1200.0
2019-03-29 11:23:00,0.52,0.52,0.52,0.52,900.0
2019-03-29 11:24:00,0.52,0.52,0.52,0.52,200.0
2019-03-29 11:27:00,0.52,0.52,0.52,0.52,2950.0
2019-03-29 11:28:00,0.5196,0.5196,0.5196,0.5196,500.0
2019-03-29 11:29:00,0.52,0.52,0.52,0.52,1077.0
2019-03-29 11:34:00,0.5196,0.52,0.5196,0.52,25100.0
2019-03-29 11:35:00,0.5196,0.5196,0.5196,0.5196,2700.0
2019-03-29 11:36:00,0.5196,0.5196,0.5196,0.5196,5000.0
2019-03-29 11:37:00,0.52,0.52,0.52,0.52,600.0
2019-03-29 11:39:00,0.5196,0.5196,0.5196,0.5196,300.0
2019-03-29 11:40:00,0.5196,0.5196,0.5196,0.5196,400.0
2019-03-29 11:42:00,0.5198,0.52,0.5198,0.52,600.0
2019-03-29 11:45:00,0.5222,0.5242,0.5222,0.5242,7000.0
2019-03-29 11:48:00,0.5264,0.5264,0.5264,0.5264,4700.0
2019-03-29 11:51:00,0.5274,0.5274,0.5274,0.5274,1230.0
2019-03-29 11:52:00,0.5285,0.5285,0.5285,0.5285,730.0
2019-03-29 11:54:00,0.5285,0.5285,0.5285,0.5285,16883.0
2019-03-29 11:56:00,0.5284,0.5284,0.52,0.52,5804.0
2019-03-29 11:58:00,0.5285,0.5285,0.5285,0.5285,7397.0
2019-03-29 12:00:00,0.5217,0.5217,0.5217,0.5217,411.0
2019-03-29 12:02:00,0.5248,0.5248,0.5248,0.5248,200.0
2019-03-29 12:05:00,0.503,0.503,0.503,0.503,13100.0
2019-03-29 12:08:00,0.502,0.502,0.502,0.502,25100.0
2019-03-29 12:10:00,0.5198,0.5198,0.5198,0.5198,200.0
2019-03-29 12:15:00,0.5199,0.5199,0.5199,0.5199,100.0
2019-03-29 12:18:00,0.5151,0.5151,0.5151,0.5151,2501.0
2019-03-29 12:25:00,0.52,0.52,0.52,0.52,965.0
2019-03-29 12:31:00,0.5187,0.5187,0.5187,0.5187,701.0
2019-03-29 12:37:00,0.52,0.52,0.52,0.52,348.0
2019-03-29 12:44:00,0.52,0.52,0.52,0.52,100.0
2019-03-29 12:46:00,0.5174,0.52,0.5174,0.52,14120.0
2019-03-29 12:48:00,0.52,0.52,0.52,0.52,5000.0
2019-03-29 12:52:00,0.5249,0.5249,0.5249,0.5249,500.0
2019-03-29 12:54:00,0.5249,0.5249,0.5249,0.5249,200.0
2019-03-29 12:55:00,0.5242,0.5242,0.5242,0.5242,1120.0
2019-03-29 12:59:00,0.5225,0.53,0.5225,0.53,32262.0
2019-03-29 13:00:00,0.5319,0.5319,0.5319,0.5319,14309.0
2019-03-29 13:01:00,0.531,0.531,0.531,0.531,188.0
2019-03-29 13:05:00,0.5309,0.5311,0.5309,0.5311,13200.0
2019-03-29 13:07:00,0.5356,0.5356,0.5356,0.5356,300.0
2019-03-29 13:16:00,0.53,0.53,0.53,0.53,1801.0
2019-03-29 13:17:00,0.5352,0.5352,0.5352,0.5352,3000.0
2019-03-29 13:23:00,0.5354,0.5354,0.5354,0.5354,145.0
2019-03-29 13:26:00,0.53,0.53,0.53,0.53,1001.0
2019-03-29 13:28:00,0.5356,0.5356,0.5356,0.5356,100.0
2019-03-29 13:31:00,0.5355,0.5355,0.5355,0.5355,190.0
2019-03-29 13:34:00,0.5355,0.5355,0.5355,0.5355,535.0
2019-03-29 13:58:00,0.5355,0.5356,0.5355,0.5356,5000.0
2019-03-29 13:59:00,0.5356,0.5356,0.5356,0.5356,1320.0
2019-03-29 14:00:00,0.5353,0.5353,0.5353,0.5353,6080.0
2019-03-29 14:01:00,0.5353,0.5353,0.5353,0.5353,700.0
2019-03-29 14:02:00,0.5353,0.5353,0.5353,0.5353,300.0
2019-03-29 14:05:00,0.5356,0.5356,0.5356,0.5356,500.0
2019-03-29 14:06:00,0.5356,0.5356,0.5356,0.5356,1300.0
2019-03-29 14:12:00,0.5356,0.5356,0.5356,0.5356,300.0
2019-03-29 14:16:00,0.5356,0.5356,0.5356,0.5356,200.0
2019-03-29 14:20:00,0.5353,0.5353,0.5353,0.5353,1000.0
2019-03-29 14:26:00,0.5353,0.5353,0.5353,0.5353,610.0
2019-03-29 14:28:00,0.5356,0.5356,0.5356,0.5356,1400.0
2019-03-29 14:36:00,0.5356,0.5356,0.5356,0.5356,200.0
2019-03-29 14:42:00,0.5356,0.5356,0.5356,0.5356,300.0
2019-03-29 14:45:00,0.5356,0.5356,0.5356,0.5356,600.0
2019-03-29 14:50:00,0.5356,0.5356,0.5356,0.5356,200.0
2019-03-29 14:52:00,0.5356,0.5356,0.5356,0.5356,4111.0
2019-03-29 14:53:00,0.5355,0.5355,0.5355,0.5355,5088.0
2019-03-29 14:56:00,0.5356,0.54,0.5356,0.54,29000.0
2019-03-29 14:58:00,0.55,0.5501,0.55,0.5501,32654.0
2019-03-29 14:59:00,0.5582,0.5582,0.5573,0.5573,29500.0
2019-03-29 15:00:00,0.5581,0.5581,0.55,0.55,22300.0
2019-03-29 15:01:00,0.55,0.55,0.55,0.55,1200.0
2019-03-29 15:04:00,0.55,0.55,0.55,0.55,10000.0
2019-03-29 15:05:00,0.55,0.55,0.55,0.55,801.0
2019-03-29 15:06:00,0.5475,0.5498,0.5475,0.5498,16300.0
2019-03-29 15:07:00,0.5489,0.5489,0.5489,0.5489,1800.0
2019-03-29 15:08:00,0.5489,0.5489,0.5489,0.5489,1200.0
2019-03-29 15:10:00,0.5489,0.5489,0.5489,0.5489,1030.0
2019-03-29 15:11:00,0.5489,0.5489,0.5489,0.5489,600.0
2019-03-29 15:12:00,0.5498,0.5498,0.5498,0.5498,1140.0
2019-03-29 15:16:00,0.5495,0.5495,0.5495,0.5495,400.0
2019-03-29 15:18:00,0.55,0.55,0.55,0.55,1500.0
2019-03-29 15:20:00,0.55,0.55,0.55,0.55,2213.0
2019-03-29 15:22:00,0.5498,0.5498,0.5496,0.5496,3700.0
2019-03-29 15:23:00,0.5495,0.5495,0.5495,0.5495,3400.0
2019-03-29 15:24:00,0.55,0.55,0.55,0.55,2300.0
2019-03-29 15:25:00,0.5581,0.5581,0.5581,0.5581,35300.0
2019-03-29 15:28:00,0.5581,0.5581,0.5581,0.5581,15301.0
2019-03-29 15:34:00,0.5581,0.5581,0.5569,0.5569,12302.0
2019-03-29 15:40:00,0.5581,0.5581,0.5581,0.5581,130.0
2019-03-29 15:44:00,0.5546,0.5546,0.5546,0.5546,146.0
2019-03-29 15:51:00,0.5581,0.5581,0.5581,0.5581,19100.0
2019-03-29 15:53:00,0.5546,0.5581,0.5546,0.5581,6000.0
2019-03-29 15:55:00,0.5502,0.5502,0.5502,0.5502,550.0
2019-03-29 15:57:00,0.5581,0.5581,0.5581,0.5581,500.0
2019-03-29 15:59:00,0.5581,0.5581,0.5581,0.5581,641.0
2019-03-29 16:00:00,0.5581,0.5581,0.5581,0.5581,2727.0
2019-04-01 09:31:00,0.5701,0.5701,0.5701,0.5701,10165.0
2019-04-01 09:33:00,0.5701,0.5701,0.57,0.57,11058.0
2019-04-01 09:34:00,0.58,0.58,0.58,0.58,7146.0
2019-04-01 09:36:00,0.5784,0.5784,0.5784,0.5784,2096.0
2019-04-01 09:37:00,0.5784,0.5784,0.5784,0.5784,691.0
2019-04-01 09:39:00,0.58,0.58,0.58,0.58,1599.0
2019-04-01 09:41:00,0.5798,0.5798,0.5798,0.5798,4374.0
2019-04-01 09:42:00,0.5785,0.5785,0.5785,0.5785,1404.0
2019-04-01 09:44:00,0.598,0.598,0.598,0.598,2937.0
2019-04-01 09:50:00,0.5821,0.5821,0.5821,0.5821,840.0
2019-04-01 09:52:00,0.594,0.594,0.594,0.594,1630.0
2019-04-01 09:53:00,0.594,0.594,0.594,0.594,1700.0
2019-04-01 09:55:00,0.5882,0.5882,0.5882,0.5882,5882.0
2019-04-01 09:56:00,0.587,0.587,0.587,0.587,9411.0
2019-04-01 09:58:00,0.5763,0.5763,0.5763,0.5763,5000.0
2019-04-01 09:59:00,0.5718,0.5718,0.5718,0.5718,8663.0
2019-04-01 10:05:00,0.588,0.588,0.588,0.588,100.0
2019-04-01 10:10:00,0.5801,0.5801,0.5801,0.5801,425.0
2019-04-01 10:11:00,0.5801,0.5801,0.5801,0.5801,2108.0
2019-04-01 10:19:00,0.588,0.588,0.588,0.588,100.0
2019-04-01 10:21:00,0.572,0.572,0.572,0.572,148.0
2019-04-01 10:23:00,0.572,0.572,0.572,0.572,112.0
2019-04-01 10:25:00,0.588,0.588,0.588,0.588,200.0
2019-04-01 10:29:00,0.588,0.588,0.588,0.588,104.0
2019-04-01 10:39:00,0.5801,0.5801,0.5801,0.5801,102.0
2019-04-01 10:43:00,0.587,0.587,0.587,0.587,53050.0
2019-04-01 10:45:00,0.58,0.58,0.58,0.58,2301.0
2019-04-01 10:52:00,0.5846,0.5846,0.5846,0.5846,2340.0
2019-04-01 10:55:00,0.585,0.585,0.585,0.585,200.0
2019-04-01 11:02:00,0.585,0.585,0.585,0.585,100.0
2019-04-01 11:05:00,0.585,0.585,0.585,0.585,100.0
2019-04-01 11:06:00,0.585,0.585,0.585,0.585,910.0
2019-04-01 11:07:00,0.585,0.585,0.585,0.585,948.0
2019-04-01 11:13:00,0.5867,0.5867,0.5867,0.5867,2830.0
2019-04-01 11:14:00,0.5883,0.5883,0.5883,0.5883,1605.0
2019-04-01 11:19:00,0.6,0.6,0.6,0.6,12767.0
2019-04-01 11:21:00,0.6,0.6,0.6,0.6,100.0
2019-04-01 11:24:00,0.599,0.599,0.599,0.599,17427.0
2019-04-01 11:27:00,0.593,0.593,0.593,0.593,1379.0
2019-04-01 11:29:00,0.6001,0.6001,0.6001,0.6001,15541.0
2019-04-01 11:30:00,0.6015,0.6015,0.6015,0.6015,3504.0
2019-04-01 11:32:00,0.61,0.61,0.61,0.61,5940.0
2019-04-01 11:33:00,0.6099,0.6099,0.6099,0.6099,3900.0
2019-04-01 11:34:00,0.61,0.61,0.61,0.61,11158.0
2019-04-01 11:35:00,0.61,0.61,0.61,0.61,4020.0
2019-04-01 11:37:00,0.6095,0.6095,0.6095,0.6095,5530.0
2019-04-01 11:39:00,0.6099,0.6099,0.6071,0.6071,11276.0
2019-04-01 11:40:00,0.62,0.62,0.62,0.62,9947.0
2019-04-01 11:42:00,0.62,0.62,0.62,0.62,10900.0
2019-04-01 11:43:00,0.6154,0.6154,0.6154,0.6154,204.0
2019-04-01 11:45:00,0.6199,0.6199,0.6199,0.6199,1600.0
2019-04-01 11:47:00,0.6101,0.6101,0.6101,0.6101,199.0
2019-04-01 11:50:00,0.609,0.609,0.609,0.609,1200.0
2019-04-01 11:51:00,0.609,0.609,0.609,0.609,150.0
2019-04-01 11:56:00,0.6089,0.6089,0.6089,0.6089,3603.0
2019-04-01 11:57:00,0.6125,0.6125,0.6125,0.6125,4813.0
2019-04-01 11:58:00,0.6188,0.6188,0.6188,0.6188,278.0
2019-04-01 12:09:00,0.6195,0.6195,0.602,0.602,2400.0
2019-04-01 12:13:00,0.62,0.62,0.62,0.62,4057.0
2019-04-01 12:16:00,0.6195,0.6195,0.6195,0.6195,293.0
2019-04-01 12:20:00,0.6195,0.6195,0.6195,0.6195,100.0
2019-04-01 12:25:00,0.6123,0.6123,0.6123,0.6123,250.0
2019-04-01 12:28:00,0.6195,0.6195,0.6195,0.6195,1400.0
2019-04-01 12:29:00,0.6195,0.6195,0.6195,0.6195,200.0
2019-04-01 12:36:00,0.62,0.62,0.62,0.62,9305.0
2019-04-01 12:47:00,0.62,0.62,0.62,0.62,200.0
2019-04-01 12:49:00,0.619,0.619,0.619,0.619,900.0
2019-04-01 12:50:00,0.62,0.62,0.62,0.62,11700.0
2019-04-01 12:51:00,0.63,0.63,0.63,0.63,13900.0
2019-04-01 12:52:00,0.63,0.63,0.63,0.63,604.0
2019-04-01 12:56:00,0.63,0.63,0.63,0.63,3500.0
2019-04-01 12:59:00,0.6299,0.6299,0.6299,0.6299,100.0
2019-04-01 13:01:00,0.63,0.63,0.63,0.63,100.0
2019-04-01 13:02:00,0.63,0.63,0.63,0.63,300.0
2019-04-01 13:05:00,0.6295,0.6295,0.6295,0.6295,102.0
2019-04-01 13:06:00,0.6216,0.6216,0.6216,0.6216,6150.0
2019-04-01 13:08:00,0.63,0.63,0.63,0.63,200.0
2019-04-01 13:09:00,0.6287,0.6287,0.6287,0.6287,2000.0
2019-04-01 13:10:00,0.63,0.63,0.63,0.63,3027.0
2019-04-01 13:13:00,0.6299,0.6299,0.6299,0.6299,1500.0
2019-04-01 13:18:00,0.6201,0.6201,0.6201,0.6201,7000.0
2019-04-01 13:20:00,0.63,0.63,0.63,0.63,220.0
2019-04-01 13:23:00,0.6299,0.6299,0.6299,0.6299,4650.0
2019-04-01 13:24:00,0.63,0.63,0.63,0.63,200.0
2019-04-01 13:27:00,0.6351,0.6351,0.6351,0.6351,15126.0
2019-04-01 13:29:00,0.6401,0.6401,0.6401,0.6401,330.0
2019-04-01 13:31:00,0.6426,0.6426,0.6426,0.6426,3855.0
2019-04-01 13:34:00,0.65,0.65,0.65,0.65,1256.0
2019-04-01 13:35:00,0.65,0.65,0.65,0.65,1150.0
2019-04-01 13:37:00,0.65,0.65,0.65,0.65,600.0
2019-04-01 13:43:00,0.65,0.65,0.65,0.65,400.0
2019-04-01 13:47:00,0.65,0.65,0.65,0.65,350.0
2019-04-01 13:50:00,0.65,0.65,0.65,0.65,100.0
2019-04-01 13:52:00,0.6419,0.6419,0.6419,0.6419,100.0
2019-04-01 13:54:00,0.65,0.65,0.65,0.65,1000.0
2019-04-01 13:55:00,0.65,0.65,0.65,0.65,200.0
2019-04-01 14:00:00,0.65,0.65,0.65,0.65,100.0
2019-04-01 14:03:00,0.6425,0.6425,0.6425,0.6425,200.0
2019-04-01 14:05:00,0.65,0.65,0.65,0.65,1095.0
2019-04-01 14:09:00,0.643,0.643,0.643,0.643,300.0
2019-04-01 14:12:00,0.65,0.65,0.65,0.65,11011.0
2019-04-01 14:13:00,0.6437,0.6437,0.6437,0.6437,5100.0
2019-04-01 14:15:00,0.6499,0.6499,0.6499,0.6499,5509.0
2019-04-01 14:26:00,0.65,0.65,0.65,0.65,899.0
2019-04-01 14:30:00,0.65,0.65,0.65,0.65,4813.0
2019-04-01 14:33:00,0.6486,0.6486,0.6486,0.6486,3100.0
2019-04-01 14:37:00,0.6456,0.6456,0.6456,0.6456,5000.0
2019-04-01 14:38:00,0.6457,0.6457,0.6457,0.6457,300.0
2019-04-01 14:39:00,0.6463,0.6463,0.6463,0.6463,14625.0
2019-04-01 14:40:00,0.6303,0.6303,0.6303,0.6303,10948.0
2019-04-01 14:46:00,0.6308,0.6308,0.6308,0.6308,1830.0
2019-04-01 14:47:00,0.6342,0.6342,0.6342,0.6342,1200.0
2019-04-01 14:52:00,0.64,0.64,0.64,0.64,1000.0
2019-04-01 14:55:00,0.6407,0.6407,0.6407,0.6407,7273.0
2019-04-01 14:57:00,0.6486,0.6486,0.6486,0.6486,5101.0
2019-04-01 15:03:00,0.6485,0.6485,0.6485,0.6485,472.0
2019-04-01 15:05:00,0.6486,0.6486,0.6486,0.6486,236.0
2019-04-01 15:13:00,0.6485,0.6485,0.6485,0.6485,100.0
2019-04-01 15:16:00,0.6485,0.6485,0.6485,0.6485,3704.0
2019-04-01 15:17:00,0.65,0.65,0.65,0.65,20526.0
2019-04-01 15:19:00,0.657,0.657,0.657,0.657,10286.0
2019-04-01 15:21:00,0.6567,0.6567,0.6567,0.6567,2800.0
2019-04-01 15:22:00,0.66,0.66,0.66,0.66,2050.0
2019-04-01 15:23:00,0.6599,0.6599,0.6599,0.6599,930.0
2019-04-01 15:30:00,0.6504,0.6504,0.6504,0.6504,1600.0
2019-04-01 15:31:00,0.6535,0.6535,0.6535,0.6535,2496.0
2019-04-01 15:35:00,0.6589,0.6589,0.6589,0.6589,170.0
2019-04-01 15:38:00,0.6588,0.6588,0.6588,0.6588,11996.0
2019-04-01 15:41:00,0.66,0.66,0.66,0.66,1000.0
2019-04-01 15:42:00,0.6595,0.6595,0.6595,0.6595,2937.0
2019-04-01 15:45:00,0.6595,0.6595,0.6595,0.6595,5267.0
2019-04-01 15:48:00,0.6594,0.6597,0.6594,0.6597,1818.0
2019-04-01 15:51:00,0.6589,0.6589,0.6589,0.6589,200.0
2019-04-01 15:54:00,0.6599,0.6599,0.6599,0.6599,3669.0
2019-04-01 15:55:00,0.6578,0.6578,0.6578,0.6578,7900.0
2019-04-01 15:57:00,0.6535,0.6535,0.6535,0.6535,500.0
2019-04-01 16:00:00,0.6539,0.6539,0.6539,0.6539,2165.0
2019-04-02 09:31:00,0.7,0.7,0.6776,0.6776,42185.0
2019-04-02 09:33:00,0.6966,0.6966,0.6966,0.6966,10199.0
2019-04-02 09:35:00,0.69,0.69,0.69,0.69,3106.0
2019-04-02 09:36:00,0.6901,0.6901,0.6901,0.6901,17596.0
2019-04-02 09:37:00,0.6949,0.6949,0.6949,0.6949,20275.0
2019-04-02 09:38:00,0.7,0.7,0.7,0.7,18230.0
2019-04-02 09:39:00,0.72,0.72,0.72,0.72,22751.0
2019-04-02 09:40:00,0.7144,0.7144,0.7144,0.7144,7830.0
2019-04-02 09:41:00,0.721,0.721,0.721,0.721,24013.0
2019-04-02 09:42:00,0.72,0.72,0.72,0.72,7740.0
2019-04-02 09:44:00,0.7202,0.7202,0.6963,0.6963,18822.0
2019-04-02 09:47:00,0.71,0.71,0.71,0.71,8490.0
2019-04-02 09:48:00,0.715,0.715,0.715,0.715,5130.0
2019-04-02 09:49:00,0.715,0.715,0.715,0.715,38297.0
2019-04-02 09:51:00,0.7002,0.7002,0.7002,0.7002,665.0
2019-04-02 09:52:00,0.7,0.7,0.7,0.7,5102.0
2019-04-02 09:54:00,0.68,0.68,0.68,0.68,1700.0
2019-04-02 09:55:00,0.7,0.7,0.7,0.7,6300.0
2019-04-02 09:58:00,0.6957,0.6957,0.6957,0.6957,436.0
2019-04-02 10:01:00,0.7,0.7,0.7,0.7,360.0
2019-04-02 10:02:00,0.7,0.7,0.7,0.7,800.0
2019-04-02 10:05:00,0.7,0.7,0.7,0.7,300.0
2019-04-02 10:08:00,0.7,0.7,0.7,0.7,100.0
2019-04-02 10:13:00,0.7,0.7,0.7,0.7,3400.0
2019-04-02 10:19:00,0.6999,0.6999,0.6999,0.6999,8570.0
2019-04-02 10:22:00,0.6999,0.6999,0.6999,0.6999,700.0
2019-04-02 10:27:00,0.6963,0.6963,0.6963,0.6963,10492.0
2019-04-02 10:42:00,0.6987,0.6987,0.6987,0.6987,1295.0
2019-04-02 10:48:00,0.6979,0.6979,0.6933,0.6933,3936.0
2019-04-02 10:57:00,0.6933,0.695,0.6933,0.695,2775.0
2019-04-02 11:01:00,0.6959,0.6959,0.6953,0.6953,5508.0
2019-04-02 11:02:00,0.71,0.71,0.71,0.71,101.0
2019-04-02 11:05:00,0.7009,0.7009,0.7009,0.7009,1100.0
2019-04-02 11:16:00,0.7048,0.7048,0.7048,0.7048,800.0
2019-04-02 11:22:00,0.7023,0.7023,0.7023,0.7023,4018.0
2019-04-02 11:25:00,0.7098,0.7098,0.7098,0.7098,1250.0
2019-04-02 11:26:00,0.7006,0.7006,0.7006,0.7006,1785.0
2019-04-02 11:27:00,0.7043,0.7043,0.7043,0.7043,1500.0
2019-04-02 11:31:00,0.7094,0.7094,0.7094,0.7094,417.0
2019-04-02 11:40:00,0.7012,0.7012,0.7012,0.7012,3501.0
2019-04-02 11:44:00,0.7094,0.7094,0.7094,0.7094,2200.0
2019-04-02 11:49:00,0.7093,0.7093,0.7093,0.7093,1000.0
2019-04-02 11:52:00,0.7093,0.7093,0.7093,0.7093,2115.0
2019-04-02 11:58:00,0.7092,0.7092,0.7092,0.7092,204.0
2019-04-02 11:59:00,0.7032,0.7032,0.7032,0.7032,5100.0
2019-04-02 12:06:00,0.7017,0.7017,0.7017,0.7017,1000.0
2019-04-02 12:13:00,0.7081,0.7081,0.7081,0.7081,1005.0
2019-04-02 12:17:00,0.702,0.702,0.702,0.702,600.0
2019-04-02 12:20:00,0.7099,0.7099,0.7099,0.7099,1195.0
2019-04-02 12:26:00,0.7099,0.7099,0.7099,0.7099,105.0
2019-04-02 12:46:00,0.7082,0.72,0.7,0.72,44290.0
2019-04-02 12:47:00,0.72,0.72,0.72,0.72,606.0
2019-04-02 12:51:00,0.72,0.72,0.7102,0.7102,2898.0
2019-04-02 12:55:00,0.7004,0.72,0.7004,0.72,2913.0
2019-04-02 12:58:00,0.7099,0.7099,0.7099,0.7099,584.0
2019-04-02 12:59:00,0.7099,0.7099,0.7099,0.7099,2099.0
2019-04-02 13:06:00,0.71,0.71,0.71,0.71,800.0
2019-04-02 13:09:00,0.72,0.72,0.72,0.72,400.0
2019-04-02 13:10:00,0.7199,0.72,0.7199,0.72,6891.0
2019-04-02 13:12:00,0.72,0.72,0.72,0.72,200.0
2019-04-02 13:15:00,0.72,0.72,0.72,0.72,7450.0
2019-04-02 13:17:00,0.72,0.72,0.72,0.72,185.0
2019-04-02 13:18:00,0.7199,0.72,0.7199,0.72,7000.0
2019-04-02 13:19:00,0.7199,0.7199,0.7199,0.7199,1202.0
2019-04-02 13:20:00,0.72,0.73,0.72,0.73,26317.0
2019-04-02 13:21:00,0.74,0.74,0.74,0.74,23344.0
2019-04-02 13:22:00,0.74,0.74,0.74,0.74,3808.0
2019-04-02 13:24:00,0.7205,0.7205,0.7205,0.7205,840.0
2019-04-02 13:27:00,0.7206,0.7206,0.7206,0.7206,6500.0
2019-04-02 13:28:00,0.7216,0.7378,0.7216,0.7378,9000.0
2019-04-02 13:34:00,0.74,0.74,0.74,0.74,200.0
2019-04-02 13:36:00,0.7219,0.7219,0.7219,0.7219,535.0
2019-04-02 13:42:00,0.74,0.74,0.74,0.74,115.0
2019-04-02 13:46:00,0.7401,0.7401,0.7401,0.7401,21525.0
2019-04-02 13:47:00,0.7431,0.7431,0.7431,0.7431,5036.0
2019-04-02 13:52:00,0.7487,0.75,0.7404,0.7404,26000.0
2019-04-02 13:54:00,0.7405,0.7421,0.7405,0.7421,6400.0
2019-04-02 14:00:00,0.7407,0.7407,0.7407,0.7407,2950.0
2019-04-02 14:01:00,0.7399,0.7399,0.7399,0.7399,350.0
2019-04-02 14:05:00,0.7399,0.7399,0.7399,0.7399,201.0
2019-04-02 14:09:00,0.7363,0.7363,0.7363,0.7363,2200.0
2019-04-02 14:12:00,0.74,0.74,0.74,0.74,100.0
2019-04-02 14:16:00,0.739,0.739,0.739,0.739,3235.0
2019-04-02 14:21:00,0.74,0.74,0.74,0.74,1502.0
2019-04-02 14:22:00,0.74,0.74,0.74,0.74,132.0
2019-04-02 14:24:00,0.74,0.74,0.7398,0.7398,9100.0
2019-04-02 14:28:00,0.7316,0.7316,0.7316,0.7316,436.0
2019-04-02 14:30:00,0.7349,0.7349,0.7349,0.7349,202.0
2019-04-02 14:31:00,0.7339,0.7339,0.7339,0.7339,2300.0
2019-04-02 14:32:00,0.734,0.734,0.734,0.734,6050.0
2019-04-02 14:33:00,0.734,0.734,0.734,0.734,1300.0
2019-04-02 14:34:00,0.734,0.734,0.734,0.734,1205.0
2019-04-02 14:35:00,0.734,0.734,0.734,0.734,350.0
2019-04-02 14:39:00,0.7398,0.7398,0.7398,0.7398,1351.0
2019-04-02 14:40:00,0.7398,0.7398,0.7398,0.7398,100.0
2019-04-02 14:41:00,0.733,0.733,0.733,0.733,520.0
2019-04-02 14:43:00,0.7399,0.7399,0.7399,0.7399,1000.0
2019-04-02 14:44:00,0.7399,0.7399,0.7399,0.7399,200.0
2019-04-02 14:46:00,0.7207,0.7207,0.7207,0.7207,3100.0
2019-04-02 14:47:00,0.7398,0.7398,0.7398,0.7398,200.0
2019-04-02 14:50:00,0.73,0.73,0.73,0.73,1353.0
2019-04-02 14:54:00,0.7299,0.7299,0.7299,0.7299,800.0
2019-04-02 14:58:00,0.7298,0.7298,0.7298,0.7298,1200.0
2019-04-02 15:00:00,0.7298,0.7298,0.7298,0.7298,4300.0
2019-04-02 15:02:00,0.7298,0.7298,0.7298,0.7298,805.0
2019-04-02 15:07:00,0.7298,0.7298,0.7298,0.7298,1798.0
2019-04-02 15:09:00,0.7299,0.7299,0.7299,0.7299,800.0
2019-04-02 15:11:00,0.7298,0.7298,0.7298,0.7298,800.0
2019-04-02 15:15:00,0.7293,0.7293,0.7293,0.7293,1780.0
2019-04-02 15:16:00,0.7298,0.7298,0.7298,0.7298,4642.0
2019-04-02 15:17:00,0.7297,0.7297,0.7297,0.7297,464.0
2019-04-02 15:20:00,0.7298,0.7298,0.7298,0.7298,508.0
2019-04-02 15:22:00,0.7397,0.7397,0.7397,0.7397,11339.0
2019-04-02 15:25:00,0.7398,0.7398,0.7398,0.7398,500.0
2019-04-02 15:27:00,0.7398,0.7398,0.7398,0.7398,305.0
2019-04-02 15:29:00,0.7398,0.7398,0.7398,0.7398,400.0
2019-04-02 15:31:00,0.7398,0.7398,0.7398,0.7398,400.0
2019-04-02 15:32:00,0.7397,0.7397,0.7397,0.7397,1100.0
2019-04-02 15:33:00,0.7396,0.7396,0.7396,0.7396,400.0
2019-04-02 15:36:00,0.7373,0.7373,0.7373,0.7373,2000.0
2019-04-02 15:37:00,0.7373,0.7373,0.7373,0.7373,1800.0
2019-04-02 15:38:00,0.7373,0.7373,0.7373,0.7373,1800.0
2019-04-02 15:40:00,0.7373,0.7373,0.7373,0.7373,2085.0
2019-04-02 15:42:00,0.7374,0.7374,0.7374,0.7374,1905.0
2019-04-02 15:43:00,0.7349,0.7349,0.7349,0.7349,2562.0
2019-04-02 15:45:00,0.7349,0.7349,0.7349,0.7349,1900.0
2019-04-02 15:46:00,0.7349,0.7349,0.7349,0.7349,900.0
2019-04-02 15:48:00,0.7349,0.7349,0.7349,0.7349,893.0
2019-04-02 15:49:00,0.7333,0.7333,0.7333,0.7333,2333.0
2019-04-02 15:50:00,0.735,0.735,0.735,0.735,2265.0
2019-04-02 15:51:00,0.7397,0.7397,0.7397,0.7397,3682.0
2019-04-02 15:52:00,0.7394,0.7394,0.7394,0.7394,8126.0
2019-04-02 15:54:00,0.7371,0.7371,0.73,0.7321,13948.0
2019-04-02 15:55:00,0.7361,0.7361,0.7361,0.7361,9350.0
2019-04-02 15:56:00,0.7396,0.7396,0.7396,0.7396,1500.0
2019-04-02 15:57:00,0.7373,0.7373,0.7373,0.7373,3500.0
2019-04-02 15:59:00,0.7398,0.7398,0.7398,0.7398,1300.0
2019-04-03 09:32:00,0.6754,0.6754,0.6754,0.6754,61800.0
2019-04-03 09:34:00,0.6899,0.75,0.6899,0.75,10172.0
2019-04-03 09:35:00,0.744,0.7513,0.744,0.7499,21273.0
2019-04-03 09:36:00,0.7562,0.7562,0.7562,0.7562,5142.0
2019-04-03 09:38:00,0.7508,0.7508,0.7508,0.7508,6325.0
2019-04-03 09:40:00,0.7595,0.7595,0.7595,0.7595,501.0
2019-04-03 09:41:00,0.7496,0.7496,0.7479,0.7479,17403.0
2019-04-03 09:42:00,0.69,0.69,0.69,0.69,394.0
2019-04-03 09:45:00,0.72,0.72,0.72,0.72,600.0
2019-04-03 09:47:00,0.721,0.721,0.721,0.721,3285.0
2019-04-03 09:51:00,0.7441,0.7477,0.7276,0.7477,16071.0
2019-04-03 09:52:00,0.747,0.747,0.747,0.747,5400.0
2019-04-03 09:53:00,0.75,0.75,0.7499,0.75,20607.0
2019-04-03 09:54:00,0.7569,0.7569,0.7499,0.7499,8553.0
2019-04-03 09:55:00,0.7499,0.7499,0.7499,0.7499,1500.0
2019-04-03 09:56:00,0.7498,0.7498,0.7494,0.7494,5775.0
2019-04-03 09:59:00,0.7494,0.7494,0.7494,0.7494,1541.0
2019-04-03 10:02:00,0.7494,0.7494,0.7494,0.7494,1851.0
2019-04-03 10:03:00,0.7494,0.7494,0.7494,0.7494,1094.0
2019-04-03 10:04:00,0.7493,0.7493,0.7493,0.7493,370.0
2019-04-03 10:06:00,0.7494,0.7494,0.7494,0.7494,100.0
2019-04-03 10:07:00,0.7507,0.7507,0.7507,0.7507,11926.0
2019-04-03 10:08:00,0.7724,0.7724,0.77,0.77,8393.0
2019-04-03 10:10:00,0.7899,0.81,0.7899,0.81,78695.0
2019-04-03 10:11:00,0.805,0.805,0.805,0.805,10576.0
2019-04-03 10:12:00,0.8123,0.8123,0.8123,0.8123,801.0
2019-04-03 10:14:00,0.804,0.804,0.804,0.804,3795.0
2019-04-03 10:15:00,0.805,0.805,0.8,0.8,18489.0
2019-04-03 10:17:00,0.7805,0.7805,0.7805,0.7805,7872.0
2019-04-03 10:20:00,0.766,0.766,0.766,0.766,3550.0
2019-04-03 10:21:00,0.77,0.77,0.77,0.77,4299.0
2019-04-03 10:22:00,0.7671,0.7671,0.7671,0.7671,3350.0
2019-04-03 10:24:00,0.773,0.773,0.773,0.773,9200.0
2019-04-03 10:25:00,0.7749,0.7749,0.7748,0.7748,651.0
2019-04-03 10:29:00,0.77,0.77,0.77,0.77,699.0
2019-04-03 10:30:00,0.7748,0.7748,0.7748,0.7748,200.0
2019-04-03 10:34:00,0.77,0.77,0.77,0.77,133.0
2019-04-03 10:37:00,0.7698,0.7698,0.7698,0.7698,976.0
2019-04-03 10:40:00,0.7685,0.7685,0.7685,0.7685,350.0
2019-04-03 10:45:00,0.775,0.775,0.775,0.775,1100.0
2019-04-03 10:46:00,0.7725,0.7725,0.7725,0.7725,3200.0
2019-04-03 10:47:00,0.7701,0.7701,0.7701,0.7701,1145.0
2019-04-03 10:56:00,0.7724,0.7724,0.7724,0.7724,2952.0
2019-04-03 11:02:00,0.8125,0.8125,0.8125,0.8125,6900.0
2019-04-03 11:03:00,0.78,0.78,0.78,0.78,1000.0
2019-04-03 11:06:00,0.7899,0.7899,0.7899,0.7899,100.0
2019-04-03 11:09:00,0.794,0.794,0.794,0.794,4457.0
2019-04-03 11:14:00,0.7998,0.7998,0.794,0.794,5063.0
2019-04-03 11:21:00,0.7999,0.7999,0.7999,0.7999,632.0
2019-04-03 11:22:00,0.8078,0.8078,0.7998,0.7998,12687.0
2019-04-03 11:23:00,0.7801,0.7801,0.7801,0.7801,8316.0
2019-04-03 11:29:00,0.7869,0.7869,0.7869,0.7869,159.0
2019-04-03 11:34:00,0.7699,0.7699,0.7699,0.7699,3090.0
2019-04-03 11:36:00,0.7661,0.7661,0.7661,0.7661,1720.0
2019-04-03 11:37:00,0.77,0.77,0.77,0.77,603.0
2019-04-03 11:41:00,0.7606,0.7606,0.7606,0.7606,811.0
2019-04-03 11:42:00,0.763,0.763,0.763,0.763,114.0
2019-04-03 11:46:00,0.7649,0.7649,0.7621,0.7621,678.0
2019-04-03 11:50:00,0.77,0.77,0.7689,0.7689,7876.0
2019-04-03 11:51:00,0.77,0.77,0.7606,0.7606,20390.0
2019-04-03 11:54:00,0.765,0.7693,0.765,0.7693,2002.0
2019-04-03 11:56:00,0.77,0.77,0.77,0.77,100.0
2019-04-03 12:00:00,0.8,0.8,0.8,0.8,10680.0
2019-04-03 12:02:00,0.76,0.78,0.76,0.78,635.0
2019-04-03 12:04:00,0.786,0.786,0.786,0.786,1154.0
2019-04-03 12:08:00,0.7601,0.7601,0.7601,0.7601,100.0
2019-04-03 12:13:00,0.77,0.77,0.77,0.77,3403.0
2019-04-03 12:16:00,0.7607,0.7607,0.76,0.76,1286.0
2019-04-03 12:30:00,0.7598,0.7598,0.7598,0.7598,429.0
2019-04-03 12:39:00,0.759,0.759,0.759,0.759,600.0
2019-04-03 12:51:00,0.7566,0.7566,0.7566,0.7566,4607.0
2019-04-03 12:59:00,0.76,0.76,0.755,0.755,4160.0
2019-04-03 13:03:00,0.77,0.77,0.77,0.77,1900.0
2019-04-03 13:06:00,0.7697,0.7697,0.7697,0.7697,355.0
2019-04-03 13:10:00,0.77,0.77,0.77,0.77,135.0
2019-04-03 13:12:00,0.77,0.77,0.77,0.77,100.0
2019-04-03 13:13:00,0.7699,0.7699,0.7699,0.7699,410.0
2019-04-03 13:19:00,0.7622,0.7622,0.7622,0.7622,722.0
2019-04-03 13:21:00,0.77,0.77,0.77,0.77,210.0
2019-04-03 13:33:00,0.7691,0.7691,0.7691,0.7691,1515.0
2019-04-03 13:42:00,0.7621,0.7621,0.7621,0.7621,750.0
2019-04-03 13:48:00,0.7549,0.7549,0.7549,0.7549,1950.0
2019-04-03 13:54:00,0.7594,0.7594,0.7594,0.7594,5615.0
2019-04-03 13:58:00,0.7592,0.7592,0.7592,0.7592,200.0
2019-04-03 13:59:00,0.76,0.76,0.76,0.76,3650.0
2019-04-03 14:00:00,0.77,0.77,0.77,0.77,12474.0
2019-04-03 14:02:00,0.7693,0.7693,0.7693,0.7693,3950.0
2019-04-03 14:06:00,0.7697,0.7697,0.7697,0.7697,270.0
2019-04-03 14:08:00,0.7695,0.7695,0.7695,0.7695,9200.0
2019-04-03 14:09:00,0.755,0.755,0.755,0.755,11550.0
2019-04-03 14:11:00,0.7693,0.7693,0.7693,0.7693,100.0
2019-04-03 14:14:00,0.7561,0.7561,0.755,0.755,12400.0
2019-04-03 14:17:00,0.769,0.769,0.769,0.769,300.0
2019-04-03 14:19:00,0.7501,0.7501,0.7501,0.7501,300.0
2019-04-03 14:25:00,0.7687,0.7687,0.7687,0.7687,1255.0
2019-04-03 14:30:00,0.768,0.768,0.768,0.768,5100.0
2019-04-03 14:33:00,0.768,0.768,0.768,0.768,1325.0
2019-04-03 14:42:00,0.7585,0.7585,0.7585,0.7585,231.0
2019-04-03 14:50:00,0.7506,0.7506,0.7506,0.7506,1100.0
2019-04-03 14:52:00,0.7546,0.7546,0.7546,0.7546,747.0
2019-04-03 14:55:00,0.7597,0.7597,0.7597,0.7597,203.0
2019-04-03 14:59:00,0.7596,0.7596,0.7596,0.7596,200.0
2019-04-03 15:03:00,0.7594,0.7594,0.7594,0.7594,100.0
2019-04-03 15:09:00,0.7594,0.7594,0.7594,0.7594,100.0
2019-04-03 15:13:00,0.7594,0.7594,0.7594,0.7594,100.0
2019-04-03 15:18:00,0.7594,0.7594,0.7594,0.7594,200.0
2019-04-03 15:20:00,0.752,0.752,0.752,0.752,200.0
2019-04-03 15:22:00,0.7522,0.7522,0.7522,0.7522,1300.0
2019-04-03 15:23:00,0.7523,0.7523,0.7523,0.7523,300.0
2019-04-03 15:25:00,0.7596,0.7596,0.7596,0.7596,250.0
2019-04-03 15:27:00,0.7596,0.7596,0.7596,0.7596,560.0
2019-04-03 15:28:00,0.7598,0.7598,0.7598,0.7598,1936.0
2019-04-03 15:34:00,0.7597,0.7597,0.7597,0.7597,100.0
2019-04-03 15:38:00,0.7595,0.7595,0.7595,0.7595,200.0
2019-04-03 15:39:00,0.7597,0.7599,0.7597,0.7599,4730.0
2019-04-03 15:47:00,0.7862,0.7862,0.7862,0.7862,202.0
2019-04-03 15:51:00,0.777,0.777,0.777,0.777,700.0
2019-04-03 15:55:00,0.777,0.777,0.777,0.777,300.0
2019-04-03 15:56:00,0.777,0.777,0.777,0.777,100.0
2019-04-03 15:57:00,0.777,0.777,0.777,0.777,100.0
