
2019-03-19 09:34:00,10.4465,10.4569,10.4465,10.4569,0.0
2019-03-19 09:39:00,10.4442,10.4442,10.4442,10.4442,100.0
2019-03-19 09:48:00,10.445,10.445,10.445,10.445,1500.0
2019-03-19 09:50:00,10.46,10.46,10.46,10.46,400.0
2019-03-19 09:51:00,10.46,10.46,10.46,10.46,117.0
2019-03-19 10:05:00,10.46,10.46,10.46,10.46,100.0
2019-03-19 10:06:00,10.45,10.45,10.45,10.45,814.0
2019-03-19 10:34:00,10.47,10.47,10.47,10.47,100.0
2019-03-19 10:46:00,10.47,10.47,10.47,10.47,100.0
2019-03-19 10:49:00,10.46,10.46,10.46,10.46,100.0
2019-03-19 10:51:00,10.47,10.47,10.47,10.47,1162.0
2019-03-19 10:53:00,10.46,10.46,10.46,10.46,100.0
2019-03-19 10:55:00,10.46,10.46,10.46,10.46,284.0
2019-03-19 10:58:00,10.47,10.47,10.47,10.47,200.0
2019-03-19 11:04:00,10.47,10.47,10.47,10.47,200.0
2019-03-19 11:06:00,10.47,10.47,10.46,10.46,401.0
2019-03-19 11:08:00,10.46,10.46,10.46,10.46,100.0
2019-03-19 11:09:00,10.45,10.45,10.45,10.45,404.0
2019-03-19 11:18:00,10.46,10.46,10.46,10.46,296.0
2019-03-19 11:19:00,10.45,10.45,10.45,10.45,600.0
2019-03-19 11:26:00,10.46,10.46,10.46,10.46,400.0
2019-03-19 11:33:00,10.46,10.46,10.46,10.46,2512.0
2019-03-19 11:37:00,10.46,10.46,10.46,10.46,100.0
2019-03-19 11:41:00,10.46,10.46,10.46,10.46,300.0
2019-03-19 11:46:00,10.46,10.46,10.46,10.46,200.0
2019-03-19 11:48:00,10.46,10.46,10.46,10.46,100.0
2019-03-19 11:49:00,10.45,10.45,10.45,10.45,400.0
2019-03-19 11:51:00,10.46,10.46,10.46,10.46,300.0
2019-03-19 11:53:00,10.46,10.46,10.46,10.46,100.0
2019-03-19 12:01:00,10.4566,10.46,10.4566,10.46,1250.0
2019-03-19 12:05:00,10.46,10.46,10.46,10.46,300.0
2019-03-19 12:07:00,10.46,10.46,10.46,10.46,100.0
2019-03-19 12:09:00,10.46,10.46,10.46,10.46,216.0
2019-03-19 12:10:00,10.46,10.46,10.46,10.46,100.0
2019-03-19 12:13:00,10.46,10.46,10.46,10.46,229.0
2019-03-19 12:22:00,10.46,10.46,10.46,10.46,200.0
2019-03-19 12:27:00,10.47,10.47,10.47,10.47,200.0
2019-03-19 12:28:00,10.47,10.47,10.47,10.47,650.0
2019-03-19 12:31:00,10.47,10.47,10.47,10.47,200.0
2019-03-19 12:36:00,10.47,10.47,10.47,10.47,300.0
2019-03-19 12:38:00,10.47,10.47,10.47,10.47,100.0
2019-03-19 12:40:00,10.47,10.47,10.47,10.47,1883.0
2019-03-19 12:41:00,10.47,10.47,10.47,10.47,100.0
2019-03-19 12:43:00,10.47,10.47,10.47,10.47,100.0
2019-03-19 12:47:00,10.47,10.47,10.47,10.47,200.0
2019-03-19 12:53:00,10.47,10.47,10.47,10.47,400.0
2019-03-19 13:29:00,10.48,10.48,10.48,10.48,100.0
2019-03-19 13:30:00,10.47,10.4798,10.47,10.4798,3586.0
2019-03-19 13:40:00,10.4671,10.4671,10.4671,10.4671,385.0
2019-03-19 13:43:00,10.48,10.48,10.48,10.48,200.0
2019-03-19 13:47:00,10.48,10.48,10.48,10.48,100.0
2019-03-19 13:52:00,10.48,10.48,10.48,10.48,300.0
2019-03-19 13:53:00,10.48,10.48,10.48,10.48,100.0
2019-03-19 13:56:00,10.48,10.48,10.48,10.48,100.0
2019-03-19 13:59:00,10.48,10.48,10.48,10.48,100.0
2019-03-19 14:01:00,10.48,10.48,10.48,10.48,100.0
2019-03-19 14:06:00,10.48,10.48,10.48,10.48,100.0
2019-03-19 14:09:00,10.4671,10.4671,10.4671,10.4671,231.0
2019-03-19 14:11:00,10.48,10.48,10.48,10.48,100.0
2019-03-19 14:16:00,10.48,10.48,10.48,10.48,100.0
2019-03-19 14:19:00,10.48,10.48,10.48,10.48,100.0
2019-03-19 14:20:00,10.48,10.48,10.48,10.48,100.0
2019-03-19 14:25:00,10.48,10.48,10.48,10.48,200.0
2019-03-19 14:29:00,10.48,10.48,10.48,10.48,100.0
2019-03-19 14:33:00,10.48,10.48,10.48,10.48,100.0
2019-03-19 14:40:00,10.48,10.48,10.48,10.48,100.0
2019-03-19 14:45:00,10.48,10.48,10.48,10.48,100.0
2019-03-19 14:48:00,10.4747,10.4747,10.4747,10.4747,200.0
2019-03-19 14:49:00,10.48,10.48,10.48,10.48,201.0
2019-03-19 14:57:00,10.48,10.48,10.48,10.48,363.0
2019-03-19 15:04:00,10.48,10.48,10.48,10.48,1025.0
2019-03-19 15:09:00,10.48,10.48,10.48,10.48,200.0
2019-03-19 15:14:00,10.48,10.48,10.48,10.48,946.0
2019-03-19 15:17:00,10.48,10.48,10.48,10.48,100.0
2019-03-19 15:19:00,10.48,10.48,10.48,10.48,101.0
2019-03-19 15:23:00,10.48,10.48,10.48,10.48,200.0
2019-03-19 15:24:00,10.48,10.48,10.48,10.48,100.0
2019-03-19 15:26:00,10.48,10.48,10.48,10.48,100.0
2019-03-19 15:35:00,10.48,10.48,10.48,10.48,200.0
2019-03-19 15:38:00,10.48,10.48,10.48,10.48,100.0
2019-03-19 15:39:00,10.47,10.47,10.47,10.47,100.0
2019-03-19 15:44:00,10.47,10.47,10.47,10.47,300.0
2019-03-19 15:46:00,10.47,10.47,10.47,10.47,100.0
2019-03-19 15:47:00,10.47,10.47,10.47,10.47,100.0
2019-03-19 15:48:00,10.47,10.47,10.47,10.47,100.0
2019-03-19 15:50:00,10.47,10.47,10.47,10.47,100.0
2019-03-19 15:51:00,10.47,10.47,10.47,10.47,100.0
2019-03-19 15:52:00,10.48,10.48,10.48,10.48,1700.0
2019-03-19 15:54:00,10.48,10.48,10.48,10.48,700.0
2019-03-19 15:56:00,10.48,10.48,10.48,10.48,3613.0
2019-03-19 15:57:00,10.48,10.48,10.48,10.48,500.0
2019-03-19 15:58:00,10.48,10.48,10.48,10.48,200.0
2019-03-19 16:00:00,10.48,10.48,10.48,10.48,723.0
2019-03-20 09:31:00,10.5,10.5,10.5,10.5,0.0
2019-03-20 09:45:00,10.5,10.5,10.5,10.5,4276.0
2019-03-20 09:48:00,10.48,10.48,10.48,10.48,2100.0
2019-03-20 09:59:00,10.51,10.51,10.51,10.51,1832.0
2019-03-20 10:03:00,10.51,10.51,10.51,10.51,100.0
2019-03-20 10:07:00,10.51,10.51,10.51,10.51,195.0
2019-03-20 10:11:00,10.51,10.51,10.51,10.51,100.0
2019-03-20 10:15:00,10.51,10.51,10.51,10.51,100.0
2019-03-20 10:18:00,10.52,10.52,10.52,10.52,201.0
2019-03-20 10:21:00,10.52,10.52,10.52,10.52,100.0
2019-03-20 10:22:00,10.5096,10.5096,10.5096,10.5096,800.0
2019-03-20 10:25:00,10.52,10.52,10.52,10.52,100.0
2019-03-20 10:30:00,10.52,10.52,10.52,10.52,100.0
2019-03-20 10:31:00,10.52,10.52,10.52,10.52,400.0
2019-03-20 10:32:00,10.52,10.52,10.52,10.52,500.0
2019-03-20 10:34:00,10.5131,10.5131,10.5131,10.5131,4928.0
2019-03-20 10:35:00,10.515,10.515,10.515,10.515,200.0
2019-03-20 10:37:00,10.51,10.51,10.51,10.51,405.0
2019-03-20 10:45:00,10.51,10.51,10.51,10.51,100.0
2019-03-20 10:46:00,10.51,10.51,10.51,10.51,200.0
2019-03-20 10:47:00,10.5094,10.5094,10.5094,10.5094,150.0
2019-03-20 10:48:00,10.52,10.52,10.52,10.52,1687.0
2019-03-20 10:51:00,10.52,10.52,10.52,10.52,100.0
2019-03-20 10:54:00,10.52,10.52,10.52,10.52,100.0
2019-03-20 10:57:00,10.52,10.52,10.52,10.52,100.0
2019-03-20 11:00:00,10.52,10.52,10.52,10.52,100.0
2019-03-20 11:03:00,10.52,10.52,10.52,10.52,100.0
2019-03-20 11:06:00,10.52,10.52,10.52,10.52,200.0
2019-03-20 11:10:00,10.52,10.52,10.52,10.52,200.0
2019-03-20 11:15:00,10.52,10.52,10.52,10.52,200.0
2019-03-20 11:22:00,10.53,10.53,10.53,10.53,100.0
2019-03-20 11:23:00,10.5131,10.5131,10.5131,10.5131,426.0
2019-03-20 11:25:00,10.53,10.53,10.53,10.53,526.0
2019-03-20 11:28:00,10.53,10.53,10.53,10.53,100.0
2019-03-20 11:30:00,10.525,10.525,10.525,10.525,300.0
2019-03-20 11:31:00,10.5299,10.5299,10.5299,10.5299,848.0
2019-03-20 11:32:00,10.53,10.53,10.53,10.53,100.0
2019-03-20 11:33:00,10.525,10.525,10.5212,10.5212,5260.0
2019-03-20 11:35:00,10.53,10.53,10.53,10.53,100.0
2019-03-20 11:38:00,10.525,10.525,10.525,10.525,200.0
2019-03-20 11:41:00,10.525,10.525,10.525,10.525,100.0
2019-03-20 11:42:00,10.53,10.53,10.53,10.53,100.0
2019-03-20 11:43:00,10.53,10.54,10.53,10.54,700.0
2019-03-20 11:44:00,10.54,10.54,10.54,10.54,900.0
2019-03-20 11:48:00,10.5301,10.5301,10.5301,10.5301,2100.0
2019-03-20 11:50:00,10.54,10.54,10.54,10.54,100.0
2019-03-20 11:53:00,10.535,10.535,10.535,10.535,200.0
2019-03-20 11:54:00,10.54,10.54,10.54,10.54,100.0
2019-03-20 11:56:00,10.53,10.53,10.53,10.53,400.0
2019-03-20 11:59:00,10.535,10.535,10.535,10.535,1200.0
2019-03-20 12:01:00,10.54,10.54,10.54,10.54,177.0
2019-03-20 12:03:00,10.535,10.535,10.5301,10.5301,3200.0
2019-03-20 12:08:00,10.54,10.54,10.54,10.54,100.0
2019-03-20 12:11:00,10.54,10.54,10.54,10.54,100.0
2019-03-20 12:12:00,10.535,10.535,10.5305,10.5305,600.0
2019-03-20 12:13:00,10.53,10.54,10.53,10.54,900.0
2019-03-20 12:15:00,10.54,10.54,10.54,10.54,100.0
2019-03-20 12:18:00,10.54,10.54,10.54,10.54,200.0
2019-03-20 12:19:00,10.53,10.53,10.53,10.53,3248.0
2019-03-20 12:23:00,10.5325,10.5325,10.5325,10.5325,2469.0
2019-03-20 12:27:00,10.54,10.54,10.54,10.54,600.0
2019-03-20 12:30:00,10.54,10.54,10.54,10.54,100.0
2019-03-20 12:33:00,10.53,10.53,10.53,10.53,200.0
2019-03-20 12:36:00,10.54,10.54,10.53,10.53,1121.0
2019-03-20 12:37:00,10.54,10.54,10.54,10.54,3100.0
2019-03-20 12:49:00,10.53,10.53,10.53,10.53,100.0
2019-03-20 12:54:00,10.54,10.54,10.54,10.54,100.0
2019-03-20 12:59:00,10.53,10.53,10.53,10.53,100.0
2019-03-20 13:04:00,10.54,10.54,10.54,10.54,100.0
2019-03-20 13:09:00,10.53,10.53,10.53,10.53,100.0
2019-03-20 13:17:00,10.53,10.53,10.53,10.53,100.0
2019-03-20 13:22:00,10.53,10.53,10.53,10.53,100.0
2019-03-20 13:26:00,10.53,10.53,10.53,10.53,100.0
2019-03-20 13:30:00,10.53,10.53,10.53,10.53,100.0
2019-03-20 13:34:00,10.52,10.52,10.52,10.52,2400.0
2019-03-20 13:46:00,10.53,10.53,10.53,10.53,100.0
2019-03-20 13:49:00,10.53,10.53,10.53,10.53,100.0
2019-03-20 13:52:00,10.53,10.53,10.53,10.53,100.0
2019-03-20 13:56:00,10.53,10.53,10.53,10.53,200.0
2019-03-20 14:00:00,10.51,10.51,10.51,10.51,100.0
2019-03-20 14:01:00,10.52,10.52,10.52,10.52,300.0
2019-03-20 14:02:00,10.52,10.53,10.52,10.53,200.0
2019-03-20 14:03:00,10.53,10.53,10.53,10.53,500.0
2019-03-20 14:04:00,10.53,10.53,10.53,10.53,10300.0
2019-03-20 14:05:00,10.53,10.53,10.53,10.53,100.0
2019-03-20 14:06:00,10.53,10.53,10.53,10.53,300.0
2019-03-20 14:08:00,10.53,10.53,10.53,10.53,500.0
2019-03-20 14:09:00,10.53,10.53,10.53,10.53,900.0
2019-03-20 14:11:00,10.53,10.53,10.53,10.53,1000.0
2019-03-20 14:12:00,10.53,10.53,10.53,10.53,400.0
2019-03-20 14:15:00,10.53,10.53,10.53,10.53,600.0
2019-03-20 14:16:00,10.53,10.53,10.53,10.53,500.0
2019-03-20 14:17:00,10.53,10.53,10.53,10.53,200.0
2019-03-20 14:19:00,10.53,10.53,10.53,10.53,300.0
2019-03-20 14:20:00,10.53,10.53,10.53,10.53,600.0
2019-03-20 14:22:00,10.53,10.53,10.53,10.53,400.0
2019-03-20 14:23:00,10.53,10.53,10.53,10.53,100.0
2019-03-20 14:24:00,10.53,10.53,10.53,10.53,100.0
2019-03-20 14:25:00,10.53,10.53,10.53,10.53,785.0
2019-03-20 14:27:00,10.53,10.53,10.53,10.53,100.0
2019-03-20 14:28:00,10.53,10.53,10.53,10.53,200.0
2019-03-20 14:30:00,10.53,10.53,10.53,10.53,200.0
2019-03-20 14:31:00,10.535,10.535,10.535,10.535,1079.0
2019-03-20 14:33:00,10.54,10.54,10.54,10.54,500.0
2019-03-20 14:34:00,10.535,10.535,10.535,10.535,475.0
2019-03-20 14:35:00,10.54,10.54,10.54,10.54,575.0
2019-03-20 14:37:00,10.54,10.54,10.54,10.54,400.0
2019-03-20 14:38:00,10.54,10.54,10.54,10.54,100.0
2019-03-20 14:40:00,10.54,10.54,10.54,10.54,100.0
2019-03-20 14:41:00,10.54,10.54,10.54,10.54,400.0
2019-03-20 14:42:00,10.5399,10.5399,10.5399,10.5399,100.0
2019-03-20 14:44:00,10.54,10.54,10.54,10.54,2693.0
2019-03-20 14:45:00,10.54,10.54,10.54,10.54,400.0
2019-03-20 14:46:00,10.54,10.54,10.54,10.54,500.0
2019-03-20 14:48:00,10.54,10.54,10.54,10.54,400.0
2019-03-20 14:49:00,10.54,10.54,10.54,10.54,100.0
2019-03-20 14:51:00,10.54,10.54,10.54,10.54,500.0
2019-03-20 14:53:00,10.54,10.54,10.54,10.54,100.0
2019-03-20 14:57:00,10.53,10.53,10.53,10.53,181.0
2019-03-20 15:01:00,10.54,10.54,10.54,10.54,281.0
2019-03-20 15:02:00,10.54,10.54,10.54,10.54,200.0
2019-03-20 15:03:00,10.54,10.54,10.54,10.54,100.0
2019-03-20 15:05:00,10.54,10.54,10.54,10.54,500.0
2019-03-20 15:06:00,10.54,10.54,10.54,10.54,300.0
2019-03-20 15:07:00,10.54,10.54,10.54,10.54,400.0
2019-03-20 15:08:00,10.54,10.54,10.54,10.54,744.0
2019-03-20 15:09:00,10.54,10.54,10.54,10.54,100.0
2019-03-20 15:10:00,10.54,10.54,10.54,10.54,300.0
2019-03-20 15:11:00,10.54,10.54,10.54,10.54,500.0
2019-03-20 15:12:00,10.54,10.54,10.54,10.54,300.0
2019-03-20 15:13:00,10.54,10.54,10.54,10.54,400.0
2019-03-20 15:14:00,10.54,10.54,10.54,10.54,100.0
2019-03-20 15:15:00,10.54,10.54,10.54,10.54,300.0
2019-03-20 15:16:00,10.54,10.54,10.54,10.54,400.0
2019-03-20 15:17:00,10.54,10.54,10.54,10.54,300.0
2019-03-20 15:18:00,10.535,10.535,10.535,10.535,400.0
2019-03-20 15:19:00,10.54,10.54,10.54,10.54,300.0
2019-03-20 15:21:00,10.54,10.54,10.54,10.54,500.0
2019-03-20 15:23:00,10.54,10.55,10.54,10.55,400.0
2019-03-20 15:24:00,10.55,10.55,10.55,10.55,600.0
2019-03-20 15:25:00,10.55,10.55,10.55,10.55,300.0
2019-03-20 15:26:00,10.55,10.55,10.55,10.55,100.0
2019-03-20 15:27:00,10.54,10.54,10.54,10.54,300.0
2019-03-20 15:28:00,10.55,10.55,10.55,10.55,500.0
2019-03-20 15:29:00,10.55,10.55,10.55,10.55,300.0
2019-03-20 15:30:00,10.55,10.55,10.55,10.55,400.0
2019-03-20 15:31:00,10.55,10.55,10.55,10.55,400.0
2019-03-20 15:32:00,10.55,10.55,10.55,10.55,100.0
2019-03-20 15:36:00,10.55,10.55,10.55,10.55,100.0
2019-03-20 15:37:00,10.55,10.55,10.55,10.55,291.0
2019-03-20 15:38:00,10.55,10.5541,10.55,10.5541,365.0
2019-03-20 15:39:00,10.55,10.56,10.55,10.56,300.0
2019-03-20 15:40:00,10.56,10.56,10.56,10.56,774.0
2019-03-20 15:41:00,10.56,10.56,10.56,10.56,482.0
2019-03-20 15:42:00,10.56,10.56,10.56,10.56,600.0
2019-03-20 15:43:00,10.56,10.56,10.56,10.56,300.0
2019-03-20 15:44:00,10.57,10.57,10.57,10.57,500.0
2019-03-20 15:45:00,10.56,10.57,10.56,10.56,300.0
2019-03-20 15:46:00,10.56,10.56,10.56,10.56,500.0
2019-03-20 15:47:00,10.57,10.57,10.57,10.57,835.0
2019-03-20 15:48:00,10.57,10.57,10.57,10.57,500.0
2019-03-20 15:49:00,10.57,10.57,10.57,10.57,600.0
2019-03-20 15:50:00,10.58,10.58,10.58,10.58,999.0
2019-03-20 15:51:00,10.58,10.58,10.58,10.58,600.0
2019-03-20 15:52:00,10.58,10.58,10.58,10.58,700.0
2019-03-20 15:53:00,10.58,10.58,10.58,10.58,600.0
2019-03-20 15:54:00,10.58,10.58,10.58,10.58,900.0
2019-03-20 15:55:00,10.58,10.59,10.58,10.59,600.0
2019-03-20 15:56:00,10.59,10.59,10.59,10.59,2578.0
2019-03-20 15:57:00,10.5785,10.5785,10.5785,10.5785,2575.0
2019-03-20 15:58:00,10.59,10.59,10.59,10.59,1114.0
2019-03-20 15:59:00,10.58,10.58,10.58,10.58,1700.0
2019-03-20 16:00:00,10.59,10.59,10.59,10.59,1499.0
2019-03-21 09:31:00,10.58,10.58,10.58,10.58,956.0
2019-03-21 09:44:00,10.5906,10.5906,10.5906,10.5906,1600.0
2019-03-21 10:33:00,10.59,10.59,10.59,10.59,153.0
2019-03-21 10:45:00,10.6,10.6,10.6,10.6,100.0
2019-03-21 10:47:00,10.6,10.6,10.6,10.6,100.0
2019-03-21 11:01:00,10.6,10.6,10.6,10.6,1775.0
2019-03-21 11:14:00,10.61,10.61,10.6004,10.6004,1201.0
2019-03-21 11:46:00,10.6,10.6,10.6,10.6,100.0
2019-03-21 11:47:00,10.6,10.6,10.6,10.6,1900.0
2019-03-21 11:54:00,10.595,10.6,10.595,10.6,9200.0
2019-03-21 11:58:00,10.595,10.595,10.595,10.595,10200.0
2019-03-21 12:03:00,10.6,10.6,10.6,10.6,100.0
2019-03-21 12:07:00,10.595,10.6,10.595,10.6,1838.0
2019-03-21 12:14:00,10.6,10.6,10.6,10.6,100.0
2019-03-21 12:16:00,10.6,10.6,10.6,10.6,100.0
2019-03-21 12:19:00,10.6,10.6,10.6,10.6,200.0
2019-03-21 12:21:00,10.6,10.6,10.6,10.6,100.0
2019-03-21 12:26:00,10.6,10.6,10.6,10.6,300.0
2019-03-21 12:27:00,10.6,10.6,10.6,10.6,564.0
2019-03-21 12:49:00,10.6099,10.6099,10.6099,10.6099,2100.0
2019-03-21 12:53:00,10.6,10.6,10.6,10.6,100.0
2019-03-21 12:54:00,10.61,10.61,10.61,10.61,351.0
2019-03-21 12:56:00,10.61,10.61,10.61,10.61,100.0
2019-03-21 12:58:00,10.61,10.61,10.61,10.61,100.0
2019-03-21 13:02:00,10.61,10.61,10.61,10.61,200.0
2019-03-21 13:07:00,10.61,10.61,10.61,10.61,200.0
2019-03-21 13:12:00,10.61,10.61,10.61,10.61,200.0
2019-03-21 13:15:00,10.6,10.6,10.6,10.6,2100.0
2019-03-21 13:17:00,10.6,10.6,10.6,10.6,100.0
2019-03-21 13:19:00,10.61,10.61,10.61,10.61,100.0
2019-03-21 13:21:00,10.61,10.61,10.61,10.61,100.0
2019-03-21 13:23:00,10.61,10.61,10.61,10.61,100.0
2019-03-21 13:29:00,10.61,10.61,10.61,10.61,100.0
2019-03-21 13:34:00,10.61,10.61,10.61,10.61,200.0
2019-03-21 13:41:00,10.61,10.61,10.61,10.61,100.0
2019-03-21 13:43:00,10.61,10.61,10.61,10.61,100.0
2019-03-21 13:46:00,10.61,10.61,10.61,10.61,100.0
2019-03-21 13:50:00,10.61,10.61,10.61,10.61,200.0
2019-03-21 13:53:00,10.61,10.61,10.61,10.61,100.0
2019-03-21 13:54:00,10.61,10.61,10.61,10.61,100.0
2019-03-21 13:55:00,10.61,10.61,10.61,10.61,109.0
2019-03-21 14:13:00,10.6,10.6099,10.6,10.6099,3700.0
2019-03-21 14:19:00,10.6,10.6,10.6,10.6,100.0
2019-03-21 14:40:00,10.59,10.59,10.59,10.59,4545.0
2019-03-21 14:41:00,10.5892,10.5892,10.5892,10.5892,900.0
2019-03-21 16:00:00,10.59,10.59,10.59,10.59,352.0
2019-03-22 09:31:00,10.63,10.63,10.63,10.63,0.0
2019-03-22 09:33:00,10.6273,10.6273,10.6273,10.6273,0.0
2019-03-22 09:34:00,10.63,10.63,10.63,10.63,500.0
2019-03-22 09:36:00,10.61,10.61,10.61,10.61,102.0
2019-03-22 09:56:00,10.63,10.63,10.63,10.63,101.0
2019-03-22 10:02:00,10.63,10.63,10.63,10.63,3001.0
2019-03-22 10:04:00,10.6323,10.6323,10.6323,10.6323,3338.0
2019-03-22 10:11:00,10.63,10.63,10.63,10.63,1012.0
2019-03-22 10:19:00,10.64,10.64,10.64,10.64,116.0
2019-03-22 10:24:00,10.62,10.62,10.62,10.62,500.0
2019-03-22 10:25:00,10.64,10.64,10.64,10.64,1608.0
2019-03-22 10:32:00,10.63,10.63,10.63,10.63,1512.0
2019-03-22 10:33:00,10.64,10.64,10.64,10.64,420.0
2019-03-22 10:37:00,10.6491,10.6491,10.6491,10.6491,1828.0
2019-03-22 10:38:00,10.65,10.65,10.65,10.65,101.0
2019-03-22 10:44:00,10.645,10.645,10.645,10.645,100.0
2019-03-22 10:54:00,10.64,10.6427,10.64,10.6427,3020.0
2019-03-22 11:07:00,10.64,10.64,10.64,10.64,100.0
2019-03-22 11:09:00,10.64,10.64,10.64,10.64,177.0
2019-03-22 11:11:00,10.64,10.64,10.64,10.64,1281.0
2019-03-22 11:13:00,10.64,10.64,10.64,10.64,776.0
2019-03-22 11:14:00,10.63,10.63,10.63,10.63,527.0
2019-03-22 11:34:00,10.6399,10.64,10.6399,10.64,756.0
2019-03-22 11:37:00,10.64,10.64,10.64,10.64,2299.0
2019-03-22 11:42:00,10.63,10.63,10.63,10.63,499.0
2019-03-22 11:46:00,10.63,10.63,10.63,10.63,500.0
2019-03-22 11:47:00,10.63,10.63,10.62,10.63,600.0
2019-03-22 11:52:00,10.63,10.63,10.63,10.63,700.0
2019-03-22 11:53:00,10.62,10.62,10.62,10.62,1111.0
2019-03-22 12:02:00,10.63,10.63,10.63,10.63,560.0
2019-03-22 12:10:00,10.6135,10.6135,10.61,10.61,701.0
2019-03-22 12:56:00,10.6215,10.6215,10.619,10.619,1800.0
2019-03-22 13:01:00,10.6187,10.6187,10.6187,10.6187,2600.0
2019-03-22 13:07:00,10.61,10.61,10.61,10.61,841.0
2019-03-22 13:26:00,10.6001,10.6001,10.6,10.6,1383.0
2019-03-22 14:37:00,10.62,10.62,10.62,10.62,1117.0
2019-03-22 15:47:00,10.62,10.62,10.62,10.62,100.0
2019-03-22 15:48:00,10.62,10.62,10.62,10.62,200.0
2019-03-22 15:52:00,10.63,10.64,10.63,10.64,13857.0
2019-03-22 15:56:00,10.64,10.64,10.64,10.64,1500.0
2019-03-22 15:57:00,10.64,10.64,10.64,10.64,100.0
2019-03-22 15:58:00,10.65,10.65,10.65,10.65,2276.0
2019-03-22 15:59:00,10.65,10.65,10.65,10.65,3155.0
2019-03-22 16:00:00,10.65,10.66,10.65,10.66,1257.0
2019-03-25 09:31:00,10.65,10.65,10.65,10.65,0.0
2019-03-25 10:06:00,10.65,10.65,10.6458,10.6458,1750.0
2019-03-25 10:17:00,10.6499,10.6499,10.6499,10.6499,1000.0
2019-03-25 10:18:00,10.6462,10.6462,10.6462,10.6462,1024.0
2019-03-25 10:34:00,10.645,10.645,10.645,10.645,241.0
2019-03-25 10:48:00,10.655,10.655,10.655,10.655,624.0
2019-03-25 10:56:00,10.655,10.6599,10.655,10.6599,930.0
2019-03-25 11:04:00,10.6588,10.6588,10.6588,10.6588,700.0
2019-03-25 11:11:00,10.6699,10.6699,10.6699,10.6699,1534.0
2019-03-25 11:13:00,10.6504,10.66,10.6504,10.66,1236.0
2019-03-25 11:22:00,10.6561,10.6561,10.6561,10.6561,110.0
2019-03-25 11:24:00,10.67,10.67,10.67,10.67,101.0
2019-03-25 11:25:00,10.67,10.67,10.67,10.67,400.0
2019-03-25 11:27:00,10.67,10.67,10.67,10.67,360.0
2019-03-25 11:30:00,10.66,10.66,10.66,10.66,1000.0
2019-03-25 11:50:00,10.67,10.67,10.67,10.67,100.0
2019-03-25 11:58:00,10.67,10.67,10.67,10.67,100.0
2019-03-25 12:05:00,10.67,10.67,10.67,10.67,614.0
2019-03-25 12:33:00,10.67,10.67,10.67,10.67,100.0
2019-03-25 12:47:00,10.67,10.67,10.67,10.67,200.0
2019-03-25 12:51:00,10.65,10.65,10.65,10.65,1037.0
2019-03-25 12:52:00,10.67,10.67,10.67,10.67,100.0
2019-03-25 13:01:00,10.67,10.67,10.67,10.67,100.0
2019-03-25 13:20:00,10.67,10.67,10.67,10.67,100.0
2019-03-25 13:32:00,10.66,10.66,10.66,10.66,600.0
2019-03-25 13:55:00,10.68,10.68,10.68,10.68,201.0
2019-03-25 14:05:00,10.663,10.663,10.663,10.663,1335.0
2019-03-25 14:10:00,10.69,10.69,10.69,10.69,600.0
2019-03-25 14:16:00,10.6631,10.6631,10.6631,10.6631,582.0
2019-03-25 14:30:00,10.6799,10.69,10.6799,10.68,5196.0
2019-03-25 14:34:00,10.6701,10.6701,10.6701,10.6701,2100.0
2019-03-25 14:36:00,10.6676,10.67,10.6676,10.67,644.0
2019-03-25 14:39:00,10.665,10.665,10.665,10.665,1497.0
2019-03-25 14:42:00,10.65,10.65,10.65,10.65,100.0
2019-03-25 14:55:00,10.66,10.66,10.66,10.66,100.0
2019-03-25 15:24:00,10.6701,10.677,10.6701,10.677,1950.0
2019-03-25 15:29:00,10.6631,10.6631,10.6631,10.6631,100.0
2019-03-25 15:32:00,10.662,10.662,10.66,10.66,3706.0
2019-03-25 15:37:00,10.66,10.66,10.66,10.66,200.0
2019-03-25 15:39:00,10.66,10.66,10.66,10.66,200.0
2019-03-25 15:51:00,10.67,10.67,10.665,10.665,600.0
2019-03-25 15:58:00,10.67,10.68,10.67,10.68,1494.0
2019-03-25 16:00:00,10.66,10.66,10.66,10.66,400.0
2019-03-26 09:32:00,10.71,10.71,10.71,10.71,0.0
2019-03-26 09:36:00,10.686,10.686,10.686,10.686,400.0
2019-03-26 09:38:00,10.7,10.7,10.7,10.7,500.0
2019-03-26 09:48:00,10.695,10.695,10.695,10.695,100.0
2019-03-26 09:49:00,10.7,10.7,10.7,10.7,1315.0
2019-03-26 09:51:00,10.7,10.7,10.6953,10.6953,1000.0
2019-03-26 10:01:00,10.6901,10.7,10.6901,10.7,2644.0
2019-03-26 10:18:00,10.7038,10.7038,10.7038,10.7038,935.0
2019-03-26 10:23:00,10.7,10.7,10.7,10.7,800.0
2019-03-26 10:25:00,10.71,10.72,10.71,10.72,2580.0
2019-03-26 10:30:00,10.71,10.72,10.71,10.72,900.0
2019-03-26 10:43:00,10.71,10.71,10.71,10.71,1953.0
2019-03-26 10:44:00,10.71,10.71,10.71,10.71,279.0
2019-03-26 10:49:00,10.72,10.72,10.72,10.72,410.0
2019-03-26 11:05:00,10.71,10.71,10.71,10.71,682.0
2019-03-26 11:14:00,10.7101,10.7101,10.7101,10.7101,826.0
2019-03-26 11:21:00,10.71,10.71,10.71,10.71,374.0
2019-03-26 11:36:00,10.71,10.71,10.71,10.71,100.0
2019-03-26 11:45:00,10.7101,10.7101,10.7101,10.7101,201.0
2019-03-26 11:46:00,10.71,10.71,10.71,10.71,401.0
2019-03-26 11:53:00,10.71,10.71,10.71,10.71,2100.0
2019-03-26 11:58:00,10.71,10.71,10.71,10.71,277.0
2019-03-26 12:02:00,10.71,10.71,10.71,10.71,8358.0
2019-03-26 12:03:00,10.7,10.7,10.7,10.7,2317.0
2019-03-26 12:04:00,10.7,10.7,10.7,10.7,871.0
2019-03-26 12:07:00,10.6993,10.6993,10.69,10.69,3409.0
2019-03-26 12:08:00,10.68,10.68,10.68,10.68,3606.0
2019-03-26 12:09:00,10.69,10.69,10.69,10.69,603.0
2019-03-26 12:15:00,10.68,10.68,10.68,10.68,255.0
2019-03-26 12:25:00,10.685,10.685,10.685,10.685,200.0
2019-03-26 12:26:00,10.69,10.69,10.685,10.69,0.0
2019-03-26 12:31:00,10.689,10.689,10.689,10.689,106.0
2019-03-26 12:32:00,10.69,10.69,10.69,10.69,701.0
2019-03-26 12:39:00,10.7,10.7,10.6993,10.6993,1204.0
2019-03-26 12:45:00,10.695,10.695,10.695,10.695,2213.0
2019-03-26 13:22:00,10.6927,10.6927,10.6927,10.6927,100.0
2019-03-26 13:28:00,10.6968,10.6968,10.6968,10.6968,225.0
2019-03-26 13:36:00,10.69,10.69,10.69,10.69,105.0
2019-03-26 14:01:00,10.69,10.69,10.69,10.69,100.0
2019-03-26 14:13:00,10.69,10.69,10.69,10.69,100.0
2019-03-26 14:27:00,10.69,10.69,10.69,10.69,275.0
2019-03-26 14:37:00,10.69,10.69,10.69,10.69,100.0
2019-03-26 14:39:00,10.69,10.69,10.69,10.69,1025.0
2019-03-26 14:53:00,10.68,10.68,10.68,10.68,100.0
2019-03-26 15:03:00,10.68,10.68,10.68,10.68,100.0
2019-03-26 15:09:00,10.69,10.69,10.69,10.69,1100.0
2019-03-26 15:13:00,10.6891,10.6891,10.6891,10.6891,600.0
2019-03-26 15:16:00,10.68,10.68,10.68,10.68,579.0
2019-03-26 15:23:00,10.68,10.68,10.68,10.68,100.0
2019-03-26 15:29:00,10.68,10.68,10.68,10.68,100.0
2019-03-26 15:35:00,10.68,10.68,10.68,10.68,100.0
2019-03-26 15:36:00,10.684,10.684,10.684,10.684,212.0
2019-03-26 15:43:00,10.68,10.68,10.68,10.68,282.0
2019-03-26 15:45:00,10.68,10.68,10.68,10.68,100.0
2019-03-26 15:49:00,10.68,10.68,10.68,10.68,100.0
2019-03-26 15:53:00,10.68,10.68,10.68,10.68,200.0
2019-03-26 15:54:00,10.68,10.68,10.68,10.68,100.0
2019-03-26 15:55:00,10.69,10.69,10.69,10.69,2186.0
2019-03-26 15:58:00,10.69,10.69,10.69,10.69,100.0
2019-03-26 16:00:00,10.69,10.69,10.69,10.69,1610.0
2019-03-27 09:31:00,10.7,10.7,10.7,10.7,0.0
2019-03-27 09:40:00,10.6955,10.6955,10.6955,10.6955,355.0
2019-03-27 09:43:00,10.7155,10.7155,10.7155,10.7155,502.0
2019-03-27 10:00:00,10.69,10.69,10.68,10.68,2400.0
2019-03-27 10:07:00,10.69,10.7,10.68,10.7,800.0
2019-03-27 10:30:00,10.699,10.699,10.699,10.699,104.0
2019-03-27 10:31:00,10.699,10.699,10.699,10.699,214.0
2019-03-27 10:38:00,10.685,10.685,10.685,10.685,102.0
2019-03-27 11:01:00,10.699,10.699,10.699,10.699,104.0
2019-03-27 11:03:00,10.6784,10.6784,10.6784,10.6784,790.0
2019-03-27 11:08:00,10.695,10.6999,10.695,10.6955,500.0
2019-03-27 11:20:00,10.68,10.68,10.68,10.68,202.0
2019-03-27 11:29:00,10.69,10.69,10.685,10.69,1693.0
2019-03-27 11:36:00,10.6889,10.6889,10.6889,10.6889,1325.0
2019-03-27 11:39:00,10.69,10.69,10.69,10.69,100.0
2019-03-27 11:41:00,10.69,10.69,10.6899,10.69,640.0
2019-03-27 11:42:00,10.69,10.69,10.68,10.68,7160.0
2019-03-27 11:43:00,10.68,10.68,10.67,10.673,501.0
2019-03-27 12:01:00,10.68,10.68,10.675,10.6785,3577.0
2019-03-27 12:03:00,10.68,10.68,10.68,10.68,869.0
2019-03-27 12:17:00,10.6899,10.6899,10.6899,10.6899,180.0
2019-03-27 12:23:00,10.6808,10.6808,10.6808,10.6808,2000.0
2019-03-27 12:26:00,10.68,10.69,10.67,10.6701,13751.0
2019-03-27 12:27:00,10.67,10.67,10.67,10.67,177.0
2019-03-27 12:28:00,10.67,10.67,10.67,10.67,415.0
2019-03-27 12:36:00,10.6703,10.6703,10.67,10.67,3383.0
2019-03-27 12:50:00,10.675,10.675,10.675,10.675,114.0
2019-03-27 13:08:00,10.675,10.6789,10.675,10.6789,702.0
2019-03-27 13:33:00,10.671,10.671,10.671,10.671,1667.0
2019-03-27 13:42:00,10.675,10.68,10.675,10.68,1600.0
2019-03-27 13:43:00,10.68,10.68,10.68,10.68,643.0
2019-03-27 14:00:00,10.6881,10.6881,10.6881,10.6881,1002.0
2019-03-27 14:19:00,10.6862,10.6862,10.6862,10.6862,1000.0
2019-03-27 14:21:00,10.68,10.68,10.68,10.68,184.0
2019-03-27 14:23:00,10.685,10.69,10.68,10.6855,1700.0
2019-03-27 14:37:00,10.687,10.687,10.687,10.687,1450.0
2019-03-27 15:00:00,10.685,10.685,10.685,10.685,935.0
2019-03-27 15:01:00,10.6815,10.6815,10.6815,10.6815,177.0
2019-03-27 15:13:00,10.69,10.7,10.69,10.7,2224.0
2019-03-27 15:14:00,10.7,10.7,10.6999,10.6999,352.0
2019-03-27 15:20:00,10.69,10.69,10.69,10.69,180.0
2019-03-27 15:39:00,10.69,10.695,10.69,10.69,500.0
2019-03-27 15:40:00,10.691,10.691,10.69,10.69,1524.0
2019-03-27 15:43:00,10.69,10.69,10.69,10.69,177.0
2019-03-27 15:55:00,10.69,10.699,10.6832,10.6832,935.0
2019-03-27 15:59:00,10.69,10.7,10.68,10.7,2665.0
2019-03-27 16:00:00,10.68,10.68,10.68,10.68,686.0
2019-03-28 09:38:00,10.74,10.74,10.7301,10.7315,0.0
2019-03-28 09:39:00,10.735,10.735,10.7313,10.7313,0.0
2019-03-28 09:43:00,10.735,10.735,10.735,10.735,277.0
2019-03-28 09:46:00,10.74,10.74,10.74,10.74,100.0
2019-03-28 09:55:00,10.74,10.74,10.74,10.74,100.0
2019-03-28 09:58:00,10.74,10.74,10.74,10.74,100.0
2019-03-28 10:01:00,10.74,10.74,10.74,10.74,200.0
2019-03-28 10:04:00,10.74,10.74,10.74,10.74,100.0
2019-03-28 10:07:00,10.74,10.74,10.74,10.74,100.0
2019-03-28 10:10:00,10.74,10.74,10.74,10.74,100.0
2019-03-28 10:12:00,10.74,10.74,10.74,10.74,100.0
2019-03-28 10:15:00,10.7349,10.7349,10.7349,10.7349,1900.0
2019-03-28 10:19:00,10.74,10.74,10.74,10.74,300.0
2019-03-28 10:28:00,10.74,10.74,10.74,10.74,184.0
2019-03-28 10:38:00,10.74,10.74,10.74,10.74,327.0
2019-03-28 10:39:00,10.75,10.75,10.75,10.75,900.0
2019-03-28 10:40:00,10.745,10.745,10.745,10.745,100.0
2019-03-28 10:41:00,10.74,10.74,10.74,10.74,1248.0
2019-03-28 11:00:00,10.747,10.747,10.747,10.747,306.0
2019-03-28 11:16:00,10.745,10.745,10.745,10.745,100.0
2019-03-28 11:17:00,10.74,10.74,10.74,10.74,100.0
2019-03-28 11:18:00,10.74,10.74,10.74,10.74,1400.0
2019-03-28 11:20:00,10.74,10.74,10.74,10.74,100.0
2019-03-28 11:21:00,10.74,10.74,10.74,10.74,200.0
2019-03-28 11:36:00,10.7499,10.7499,10.7499,10.7499,100.0
2019-03-28 11:39:00,10.74,10.74,10.74,10.74,978.0
2019-03-28 11:49:00,10.74,10.74,10.74,10.74,100.0
2019-03-28 12:11:00,10.75,10.75,10.75,10.75,100.0
2019-03-28 12:12:00,10.75,10.75,10.75,10.75,1000.0
2019-03-28 12:14:00,10.75,10.75,10.75,10.75,100.0
2019-03-28 12:16:00,10.75,10.75,10.75,10.75,200.0
2019-03-28 12:19:00,10.75,10.75,10.75,10.75,100.0
2019-03-28 12:22:00,10.75,10.75,10.75,10.75,100.0
2019-03-28 12:25:00,10.75,10.75,10.75,10.75,559.0
2019-03-28 12:27:00,10.75,10.75,10.75,10.75,100.0
2019-03-28 12:29:00,10.75,10.75,10.75,10.75,100.0
2019-03-28 12:30:00,10.75,10.75,10.75,10.75,200.0
2019-03-28 12:32:00,10.75,10.75,10.75,10.75,100.0
2019-03-28 12:33:00,10.75,10.75,10.75,10.75,118.0
2019-03-28 12:41:00,10.74,10.74,10.74,10.74,340.0
2019-03-28 12:45:00,10.745,10.745,10.745,10.745,100.0
2019-03-28 13:06:00,10.745,10.745,10.745,10.745,100.0
2019-03-28 13:23:00,10.75,10.75,10.75,10.75,1000.0
2019-03-28 13:37:00,10.745,10.745,10.74,10.7401,2729.0
2019-03-28 14:08:00,10.73,10.73,10.73,10.73,183.0
2019-03-28 14:09:00,10.7393,10.7393,10.7393,10.7393,287.0
2019-03-28 14:28:00,10.73,10.73,10.73,10.73,409.0
2019-03-28 14:42:00,10.7393,10.7393,10.7393,10.7393,1456.0
2019-03-28 14:54:00,10.735,10.735,10.735,10.735,1100.0
2019-03-28 14:58:00,10.73,10.73,10.73,10.73,3917.0
2019-03-28 14:59:00,10.7227,10.7227,10.7227,10.7227,772.0
2019-03-28 15:03:00,10.724,10.724,10.724,10.724,1500.0
2019-03-28 15:18:00,10.71,10.71,10.71,10.71,100.0
2019-03-28 15:19:00,10.71,10.71,10.71,10.71,3183.0
2019-03-28 15:30:00,10.71,10.71,10.71,10.71,158.0
2019-03-28 15:31:00,10.71,10.71,10.71,10.71,120.0
2019-03-28 15:40:00,10.715,10.715,10.715,10.715,767.0
2019-03-28 15:44:00,10.715,10.7199,10.715,10.7199,1083.0
2019-03-28 15:54:00,10.72,10.72,10.72,10.72,612.0
2019-03-28 15:57:00,10.74,10.74,10.74,10.74,316.0
2019-03-28 15:59:00,10.74,10.74,10.74,10.74,100.0
2019-03-28 16:00:00,10.74,10.74,10.74,10.74,227.0
2019-03-29 09:31:00,10.75,10.75,10.73,10.73,0.0
2019-03-29 09:38:00,10.74,10.74,10.74,10.74,1266.0
2019-03-29 09:39:00,10.74,10.74,10.74,10.74,856.0
2019-03-29 09:57:00,10.7344,10.7344,10.7344,10.7344,356.0
2019-03-29 10:04:00,10.72,10.74,10.72,10.74,721.0
2019-03-29 10:13:00,10.74,10.74,10.74,10.74,104.0
2019-03-29 10:17:00,10.7356,10.74,10.7356,10.74,648.0
2019-03-29 10:20:00,10.74,10.74,10.7301,10.7301,633.0
2019-03-29 10:35:00,10.7329,10.7329,10.7329,10.7329,571.0
2019-03-29 11:06:00,10.73,10.73,10.7293,10.7293,742.0
2019-03-29 11:37:00,10.7227,10.7227,10.72,10.72,1227.0
2019-03-29 12:25:00,10.72,10.72,10.72,10.72,375.0
2019-03-29 12:38:00,10.71,10.7138,10.69,10.69,12962.0
2019-03-29 12:40:00,10.69,10.69,10.69,10.69,450.0
2019-03-29 12:42:00,10.6993,10.6993,10.6993,10.6993,1867.0
2019-03-29 12:44:00,10.68,10.68,10.68,10.68,184.0
2019-03-29 13:02:00,10.685,10.6899,10.685,10.6899,2004.0
2019-03-29 13:09:00,10.6893,10.6893,10.6893,10.6893,1004.0
2019-03-29 13:48:00,10.685,10.69,10.6821,10.6874,3407.0
2019-03-29 13:55:00,10.685,10.73,10.685,10.73,7462.0
2019-03-29 13:57:00,10.73,10.73,10.7101,10.717,2106.0
2019-03-29 15:24:00,10.715,10.72,10.715,10.719,1416.0
2019-03-29 15:33:00,10.7131,10.7131,10.7131,10.7131,150.0
2019-03-29 15:46:00,10.72,10.73,10.72,10.72,931.0
2019-03-29 16:00:00,10.74,10.74,10.74,10.74,1350.0
2019-04-01 09:33:00,10.73,10.73,10.73,10.73,0.0
2019-04-01 09:40:00,10.7299,10.7299,10.7299,10.7299,1201.0
2019-04-01 09:48:00,10.73,10.73,10.73,10.73,400.0
2019-04-01 09:50:00,10.7233,10.7233,10.7233,10.7233,134.0
2019-04-01 09:51:00,10.7176,10.7176,10.7176,10.7176,169.0
2019-04-01 09:54:00,10.73,10.73,10.73,10.73,222.0
2019-04-01 09:56:00,10.73,10.73,10.73,10.73,337.0
2019-04-01 10:01:00,10.7228,10.7228,10.7228,10.7228,1374.0
2019-04-01 10:16:00,10.73,10.73,10.73,10.73,1355.0
2019-04-01 10:21:00,10.74,10.74,10.74,10.74,349.0
2019-04-01 10:51:00,10.74,10.74,10.74,10.74,355.0
2019-04-01 11:35:00,10.74,10.74,10.74,10.74,1977.0
2019-04-01 11:38:00,10.7333,10.7333,10.7333,10.7333,854.0
2019-04-01 12:17:00,10.72,10.72,10.72,10.72,7700.0
2019-04-01 12:20:00,10.74,10.74,10.74,10.74,0.0
2019-04-01 12:56:00,10.7291,10.7291,10.7291,10.7291,250.0
2019-04-01 12:57:00,10.721,10.721,10.721,10.721,1302.0
2019-04-01 13:00:00,10.72,10.72,10.72,10.72,1700.0
2019-04-01 13:01:00,10.7173,10.7173,10.7173,10.7173,1535.0
2019-04-01 13:25:00,10.713,10.713,10.713,10.713,1295.0
2019-04-01 13:37:00,10.71,10.71,10.71,10.71,399.0
2019-04-01 14:03:00,10.7203,10.7203,10.7203,10.7203,574.0
2019-04-01 14:57:00,10.7233,10.7233,10.7233,10.7233,1000.0
2019-04-01 15:02:00,10.72,10.72,10.72,10.72,200.0
2019-04-01 15:05:00,10.7111,10.7111,10.7111,10.7111,3274.0
2019-04-01 15:06:00,10.71,10.71,10.71,10.71,100.0
2019-04-01 15:07:00,10.71,10.71,10.71,10.71,100.0
2019-04-01 15:11:00,10.71,10.71,10.71,10.71,484.0
2019-04-01 15:13:00,10.72,10.72,10.72,10.72,100.0
2019-04-01 15:14:00,10.715,10.715,10.715,10.715,600.0
2019-04-01 15:16:00,10.71,10.71,10.71,10.71,1200.0
2019-04-01 15:18:00,10.71,10.71,10.71,10.71,100.0
2019-04-01 15:20:00,10.71,10.71,10.71,10.71,100.0
2019-04-01 15:22:00,10.71,10.71,10.71,10.71,200.0
2019-04-01 15:26:00,10.71,10.71,10.71,10.71,200.0
2019-04-01 15:28:00,10.71,10.71,10.71,10.71,100.0
2019-04-01 15:30:00,10.71,10.71,10.71,10.71,101.0
2019-04-01 15:31:00,10.72,10.72,10.72,10.72,100.0
2019-04-01 15:33:00,10.71,10.71,10.71,10.71,100.0
2019-04-01 15:34:00,10.72,10.72,10.72,10.72,100.0
2019-04-01 15:35:00,10.71,10.71,10.71,10.71,100.0
2019-04-01 15:37:00,10.71,10.71,10.71,10.71,100.0
2019-04-01 15:38:00,10.71,10.71,10.71,10.71,100.0
2019-04-01 15:40:00,10.71,10.71,10.71,10.71,200.0
2019-04-01 15:42:00,10.71,10.71,10.71,10.71,235.0
2019-04-01 15:44:00,10.71,10.71,10.71,10.71,200.0
2019-04-01 15:45:00,10.71,10.71,10.71,10.71,100.0
2019-04-01 15:46:00,10.71,10.71,10.71,10.71,200.0
2019-04-01 15:48:00,10.71,10.71,10.71,10.71,600.0
2019-04-01 15:49:00,10.71,10.71,10.71,10.71,100.0
2019-04-01 15:50:00,10.71,10.71,10.71,10.71,300.0
2019-04-01 15:51:00,10.7,10.7,10.7,10.7,200.0
2019-04-01 15:53:00,10.7,10.7,10.7,10.7,1220.0
2019-04-01 15:55:00,10.7,10.7,10.7,10.7,318.0
2019-04-01 15:56:00,10.7,10.7,10.7,10.7,3004.0
2019-04-01 15:58:00,10.7,10.7,10.7,10.7,488.0
2019-04-01 15:59:00,10.715,10.715,10.715,10.715,1196.0
2019-04-02 09:31:00,10.74,10.74,10.74,10.74,0.0
2019-04-02 09:34:00,10.74,10.74,10.74,10.74,104.0
2019-04-02 09:36:00,10.74,10.74,10.74,10.74,404.0
2019-04-02 09:37:00,10.74,10.74,10.74,10.74,100.0
2019-04-02 09:40:00,10.74,10.75,10.722,10.75,3763.0
2019-04-02 09:41:00,10.7325,10.75,10.7325,10.75,371.0
2019-04-02 10:06:00,10.75,10.76,10.7499,10.76,1633.0
2019-04-02 10:08:00,10.755,10.755,10.75,10.75,500.0
2019-04-02 10:14:00,10.74,10.74,10.74,10.74,100.0
2019-04-02 10:19:00,10.7415,10.75,10.7415,10.75,400.0
2019-04-02 10:20:00,10.74,10.74,10.74,10.74,200.0
2019-04-02 10:27:00,10.75,10.76,10.7457,10.7457,1200.0
2019-04-02 10:31:00,10.755,10.76,10.75,10.75,400.0
2019-04-02 10:34:00,10.755,10.76,10.75,10.76,3011.0
2019-04-02 10:39:00,10.75,10.75,10.75,10.75,100.0
2019-04-02 10:42:00,10.7549,10.76,10.75,10.76,1300.0
2019-04-02 10:44:00,10.75,10.7501,10.75,10.75,1500.0
2019-04-02 10:45:00,10.74,10.74,10.74,10.74,100.0
2019-04-02 10:48:00,10.74,10.747,10.74,10.747,400.0
2019-04-02 10:51:00,10.74,10.74,10.74,10.74,100.0
2019-04-02 10:54:00,10.74,10.75,10.74,10.75,438.0
2019-04-02 11:00:00,10.75,10.75,10.75,10.75,100.0
2019-04-02 11:04:00,10.7485,10.7485,10.7485,10.7485,115.0
2019-04-02 11:05:00,10.7415,10.7415,10.7415,10.7415,880.0
2019-04-02 11:06:00,10.745,10.745,10.745,10.745,100.0
2019-04-02 11:13:00,10.75,10.76,10.7455,10.75,4480.0
2019-04-02 11:20:00,10.7547,10.76,10.7547,10.76,2300.0
2019-04-02 11:21:00,10.755,10.76,10.755,10.76,2300.0
2019-04-02 11:23:00,10.76,10.76,10.75,10.76,1605.0
2019-04-02 11:25:00,10.76,10.76,10.76,10.76,1127.0
2019-04-02 11:27:00,10.77,10.77,10.7699,10.7699,877.0
2019-04-02 11:29:00,10.77,10.77,10.77,10.77,390.0
2019-04-02 11:32:00,10.76,10.7601,10.76,10.7601,2000.0
2019-04-02 11:45:00,10.761,10.7715,10.761,10.7715,2716.0
2019-04-02 11:46:00,10.77,10.77,10.77,10.77,100.0
2019-04-02 11:58:00,10.77,10.77,10.77,10.77,100.0
2019-04-02 12:00:00,10.766,10.766,10.766,10.766,200.0
2019-04-02 12:03:00,10.7601,10.7719,10.7601,10.77,3070.0
2019-04-02 12:04:00,10.7679,10.7679,10.7679,10.7679,200.0
2019-04-02 12:23:00,10.77,10.77,10.7648,10.77,1032.0
2019-04-02 13:01:00,10.77,10.77,10.77,10.77,100.0
2019-04-02 13:08:00,10.77,10.77,10.77,10.77,400.0
2019-04-02 13:09:00,10.77,10.77,10.77,10.77,135.0
2019-04-02 13:10:00,10.76,10.76,10.76,10.76,400.0
2019-04-02 13:30:00,10.77,10.77,10.77,10.77,485.0
2019-04-02 14:02:00,10.765,10.765,10.74,10.74,4100.0
2019-04-02 14:04:00,10.745,10.745,10.745,10.745,1000.0
2019-04-02 14:06:00,10.7485,10.7485,10.7485,10.7485,1000.0
2019-04-02 14:07:00,10.74,10.74,10.74,10.74,100.0
2019-04-02 14:12:00,10.745,10.75,10.745,10.745,2032.0
2019-04-02 14:31:00,10.75,10.75,10.75,10.75,0.0
2019-04-02 14:57:00,10.7576,10.7576,10.7576,10.7576,52924.0
2019-04-02 15:00:00,10.751,10.751,10.74,10.74,7420.0
2019-04-02 15:05:00,10.74,10.74,10.74,10.74,100.0
2019-04-02 15:19:00,10.74,10.74,10.74,10.74,100.0
2019-04-02 15:20:00,10.74,10.743,10.74,10.743,2564.0
2019-04-02 15:30:00,10.74,10.745,10.74,10.745,230.0
2019-04-02 15:43:00,10.74,10.74,10.74,10.74,100.0
2019-04-02 15:55:00,10.74,10.74,10.74,10.74,230.0
2019-04-02 15:59:00,10.74,10.74,10.74,10.74,100.0
2019-04-02 16:00:00,10.74,10.74,10.74,10.74,950.0
2019-04-03 09:31:00,10.74,10.74,10.74,10.74,0.0
2019-04-03 09:44:00,10.7227,10.7227,10.72,10.72,1000.0
2019-04-03 09:49:00,10.74,10.74,10.73,10.73,1900.0
2019-04-03 10:01:00,10.73,10.73,10.73,10.73,100.0
2019-04-03 10:06:00,10.735,10.7399,10.735,10.735,4100.0
2019-04-03 10:09:00,10.73,10.73,10.73,10.73,200.0
2019-04-03 10:11:00,10.73,10.737,10.73,10.73,1300.0
2019-04-03 10:14:00,10.73,10.73,10.73,10.73,1900.0
2019-04-03 10:30:00,10.7301,10.735,10.7301,10.735,2436.0
2019-04-03 10:39:00,10.735,10.7407,10.73,10.73,3898.0
2019-04-03 10:40:00,10.735,10.735,10.735,10.735,100.0
2019-04-03 10:41:00,10.735,10.735,10.73,10.73,333.0
2019-04-03 10:42:00,10.7288,10.7288,10.72,10.7285,504.0
2019-04-03 10:49:00,10.725,10.725,10.725,10.725,300.0
2019-04-03 10:55:00,10.73,10.73,10.73,10.73,440.0
2019-04-03 11:16:00,10.7327,10.7327,10.7327,10.7327,228.0
2019-04-03 11:29:00,10.7405,10.7405,10.7405,10.7405,1398.0
2019-04-03 11:33:00,10.75,10.75,10.75,10.75,100.0
2019-04-03 11:35:00,10.74,10.74,10.74,10.74,200.0
2019-04-03 11:37:00,10.74,10.74,10.74,10.74,100.0
2019-04-03 11:47:00,10.7415,10.7415,10.7415,10.7415,1200.0
2019-04-03 11:50:00,10.75,10.75,10.75,10.75,100.0
2019-04-03 11:52:00,10.75,10.75,10.75,10.75,100.0
2019-04-03 11:53:00,10.74,10.74,10.74,10.74,130.0
2019-04-03 11:54:00,10.76,10.76,10.76,10.76,101.0
2019-04-03 12:00:00,10.745,10.745,10.745,10.745,100.0
2019-04-03 12:01:00,10.76,10.76,10.76,10.76,515.0
2019-04-03 12:02:00,10.7503,10.7503,10.7503,10.7503,2500.0
2019-04-03 12:10:00,10.7449,10.7449,10.7449,10.7449,500.0
2019-04-03 12:33:00,10.7499,10.7499,10.7499,10.7499,508.0
2019-04-03 13:28:00,10.7284,10.7284,10.7284,10.7284,448.0
2019-04-03 15:04:00,10.7287,10.7287,10.7287,10.7287,500.0
2019-04-03 15:10:00,10.73,10.73,10.73,10.73,600.0
2019-04-03 15:32:00,10.7266,10.7266,10.7266,10.7266,200.0
2019-04-03 15:57:00,10.73,10.7399,10.73,10.7399,400.0
2019-04-03 16:00:00,10.72,10.73,10.72,10.73,347.0
