
2019-03-19 09:31:00,6.8,6.8,6.8,6.8,0.0
2019-03-19 09:38:00,6.8,6.8,6.8,6.8,1438.0
2019-03-19 09:39:00,6.8,6.8,6.8,6.8,382.0
2019-03-19 09:51:00,6.7974,6.7974,6.78,6.78,618.0
2019-03-19 09:58:00,6.7969,6.7969,6.7969,6.7969,150.0
2019-03-19 10:01:00,6.8,6.8,6.79,6.79,930.0
2019-03-19 10:04:00,6.79,6.79,6.79,6.79,425.0
2019-03-19 10:36:00,6.8,6.8,6.8,6.8,102.0
2019-03-19 10:38:00,6.8,6.8,6.78,6.78,700.0
2019-03-19 10:44:00,6.7856,6.7857,6.7801,6.7857,1222.0
2019-03-19 10:46:00,6.8,6.8,6.8,6.8,100.0
2019-03-19 10:52:00,6.79,6.79,6.79,6.79,300.0
2019-03-19 10:57:00,6.78,6.78,6.77,6.78,4150.0
2019-03-19 10:59:00,6.78,6.78,6.78,6.78,300.0
2019-03-19 11:01:00,6.77,6.777,6.77,6.777,5953.0
2019-03-19 11:13:00,6.775,6.775,6.77,6.7733,387.0
2019-03-19 11:43:00,6.78,6.78,6.78,6.78,138.0
2019-03-19 12:00:00,6.7771,6.78,6.7771,6.78,303.0
2019-03-19 12:13:00,6.78,6.78,6.78,6.78,340.0
2019-03-19 12:40:00,6.78,6.78,6.78,6.78,300.0
2019-03-19 12:55:00,6.7778,6.7778,6.7778,6.7778,185.0
2019-03-19 13:00:00,6.775,6.78,6.775,6.78,4364.0
2019-03-19 13:07:00,6.775,6.775,6.7706,6.7706,540.0
2019-03-19 13:16:00,6.77,6.77,6.77,6.77,100.0
2019-03-19 13:21:00,6.775,6.775,6.77,6.7701,1400.0
2019-03-19 13:25:00,6.77,6.77,6.77,6.77,100.0
2019-03-19 13:31:00,6.78,6.78,6.77,6.77,4600.0
2019-03-19 13:39:00,6.77,6.77,6.77,6.77,1574.0
2019-03-19 13:49:00,6.77,6.77,6.77,6.77,300.0
2019-03-19 13:56:00,6.7797,6.7797,6.77,6.77,1850.0
2019-03-19 13:57:00,6.77,6.77,6.77,6.77,101.0
2019-03-19 13:59:00,6.7771,6.7771,6.77,6.77,1991.0
2019-03-19 14:03:00,6.77,6.77,6.77,6.77,355.0
2019-03-19 14:15:00,6.77,6.77,6.77,6.77,100.0
2019-03-19 14:22:00,6.77,6.77,6.77,6.77,100.0
2019-03-19 14:27:00,6.775,6.78,6.775,6.775,3585.0
2019-03-19 14:31:00,6.77,6.77,6.77,6.77,100.0
2019-03-19 14:35:00,6.7799,6.7799,6.7799,6.7799,1500.0
2019-03-19 14:42:00,6.77,6.77,6.77,6.77,100.0
2019-03-19 14:49:00,6.77,6.77,6.77,6.77,100.0
2019-03-19 14:56:00,6.77,6.79,6.77,6.78,14711.0
2019-03-19 14:59:00,6.78,6.78,6.78,6.78,100.0
2019-03-19 15:00:00,6.78,6.78,6.78,6.78,200.0
2019-03-19 15:01:00,6.78,6.78,6.78,6.78,280.0
2019-03-19 15:06:00,6.78,6.78,6.78,6.78,100.0
2019-03-19 15:10:00,6.7842,6.7842,6.7842,6.7842,2000.0
2019-03-19 15:11:00,6.78,6.78,6.78,6.78,100.0
2019-03-19 15:14:00,6.78,6.78,6.78,6.78,1220.0
2019-03-19 15:15:00,6.775,6.775,6.77,6.77,3880.0
2019-03-19 15:28:00,6.77,6.77,6.77,6.77,200.0
2019-03-19 15:30:00,6.77,6.77,6.77,6.77,100.0
2019-03-19 15:33:00,6.77,6.77,6.77,6.77,175.0
2019-03-19 15:46:00,6.765,6.765,6.76,6.76,218.0
2019-03-19 15:54:00,6.76,6.76,6.76,6.76,100.0
2019-03-19 15:57:00,6.76,6.76,6.76,6.76,100.0
2019-03-19 15:59:00,6.76,6.76,6.76,6.76,100.0
2019-03-19 16:00:00,6.75,6.75,6.75,6.75,719.0
2019-03-20 09:31:00,6.79,6.79,6.79,6.79,0.0
2019-03-20 09:46:00,6.77,6.77,6.77,6.77,300.0
2019-03-20 09:56:00,6.77,6.77,6.77,6.77,300.0
2019-03-20 09:58:00,6.77,6.77,6.77,6.77,300.0
2019-03-20 10:04:00,6.77,6.77,6.77,6.77,300.0
2019-03-20 10:06:00,6.77,6.77,6.77,6.77,300.0
2019-03-20 10:17:00,6.77,6.771,6.77,6.771,700.0
2019-03-20 10:18:00,6.77,6.77,6.77,6.77,300.0
2019-03-20 10:20:00,6.77,6.77,6.77,6.77,325.0
2019-03-20 10:25:00,6.77,6.77,6.77,6.77,1500.0
2019-03-20 10:33:00,6.75,6.75,6.75,6.75,100.0
2019-03-20 10:35:00,6.75,6.75,6.75,6.75,1700.0
2019-03-20 10:36:00,6.75,6.75,6.75,6.75,100.0
2019-03-20 10:37:00,6.7501,6.7501,6.7501,6.7501,100.0
2019-03-20 10:38:00,6.75,6.75,6.75,6.75,800.0
2019-03-20 10:39:00,6.75,6.7559,6.75,6.753,2100.0
2019-03-20 10:40:00,6.75,6.75,6.75,6.75,1001.0
2019-03-20 10:41:00,6.76,6.76,6.76,6.76,100.0
2019-03-20 10:42:00,6.75,6.75,6.75,6.75,100.0
2019-03-20 10:45:00,6.75,6.75,6.75,6.75,100.0
2019-03-20 10:49:00,6.75,6.75,6.75,6.75,100.0
2019-03-20 10:53:00,6.75,6.75,6.75,6.75,1200.0
2019-03-20 11:02:00,6.75,6.75,6.75,6.75,200.0
2019-03-20 11:06:00,6.75,6.75,6.75,6.75,100.0
2019-03-20 11:08:00,6.75,6.75,6.75,6.75,500.0
2019-03-20 11:10:00,6.75,6.75,6.75,6.75,100.0
2019-03-20 11:14:00,6.75,6.75,6.75,6.75,100.0
2019-03-20 11:18:00,6.75,6.75,6.75,6.75,100.0
2019-03-20 11:22:00,6.75,6.75,6.75,6.75,100.0
2019-03-20 11:27:00,6.75,6.75,6.75,6.75,101.0
2019-03-20 11:35:00,6.75,6.75,6.75,6.75,100.0
2019-03-20 11:37:00,6.7631,6.7631,6.7631,6.7631,274.0
2019-03-20 11:41:00,6.75,6.75,6.75,6.75,100.0
2019-03-20 11:46:00,6.75,6.75,6.75,6.75,100.0
2019-03-20 11:50:00,6.75,6.75,6.75,6.75,100.0
2019-03-20 11:55:00,6.75,6.75,6.75,6.75,100.0
2019-03-20 12:02:00,6.75,6.75,6.75,6.75,100.0
2019-03-20 12:08:00,6.7535,6.7535,6.7535,6.7535,400.0
2019-03-20 12:09:00,6.75,6.75,6.75,6.75,100.0
2019-03-20 12:14:00,6.75,6.75,6.75,6.75,100.0
2019-03-20 12:22:00,6.75,6.75,6.75,6.75,545.0
2019-03-20 12:25:00,6.75,6.75,6.75,6.75,100.0
2019-03-20 12:29:00,6.75,6.75,6.75,6.75,400.0
2019-03-20 12:31:00,6.75,6.75,6.75,6.75,100.0
2019-03-20 12:32:00,6.7639,6.7639,6.76,6.76,1300.0
2019-03-20 12:33:00,6.7512,6.76,6.75,6.76,3200.0
2019-03-20 12:35:00,6.7427,6.75,6.7427,6.75,2000.0
2019-03-20 12:37:00,6.74,6.74,6.74,6.74,1000.0
2019-03-20 12:41:00,6.7361,6.7361,6.7361,6.7361,300.0
2019-03-20 12:42:00,6.75,6.75,6.74,6.74,1100.0
2019-03-20 12:55:00,6.73,6.73,6.73,6.73,100.0
2019-03-20 13:01:00,6.73,6.73,6.73,6.73,106.0
2019-03-20 13:06:00,6.74,6.74,6.74,6.74,100.0
2019-03-20 13:13:00,6.74,6.74,6.74,6.74,200.0
2019-03-20 13:21:00,6.74,6.74,6.73,6.7345,2300.0
2019-03-20 13:24:00,6.73,6.73,6.73,6.73,100.0
2019-03-20 13:26:00,6.7352,6.7352,6.7352,6.7352,200.0
2019-03-20 13:29:00,6.73,6.73,6.73,6.73,101.0
2019-03-20 13:35:00,6.73,6.73,6.73,6.73,100.0
2019-03-20 13:41:00,6.73,6.73,6.73,6.73,100.0
2019-03-20 13:46:00,6.73,6.73,6.73,6.73,100.0
2019-03-20 13:51:00,6.73,6.73,6.73,6.73,100.0
2019-03-20 13:52:00,6.7338,6.7338,6.7338,6.7338,450.0
2019-03-20 13:56:00,6.73,6.73,6.73,6.73,100.0
2019-03-20 13:59:00,6.73,6.73,6.73,6.73,1000.0
2019-03-20 14:00:00,6.73,6.73,6.73,6.73,100.0
2019-03-20 14:03:00,6.74,6.74,6.735,6.74,1070.0
2019-03-20 14:05:00,6.74,6.74,6.74,6.74,851.0
2019-03-20 14:21:00,6.74,6.74,6.74,6.74,100.0
2019-03-20 14:24:00,6.74,6.74,6.74,6.74,100.0
2019-03-20 14:25:00,6.7429,6.7429,6.7429,6.7429,666.0
2019-03-20 14:27:00,6.74,6.74,6.74,6.74,100.0
2019-03-20 14:31:00,6.7499,6.7499,6.74,6.74,550.0
2019-03-20 14:33:00,6.74,6.74,6.74,6.74,10900.0
2019-03-20 14:34:00,6.74,6.74,6.74,6.74,1500.0
2019-03-20 14:35:00,6.73,6.73,6.73,6.73,100.0
2019-03-20 14:37:00,6.74,6.74,6.74,6.74,1700.0
2019-03-20 14:39:00,6.73,6.74,6.73,6.74,200.0
2019-03-20 14:44:00,6.73,6.73,6.73,6.73,100.0
2019-03-20 14:48:00,6.73,6.73,6.73,6.73,100.0
2019-03-20 14:50:00,6.7399,6.7399,6.7399,6.7399,531.0
2019-03-20 14:51:00,6.74,6.74,6.74,6.74,200.0
2019-03-20 14:55:00,6.73,6.73,6.73,6.73,100.0
2019-03-20 14:59:00,6.73,6.73,6.73,6.73,100.0
2019-03-20 15:02:00,6.73,6.73,6.73,6.73,100.0
2019-03-20 15:05:00,6.7381,6.7381,6.7381,6.7381,693.0
2019-03-20 15:06:00,6.73,6.73,6.73,6.73,100.0
2019-03-20 15:10:00,6.73,6.73,6.73,6.73,100.0
2019-03-20 15:14:00,6.73,6.73,6.73,6.73,100.0
2019-03-20 15:16:00,6.73,6.73,6.73,6.73,400.0
2019-03-20 15:17:00,6.73,6.73,6.73,6.73,100.0
2019-03-20 15:20:00,6.73,6.73,6.73,6.73,100.0
2019-03-20 15:23:00,6.74,6.74,6.74,6.74,300.0
2019-03-20 15:24:00,6.73,6.73,6.73,6.73,100.0
2019-03-20 15:27:00,6.73,6.73,6.73,6.73,100.0
2019-03-20 15:30:00,6.73,6.73,6.73,6.73,100.0
2019-03-20 15:33:00,6.73,6.73,6.73,6.73,100.0
2019-03-20 15:34:00,6.733,6.733,6.733,6.733,1455.0
2019-03-20 15:36:00,6.73,6.73,6.73,6.73,130.0
2019-03-20 15:38:00,6.73,6.73,6.73,6.73,121.0
2019-03-20 15:39:00,6.72,6.72,6.715,6.72,5600.0
2019-03-20 15:41:00,6.71,6.71,6.71,6.71,100.0
2019-03-20 15:45:00,6.71,6.71,6.71,6.71,100.0
2019-03-20 15:47:00,6.71,6.71,6.71,6.71,100.0
2019-03-20 15:48:00,6.71,6.71,6.71,6.71,100.0
2019-03-20 15:50:00,6.71,6.71,6.71,6.71,200.0
2019-03-20 15:51:00,6.71,6.71,6.71,6.71,100.0
2019-03-20 15:53:00,6.71,6.71,6.71,6.71,100.0
2019-03-20 15:54:00,6.71,6.71,6.71,6.71,100.0
2019-03-20 15:56:00,6.71,6.71,6.71,6.71,113.0
2019-03-20 15:57:00,6.71,6.71,6.71,6.71,287.0
2019-03-20 15:58:00,6.71,6.71,6.71,6.71,100.0
2019-03-20 15:59:00,6.71,6.71,6.71,6.71,100.0
2019-03-20 16:00:00,6.71,6.71,6.71,6.71,945.0
2019-03-21 09:31:00,6.75,6.75,6.75,6.75,0.0
2019-03-21 09:38:00,6.74,6.74,6.73,6.74,3344.0
2019-03-21 09:40:00,6.7201,6.7201,6.7201,6.7201,2663.0
2019-03-21 09:45:00,6.73,6.73,6.73,6.73,174.0
2019-03-21 09:53:00,6.73,6.73,6.73,6.73,600.0
2019-03-21 10:02:00,6.72,6.72,6.72,6.72,1900.0
2019-03-21 10:03:00,6.7295,6.73,6.725,6.7299,1100.0
2019-03-21 10:09:00,6.73,6.74,6.73,6.73,800.0
2019-03-21 10:14:00,6.727,6.727,6.72,6.7261,705.0
2019-03-21 10:16:00,6.7336,6.7336,6.7201,6.7201,2953.0
2019-03-21 10:30:00,6.72,6.72,6.72,6.72,775.0
2019-03-21 10:40:00,6.74,6.74,6.74,6.74,170.0
2019-03-21 10:56:00,6.7367,6.74,6.7367,6.7371,3700.0
2019-03-21 11:25:00,6.7428,6.7471,6.7428,6.7471,2804.0
2019-03-21 11:27:00,6.75,6.75,6.7484,6.7484,300.0
2019-03-21 11:34:00,6.75,6.75,6.75,6.75,100.0
2019-03-21 11:42:00,6.75,6.75,6.7499,6.7499,1056.0
2019-03-21 11:43:00,6.75,6.75,6.7484,6.75,1120.0
2019-03-21 12:01:00,6.7442,6.7442,6.7442,6.7442,419.0
2019-03-21 12:21:00,6.745,6.745,6.745,6.745,368.0
2019-03-21 12:41:00,6.7685,6.7685,6.7685,6.7685,760.0
2019-03-21 12:46:00,6.8,6.8,6.8,6.8,2565.0
2019-03-21 12:57:00,6.78,6.78,6.78,6.78,5300.0
2019-03-21 12:59:00,6.78,6.78,6.78,6.78,9884.0
2019-03-21 13:01:00,6.79,6.79,6.79,6.79,9300.0
2019-03-21 13:02:00,6.79,6.79,6.79,6.79,26910.0
2019-03-21 13:14:00,6.7853,6.7853,6.7853,6.7853,144.0
2019-03-21 13:24:00,6.79,6.79,6.79,6.79,1032.0
2019-03-21 13:27:00,6.795,6.795,6.795,6.795,1800.0
2019-03-21 13:31:00,6.7999,6.8,6.7999,6.8,5468.0
2019-03-21 13:49:00,6.8,6.8,6.8,6.8,3798.0
2019-03-21 14:05:00,6.7981,6.7981,6.7981,6.7981,758.0
2019-03-21 14:24:00,6.7958,6.7958,6.7958,6.7958,500.0
2019-03-21 14:54:00,6.7941,6.7941,6.7941,6.7941,1226.0
2019-03-21 15:02:00,6.81,6.81,6.81,6.81,100.0
2019-03-21 15:05:00,6.8,6.8,6.8,6.8,100.0
2019-03-21 15:08:00,6.809,6.809,6.802,6.802,4976.0
2019-03-21 15:17:00,6.7981,6.7981,6.7981,6.7981,3676.0
2019-03-21 15:25:00,6.7902,6.7902,6.7902,6.7902,1344.0
2019-03-21 15:34:00,6.798,6.798,6.798,6.798,1155.0
2019-03-21 15:35:00,6.799,6.799,6.799,6.799,500.0
2019-03-21 15:39:00,6.8,6.8,6.7975,6.7975,5824.0
2019-03-21 15:40:00,6.8,6.8,6.8,6.8,2900.0
2019-03-21 15:56:00,6.8029,6.8029,6.8029,6.8029,4400.0
2019-03-21 16:00:00,6.81,6.81,6.81,6.81,100.0
2019-03-22 09:31:00,6.8,6.8,6.8,6.8,0.0
2019-03-22 09:34:00,6.78,6.78,6.78,6.78,100.0
2019-03-22 09:41:00,6.77,6.77,6.7671,6.77,3947.0
2019-03-22 09:42:00,6.775,6.775,6.775,6.775,200.0
2019-03-22 09:44:00,6.77,6.77,6.77,6.77,300.0
2019-03-22 09:48:00,6.77,6.77,6.77,6.77,100.0
2019-03-22 09:50:00,6.77,6.77,6.77,6.77,600.0
2019-03-22 09:51:00,6.77,6.77,6.77,6.77,700.0
2019-03-22 09:55:00,6.76,6.76,6.76,6.76,200.0
2019-03-22 10:03:00,6.76,6.76,6.76,6.76,400.0
2019-03-22 10:04:00,6.767,6.767,6.767,6.767,100.0
2019-03-22 10:13:00,6.76,6.76,6.76,6.76,100.0
2019-03-22 10:14:00,6.769,6.77,6.7687,6.7687,3000.0
2019-03-22 10:21:00,6.76,6.76,6.76,6.76,100.0
2019-03-22 10:29:00,6.7655,6.7655,6.7655,6.7655,805.0
2019-03-22 10:39:00,6.77,6.77,6.77,6.77,100.0
2019-03-22 10:50:00,6.76,6.76,6.76,6.76,100.0
2019-03-22 10:52:00,6.76,6.76,6.76,6.76,100.0
2019-03-22 10:54:00,6.76,6.76,6.76,6.76,101.0
2019-03-22 11:06:00,6.76,6.76,6.76,6.76,100.0
2019-03-22 11:11:00,6.77,6.77,6.77,6.77,100.0
2019-03-22 11:12:00,6.7666,6.7699,6.7666,6.7666,1700.0
2019-03-22 11:16:00,6.76,6.76,6.75,6.75,1401.0
2019-03-22 11:30:00,6.75,6.75,6.75,6.75,100.0
2019-03-22 11:44:00,6.75,6.75,6.75,6.75,100.0
2019-03-22 11:49:00,6.76,6.76,6.76,6.76,100.0
2019-03-22 11:52:00,6.755,6.755,6.75,6.75,1900.0
2019-03-22 11:53:00,6.75,6.75,6.75,6.75,400.0
2019-03-22 11:54:00,6.7504,6.7504,6.7504,6.7504,1600.0
2019-03-22 11:56:00,6.75,6.75,6.6999,6.7,10419.0
2019-03-22 11:57:00,6.7,6.7,6.7,6.7,600.0
2019-03-22 12:00:00,6.69,6.69,6.69,6.69,135.0
2019-03-22 12:02:00,6.69,6.69,6.69,6.69,100.0
2019-03-22 12:07:00,6.7,6.7,6.7,6.7,2800.0
2019-03-22 12:08:00,6.695,6.695,6.691,6.691,9900.0
2019-03-22 12:17:00,6.69,6.69,6.69,6.69,100.0
2019-03-22 12:20:00,6.69,6.69,6.69,6.69,100.0
2019-03-22 12:21:00,6.6952,6.6952,6.6952,6.6952,100.0
2019-03-22 12:23:00,6.7,6.7,6.69,6.7,1000.0
2019-03-22 12:29:00,6.69,6.69,6.69,6.69,100.0
2019-03-22 12:32:00,6.6957,6.6957,6.6957,6.6957,440.0
2019-03-22 12:33:00,6.6933,6.6933,6.6933,6.6933,1500.0
2019-03-22 12:37:00,6.69,6.69,6.69,6.69,100.0
2019-03-22 12:39:00,6.6931,6.6933,6.6931,6.6933,3418.0
2019-03-22 12:42:00,6.69,6.6927,6.69,6.69,1400.0
2019-03-22 12:44:00,6.69,6.69,6.69,6.69,100.0
2019-03-22 12:46:00,6.6999,6.6999,6.6999,6.6999,1085.0
2019-03-22 12:49:00,6.69,6.69,6.69,6.69,100.0
2019-03-22 12:52:00,6.6934,6.6934,6.6934,6.6934,1000.0
2019-03-22 12:53:00,6.6999,6.6999,6.6999,6.6999,1099.0
2019-03-22 12:54:00,6.69,6.69,6.69,6.69,100.0
2019-03-22 12:55:00,6.6999,6.6999,6.6999,6.6999,1107.0
2019-03-22 12:58:00,6.695,6.695,6.6901,6.6901,911.0
2019-03-22 13:01:00,6.69,6.69,6.69,6.69,200.0
2019-03-22 13:11:00,6.6971,6.6971,6.6971,6.6971,2000.0
2019-03-22 13:12:00,6.695,6.7,6.695,6.7,457.0
2019-03-22 13:17:00,6.69,6.69,6.69,6.69,294.0
2019-03-22 13:33:00,6.6999,6.6999,6.6973,6.6973,1203.0
2019-03-22 13:40:00,6.69,6.69,6.69,6.69,100.0
2019-03-22 13:49:00,6.69,6.69,6.69,6.69,200.0
2019-03-22 13:55:00,6.69,6.69,6.69,6.69,100.0
2019-03-22 13:56:00,6.6923,6.6923,6.6923,6.6923,400.0
2019-03-22 14:00:00,6.695,6.695,6.69,6.6912,4148.0
2019-03-22 14:05:00,6.69,6.69,6.69,6.69,100.0
2019-03-22 14:10:00,6.6999,6.6999,6.6999,6.6999,590.0
2019-03-22 14:13:00,6.69,6.69,6.69,6.69,100.0
2019-03-22 14:24:00,6.69,6.69,6.69,6.69,100.0
2019-03-22 14:26:00,6.6999,6.6999,6.6999,6.6999,236.0
2019-03-22 14:54:00,6.6999,6.7,6.6999,6.7,1800.0
2019-03-22 15:03:00,6.7,6.71,6.7,6.71,4527.0
2019-03-22 15:15:00,6.7001,6.7001,6.7001,6.7001,1250.0
2019-03-22 15:29:00,6.7,6.7,6.7,6.7,700.0
2019-03-22 15:30:00,6.7,6.7,6.7,6.7,1781.0
2019-03-22 15:31:00,6.7,6.7,6.7,6.7,100.0
2019-03-22 15:32:00,6.7,6.7,6.7,6.7,619.0
2019-03-22 15:56:00,6.7,6.7,6.7,6.7,101.0
2019-03-22 15:57:00,6.71,6.71,6.709,6.709,562.0
2019-03-22 15:59:00,6.7064,6.7064,6.7064,6.7064,195.0
2019-03-22 16:00:00,6.71,6.71,6.7,6.7,2008.0
2019-03-25 09:31:00,6.7,6.7,6.7,6.7,0.0
2019-03-25 09:41:00,6.71,6.71,6.71,6.71,100.0
2019-03-25 09:47:00,6.7,6.7,6.7,6.7,500.0
2019-03-25 09:50:00,6.68,6.68,6.68,6.68,100.0
2019-03-25 10:01:00,6.665,6.665,6.665,6.665,100.0
2019-03-25 10:02:00,6.6607,6.6607,6.6607,6.6607,700.0
2019-03-25 10:06:00,6.6578,6.6578,6.6578,6.6578,611.0
2019-03-25 10:22:00,6.654,6.654,6.654,6.654,1500.0
2019-03-25 10:24:00,6.66,6.66,6.66,6.66,100.0
2019-03-25 10:26:00,6.66,6.66,6.66,6.66,100.0
2019-03-25 10:31:00,6.6501,6.6501,6.6501,6.6501,269.0
2019-03-25 10:33:00,6.66,6.66,6.66,6.66,987.0
2019-03-25 10:34:00,6.66,6.66,6.66,6.66,200.0
2019-03-25 10:36:00,6.66,6.66,6.66,6.66,500.0
2019-03-25 10:37:00,6.667,6.667,6.667,6.667,2300.0
2019-03-25 10:40:00,6.665,6.665,6.665,6.665,2400.0
2019-03-25 10:42:00,6.67,6.67,6.67,6.67,1626.0
2019-03-25 11:10:00,6.6699,6.6699,6.6699,6.6699,1720.0
2019-03-25 11:15:00,6.67,6.67,6.67,6.67,550.0
2019-03-25 11:16:00,6.6699,6.6699,6.6699,6.6699,1726.0
2019-03-25 11:18:00,6.6699,6.6699,6.6699,6.6699,1111.0
2019-03-25 11:22:00,6.67,6.67,6.67,6.67,1601.0
2019-03-25 11:32:00,6.6729,6.6729,6.6729,6.6729,1501.0
2019-03-25 11:48:00,6.6732,6.6732,6.6732,6.6732,200.0
2019-03-25 12:39:00,6.67,6.67,6.67,6.67,740.0
2019-03-25 12:43:00,6.671,6.671,6.671,6.671,916.0
2019-03-25 12:48:00,6.6701,6.6701,6.6701,6.6701,700.0
2019-03-25 12:53:00,6.6734,6.6734,6.6734,6.6734,410.0
2019-03-25 13:22:00,6.6799,6.6799,6.673,6.673,947.0
2019-03-25 13:32:00,6.6752,6.6752,6.6752,6.6752,3389.0
2019-03-25 13:36:00,6.68,6.68,6.68,6.68,100.0
2019-03-25 13:47:00,6.67,6.67,6.67,6.67,4800.0
2019-03-25 13:50:00,6.665,6.665,6.66,6.66,877.0
2019-03-25 14:30:00,6.66,6.66,6.66,6.66,136.0
2019-03-25 14:38:00,6.66,6.66,6.66,6.66,100.0
2019-03-25 14:39:00,6.6636,6.6636,6.6636,6.6636,1120.0
2019-03-25 14:43:00,6.665,6.665,6.665,6.665,100.0
2019-03-25 14:45:00,6.66,6.66,6.66,6.66,100.0
2019-03-25 14:49:00,6.66,6.66,6.66,6.66,200.0
2019-03-25 14:52:00,6.66,6.66,6.66,6.66,100.0
2019-03-25 14:54:00,6.66,6.66,6.66,6.66,100.0
2019-03-25 15:00:00,6.66,6.66,6.66,6.66,355.0
2019-03-25 15:13:00,6.66,6.66,6.66,6.66,106.0
2019-03-25 15:17:00,6.66,6.66,6.66,6.66,200.0
2019-03-25 15:19:00,6.66,6.66,6.66,6.66,1851.0
2019-03-25 15:26:00,6.67,6.67,6.67,6.67,710.0
2019-03-25 15:44:00,6.6699,6.6699,6.6699,6.6699,1000.0
2019-03-25 15:47:00,6.67,6.67,6.67,6.67,300.0
2019-03-25 15:56:00,6.6635,6.6635,6.6635,6.6635,572.0
2019-03-25 16:00:00,6.67,6.67,6.67,6.67,0.0
2019-03-26 09:31:00,6.7,6.7,6.7,6.7,0.0
2019-03-26 09:54:00,6.68,6.6869,6.68,6.6869,5650.0
2019-03-26 09:56:00,6.69,6.69,6.69,6.69,100.0
2019-03-26 09:58:00,6.69,6.7,6.69,6.7,600.0
2019-03-26 10:03:00,6.695,6.7,6.695,6.7,1579.0
2019-03-26 10:20:00,6.71,6.71,6.71,6.71,100.0
2019-03-26 10:28:00,6.71,6.71,6.71,6.71,100.0
2019-03-26 10:43:00,6.71,6.71,6.71,6.71,142.0
2019-03-26 11:11:00,6.68,6.69,6.68,6.69,4934.0
2019-03-26 12:13:00,6.68,6.68,6.68,6.68,534.0
2019-03-26 12:23:00,6.6863,6.6863,6.6863,6.6863,809.0
2019-03-26 12:39:00,6.6885,6.6885,6.6885,6.6885,0.0
2019-03-26 12:42:00,6.68,6.68,6.68,6.68,100.0
2019-03-26 12:43:00,6.68,6.68,6.68,6.68,2130.0
2019-03-26 12:50:00,6.69,6.69,6.69,6.69,1504.0
2019-03-26 13:30:00,6.685,6.685,6.685,6.685,200.0
2019-03-26 13:31:00,6.68,6.68,6.68,6.68,400.0
2019-03-26 13:34:00,6.6801,6.6801,6.6801,6.6801,3591.0
2019-03-26 14:05:00,6.68,6.68,6.68,6.68,300.0
2019-03-26 14:07:00,6.68,6.68,6.68,6.68,0.0
2019-03-26 14:15:00,6.6765,6.6765,6.6765,6.6765,4025.0
2019-03-26 14:19:00,6.68,6.68,6.675,6.675,200.0
2019-03-26 14:20:00,6.6741,6.6741,6.6741,6.6741,1465.0
2019-03-26 14:25:00,6.671,6.671,6.671,6.671,693.0
2019-03-26 14:34:00,6.6799,6.6799,6.6799,6.6799,511.0
2019-03-26 14:35:00,6.68,6.68,6.68,6.68,4176.0
2019-03-26 14:42:00,6.68,6.68,6.68,6.68,4300.0
2019-03-26 14:50:00,6.675,6.675,6.671,6.671,350.0
2019-03-26 14:57:00,6.6755,6.6755,6.6755,6.6755,1000.0
2019-03-26 15:37:00,6.68,6.68,6.68,6.68,2304.0
2019-03-26 15:49:00,6.6799,6.6799,6.6799,6.6799,569.0
2019-03-26 15:52:00,6.68,6.68,6.6767,6.6767,2571.0
2019-03-26 15:57:00,6.6799,6.6799,6.6799,6.6799,576.0
2019-03-26 15:59:00,6.675,6.675,6.675,6.675,625.0
2019-03-26 16:00:00,6.68,6.68,6.68,6.68,1400.0
2019-03-27 09:31:00,6.72,6.72,6.72,6.72,0.0
2019-03-27 09:33:00,6.71,6.71,6.71,6.71,100.0
2019-03-27 09:38:00,6.7,6.7,6.7,6.7,400.0
2019-03-27 09:40:00,6.71,6.71,6.71,6.71,100.0
2019-03-27 09:42:00,6.71,6.71,6.71,6.71,100.0
2019-03-27 09:45:00,6.71,6.71,6.71,6.71,100.0
2019-03-27 09:47:00,6.7,6.7086,6.7,6.7086,1300.0
2019-03-27 09:48:00,6.71,6.71,6.71,6.71,100.0
2019-03-27 09:49:00,6.7,6.7,6.7,6.7,100.0
2019-03-27 09:50:00,6.7,6.7,6.7,6.7,111.0
2019-03-27 09:53:00,6.7,6.7,6.7,6.7,100.0
2019-03-27 09:54:00,6.7,6.7,6.7,6.7,300.0
2019-03-27 09:55:00,6.7,6.7,6.7,6.7,100.0
2019-03-27 09:57:00,6.6993,6.6993,6.6993,6.6993,100.0
2019-03-27 09:59:00,6.6993,6.6993,6.6993,6.6993,100.0
2019-03-27 10:01:00,6.6993,6.6993,6.6993,6.6993,102.0
2019-03-27 10:02:00,6.7,6.7,6.7,6.7,102.0
2019-03-27 10:05:00,6.6993,6.6993,6.6993,6.6993,102.0
2019-03-27 10:08:00,6.7,6.7,6.7,6.7,205.0
2019-03-27 10:11:00,6.7,6.7,6.7,6.7,100.0
2019-03-27 10:12:00,6.6993,6.6993,6.6993,6.6993,100.0
2019-03-27 10:13:00,6.6948,6.7,6.6948,6.7,1192.0
2019-03-27 10:14:00,6.7,6.7,6.7,6.7,101.0
2019-03-27 10:15:00,6.7,6.7,6.7,6.7,100.0
2019-03-27 10:17:00,6.7,6.7,6.7,6.7,228.0
2019-03-27 10:31:00,6.7094,6.7094,6.7094,6.7094,1100.0
2019-03-27 10:32:00,6.705,6.705,6.705,6.705,400.0
2019-03-27 10:35:00,6.71,6.71,6.71,6.71,101.0
2019-03-27 10:41:00,6.71,6.71,6.71,6.71,100.0
2019-03-27 10:46:00,6.71,6.71,6.71,6.71,100.0
2019-03-27 10:49:00,6.71,6.71,6.71,6.71,100.0
2019-03-27 10:53:00,6.71,6.71,6.71,6.71,100.0
2019-03-27 10:57:00,6.71,6.71,6.71,6.71,100.0
2019-03-27 10:59:00,6.71,6.71,6.71,6.71,100.0
2019-03-27 11:00:00,6.71,6.71,6.71,6.71,100.0
2019-03-27 11:01:00,6.71,6.71,6.71,6.71,102.0
2019-03-27 11:05:00,6.71,6.71,6.71,6.71,100.0
2019-03-27 11:08:00,6.7028,6.7028,6.7028,6.7028,500.0
2019-03-27 11:09:00,6.71,6.71,6.71,6.71,100.0
2019-03-27 11:10:00,6.704,6.71,6.704,6.71,1268.0
2019-03-27 11:12:00,6.71,6.71,6.71,6.71,200.0
2019-03-27 11:13:00,6.71,6.71,6.71,6.71,101.0
2019-03-27 11:15:00,6.71,6.71,6.71,6.71,101.0
2019-03-27 11:16:00,6.71,6.71,6.71,6.71,100.0
2019-03-27 11:17:00,6.71,6.71,6.71,6.71,101.0
2019-03-27 11:18:00,6.71,6.71,6.71,6.71,101.0
2019-03-27 11:20:00,6.71,6.71,6.71,6.71,103.0
2019-03-27 11:24:00,6.71,6.71,6.71,6.71,104.0
2019-03-27 11:26:00,6.71,6.71,6.71,6.71,101.0
2019-03-27 11:27:00,6.71,6.71,6.71,6.71,100.0
2019-03-27 11:28:00,6.71,6.71,6.71,6.71,200.0
2019-03-27 11:29:00,6.7,6.7,6.7,6.7,200.0
2019-03-27 11:30:00,6.7,6.7,6.7,6.7,505.0
2019-03-27 11:33:00,6.71,6.71,6.71,6.71,100.0
2019-03-27 11:37:00,6.7093,6.7093,6.7093,6.7093,100.0
2019-03-27 11:40:00,6.7093,6.7093,6.7093,6.7093,100.0
2019-03-27 11:43:00,6.705,6.705,6.7,6.7,200.0
2019-03-27 11:45:00,6.705,6.705,6.7001,6.705,3900.0
2019-03-27 11:46:00,6.705,6.705,6.705,6.705,600.0
2019-03-27 11:49:00,6.71,6.71,6.71,6.71,100.0
2019-03-27 11:52:00,6.71,6.71,6.71,6.71,101.0
2019-03-27 11:55:00,6.707,6.71,6.707,6.71,700.0
2019-03-27 11:58:00,6.71,6.71,6.71,6.71,100.0
2019-03-27 12:01:00,6.705,6.705,6.705,6.705,510.0
2019-03-27 12:04:00,6.7,6.7,6.7,6.7,0.0
2019-03-27 12:05:00,6.7,6.7,6.7,6.7,26988.0
2019-03-27 12:06:00,6.7,6.7,6.7,6.7,100.0
2019-03-27 12:07:00,6.7,6.7,6.7,6.7,100.0
2019-03-27 12:08:00,6.7,6.7,6.7,6.7,500.0
2019-03-27 12:09:00,6.6965,6.6965,6.6965,6.6965,500.0
2019-03-27 12:10:00,6.7,6.7,6.7,6.7,100.0
2019-03-27 12:12:00,6.695,6.695,6.69,6.69,3200.0
2019-03-27 12:14:00,6.69,6.69,6.69,6.69,100.0
2019-03-27 12:16:00,6.69,6.69,6.69,6.69,100.0
2019-03-27 12:17:00,6.69,6.69,6.69,6.69,100.0
2019-03-27 12:35:00,6.69,6.69,6.69,6.69,601.0
2019-03-27 12:40:00,6.69,6.69,6.69,6.69,100.0
2019-03-27 12:50:00,6.69,6.69,6.6801,6.69,4000.0
2019-03-27 12:51:00,6.69,6.69,6.69,6.69,100.0
2019-03-27 12:53:00,6.69,6.69,6.69,6.69,100.0
2019-03-27 12:55:00,6.69,6.69,6.69,6.69,100.0
2019-03-27 12:56:00,6.69,6.69,6.69,6.69,100.0
2019-03-27 12:57:00,6.69,6.69,6.69,6.69,100.0
2019-03-27 12:59:00,6.69,6.69,6.69,6.69,100.0
2019-03-27 13:00:00,6.69,6.69,6.69,6.69,194.0
2019-03-27 13:02:00,6.6847,6.6847,6.6847,6.6847,493.0
2019-03-27 13:15:00,6.69,6.69,6.69,6.69,1000.0
2019-03-27 13:28:00,6.6986,6.6986,6.6986,6.6986,100.0
2019-03-27 13:29:00,6.6998,6.6998,6.6998,6.6998,500.0
2019-03-27 13:31:00,6.6986,6.6986,6.6986,6.6986,100.0
2019-03-27 13:34:00,6.6986,6.6986,6.6986,6.6986,100.0
2019-03-27 13:36:00,6.6986,6.6986,6.6986,6.6986,100.0
2019-03-27 13:38:00,6.6986,6.6986,6.6986,6.6986,100.0
2019-03-27 13:41:00,6.6986,6.6986,6.6986,6.6986,100.0
2019-03-27 13:42:00,6.7,6.7,6.7,6.7,400.0
2019-03-27 13:52:00,6.697,6.697,6.697,6.697,100.0
2019-03-27 14:06:00,6.7,6.7,6.7,6.7,100.0
2019-03-27 14:07:00,6.7,6.7,6.7,6.7,100.0
2019-03-27 14:09:00,6.7,6.7,6.7,6.7,400.0
2019-03-27 14:11:00,6.7,6.7,6.7,6.7,100.0
2019-03-27 14:13:00,6.6993,6.6993,6.6993,6.6993,100.0
2019-03-27 14:16:00,6.6993,6.6993,6.6993,6.6993,100.0
2019-03-27 14:21:00,6.6993,6.6993,6.6993,6.6993,100.0
2019-03-27 14:23:00,6.6993,6.6993,6.6993,6.6993,100.0
2019-03-27 14:24:00,6.7,6.7,6.7,6.7,100.0
2019-03-27 14:27:00,6.7,6.7,6.7,6.7,100.0
2019-03-27 14:28:00,6.7,6.7,6.7,6.7,100.0
2019-03-27 14:30:00,6.7,6.7,6.7,6.7,100.0
2019-03-27 14:31:00,6.6978,6.7,6.6978,6.7,1400.0
2019-03-27 14:32:00,6.7093,6.7093,6.7093,6.7093,100.0
2019-03-27 14:36:00,6.7093,6.7093,6.7093,6.7093,100.0
2019-03-27 14:37:00,6.71,6.71,6.71,6.71,100.0
2019-03-27 14:39:00,6.71,6.71,6.71,6.71,100.0
2019-03-27 14:41:00,6.71,6.71,6.71,6.71,100.0
2019-03-27 14:43:00,6.71,6.71,6.71,6.71,101.0
2019-03-27 14:47:00,6.71,6.71,6.71,6.71,100.0
2019-03-27 14:48:00,6.71,6.71,6.71,6.71,100.0
2019-03-27 14:50:00,6.71,6.71,6.71,6.71,100.0
2019-03-27 14:51:00,6.71,6.71,6.71,6.71,100.0
2019-03-27 14:55:00,6.71,6.71,6.71,6.71,100.0
2019-03-27 14:58:00,6.71,6.71,6.71,6.71,100.0
2019-03-27 15:01:00,6.7093,6.7093,6.7093,6.7093,100.0
2019-03-27 15:03:00,6.7093,6.7093,6.7093,6.7093,100.0
2019-03-27 15:05:00,6.7093,6.7093,6.7093,6.7093,100.0
2019-03-27 15:06:00,6.71,6.71,6.71,6.71,116.0
2019-03-27 15:07:00,6.71,6.71,6.71,6.71,500.0
2019-03-27 15:17:00,6.7082,6.7082,6.7082,6.7082,1250.0
2019-03-27 15:23:00,6.71,6.71,6.71,6.71,300.0
2019-03-27 15:49:00,6.71,6.71,6.71,6.71,100.0
2019-03-27 15:53:00,6.7,6.7,6.7,6.7,1100.0
2019-03-27 15:54:00,6.7,6.7,6.6975,6.6975,998.0
2019-03-27 15:55:00,6.7,6.7,6.7,6.7,300.0
2019-03-27 15:56:00,6.7,6.7,6.7,6.7,200.0
2019-03-27 16:00:00,6.71,6.71,6.71,6.71,100.0
2019-03-28 09:31:00,6.72,6.72,6.72,6.72,0.0
2019-03-28 09:33:00,6.6901,6.6901,6.6901,6.6901,0.0
2019-03-28 10:10:00,6.7199,6.7199,6.7199,6.7199,1800.0
2019-03-28 10:13:00,6.72,6.72,6.72,6.72,100.0
2019-03-28 10:14:00,6.72,6.72,6.72,6.72,619.0
2019-03-28 10:16:00,6.72,6.72,6.72,6.72,619.0
2019-03-28 10:20:00,6.72,6.72,6.72,6.72,200.0
2019-03-28 10:25:00,6.72,6.72,6.72,6.72,100.0
2019-03-28 10:31:00,6.72,6.72,6.72,6.72,100.0
2019-03-28 10:32:00,6.72,6.72,6.72,6.72,2271.0
2019-03-28 10:36:00,6.72,6.72,6.72,6.72,136.0
2019-03-28 10:41:00,6.72,6.72,6.72,6.72,124.0
2019-03-28 10:58:00,6.72,6.72,6.7135,6.7135,200.0
2019-03-28 11:01:00,6.72,6.72,6.72,6.72,500.0
2019-03-28 11:07:00,6.71,6.71,6.71,6.71,2130.0
2019-03-28 11:09:00,6.71,6.71,6.71,6.71,200.0
2019-03-28 11:12:00,6.71,6.71,6.7069,6.71,5200.0
2019-03-28 11:14:00,6.72,6.72,6.72,6.72,1335.0
2019-03-28 11:23:00,6.72,6.72,6.72,6.72,3100.0
2019-03-28 11:28:00,6.7141,6.7141,6.7141,6.7141,1344.0
2019-03-28 11:29:00,6.71,6.71,6.71,6.71,2211.0
2019-03-28 11:39:00,6.71,6.71,6.71,6.71,100.0
2019-03-28 11:41:00,6.71,6.7197,6.71,6.7197,5133.0
2019-03-28 12:28:00,6.71,6.71,6.71,6.71,300.0
2019-03-28 12:31:00,6.705,6.705,6.7001,6.7001,4234.0
2019-03-28 12:35:00,6.7,6.7,6.7,6.7,1192.0
2019-03-28 12:45:00,6.6935,6.6935,6.6935,6.6935,203.0
2019-03-28 12:59:00,6.6963,6.6963,6.6963,6.6963,500.0
2019-03-28 13:54:00,6.69,6.69,6.69,6.69,400.0
2019-03-28 14:01:00,6.7,6.7,6.7,6.7,300.0
2019-03-28 14:02:00,6.6966,6.6966,6.6966,6.6966,425.0
2019-03-28 14:25:00,6.7,6.72,6.7,6.72,3940.0
2019-03-28 14:29:00,6.7133,6.7133,6.7133,6.7133,272.0
2019-03-28 14:36:00,6.7199,6.7199,6.7199,6.7199,1595.0
2019-03-28 14:40:00,6.7199,6.7199,6.7199,6.7199,1713.0
2019-03-28 14:44:00,6.7054,6.7054,6.7054,6.7054,600.0
2019-03-28 14:47:00,6.7001,6.7001,6.7001,6.7001,173.0
2019-03-28 14:49:00,6.72,6.72,6.72,6.72,100.0
2019-03-28 15:04:00,6.72,6.72,6.72,6.72,100.0
2019-03-28 15:17:00,6.72,6.72,6.72,6.72,100.0
2019-03-28 15:29:00,6.72,6.72,6.72,6.72,100.0
2019-03-28 15:30:00,6.7199,6.7199,6.7199,6.7199,280.0
2019-03-28 15:39:00,6.72,6.72,6.72,6.72,198.0
2019-03-28 15:48:00,6.72,6.72,6.72,6.72,100.0
2019-03-28 15:51:00,6.72,6.72,6.72,6.72,100.0
2019-03-28 15:52:00,6.73,6.73,6.73,6.73,300.0
2019-03-28 15:53:00,6.73,6.73,6.73,6.73,150.0
2019-03-28 15:54:00,6.73,6.73,6.7228,6.73,990.0
2019-03-28 15:55:00,6.7299,6.7299,6.7299,6.7299,1040.0
2019-03-28 15:56:00,6.7299,6.7299,6.7299,6.7299,350.0
2019-03-28 15:57:00,6.7299,6.7299,6.7299,6.7299,150.0
2019-03-28 15:58:00,6.7285,6.7285,6.7285,6.7285,1463.0
2019-03-28 15:59:00,6.7299,6.73,6.7299,6.73,350.0
2019-03-28 16:00:00,6.73,6.73,6.73,6.73,400.0
2019-03-29 09:32:00,6.78,6.78,6.7725,6.7725,3998.0
2019-03-29 09:33:00,6.7565,6.7565,6.7565,6.7565,221.0
2019-03-29 09:36:00,6.76,6.76,6.76,6.76,194.0
2019-03-29 09:37:00,6.77,6.77,6.77,6.77,555.0
2019-03-29 09:39:00,6.7538,6.7538,6.75,6.75,4389.0
2019-03-29 09:40:00,6.76,6.76,6.76,6.76,100.0
2019-03-29 09:41:00,6.76,6.76,6.76,6.76,120.0
2019-03-29 09:42:00,6.77,6.78,6.77,6.78,2700.0
2019-03-29 09:46:00,6.79,6.79,6.7801,6.7801,669.0
2019-03-29 09:47:00,6.7801,6.7801,6.7801,6.7801,518.0
2019-03-29 09:49:00,6.79,6.79,6.775,6.775,5876.0
2019-03-29 09:51:00,6.78,6.78,6.78,6.78,289.0
2019-03-29 09:53:00,6.78,6.78,6.78,6.78,200.0
2019-03-29 09:57:00,6.78,6.79,6.78,6.79,2784.0
2019-03-29 09:58:00,6.78,6.78,6.78,6.78,115.0
2019-03-29 10:02:00,6.7793,6.7793,6.7793,6.7793,100.0
2019-03-29 10:04:00,6.78,6.79,6.78,6.78,15415.0
2019-03-29 10:09:00,6.79,6.79,6.79,6.79,100.0
2019-03-29 10:11:00,6.78,6.78,6.78,6.78,100.0
2019-03-29 10:16:00,6.785,6.785,6.785,6.785,110.0
2019-03-29 10:24:00,6.78,6.78,6.78,6.78,212.0
2019-03-29 10:31:00,6.7893,6.7893,6.7893,6.7893,100.0
2019-03-29 10:32:00,6.7899,6.7899,6.7899,6.7899,426.0
2019-03-29 10:45:00,6.78,6.78,6.78,6.78,486.0
2019-03-29 10:47:00,6.78,6.78,6.78,6.78,120.0
2019-03-29 10:56:00,6.77,6.77,6.77,6.77,1199.0
2019-03-29 10:58:00,6.76,6.76,6.76,6.76,159.0
2019-03-29 11:02:00,6.77,6.77,6.77,6.77,500.0
2019-03-29 11:03:00,6.76,6.76,6.76,6.76,100.0
2019-03-29 11:06:00,6.76,6.76,6.76,6.76,141.0
2019-03-29 11:23:00,6.7699,6.7699,6.7699,6.7699,400.0
2019-03-29 11:24:00,6.7607,6.7607,6.7607,6.7607,107.0
2019-03-29 11:28:00,6.77,6.77,6.77,6.77,112.0
2019-03-29 11:32:00,6.765,6.8,6.765,6.77,3301.0
2019-03-29 11:33:00,6.765,6.765,6.765,6.765,801.0
2019-03-29 11:34:00,6.77,6.8,6.77,6.7799,5536.0
2019-03-29 11:35:00,6.78,6.78,6.78,6.78,302.0
2019-03-29 11:40:00,6.775,6.775,6.775,6.775,218.0
2019-03-29 11:49:00,6.775,6.775,6.775,6.775,224.0
2019-03-29 11:53:00,6.7738,6.7738,6.7738,6.7738,464.0
2019-03-29 12:01:00,6.775,6.775,6.775,6.775,284.0
2019-03-29 12:09:00,6.775,6.775,6.775,6.775,76.0
2019-03-29 12:27:00,6.7727,6.7727,6.7727,6.7727,445.0
2019-03-29 12:47:00,6.77,6.77,6.77,6.77,1704.0
2019-03-29 12:48:00,6.77,6.78,6.77,6.78,733.0
2019-03-29 12:50:00,6.7701,6.7701,6.77,6.77,2233.0
2019-03-29 12:51:00,6.77,6.77,6.77,6.77,100.0
2019-03-29 12:53:00,6.77,6.77,6.77,6.77,100.0
2019-03-29 12:54:00,6.77,6.77,6.77,6.77,137.0
2019-03-29 12:55:00,6.77,6.77,6.77,6.77,487.0
2019-03-29 12:58:00,6.77,6.77,6.76,6.76,2674.0
2019-03-29 13:02:00,6.78,6.78,6.77,6.77,764.0
2019-03-29 13:03:00,6.77,6.77,6.77,6.77,105.0
2019-03-29 13:05:00,6.78,6.78,6.78,6.78,283.0
2019-03-29 13:28:00,6.77,6.77,6.77,6.77,707.0
2019-03-29 13:31:00,6.77,6.77,6.77,6.77,258.0
2019-03-29 13:38:00,6.78,6.78,6.78,6.78,2230.0
2019-03-29 13:44:00,6.78,6.78,6.78,6.78,219.0
2019-03-29 13:57:00,6.78,6.78,6.78,6.78,910.0
2019-03-29 13:58:00,6.78,6.78,6.78,6.78,7477.0
2019-03-29 14:20:00,6.775,6.775,6.76,6.77,9831.0
2019-03-29 14:28:00,6.7644,6.7644,6.7644,6.7644,222.0
2019-03-29 14:42:00,6.76,6.76,6.76,6.76,324.0
2019-03-29 14:44:00,6.77,6.77,6.77,6.77,2351.0
2019-03-29 14:51:00,6.774,6.774,6.774,6.774,750.0
2019-03-29 14:52:00,6.78,6.78,6.7799,6.7799,6240.0
2019-03-29 14:55:00,6.77,6.77,6.77,6.77,100.0
2019-03-29 14:56:00,6.78,6.78,6.78,6.78,234.0
2019-03-29 15:09:00,6.78,6.78,6.78,6.78,646.0
2019-03-29 15:14:00,6.78,6.78,6.78,6.78,1027.0
2019-03-29 15:16:00,6.78,6.78,6.78,6.78,584.0
2019-03-29 15:17:00,6.78,6.78,6.78,6.78,1472.0
2019-03-29 15:20:00,6.78,6.78,6.78,6.78,771.0
2019-03-29 15:22:00,6.78,6.78,6.78,6.78,1083.0
2019-03-29 15:38:00,6.77,6.77,6.77,6.77,166.0
2019-03-29 15:45:00,6.775,6.775,6.77,6.77,2120.0
2019-03-29 15:46:00,6.78,6.78,6.78,6.78,700.0
2019-03-29 15:49:00,6.78,6.78,6.77,6.78,6979.0
2019-03-29 15:52:00,6.78,6.78,6.78,6.78,1184.0
2019-03-29 15:56:00,6.78,6.79,6.78,6.78,4241.0
2019-03-29 15:57:00,6.78,6.79,6.78,6.79,2717.0
2019-03-29 15:58:00,6.77,6.77,6.77,6.77,100.0
2019-04-01 09:31:00,6.81,6.81,6.81,6.81,12994.0
2019-04-01 09:33:00,6.86,6.86,6.86,6.86,600.0
2019-04-01 09:43:00,6.8499,6.8499,6.8499,6.8499,190.0
2019-04-01 09:53:00,6.8392,6.8392,6.8392,6.8392,800.0
2019-04-01 09:56:00,6.835,6.835,6.835,6.835,2987.0
2019-04-01 10:00:00,6.85,6.85,6.85,6.85,1133.0
2019-04-01 10:01:00,6.849,6.849,6.849,6.849,3237.0
2019-04-01 10:06:00,6.84,6.84,6.84,6.84,4421.0
2019-04-01 10:11:00,6.85,6.85,6.85,6.85,100.0
2019-04-01 10:17:00,6.8401,6.8401,6.8401,6.8401,1529.0
2019-04-01 10:20:00,6.85,6.85,6.85,6.85,548.0
2019-04-01 10:23:00,6.85,6.85,6.85,6.85,11451.0
2019-04-01 10:29:00,6.8499,6.8499,6.8499,6.8499,1645.0
2019-04-01 10:34:00,6.85,6.85,6.85,6.85,100.0
2019-04-01 10:37:00,6.85,6.85,6.85,6.85,2500.0
2019-04-01 10:38:00,6.85,6.85,6.85,6.85,2900.0
2019-04-01 10:41:00,6.85,6.85,6.85,6.85,100.0
2019-04-01 10:42:00,6.85,6.85,6.85,6.85,2500.0
2019-04-01 10:50:00,6.85,6.85,6.85,6.85,100.0
2019-04-01 10:52:00,6.845,6.845,6.845,6.845,100.0
2019-04-01 10:54:00,6.843,6.843,6.843,6.843,600.0
2019-04-01 10:57:00,6.84,6.84,6.84,6.84,1000.0
2019-04-01 10:58:00,6.85,6.85,6.85,6.85,200.0
2019-04-01 11:04:00,6.85,6.85,6.85,6.85,200.0
2019-04-01 11:06:00,6.85,6.85,6.85,6.85,100.0
2019-04-01 11:14:00,6.85,6.85,6.85,6.85,301.0
2019-04-01 11:15:00,6.85,6.85,6.85,6.85,200.0
2019-04-01 11:21:00,6.85,6.85,6.85,6.85,200.0
2019-04-01 11:22:00,6.85,6.85,6.85,6.85,100.0
2019-04-01 11:28:00,6.85,6.85,6.85,6.85,200.0
2019-04-01 11:31:00,6.85,6.85,6.85,6.85,100.0
2019-04-01 11:34:00,6.85,6.85,6.85,6.85,200.0
2019-04-01 11:40:00,6.85,6.85,6.85,6.85,100.0
2019-04-01 11:42:00,6.85,6.85,6.85,6.85,940.0
2019-04-01 11:47:00,6.85,6.85,6.85,6.85,461.0
2019-04-01 11:48:00,6.85,6.85,6.85,6.85,100.0
2019-04-01 11:54:00,6.85,6.85,6.85,6.85,200.0
2019-04-01 12:01:00,6.845,6.85,6.845,6.85,300.0
2019-04-01 12:07:00,6.85,6.85,6.85,6.85,100.0
2019-04-01 12:08:00,6.85,6.85,6.8462,6.8462,1200.0
2019-04-01 12:15:00,6.85,6.85,6.85,6.85,100.0
2019-04-01 12:16:00,6.85,6.85,6.85,6.85,200.0
2019-04-01 12:23:00,6.85,6.85,6.85,6.85,200.0
2019-04-01 12:26:00,6.84,6.84,6.84,6.84,2550.0
2019-04-01 12:35:00,6.85,6.85,6.85,6.85,300.0
2019-04-01 12:39:00,6.85,6.85,6.85,6.85,200.0
2019-04-01 12:47:00,6.85,6.85,6.85,6.85,300.0
2019-04-01 12:53:00,6.85,6.85,6.85,6.85,100.0
2019-04-01 12:54:00,6.85,6.85,6.85,6.85,100.0
2019-04-01 12:55:00,6.85,6.85,6.85,6.85,200.0
2019-04-01 13:02:00,6.85,6.85,6.85,6.85,200.0
2019-04-01 13:10:00,6.85,6.85,6.85,6.85,264.0
2019-04-01 13:18:00,6.85,6.85,6.85,6.85,200.0
2019-04-01 13:27:00,6.85,6.85,6.85,6.85,200.0
2019-04-01 13:35:00,6.85,6.85,6.85,6.85,200.0
2019-04-01 13:43:00,6.85,6.85,6.85,6.85,300.0
2019-04-01 13:51:00,6.85,6.85,6.85,6.85,200.0
2019-04-01 13:56:00,6.85,6.85,6.85,6.85,100.0
2019-04-01 13:57:00,6.849,6.8499,6.849,6.8499,6371.0
2019-04-01 14:20:00,6.845,6.845,6.845,6.845,329.0
2019-04-01 14:23:00,6.84,6.84,6.84,6.84,436.0
2019-04-01 14:25:00,6.84,6.84,6.84,6.84,300.0
2019-04-01 14:26:00,6.84,6.84,6.84,6.84,301.0
2019-04-01 14:27:00,6.84,6.84,6.84,6.84,300.0
2019-04-01 14:29:00,6.84,6.84,6.84,6.84,300.0
2019-04-01 14:30:00,6.84,6.84,6.84,6.84,1250.0
2019-04-01 14:33:00,6.84,6.84,6.84,6.84,1628.0
2019-04-01 14:34:00,6.84,6.84,6.84,6.84,5072.0
2019-04-01 14:37:00,6.84,6.85,6.84,6.85,3205.0
2019-04-01 15:04:00,6.834,6.834,6.834,6.834,250.0
2019-04-01 15:10:00,6.82,6.82,6.82,6.82,11200.0
2019-04-01 15:19:00,6.8234,6.8234,6.8234,6.8234,2750.0
2019-04-01 15:21:00,6.8299,6.8299,6.8299,6.8299,8141.0
2019-04-01 15:30:00,6.8249,6.8249,6.8249,6.8249,2000.0
2019-04-01 15:31:00,6.8258,6.8258,6.8258,6.8258,1472.0
2019-04-01 15:35:00,6.83,6.83,6.83,6.83,5766.0
2019-04-01 15:47:00,6.8244,6.8244,6.8244,6.8244,2179.0
2019-04-01 15:50:00,6.8299,6.8299,6.8299,6.8299,2010.0
2019-04-01 15:51:00,6.82,6.82,6.82,6.82,540.0
2019-04-01 15:54:00,6.81,6.81,6.81,6.81,5280.0
2019-04-01 15:55:00,6.81,6.81,6.81,6.81,4059.0
2019-04-01 15:57:00,6.81,6.81,6.81,6.81,2565.0
2019-04-01 15:58:00,6.8,6.8,6.8,6.8,2730.0
2019-04-01 15:59:00,6.805,6.805,6.805,6.805,3000.0
2019-04-01 16:00:00,6.79,6.79,6.77,6.77,11191.0
2019-04-02 09:31:00,6.83,6.83,6.83,6.83,0.0
2019-04-02 09:37:00,6.83,6.83,6.83,6.83,600.0
2019-04-02 09:43:00,6.8326,6.8326,6.8326,6.8326,8000.0
2019-04-02 09:51:00,6.834,6.834,6.834,6.834,771.0
2019-04-02 09:53:00,6.83,6.83,6.83,6.83,1400.0
2019-04-02 10:05:00,6.82,6.82,6.82,6.82,100.0
2019-04-02 10:19:00,6.82,6.82,6.82,6.82,2200.0
2019-04-02 10:22:00,6.83,6.83,6.83,6.83,1200.0
2019-04-02 10:27:00,6.82,6.82,6.82,6.82,1884.0
2019-04-02 10:29:00,6.8,6.8,6.8,6.8,1004.0
2019-04-02 10:40:00,6.8,6.8,6.8,6.8,2810.0
2019-04-02 11:17:00,6.8,6.8,6.8,6.8,205.0
2019-04-02 11:42:00,6.8,6.8,6.8,6.8,100.0
2019-04-02 11:55:00,6.8,6.8,6.8,6.8,300.0
2019-04-02 12:10:00,6.8,6.8,6.8,6.8,200.0
2019-04-02 12:20:00,6.79,6.79,6.79,6.79,100.0
2019-04-02 12:21:00,6.8,6.8,6.8,6.8,100.0
2019-04-02 12:27:00,6.79,6.79,6.79,6.79,100.0
2019-04-02 12:32:00,6.79,6.79,6.79,6.79,100.0
2019-04-02 12:38:00,6.79,6.79,6.79,6.79,100.0
2019-04-02 12:43:00,6.79,6.79,6.79,6.79,100.0
2019-04-02 12:48:00,6.79,6.79,6.79,6.79,100.0
2019-04-02 12:53:00,6.79,6.79,6.79,6.79,100.0
2019-04-02 12:58:00,6.79,6.79,6.79,6.79,100.0
2019-04-02 13:03:00,6.79,6.79,6.79,6.79,110.0
2019-04-02 13:05:00,6.7943,6.7943,6.7943,6.7943,1280.0
2019-04-02 13:12:00,6.79,6.79,6.79,6.79,200.0
2019-04-02 13:20:00,6.79,6.79,6.79,6.79,200.0
2019-04-02 13:26:00,6.8,6.8,6.8,6.8,100.0
2019-04-02 13:28:00,6.79,6.79,6.79,6.79,300.0
2019-04-02 13:35:00,6.7987,6.7987,6.7987,6.7987,2000.0
2019-04-02 13:37:00,6.79,6.79,6.79,6.79,300.0
2019-04-02 13:40:00,6.79,6.79,6.79,6.79,381.0
2019-04-02 13:41:00,6.7917,6.7917,6.7917,6.7917,487.0
2019-04-02 13:51:00,6.79,6.79,6.79,6.79,300.0
2019-04-02 14:01:00,6.79,6.79,6.79,6.79,300.0
2019-04-02 14:11:00,6.79,6.79,6.79,6.79,300.0
2019-04-02 14:20:00,6.79,6.79,6.79,6.79,300.0
2019-04-02 14:29:00,6.79,6.79,6.79,6.79,398.0
2019-04-02 14:38:00,6.79,6.79,6.79,6.79,202.0
2019-04-02 14:45:00,6.7999,6.7999,6.7999,6.7999,7350.0
2019-04-02 14:57:00,6.79,6.79,6.79,6.79,700.0
2019-04-02 15:12:00,6.79,6.79,6.79,6.79,450.0
2019-04-02 15:17:00,6.79,6.79,6.79,6.79,800.0
2019-04-02 15:18:00,6.8,6.8,6.8,6.8,3075.0
2019-04-02 15:28:00,6.795,6.795,6.795,6.795,100.0
2019-04-02 15:30:00,6.795,6.795,6.795,6.795,300.0
2019-04-02 15:31:00,6.795,6.795,6.795,6.795,200.0
2019-04-02 15:33:00,6.795,6.795,6.795,6.795,200.0
2019-04-02 15:35:00,6.795,6.795,6.795,6.795,200.0
2019-04-02 15:38:00,6.795,6.795,6.795,6.795,200.0
2019-04-02 15:40:00,6.795,6.795,6.795,6.795,200.0
2019-04-02 15:43:00,6.795,6.795,6.795,6.795,200.0
2019-04-02 15:46:00,6.795,6.795,6.795,6.795,365.0
2019-04-02 15:48:00,6.795,6.795,6.795,6.795,100.0
2019-04-02 15:50:00,6.795,6.795,6.795,6.795,100.0
2019-04-02 15:52:00,6.8,6.8,6.8,6.8,1148.0
2019-04-02 15:53:00,6.8,6.8,6.795,6.795,2537.0
2019-04-02 15:56:00,6.8,6.8,6.8,6.8,108.0
2019-04-03 09:31:00,6.8,6.8,6.8,6.8,0.0
2019-04-03 09:36:00,6.78,6.78,6.78,6.78,7300.0
2019-04-03 09:37:00,6.77,6.77,6.76,6.76,7400.0
2019-04-03 09:38:00,6.761,6.761,6.761,6.761,5000.0
2019-04-03 09:42:00,6.78,6.78,6.78,6.78,400.0
2019-04-03 09:50:00,6.79,6.79,6.79,6.79,257.0
2019-04-03 10:03:00,6.7899,6.7899,6.7899,6.7899,1001.0
2019-04-03 10:04:00,6.7874,6.7874,6.7874,6.7874,1500.0
2019-04-03 10:10:00,6.78,6.78,6.78,6.78,500.0
2019-04-03 10:12:00,6.7899,6.7899,6.7899,6.7899,840.0
2019-04-03 10:33:00,6.7899,6.7899,6.7899,6.7899,354.0
2019-04-03 10:39:00,6.7899,6.7899,6.7899,6.7899,2500.0
2019-04-03 10:50:00,6.7866,6.7866,6.7866,6.7866,2100.0
2019-04-03 10:57:00,6.79,6.79,6.79,6.79,1600.0
2019-04-03 11:02:00,6.79,6.79,6.79,6.79,1300.0
2019-04-03 11:06:00,6.79,6.7949,6.7849,6.7949,7544.0
2019-04-03 11:26:00,6.8,6.8,6.8,6.8,100.0
2019-04-03 11:28:00,6.795,6.795,6.795,6.795,300.0
2019-04-03 11:29:00,6.7942,6.7942,6.7942,6.7942,2800.0
2019-04-03 11:46:00,6.79,6.79,6.77,6.77,14500.0
2019-04-03 11:57:00,6.79,6.79,6.79,6.79,100.0
2019-04-03 12:01:00,6.7801,6.7801,6.7801,6.7801,100.0
2019-04-03 12:04:00,6.785,6.785,6.785,6.785,174.0
2019-04-03 12:29:00,6.79,6.79,6.79,6.79,101.0
2019-04-03 12:54:00,6.78,6.785,6.78,6.785,5100.0
2019-04-03 12:55:00,6.7834,6.7834,6.7834,6.7834,4422.0
2019-04-03 12:59:00,6.785,6.785,6.785,6.785,172.0
2019-04-03 13:16:00,6.78,6.78,6.78,6.78,2318.0
2019-04-03 13:27:00,6.785,6.785,6.785,6.785,100.0
2019-04-03 13:36:00,6.7899,6.7899,6.7899,6.7899,130.0
2019-04-03 13:57:00,6.785,6.785,6.785,6.785,1200.0
2019-04-03 14:01:00,6.7875,6.7875,6.7875,6.7875,595.0
2019-04-03 14:03:00,6.7885,6.7885,6.7885,6.7885,200.0
2019-04-03 14:07:00,6.7889,6.7889,6.7889,6.7889,170.0
2019-04-03 14:08:00,6.7889,6.7889,6.7889,6.7889,400.0
2019-04-03 14:19:00,6.785,6.79,6.785,6.79,2921.0
2019-04-03 14:41:00,6.781,6.781,6.77,6.77,12606.0
2019-04-03 15:01:00,6.775,6.78,6.775,6.78,210.0
2019-04-03 15:53:00,6.7705,6.7705,6.7705,6.7705,144.0
2019-04-03 15:54:00,6.77,6.77,6.77,6.77,400.0
2019-04-03 15:59:00,6.775,6.775,6.775,6.775,356.0
