
2019-03-11 09:31:00,7.02,7.02,7.02,7.02,0.0
2019-03-11 10:11:00,7.09,7.09,7.09,7.09,100.0
2019-03-11 14:30:00,7.07,7.085,7.07,7.085,408.0
2019-03-11 14:43:00,7.07,7.07,7.07,7.07,208.0
2019-03-11 14:46:00,7.15,7.15,7.15,7.15,1034.0
2019-03-11 15:22:00,7.1999,7.1999,7.1999,7.1999,504.0
2019-03-11 15:43:00,7.1485,7.1485,7.1485,7.1485,226.0
2019-03-11 15:59:00,7.1999,7.1999,7.1999,7.1999,1000.0
2019-03-12 09:31:00,7.14,7.14,7.14,7.14,0.0
2019-03-12 10:59:00,7.1101,7.1101,7.1101,7.1101,990.0
2019-03-12 11:04:00,7.1101,7.1101,7.1101,7.1101,940.0
2019-03-12 14:10:00,7.1,7.1,7.1,7.1,120.0
2019-03-12 15:04:00,7.11,7.11,7.11,7.11,100.0
2019-03-12 15:16:00,7.1072,7.1072,7.1072,7.1072,400.0
2019-03-13 09:31:00,7.1,7.1,7.1,7.1,0.0
2019-03-13 09:56:00,6.91,6.9903,6.91,6.9903,700.0
2019-03-13 11:02:00,7.0,7.0,7.0,7.0,400.0
2019-03-13 11:08:00,7.0,7.0,7.0,7.0,516.0
2019-03-13 11:19:00,7.0001,7.0001,7.0001,7.0001,400.0
2019-03-13 11:38:00,7.0,7.0,7.0,7.0,1014.0
2019-03-13 13:05:00,7.1643,7.1643,7.1643,7.1643,2000.0
2019-03-13 13:08:00,7.1812,7.1812,7.1812,7.1812,2000.0
2019-03-13 13:23:00,7.035,7.035,7.035,7.035,1432.0
2019-03-14 09:31:00,7.05,7.05,7.05,7.05,0.0
2019-03-14 09:51:00,7.15,7.15,7.15,7.15,500.0
2019-03-14 10:09:00,7.1858,7.1858,7.1858,7.1858,501.0
2019-03-14 12:01:00,7.23,7.25,7.23,7.25,1039.0
2019-03-14 12:15:00,7.26,7.26,7.26,7.26,454.0
2019-03-14 12:28:00,7.2681,7.2681,7.2681,7.2681,1000.0
2019-03-14 12:41:00,7.23,7.23,7.15,7.15,2955.0
2019-03-14 13:06:00,7.3,7.3,7.3,7.3,198.0
2019-03-15 09:34:00,7.2821,7.2821,7.2821,7.2821,0.0
2019-03-15 10:50:00,7.2984,7.3,7.2975,7.3,8200.0
2019-03-15 10:52:00,7.32,7.32,7.32,7.32,100.0
2019-03-15 10:53:00,7.32,7.36,7.32,7.36,1400.0
2019-03-15 10:54:00,7.43,7.48,7.43,7.48,400.0
2019-03-15 11:00:00,7.48,7.48,7.48,7.48,100.0
2019-03-15 11:17:00,7.4701,7.4701,7.44,7.44,717.0
2019-03-15 11:33:00,7.36,7.36,7.35,7.35,400.0
2019-03-15 12:12:00,7.37,7.37,7.37,7.37,0.0
2019-03-15 12:45:00,7.236,7.2544,7.236,7.2544,14433.0
2019-03-15 15:24:00,7.236,7.236,7.236,7.236,352.0
2019-03-15 15:57:00,7.236,7.236,7.236,7.236,0.0
2019-03-18 09:31:00,7.23,7.23,7.23,7.23,0.0
2019-03-18 12:19:00,7.4,7.4,7.4,7.4,0.0
2019-03-18 12:44:00,7.46,7.46,7.46,7.46,0.0
2019-03-19 13:37:00,7.43,7.43,7.43,7.43,159.0
2019-03-19 13:40:00,7.43,7.43,7.43,7.43,100.0
2019-03-19 13:45:00,7.4,7.4,7.4,7.4,1100.0
2019-03-19 14:22:00,7.26,7.26,7.26,7.26,100.0
2019-03-19 14:28:00,7.26,7.26,7.26,7.26,100.0
2019-03-19 14:30:00,7.27,7.27,7.26,7.26,200.0
2019-03-19 14:33:00,7.26,7.26,7.26,7.26,300.0
2019-03-19 14:35:00,7.28,7.28,7.28,7.28,100.0
2019-03-19 14:38:00,7.27,7.27,7.27,7.27,200.0
2019-03-19 14:40:00,7.26,7.26,7.26,7.26,200.0
2019-03-19 14:43:00,7.27,7.27,7.27,7.27,100.0
2019-03-19 14:44:00,7.284,7.284,7.284,7.284,200.0
2019-03-19 14:45:00,7.27,7.27,7.26,7.26,200.0
2019-03-19 14:48:00,7.27,7.27,7.27,7.27,400.0
2019-03-19 14:50:00,7.27,7.27,7.27,7.27,200.0
2019-03-19 14:53:00,7.27,7.27,7.27,7.27,200.0
2019-03-19 14:56:00,7.27,7.27,7.27,7.27,200.0
2019-03-19 14:58:00,7.27,7.27,7.27,7.27,0.0
2019-03-20 09:54:00,7.2673,7.27,7.26,7.2689,131.0
2019-03-20 09:55:00,7.2689,7.29,7.25,7.29,3316.0
2019-03-20 10:46:00,7.12,7.12,7.12,7.12,1043.0
2019-03-21 09:31:00,7.19,7.19,7.19,7.19,0.0
2019-03-21 11:34:00,7.0401,7.0401,7.0401,7.0401,351.0
2019-03-21 13:33:00,7.15,7.15,7.15,7.15,1100.0
2019-03-21 14:32:00,7.1473,7.15,7.1473,7.15,560.0
2019-03-21 14:42:00,7.28,7.28,7.28,7.28,1089.0
2019-03-21 15:55:00,7.31,7.31,7.31,7.31,0.0
2019-03-22 13:39:00,7.1643,7.1643,7.1643,7.1643,0.0
2019-03-22 15:27:00,7.1877,7.1877,7.1877,7.1877,300.0
2019-03-25 09:31:00,7.12,7.12,7.12,7.12,0.0
2019-03-25 10:04:00,7.15,7.15,7.15,7.15,300.0
2019-03-25 10:18:00,7.17,7.17,7.17,7.17,1584.0
2019-03-25 10:49:00,7.18,7.18,7.18,7.18,200.0
2019-03-25 12:50:00,7.169,7.169,7.169,7.169,1043.0
2019-03-25 13:23:00,7.2,7.2,7.2,7.2,526.0
2019-03-25 14:43:00,7.235,7.24,7.235,7.235,503.0
2019-03-26 09:31:00,7.25,7.25,7.25,7.25,0.0
2019-03-26 10:35:00,7.3099,7.3099,7.3099,7.3099,1500.0
2019-03-26 10:36:00,7.36,7.36,7.36,7.36,1146.0
2019-03-26 10:47:00,7.3152,7.3152,7.3152,7.3152,327.0
2019-03-26 11:40:00,7.3001,7.3001,7.3001,7.3001,300.0
2019-03-26 12:09:00,7.28,7.28,7.28,7.28,400.0
2019-03-26 12:23:00,7.28,7.28,7.28,7.28,200.0
2019-03-26 12:26:00,7.25,7.25,7.25,7.25,0.0
2019-03-26 13:08:00,7.2,7.2,7.2,7.2,1994.0
2019-03-26 13:34:00,7.22,7.22,7.22,7.22,1064.0
2019-03-26 13:36:00,7.22,7.22,7.22,7.22,0.0
2019-03-27 10:46:00,7.18,7.18,7.18,7.18,0.0
2019-03-27 13:27:00,7.18,7.18,7.18,7.18,495.0
2019-03-27 13:43:00,7.2302,7.2302,7.2302,7.2302,1004.0
2019-03-27 14:57:00,7.19,7.19,7.18,7.18,1705.0
2019-03-27 15:01:00,7.19,7.19,7.18,7.18,2244.0
2019-03-28 09:40:00,7.24,7.24,7.24,7.24,0.0
2019-03-28 12:03:00,7.2245,7.2245,7.2245,7.2245,243.0
2019-03-28 14:04:00,7.275,7.275,7.275,7.275,105.0
2019-03-28 14:07:00,7.2577,7.2577,7.2577,7.2577,285.0
2019-03-28 15:14:00,7.34,7.34,7.34,7.34,211.0
2019-03-29 09:31:00,7.26,7.26,7.26,7.26,0.0
2019-03-29 09:48:00,7.22,7.22,7.2,7.2,4919.0
2019-03-29 09:52:00,7.18,7.18,7.18,7.18,374.0
2019-03-29 10:22:00,7.18,7.18,7.18,7.18,133.0
2019-03-29 10:36:00,7.0744,7.0744,7.0744,7.0744,100.0
2019-03-29 11:49:00,7.1097,7.1097,7.1097,7.1097,128.0
2019-03-29 12:15:00,7.0812,7.0812,7.0812,7.0812,482.0
2019-03-29 14:55:00,7.1122,7.1122,7.1122,7.1122,500.0
2019-03-29 15:12:00,7.13,7.13,7.13,7.13,400.0
2019-03-29 15:15:00,7.1986,7.1986,7.1986,7.1986,2000.0
2019-03-29 15:22:00,7.1999,7.1999,7.1999,7.1999,2500.0
2019-03-29 15:26:00,7.1986,7.2,7.1881,7.1881,5900.0
2019-03-29 15:35:00,7.33,7.33,7.33,7.33,141.0
2019-03-29 16:00:00,7.35,7.35,7.35,7.35,130.0
2019-04-01 09:31:00,7.29,7.29,7.29,7.29,0.0
2019-04-01 11:52:00,7.29,7.29,7.29,7.29,404.0
2019-04-01 12:04:00,7.346,7.346,7.346,7.346,200.0
2019-04-01 12:13:00,7.3282,7.3282,7.3282,7.3282,400.0
2019-04-01 12:41:00,7.338,7.338,7.338,7.338,402.0
2019-04-01 13:53:00,7.33,7.3308,7.33,7.3308,720.0
2019-04-01 15:01:00,7.35,7.35,7.35,7.35,1740.0
2019-04-02 10:40:00,7.2509,7.2509,7.2509,7.2509,0.0
2019-04-02 10:41:00,7.26,7.26,7.25,7.25,364.0
2019-04-02 10:42:00,7.12,7.12,7.12,7.12,140.0
2019-04-02 12:30:00,7.26,7.26,7.26,7.26,103.0
2019-04-02 13:06:00,7.26,7.26,7.26,7.26,292.0
2019-04-02 13:27:00,7.33,7.33,7.33,7.33,100.0
2019-04-02 13:35:00,7.2139,7.2139,7.2139,7.2139,624.0
2019-04-02 13:56:00,7.2389,7.2389,7.2389,7.2389,140.0
2019-04-02 14:44:00,7.206,7.206,7.206,7.206,1141.0
2019-04-03 09:31:00,7.26,7.26,7.26,7.26,0.0
2019-04-03 12:26:00,7.1839,7.1839,7.1839,7.1839,517.0
2019-04-03 15:39:00,7.18,7.18,7.18,7.18,101.0
2019-04-03 15:50:00,7.17,7.17,7.17,7.17,307.0
