
2019-03-19 09:31:00,33.12,33.12,33.12,33.12,0.0
2019-03-19 09:40:00,33.16,33.16,33.16,33.16,856.0
2019-03-19 09:52:00,33.19,33.19,33.19,33.19,340.0
2019-03-19 10:34:00,33.1,33.1,33.1,33.1,401.0
2019-03-19 10:35:00,33.18,33.18,33.18,33.18,2106.0
2019-03-19 11:11:00,32.8301,32.8301,32.8301,32.8301,316.0
2019-03-19 11:14:00,33.0,33.0,33.0,33.0,249.0
2019-03-19 11:37:00,33.07,33.07,33.07,33.07,913.0
2019-03-19 12:03:00,33.08,33.08,33.08,33.08,240.0
2019-03-19 12:09:00,32.985,32.985,32.87,32.87,400.0
2019-03-19 12:13:00,32.85,32.975,32.85,32.975,301.0
2019-03-19 12:33:00,32.925,32.925,32.925,32.925,355.0
2019-03-19 12:47:00,32.85,32.85,32.85,32.85,100.0
2019-03-19 12:50:00,32.82,32.82,32.82,32.82,759.0
2019-03-19 12:56:00,32.69,32.69,32.69,32.69,315.0
2019-03-19 13:02:00,32.69,32.69,32.69,32.69,198.0
2019-03-19 13:08:00,32.685,32.685,32.685,32.685,102.0
2019-03-19 13:12:00,32.685,32.685,32.685,32.685,100.0
2019-03-19 13:13:00,32.685,32.685,32.685,32.685,100.0
2019-03-19 13:17:00,32.685,32.685,32.685,32.685,300.0
2019-03-19 13:18:00,32.685,32.81,32.685,32.81,4155.0
2019-03-19 13:19:00,32.9,32.9,32.82,32.82,1619.0
2019-03-19 13:25:00,32.92,32.92,32.91,32.91,200.0
2019-03-19 13:38:00,32.92,32.92,32.92,32.92,415.0
2019-03-19 13:42:00,33.04,33.04,33.04,33.04,103.0
2019-03-19 13:48:00,33.04,33.04,33.04,33.04,100.0
2019-03-19 13:54:00,32.995,32.995,32.955,32.955,224.0
2019-03-19 13:57:00,32.95,32.95,32.94,32.94,513.0
2019-03-19 14:01:00,32.825,32.825,32.825,32.825,102.0
2019-03-19 14:05:00,32.96,32.96,32.96,32.96,237.0
2019-03-19 14:17:00,32.915,32.915,32.915,32.915,101.0
2019-03-19 14:26:00,32.98,32.98,32.98,32.98,174.0
2019-03-19 14:42:00,32.915,32.915,32.915,32.915,200.0
2019-03-19 14:52:00,32.86,32.86,32.86,32.86,302.0
2019-03-19 15:18:00,32.94,32.94,32.94,32.94,100.0
2019-03-19 15:19:00,32.795,32.795,32.795,32.795,509.0
2019-03-19 15:25:00,32.75,32.75,32.75,32.75,300.0
2019-03-19 15:26:00,32.775,32.775,32.775,32.775,2808.0
2019-03-19 15:30:00,32.785,32.785,32.785,32.785,600.0
2019-03-19 15:36:00,32.82,32.82,32.82,32.82,200.0
2019-03-19 15:40:00,32.74,32.74,32.74,32.74,315.0
2019-03-19 15:41:00,32.56,32.56,32.56,32.56,1020.0
2019-03-19 15:43:00,32.575,32.59,32.575,32.59,323.0
2019-03-19 15:45:00,32.59,32.59,32.59,32.59,310.0
2019-03-19 15:49:00,32.59,32.59,32.59,32.59,158.0
2019-03-19 15:51:00,32.59,32.59,32.59,32.59,140.0
2019-03-19 15:55:00,32.49,32.49,32.49,32.49,100.0
2019-03-19 15:56:00,32.63,32.63,32.63,32.63,1004.0
2019-03-19 15:59:00,32.675,32.675,32.675,32.675,1686.0
2019-03-19 16:00:00,32.82,32.82,32.82,32.82,1698.0
2019-03-20 09:31:00,32.71,32.71,32.71,32.71,411.0
2019-03-20 09:46:00,32.55,32.55,32.55,32.55,329.0
2019-03-20 09:54:00,32.4311,32.4311,32.4311,32.4311,310.0
2019-03-20 09:55:00,32.54,32.54,32.45,32.53,710.0
2019-03-20 10:00:00,32.4,32.4,32.4,32.4,1174.0
2019-03-20 10:34:00,32.435,32.435,32.435,32.435,241.0
2019-03-20 10:41:00,32.36,32.36,32.36,32.36,480.0
2019-03-20 11:55:00,32.08,32.08,32.08,32.08,811.0
2019-03-20 11:57:00,31.85,31.85,31.85,31.85,1037.0
2019-03-20 12:00:00,32.14,32.16,32.14,32.16,3332.0
2019-03-20 12:07:00,31.92,31.92,31.92,31.92,1446.0
2019-03-20 12:08:00,31.96,31.96,31.96,31.96,790.0
2019-03-20 12:09:00,32.12,32.12,32.12,32.12,436.0
2019-03-20 12:14:00,32.01,32.02,32.01,32.02,200.0
2019-03-20 12:15:00,32.06,32.06,32.06,32.06,329.0
2019-03-20 12:24:00,32.08,32.08,32.08,32.08,1275.0
2019-03-20 12:48:00,31.995,31.995,31.995,31.995,210.0
2019-03-20 13:08:00,31.96,31.96,31.96,31.96,115.0
2019-03-20 13:14:00,31.965,31.965,31.965,31.965,220.0
2019-03-20 13:36:00,31.9671,31.9671,31.9671,31.9671,110.0
2019-03-20 13:38:00,32.01,32.04,32.01,32.02,948.0
2019-03-20 13:40:00,32.02,32.02,32.02,32.02,1095.0
2019-03-20 13:43:00,32.06,32.06,32.06,32.06,110.0
2019-03-20 13:47:00,32.11,32.11,32.11,32.11,210.0
2019-03-20 13:51:00,32.11,32.12,32.07,32.12,822.0
2019-03-20 13:52:00,32.12,32.12,32.12,32.12,1022.0
2019-03-20 13:53:00,32.13,32.14,32.13,32.14,1012.0
2019-03-20 13:57:00,32.23,32.23,32.23,32.23,395.0
2019-03-20 14:03:00,32.26,32.26,32.26,32.26,100.0
2019-03-20 14:04:00,32.07,32.07,32.07,32.07,200.0
2019-03-20 14:12:00,32.26,32.28,32.26,32.28,1921.0
2019-03-20 14:35:00,32.24,32.24,32.24,32.24,326.0
2019-03-20 14:47:00,32.31,32.31,32.31,32.31,2438.0
2019-03-20 14:49:00,32.53,32.53,32.53,32.53,1090.0
2019-03-20 14:54:00,32.53,32.53,32.44,32.44,1212.0
2019-03-20 15:12:00,32.375,32.375,32.375,32.375,135.0
2019-03-20 15:16:00,32.42,32.42,32.42,32.42,364.0
2019-03-20 15:30:00,32.33,32.33,32.33,32.33,534.0
2019-03-20 15:32:00,32.3,32.3,32.3,32.3,477.0
2019-03-20 15:35:00,32.27,32.27,32.27,32.27,135.0
2019-03-20 15:39:00,32.33,32.33,32.33,32.33,230.0
2019-03-20 15:42:00,32.34,32.34,32.34,32.34,120.0
2019-03-20 15:44:00,32.3358,32.39,32.3358,32.39,728.0
2019-03-20 15:48:00,32.15,32.15,32.15,32.15,2228.0
2019-03-20 15:53:00,32.18,32.18,32.18,32.18,551.0
2019-03-20 15:55:00,32.12,32.12,32.12,32.12,271.0
2019-03-20 15:56:00,32.05,32.05,32.05,32.05,546.0
2019-03-20 15:57:00,32.08,32.08,32.08,32.08,1013.0
2019-03-20 15:59:00,32.08,32.08,32.05,32.05,711.0
2019-03-20 16:00:00,32.05,32.05,32.05,32.05,2300.0
2019-03-21 09:31:00,31.95,31.95,31.95,31.95,0.0
2019-03-21 09:34:00,31.95,31.95,31.95,31.95,176.0
2019-03-21 09:59:00,32.22,32.22,32.22,32.22,215.0
2019-03-21 10:01:00,32.09,32.09,32.09,32.09,315.0
2019-03-21 10:04:00,32.1966,32.1966,32.1966,32.1966,255.0
2019-03-21 10:07:00,32.12,32.12,32.12,32.12,100.0
2019-03-21 10:09:00,32.1,32.1,32.1,32.1,716.0
2019-03-21 10:11:00,31.95,31.95,31.92,31.95,1692.0
2019-03-21 10:12:00,31.94,31.94,31.91,31.91,2370.0
2019-03-21 10:14:00,31.92,31.92,31.92,31.92,500.0
2019-03-21 10:16:00,31.95,31.95,31.95,31.95,1148.0
2019-03-21 10:18:00,31.95,31.95,31.95,31.95,400.0
2019-03-21 10:29:00,32.1,32.1,32.1,32.1,100.0
2019-03-21 10:31:00,32.0,32.0,32.0,32.0,200.0
2019-03-21 10:32:00,32.1,32.1,32.1,32.1,100.0
2019-03-21 10:34:00,32.1,32.1,32.1,32.1,200.0
2019-03-21 10:35:00,32.11,32.11,32.035,32.035,301.0
2019-03-21 10:36:00,32.1999,32.1999,32.1999,32.1999,625.0
2019-03-21 10:40:00,32.08,32.08,32.08,32.08,201.0
2019-03-21 10:44:00,32.11,32.11,32.11,32.11,100.0
2019-03-21 10:45:00,32.155,32.155,32.155,32.155,100.0
2019-03-21 10:46:00,32.155,32.155,32.155,32.155,200.0
2019-03-21 10:48:00,32.11,32.13,32.11,32.13,529.0
2019-03-21 10:49:00,32.13,32.13,32.13,32.13,649.0
2019-03-21 10:51:00,32.135,32.135,32.08,32.08,200.0
2019-03-21 10:52:00,32.135,32.135,32.135,32.135,400.0
2019-03-21 10:54:00,32.15,32.15,32.15,32.15,100.0
2019-03-21 10:55:00,32.15,32.15,32.15,32.15,200.0
2019-03-21 10:56:00,32.1,32.1,32.1,32.1,100.0
2019-03-21 10:57:00,32.15,32.15,32.15,32.15,200.0
2019-03-21 10:59:00,32.155,32.155,32.155,32.155,100.0
2019-03-21 11:00:00,32.155,32.155,32.155,32.155,100.0
2019-03-21 11:01:00,32.12,32.12,32.12,32.12,100.0
2019-03-21 11:02:00,32.16,32.16,32.16,32.16,200.0
2019-03-21 11:03:00,32.16,32.16,32.16,32.16,100.0
2019-03-21 11:04:00,32.17,32.17,32.035,32.035,1039.0
2019-03-21 11:05:00,32.125,32.125,32.125,32.125,1139.0
2019-03-21 11:07:00,32.125,32.125,32.125,32.125,100.0
2019-03-21 11:08:00,32.125,32.125,32.125,32.125,200.0
2019-03-21 11:10:00,32.13,32.13,32.13,32.13,105.0
2019-03-21 11:11:00,32.13,32.13,32.13,32.13,205.0
2019-03-21 11:12:00,32.2099,32.2099,32.2099,32.2099,127.0
2019-03-21 11:13:00,32.135,32.135,32.135,32.135,227.0
2019-03-21 11:14:00,32.135,32.135,32.135,32.135,200.0
2019-03-21 11:15:00,32.06,32.06,32.06,32.06,100.0
2019-03-21 11:16:00,32.03,32.03,32.03,32.03,1137.0
2019-03-21 11:18:00,32.035,32.035,32.035,32.035,100.0
2019-03-21 11:19:00,32.035,32.035,31.96,31.96,430.0
2019-03-21 11:22:00,32.055,32.055,32.055,32.055,100.0
2019-03-21 11:24:00,32.05,32.05,32.05,32.05,200.0
2019-03-21 11:25:00,32.11,32.11,32.11,32.11,501.0
2019-03-21 11:26:00,32.1,32.125,32.1,32.125,600.0
2019-03-21 11:28:00,32.125,32.125,32.125,32.125,704.0
2019-03-21 11:32:00,32.12,32.12,32.12,32.12,300.0
2019-03-21 11:35:00,32.18,32.18,32.18,32.18,200.0
2019-03-21 11:36:00,32.09,32.09,32.09,32.09,365.0
2019-03-21 11:37:00,32.19,32.19,32.19,32.19,302.0
2019-03-21 11:38:00,32.16,32.16,32.16,32.16,2410.0
2019-03-21 11:40:00,32.16,32.16,32.16,32.16,151.0
2019-03-21 11:43:00,32.34,32.34,32.34,32.34,187.0
2019-03-21 11:44:00,32.37,32.37,32.37,32.37,100.0
2019-03-21 11:47:00,32.43,32.43,32.43,32.43,100.0
2019-03-21 11:48:00,32.44,32.44,32.44,32.44,680.0
2019-03-21 11:53:00,32.54,32.54,32.54,32.54,177.0
2019-03-21 11:54:00,32.66,32.66,32.66,32.66,100.0
2019-03-21 11:55:00,32.69,32.69,32.69,32.69,612.0
2019-03-21 11:58:00,32.66,32.66,32.66,32.66,385.0
2019-03-21 12:00:00,32.8,32.8,32.8,32.8,120.0
2019-03-21 12:01:00,32.9,32.9,32.9,32.9,1100.0
2019-03-21 12:02:00,32.82,32.82,32.82,32.82,1376.0
2019-03-21 12:07:00,32.805,32.805,32.805,32.805,100.0
2019-03-21 12:08:00,32.8,32.8,32.8,32.8,100.0
2019-03-21 12:12:00,32.8,32.8,32.8,32.8,200.0
2019-03-21 12:13:00,32.8,32.8,32.8,32.8,120.0
2019-03-21 12:15:00,32.8,32.8,32.8,32.8,100.0
2019-03-21 12:17:00,32.8,32.8,32.8,32.8,100.0
2019-03-21 12:19:00,32.79,32.79,32.79,32.79,128.0
2019-03-21 12:20:00,32.88,32.88,32.88,32.88,100.0
2019-03-21 12:22:00,32.88,32.88,32.88,32.88,100.0
2019-03-21 12:24:00,32.88,32.88,32.88,32.88,103.0
2019-03-21 12:26:00,32.74,32.74,32.74,32.74,125.0
2019-03-21 12:28:00,32.87,32.87,32.87,32.87,300.0
2019-03-21 12:35:00,32.89,32.89,32.89,32.89,223.0
2019-03-21 12:39:00,32.89,32.89,32.89,32.89,200.0
2019-03-21 12:41:00,32.86,32.86,32.86,32.86,100.0
2019-03-21 12:43:00,32.86,32.86,32.86,32.86,253.0
2019-03-21 12:45:00,32.86,32.86,32.75,32.75,602.0
2019-03-21 12:49:00,32.83,32.83,32.83,32.83,221.0
2019-03-21 12:51:00,32.86,32.86,32.86,32.86,100.0
2019-03-21 12:53:00,32.86,32.86,32.86,32.86,100.0
2019-03-21 12:55:00,32.715,32.715,32.715,32.715,124.0
2019-03-21 12:59:00,32.84,32.84,32.7995,32.7995,400.0
2019-03-21 13:03:00,32.82,32.85,32.82,32.85,1103.0
2019-03-21 13:05:00,32.6611,32.6611,32.6611,32.6611,578.0
2019-03-21 13:08:00,32.74,32.74,32.74,32.74,205.0
2019-03-21 13:12:00,32.78,32.78,32.78,32.78,100.0
2019-03-21 13:14:00,32.78,32.78,32.78,32.78,100.0
2019-03-21 13:16:00,32.79,32.79,32.79,32.79,100.0
2019-03-21 13:18:00,32.79,32.79,32.79,32.79,121.0
2019-03-21 13:19:00,32.79,32.79,32.79,32.79,100.0
2019-03-21 13:21:00,32.79,32.79,32.79,32.79,110.0
2019-03-21 13:25:00,32.79,32.79,32.79,32.79,190.0
2019-03-21 13:26:00,32.79,32.79,32.79,32.79,122.0
2019-03-21 13:30:00,32.79,32.79,32.79,32.79,212.0
2019-03-21 13:34:00,32.79,32.79,32.79,32.79,200.0
2019-03-21 13:35:00,32.79,32.79,32.79,32.79,113.0
2019-03-21 13:37:00,32.78,32.78,32.78,32.78,121.0
2019-03-21 13:39:00,32.77,32.77,32.77,32.77,100.0
2019-03-21 13:41:00,32.77,32.77,32.77,32.77,100.0
2019-03-21 13:43:00,32.76,32.76,32.76,32.76,269.0
2019-03-21 13:48:00,32.7,32.7,32.6401,32.6401,708.0
2019-03-21 13:56:00,32.76,32.76,32.76,32.76,148.0
2019-03-21 13:59:00,32.75,32.75,32.75,32.75,637.0
2019-03-21 14:03:00,32.68,32.68,32.68,32.68,165.0
2019-03-21 14:05:00,32.68,32.68,32.68,32.68,124.0
2019-03-21 14:08:00,32.77,32.77,32.77,32.77,431.0
2019-03-21 14:10:00,32.77,32.77,32.77,32.77,200.0
2019-03-21 14:11:00,32.78,32.78,32.78,32.78,110.0
2019-03-21 14:15:00,32.79,32.79,32.79,32.79,190.0
2019-03-21 14:16:00,32.79,32.79,32.79,32.79,100.0
2019-03-21 14:18:00,32.79,32.79,32.79,32.79,100.0
2019-03-21 14:20:00,32.79,32.79,32.79,32.79,100.0
2019-03-21 14:21:00,32.79,32.79,32.79,32.79,142.0
2019-03-21 14:23:00,32.76,32.76,32.76,32.76,887.0
2019-03-21 14:24:00,32.8,32.8,32.8,32.8,987.0
2019-03-21 14:25:00,32.8,32.8,32.8,32.8,500.0
2019-03-21 14:28:00,32.8,32.8,32.8,32.8,457.0
2019-03-21 14:39:00,32.89,32.89,32.89,32.89,103.0
2019-03-21 14:42:00,32.845,32.845,32.845,32.845,729.0
2019-03-21 14:49:00,32.8,32.81,32.8,32.81,701.0
2019-03-21 14:55:00,32.76,32.76,32.76,32.76,200.0
2019-03-21 14:58:00,32.76,32.76,32.76,32.76,327.0
2019-03-21 15:00:00,32.76,32.76,32.76,32.76,413.0
2019-03-21 15:03:00,32.72,32.72,32.72,32.72,102.0
2019-03-21 15:04:00,32.77,32.77,32.77,32.77,200.0
2019-03-21 15:07:00,32.77,32.77,32.77,32.77,102.0
2019-03-21 15:11:00,32.72,32.72,32.72,32.72,106.0
2019-03-21 15:13:00,32.7,32.7,32.69,32.69,1040.0
2019-03-21 15:34:00,32.8099,32.8099,32.8099,32.8099,459.0
2019-03-21 15:40:00,32.62,32.62,32.58,32.58,818.0
2019-03-21 15:43:00,32.52,32.52,32.52,32.52,156.0
2019-03-21 15:47:00,32.59,32.59,32.59,32.59,214.0
2019-03-21 15:51:00,32.48,32.48,32.48,32.48,337.0
2019-03-21 15:56:00,32.45,32.45,32.34,32.34,1524.0
2019-03-21 15:59:00,32.41,32.41,32.41,32.41,791.0
2019-03-21 16:00:00,32.32,32.32,32.32,32.32,998.0
2019-03-22 09:41:00,32.17,32.17,32.17,32.17,372.0
2019-03-22 09:51:00,32.13,32.13,32.12,32.12,295.0
2019-03-22 09:52:00,32.01,32.01,32.01,32.01,781.0
2019-03-22 10:17:00,32.11,32.11,32.11,32.11,263.0
2019-03-22 10:35:00,32.11,32.11,32.11,32.11,269.0
2019-03-22 10:44:00,32.1,32.1,32.1,32.1,1380.0
2019-03-22 10:50:00,31.91,31.91,31.89,31.89,917.0
2019-03-22 11:21:00,31.69,31.69,31.69,31.69,332.0
2019-03-22 11:36:00,31.62,31.62,31.62,31.62,164.0
2019-03-22 11:37:00,31.62,31.76,31.62,31.76,675.0
2019-03-22 11:42:00,31.62,31.62,31.62,31.62,171.0
2019-03-22 11:51:00,31.45,31.45,31.45,31.45,200.0
2019-03-22 11:52:00,31.6269,31.6269,31.6269,31.6269,400.0
2019-03-22 12:03:00,31.45,31.45,31.45,31.45,125.0
2019-03-22 12:04:00,31.725,31.725,31.725,31.725,201.0
2019-03-22 12:09:00,31.45,31.45,31.45,31.45,556.0
2019-03-22 12:13:00,31.04,31.04,31.04,31.04,460.0
2019-03-22 12:14:00,30.92,30.92,30.92,30.92,560.0
2019-03-22 12:15:00,30.81,30.81,30.79,30.79,450.0
2019-03-22 12:16:00,30.58,30.66,30.58,30.66,2066.0
2019-03-22 12:17:00,30.73,30.73,30.73,30.73,1752.0
2019-03-22 12:20:00,30.96,30.96,30.96,30.96,1218.0
2019-03-22 12:22:00,30.97,30.97,30.97,30.97,667.0
2019-03-22 12:24:00,31.19,31.19,31.19,31.19,462.0
2019-03-22 12:37:00,31.33,31.33,31.33,31.33,100.0
2019-03-22 12:43:00,31.05,31.05,31.05,31.05,104.0
2019-03-22 12:44:00,31.11,31.12,31.11,31.12,200.0
2019-03-22 12:45:00,31.11,31.11,31.11,31.11,500.0
2019-03-22 12:49:00,31.12,31.12,31.12,31.12,300.0
2019-03-22 12:50:00,31.25,31.25,31.25,31.25,600.0
2019-03-22 12:51:00,31.12,31.12,31.12,31.12,123.0
2019-03-22 13:00:00,31.2574,31.2574,31.2574,31.2574,100.0
2019-03-22 13:03:00,31.25,31.25,31.25,31.25,221.0
2019-03-22 13:11:00,31.2167,31.2167,31.2167,31.2167,100.0
2019-03-22 13:13:00,31.25,31.25,31.25,31.25,134.0
2019-03-22 13:21:00,31.13,31.13,31.13,31.13,200.0
2019-03-22 13:22:00,31.25,31.25,31.25,31.25,300.0
2019-03-22 13:27:00,31.23,31.23,31.23,31.23,255.0
2019-03-22 13:49:00,31.25,31.25,31.25,31.25,100.0
2019-03-22 13:51:00,31.16,31.23,31.16,31.23,716.0
2019-03-22 14:04:00,31.25,31.25,31.25,31.25,100.0
2019-03-22 14:07:00,31.23,31.23,31.23,31.23,100.0
2019-03-22 14:08:00,31.25,31.25,31.25,31.25,800.0
2019-03-22 14:09:00,31.225,31.225,31.225,31.225,124.0
2019-03-22 14:23:00,31.25,31.25,31.25,31.25,223.0
2019-03-22 14:32:00,31.1877,31.1877,31.1,31.1,4130.0
2019-03-22 14:51:00,30.99,30.99,30.99,30.99,187.0
2019-03-22 14:53:00,31.13,31.13,31.13,31.13,126.0
2019-03-22 15:00:00,31.0565,31.0565,31.0565,31.0565,195.0
2019-03-22 15:04:00,31.06,31.06,31.06,31.06,366.0
2019-03-22 15:09:00,31.13,31.13,31.13,31.13,195.0
2019-03-22 15:14:00,31.12,31.12,31.12,31.12,105.0
2019-03-22 15:16:00,31.0,31.0,31.0,31.0,100.0
2019-03-22 15:21:00,31.13,31.13,31.13,31.13,128.0
2019-03-22 15:27:00,31.12,31.12,31.12,31.12,132.0
2019-03-22 15:30:00,30.99,30.99,30.99,30.99,281.0
2019-03-22 15:34:00,31.13,31.13,31.13,31.13,105.0
2019-03-22 15:36:00,30.82,30.82,30.82,30.82,1000.0
2019-03-22 15:37:00,30.89,30.89,30.89,30.89,100.0
2019-03-22 15:38:00,30.89,30.89,30.89,30.89,918.0
2019-03-22 15:39:00,30.8895,30.8895,30.8895,30.8895,600.0
2019-03-22 15:40:00,30.84,30.885,30.835,30.885,700.0
2019-03-22 15:41:00,30.84,30.84,30.78,30.78,2549.0
2019-03-22 15:42:00,30.73,30.73,30.73,30.73,400.0
2019-03-22 15:45:00,30.745,30.745,30.745,30.745,300.0
2019-03-22 15:46:00,30.79,30.79,30.79,30.79,1051.0
2019-03-22 15:47:00,30.94,30.94,30.94,30.94,846.0
2019-03-22 15:48:00,30.94,30.94,30.94,30.94,300.0
2019-03-22 15:50:00,31.03,31.03,31.03,31.03,401.0
2019-03-22 15:53:00,31.09,31.09,31.09,31.09,200.0
2019-03-22 15:54:00,31.07,31.07,31.07,31.07,331.0
2019-03-22 15:55:00,31.06,31.09,31.06,31.09,549.0
2019-03-22 15:56:00,31.055,31.2,31.055,31.2,2534.0
2019-03-22 15:58:00,31.14,31.14,31.13,31.13,412.0
2019-03-22 15:59:00,31.145,31.145,31.145,31.145,879.0
2019-03-22 16:00:00,31.06,31.06,31.06,31.06,2246.0
2019-03-25 09:42:00,30.815,30.815,30.815,30.815,444.0
2019-03-25 09:49:00,30.945,30.945,30.945,30.945,321.0
2019-03-25 09:57:00,31.11,31.11,31.11,31.11,1021.0
2019-03-25 10:01:00,31.23,31.23,31.23,31.23,328.0
2019-03-25 10:16:00,31.055,31.055,31.055,31.055,217.0
2019-03-25 10:18:00,30.99,30.99,30.83,30.85,5460.0
2019-03-25 10:22:00,30.97,30.97,30.97,30.97,200.0
2019-03-25 10:30:00,31.0,31.0,31.0,31.0,154.0
2019-03-25 10:31:00,30.99,30.99,30.99,30.99,100.0
2019-03-25 10:34:00,31.0393,31.0393,31.0393,31.0393,1028.0
2019-03-25 10:37:00,31.075,31.075,31.075,31.075,139.0
2019-03-25 10:41:00,31.01,31.01,31.01,31.01,204.0
2019-03-25 10:52:00,31.02,31.02,31.02,31.02,101.0
2019-03-25 11:02:00,31.025,31.025,31.025,31.025,105.0
2019-03-25 11:17:00,31.03,31.03,31.03,31.03,239.0
2019-03-25 11:24:00,31.2,31.2,31.2,31.2,1066.0
2019-03-25 11:28:00,31.2,31.2,31.2,31.2,281.0
2019-03-25 11:31:00,31.31,31.31,31.31,31.31,325.0
2019-03-25 11:33:00,31.435,31.435,31.435,31.435,499.0
2019-03-25 11:41:00,31.34,31.34,31.34,31.34,1064.0
2019-03-25 11:49:00,31.4,31.4,31.4,31.4,100.0
2019-03-25 11:52:00,31.235,31.235,31.235,31.235,100.0
2019-03-25 11:53:00,31.32,31.32,31.32,31.32,144.0
2019-03-25 12:11:00,31.33,31.33,31.33,31.33,112.0
2019-03-25 12:21:00,31.34,31.34,31.34,31.34,100.0
2019-03-25 12:38:00,31.29,31.29,31.28,31.28,626.0
2019-03-25 13:06:00,31.2,31.2,31.2,31.2,100.0
2019-03-25 13:09:00,31.2,31.2,31.2,31.2,200.0
2019-03-25 13:19:00,31.205,31.205,31.205,31.205,185.0
2019-03-25 13:21:00,31.205,31.205,31.205,31.205,212.0
2019-03-25 13:25:00,31.14,31.14,31.14,31.14,200.0
2019-03-25 13:30:00,31.22,31.22,31.22,31.22,233.0
2019-03-25 13:55:00,31.24,31.24,31.17,31.17,415.0
2019-03-25 14:06:00,31.09,31.09,31.09,31.09,100.0
2019-03-25 14:07:00,31.03,31.03,31.03,31.03,568.0
2019-03-25 14:10:00,30.905,30.905,30.905,30.905,110.0
2019-03-25 14:19:00,30.905,30.905,30.905,30.905,162.0
2019-03-25 14:20:00,30.94,30.94,30.94,30.94,165.0
2019-03-25 14:26:00,30.905,30.905,30.905,30.905,101.0
2019-03-25 14:29:00,30.95,30.96,30.95,30.96,630.0
2019-03-25 14:31:00,30.97,30.97,30.97,30.97,100.0
2019-03-25 14:33:00,31.01,31.01,31.01,31.01,533.0
2019-03-25 14:36:00,31.065,31.065,31.065,31.065,400.0
2019-03-25 14:42:00,31.14,31.14,31.14,31.14,200.0
2019-03-25 14:50:00,31.135,31.135,31.135,31.135,200.0
2019-03-25 14:51:00,31.1925,31.1925,31.1925,31.1925,701.0
2019-03-25 14:52:00,31.21,31.22,31.21,31.22,1167.0
2019-03-25 14:57:00,31.385,31.385,31.385,31.385,360.0
2019-03-25 15:01:00,31.44,31.52,31.44,31.52,1214.0
2019-03-25 15:15:00,31.46,31.46,31.46,31.46,1132.0
2019-03-25 15:18:00,31.45,31.45,31.45,31.45,305.0
2019-03-25 15:19:00,31.48,31.48,31.48,31.48,1500.0
2019-03-25 15:23:00,31.5,31.5,31.5,31.5,302.0
2019-03-25 15:25:00,31.7099,31.7099,31.7099,31.7099,800.0
2019-03-25 15:26:00,31.56,31.56,31.56,31.56,330.0
2019-03-25 15:30:00,31.67,31.67,31.53,31.53,296.0
2019-03-25 15:32:00,31.53,31.53,31.53,31.53,130.0
2019-03-25 15:35:00,31.48,31.48,31.48,31.48,600.0
2019-03-25 15:40:00,31.565,31.565,31.565,31.565,170.0
2019-03-25 15:42:00,31.565,31.565,31.565,31.565,100.0
2019-03-25 15:45:00,31.565,31.565,31.565,31.565,505.0
2019-03-25 15:46:00,31.66,31.66,31.66,31.66,4721.0
2019-03-25 15:48:00,31.55,31.55,31.55,31.55,274.0
2019-03-25 15:54:00,31.515,31.515,31.515,31.515,304.0
2019-03-25 15:57:00,31.515,31.515,31.515,31.515,542.0
2019-03-25 15:59:00,31.4,31.4,31.4,31.4,716.0
2019-03-26 09:31:00,31.3,31.3,31.3,31.3,1712.0
2019-03-26 09:52:00,31.23,31.23,31.23,31.23,104.0
2019-03-26 10:01:00,31.7342,31.7342,31.7342,31.7342,342.0
2019-03-26 11:23:00,31.2,31.2,31.2,31.2,284.0
2019-03-26 11:30:00,31.3055,31.3055,31.3055,31.3055,507.0
2019-03-26 11:39:00,31.25,31.25,31.25,31.25,202.0
2019-03-26 11:48:00,31.3237,31.3237,31.3237,31.3237,152.0
2019-03-26 12:15:00,31.5376,31.5376,31.5376,31.5376,0.0
2019-03-26 12:29:00,31.22,31.22,31.22,31.22,130.0
2019-03-26 12:48:00,31.01,31.01,31.01,31.01,653.0
2019-03-26 12:55:00,31.05,31.05,31.05,31.05,650.0
2019-03-26 12:57:00,31.0892,31.0892,31.0892,31.0892,205.0
2019-03-26 13:15:00,31.11,31.13,31.1,31.1,3582.0
2019-03-26 13:16:00,31.1,31.1,31.1,31.1,400.0
2019-03-26 13:17:00,31.09,31.09,31.09,31.09,400.0
2019-03-26 13:25:00,31.06,31.088,31.06,31.088,567.0
2019-03-26 13:43:00,31.05,31.05,31.05,31.05,168.0
2019-03-26 13:44:00,30.99,30.99,30.99,30.99,1076.0
2019-03-26 13:45:00,30.99,30.99,30.99,30.99,1000.0
2019-03-26 13:49:00,31.025,31.025,31.025,31.025,1110.0
2019-03-26 13:51:00,31.08,31.08,31.08,31.08,110.0
2019-03-26 13:59:00,31.13,31.13,31.115,31.115,4600.0
2019-03-26 14:04:00,30.9,30.9,30.9,30.9,0.0
2019-03-26 14:12:00,31.05,31.05,31.05,31.05,800.0
2019-03-26 14:32:00,31.1,31.1,31.1,31.1,261.0
2019-03-26 14:52:00,30.94,30.94,30.94,30.94,109.0
2019-03-26 15:11:00,30.95,30.95,30.95,30.95,195.0
2019-03-26 15:13:00,30.94,30.94,30.94,30.94,234.0
2019-03-26 15:18:00,31.0439,31.0439,31.0439,31.0439,788.0
2019-03-26 15:29:00,30.94,30.94,30.94,30.94,743.0
2019-03-26 15:50:00,30.94,30.94,30.94,30.94,203.0
2019-03-26 15:52:00,30.96,30.96,30.96,30.96,474.0
2019-03-26 15:53:00,30.89,30.89,30.72,30.72,11731.0
2019-03-26 15:56:00,30.8,30.8,30.8,30.8,415.0
2019-03-26 15:59:00,30.73,30.73,30.73,30.73,450.0
2019-03-26 16:00:00,30.84,30.84,30.8,30.8,2180.0
2019-03-27 09:31:00,30.8,30.8,30.8,30.8,0.0
2019-03-27 10:24:00,30.56,30.6,30.56,30.59,810.0
2019-03-27 10:26:00,30.75,30.75,30.75,30.75,276.0
2019-03-27 10:34:00,30.56,30.56,30.56,30.56,190.0
2019-03-27 10:36:00,30.7128,30.75,30.56,30.64,1582.0
2019-03-27 10:45:00,30.7372,30.7372,30.57,30.57,200.0
2019-03-27 10:46:00,30.59,30.78,30.57,30.78,10603.0
2019-03-27 10:48:00,30.79,30.79,30.7805,30.7805,200.0
2019-03-27 10:51:00,30.73,30.73,30.73,30.73,100.0
2019-03-27 10:56:00,30.73,30.73,30.73,30.73,117.0
2019-03-27 11:05:00,30.74,30.74,30.74,30.74,100.0
2019-03-27 11:11:00,30.8095,30.8095,30.685,30.685,1800.0
2019-03-27 11:12:00,30.7206,30.7206,30.38,30.555,3720.0
2019-03-27 11:14:00,30.7,30.7199,30.7,30.7199,200.0
2019-03-27 11:16:00,30.72,30.75,30.72,30.74,400.0
2019-03-27 11:17:00,30.675,30.675,30.675,30.675,427.0
2019-03-27 11:35:00,30.74,30.74,30.74,30.74,102.0
2019-03-27 11:38:00,30.82,30.82,30.8,30.8,300.0
2019-03-27 11:42:00,30.86,30.86,30.83,30.835,904.0
2019-03-27 11:57:00,30.84,30.84,30.84,30.84,100.0
2019-03-27 12:06:00,30.755,30.755,30.755,30.755,100.0
2019-03-27 12:12:00,30.85,30.85,30.8,30.8,599.0
2019-03-27 12:20:00,30.8,30.8,30.8,30.8,800.0
2019-03-27 12:21:00,30.8,30.8,30.8,30.8,120.0
2019-03-27 12:22:00,30.8,30.8,30.8,30.8,291.0
2019-03-27 13:14:00,30.91,30.94,30.815,30.9,1410.0
2019-03-27 13:15:00,30.84,30.92,30.84,30.84,500.0
2019-03-27 13:16:00,30.84,30.84,30.84,30.84,608.0
2019-03-27 13:20:00,30.87,30.87,30.87,30.87,200.0
2019-03-27 13:21:00,30.77,30.875,30.77,30.875,213.0
2019-03-27 13:27:00,30.96,30.96,30.96,30.96,100.0
2019-03-27 13:32:00,30.75,30.875,30.75,30.875,480.0
2019-03-27 13:46:00,30.78,30.88,30.76,30.88,500.0
2019-03-27 13:47:00,30.76,30.84,30.76,30.84,600.0
2019-03-27 13:48:00,30.84,30.84,30.84,30.84,500.0
2019-03-27 13:51:00,30.825,30.835,30.77,30.835,1100.0
2019-03-27 13:52:00,30.815,30.97,30.815,30.925,2164.0
2019-03-27 13:54:00,30.9351,30.9351,30.9351,30.9351,208.0
2019-03-27 13:58:00,30.955,30.955,30.955,30.955,1200.0
2019-03-27 13:59:00,30.955,30.955,30.955,30.955,544.0
2019-03-27 14:03:00,31.0,31.0,30.915,30.915,1634.0
2019-03-27 14:04:00,30.875,30.875,30.86,30.86,638.0
2019-03-27 14:06:00,30.76,30.82,30.76,30.82,400.0
2019-03-27 14:07:00,30.81,30.81,30.81,30.81,311.0
2019-03-27 14:09:00,30.93,31.0,30.9,30.9,935.0
2019-03-27 14:10:00,30.81,30.81,30.81,30.81,471.0
2019-03-27 14:14:00,30.85,30.85,30.815,30.85,300.0
2019-03-27 14:25:00,30.91,30.92,30.895,30.895,400.0
2019-03-27 14:28:00,30.88,30.89,30.78,30.78,1411.0
2019-03-27 14:29:00,30.67,30.67,30.67,30.67,880.0
2019-03-27 14:31:00,30.705,30.705,30.705,30.705,143.0
2019-03-27 14:32:00,30.775,30.87,30.775,30.87,557.0
2019-03-27 14:33:00,30.865,30.865,30.865,30.865,300.0
2019-03-27 14:34:00,30.875,30.875,30.875,30.875,400.0
2019-03-27 14:47:00,30.92,30.92,30.85,30.85,2010.0
2019-03-27 14:48:00,30.845,30.845,30.81,30.81,600.0
2019-03-27 14:49:00,30.775,30.775,30.775,30.775,364.0
2019-03-27 14:50:00,30.83,30.85,30.83,30.85,422.0
2019-03-27 14:52:00,30.84,30.87,30.83,30.87,400.0
2019-03-27 14:53:00,30.85,30.85,30.85,30.85,322.0
2019-03-27 14:56:00,30.94,30.96,30.94,30.96,735.0
2019-03-27 14:59:00,31.03,31.03,30.97,30.97,830.0
2019-03-27 15:02:00,30.99,30.99,30.99,30.99,305.0
2019-03-27 15:06:00,30.95,30.95,30.95,30.95,248.0
2019-03-27 15:08:00,31.03,31.03,31.03,31.03,348.0
2019-03-27 15:11:00,31.03,31.03,31.03,31.03,100.0
2019-03-27 15:16:00,30.87,30.87,30.87,30.87,117.0
2019-03-27 15:17:00,30.96,30.96,30.96,30.96,352.0
2019-03-27 15:39:00,31.05,31.05,31.05,31.05,289.0
2019-03-27 15:41:00,31.02,31.02,31.02,31.02,100.0
2019-03-27 15:43:00,31.04,31.04,31.0,31.02,700.0
2019-03-27 15:47:00,31.07,31.07,31.07,31.07,299.0
2019-03-27 15:49:00,31.06,31.06,31.06,31.06,100.0
2019-03-27 15:53:00,31.06,31.06,31.06,31.06,100.0
2019-03-27 15:54:00,31.04,31.04,31.04,31.04,100.0
2019-03-27 15:55:00,31.01,31.01,31.01,31.01,301.0
2019-03-27 15:57:00,31.05,31.05,31.025,31.025,219.0
2019-03-27 15:58:00,31.05,31.05,31.05,31.05,204.0
2019-03-27 16:00:00,31.03,31.03,31.0,31.0,660.0
2019-03-28 09:31:00,31.05,31.05,31.05,31.05,1011.0
2019-03-28 09:44:00,31.14,31.14,31.14,31.14,216.0
2019-03-28 09:58:00,31.08,31.08,31.05,31.05,1898.0
2019-03-28 09:59:00,31.125,31.125,31.125,31.125,100.0
2019-03-28 10:00:00,31.085,31.085,31.085,31.085,102.0
2019-03-28 10:03:00,31.0753,31.0753,31.0753,31.0753,200.0
2019-03-28 10:04:00,31.085,31.085,31.085,31.085,210.0
2019-03-28 10:13:00,31.12,31.22,31.12,31.22,537.0
2019-03-28 10:23:00,31.24,31.24,31.19,31.19,600.0
2019-03-28 10:25:00,31.205,31.24,31.205,31.205,693.0
2019-03-28 10:26:00,31.28,31.385,31.155,31.155,1610.0
2019-03-28 10:47:00,31.15,31.15,31.07,31.07,606.0
2019-03-28 10:48:00,31.05,31.05,31.05,31.05,637.0
2019-03-28 10:49:00,31.07,31.07,31.07,31.07,100.0
2019-03-28 10:50:00,31.07,31.07,31.07,31.07,200.0
2019-03-28 10:51:00,31.07,31.09,31.07,31.08,2080.0
2019-03-28 10:52:00,31.05,31.05,31.05,31.05,186.0
2019-03-28 10:55:00,31.07,31.07,31.07,31.07,400.0
2019-03-28 10:56:00,31.05,31.05,31.05,31.05,300.0
2019-03-28 11:01:00,31.06,31.06,31.06,31.06,200.0
2019-03-28 11:02:00,31.15,31.15,31.15,31.15,1300.0
2019-03-28 11:06:00,31.12,31.12,31.05,31.05,1326.0
2019-03-28 11:07:00,31.05,31.05,31.05,31.05,122.0
2019-03-28 11:09:00,31.05,31.05,31.05,31.05,101.0
2019-03-28 11:10:00,31.05,31.135,31.05,31.135,400.0
2019-03-28 11:12:00,31.06,31.06,31.06,31.06,100.0
2019-03-28 11:14:00,31.05,31.06,31.05,31.06,849.0
2019-03-28 11:15:00,31.06,31.06,31.06,31.06,451.0
2019-03-28 11:16:00,31.05,31.05,31.05,31.05,100.0
2019-03-28 11:19:00,31.05,31.06,30.94,30.94,2206.0
2019-03-28 11:20:00,30.94,31.0,30.93,30.93,1200.0
2019-03-28 11:21:00,30.93,30.93,30.93,30.93,300.0
2019-03-28 11:23:00,30.93,30.93,30.91,30.91,700.0
2019-03-28 11:30:00,30.91,30.91,30.91,30.91,100.0
2019-03-28 11:31:00,30.9,30.9,30.9,30.9,100.0
2019-03-28 11:32:00,30.85,30.85,30.85,30.85,205.0
2019-03-28 11:37:00,30.88,30.88,30.66,30.66,1074.0
2019-03-28 11:38:00,30.66,30.715,30.6,30.6,700.0
2019-03-28 11:39:00,30.57,30.57,30.57,30.57,100.0
2019-03-28 11:59:00,30.63,30.63,30.63,30.63,107.0
2019-03-28 12:04:00,30.63,30.63,30.63,30.63,417.0
2019-03-28 12:09:00,30.6,30.6,30.545,30.55,820.0
2019-03-28 12:10:00,30.54,30.66,30.54,30.66,1021.0
2019-03-28 12:11:00,30.51,30.51,30.51,30.51,100.0
2019-03-28 12:13:00,30.605,30.605,30.51,30.51,900.0
2019-03-28 12:14:00,30.5452,30.5452,30.5452,30.5452,100.0
2019-03-28 12:16:00,30.6232,30.6232,30.58,30.615,600.0
2019-03-28 12:17:00,30.62,30.62,30.62,30.62,500.0
2019-03-28 12:19:00,30.62,30.62,30.62,30.62,400.0
2019-03-28 12:21:00,30.62,30.67,30.62,30.62,1045.0
2019-03-28 12:22:00,30.67,30.84,30.67,30.84,900.0
2019-03-28 12:24:00,30.77,30.77,30.77,30.77,100.0
2019-03-28 12:25:00,30.77,30.77,30.77,30.77,400.0
2019-03-28 12:31:00,30.85,30.85,30.85,30.85,400.0
2019-03-28 12:33:00,30.85,30.85,30.85,30.85,600.0
2019-03-28 12:39:00,30.87,30.87,30.87,30.87,105.0
2019-03-28 12:43:00,30.83,30.83,30.685,30.685,1032.0
2019-03-28 12:49:00,30.75,30.75,30.67,30.67,1257.0
2019-03-28 12:50:00,30.63,30.72,30.63,30.7,1202.0
2019-03-28 12:51:00,30.72,30.725,30.72,30.725,500.0
2019-03-28 12:52:00,30.69,30.69,30.69,30.69,600.0
2019-03-28 12:57:00,30.675,30.675,30.675,30.675,100.0
2019-03-28 13:02:00,30.73,30.73,30.73,30.73,300.0
2019-03-28 13:03:00,30.75,30.75,30.75,30.75,114.0
2019-03-28 13:09:00,30.85,30.85,30.75,30.75,1015.0
2019-03-28 13:12:00,30.84,30.84,30.84,30.84,501.0
2019-03-28 13:16:00,30.93,30.9499,30.93,30.9499,215.0
2019-03-28 13:23:00,31.0,31.01,31.0,31.01,301.0
2019-03-28 13:27:00,31.05,31.135,31.05,31.135,393.0
2019-03-28 13:29:00,31.0,31.0,31.0,31.0,108.0
2019-03-28 13:41:00,31.12,31.12,31.12,31.12,105.0
2019-03-28 13:56:00,31.21,31.21,31.21,31.21,107.0
2019-03-28 14:02:00,31.21,31.21,31.21,31.21,100.0
2019-03-28 14:04:00,31.22,31.22,31.21,31.22,506.0
2019-03-28 14:11:00,31.3,31.3,31.3,31.3,170.0
2019-03-28 14:23:00,31.17,31.27,31.16,31.21,740.0
2019-03-28 14:24:00,31.16,31.16,31.16,31.16,100.0
2019-03-28 14:25:00,31.15,31.15,31.15,31.15,410.0
2019-03-28 14:39:00,31.1,31.11,31.1,31.11,410.0
2019-03-28 14:51:00,31.13,31.13,31.13,31.13,336.0
2019-03-28 15:02:00,31.15,31.15,31.15,31.15,205.0
2019-03-28 15:18:00,31.15,31.15,31.15,31.15,110.0
2019-03-28 15:30:00,31.115,31.115,31.115,31.115,126.0
2019-03-28 15:41:00,31.15,31.15,31.15,31.15,110.0
2019-03-28 15:46:00,31.15,31.15,31.15,31.15,100.0
2019-03-28 15:47:00,31.14,31.14,31.14,31.14,105.0
2019-03-28 15:51:00,31.18,31.18,31.18,31.18,164.0
2019-03-28 15:54:00,31.18,31.18,31.18,31.18,105.0
2019-03-28 15:55:00,31.19,31.19,31.19,31.19,106.0
2019-03-28 15:56:00,31.19,31.19,31.19,31.19,285.0
2019-03-28 15:58:00,31.27,31.27,31.2,31.26,540.0
2019-03-28 15:59:00,31.26,31.265,31.15,31.15,780.0
2019-03-28 16:00:00,31.27,31.27,31.27,31.27,105.0
2019-03-29 09:31:00,31.25,31.25,31.25,31.25,658.0
2019-03-29 09:52:00,31.35,31.35,31.2,31.2,761.0
2019-03-29 09:56:00,31.2,31.25,31.175,31.25,605.0
2019-03-29 09:59:00,31.26,31.26,31.21,31.21,900.0
2019-03-29 10:03:00,31.34,31.34,31.33,31.34,500.0
2019-03-29 10:13:00,31.195,31.195,31.1,31.1,200.0
2019-03-29 10:23:00,31.145,31.145,31.145,31.145,100.0
2019-03-29 10:24:00,31.145,31.145,31.145,31.145,100.0
2019-03-29 10:33:00,31.12,31.12,31.12,31.12,168.0
2019-03-29 10:45:00,31.19,31.19,31.0,31.0,1750.0
2019-03-29 10:46:00,30.99,31.06,30.99,31.06,1185.0
2019-03-29 11:00:00,31.04,31.04,31.04,31.04,160.0
2019-03-29 11:09:00,31.29,31.29,31.09,31.195,342.0
2019-03-29 11:15:00,31.08,31.08,31.08,31.08,381.0
2019-03-29 11:16:00,31.08,31.08,31.08,31.08,304.0
2019-03-29 11:17:00,31.105,31.105,31.105,31.105,200.0
2019-03-29 11:18:00,30.93,30.93,30.93,30.93,130.0
2019-03-29 11:24:00,31.0,31.0,30.93,30.98,852.0
2019-03-29 11:27:00,30.81,30.81,30.81,30.81,101.0
2019-03-29 11:36:00,30.77,30.77,30.77,30.77,105.0
2019-03-29 11:45:00,30.77,30.77,30.77,30.77,112.0
2019-03-29 11:50:00,30.75,30.75,30.75,30.75,402.0
2019-03-29 11:52:00,30.55,30.55,30.55,30.55,400.0
2019-03-29 11:53:00,30.455,30.455,30.455,30.455,178.0
2019-03-29 11:54:00,30.56,30.62,30.41,30.41,1055.0
2019-03-29 12:03:00,30.79,30.79,30.79,30.79,102.0
2019-03-29 12:06:00,30.795,30.795,30.795,30.795,401.0
2019-03-29 12:07:00,30.795,30.795,30.795,30.795,116.0
2019-03-29 12:12:00,30.77,30.86,30.77,30.83,1091.0
2019-03-29 12:13:00,30.89,30.89,30.89,30.89,600.0
2019-03-29 12:16:00,30.8767,30.8767,30.8767,30.8767,216.0
2019-03-29 12:22:00,30.89,30.89,30.89,30.89,200.0
2019-03-29 12:24:00,30.865,30.865,30.865,30.865,100.0
2019-03-29 12:25:00,30.92,30.94,30.9,30.92,767.0
2019-03-29 12:27:00,30.97,30.97,30.97,30.97,322.0
2019-03-29 12:31:00,30.96,30.96,30.92,30.92,1001.0
2019-03-29 12:33:00,30.79,30.81,30.79,30.81,402.0
2019-03-29 12:37:00,30.845,30.845,30.845,30.845,102.0
2019-03-29 12:43:00,30.845,30.845,30.845,30.845,5000.0
2019-03-29 12:44:00,30.875,30.875,30.875,30.875,200.0
2019-03-29 12:46:00,30.86,30.91,30.84,30.91,1202.0
2019-03-29 12:47:00,30.91,30.91,30.91,30.91,1000.0
2019-03-29 12:50:00,30.91,30.935,30.89,30.935,1697.0
2019-03-29 12:52:00,30.88,30.88,30.88,30.88,100.0
2019-03-29 12:53:00,30.9,30.9,30.9,30.9,402.0
2019-03-29 12:54:00,30.95,30.95,30.93,30.93,300.0
2019-03-29 12:55:00,30.93,30.9399,30.93,30.9399,507.0
2019-03-29 13:05:00,30.95,31.0,30.95,31.0,403.0
2019-03-29 13:13:00,30.92,30.92,30.92,30.92,100.0
2019-03-29 13:26:00,30.87,30.87,30.87,30.87,103.0
2019-03-29 13:32:00,30.91,30.91,30.89,30.89,631.0
2019-03-29 13:34:00,30.77,30.77,30.77,30.77,108.0
2019-03-29 13:39:00,30.81,30.81,30.81,30.81,101.0
2019-03-29 13:40:00,30.81,30.81,30.81,30.81,300.0
2019-03-29 13:41:00,30.81,30.81,30.77,30.77,600.0
2019-03-29 13:42:00,30.77,30.77,30.685,30.685,499.0
2019-03-29 13:43:00,30.68,30.69,30.67,30.67,1070.0
2019-03-29 13:45:00,30.755,30.755,30.755,30.755,500.0
2019-03-29 13:47:00,30.72,30.72,30.5,30.5,1801.0
2019-03-29 13:49:00,30.61,30.69,30.61,30.69,609.0
2019-03-29 13:56:00,30.75,30.75,30.75,30.75,302.0
2019-03-29 14:10:00,30.78,30.78,30.78,30.78,100.0
2019-03-29 14:17:00,30.76,30.76,30.76,30.76,102.0
2019-03-29 14:20:00,30.76,30.76,30.76,30.76,200.0
2019-03-29 14:23:00,30.76,30.76,30.76,30.76,100.0
2019-03-29 14:24:00,30.76,30.76,30.76,30.76,100.0
2019-03-29 14:26:00,30.76,30.76,30.76,30.76,164.0
2019-03-29 14:31:00,30.77,30.77,30.77,30.77,202.0
2019-03-29 14:43:00,30.78,30.78,30.78,30.78,100.0
2019-03-29 14:45:00,30.79,30.79,30.79,30.79,107.0
2019-03-29 15:01:00,30.905,30.905,30.905,30.905,201.0
2019-03-29 15:03:00,30.91,30.91,30.91,30.91,324.0
2019-03-29 15:06:00,30.87,30.87,30.87,30.87,100.0
2019-03-29 15:07:00,30.85,30.85,30.85,30.85,100.0
2019-03-29 15:13:00,30.9104,30.9104,30.85,30.85,1568.0
2019-03-29 15:14:00,30.71,30.71,30.71,30.71,188.0
2019-03-29 15:16:00,30.77,30.77,30.73,30.73,421.0
2019-03-29 15:23:00,30.78,30.78,30.74,30.74,1612.0
2019-03-29 15:34:00,30.74,30.74,30.74,30.74,101.0
2019-03-29 15:38:00,30.79,30.79,30.79,30.79,243.0
2019-03-29 15:41:00,30.83,30.83,30.75,30.75,444.0
2019-03-29 15:42:00,30.74,30.74,30.695,30.695,933.0
2019-03-29 15:43:00,30.78,30.78,30.78,30.78,248.0
2019-03-29 15:44:00,30.695,30.695,30.695,30.695,103.0
2019-03-29 15:45:00,30.75,30.75,30.75,30.75,386.0
2019-03-29 15:46:00,30.75,30.75,30.75,30.75,100.0
2019-03-29 15:47:00,30.85,30.85,30.85,30.85,204.0
2019-03-29 15:49:00,30.74,30.74,30.74,30.74,102.0
2019-03-29 15:53:00,30.77,30.79,30.77,30.79,220.0
2019-03-29 15:54:00,30.77,30.79,30.75,30.75,1227.0
2019-03-29 15:55:00,30.76,30.76,30.73,30.73,302.0
2019-03-29 15:56:00,30.75,30.75,30.75,30.75,335.0
2019-03-29 15:57:00,30.8,30.85,30.74,30.74,401.0
2019-03-29 15:58:00,30.75,30.75,30.75,30.75,583.0
2019-03-29 15:59:00,30.72,30.81,30.72,30.81,1316.0
2019-03-29 16:00:00,30.82,30.82,30.81,30.81,4072.0
2019-04-01 09:31:00,31.08,31.08,31.08,31.08,1193.0
2019-04-01 09:36:00,30.96,30.96,30.96,30.96,685.0
2019-04-01 09:39:00,30.97,30.97,30.97,30.97,494.0
2019-04-01 09:59:00,30.81,30.81,30.81,30.81,415.0
2019-04-01 10:04:00,31.0,31.0,31.0,31.0,608.0
2019-04-01 10:06:00,30.88,30.88,30.88,30.88,3200.0
2019-04-01 10:07:00,30.69,30.69,30.69,30.69,421.0
2019-04-01 10:08:00,30.86,30.86,30.86,30.86,975.0
2019-04-01 10:10:00,30.54,30.54,30.54,30.54,817.0
2019-04-01 10:18:00,31.15,31.15,31.15,31.15,372.0
2019-04-01 10:23:00,31.36,31.36,31.36,31.36,633.0
2019-04-01 10:30:00,31.57,31.57,31.57,31.57,622.0
2019-04-01 10:35:00,31.25,31.25,31.25,31.25,290.0
2019-04-01 10:53:00,31.67,31.67,31.64,31.64,400.0
2019-04-01 11:06:00,31.535,31.535,31.535,31.535,228.0
2019-04-01 11:16:00,31.63,31.67,31.63,31.67,384.0
2019-04-01 11:25:00,31.535,31.535,31.535,31.535,330.0
2019-04-01 11:28:00,31.4001,31.4001,31.4001,31.4001,740.0
2019-04-01 11:34:00,31.22,31.22,31.22,31.22,1506.0
2019-04-01 11:44:00,31.23,31.23,31.23,31.23,116.0
2019-04-01 11:53:00,31.22,31.22,31.22,31.22,101.0
2019-04-01 11:58:00,31.22,31.22,31.22,31.22,212.0
2019-04-01 12:03:00,31.21,31.21,31.21,31.21,616.0
2019-04-01 12:13:00,31.05,31.05,31.05,31.05,350.0
2019-04-01 12:18:00,31.1,31.1,31.1,31.1,150.0
2019-04-01 12:23:00,31.1,31.1,31.1,31.1,127.0
2019-04-01 12:28:00,30.96,30.96,30.96,30.96,720.0
2019-04-01 12:30:00,30.96,30.96,30.96,30.96,113.0
2019-04-01 12:33:00,30.98,30.98,30.98,30.98,100.0
2019-04-01 12:42:00,30.93,30.93,30.93,30.93,200.0
2019-04-01 12:52:00,30.91,30.91,30.91,30.91,100.0
2019-04-01 13:02:00,30.93,30.93,30.93,30.93,423.0
2019-04-01 13:13:00,30.92,30.92,30.92,30.92,100.0
2019-04-01 13:21:00,30.92,30.92,30.92,30.92,100.0
2019-04-01 13:22:00,30.86,30.86,30.86,30.86,3712.0
2019-04-01 13:26:00,31.05,31.05,31.05,31.05,1100.0
2019-04-01 13:28:00,31.04,31.04,31.04,31.04,100.0
2019-04-01 13:32:00,31.14,31.14,31.14,31.14,100.0
2019-04-01 13:45:00,31.065,31.065,31.065,31.065,132.0
2019-04-01 13:52:00,31.03,31.03,31.03,31.03,100.0
2019-04-01 14:00:00,31.03,31.03,31.03,31.03,200.0
2019-04-01 14:07:00,31.06,31.06,31.06,31.06,120.0
2019-04-01 14:14:00,31.03,31.03,31.03,31.03,109.0
2019-04-01 14:29:00,31.16,31.16,31.16,31.16,202.0
2019-04-01 14:40:00,31.13,31.13,31.13,31.13,200.0
2019-04-01 14:43:00,31.24,31.24,31.24,31.24,132.0
2019-04-01 14:51:00,31.14,31.14,31.14,31.14,100.0
2019-04-01 15:01:00,31.2,31.2,31.2,31.2,150.0
2019-04-01 15:06:00,31.23,31.23,31.23,31.23,100.0
2019-04-01 15:09:00,31.365,31.365,31.365,31.365,850.0
2019-04-01 15:11:00,31.27,31.27,31.27,31.27,144.0
2019-04-01 15:13:00,31.21,31.21,31.21,31.21,109.0
2019-04-01 15:25:00,31.11,31.11,31.11,31.11,225.0
2019-04-01 15:32:00,31.18,31.18,31.18,31.18,164.0
2019-04-01 15:39:00,31.09,31.09,31.09,31.09,916.0
2019-04-01 15:40:00,31.09,31.09,31.09,31.09,102.0
2019-04-01 15:48:00,31.22,31.22,31.22,31.22,946.0
2019-04-01 15:50:00,31.1,31.1,31.1,31.1,404.0
2019-04-01 15:51:00,30.99,30.99,30.99,30.99,378.0
2019-04-01 15:54:00,30.99,30.99,30.99,30.99,500.0
2019-04-01 15:55:00,30.88,30.88,30.88,30.88,957.0
2019-04-01 15:56:00,31.04,31.04,31.04,31.04,922.0
2019-04-01 15:57:00,31.15,31.15,31.15,31.15,1166.0
2019-04-01 15:59:00,31.11,31.11,31.11,31.11,1209.0
2019-04-01 16:00:00,31.14,31.14,31.14,31.14,1711.0
2019-04-02 09:31:00,31.02,31.02,31.02,31.02,554.0
2019-04-02 09:46:00,31.1,31.2,31.1,31.2,364.0
2019-04-02 09:48:00,31.17,31.17,31.17,31.17,300.0
2019-04-02 09:49:00,31.34,31.34,31.19,31.19,205.0
2019-04-02 09:50:00,31.33,31.35,31.09,31.09,1703.0
2019-04-02 09:52:00,31.24,31.24,31.1025,31.1025,401.0
2019-04-02 09:54:00,31.1507,31.1507,31.1507,31.1507,100.0
2019-04-02 10:02:00,31.11,31.11,31.11,31.11,300.0
2019-04-02 10:03:00,31.11,31.11,31.11,31.11,311.0
2019-04-02 10:14:00,31.17,31.17,31.17,31.17,223.0
2019-04-02 10:32:00,31.15,31.195,31.15,31.195,551.0
2019-04-02 10:35:00,31.1,31.1,31.1,31.1,308.0
2019-04-02 10:39:00,30.96,30.96,30.96,30.96,208.0
2019-04-02 10:41:00,30.95,30.95,30.9,30.9,1659.0
2019-04-02 10:54:00,30.92,30.92,30.92,30.92,101.0
2019-04-02 11:01:00,30.91,30.91,30.91,30.91,304.0
2019-04-02 11:02:00,30.91,30.91,30.91,30.91,174.0
2019-04-02 11:04:00,30.9,30.9,30.9,30.9,853.0
2019-04-02 11:06:00,30.95,30.95,30.95,30.95,200.0
2019-04-02 11:08:00,30.925,30.925,30.925,30.925,103.0
2019-04-02 11:10:00,30.9,30.9,30.9,30.9,801.0
2019-04-02 11:11:00,30.9,30.9,30.89,30.89,797.0
2019-04-02 11:18:00,30.9,30.98,30.9,30.95,891.0
2019-04-02 11:26:00,31.055,31.055,31.055,31.055,803.0
2019-04-02 11:29:00,31.06,31.06,31.06,31.06,100.0
2019-04-02 11:30:00,31.02,31.02,31.02,31.02,100.0
2019-04-02 11:32:00,31.05,31.05,31.05,31.05,100.0
2019-04-02 11:37:00,31.08,31.08,31.08,31.08,206.0
2019-04-02 11:39:00,31.04,31.04,31.04,31.04,102.0
2019-04-02 11:47:00,31.13,31.14,31.13,31.14,608.0
2019-04-02 11:48:00,31.14,31.14,31.1,31.1,700.0
2019-04-02 11:50:00,31.1,31.1,31.1,31.1,270.0
2019-04-02 11:53:00,31.13,31.13,31.13,31.13,323.0
2019-04-02 11:55:00,31.13,31.13,31.13,31.13,100.0
2019-04-02 11:56:00,31.173,31.173,31.173,31.173,251.0
2019-04-02 11:58:00,31.12,31.12,31.12,31.12,130.0
2019-04-02 12:15:00,31.14,31.14,31.14,31.14,701.0
2019-04-02 12:17:00,31.11,31.11,31.11,31.11,109.0
2019-04-02 12:38:00,31.14,31.14,31.14,31.14,102.0
2019-04-02 12:45:00,31.18,31.18,31.18,31.18,102.0
2019-04-02 12:51:00,31.15,31.15,31.15,31.15,100.0
2019-04-02 12:52:00,31.15,31.15,31.1,31.11,721.0
2019-04-02 12:53:00,31.01,31.01,31.01,31.01,238.0
2019-04-02 13:04:00,30.99,30.99,30.99,30.99,122.0
2019-04-02 13:07:00,31.01,31.01,31.01,31.01,106.0
2019-04-02 13:20:00,31.115,31.115,31.115,31.115,203.0
2019-04-02 13:22:00,31.04,31.04,31.04,31.04,161.0
2019-04-02 13:45:00,31.1,31.1,31.1,31.1,167.0
2019-04-02 13:51:00,31.115,31.115,31.115,31.115,100.0
2019-04-02 13:52:00,31.115,31.115,31.115,31.115,539.0
2019-04-02 13:53:00,31.03,31.03,31.03,31.03,681.0
2019-04-02 14:16:00,30.91,30.91,30.91,30.91,399.0
2019-04-02 14:19:00,30.86,30.94,30.85,30.85,468.0
2019-04-02 14:25:00,30.93,30.93,30.93,30.93,222.0
2019-04-02 14:42:00,30.965,30.965,30.965,30.965,165.0
2019-04-02 14:53:00,30.95,30.95,30.95,30.95,209.0
2019-04-02 15:01:00,31.01,31.01,31.01,31.01,261.0
2019-04-02 15:09:00,31.06,31.06,31.04,31.04,773.0
2019-04-02 15:11:00,30.99,31.075,30.99,31.075,203.0
2019-04-02 15:16:00,30.98,30.98,30.98,30.98,215.0
2019-04-02 15:19:00,30.98,30.98,30.98,30.98,524.0
2019-04-02 15:20:00,30.93,30.93,30.93,30.93,116.0
2019-04-02 15:32:00,30.84,30.9,30.72,30.89,5835.0
2019-04-02 15:46:00,30.9,30.9,30.9,30.9,200.0
2019-04-02 15:49:00,30.94,30.94,30.93,30.93,535.0
2019-04-02 15:50:00,30.91,30.91,30.84,30.84,768.0
2019-04-02 15:53:00,30.92,30.92,30.92,30.92,376.0
2019-04-02 15:57:00,30.87,30.87,30.87,30.87,145.0
2019-04-02 15:58:00,30.96,30.98,30.96,30.98,219.0
2019-04-02 16:00:00,30.98,31.0,30.98,30.99,1739.0
2019-04-03 09:31:00,31.21,31.32,31.125,31.32,427.0
2019-04-03 09:36:00,31.12,31.12,31.12,31.12,101.0
2019-04-03 09:38:00,31.2281,31.2281,31.2281,31.2281,124.0
2019-04-03 09:47:00,31.12,31.12,31.12,31.12,100.0
2019-04-03 09:48:00,31.125,31.2361,31.125,31.2361,206.0
2019-04-03 09:49:00,31.11,31.11,31.1,31.1,970.0
2019-04-03 10:01:00,31.12,31.12,31.12,31.12,0.0
2019-04-03 10:04:00,31.1,31.1,31.1,31.1,2743.0
2019-04-03 10:13:00,31.1,31.1,31.1,31.1,130.0
2019-04-03 10:14:00,31.1,31.1,31.1,31.1,585.0
2019-04-03 10:22:00,31.1,31.1,31.1,31.1,186.0
2019-04-03 10:25:00,31.17,31.17,31.17,31.17,175.0
2019-04-03 10:27:00,31.13,31.13,31.13,31.13,100.0
2019-04-03 10:30:00,31.12,31.1675,31.12,31.1675,1010.0
2019-04-03 10:39:00,31.13,31.13,31.13,31.13,205.0
2019-04-03 10:40:00,31.21,31.21,31.13,31.19,1540.0
2019-04-03 10:41:00,31.19,31.2476,31.12,31.12,1242.0
2019-04-03 10:42:00,31.11,31.11,31.11,31.11,296.0
2019-04-03 10:43:00,31.1,31.1,31.1,31.1,311.0
2019-04-03 10:45:00,31.12,31.12,31.12,31.12,111.0
2019-04-03 10:46:00,31.1,31.1,31.1,31.1,130.0
2019-04-03 10:47:00,31.1,31.1,31.1,31.1,188.0
2019-04-03 10:48:00,31.115,31.12,31.1,31.1,829.0
2019-04-03 10:49:00,31.08,31.08,31.08,31.08,120.0
2019-04-03 10:50:00,31.13,31.13,31.08,31.125,1257.0
2019-04-03 10:51:00,31.08,31.08,31.08,31.08,274.0
2019-04-03 10:52:00,31.075,31.075,31.075,31.075,200.0
2019-04-03 10:54:00,31.0851,31.0851,31.0851,31.0851,100.0
2019-04-03 10:55:00,31.085,31.085,31.085,31.085,100.0
2019-04-03 10:59:00,31.1,31.1,31.1,31.1,100.0
2019-04-03 11:01:00,31.1,31.1,31.1,31.1,200.0
2019-04-03 11:02:00,31.12,31.14,31.12,31.12,1194.0
2019-04-03 11:14:00,31.14,31.14,31.13,31.13,715.0
2019-04-03 11:18:00,31.13,31.13,31.13,31.13,100.0
2019-04-03 11:23:00,31.13,31.13,31.13,31.13,134.0
2019-04-03 11:25:00,31.12,31.13,31.12,31.13,566.0
2019-04-03 11:27:00,31.13,31.13,31.13,31.13,100.0
2019-04-03 11:33:00,31.15,31.15,31.15,31.15,200.0
2019-04-03 11:38:00,31.15,31.15,31.15,31.15,100.0
2019-04-03 11:52:00,31.22,31.25,31.17,31.17,1410.0
2019-04-03 12:02:00,31.18,31.18,31.18,31.18,333.0
2019-04-03 12:03:00,31.18,31.18,31.18,31.18,100.0
2019-04-03 12:06:00,31.265,31.265,31.265,31.265,240.0
2019-04-03 12:21:00,31.15,31.15,31.15,31.15,196.0
2019-04-03 12:25:00,31.16,31.16,31.16,31.16,247.0
2019-04-03 12:50:00,31.15,31.15,31.1,31.1,553.0
2019-04-03 12:53:00,31.13,31.165,31.13,31.165,1110.0
2019-04-03 13:00:00,31.15,31.22,31.15,31.22,232.0
2019-04-03 13:02:00,31.15,31.15,31.15,31.15,500.0
2019-04-03 13:18:00,31.13,31.13,31.13,31.13,100.0
2019-04-03 13:23:00,31.19,31.21,31.19,31.21,311.0
2019-04-03 13:24:00,31.26,31.26,31.19,31.19,302.0
2019-04-03 13:43:00,31.21,31.21,31.17,31.17,869.0
2019-04-03 13:59:00,31.14,31.14,31.14,31.14,100.0
2019-04-03 14:01:00,31.14,31.14,31.1,31.1,757.0
2019-04-03 14:02:00,31.12,31.12,31.12,31.12,337.0
2019-04-03 14:15:00,31.07,31.07,31.07,31.07,100.0
2019-04-03 14:17:00,31.075,31.1,31.025,31.025,2666.0
2019-04-03 14:19:00,31.01,31.01,30.99,31.0,400.0
2019-04-03 14:20:00,30.955,30.955,30.955,30.955,500.0
2019-04-03 14:21:00,30.955,30.955,30.955,30.955,300.0
2019-04-03 14:22:00,30.955,30.955,30.955,30.955,721.0
2019-04-03 14:25:00,31.0,31.0,30.95,30.95,1793.0
2019-04-03 14:28:00,31.0,31.0,30.98,30.98,308.0
2019-04-03 14:30:00,31.0,31.01,31.0,31.01,1000.0
2019-04-03 14:32:00,31.01,31.01,31.01,31.01,381.0
2019-04-03 14:37:00,31.01,31.01,31.01,31.01,301.0
2019-04-03 14:41:00,31.0,31.0,31.0,31.0,379.0
2019-04-03 14:59:00,30.955,30.955,30.955,30.955,385.0
2019-04-03 15:13:00,30.98,30.98,30.9,30.9,310.0
2019-04-03 15:24:00,30.835,30.835,30.835,30.835,500.0
2019-04-03 15:27:00,30.835,30.835,30.835,30.835,800.0
2019-04-03 15:28:00,30.835,30.835,30.835,30.835,939.0
2019-04-03 15:33:00,30.91,31.01,30.9,30.91,1298.0
2019-04-03 15:35:00,31.02,31.02,31.02,31.02,220.0
2019-04-03 15:40:00,30.96,30.96,30.96,30.96,100.0
2019-04-03 15:45:00,31.01,31.01,31.01,31.01,100.0
2019-04-03 15:55:00,30.97,30.97,30.97,30.97,344.0
2019-04-03 15:59:00,31.07,31.07,31.07,31.07,137.0
2019-04-03 16:00:00,31.0,31.06,31.0,31.06,626.0
