
2019-03-19 09:31:00,8.85,8.85,8.85,8.85,0.0
2019-03-19 09:46:00,8.845,8.845,8.845,8.845,113.0
2019-03-19 09:52:00,8.85,8.88,8.85,8.88,5501.0
2019-03-19 09:57:00,8.863,8.863,8.863,8.863,1500.0
2019-03-19 09:59:00,8.8736,8.8736,8.8736,8.8736,245.0
2019-03-19 10:18:00,8.86,8.86,8.86,8.86,5434.0
2019-03-19 10:31:00,8.87,8.87,8.87,8.87,100.0
2019-03-19 10:52:00,8.83,8.83,8.83,8.83,7365.0
2019-03-19 10:54:00,8.85,8.85,8.85,8.85,100.0
2019-03-19 11:00:00,8.83,8.83,8.83,8.83,400.0
2019-03-19 11:10:00,8.83,8.83,8.83,8.83,400.0
2019-03-19 11:18:00,8.83,8.83,8.83,8.83,200.0
2019-03-19 11:21:00,8.83,8.86,8.83,8.86,5400.0
2019-03-19 11:23:00,8.845,8.845,8.845,8.845,100.0
2019-03-19 11:24:00,8.8448,8.8448,8.83,8.83,333.0
2019-03-19 11:25:00,8.85,8.87,8.85,8.87,4995.0
2019-03-19 11:26:00,8.86,8.86,8.86,8.86,10000.0
2019-03-19 11:28:00,8.855,8.855,8.855,8.855,100.0
2019-03-19 11:29:00,8.86,8.88,8.86,8.88,11400.0
2019-03-19 11:31:00,8.8593,8.8593,8.8593,8.8593,500.0
2019-03-19 11:32:00,8.865,8.88,8.865,8.88,10619.0
2019-03-19 11:33:00,8.88,8.88,8.88,8.88,195.0
2019-03-19 11:35:00,8.87,8.87,8.87,8.87,100.0
2019-03-19 11:39:00,8.87,8.9,8.87,8.88,10000.0
2019-03-19 11:46:00,8.87,8.87,8.87,8.87,100.0
2019-03-19 11:47:00,8.87,8.87,8.87,8.87,100.0
2019-03-19 11:49:00,8.87,8.87,8.87,8.87,200.0
2019-03-19 11:51:00,8.86,8.86,8.86,8.86,100.0
2019-03-19 11:53:00,8.86,8.9,8.86,8.89,10400.0
2019-03-19 11:56:00,8.87,8.87,8.87,8.87,200.0
2019-03-19 11:57:00,8.87,8.87,8.86,8.86,300.0
2019-03-19 11:58:00,8.86,8.86,8.86,8.86,200.0
2019-03-19 11:59:00,8.8711,8.8711,8.8711,8.8711,2300.0
2019-03-19 12:00:00,8.86,8.86,8.86,8.86,200.0
2019-03-19 12:01:00,8.86,8.86,8.86,8.86,100.0
2019-03-19 12:04:00,8.86,8.86,8.86,8.86,400.0
2019-03-19 12:05:00,8.88,8.89,8.88,8.89,10300.0
2019-03-19 12:07:00,8.87,8.87,8.87,8.87,200.0
2019-03-19 12:10:00,8.87,8.87,8.87,8.87,300.0
2019-03-19 12:13:00,8.8643,8.8643,8.86,8.86,7271.0
2019-03-19 12:17:00,8.89,8.9,8.89,8.9,10262.0
2019-03-19 12:42:00,8.9001,8.91,8.9001,8.905,11024.0
2019-03-19 12:44:00,8.9,8.9,8.9,8.9,600.0
2019-03-19 12:45:00,8.895,8.91,8.895,8.91,20000.0
2019-03-19 12:51:00,8.915,8.915,8.915,8.915,11493.0
2019-03-19 12:53:00,8.915,8.915,8.915,8.915,100.0
2019-03-19 12:55:00,8.91,8.91,8.91,8.91,300.0
2019-03-19 12:58:00,8.915,8.915,8.915,8.915,100.0
2019-03-19 13:01:00,8.915,8.915,8.915,8.915,100.0
2019-03-19 13:13:00,8.915,8.915,8.915,8.915,100.0
2019-03-19 13:23:00,8.92,8.92,8.9166,8.92,2569.0
2019-03-19 13:28:00,8.92,8.92,8.92,8.92,100.0
2019-03-19 13:40:00,8.92,8.93,8.92,8.92,6295.0
2019-03-19 13:41:00,8.935,8.935,8.935,8.935,200.0
2019-03-19 13:42:00,8.935,8.935,8.935,8.935,100.0
2019-03-19 13:45:00,8.93,8.9325,8.9201,8.9229,11942.0
2019-03-19 13:47:00,8.92,8.92,8.92,8.92,600.0
2019-03-19 13:49:00,8.91,8.91,8.91,8.91,200.0
2019-03-19 13:51:00,8.91,8.91,8.91,8.91,500.0
2019-03-19 13:58:00,8.91,8.93,8.91,8.93,9500.0
2019-03-19 13:59:00,8.939,8.95,8.939,8.95,10600.0
2019-03-19 14:01:00,8.94,8.9536,8.94,8.9536,7300.0
2019-03-19 14:03:00,8.955,8.96,8.955,8.96,10932.0
2019-03-19 14:04:00,8.96,8.97,8.955,8.97,4768.0
2019-03-19 14:05:00,8.957,8.957,8.957,8.957,750.0
2019-03-19 14:09:00,8.951,8.9683,8.95,8.96,13815.0
2019-03-19 14:10:00,8.97,8.99,8.97,8.99,11113.0
2019-03-19 14:12:00,8.97,8.99,8.97,8.99,20000.0
2019-03-19 14:14:00,8.975,8.99,8.975,8.98,15400.0
2019-03-19 14:26:00,8.98,8.98,8.98,8.98,100.0
2019-03-19 14:29:00,8.98,8.98,8.98,8.98,100.0
2019-03-19 14:35:00,8.98,8.98,8.98,8.98,100.0
2019-03-19 14:37:00,8.98,8.98,8.98,8.98,130.0
2019-03-19 15:00:00,8.9684,8.9684,8.9684,8.9684,914.0
2019-03-19 15:08:00,8.9667,8.98,8.9667,8.98,850.0
2019-03-19 15:13:00,8.9705,8.9705,8.9705,8.9705,314.0
2019-03-19 15:17:00,8.97,8.97,8.97,8.97,200.0
2019-03-19 15:29:00,8.97,8.97,8.97,8.97,100.0
2019-03-19 15:40:00,8.97,8.97,8.97,8.97,100.0
2019-03-19 15:44:00,8.97,8.97,8.97,8.97,100.0
2019-03-19 15:47:00,8.97,8.97,8.97,8.97,100.0
2019-03-19 15:49:00,8.975,8.98,8.975,8.98,400.0
2019-03-19 15:51:00,8.98,8.98,8.98,8.98,100.0
2019-03-19 15:55:00,8.975,8.98,8.975,8.98,300.0
2019-03-19 15:56:00,8.9759,8.98,8.9759,8.98,1104.0
2019-03-19 15:57:00,8.98,8.98,8.98,8.98,1700.0
2019-03-19 15:58:00,8.99,8.99,8.98,8.98,496.0
2019-03-19 16:00:00,8.98,8.99,8.98,8.99,4556.0
2019-03-20 09:32:00,8.97,8.97,8.97,8.97,0.0
2019-03-20 09:45:00,8.9615,8.9615,8.9615,8.9615,1000.0
2019-03-20 09:58:00,8.98,8.98,8.98,8.98,1300.0
2019-03-20 10:10:00,8.9575,8.98,8.9575,8.98,1612.0
2019-03-20 10:16:00,8.97,8.97,8.97,8.97,1200.0
2019-03-20 10:27:00,8.9579,8.9579,8.9579,8.9579,3190.0
2019-03-20 10:47:00,8.96,8.97,8.96,8.97,994.0
2019-03-20 10:49:00,8.96,8.97,8.96,8.9616,1000.0
2019-03-20 10:59:00,8.96,8.96,8.96,8.96,1105.0
2019-03-20 11:17:00,8.96,8.96,8.96,8.96,30000.0
2019-03-20 11:20:00,8.9637,8.9637,8.9637,8.9637,2385.0
2019-03-20 11:24:00,8.96,8.96,8.96,8.96,617.0
2019-03-20 11:26:00,8.9699,8.9699,8.9699,8.9699,2001.0
2019-03-20 11:33:00,8.95,8.95,8.95,8.95,1000.0
2019-03-20 11:40:00,8.95,8.955,8.95,8.955,30914.0
2019-03-20 11:50:00,8.97,8.97,8.96,8.96,10329.0
2019-03-20 11:52:00,8.96,8.9627,8.96,8.96,300.0
2019-03-20 12:00:00,8.96,8.96,8.96,8.96,100.0
2019-03-20 12:10:00,8.96,8.96,8.96,8.96,800.0
2019-03-20 12:13:00,8.9632,8.9632,8.9632,8.9632,150.0
2019-03-20 12:17:00,8.96,8.96,8.95,8.95,500.0
2019-03-20 12:25:00,8.95,8.96,8.95,8.96,3700.0
2019-03-20 12:33:00,8.95,8.95,8.95,8.95,130.0
2019-03-20 12:43:00,8.9525,8.9525,8.9525,8.9525,2625.0
2019-03-20 13:02:00,8.95,8.95,8.94,8.95,1700.0
2019-03-20 13:18:00,8.95,8.95,8.95,8.95,1100.0
2019-03-20 13:22:00,8.95,8.96,8.95,8.96,1600.0
2019-03-20 13:24:00,8.9563,8.9563,8.9563,8.9563,1000.0
2019-03-20 13:48:00,8.95,8.95,8.95,8.95,300.0
2019-03-20 13:59:00,8.95,8.95,8.94,8.95,700.0
2019-03-20 14:02:00,8.96,8.96,8.955,8.9595,4100.0
2019-03-20 14:04:00,8.955,8.9595,8.955,8.9595,858.0
2019-03-20 14:39:00,8.96,8.96,8.96,8.96,2500.0
2019-03-20 14:55:00,8.9599,8.9599,8.9599,8.9599,900.0
2019-03-20 14:56:00,8.96,8.96,8.96,8.96,2400.0
2019-03-20 14:58:00,8.9599,8.96,8.9599,8.96,6600.0
2019-03-20 15:00:00,8.955,8.96,8.95,8.95,3000.0
2019-03-20 15:01:00,8.96,8.96,8.96,8.96,5000.0
2019-03-20 15:08:00,8.959,8.959,8.959,8.959,500.0
2019-03-20 15:17:00,8.9555,8.9555,8.9555,8.9555,119.0
2019-03-20 15:25:00,8.953,8.953,8.953,8.953,601.0
2019-03-20 15:32:00,8.95,8.95,8.95,8.95,100.0
2019-03-20 15:38:00,8.955,8.96,8.955,8.9599,2000.0
2019-03-20 15:57:00,8.96,8.96,8.96,8.96,101.0
2019-03-20 15:59:00,8.96,8.96,8.95,8.95,1015.0
2019-03-21 09:31:00,8.96,8.96,8.96,8.96,0.0
2019-03-21 09:49:00,8.98,8.98,8.98,8.98,100.0
2019-03-21 09:52:00,8.98,8.99,8.96,8.98,18596.0
2019-03-21 09:57:00,8.99,8.99,8.99,8.99,100.0
2019-03-21 09:58:00,8.99,8.99,8.99,8.99,100.0
2019-03-21 09:59:00,8.99,8.99,8.99,8.99,200.0
2019-03-21 10:00:00,8.99,8.99,8.98,8.99,300.0
2019-03-21 10:01:00,8.99,8.99,8.99,8.99,200.0
2019-03-21 10:02:00,8.98,8.98,8.9748,8.9748,9903.0
2019-03-21 10:03:00,8.98,8.98,8.98,8.98,300.0
2019-03-21 10:04:00,8.98,8.98,8.98,8.98,200.0
2019-03-21 10:05:00,8.9728,8.99,8.97,8.99,10401.0
2019-03-21 10:06:00,8.98,8.99,8.98,8.99,200.0
2019-03-21 10:07:00,8.98,8.98,8.98,8.98,200.0
2019-03-21 10:08:00,8.98,8.98,8.96,8.97,11594.0
2019-03-21 10:09:00,8.97,8.97,8.97,8.97,3853.0
2019-03-21 10:20:00,8.97,8.97,8.97,8.97,100.0
2019-03-21 10:21:00,8.97,8.97,8.97,8.97,300.0
2019-03-21 10:22:00,8.97,8.97,8.97,8.97,200.0
2019-03-21 10:23:00,8.97,8.97,8.97,8.97,100.0
2019-03-21 10:24:00,8.97,8.97,8.965,8.97,2200.0
2019-03-21 10:25:00,8.97,8.97,8.97,8.97,100.0
2019-03-21 10:26:00,8.97,8.97,8.97,8.97,100.0
2019-03-21 10:27:00,8.97,8.97,8.97,8.97,200.0
2019-03-21 10:28:00,8.97,8.97,8.97,8.97,100.0
2019-03-21 10:29:00,8.97,8.97,8.97,8.97,100.0
2019-03-21 10:30:00,8.97,8.97,8.97,8.97,200.0
2019-03-21 10:32:00,8.97,8.97,8.97,8.97,200.0
2019-03-21 10:33:00,8.97,8.97,8.97,8.97,200.0
2019-03-21 10:34:00,8.9698,8.97,8.965,8.97,6237.0
2019-03-21 10:35:00,8.9733,8.98,8.97,8.98,54516.0
2019-03-21 10:36:00,8.97,8.98,8.97,8.98,200.0
2019-03-21 10:41:00,8.975,8.975,8.975,8.975,565.0
2019-03-21 10:43:00,8.98,8.98,8.98,8.98,200.0
2019-03-21 10:44:00,8.98,8.98,8.98,8.98,100.0
2019-03-21 10:45:00,8.98,8.98,8.98,8.98,100.0
2019-03-21 10:46:00,8.97,8.97,8.97,8.97,2382.0
2019-03-21 10:56:00,8.97,8.97,8.9665,8.97,1158.0
2019-03-21 10:58:00,8.97,8.97,8.97,8.97,100.0
2019-03-21 11:01:00,8.97,8.97,8.97,8.97,200.0
2019-03-21 11:03:00,8.97,8.97,8.97,8.97,100.0
2019-03-21 11:05:00,8.97,8.97,8.97,8.97,100.0
2019-03-21 11:07:00,8.97,8.97,8.97,8.97,100.0
2019-03-21 11:08:00,8.97,8.97,8.97,8.97,100.0
2019-03-21 11:09:00,8.97,8.97,8.97,8.97,100.0
2019-03-21 11:11:00,8.97,8.97,8.97,8.97,100.0
2019-03-21 11:14:00,8.9659,8.9659,8.9659,8.9659,2300.0
2019-03-21 11:15:00,8.97,8.97,8.97,8.97,100.0
2019-03-21 11:16:00,8.97,8.97,8.97,8.97,100.0
2019-03-21 11:17:00,8.9662,8.9662,8.9662,8.9662,500.0
2019-03-21 11:19:00,8.969,8.97,8.969,8.97,1100.0
2019-03-21 11:20:00,8.9699,8.97,8.9659,8.9667,2600.0
2019-03-21 11:22:00,8.97,8.97,8.9662,8.9664,2400.0
2019-03-21 11:23:00,8.97,8.97,8.97,8.97,100.0
2019-03-21 11:24:00,8.97,8.97,8.9619,8.9662,1600.0
2019-03-21 11:25:00,8.97,8.97,8.9667,8.9667,1000.0
2019-03-21 11:26:00,8.97,8.97,8.97,8.97,100.0
2019-03-21 11:28:00,8.97,8.97,8.97,8.97,100.0
2019-03-21 11:29:00,8.97,8.97,8.97,8.97,200.0
2019-03-21 11:32:00,8.97,8.97,8.97,8.97,100.0
2019-03-21 11:34:00,8.97,8.97,8.97,8.97,100.0
2019-03-21 11:35:00,8.97,8.97,8.97,8.97,100.0
2019-03-21 11:37:00,8.9648,8.9648,8.9648,8.9648,2000.0
2019-03-21 11:38:00,8.97,8.97,8.97,8.97,100.0
2019-03-21 11:40:00,8.97,8.97,8.97,8.97,100.0
2019-03-21 11:41:00,8.97,8.97,8.97,8.97,101.0
2019-03-21 11:45:00,8.97,8.97,8.97,8.97,100.0
2019-03-21 11:49:00,8.97,8.97,8.97,8.97,100.0
2019-03-21 11:50:00,8.965,8.965,8.965,8.965,165.0
2019-03-21 11:53:00,8.97,8.97,8.97,8.97,100.0
2019-03-21 11:54:00,8.97,8.97,8.97,8.97,100.0
2019-03-21 11:58:00,8.97,8.97,8.97,8.97,275.0
2019-03-21 12:03:00,8.97,8.97,8.97,8.97,100.0
2019-03-21 12:05:00,8.97,8.97,8.97,8.97,100.0
2019-03-21 12:10:00,8.97,8.97,8.97,8.97,100.0
2019-03-21 12:11:00,8.97,8.97,8.97,8.97,100.0
2019-03-21 12:17:00,8.97,8.97,8.97,8.97,100.0
2019-03-21 12:19:00,8.97,8.97,8.97,8.97,100.0
2019-03-21 12:25:00,8.97,8.97,8.97,8.97,100.0
2019-03-21 12:26:00,8.97,8.97,8.97,8.97,100.0
2019-03-21 12:30:00,8.97,8.97,8.97,8.97,100.0
2019-03-21 12:32:00,8.97,8.97,8.97,8.97,100.0
2019-03-21 12:34:00,8.97,8.97,8.97,8.97,100.0
2019-03-21 12:38:00,8.97,8.97,8.97,8.97,100.0
2019-03-21 12:42:00,8.97,8.97,8.97,8.97,100.0
2019-03-21 12:46:00,8.97,8.97,8.97,8.97,8700.0
2019-03-21 12:47:00,8.97,8.97,8.97,8.97,100.0
2019-03-21 12:50:00,8.97,8.97,8.97,8.97,100.0
2019-03-21 12:52:00,8.97,8.97,8.97,8.97,200.0
2019-03-21 12:53:00,8.97,8.97,8.97,8.97,100.0
2019-03-21 12:54:00,8.97,8.97,8.97,8.97,100.0
2019-03-21 12:56:00,8.97,8.97,8.97,8.97,100.0
2019-03-21 12:59:00,8.97,8.97,8.97,8.97,200.0
2019-03-21 13:00:00,8.97,8.97,8.97,8.97,100.0
2019-03-21 13:04:00,8.97,8.97,8.97,8.97,100.0
2019-03-21 13:05:00,8.97,8.97,8.97,8.97,100.0
2019-03-21 13:07:00,8.97,8.97,8.97,8.97,2491.0
2019-03-21 13:10:00,8.9694,8.9694,8.9694,8.9694,241.0
2019-03-21 13:11:00,8.98,8.98,8.98,8.98,200.0
2019-03-21 13:16:00,8.98,8.98,8.98,8.98,200.0
2019-03-21 13:18:00,8.98,8.98,8.98,8.98,100.0
2019-03-21 13:21:00,8.98,8.98,8.98,8.98,100.0
2019-03-21 13:22:00,8.97,8.9724,8.97,8.9724,1400.0
2019-03-21 13:27:00,8.98,8.98,8.98,8.98,200.0
2019-03-21 13:29:00,8.98,8.98,8.98,8.98,700.0
2019-03-21 13:30:00,8.98,8.98,8.98,8.98,100.0
2019-03-21 13:32:00,8.98,8.98,8.98,8.98,900.0
2019-03-21 13:36:00,8.98,8.98,8.98,8.98,200.0
2019-03-21 13:39:00,8.98,8.98,8.98,8.98,9527.0
2019-03-21 13:41:00,8.97,8.97,8.97,8.97,10165.0
2019-03-21 13:47:00,8.98,8.98,8.98,8.98,101.0
2019-03-21 13:50:00,8.98,8.98,8.98,8.98,100.0
2019-03-21 13:53:00,8.98,8.98,8.98,8.98,100.0
2019-03-21 13:56:00,8.97,8.97,8.97,8.97,19379.0
2019-03-21 14:04:00,8.98,8.98,8.98,8.98,100.0
2019-03-21 14:08:00,8.98,8.98,8.98,8.98,100.0
2019-03-21 14:11:00,8.98,8.98,8.98,8.98,100.0
2019-03-21 14:15:00,8.98,8.98,8.98,8.98,100.0
2019-03-21 14:18:00,8.98,8.98,8.98,8.98,100.0
2019-03-21 14:19:00,8.98,8.98,8.98,8.98,232.0
2019-03-21 14:27:00,8.98,8.98,8.98,8.98,268.0
2019-03-21 14:29:00,8.98,8.98,8.98,8.98,200.0
2019-03-21 14:31:00,8.98,8.98,8.98,8.98,300.0
2019-03-21 14:32:00,8.99,8.99,8.99,8.99,200.0
2019-03-21 14:36:00,8.99,8.99,8.99,8.99,200.0
2019-03-21 14:39:00,8.99,8.99,8.99,8.99,200.0
2019-03-21 14:41:00,8.99,8.99,8.99,8.99,200.0
2019-03-21 14:43:00,8.97,8.97,8.97,8.97,9929.0
2019-03-21 14:50:00,8.99,8.99,8.99,8.99,100.0
2019-03-21 14:52:00,8.98,8.98,8.98,8.98,200.0
2019-03-21 14:53:00,8.99,8.99,8.99,8.99,200.0
2019-03-21 14:54:00,8.99,8.99,8.99,8.99,200.0
2019-03-21 14:57:00,8.98,8.98,8.98,8.98,1915.0
2019-03-21 14:58:00,8.99,8.99,8.99,8.99,200.0
2019-03-21 15:00:00,8.99,8.99,8.99,8.99,300.0
2019-03-21 15:02:00,8.99,8.99,8.99,8.99,100.0
2019-03-21 15:03:00,8.99,8.99,8.99,8.99,200.0
2019-03-21 15:05:00,8.99,8.99,8.99,8.99,100.0
2019-03-21 15:06:00,8.99,8.99,8.99,8.99,500.0
2019-03-21 15:08:00,8.99,8.99,8.99,8.99,100.0
2019-03-21 15:09:00,8.99,8.99,8.99,8.99,200.0
2019-03-21 15:11:00,8.99,8.99,8.99,8.99,100.0
2019-03-21 15:12:00,8.99,8.99,8.99,8.99,200.0
2019-03-21 15:14:00,8.99,8.99,8.99,8.99,100.0
2019-03-21 15:15:00,8.99,8.99,8.99,8.99,200.0
2019-03-21 15:17:00,8.99,8.99,8.99,8.99,100.0
2019-03-21 15:18:00,8.99,8.99,8.99,8.99,200.0
2019-03-21 15:19:00,8.99,8.99,8.99,8.99,100.0
2019-03-21 15:20:00,8.99,8.99,8.99,8.99,100.0
2019-03-21 15:23:00,8.99,8.99,8.99,8.99,300.0
2019-03-21 15:24:00,8.99,8.99,8.99,8.99,582.0
2019-03-21 15:29:00,8.99,8.99,8.99,8.99,407.0
2019-03-21 15:31:00,8.99,8.99,8.99,8.99,200.0
2019-03-21 15:33:00,8.97,8.97,8.97,8.97,10274.0
2019-03-21 15:38:00,8.98,8.98,8.98,8.98,437.0
2019-03-21 15:41:00,8.98,8.98,8.98,8.98,200.0
2019-03-21 15:43:00,8.99,8.99,8.99,8.99,400.0
2019-03-21 15:45:00,8.99,8.99,8.99,8.99,200.0
2019-03-21 15:46:00,8.99,8.99,8.99,8.99,200.0
2019-03-21 15:48:00,8.99,8.99,8.97,8.97,10501.0
2019-03-21 15:54:00,8.97,8.97,8.97,8.97,7225.0
2019-03-21 15:59:00,8.96,8.96,8.96,8.96,14708.0
2019-03-21 16:00:00,8.98,8.98,8.98,8.98,2742.0
2019-03-22 09:31:00,9.0,9.0,9.0,9.0,0.0
2019-03-22 09:38:00,9.03,9.03,9.03,9.03,100.0
2019-03-22 09:42:00,9.0265,9.0265,9.0265,9.0265,1000.0
2019-03-22 09:44:00,9.011,9.011,9.01,9.01,2100.0
2019-03-22 09:46:00,9.0167,9.0167,9.0167,9.0167,8178.0
2019-03-22 09:47:00,9.0001,9.0001,9.0001,9.0001,10288.0
2019-03-22 09:50:00,9.001,9.001,8.99,9.0,9093.0
2019-03-22 09:52:00,8.9801,9.0,8.9801,9.0,2407.0
2019-03-22 09:55:00,9.03,9.03,9.03,9.03,210.0
2019-03-22 10:00:00,9.03,9.03,9.03,9.03,100.0
2019-03-22 10:01:00,9.0102,9.03,9.0102,9.03,700.0
2019-03-22 10:02:00,9.02,9.02,9.02,9.02,100.0
2019-03-22 10:03:00,9.02,9.02,9.02,9.02,200.0
2019-03-22 10:04:00,9.02,9.02,9.01,9.01,1976.0
2019-03-22 10:15:00,9.01,9.01,9.01,9.01,100.0
2019-03-22 10:16:00,9.01,9.01,9.01,9.01,100.0
2019-03-22 10:17:00,9.01,9.01,9.01,9.01,100.0
2019-03-22 10:18:00,9.001,9.01,9.0,9.01,8545.0
2019-03-22 10:19:00,9.0085,9.0085,8.995,9.0,11299.0
2019-03-22 10:20:00,9.0,9.0,8.99,9.0,12044.0
2019-03-22 10:21:00,9.0,9.0,9.0,9.0,335.0
2019-03-22 10:25:00,9.001,9.001,9.0,9.0,6574.0
2019-03-22 10:33:00,8.9967,9.0,8.9967,9.0,200.0
2019-03-22 10:34:00,9.0,9.0,9.0,9.0,200.0
2019-03-22 10:35:00,9.0,9.01,9.0,9.01,5095.0
2019-03-22 10:36:00,9.01,9.01,9.01,9.01,101.0
2019-03-22 10:37:00,9.005,9.01,9.005,9.01,200.0
2019-03-22 10:38:00,9.01,9.01,9.01,9.01,100.0
2019-03-22 10:39:00,9.01,9.01,9.01,9.01,100.0
2019-03-22 10:40:00,9.01,9.01,9.01,9.01,200.0
2019-03-22 10:42:00,9.005,9.01,9.005,9.01,500.0
2019-03-22 10:43:00,9.01,9.01,9.01,9.01,1469.0
2019-03-22 10:44:00,9.03,9.03,9.03,9.03,100.0
2019-03-22 10:45:00,9.03,9.03,9.03,9.03,100.0
2019-03-22 10:46:00,9.03,9.03,9.03,9.03,100.0
2019-03-22 10:47:00,9.03,9.03,9.03,9.03,100.0
2019-03-22 10:48:00,9.01,9.01,9.01,9.01,918.0
2019-03-22 10:55:00,9.0,9.0,9.0,9.0,9501.0
2019-03-22 10:56:00,9.0,9.0001,9.0,9.0001,13710.0
2019-03-22 10:58:00,9.0,9.0,9.0,9.0,5433.0
2019-03-22 10:59:00,9.0,9.0,9.0,9.0,4794.0
2019-03-22 11:03:00,9.0,9.0,8.995,9.0,6262.0
2019-03-22 11:05:00,8.991,8.9911,8.99,8.99,10301.0
2019-03-22 11:15:00,8.99,8.99,8.99,8.99,100.0
2019-03-22 11:16:00,8.99,8.99,8.99,8.99,100.0
2019-03-22 11:17:00,8.99,8.99,8.9866,8.9866,4100.0
2019-03-22 11:18:00,8.99,8.99,8.99,8.99,300.0
2019-03-22 11:20:00,8.99,8.99,8.99,8.99,100.0
2019-03-22 11:22:00,8.99,8.99,8.99,8.99,200.0
2019-03-22 11:23:00,8.99,8.99,8.99,8.99,200.0
2019-03-22 11:24:00,8.985,8.99,8.985,8.99,10000.0
2019-03-22 11:26:00,8.99,8.99,8.99,8.99,100.0
2019-03-22 11:27:00,8.99,8.99,8.9811,8.9811,600.0
2019-03-22 11:28:00,8.99,8.99,8.99,8.99,100.0
2019-03-22 11:29:00,8.99,8.99,8.99,8.99,100.0
2019-03-22 11:33:00,8.985,8.989,8.98,8.98,6700.0
2019-03-22 11:45:00,8.99,8.99,8.985,8.99,10100.0
2019-03-22 11:47:00,8.985,8.99,8.985,8.99,700.0
2019-03-22 12:05:00,8.98,8.98,8.98,8.98,10301.0
2019-03-22 12:08:00,8.98,8.98,8.975,8.975,5556.0
2019-03-22 12:26:00,8.975,8.98,8.975,8.976,1000.0
2019-03-22 12:31:00,8.98,8.98,8.98,8.98,100.0
2019-03-22 12:43:00,8.98,8.98,8.975,8.98,8721.0
2019-03-22 13:33:00,8.9701,8.9701,8.9701,8.9701,675.0
2019-03-22 13:37:00,8.979,8.9794,8.975,8.975,1500.0
2019-03-22 13:45:00,8.9726,8.975,8.9726,8.975,3000.0
2019-03-22 13:50:00,8.98,8.98,8.98,8.98,2667.0
2019-03-22 13:55:00,8.98,8.99,8.98,8.99,2300.0
2019-03-22 13:58:00,8.9816,8.9816,8.9816,8.9816,1112.0
2019-03-22 14:07:00,8.98,8.98,8.98,8.98,4200.0
2019-03-22 14:08:00,8.98,8.98,8.98,8.98,700.0
2019-03-22 14:09:00,8.98,8.98,8.98,8.98,221.0
2019-03-22 14:10:00,8.98,8.99,8.98,8.99,6100.0
2019-03-22 14:11:00,8.99,8.99,8.99,8.99,11502.0
2019-03-22 14:15:00,8.98,8.99,8.975,8.99,12647.0
2019-03-22 14:17:00,8.98,8.98,8.9733,8.98,5611.0
2019-03-22 14:18:00,8.975,8.98,8.975,8.98,11230.0
2019-03-22 14:21:00,8.98,8.98,8.97,8.98,5731.0
2019-03-22 14:32:00,8.98,8.98,8.98,8.98,10450.0
2019-03-22 14:42:00,8.98,8.98,8.98,8.98,10860.0
2019-03-22 14:44:00,8.98,8.98,8.98,8.98,2470.0
2019-03-22 14:45:00,8.975,8.975,8.975,8.975,2100.0
2019-03-22 14:48:00,8.9749,8.9749,8.9749,8.9749,1400.0
2019-03-22 15:21:00,8.97,8.98,8.97,8.9793,3100.0
2019-03-22 15:44:00,8.975,8.98,8.975,8.978,3800.0
2019-03-22 15:58:00,8.975,8.975,8.9705,8.9705,206.0
2019-03-22 15:59:00,8.975,8.975,8.97,8.97,2500.0
2019-03-22 16:00:00,8.97,8.98,8.97,8.98,424.0
2019-03-25 09:31:00,8.97,8.97,8.97,8.97,0.0
2019-03-25 09:34:00,8.95,8.95,8.95,8.95,9328.0
2019-03-25 09:42:00,8.9756,8.9756,8.9756,8.9756,100.0
2019-03-25 09:51:00,8.96,8.96,8.96,8.96,30000.0
2019-03-25 09:58:00,8.955,8.955,8.955,8.955,100.0
2019-03-25 10:01:00,8.95,8.95,8.95,8.95,4677.0
2019-03-25 10:06:00,8.98,8.98,8.98,8.98,4900.0
2019-03-25 10:08:00,8.97,8.97,8.97,8.97,2662.0
2019-03-25 10:13:00,8.9751,8.9751,8.9751,8.9751,1302.0
2019-03-25 10:43:00,8.9742,8.9742,8.9742,8.9742,1100.0
2019-03-25 10:49:00,8.98,8.98,8.98,8.98,162.0
2019-03-25 10:50:00,8.96,8.96,8.951,8.951,11369.0
2019-03-25 11:12:00,8.955,8.955,8.955,8.955,1015.0
2019-03-25 11:54:00,8.95,8.95,8.95,8.95,3233.0
2019-03-25 12:11:00,8.955,8.955,8.95,8.95,6300.0
2019-03-25 12:51:00,8.9468,8.9468,8.9468,8.9468,1555.0
2019-03-25 13:22:00,8.945,8.945,8.94,8.945,6771.0
2019-03-25 13:36:00,8.95,8.95,8.95,8.95,100.0
2019-03-25 13:39:00,8.95,8.9528,8.95,8.95,13900.0
2019-03-25 13:42:00,8.95,8.95,8.95,8.95,1920.0
2019-03-25 13:45:00,8.9505,8.9505,8.9505,8.9505,450.0
2019-03-25 13:53:00,8.94,8.94,8.94,8.94,2800.0
2019-03-25 14:00:00,8.966,8.966,8.966,8.966,900.0
2019-03-25 14:07:00,8.955,8.9595,8.955,8.9595,2106.0
2019-03-25 14:09:00,8.9599,8.9599,8.9599,8.9599,825.0
2019-03-25 14:54:00,8.955,8.955,8.951,8.951,1940.0
2019-03-25 15:14:00,8.9524,8.9524,8.9524,8.9524,280.0
2019-03-25 15:24:00,8.95,8.95,8.91,8.92,52550.0
2019-03-25 15:31:00,8.92,8.92,8.92,8.92,100.0
2019-03-25 15:33:00,8.9331,8.9331,8.9331,8.9331,925.0
2019-03-25 15:47:00,8.92,8.92,8.92,8.92,300.0
2019-03-25 15:55:00,8.92,8.92,8.92,8.92,424.0
2019-03-25 16:00:00,8.93,8.93,8.93,8.93,911.0
2019-03-26 09:31:00,8.92,8.92,8.92,8.92,0.0
2019-03-26 09:35:00,8.92,8.92,8.92,8.92,3600.0
2019-03-26 09:36:00,8.9084,8.9084,8.9084,8.9084,8295.0
2019-03-26 09:38:00,8.91,8.91,8.91,8.91,528.0
2019-03-26 09:39:00,8.92,8.92,8.92,8.92,172.0
2019-03-26 09:44:00,8.92,8.92,8.917,8.917,1163.0
2019-03-26 09:49:00,8.92,8.92,8.92,8.92,247.0
2019-03-26 09:53:00,8.92,8.92,8.92,8.92,753.0
2019-03-26 09:54:00,8.92,8.92,8.92,8.92,100.0
2019-03-26 09:56:00,8.92,8.92,8.92,8.92,100.0
2019-03-26 09:57:00,8.92,8.92,8.92,8.92,100.0
2019-03-26 09:58:00,8.92,8.92,8.92,8.92,100.0
2019-03-26 09:59:00,8.92,8.92,8.92,8.92,100.0
2019-03-26 10:01:00,8.92,8.92,8.92,8.92,200.0
2019-03-26 10:04:00,8.92,8.92,8.92,8.92,183.0
2019-03-26 10:10:00,8.92,8.92,8.92,8.92,128.0
2019-03-26 10:24:00,8.9248,8.9248,8.9248,8.9248,1204.0
2019-03-26 11:14:00,8.93,8.93,8.93,8.93,112.0
2019-03-26 11:42:00,8.92,8.92,8.92,8.92,105.0
2019-03-26 12:11:00,8.9101,8.9101,8.9101,8.9101,185.0
2019-03-26 12:13:00,8.92,8.92,8.92,8.92,104.0
2019-03-26 12:28:00,8.91,8.91,8.91,8.91,1665.0
2019-03-26 12:30:00,8.94,8.94,8.94,8.94,4900.0
2019-03-26 12:32:00,8.94,8.94,8.94,8.94,2781.0
2019-03-26 12:33:00,8.94,8.94,8.94,8.94,1008.0
2019-03-26 12:39:00,8.94,8.94,8.94,8.94,3906.0
2019-03-26 13:04:00,8.93,8.93,8.93,8.93,7428.0
2019-03-26 13:06:00,8.92,8.94,8.91,8.94,32636.0
2019-03-26 13:07:00,8.915,8.915,8.915,8.915,704.0
2019-03-26 13:23:00,8.94,8.94,8.94,8.94,5000.0
2019-03-26 13:41:00,8.9399,8.9399,8.9399,8.9399,5000.0
2019-03-26 13:51:00,8.935,8.9384,8.935,8.9384,5000.0
2019-03-26 14:00:00,8.9371,8.9371,8.9371,8.9371,568.0
2019-03-26 14:05:00,8.93,8.93,8.93,8.93,0.0
2019-03-26 14:09:00,8.9382,8.9382,8.9382,8.9382,4548.0
2019-03-26 14:46:00,8.94,8.94,8.93,8.9318,6100.0
2019-03-26 14:57:00,8.94,8.9448,8.9396,8.9448,9050.0
2019-03-26 15:18:00,8.9475,8.9475,8.9475,8.9475,448.0
2019-03-26 15:49:00,8.945,8.945,8.945,8.945,100.0
2019-03-26 15:52:00,8.94,8.94,8.94,8.94,601.0
2019-03-26 15:57:00,8.94,8.94,8.94,8.94,100.0
2019-03-26 15:59:00,8.94,8.94,8.94,8.94,100.0
2019-03-26 16:00:00,8.95,8.95,8.95,8.95,1470.0
2019-03-27 09:33:00,8.93,8.93,8.93,8.93,0.0
2019-03-27 09:38:00,8.93,8.93,8.92,8.92,6415.0
2019-03-27 09:41:00,8.91,8.91,8.91,8.91,3613.0
2019-03-27 09:43:00,8.9,8.9,8.9,8.9,143.0
2019-03-27 09:44:00,8.9399,8.9399,8.9399,8.9399,501.0
2019-03-27 10:25:00,8.94,8.94,8.9345,8.9345,3800.0
2019-03-27 10:32:00,8.92,8.92,8.9,8.9,8228.0
2019-03-27 10:34:00,8.93,8.93,8.9,8.9,10100.0
2019-03-27 10:36:00,8.92,8.92,8.92,8.92,924.0
2019-03-27 10:48:00,8.93,8.95,8.93,8.95,21847.0
2019-03-27 10:49:00,8.95,8.96,8.95,8.96,4500.0
2019-03-27 10:58:00,8.9598,8.9598,8.9598,8.9598,300.0
2019-03-27 11:15:00,8.94,8.94,8.91,8.91,4675.0
2019-03-27 11:22:00,8.93,8.9395,8.93,8.9395,253.0
2019-03-27 11:38:00,8.9399,8.9399,8.9399,8.9399,200.0
2019-03-27 11:47:00,8.9397,8.9397,8.9397,8.9397,1000.0
2019-03-27 11:52:00,8.94,8.95,8.94,8.95,2801.0
2019-03-27 11:57:00,8.95,8.96,8.94,8.96,10040.0
2019-03-27 12:05:00,8.9448,8.9448,8.9448,8.9448,841.0
2019-03-27 12:08:00,8.96,8.96,8.957,8.957,1400.0
2019-03-27 12:11:00,8.9398,8.9398,8.9398,8.9398,1500.0
2019-03-27 12:22:00,8.95,8.96,8.9415,8.96,1100.0
2019-03-27 12:23:00,8.95,8.95,8.95,8.95,200.0
2019-03-27 12:24:00,8.95,8.95,8.95,8.95,300.0
2019-03-27 12:34:00,8.96,8.96,8.9507,8.9507,2401.0
2019-03-27 12:56:00,8.95,8.95,8.95,8.95,200.0
2019-03-27 12:58:00,8.95,8.9585,8.949,8.9585,1250.0
2019-03-27 13:18:00,8.95,8.95,8.95,8.95,462.0
2019-03-27 13:23:00,8.9532,8.9532,8.9532,8.9532,460.0
2019-03-27 13:32:00,8.95,8.95,8.95,8.95,100.0
2019-03-27 13:38:00,8.96,8.96,8.955,8.9598,15200.0
2019-03-27 13:39:00,8.96,8.97,8.955,8.97,12058.0
2019-03-27 13:40:00,8.97,8.98,8.97,8.98,900.0
2019-03-27 13:42:00,8.98,8.98,8.9701,8.9701,1300.0
2019-03-27 13:43:00,8.97,8.971,8.97,8.97,1742.0
2019-03-27 13:44:00,8.97,8.97,8.97,8.97,500.0
2019-03-27 13:45:00,8.97,8.97,8.97,8.97,3900.0
2019-03-27 13:46:00,8.97,8.97,8.96,8.96,900.0
2019-03-27 13:47:00,8.98,8.98,8.98,8.98,100.0
2019-03-27 13:50:00,8.97,8.97,8.97,8.97,2000.0
2019-03-27 13:51:00,8.97,8.97,8.97,8.97,3500.0
2019-03-27 13:52:00,8.98,8.98,8.98,8.98,100.0
2019-03-27 13:53:00,8.96,8.961,8.95,8.95,5500.0
2019-03-27 13:56:00,8.9558,8.9558,8.9558,8.9558,1500.0
2019-03-27 14:40:00,8.96,8.96,8.96,8.96,500.0
2019-03-27 14:42:00,8.96,8.969,8.96,8.969,3300.0
2019-03-27 14:55:00,8.96,8.96,8.96,8.96,1677.0
2019-03-27 15:01:00,8.9556,8.9556,8.9556,8.9556,145.0
2019-03-27 15:19:00,8.96,8.98,8.96,8.9785,12101.0
2019-03-27 15:50:00,8.9799,8.9799,8.9799,8.9799,350.0
2019-03-27 15:56:00,8.965,8.98,8.965,8.979,2000.0
2019-03-27 16:00:00,8.96,8.96,8.96,8.96,1400.0
2019-03-28 09:31:00,8.96,8.96,8.96,8.96,6181.0
2019-03-28 09:32:00,8.95,8.95,8.95,8.95,1843.0
2019-03-28 09:43:00,8.95,8.98,8.95,8.98,200.0
2019-03-28 09:45:00,8.98,8.98,8.98,8.98,100.0
2019-03-28 09:46:00,8.95,8.97,8.95,8.95,1640.0
2019-03-28 09:48:00,8.98,8.98,8.98,8.98,100.0
2019-03-28 09:51:00,8.97,8.97,8.97,8.97,102.0
2019-03-28 09:54:00,8.97,8.97,8.97,8.97,200.0
2019-03-28 09:55:00,8.97,8.97,8.97,8.97,100.0
2019-03-28 09:56:00,8.97,8.97,8.95,8.95,4580.0
2019-03-28 09:57:00,8.95,8.95,8.94,8.94,1300.0
2019-03-28 09:58:00,8.94,8.94,8.94,8.94,600.0
2019-03-28 09:59:00,8.94,8.97,8.94,8.97,2348.0
2019-03-28 10:04:00,8.9799,8.9799,8.9663,8.9663,1921.0
2019-03-28 10:06:00,8.98,8.98,8.98,8.98,800.0
2019-03-28 10:07:00,8.98,8.98,8.98,8.98,100.0
2019-03-28 10:09:00,8.98,8.98,8.98,8.98,100.0
2019-03-28 10:11:00,8.98,8.98,8.98,8.98,100.0
2019-03-28 10:13:00,8.98,8.98,8.98,8.98,200.0
2019-03-28 10:15:00,8.98,8.98,8.98,8.98,100.0
2019-03-28 10:18:00,8.98,8.98,8.98,8.98,100.0
2019-03-28 10:21:00,8.98,8.98,8.98,8.98,300.0
2019-03-28 10:24:00,8.98,8.98,8.98,8.98,100.0
2019-03-28 10:27:00,8.98,8.98,8.98,8.98,100.0
2019-03-28 10:30:00,8.98,8.98,8.98,8.98,200.0
2019-03-28 10:33:00,8.98,8.98,8.98,8.98,400.0
2019-03-28 10:34:00,8.98,8.98,8.98,8.98,100.0
2019-03-28 10:36:00,8.971,8.971,8.97,8.97,7300.0
2019-03-28 10:37:00,8.97,8.97,8.97,8.97,105.0
2019-03-28 10:38:00,8.97,8.97,8.97,8.97,100.0
2019-03-28 10:39:00,8.97,8.97,8.97,8.97,100.0
2019-03-28 10:40:00,8.97,8.97,8.97,8.97,100.0
2019-03-28 10:41:00,8.97,8.97,8.97,8.97,100.0
2019-03-28 10:42:00,8.97,8.97,8.97,8.97,100.0
2019-03-28 10:43:00,8.97,8.97,8.97,8.97,200.0
2019-03-28 10:45:00,8.97,8.97,8.97,8.97,100.0
2019-03-28 10:46:00,8.97,8.97,8.97,8.97,3100.0
2019-03-28 10:47:00,8.98,8.98,8.98,8.98,100.0
2019-03-28 10:50:00,8.98,8.98,8.98,8.98,100.0
2019-03-28 10:53:00,8.98,8.98,8.98,8.98,100.0
2019-03-28 10:56:00,8.98,8.98,8.98,8.98,100.0
2019-03-28 10:59:00,8.98,8.98,8.98,8.98,100.0
2019-03-28 11:02:00,8.98,8.98,8.98,8.98,100.0
2019-03-28 11:05:00,8.98,8.98,8.98,8.98,100.0
2019-03-28 11:09:00,8.98,8.98,8.98,8.98,101.0
2019-03-28 11:13:00,8.98,8.98,8.98,8.98,100.0
2019-03-28 11:14:00,8.9748,8.9748,8.9748,8.9748,1075.0
2019-03-28 11:16:00,8.98,8.98,8.98,8.98,100.0
2019-03-28 11:18:00,8.98,8.98,8.98,8.98,3300.0
2019-03-28 11:19:00,8.98,8.98,8.98,8.98,109.0
2019-03-28 11:23:00,8.98,8.98,8.98,8.98,200.0
2019-03-28 11:24:00,8.97,8.97,8.97,8.97,1200.0
2019-03-28 11:31:00,8.97,8.97,8.97,8.97,100.0
2019-03-28 11:32:00,8.97,8.97,8.97,8.97,200.0
2019-03-28 11:33:00,8.97,8.97,8.97,8.97,300.0
2019-03-28 11:34:00,8.97,8.97,8.97,8.97,300.0
2019-03-28 11:35:00,8.97,8.97,8.97,8.97,400.0
2019-03-28 11:36:00,8.97,8.97,8.97,8.97,300.0
2019-03-28 11:37:00,8.97,8.97,8.97,8.97,300.0
2019-03-28 11:38:00,8.97,8.97,8.97,8.97,300.0
2019-03-28 11:39:00,8.97,8.97,8.97,8.97,400.0
2019-03-28 11:40:00,8.97,8.97,8.97,8.97,300.0
2019-03-28 11:41:00,8.97,8.97,8.97,8.97,300.0
2019-03-28 11:42:00,8.97,8.97,8.97,8.97,300.0
2019-03-28 11:43:00,8.97,8.97,8.965,8.97,400.0
2019-03-28 11:44:00,8.97,8.97,8.97,8.97,300.0
2019-03-28 11:45:00,8.97,8.97,8.97,8.97,300.0
2019-03-28 11:46:00,8.97,8.97,8.97,8.97,300.0
2019-03-28 11:47:00,8.97,8.97,8.965,8.97,400.0
2019-03-28 11:48:00,8.97,8.97,8.97,8.97,300.0
2019-03-28 11:49:00,8.97,8.97,8.97,8.97,300.0
2019-03-28 11:50:00,8.97,8.97,8.97,8.97,500.0
2019-03-28 11:51:00,8.97,8.97,8.97,8.97,300.0
2019-03-28 11:52:00,8.97,8.97,8.97,8.97,300.0
2019-03-28 11:53:00,8.97,8.97,8.97,8.97,400.0
2019-03-28 11:54:00,8.97,8.97,8.97,8.97,300.0
2019-03-28 11:55:00,8.97,8.97,8.97,8.97,300.0
2019-03-28 11:56:00,8.97,8.97,8.97,8.97,400.0
2019-03-28 11:57:00,8.97,8.97,8.97,8.97,300.0
2019-03-28 11:58:00,8.97,8.97,8.97,8.97,300.0
2019-03-28 11:59:00,8.97,8.97,8.97,8.97,300.0
2019-03-28 12:00:00,8.97,8.97,8.97,8.97,821.0
2019-03-28 12:01:00,8.97,8.97,8.97,8.97,300.0
2019-03-28 12:02:00,8.97,8.97,8.97,8.97,200.0
2019-03-28 12:03:00,8.97,8.97,8.9601,8.9601,2000.0
2019-03-28 12:05:00,8.97,8.97,8.97,8.97,200.0
2019-03-28 12:06:00,8.97,8.97,8.97,8.97,200.0
2019-03-28 12:07:00,8.97,8.97,8.97,8.97,200.0
2019-03-28 12:08:00,8.97,8.97,8.97,8.97,200.0
2019-03-28 12:09:00,8.97,8.97,8.97,8.97,200.0
2019-03-28 12:10:00,8.97,8.97,8.97,8.97,400.0
2019-03-28 12:11:00,8.97,8.97,8.97,8.97,200.0
2019-03-28 12:12:00,8.97,8.97,8.97,8.97,300.0
2019-03-28 12:13:00,8.97,8.97,8.97,8.97,200.0
2019-03-28 12:14:00,8.965,8.97,8.965,8.97,300.0
2019-03-28 12:15:00,8.97,8.97,8.97,8.97,300.0
2019-03-28 12:16:00,8.97,8.97,8.97,8.97,300.0
2019-03-28 12:17:00,8.97,8.97,8.97,8.97,200.0
2019-03-28 12:18:00,8.97,8.97,8.965,8.965,300.0
2019-03-28 12:19:00,8.97,8.97,8.97,8.97,300.0
2019-03-28 12:20:00,8.965,8.97,8.965,8.97,300.0
2019-03-28 12:21:00,8.965,8.97,8.965,8.97,200.0
2019-03-28 12:22:00,8.97,8.97,8.965,8.97,300.0
2019-03-28 12:23:00,8.97,8.97,8.9635,8.97,677.0
2019-03-28 12:24:00,8.97,8.97,8.965,8.97,300.0
2019-03-28 12:25:00,8.97,8.97,8.965,8.965,200.0
2019-03-28 12:26:00,8.97,8.97,8.97,8.97,200.0
2019-03-28 12:27:00,8.965,8.97,8.965,8.97,300.0
2019-03-28 12:28:00,8.965,8.97,8.965,8.97,300.0
2019-03-28 12:29:00,8.965,8.97,8.965,8.97,200.0
2019-03-28 12:30:00,8.97,8.97,8.965,8.965,300.0
2019-03-28 12:31:00,8.97,8.97,8.97,8.97,200.0
2019-03-28 12:32:00,8.965,8.97,8.965,8.97,200.0
2019-03-28 12:33:00,8.97,8.97,8.965,8.97,400.0
2019-03-28 12:34:00,8.97,8.97,8.965,8.965,200.0
2019-03-28 12:35:00,8.97,8.97,8.965,8.965,300.0
2019-03-28 12:36:00,8.97,8.97,8.97,8.97,100.0
2019-03-28 12:37:00,8.97,8.97,8.965,8.97,300.0
2019-03-28 12:38:00,8.97,8.97,8.965,8.965,200.0
2019-03-28 12:39:00,8.97,8.97,8.965,8.965,300.0
2019-03-28 12:40:00,8.97,8.97,8.97,8.97,100.0
2019-03-28 12:41:00,8.97,8.97,8.965,8.97,300.0
2019-03-28 12:42:00,8.97,8.97,8.965,8.965,200.0
2019-03-28 12:43:00,8.97,8.97,8.9693,8.97,300.0
2019-03-28 12:44:00,8.965,8.97,8.965,8.97,200.0
2019-03-28 12:45:00,8.97,8.97,8.965,8.97,300.0
2019-03-28 12:46:00,8.97,8.97,8.965,8.965,200.0
2019-03-28 12:47:00,8.97,8.97,8.97,8.97,100.0
2019-03-28 12:48:00,8.965,8.965,8.965,8.965,300.0
2019-03-28 12:49:00,8.965,8.965,8.965,8.965,200.0
2019-03-28 12:50:00,8.965,8.965,8.965,8.965,200.0
2019-03-28 12:51:00,8.965,8.965,8.965,8.965,200.0
2019-03-28 12:52:00,8.965,8.965,8.965,8.965,200.0
2019-03-28 12:53:00,8.965,8.965,8.965,8.965,200.0
2019-03-28 12:54:00,8.965,8.965,8.965,8.965,200.0
2019-03-28 12:55:00,8.965,8.97,8.965,8.965,400.0
2019-03-28 12:56:00,8.965,8.965,8.965,8.965,200.0
2019-03-28 12:57:00,8.965,8.965,8.965,8.965,200.0
2019-03-28 12:58:00,8.965,8.965,8.965,8.965,200.0
2019-03-28 13:00:00,8.965,8.965,8.965,8.965,500.0
2019-03-28 13:01:00,8.965,8.965,8.965,8.965,200.0
2019-03-28 13:02:00,8.965,8.965,8.965,8.965,300.0
2019-03-28 13:03:00,8.965,8.965,8.965,8.965,200.0
2019-03-28 13:04:00,8.965,8.965,8.965,8.965,300.0
2019-03-28 13:05:00,8.965,8.965,8.965,8.965,100.0
2019-03-28 13:06:00,8.965,8.965,8.965,8.965,300.0
2019-03-28 13:07:00,8.965,8.965,8.965,8.965,300.0
2019-03-28 13:08:00,8.965,8.9693,8.965,8.9693,300.0
2019-03-28 13:09:00,8.965,8.965,8.965,8.965,300.0
2019-03-28 13:10:00,8.965,8.965,8.965,8.965,300.0
2019-03-28 13:11:00,8.965,8.965,8.965,8.965,100.0
2019-03-28 13:12:00,8.965,8.965,8.965,8.965,300.0
2019-03-28 13:13:00,8.965,8.965,8.965,8.965,300.0
2019-03-28 13:14:00,8.965,8.965,8.965,8.965,350.0
2019-03-28 13:15:00,8.965,8.965,8.965,8.965,200.0
2019-03-28 13:16:00,8.965,8.965,8.965,8.965,300.0
2019-03-28 13:17:00,8.9699,8.97,8.965,8.965,5775.0
2019-03-28 13:18:00,8.965,8.965,8.965,8.965,200.0
2019-03-28 13:19:00,8.965,8.965,8.965,8.965,300.0
2019-03-28 13:20:00,8.965,8.965,8.965,8.965,300.0
2019-03-28 13:21:00,8.965,8.97,8.965,8.97,2900.0
2019-03-28 13:22:00,8.97,8.97,8.97,8.97,200.0
2019-03-28 13:23:00,8.97,8.97,8.97,8.97,400.0
2019-03-28 13:24:00,8.97,8.97,8.97,8.97,300.0
2019-03-28 13:25:00,8.97,8.97,8.97,8.97,200.0
2019-03-28 13:26:00,8.97,8.97,8.95,8.96,7500.0
2019-03-28 13:32:00,8.95,8.95,8.95,8.95,1411.0
2019-03-28 13:41:00,8.95,8.95,8.95,8.95,100.0
2019-03-28 13:42:00,8.95,8.95,8.95,8.95,100.0
2019-03-28 13:43:00,8.95,8.95,8.95,8.95,300.0
2019-03-28 13:44:00,8.95,8.95,8.95,8.95,300.0
2019-03-28 13:45:00,8.95,8.95,8.95,8.95,300.0
2019-03-28 13:46:00,8.95,8.95,8.95,8.95,200.0
2019-03-28 13:47:00,8.95,8.95,8.95,8.95,200.0
2019-03-28 13:48:00,8.95,8.95,8.95,8.95,300.0
2019-03-28 13:49:00,8.95,8.95,8.95,8.95,300.0
2019-03-28 13:50:00,8.95,8.95,8.95,8.95,400.0
2019-03-28 13:51:00,8.95,8.95,8.95,8.95,300.0
2019-03-28 13:52:00,8.95,8.95,8.95,8.95,200.0
2019-03-28 13:53:00,8.95,8.95,8.95,8.95,300.0
2019-03-28 13:54:00,8.95,8.95,8.95,8.95,300.0
2019-03-28 13:55:00,8.95,8.96,8.95,8.96,200.0
2019-03-28 13:56:00,8.96,8.96,8.96,8.96,300.0
2019-03-28 13:57:00,8.96,8.96,8.96,8.96,200.0
2019-03-28 13:58:00,8.96,8.96,8.96,8.96,300.0
2019-03-28 13:59:00,8.95,8.97,8.95,8.97,300.0
2019-03-28 14:00:00,8.97,8.97,8.97,8.97,300.0
2019-03-28 14:01:00,8.97,8.97,8.97,8.97,400.0
2019-03-28 14:02:00,8.97,8.97,8.97,8.97,200.0
2019-03-28 14:03:00,8.97,8.97,8.97,8.97,200.0
2019-03-28 14:04:00,8.97,8.97,8.97,8.97,300.0
2019-03-28 14:05:00,8.97,8.97,8.97,8.97,200.0
2019-03-28 14:06:00,8.97,8.97,8.97,8.97,400.0
2019-03-28 14:07:00,8.97,8.97,8.97,8.97,200.0
2019-03-28 14:08:00,8.97,8.97,8.97,8.97,300.0
2019-03-28 14:09:00,8.97,8.97,8.97,8.97,300.0
2019-03-28 14:10:00,8.97,8.97,8.97,8.97,300.0
2019-03-28 14:11:00,8.97,8.97,8.97,8.97,400.0
2019-03-28 14:12:00,8.97,8.97,8.97,8.97,200.0
2019-03-28 14:13:00,8.97,8.97,8.97,8.97,300.0
2019-03-28 14:14:00,8.97,8.97,8.97,8.97,300.0
2019-03-28 14:15:00,8.97,8.97,8.97,8.97,300.0
2019-03-28 14:16:00,8.97,8.97,8.97,8.97,300.0
2019-03-28 14:17:00,8.97,8.97,8.967,8.97,3030.0
2019-03-28 14:18:00,8.97,8.97,8.97,8.97,400.0
2019-03-28 14:19:00,8.97,8.97,8.97,8.97,300.0
2019-03-28 14:20:00,8.97,8.97,8.9679,8.9679,400.0
2019-03-28 14:21:00,8.97,8.97,8.96,8.96,300.0
2019-03-28 14:22:00,8.96,8.97,8.96,8.97,400.0
2019-03-28 14:23:00,8.97,8.97,8.97,8.97,300.0
2019-03-28 14:24:00,8.97,8.97,8.97,8.97,400.0
2019-03-28 14:25:00,8.97,8.97,8.97,8.97,200.0
2019-03-28 14:26:00,8.97,8.97,8.97,8.97,300.0
2019-03-28 14:27:00,8.97,8.97,8.97,8.97,300.0
2019-03-28 14:28:00,8.96,8.97,8.96,8.97,300.0
2019-03-28 14:29:00,8.97,8.97,8.9584,8.97,2400.0
2019-03-28 14:30:00,8.97,8.97,8.97,8.97,300.0
2019-03-28 14:31:00,8.97,8.97,8.97,8.97,300.0
2019-03-28 14:32:00,8.97,8.97,8.97,8.97,400.0
2019-03-28 14:33:00,8.96,8.98,8.96,8.98,2500.0
2019-03-28 14:34:00,8.97,8.97,8.97,8.97,200.0
2019-03-28 14:40:00,8.98,8.98,8.98,8.98,100.0
2019-03-28 14:41:00,8.97,8.97,8.97,8.97,100.0
2019-03-28 14:42:00,8.97,8.97,8.97,8.97,200.0
2019-03-28 14:43:00,8.97,8.98,8.97,8.98,300.0
2019-03-28 14:44:00,8.97,8.98,8.97,8.98,300.0
2019-03-28 14:45:00,8.98,8.98,8.97,8.97,722.0
2019-03-28 14:46:00,8.98,8.98,8.98,8.98,300.0
2019-03-28 14:47:00,8.98,8.98,8.98,8.98,300.0
2019-03-28 14:48:00,8.98,8.98,8.98,8.98,400.0
2019-03-28 14:49:00,8.98,8.98,8.98,8.98,200.0
2019-03-28 14:50:00,8.98,8.98,8.98,8.98,200.0
2019-03-28 14:51:00,8.97,8.98,8.97,8.98,300.0
2019-03-28 14:52:00,8.98,8.98,8.98,8.98,300.0
2019-03-28 14:53:00,8.98,8.98,8.98,8.98,400.0
2019-03-28 14:54:00,8.98,8.98,8.98,8.98,300.0
2019-03-28 14:55:00,8.98,8.98,8.98,8.98,300.0
2019-03-28 14:56:00,8.98,8.98,8.98,8.98,300.0
2019-03-28 14:57:00,8.98,8.98,8.98,8.98,400.0
2019-03-28 14:58:00,8.98,8.98,8.97,8.98,400.0
2019-03-28 14:59:00,8.98,8.98,8.98,8.98,300.0
2019-03-28 15:00:00,8.98,8.98,8.98,8.98,300.0
2019-03-28 15:01:00,8.98,8.98,8.98,8.98,400.0
2019-03-28 15:02:00,8.98,8.98,8.97,8.98,553.0
2019-03-28 15:03:00,8.98,8.98,8.98,8.98,300.0
2019-03-28 15:04:00,8.98,8.98,8.98,8.98,300.0
2019-03-28 15:05:00,8.98,8.98,8.98,8.98,500.0
2019-03-28 15:06:00,8.98,8.98,8.98,8.98,700.0
2019-03-28 15:07:00,8.98,8.98,8.98,8.98,400.0
2019-03-28 15:08:00,8.98,8.98,8.98,8.98,300.0
2019-03-28 15:09:00,8.98,8.98,8.98,8.98,400.0
2019-03-28 15:10:00,8.98,8.98,8.98,8.98,347.0
2019-03-28 15:11:00,8.98,8.98,8.98,8.98,600.0
2019-03-28 15:12:00,8.98,8.98,8.98,8.98,200.0
2019-03-28 15:13:00,8.98,8.98,8.98,8.98,300.0
2019-03-28 15:14:00,8.98,8.98,8.98,8.98,300.0
2019-03-28 15:15:00,8.98,8.98,8.98,8.98,400.0
2019-03-28 15:16:00,8.98,8.98,8.98,8.98,300.0
2019-03-28 15:17:00,8.98,8.98,8.98,8.98,300.0
2019-03-28 15:18:00,8.98,8.99,8.98,8.99,449.0
2019-03-28 15:31:00,8.9807,8.9807,8.9807,8.9807,100.0
2019-03-28 15:39:00,8.9807,8.9807,8.9807,8.9807,101.0
2019-03-28 15:45:00,8.99,8.99,8.99,8.99,200.0
2019-03-28 15:46:00,8.99,8.99,8.99,8.99,1000.0
2019-03-28 15:47:00,8.99,8.99,8.99,8.99,900.0
2019-03-28 15:48:00,8.99,8.99,8.99,8.99,1000.0
2019-03-28 15:49:00,8.99,8.99,8.9833,8.99,2248.0
2019-03-28 15:50:00,8.99,8.99,8.9832,8.99,3500.0
2019-03-28 15:51:00,8.99,8.99,8.99,8.99,600.0
2019-03-28 15:52:00,8.9965,9.0,8.9961,8.9961,400.0
2019-03-28 15:59:00,8.9907,8.9907,8.9907,8.9907,101.0
2019-03-28 16:00:00,9.0,9.0,9.0,9.0,612.0
2019-03-29 09:31:00,8.98,8.98,8.98,8.98,3434.0
2019-03-29 09:36:00,8.9756,8.9756,8.9756,8.9756,100.0
2019-03-29 09:37:00,8.9647,8.98,8.9647,8.9647,500.0
2019-03-29 09:38:00,8.965,8.98,8.965,8.97,10670.0
2019-03-29 09:40:00,8.97,8.97,8.97,8.97,1184.0
2019-03-29 09:47:00,8.98,8.98,8.98,8.98,606.0
2019-03-29 09:49:00,8.98,8.98,8.98,8.98,103.0
2019-03-29 09:51:00,8.98,8.98,8.978,8.98,3001.0
2019-03-29 09:54:00,8.98,8.98,8.98,8.98,100.0
2019-03-29 09:57:00,8.98,8.98,8.98,8.98,100.0
2019-03-29 10:00:00,8.98,8.98,8.98,8.98,2200.0
2019-03-29 10:01:00,8.98,8.98,8.98,8.98,3144.0
2019-03-29 10:03:00,8.98,8.98,8.98,8.98,2000.0
2019-03-29 10:04:00,8.98,8.98,8.98,8.98,5483.0
2019-03-29 10:07:00,8.995,8.995,8.995,8.995,100.0
2019-03-29 10:08:00,9.0,9.0,9.0,9.0,100.0
2019-03-29 10:10:00,9.0,9.0,9.0,9.0,248.0
2019-03-29 10:14:00,8.9901,8.9901,8.9901,8.9901,1700.0
2019-03-29 10:25:00,8.9925,8.9925,8.9925,8.9925,200.0
2019-03-29 10:26:00,8.991,8.991,8.99,8.99,800.0
2019-03-29 10:28:00,8.9852,8.9852,8.9852,8.9852,2503.0
2019-03-29 10:48:00,8.98,8.98,8.98,8.98,2300.0
2019-03-29 10:49:00,8.99,8.99,8.98,8.98,2800.0
2019-03-29 10:50:00,8.98,8.98,8.98,8.98,200.0
2019-03-29 10:51:00,8.981,8.981,8.98,8.98,3000.0
2019-03-29 10:52:00,8.98,8.98,8.98,8.98,200.0
2019-03-29 10:53:00,8.98,8.98,8.98,8.98,500.0
2019-03-29 10:54:00,8.98,8.98,8.98,8.98,200.0
2019-03-29 10:57:00,8.98,8.98,8.98,8.98,100.0
2019-03-29 10:58:00,8.98,8.98,8.98,8.98,200.0
2019-03-29 11:01:00,8.9814,8.9814,8.9814,8.9814,100.0
2019-03-29 11:02:00,8.98,8.98,8.98,8.98,100.0
2019-03-29 11:04:00,8.98,8.98,8.98,8.98,100.0
2019-03-29 11:05:00,8.98,8.98,8.98,8.98,900.0
2019-03-29 11:06:00,8.98,8.98,8.97,8.97,1918.0
2019-03-29 11:07:00,8.971,8.971,8.97,8.97,5800.0
2019-03-29 11:14:00,8.965,8.965,8.96,8.96,1200.0
2019-03-29 11:19:00,8.9522,8.959,8.95,8.959,2367.0
2019-03-29 11:34:00,8.97,8.97,8.97,8.97,100.0
2019-03-29 11:36:00,8.97,8.97,8.97,8.97,100.0
2019-03-29 11:38:00,8.97,8.97,8.97,8.97,100.0
2019-03-29 11:40:00,8.97,8.97,8.97,8.97,100.0
2019-03-29 11:42:00,8.97,8.97,8.97,8.97,100.0
2019-03-29 11:43:00,8.96,8.96,8.96,8.96,536.0
2019-03-29 11:51:00,8.97,8.97,8.97,8.97,100.0
2019-03-29 11:52:00,8.96,8.96,8.96,8.96,400.0
2019-03-29 11:57:00,8.97,8.97,8.97,8.97,100.0
2019-03-29 11:59:00,8.9607,8.9607,8.9607,8.9607,500.0
2019-03-29 12:01:00,8.97,8.97,8.97,8.97,200.0
2019-03-29 12:03:00,8.97,8.97,8.97,8.97,100.0
2019-03-29 12:04:00,8.97,8.97,8.97,8.97,200.0
2019-03-29 12:05:00,8.97,8.97,8.97,8.97,100.0
2019-03-29 12:06:00,8.97,8.97,8.9699,8.9699,1450.0
2019-03-29 12:08:00,8.97,8.97,8.97,8.97,200.0
2019-03-29 12:10:00,8.97,8.97,8.97,8.97,200.0
2019-03-29 12:12:00,8.97,8.97,8.97,8.97,100.0
2019-03-29 12:13:00,8.97,8.97,8.97,8.97,300.0
2019-03-29 12:16:00,8.965,8.965,8.965,8.965,100.0
2019-03-29 12:18:00,8.97,8.97,8.9636,8.9636,334.0
2019-03-29 12:19:00,8.965,8.965,8.965,8.965,100.0
2019-03-29 12:20:00,8.97,8.97,8.97,8.97,100.0
2019-03-29 12:21:00,8.965,8.965,8.965,8.965,100.0
2019-03-29 12:23:00,8.97,8.97,8.965,8.965,200.0
2019-03-29 12:25:00,8.965,8.97,8.965,8.97,200.0
2019-03-29 12:27:00,8.965,8.965,8.965,8.965,100.0
2019-03-29 12:28:00,8.97,8.97,8.97,8.97,100.0
2019-03-29 12:29:00,8.9633,8.9633,8.9633,8.9633,249.0
2019-03-29 12:30:00,8.97,8.97,8.97,8.97,200.0
2019-03-29 12:32:00,8.97,8.97,8.97,8.97,100.0
2019-03-29 12:33:00,8.97,8.97,8.97,8.97,100.0
2019-03-29 12:34:00,8.97,8.97,8.97,8.97,100.0
2019-03-29 12:35:00,8.97,8.97,8.97,8.97,100.0
2019-03-29 12:36:00,8.97,8.97,8.97,8.97,100.0
2019-03-29 12:38:00,8.97,8.97,8.97,8.97,200.0
2019-03-29 12:40:00,8.97,8.97,8.97,8.97,200.0
2019-03-29 12:43:00,8.97,8.97,8.97,8.97,300.0
2019-03-29 12:45:00,8.97,8.98,8.97,8.98,200.0
2019-03-29 12:47:00,8.98,8.98,8.98,8.98,100.0
2019-03-29 12:48:00,8.98,8.98,8.98,8.98,100.0
2019-03-29 12:49:00,8.98,8.98,8.98,8.98,100.0
2019-03-29 12:50:00,8.98,8.98,8.98,8.98,100.0
2019-03-29 12:51:00,8.98,8.98,8.98,8.98,100.0
2019-03-29 12:53:00,8.98,8.98,8.98,8.98,100.0
2019-03-29 12:57:00,8.98,8.98,8.98,8.98,100.0
2019-03-29 13:00:00,8.98,8.98,8.98,8.98,200.0
2019-03-29 13:02:00,8.98,8.98,8.98,8.98,100.0
2019-03-29 13:03:00,8.98,8.98,8.98,8.98,100.0
2019-03-29 13:04:00,8.98,8.98,8.98,8.98,200.0
2019-03-29 13:06:00,8.98,8.98,8.98,8.98,100.0
2019-03-29 13:08:00,8.98,8.98,8.98,8.98,200.0
2019-03-29 13:10:00,8.98,8.98,8.9701,8.9701,500.0
2019-03-29 13:14:00,8.98,8.98,8.98,8.98,200.0
2019-03-29 13:16:00,8.98,8.98,8.98,8.98,100.0
2019-03-29 13:18:00,8.98,8.98,8.98,8.98,300.0
2019-03-29 13:21:00,8.98,8.98,8.98,8.98,100.0
2019-03-29 13:22:00,8.98,8.98,8.98,8.98,100.0
2019-03-29 13:24:00,8.98,8.98,8.98,8.98,200.0
2019-03-29 13:26:00,8.98,8.98,8.98,8.98,100.0
2019-03-29 13:28:00,8.98,8.98,8.98,8.98,200.0
2019-03-29 13:30:00,8.98,8.98,8.98,8.98,100.0
2019-03-29 13:31:00,8.98,8.98,8.98,8.98,100.0
2019-03-29 13:34:00,8.99,8.99,8.99,8.99,100.0
2019-03-29 13:36:00,8.99,8.99,8.99,8.99,100.0
2019-03-29 13:39:00,8.99,8.99,8.99,8.99,100.0
2019-03-29 13:41:00,8.99,8.99,8.99,8.99,100.0
2019-03-29 13:44:00,8.99,8.99,8.99,8.99,100.0
2019-03-29 13:46:00,8.99,8.99,8.99,8.99,100.0
2019-03-29 13:48:00,8.9856,8.9856,8.9856,8.9856,750.0
2019-03-29 13:49:00,8.99,8.99,8.99,8.99,100.0
2019-03-29 13:50:00,8.99,8.99,8.989,8.99,1100.0
2019-03-29 14:01:00,8.99,8.99,8.99,8.99,100.0
2019-03-29 14:04:00,8.99,8.99,8.99,8.99,108.0
2019-03-29 14:06:00,8.99,8.99,8.99,8.99,100.0
2019-03-29 14:08:00,8.99,8.99,8.99,8.99,100.0
2019-03-29 14:11:00,8.99,8.99,8.99,8.99,100.0
2019-03-29 14:13:00,8.99,8.99,8.99,8.99,100.0
2019-03-29 14:15:00,8.99,8.99,8.99,8.99,100.0
2019-03-29 14:17:00,8.99,8.99,8.99,8.99,100.0
2019-03-29 14:20:00,8.99,8.99,8.99,8.99,100.0
2019-03-29 14:22:00,8.99,8.99,8.99,8.99,100.0
2019-03-29 14:24:00,8.99,8.99,8.99,8.99,100.0
2019-03-29 14:28:00,8.99,8.99,8.99,8.99,100.0
2019-03-29 14:31:00,8.99,8.99,8.99,8.99,100.0
2019-03-29 14:34:00,8.99,8.99,8.99,8.99,100.0
2019-03-29 14:36:00,8.99,8.99,8.99,8.99,100.0
2019-03-29 14:38:00,8.99,8.99,8.99,8.99,100.0
2019-03-29 14:40:00,8.99,8.99,8.99,8.99,100.0
2019-03-29 14:42:00,8.99,8.99,8.99,8.99,100.0
2019-03-29 14:44:00,8.99,8.99,8.99,8.99,100.0
2019-03-29 14:45:00,8.99,8.99,8.99,8.99,100.0
2019-03-29 14:48:00,8.99,8.99,8.99,8.99,100.0
2019-03-29 14:50:00,8.99,8.99,8.99,8.99,100.0
2019-03-29 14:52:00,8.9875,8.99,8.9875,8.99,1216.0
2019-03-29 14:55:00,8.99,8.99,8.99,8.99,100.0
2019-03-29 14:58:00,8.99,8.99,8.99,8.99,100.0
2019-03-29 15:01:00,8.99,8.99,8.99,8.99,100.0
2019-03-29 15:04:00,8.99,8.99,8.99,8.99,100.0
2019-03-29 15:05:00,8.99,8.99,8.99,8.99,100.0
2019-03-29 15:06:00,8.99,9.0,8.99,9.0,7532.0
2019-03-29 15:07:00,8.99,8.99,8.99,8.99,100.0
2019-03-29 15:14:00,8.995,8.995,8.995,8.995,124.0
2019-03-29 15:28:00,8.995,9.0,8.98,8.99,10100.0
2019-03-29 15:32:00,8.99,8.99,8.99,8.99,614.0
2019-03-29 15:37:00,8.9921,8.9921,8.9921,8.9921,1000.0
2019-03-29 15:40:00,8.9913,8.9913,8.9913,8.9913,7473.0
2019-03-29 15:44:00,9.0,9.0,9.0,9.0,180.0
2019-03-29 15:46:00,8.995,9.0,8.995,9.0,500.0
2019-03-29 15:47:00,8.9999,8.9999,8.9999,8.9999,412.0
2019-03-29 15:51:00,9.0,9.0,9.0,9.0,100.0
2019-03-29 15:57:00,8.995,8.995,8.995,8.995,208.0
2019-03-29 16:00:00,9.0,9.0,9.0,9.0,0.0
2019-04-01 09:32:00,9.002,9.002,9.002,9.002,5205.0
2019-04-01 09:33:00,9.0069,9.0069,9.0069,9.0069,231.0
2019-04-01 09:37:00,9.01,9.01,9.01,9.01,800.0
2019-04-01 09:38:00,9.01,9.01,9.01,9.01,200.0
2019-04-01 09:40:00,9.0,9.0,9.0,9.0,300.0
2019-04-01 09:43:00,9.0,9.0,9.0,9.0,300.0
2019-04-01 09:44:00,9.0,9.0,9.0,9.0,200.0
2019-04-01 09:45:00,9.0,9.0,9.0,9.0,176.0
2019-04-01 09:47:00,9.01,9.01,9.01,9.01,224.0
2019-04-01 09:48:00,9.01,9.01,9.01,9.01,200.0
2019-04-01 09:50:00,9.01,9.01,9.01,9.01,200.0
2019-04-01 09:51:00,9.01,9.01,9.01,9.01,200.0
2019-04-01 09:53:00,9.01,9.01,9.01,9.01,467.0
2019-04-01 09:54:00,9.01,9.01,9.01,9.01,200.0
2019-04-01 09:56:00,9.01,9.01,9.01,9.01,200.0
2019-04-01 09:57:00,9.01,9.01,9.01,9.01,100.0
2019-04-01 09:59:00,9.01,9.01,9.01,9.01,300.0
2019-04-01 10:01:00,9.01,9.01,9.01,9.01,300.0
2019-04-01 10:02:00,9.01,9.01,9.01,9.01,200.0
2019-04-01 10:04:00,9.02,9.02,9.02,9.02,9786.0
2019-04-01 10:05:00,9.02,9.02,9.02,9.02,102.0
2019-04-01 10:06:00,9.02,9.02,9.02,9.02,200.0
2019-04-01 10:08:00,8.9946,8.9946,8.9946,8.9946,2400.0
2019-04-01 10:10:00,9.01,9.01,9.0,9.0,578.0
2019-04-01 10:14:00,9.01,9.01,9.01,9.01,261.0
2019-04-01 10:15:00,9.01,9.01,9.01,9.01,100.0
2019-04-01 10:16:00,9.01,9.01,9.01,9.01,200.0
2019-04-01 10:18:00,9.01,9.01,9.01,9.01,1123.0
2019-04-01 10:20:00,9.01,9.01,9.01,9.01,209.0
2019-04-01 10:22:00,9.01,9.01,9.01,9.01,302.0
2019-04-01 10:26:00,9.02,9.02,9.02,9.02,500.0
2019-04-01 10:29:00,9.02,9.02,9.02,9.02,1600.0
2019-04-01 10:32:00,9.03,9.03,9.03,9.03,2700.0
2019-04-01 10:33:00,9.03,9.03,9.03,9.03,200.0
2019-04-01 10:35:00,9.03,9.03,9.03,9.03,914.0
2019-04-01 10:36:00,9.02,9.02,9.02,9.02,4100.0
2019-04-01 10:37:00,9.0157,9.0157,9.0157,9.0157,1150.0
2019-04-01 10:39:00,9.015,9.015,9.01,9.01,6040.0
2019-04-01 10:46:00,9.02,9.02,9.02,9.02,100.0
2019-04-01 10:48:00,9.02,9.02,9.02,9.02,200.0
2019-04-01 10:49:00,9.02,9.02,9.02,9.02,100.0
2019-04-01 10:50:00,9.02,9.02,9.02,9.02,200.0
2019-04-01 10:52:00,9.015,9.015,9.015,9.015,201.0
2019-04-01 10:53:00,9.01,9.01,9.01,9.01,1300.0
2019-04-01 10:56:00,9.015,9.015,9.015,9.015,100.0
2019-04-01 11:02:00,9.02,9.02,9.02,9.02,100.0
2019-04-01 11:04:00,9.02,9.02,9.02,9.02,200.0
2019-04-01 11:05:00,9.02,9.02,9.02,9.02,200.0
2019-04-01 11:07:00,9.02,9.02,9.02,9.02,200.0
2019-04-01 11:08:00,9.02,9.02,9.02,9.02,100.0
2019-04-01 11:10:00,9.02,9.02,9.02,9.02,100.0
2019-04-01 11:12:00,9.02,9.02,9.02,9.02,3605.0
2019-04-01 11:13:00,9.02,9.02,9.02,9.02,100.0
2019-04-01 11:15:00,9.02,9.02,9.02,9.02,200.0
2019-04-01 11:16:00,9.02,9.02,9.02,9.02,200.0
2019-04-01 11:18:00,9.02,9.02,9.02,9.02,200.0
2019-04-01 11:19:00,9.02,9.02,9.02,9.02,2242.0
2019-04-01 11:21:00,9.03,9.03,9.03,9.03,500.0
2019-04-01 11:23:00,9.03,9.03,9.03,9.03,200.0
2019-04-01 11:24:00,9.03,9.03,9.03,9.03,100.0
2019-04-01 11:25:00,9.03,9.03,9.03,9.03,200.0
2019-04-01 11:27:00,9.03,9.03,9.03,9.03,200.0
2019-04-01 11:29:00,9.03,9.03,9.03,9.03,200.0
2019-04-01 11:31:00,9.03,9.03,9.03,9.03,200.0
2019-04-01 11:34:00,9.0201,9.0201,9.0201,9.0201,2050.0
2019-04-01 11:37:00,9.03,9.03,9.03,9.03,100.0
2019-04-01 11:38:00,9.025,9.025,9.025,9.025,100.0
2019-04-01 11:40:00,9.03,9.03,9.03,9.03,300.0
2019-04-01 11:42:00,9.03,9.03,9.03,9.03,200.0
2019-04-01 11:43:00,9.03,9.03,9.03,9.03,100.0
2019-04-01 11:44:00,9.03,9.03,9.03,9.03,100.0
2019-04-01 11:45:00,9.03,9.03,9.03,9.03,100.0
2019-04-01 11:47:00,9.03,9.03,9.03,9.03,300.0
2019-04-01 11:49:00,9.03,9.03,9.03,9.03,200.0
2019-04-01 11:50:00,9.02,9.02,9.02,9.02,1101.0
2019-04-01 11:55:00,9.03,9.03,9.03,9.03,101.0
2019-04-01 11:57:00,9.03,9.03,9.03,9.03,200.0
2019-04-01 11:59:00,9.03,9.03,9.03,9.03,200.0
2019-04-01 12:00:00,9.03,9.03,9.03,9.03,300.0
2019-04-01 12:02:00,9.03,9.04,9.03,9.04,25568.0
2019-04-01 12:03:00,9.04,9.04,9.04,9.04,2000.0
2019-04-01 12:05:00,9.035,9.035,9.035,9.035,200.0
2019-04-01 12:06:00,9.04,9.04,9.04,9.04,1600.0
2019-04-01 12:09:00,9.04,9.04,9.04,9.04,200.0
2019-04-01 12:10:00,9.04,9.04,9.04,9.04,100.0
2019-04-01 12:12:00,9.04,9.04,9.04,9.04,206.0
2019-04-01 12:14:00,9.04,9.04,9.04,9.04,100.0
2019-04-01 12:15:00,9.04,9.04,9.04,9.04,100.0
2019-04-01 12:16:00,9.04,9.04,9.04,9.04,100.0
2019-04-01 12:17:00,9.04,9.04,9.04,9.04,100.0
2019-04-01 12:19:00,9.04,9.04,9.04,9.04,200.0
2019-04-01 12:20:00,9.04,9.04,9.04,9.04,100.0
2019-04-01 12:22:00,9.025,9.03,9.01,9.03,12340.0
2019-04-01 12:27:00,9.025,9.025,9.025,9.025,400.0
2019-04-01 12:29:00,9.025,9.025,9.025,9.025,200.0
2019-04-01 12:31:00,9.025,9.025,9.025,9.025,100.0
2019-04-01 12:32:00,9.03,9.03,9.03,9.03,100.0
2019-04-01 12:34:00,9.04,9.04,9.04,9.04,2462.0
2019-04-01 12:35:00,9.04,9.04,9.04,9.04,425.0
2019-04-01 12:36:00,9.03,9.03,9.03,9.03,100.0
2019-04-01 12:38:00,9.03,9.03,9.03,9.03,200.0
2019-04-01 12:40:00,9.03,9.03,9.03,9.03,500.0
2019-04-01 12:41:00,9.03,9.03,9.03,9.03,200.0
2019-04-01 12:43:00,9.03,9.03,9.03,9.03,200.0
2019-04-01 12:44:00,9.03,9.03,9.03,9.03,200.0
2019-04-01 12:46:00,9.03,9.03,9.03,9.03,200.0
2019-04-01 12:48:00,9.03,9.03,9.03,9.03,200.0
2019-04-01 12:49:00,9.03,9.03,9.03,9.03,100.0
2019-04-01 12:50:00,9.03,9.03,9.03,9.03,100.0
2019-04-01 12:51:00,9.03,9.03,9.03,9.03,100.0
2019-04-01 12:52:00,9.03,9.03,9.03,9.03,100.0
2019-04-01 12:54:00,9.03,9.03,9.03,9.03,100.0
2019-04-01 12:56:00,9.03,9.03,9.03,9.03,200.0
2019-04-01 12:57:00,9.03,9.03,9.03,9.03,100.0
2019-04-01 12:58:00,9.03,9.03,9.03,9.03,100.0
2019-04-01 12:59:00,9.03,9.03,9.03,9.03,200.0
2019-04-01 13:00:00,9.02,9.02,9.02,9.02,800.0
2019-04-01 13:03:00,9.03,9.03,9.03,9.03,300.0
2019-04-01 13:04:00,9.03,9.03,9.03,9.03,100.0
2019-04-01 13:05:00,9.03,9.03,9.03,9.03,200.0
2019-04-01 13:06:00,9.03,9.03,9.03,9.03,100.0
2019-04-01 13:09:00,9.03,9.03,9.03,9.03,200.0
2019-04-01 13:10:00,9.03,9.03,9.03,9.03,200.0
2019-04-01 13:12:00,9.03,9.03,9.03,9.03,100.0
2019-04-01 13:14:00,9.03,9.03,9.03,9.03,100.0
2019-04-01 13:15:00,9.03,9.03,9.03,9.03,200.0
2019-04-01 13:17:00,9.03,9.03,9.03,9.03,100.0
2019-04-01 13:18:00,9.03,9.03,9.03,9.03,100.0
2019-04-01 13:19:00,9.03,9.03,9.03,9.03,100.0
2019-04-01 13:20:00,9.03,9.03,9.03,9.03,300.0
2019-04-01 13:22:00,9.02,9.02,9.02,9.02,800.0
2019-04-01 13:23:00,9.03,9.03,9.03,9.03,100.0
2019-04-01 13:25:00,9.03,9.03,9.03,9.03,100.0
2019-04-01 13:34:00,9.03,9.03,9.03,9.03,200.0
2019-04-01 13:39:00,9.03,9.03,9.03,9.03,100.0
2019-04-01 13:44:00,9.03,9.03,9.03,9.03,100.0
2019-04-01 13:46:00,9.03,9.03,9.03,9.03,524.0
2019-04-01 13:48:00,9.03,9.03,9.03,9.03,300.0
2019-04-01 13:49:00,9.03,9.03,9.03,9.03,300.0
2019-04-01 13:50:00,9.03,9.03,9.03,9.03,300.0
2019-04-01 13:51:00,9.03,9.03,9.03,9.03,300.0
2019-04-01 13:52:00,9.03,9.03,9.03,9.03,200.0
2019-04-01 13:53:00,9.03,9.03,9.03,9.03,300.0
2019-04-01 13:54:00,9.03,9.03,9.03,9.03,300.0
2019-04-01 13:55:00,9.03,9.03,9.03,9.03,300.0
2019-04-01 13:56:00,9.03,9.03,9.03,9.03,400.0
2019-04-01 13:58:00,9.03,9.03,9.03,9.03,400.0
2019-04-01 13:59:00,9.03,9.03,9.03,9.03,300.0
2019-04-01 14:01:00,9.03,9.03,9.03,9.03,681.0
2019-04-01 14:04:00,9.02,9.02,9.02,9.02,1200.0
2019-04-01 14:06:00,9.015,9.015,9.015,9.015,100.0
2019-04-01 14:07:00,9.015,9.015,9.015,9.015,1360.0
2019-04-01 14:10:00,9.02,9.02,9.02,9.02,100.0
2019-04-01 14:14:00,9.02,9.02,9.02,9.02,100.0
2019-04-01 14:17:00,9.02,9.02,9.02,9.02,100.0
2019-04-01 14:21:00,9.02,9.02,9.02,9.02,100.0
2019-04-01 14:28:00,9.02,9.02,9.02,9.02,200.0
2019-04-01 14:32:00,9.02,9.02,9.02,9.02,100.0
2019-04-01 14:35:00,9.02,9.02,9.02,9.02,100.0
2019-04-01 14:37:00,9.02,9.02,9.02,9.02,100.0
2019-04-01 14:39:00,9.02,9.02,9.02,9.02,124.0
2019-04-01 14:42:00,9.02,9.02,9.02,9.02,100.0
2019-04-01 14:46:00,9.02,9.02,9.02,9.02,100.0
2019-04-01 14:49:00,9.02,9.02,9.02,9.02,100.0
2019-04-01 14:56:00,9.03,9.03,9.03,9.03,200.0
2019-04-01 14:57:00,9.02,9.03,9.02,9.03,3668.0
2019-04-01 15:03:00,9.03,9.03,9.03,9.03,100.0
2019-04-01 15:06:00,9.0102,9.03,9.0102,9.03,750.0
2019-04-01 15:12:00,9.03,9.03,9.03,9.03,200.0
2019-04-01 15:14:00,9.0207,9.0207,9.0207,9.0207,1000.0
2019-04-01 15:16:00,9.03,9.03,9.03,9.03,100.0
2019-04-01 15:19:00,9.03,9.03,9.03,9.03,150.0
2019-04-01 15:23:00,9.03,9.03,9.03,9.03,100.0
2019-04-01 15:26:00,9.03,9.03,9.03,9.03,100.0
2019-04-01 15:29:00,9.03,9.03,9.03,9.03,100.0
2019-04-01 15:32:00,9.03,9.03,9.03,9.03,100.0
2019-04-01 15:34:00,9.03,9.03,9.03,9.03,100.0
2019-04-01 15:37:00,9.03,9.03,9.03,9.03,100.0
2019-04-01 15:40:00,9.03,9.03,9.03,9.03,100.0
2019-04-01 15:42:00,9.03,9.03,9.03,9.03,100.0
2019-04-01 15:45:00,9.03,9.03,9.03,9.03,125.0
2019-04-01 15:49:00,9.03,9.03,9.03,9.03,525.0
2019-04-01 15:50:00,9.03,9.03,9.03,9.03,100.0
2019-04-01 15:52:00,9.03,9.03,9.03,9.03,100.0
2019-04-01 15:56:00,9.03,9.03,9.03,9.03,200.0
2019-04-01 15:57:00,9.03,9.03,9.03,9.03,1429.0
2019-04-01 15:59:00,9.03,9.03,9.03,9.03,435.0
2019-04-01 16:00:00,9.03,9.03,9.03,9.03,7317.0
2019-04-02 09:31:00,9.0,9.0,9.0,9.0,1254.0
2019-04-02 09:36:00,9.03,9.03,9.03,9.03,100.0
2019-04-02 09:38:00,9.015,9.015,9.015,9.015,100.0
2019-04-02 09:39:00,9.03,9.03,9.03,9.03,100.0
2019-04-02 09:40:00,9.03,9.03,9.03,9.03,100.0
2019-04-02 09:41:00,9.03,9.03,9.03,9.03,117.0
2019-04-02 09:43:00,9.03,9.03,9.03,9.03,100.0
2019-04-02 09:44:00,9.03,9.03,9.03,9.03,100.0
2019-04-02 09:45:00,9.03,9.03,9.03,9.03,100.0
2019-04-02 09:46:00,9.03,9.03,9.03,9.03,100.0
2019-04-02 09:48:00,9.03,9.03,9.03,9.03,100.0
2019-04-02 09:49:00,9.03,9.03,9.03,9.03,100.0
2019-04-02 09:50:00,9.03,9.03,9.03,9.03,100.0
2019-04-02 09:51:00,9.03,9.03,9.03,9.03,100.0
2019-04-02 09:53:00,9.03,9.03,9.03,9.03,100.0
2019-04-02 09:54:00,9.03,9.03,9.03,9.03,100.0
2019-04-02 09:55:00,9.03,9.03,9.03,9.03,100.0
2019-04-02 09:57:00,9.03,9.03,9.0,9.0,200.0
2019-04-02 09:58:00,9.03,9.03,9.03,9.03,100.0
2019-04-02 09:59:00,9.03,9.03,9.03,9.03,100.0
2019-04-02 10:00:00,9.03,9.03,9.03,9.03,100.0
2019-04-02 10:01:00,9.029,9.03,9.015,9.015,3225.0
2019-04-02 10:02:00,9.03,9.03,9.03,9.03,100.0
2019-04-02 10:03:00,9.03,9.03,9.03,9.03,100.0
2019-04-02 10:04:00,9.03,9.03,9.03,9.03,200.0
2019-04-02 10:06:00,9.02,9.02,9.02,9.02,200.0
2019-04-02 10:07:00,9.01,9.01,9.01,9.01,200.0
2019-04-02 10:10:00,9.02,9.02,9.02,9.02,100.0
2019-04-02 10:12:00,9.01,9.02,9.01,9.02,400.0
2019-04-02 10:16:00,9.01,9.02,9.01,9.02,200.0
2019-04-02 10:17:00,9.03,9.03,9.03,9.03,100.0
2019-04-02 10:18:00,9.01,9.03,9.01,9.03,1300.0
2019-04-02 10:20:00,9.01,9.03,9.01,9.03,4334.0
2019-04-02 10:21:00,9.01,9.02,9.01,9.02,368.0
2019-04-02 10:22:00,9.01,9.03,9.01,9.03,300.0
2019-04-02 10:26:00,9.02,9.02,9.02,9.02,100.0
2019-04-02 10:28:00,9.03,9.03,9.03,9.03,200.0
2019-04-02 10:31:00,9.02,9.02,9.02,9.02,406.0
2019-04-02 10:36:00,9.01,9.01,9.01,9.01,773.0
2019-04-02 10:40:00,9.0203,9.0203,9.0203,9.0203,1672.0
2019-04-02 10:45:00,9.025,9.025,9.01,9.01,200.0
2019-04-02 10:46:00,9.04,9.04,9.01,9.01,200.0
2019-04-02 10:47:00,9.01,9.04,9.01,9.04,200.0
2019-04-02 10:48:00,9.01,9.01,9.01,9.01,100.0
2019-04-02 10:49:00,9.04,9.04,9.01,9.01,200.0
2019-04-02 10:50:00,9.01,9.04,9.01,9.0215,1000.0
2019-04-02 10:51:00,9.01,9.04,9.01,9.04,200.0
2019-04-02 10:52:00,9.01,9.01,9.01,9.01,100.0
2019-04-02 10:53:00,9.04,9.04,9.04,9.04,100.0
2019-04-02 10:54:00,9.03,9.03,9.03,9.03,100.0
2019-04-02 10:55:00,9.01,9.01,9.01,9.01,200.0
2019-04-02 10:57:00,9.029,9.04,9.029,9.04,986.0
2019-04-02 10:58:00,9.01,9.03,9.01,9.03,300.0
2019-04-02 11:00:00,9.03,9.03,9.03,9.03,164.0
2019-04-02 11:01:00,9.03,9.03,9.03,9.03,100.0
2019-04-02 11:03:00,9.03,9.03,9.03,9.03,100.0
2019-04-02 11:04:00,9.03,9.03,9.03,9.03,100.0
2019-04-02 11:05:00,9.03,9.03,9.03,9.03,100.0
2019-04-02 11:06:00,9.03,9.03,9.03,9.03,100.0
2019-04-02 11:07:00,9.03,9.03,9.03,9.03,100.0
2019-04-02 11:08:00,9.03,9.03,9.03,9.03,100.0
2019-04-02 11:09:00,9.0299,9.03,9.0299,9.03,1200.0
2019-04-02 11:10:00,9.04,9.04,9.04,9.04,100.0
2019-04-02 11:12:00,9.04,9.04,9.04,9.04,100.0
2019-04-02 11:13:00,9.04,9.04,9.04,9.04,100.0
2019-04-02 11:15:00,9.04,9.04,9.04,9.04,100.0
2019-04-02 11:16:00,9.035,9.0372,9.03,9.03,2460.0
2019-04-02 11:20:00,9.03,9.03,9.03,9.03,100.0
2019-04-02 11:21:00,9.03,9.03,9.03,9.03,100.0
2019-04-02 11:23:00,9.03,9.03,9.03,9.03,514.0
2019-04-02 11:24:00,9.04,9.04,9.04,9.04,120.0
2019-04-02 11:26:00,9.04,9.04,9.04,9.04,100.0
2019-04-02 11:27:00,9.04,9.04,9.04,9.04,100.0
2019-04-02 11:29:00,9.04,9.04,9.04,9.04,140.0
2019-04-02 11:30:00,9.04,9.04,9.04,9.04,100.0
2019-04-02 11:32:00,9.04,9.04,9.04,9.04,140.0
2019-04-02 11:33:00,9.0399,9.04,9.035,9.04,985.0
2019-04-02 11:34:00,9.04,9.05,9.039,9.05,6600.0
2019-04-02 11:35:00,9.045,9.045,9.045,9.045,100.0
2019-04-02 11:36:00,9.0485,9.05,9.0485,9.05,1400.0
2019-04-02 11:38:00,9.0401,9.05,9.04,9.05,2120.0
2019-04-02 11:39:00,9.05,9.05,9.04,9.04,1840.0
2019-04-02 11:40:00,9.0385,9.04,9.0385,9.04,2000.0
2019-04-02 11:41:00,9.035,9.035,9.035,9.035,391.0
2019-04-02 11:50:00,9.04,9.04,9.04,9.04,101.0
2019-04-02 11:52:00,9.04,9.04,9.04,9.04,180.0
2019-04-02 11:53:00,9.03,9.03,9.03,9.03,1000.0
2019-04-02 11:54:00,9.04,9.04,9.04,9.04,100.0
2019-04-02 11:55:00,9.04,9.04,9.04,9.04,300.0
2019-04-02 11:57:00,9.04,9.04,9.04,9.04,180.0
2019-04-02 11:58:00,9.04,9.04,9.04,9.04,100.0
2019-04-02 12:00:00,9.03,9.04,9.03,9.03,7790.0
2019-04-02 12:01:00,9.03,9.03,9.03,9.03,240.0
2019-04-02 12:06:00,9.02,9.02,9.02,9.02,140.0
2019-04-02 12:10:00,9.04,9.04,9.04,9.04,100.0
2019-04-02 12:11:00,9.03,9.03,9.03,9.03,100.0
2019-04-02 12:12:00,9.03,9.03,9.03,9.03,100.0
2019-04-02 12:13:00,9.04,9.04,9.04,9.04,140.0
2019-04-02 12:14:00,9.04,9.04,9.03,9.03,300.0
2019-04-02 12:15:00,9.04,9.04,9.04,9.04,100.0
2019-04-02 12:16:00,9.04,9.04,9.04,9.04,100.0
2019-04-02 12:17:00,9.04,9.04,9.04,9.04,100.0
2019-04-02 12:18:00,9.02,9.02,9.02,9.02,140.0
2019-04-02 12:19:00,9.04,9.04,9.04,9.04,100.0
2019-04-02 12:20:00,9.0301,9.0301,9.0301,9.0301,600.0
2019-04-02 12:21:00,9.035,9.04,9.035,9.04,2865.0
2019-04-02 12:23:00,9.04,9.04,9.04,9.04,100.0
2019-04-02 12:25:00,9.04,9.04,9.04,9.04,160.0
2019-04-02 12:27:00,9.04,9.04,9.04,9.04,100.0
2019-04-02 12:29:00,9.04,9.04,9.035,9.04,2300.0
2019-04-02 12:31:00,9.04,9.04,9.04,9.04,100.0
2019-04-02 12:33:00,9.04,9.04,9.04,9.04,120.0
2019-04-02 12:34:00,9.04,9.04,9.04,9.04,140.0
2019-04-02 12:36:00,9.04,9.04,9.04,9.04,140.0
2019-04-02 12:38:00,9.04,9.04,9.04,9.04,100.0
2019-04-02 12:40:00,9.04,9.04,9.04,9.04,140.0
2019-04-02 12:42:00,9.04,9.04,9.04,9.04,100.0
2019-04-02 12:44:00,9.04,9.04,9.04,9.04,100.0
2019-04-02 12:45:00,9.03,9.04,9.03,9.04,300.0
2019-04-02 12:46:00,9.04,9.04,9.04,9.04,140.0
2019-04-02 12:48:00,9.04,9.04,9.04,9.04,101.0
2019-04-02 12:50:00,9.04,9.04,9.04,9.04,140.0
2019-04-02 12:52:00,9.04,9.04,9.04,9.04,100.0
2019-04-02 12:54:00,9.04,9.04,9.04,9.04,100.0
2019-04-02 12:56:00,9.04,9.04,9.04,9.04,140.0
2019-04-02 12:58:00,9.04,9.04,9.04,9.04,102.0
2019-04-02 13:00:00,9.04,9.04,9.04,9.04,140.0
2019-04-02 13:02:00,9.04,9.04,9.04,9.04,100.0
2019-04-02 13:04:00,9.04,9.04,9.04,9.04,140.0
2019-04-02 13:06:00,9.04,9.04,9.04,9.04,300.0
2019-04-02 13:08:00,9.04,9.04,9.04,9.04,140.0
2019-04-02 13:11:00,9.04,9.04,9.035,9.035,1100.0
2019-04-02 13:14:00,9.04,9.04,9.04,9.04,160.0
2019-04-02 13:17:00,9.04,9.04,9.04,9.04,100.0
2019-04-02 13:18:00,9.035,9.035,9.035,9.035,1110.0
2019-04-02 13:19:00,9.04,9.04,9.04,9.04,100.0
2019-04-02 13:20:00,9.03,9.03,9.03,9.03,100.0
2019-04-02 13:21:00,9.04,9.04,9.04,9.04,120.0
2019-04-02 13:23:00,9.04,9.04,9.04,9.04,140.0
2019-04-02 13:25:00,9.04,9.04,9.04,9.04,100.0
2019-04-02 13:26:00,9.04,9.04,9.04,9.04,200.0
2019-04-02 13:27:00,9.04,9.04,9.04,9.04,100.0
2019-04-02 13:29:00,9.04,9.04,9.04,9.04,400.0
2019-04-02 13:30:00,9.031,9.031,9.031,9.031,1080.0
2019-04-02 13:37:00,9.04,9.04,9.04,9.04,100.0
2019-04-02 13:38:00,9.04,9.04,9.04,9.04,100.0
2019-04-02 13:39:00,9.04,9.04,9.04,9.04,240.0
2019-04-02 13:40:00,9.04,9.04,9.04,9.04,100.0
2019-04-02 13:41:00,9.03,9.03,9.03,9.03,100.0
2019-04-02 13:42:00,9.04,9.04,9.04,9.04,100.0
2019-04-02 13:44:00,9.04,9.04,9.04,9.04,140.0
2019-04-02 13:45:00,9.04,9.04,9.04,9.04,100.0
2019-04-02 13:47:00,9.04,9.04,9.04,9.04,100.0
2019-04-02 13:49:00,9.04,9.04,9.04,9.04,140.0
2019-04-02 13:50:00,9.04,9.04,9.04,9.04,200.0
2019-04-02 13:51:00,9.04,9.04,9.04,9.04,100.0
2019-04-02 13:53:00,9.035,9.035,9.035,9.035,140.0
2019-04-02 13:55:00,9.04,9.04,9.04,9.04,120.0
2019-04-02 13:57:00,9.04,9.04,9.04,9.04,100.0
2019-04-02 13:58:00,9.04,9.04,9.04,9.04,220.0
2019-04-02 13:59:00,9.04,9.04,9.04,9.04,100.0
2019-04-02 14:00:00,9.04,9.04,9.04,9.04,325.0
2019-04-02 14:04:00,9.03,9.03,9.03,9.03,100.0
2019-04-02 14:06:00,9.04,9.04,9.04,9.04,170.0
2019-04-02 14:10:00,9.04,9.04,9.04,9.04,200.0
2019-04-02 14:13:00,9.03,9.03,9.03,9.03,100.0
2019-04-02 14:20:00,9.04,9.04,9.04,9.04,200.0
2019-04-02 14:23:00,9.03,9.03,9.03,9.03,100.0
2019-04-02 14:33:00,9.03,9.03,9.03,9.03,100.0
2019-04-02 14:42:00,9.04,9.04,9.04,9.04,200.0
2019-04-02 14:49:00,9.03,9.03,9.03,9.03,100.0
2019-04-02 14:52:00,9.0399,9.0399,9.0399,9.0399,1000.0
2019-04-02 14:54:00,9.04,9.04,9.0399,9.0399,1700.0
2019-04-02 14:57:00,9.04,9.04,9.04,9.04,200.0
2019-04-02 15:04:00,9.03,9.03,9.03,9.03,100.0
2019-04-02 15:18:00,9.04,9.04,9.04,9.04,200.0
2019-04-02 15:19:00,9.035,9.035,9.035,9.035,100.0
2019-04-02 15:20:00,9.03,9.03,9.03,9.03,100.0
2019-04-02 15:25:00,9.035,9.04,9.035,9.04,200.0
2019-04-02 15:29:00,9.0371,9.0371,9.0371,9.0371,2000.0
2019-04-02 15:33:00,9.03,9.03,9.03,9.03,100.0
2019-04-02 15:36:00,9.035,9.035,9.035,9.035,100.0
2019-04-02 15:42:00,9.035,9.035,9.035,9.035,110.0
2019-04-02 15:45:00,9.035,9.035,9.035,9.035,100.0
2019-04-02 15:50:00,9.03,9.03,9.02,9.03,6700.0
2019-04-02 15:52:00,9.03,9.03,9.03,9.03,200.0
2019-04-02 15:57:00,9.04,9.04,9.04,9.04,200.0
2019-04-02 15:59:00,9.04,9.04,9.04,9.04,100.0
2019-04-02 16:00:00,9.03,9.04,9.03,9.04,372.0
2019-04-03 09:31:00,9.01,9.01,9.01,9.01,1830.0
2019-04-03 09:37:00,9.05,9.05,9.05,9.05,100.0
2019-04-03 09:41:00,9.05,9.05,9.05,9.05,100.0
2019-04-03 09:44:00,9.04,9.04,9.04,9.04,310.0
2019-04-03 09:47:00,9.03,9.03,9.03,9.03,200.0
2019-04-03 09:48:00,9.03,9.03,9.03,9.03,100.0
2019-04-03 09:51:00,9.04,9.04,9.04,9.04,100.0
2019-04-03 09:54:00,9.04,9.04,9.04,9.04,100.0
2019-04-03 09:58:00,9.04,9.04,9.04,9.04,105.0
2019-04-03 10:01:00,9.04,9.04,9.04,9.04,100.0
2019-04-03 10:05:00,9.04,9.04,9.04,9.04,100.0
2019-04-03 10:09:00,9.04,9.04,9.04,9.04,200.0
2019-04-03 10:11:00,9.04,9.04,9.04,9.04,100.0
2019-04-03 10:16:00,9.04,9.04,9.04,9.04,100.0
2019-04-03 10:19:00,9.04,9.04,9.04,9.04,100.0
2019-04-03 10:23:00,9.04,9.04,9.04,9.04,100.0
2019-04-03 10:26:00,9.04,9.04,9.04,9.04,100.0
2019-04-03 10:30:00,9.04,9.04,9.0267,9.0267,655.0
2019-04-03 10:33:00,9.04,9.04,9.04,9.04,116.0
2019-04-03 10:34:00,9.04,9.04,9.04,9.04,292.0
2019-04-03 10:37:00,9.04,9.04,9.04,9.04,100.0
2019-04-03 10:38:00,9.0366,9.0366,9.0366,9.0366,1000.0
2019-04-03 10:41:00,9.04,9.04,9.04,9.04,100.0
2019-04-03 10:44:00,9.04,9.04,9.04,9.04,100.0
2019-04-03 10:46:00,9.04,9.04,9.04,9.04,200.0
2019-04-03 10:48:00,9.04,9.04,9.04,9.04,200.0
2019-04-03 10:51:00,9.04,9.04,9.04,9.04,100.0
2019-04-03 10:53:00,9.04,9.04,9.03,9.03,200.0
2019-04-03 10:56:00,9.04,9.04,9.04,9.04,100.0
2019-04-03 10:57:00,9.04,9.04,9.04,9.04,100.0
2019-04-03 11:01:00,9.04,9.04,9.04,9.04,0.0
2019-04-03 11:06:00,9.035,9.04,9.03,9.03,10714.0
2019-04-03 11:07:00,9.04,9.04,9.04,9.04,100.0
2019-04-03 11:09:00,9.04,9.04,9.04,9.04,200.0
2019-04-03 11:11:00,9.04,9.04,9.035,9.035,706.0
2019-04-03 11:13:00,9.03,9.0301,9.03,9.03,2000.0
2019-04-03 11:14:00,9.04,9.04,9.04,9.04,100.0
2019-04-03 11:16:00,9.0352,9.0352,9.0352,9.0352,545.0
2019-04-03 11:17:00,9.035,9.04,9.035,9.04,400.0
2019-04-03 11:18:00,9.04,9.04,9.04,9.04,100.0
2019-04-03 11:20:00,9.035,9.035,9.035,9.035,306.0
2019-04-03 11:22:00,9.035,9.04,9.035,9.0399,4061.0
2019-04-03 11:24:00,9.035,9.04,9.035,9.04,300.0
2019-04-03 11:26:00,9.04,9.04,9.04,9.04,100.0
2019-04-03 11:27:00,9.035,9.035,9.035,9.035,500.0
2019-04-03 11:30:00,9.04,9.04,9.04,9.04,100.0
2019-04-03 11:33:00,9.04,9.04,9.04,9.04,200.0
2019-04-03 11:34:00,9.035,9.035,9.035,9.035,100.0
2019-04-03 11:36:00,9.04,9.04,9.04,9.04,300.0
2019-04-03 11:37:00,9.04,9.04,9.04,9.04,100.0
2019-04-03 11:38:00,9.04,9.04,9.04,9.04,100.0
2019-04-03 11:40:00,9.04,9.04,9.04,9.04,200.0
2019-04-03 11:42:00,9.04,9.04,9.04,9.04,100.0
2019-04-03 11:44:00,9.04,9.04,9.04,9.04,200.0
2019-04-03 11:45:00,9.04,9.04,9.04,9.04,100.0
2019-04-03 11:47:00,9.04,9.04,9.04,9.04,100.0
2019-04-03 11:49:00,9.05,9.05,9.05,9.05,100.0
2019-04-03 11:50:00,9.05,9.05,9.05,9.05,100.0
2019-04-03 11:52:00,9.05,9.05,9.05,9.05,100.0
2019-04-03 11:53:00,9.04,9.05,9.04,9.05,200.0
2019-04-03 11:54:00,9.04,9.04,9.04,9.04,100.0
2019-04-03 11:55:00,9.05,9.05,9.05,9.05,100.0
2019-04-03 11:56:00,9.04,9.05,9.04,9.05,200.0
2019-04-03 11:58:00,9.05,9.05,9.05,9.05,100.0
2019-04-03 11:59:00,9.05,9.05,9.05,9.05,100.0
2019-04-03 12:00:00,9.04,9.04,9.04,9.04,600.0
2019-04-03 12:01:00,9.05,9.05,9.05,9.05,100.0
2019-04-03 12:03:00,9.05,9.05,9.0401,9.0401,1300.0
2019-04-03 12:04:00,9.045,9.05,9.04,9.04,1200.0
2019-04-03 12:05:00,9.045,9.05,9.045,9.05,210.0
2019-04-03 12:09:00,9.05,9.05,9.05,9.05,100.0
2019-04-03 12:11:00,9.0444,9.045,9.0444,9.045,350.0
2019-04-03 12:14:00,9.05,9.05,9.05,9.05,100.0
2019-04-03 12:18:00,9.05,9.05,9.05,9.05,100.0
2019-04-03 12:19:00,9.045,9.045,9.045,9.045,100.0
2019-04-03 12:20:00,9.05,9.05,9.05,9.05,100.0
2019-04-03 12:21:00,9.05,9.05,9.05,9.05,200.0
2019-04-03 12:22:00,9.05,9.05,9.05,9.05,300.0
2019-04-03 12:24:00,9.05,9.05,9.05,9.05,100.0
2019-04-03 12:25:00,9.045,9.045,9.045,9.045,100.0
2019-04-03 12:28:00,9.05,9.05,9.05,9.05,100.0
2019-04-03 12:33:00,9.05,9.05,9.04,9.04,500.0
2019-04-03 12:35:00,9.05,9.05,9.05,9.05,100.0
2019-04-03 12:37:00,9.05,9.05,9.05,9.05,100.0
2019-04-03 12:39:00,9.05,9.06,9.05,9.0501,1450.0
2019-04-03 12:41:00,9.06,9.06,9.06,9.06,100.0
2019-04-03 12:42:00,9.06,9.06,9.06,9.06,200.0
2019-04-03 12:43:00,9.06,9.06,9.06,9.06,100.0
2019-04-03 12:44:00,9.06,9.06,9.06,9.06,100.0
2019-04-03 12:45:00,9.055,9.055,9.05,9.0501,850.0
2019-04-03 12:48:00,9.06,9.06,9.06,9.06,100.0
2019-04-03 12:53:00,9.06,9.06,9.06,9.06,100.0
2019-04-03 12:54:00,9.055,9.055,9.055,9.055,100.0
2019-04-03 12:57:00,9.06,9.06,9.06,9.06,243.0
2019-04-03 12:58:00,9.06,9.06,9.06,9.06,100.0
2019-04-03 13:00:00,9.06,9.06,9.06,9.06,100.0
2019-04-03 13:02:00,9.06,9.06,9.06,9.06,100.0
2019-04-03 13:04:00,9.06,9.06,9.06,9.06,300.0
2019-04-03 13:07:00,9.06,9.06,9.06,9.06,100.0
2019-04-03 13:09:00,9.055,9.055,9.055,9.055,100.0
2019-04-03 13:11:00,9.06,9.06,9.06,9.06,100.0
2019-04-03 13:13:00,9.06,9.06,9.06,9.06,100.0
2019-04-03 13:15:00,9.06,9.06,9.06,9.06,100.0
2019-04-03 13:17:00,9.06,9.06,9.06,9.06,100.0
2019-04-03 13:19:00,9.06,9.06,9.06,9.06,100.0
2019-04-03 13:22:00,9.06,9.06,9.06,9.06,100.0
2019-04-03 13:23:00,9.055,9.06,9.055,9.06,300.0
2019-04-03 13:26:00,9.06,9.06,9.06,9.06,100.0
2019-04-03 13:28:00,9.06,9.06,9.06,9.06,100.0
2019-04-03 13:29:00,9.0516,9.0516,9.0516,9.0516,189.0
2019-04-03 13:30:00,9.06,9.06,9.06,9.06,100.0
2019-04-03 13:32:00,9.06,9.06,9.055,9.055,200.0
2019-04-03 13:33:00,9.055,9.055,9.055,9.055,700.0
2019-04-03 13:39:00,9.055,9.06,9.055,9.06,200.0
2019-04-03 13:50:00,9.055,9.055,9.055,9.055,100.0
2019-04-03 13:51:00,9.06,9.06,9.06,9.06,200.0
2019-04-03 13:52:00,9.055,9.055,9.05,9.05,800.0
2019-04-03 13:58:00,9.055,9.055,9.055,9.055,400.0
2019-04-03 14:01:00,9.055,9.055,9.055,9.055,200.0
2019-04-03 14:06:00,9.055,9.055,9.055,9.055,100.0
2019-04-03 14:08:00,9.055,9.055,9.05,9.05,2300.0
2019-04-03 14:09:00,9.05,9.05,9.05,9.05,100.0
2019-04-03 14:10:00,9.055,9.055,9.055,9.055,200.0
2019-04-03 14:14:00,9.055,9.055,9.055,9.055,100.0
2019-04-03 14:16:00,9.055,9.055,9.055,9.055,300.0
2019-04-03 14:22:00,9.055,9.055,9.055,9.055,100.0
2019-04-03 14:23:00,9.05,9.0575,9.05,9.055,300.0
2019-04-03 14:24:00,9.055,9.055,9.055,9.055,200.0
2019-04-03 14:27:00,9.055,9.055,9.055,9.055,100.0
2019-04-03 14:29:00,9.055,9.055,9.055,9.055,200.0
2019-04-03 14:33:00,9.055,9.055,9.055,9.055,100.0
2019-04-03 14:35:00,9.055,9.055,9.05,9.05,300.0
2019-04-03 14:39:00,9.055,9.055,9.055,9.055,100.0
2019-04-03 14:41:00,9.055,9.055,9.055,9.055,200.0
2019-04-03 14:44:00,9.055,9.055,9.055,9.055,100.0
2019-04-03 14:46:00,9.055,9.055,9.055,9.055,200.0
2019-04-03 14:48:00,9.05,9.05,9.05,9.05,100.0
2019-04-03 14:50:00,9.055,9.055,9.055,9.055,100.0
2019-04-03 14:52:00,9.055,9.06,9.055,9.06,400.0
2019-04-03 14:56:00,9.055,9.055,9.055,9.055,100.0
2019-04-03 14:57:00,9.055,9.055,9.055,9.055,200.0
2019-04-03 15:00:00,9.05,9.05,9.05,9.05,100.0
2019-04-03 15:04:00,9.055,9.055,9.055,9.055,100.0
2019-04-03 15:05:00,9.055,9.055,9.055,9.055,100.0
2019-04-03 15:08:00,9.055,9.055,9.055,9.055,100.0
2019-04-03 15:09:00,9.05,9.051,9.041,9.05,9250.0
2019-04-03 15:11:00,9.06,9.06,9.05,9.05,2467.0
2019-04-03 15:16:00,9.06,9.06,9.06,9.06,200.0
2019-04-03 15:17:00,9.055,9.055,9.055,9.055,100.0
2019-04-03 15:20:00,9.06,9.06,9.06,9.06,100.0
2019-04-03 15:21:00,9.06,9.06,9.06,9.06,100.0
2019-04-03 15:23:00,9.06,9.06,9.06,9.06,100.0
2019-04-03 15:24:00,9.06,9.06,9.06,9.06,300.0
2019-04-03 15:25:00,9.055,9.055,9.05,9.05,2000.0
2019-04-03 15:26:00,9.0501,9.055,9.05,9.05,3100.0
2019-04-03 15:29:00,9.055,9.055,9.055,9.055,100.0
2019-04-03 15:30:00,9.06,9.06,9.06,9.06,100.0
2019-04-03 15:32:00,9.055,9.055,9.055,9.055,100.0
2019-04-03 15:33:00,9.06,9.06,9.06,9.06,100.0
2019-04-03 15:35:00,9.055,9.055,9.055,9.055,100.0
2019-04-03 15:36:00,9.06,9.06,9.06,9.06,100.0
2019-04-03 15:37:00,9.055,9.055,9.055,9.055,100.0
2019-04-03 15:39:00,9.06,9.06,9.06,9.06,100.0
2019-04-03 15:40:00,9.06,9.06,9.06,9.06,100.0
2019-04-03 15:41:00,9.055,9.055,9.055,9.055,140.0
2019-04-03 15:42:00,9.06,9.06,9.06,9.06,101.0
2019-04-03 15:44:00,9.06,9.06,9.06,9.06,100.0
2019-04-03 15:45:00,9.06,9.06,9.06,9.06,100.0
2019-04-03 15:46:00,9.06,9.06,9.06,9.06,100.0
2019-04-03 15:47:00,9.06,9.06,9.06,9.06,100.0
2019-04-03 15:49:00,9.055,9.06,9.055,9.06,300.0
2019-04-03 15:50:00,9.06,9.06,9.06,9.06,100.0
2019-04-03 15:51:00,9.06,9.06,9.06,9.06,100.0
2019-04-03 15:52:00,9.06,9.06,9.06,9.06,200.0
2019-04-03 15:53:00,9.06,9.06,9.06,9.06,100.0
2019-04-03 15:54:00,9.06,9.06,9.06,9.06,100.0
2019-04-03 15:55:00,9.06,9.06,9.055,9.055,200.0
2019-04-03 15:56:00,9.06,9.06,9.06,9.06,300.0
2019-04-03 15:57:00,9.06,9.06,9.0553,9.06,1300.0
2019-04-03 15:58:00,9.06,9.06,9.055,9.055,400.0
2019-04-03 15:59:00,9.06,9.06,9.06,9.06,404.0
2019-04-03 16:00:00,9.05,9.06,9.05,9.05,923.0
