
2019-03-19 09:31:00,21.35,21.35,21.35,21.35,0.0
2019-03-19 09:39:00,21.33,21.33,21.33,21.33,108.0
2019-03-19 09:46:00,21.42,21.42,21.42,21.42,101.0
2019-03-19 09:48:00,21.34,21.415,21.34,21.4007,422.0
2019-03-19 09:50:00,21.43,21.43,21.43,21.43,100.0
2019-03-19 09:51:00,21.47,21.47,21.47,21.47,101.0
2019-03-19 09:53:00,21.38,21.38,21.17,21.17,1630.0
2019-03-19 09:55:00,21.41,21.41,21.41,21.41,350.0
2019-03-19 10:06:00,21.3432,21.3432,21.3432,21.3432,3084.0
2019-03-19 10:11:00,21.4145,21.4145,21.4145,21.4145,602.0
2019-03-19 10:24:00,21.43,21.43,21.43,21.43,100.0
2019-03-19 10:28:00,21.34,21.34,21.33,21.33,500.0
2019-03-19 10:29:00,21.44,21.44,21.44,21.44,216.0
2019-03-19 10:48:00,21.42,21.42,21.38,21.38,1036.0
2019-03-19 11:01:00,21.36,21.36,21.33,21.33,590.0
2019-03-19 11:04:00,21.36,21.4,21.36,21.4,777.0
2019-03-19 11:08:00,21.45,21.45,21.45,21.45,214.0
2019-03-19 11:18:00,21.32,21.32,21.3,21.32,602.0
2019-03-19 11:20:00,21.42,21.42,21.34,21.34,305.0
2019-03-19 11:29:00,21.43,21.43,21.43,21.43,144.0
2019-03-19 11:46:00,21.395,21.395,21.37,21.37,232.0
2019-03-19 11:52:00,21.3,21.3,21.3,21.3,204.0
2019-03-19 12:04:00,21.35,21.35,21.35,21.35,165.0
2019-03-19 12:20:00,21.43,21.43,21.43,21.43,103.0
2019-03-19 12:24:00,21.405,21.405,21.37,21.37,300.0
2019-03-19 12:28:00,21.44,21.44,21.44,21.44,251.0
2019-03-19 12:42:00,21.45,21.45,21.45,21.45,211.0
2019-03-19 12:45:00,21.44,21.44,21.44,21.44,104.0
2019-03-19 12:54:00,21.39,21.39,21.39,21.39,528.0
2019-03-19 13:52:00,21.39,21.39,21.39,21.39,200.0
2019-03-19 13:53:00,21.34,21.34,21.34,21.34,102.0
2019-03-19 13:58:00,21.36,21.36,21.36,21.36,375.0
2019-03-19 14:02:00,21.27,21.27,21.27,21.27,411.0
2019-03-19 14:13:00,21.3418,21.3418,21.3418,21.3418,246.0
2019-03-19 14:25:00,21.32,21.32,21.32,21.32,103.0
2019-03-19 14:31:00,21.31,21.31,21.31,21.31,213.0
2019-03-19 14:42:00,21.28,21.28,21.28,21.28,100.0
2019-03-19 14:43:00,21.3232,21.3232,21.3232,21.3232,300.0
2019-03-19 14:47:00,21.21,21.22,21.21,21.22,205.0
2019-03-19 14:50:00,21.19,21.19,21.19,21.19,110.0
2019-03-19 15:01:00,21.2,21.2,21.2,21.2,200.0
2019-03-19 15:04:00,21.21,21.21,21.21,21.21,363.0
2019-03-19 15:27:00,21.18,21.18,21.18,21.18,302.0
2019-03-19 15:35:00,21.26,21.32,21.26,21.32,1741.0
2019-03-19 15:36:00,21.22,21.22,21.22,21.22,307.0
2019-03-19 15:49:00,21.28,21.28,21.27,21.27,208.0
2019-03-19 15:57:00,21.27,21.27,21.1,21.1,511.0
2019-03-19 15:59:00,21.24,21.28,21.24,21.28,568.0
2019-03-19 16:00:00,21.28,21.3,21.09,21.1,1405.0
2019-03-20 09:31:00,21.11,21.11,20.9162,20.9162,0.0
2019-03-20 10:38:00,20.945,20.945,20.945,20.945,162.0
2019-03-20 10:48:00,21.0,21.0,21.0,21.0,210.0
2019-03-20 11:29:00,20.85,20.85,20.85,20.85,201.0
2019-03-20 11:42:00,20.87,20.87,20.85,20.85,639.0
2019-03-20 12:31:00,20.85,20.85,20.85,20.85,304.0
2019-03-20 13:30:00,20.68,20.68,20.68,20.68,101.0
2019-03-20 13:31:00,20.77,20.79,20.65,20.65,1483.0
2019-03-20 13:33:00,20.71,20.71,20.71,20.71,100.0
2019-03-20 13:34:00,20.7,20.7,20.7,20.7,100.0
2019-03-20 13:35:00,20.72,20.72,20.72,20.72,109.0
2019-03-20 13:56:00,20.71,20.71,20.71,20.71,296.0
2019-03-20 13:58:00,20.8,20.8,20.8,20.8,102.0
2019-03-20 13:59:00,20.81,20.81,20.81,20.81,125.0
2019-03-20 14:00:00,20.81,20.81,20.81,20.81,408.0
2019-03-20 14:40:00,20.83,20.85,20.81,20.85,1868.0
2019-03-20 14:41:00,20.865,20.865,20.865,20.865,120.0
2019-03-20 14:43:00,20.85,20.85,20.85,20.85,101.0
2019-03-20 14:47:00,20.965,20.965,20.965,20.965,401.0
2019-03-20 15:36:00,20.845,20.845,20.84,20.84,200.0
2019-03-20 15:39:00,20.84,20.84,20.84,20.84,106.0
2019-03-20 15:41:00,20.84,20.84,20.84,20.84,215.0
2019-03-20 15:55:00,20.75,20.75,20.75,20.75,1513.0
2019-03-20 15:56:00,20.55,20.55,20.55,20.55,543.0
2019-03-20 15:57:00,20.69,20.69,20.69,20.69,196.0
2019-03-20 15:59:00,20.625,20.625,20.625,20.625,117.0
2019-03-20 16:00:00,20.47,20.73,20.47,20.73,1230.0
2019-03-21 09:40:00,20.73,20.73,20.73,20.73,142.0
2019-03-21 09:57:00,20.58,20.58,20.58,20.58,100.0
2019-03-21 09:59:00,20.58,20.58,20.58,20.58,100.0
2019-03-21 10:00:00,20.58,20.58,20.58,20.58,105.0
2019-03-21 10:09:00,20.59,20.59,20.585,20.59,2252.0
2019-03-21 10:11:00,20.775,20.775,20.775,20.775,100.0
2019-03-21 10:14:00,20.8,20.8,20.8,20.8,100.0
2019-03-21 10:17:00,20.8,20.8,20.8,20.8,176.0
2019-03-21 10:21:00,20.75,20.75,20.75,20.75,245.0
2019-03-21 10:34:00,20.79,20.79,20.71,20.71,674.0
2019-03-21 10:38:00,20.86,20.86,20.86,20.86,100.0
2019-03-21 10:41:00,20.87,20.87,20.87,20.87,254.0
2019-03-21 11:09:00,20.67,20.74,20.6,20.6667,1287.0
2019-03-21 11:10:00,20.7596,20.77,20.683,20.77,677.0
2019-03-21 11:11:00,20.6059,20.6059,20.6059,20.6059,790.0
2019-03-21 11:40:00,20.64,20.648,20.634,20.648,1663.0
2019-03-21 11:53:00,20.82,20.83,20.82,20.83,920.0
2019-03-21 11:54:00,20.85,20.85,20.85,20.85,396.0
2019-03-21 13:00:00,20.82,20.82,20.82,20.82,252.0
2019-03-21 13:23:00,20.79,20.84,20.79,20.84,421.0
2019-03-21 13:29:00,20.88,20.88,20.88,20.88,110.0
2019-03-21 13:44:00,20.8,20.8,20.8,20.8,242.0
2019-03-21 14:15:00,20.81,20.81,20.81,20.81,266.0
2019-03-21 14:37:00,20.78,20.78,20.78,20.78,264.0
2019-03-21 15:18:00,20.75,20.75,20.75,20.75,292.0
2019-03-21 15:31:00,20.72,20.72,20.72,20.72,320.0
2019-03-21 15:35:00,20.84,20.84,20.84,20.84,322.0
2019-03-21 15:49:00,20.8,20.8,20.8,20.8,100.0
2019-03-21 15:53:00,20.65,20.65,20.65,20.65,101.0
2019-03-21 15:59:00,20.73,20.73,20.73,20.73,106.0
2019-03-22 09:33:00,20.89,20.89,20.89,20.89,663.0
2019-03-22 10:22:00,20.9,20.9,20.9,20.9,526.0
2019-03-22 10:48:00,20.6,20.6,20.6,20.6,299.0
2019-03-22 10:49:00,20.54,20.55,20.54,20.55,948.0
2019-03-22 10:51:00,20.89,20.89,20.79,20.79,201.0
2019-03-22 10:52:00,20.76,20.76,20.76,20.76,759.0
2019-03-22 10:53:00,20.68,20.68,20.65,20.65,218.0
2019-03-22 10:55:00,20.55,20.67,20.55,20.67,200.0
2019-03-22 10:56:00,20.67,20.67,20.67,20.67,204.0
2019-03-22 10:58:00,20.71,20.71,20.67,20.67,514.0
2019-03-22 11:03:00,20.65,20.65,20.65,20.65,300.0
2019-03-22 11:04:00,20.65,20.65,20.63,20.63,401.0
2019-03-22 11:17:00,20.6,20.6,20.425,20.425,706.0
2019-03-22 11:19:00,20.49,20.49,20.49,20.49,177.0
2019-03-22 11:42:00,20.5,20.5,20.495,20.495,337.0
2019-03-22 11:50:00,20.51,20.51,20.51,20.51,100.0
2019-03-22 11:59:00,20.3432,20.3432,20.3432,20.3432,151.0
2019-03-22 12:35:00,20.48,20.48,20.48,20.48,400.0
2019-03-22 12:43:00,20.47,20.47,20.47,20.47,102.0
2019-03-22 12:52:00,20.46,20.46,20.46,20.46,101.0
2019-03-22 13:18:00,20.345,20.345,20.345,20.345,100.0
2019-03-22 13:43:00,20.41,20.41,20.41,20.41,100.0
2019-03-22 13:48:00,20.335,20.335,20.335,20.335,100.0
2019-03-22 13:51:00,20.27,20.27,20.27,20.27,228.0
2019-03-22 14:10:00,20.41,20.41,20.4,20.4,1144.0
2019-03-22 14:12:00,20.45,20.45,20.45,20.45,110.0
2019-03-22 14:17:00,20.46,20.46,20.46,20.46,400.0
2019-03-22 14:18:00,20.4,20.42,20.35,20.42,588.0
2019-03-22 14:19:00,20.345,20.345,20.345,20.345,600.0
2019-03-22 14:31:00,20.42,20.42,20.42,20.42,100.0
2019-03-22 14:40:00,20.335,20.335,20.335,20.335,173.0
2019-03-22 14:45:00,20.335,20.335,20.335,20.335,100.0
2019-03-22 14:53:00,20.41,20.41,20.41,20.41,100.0
2019-03-22 14:59:00,20.34,20.34,20.34,20.34,562.0
2019-03-22 15:01:00,20.43,20.43,20.43,20.43,400.0
2019-03-22 15:18:00,20.335,20.335,20.335,20.335,100.0
2019-03-22 15:25:00,20.335,20.335,20.335,20.335,100.0
2019-03-22 15:27:00,20.42,20.42,20.42,20.42,100.0
2019-03-22 15:31:00,20.4,20.42,20.4,20.4,412.0
2019-03-22 15:32:00,20.39,20.39,20.39,20.39,205.0
2019-03-22 15:37:00,20.28,20.28,20.28,20.28,107.0
2019-03-22 15:43:00,20.28,20.315,20.25,20.315,900.0
2019-03-22 15:45:00,20.3,20.3,20.3,20.3,100.0
2019-03-22 15:50:00,20.3,20.3,20.25,20.3,699.0
2019-03-22 15:54:00,20.33,20.33,20.33,20.33,100.0
2019-03-22 15:55:00,20.32,20.32,20.29,20.29,287.0
2019-03-22 15:56:00,20.295,20.295,20.2623,20.295,2019.0
2019-03-22 15:57:00,20.32,20.32,20.32,20.32,200.0
2019-03-22 15:59:00,20.33,20.33,20.33,20.33,215.0
2019-03-22 16:00:00,20.28,20.41,20.26,20.315,1102.0
2019-03-25 09:31:00,20.38,20.38,20.38,20.38,315.0
2019-03-25 10:36:00,19.87,19.87,19.87,19.87,305.0
2019-03-25 10:41:00,19.91,19.91,19.91,19.91,100.0
2019-03-25 10:45:00,20.14,20.14,20.14,20.14,1082.0
2019-03-25 11:13:00,20.11,20.11,20.11,20.11,180.0
2019-03-25 11:16:00,20.0212,20.0212,20.0212,20.0212,1082.0
2019-03-25 12:04:00,20.06,20.06,20.06,20.06,445.0
2019-03-25 12:18:00,20.05,20.05,20.05,20.05,411.0
2019-03-25 12:33:00,20.02,20.02,20.02,20.02,233.0
2019-03-25 12:39:00,19.97,19.99,19.97,19.99,787.0
2019-03-25 12:53:00,19.95,19.95,19.95,19.95,243.0
2019-03-25 12:57:00,20.01,20.01,20.01,20.01,357.0
2019-03-25 12:58:00,20.02,20.058,20.02,20.058,986.0
2019-03-25 13:03:00,20.008,20.008,20.008,20.008,100.0
2019-03-25 13:05:00,20.0824,20.0824,20.0824,20.0824,300.0
2019-03-25 13:12:00,20.2364,20.2381,20.2364,20.2381,1065.0
2019-03-25 13:28:00,20.33,20.33,20.33,20.33,199.0
2019-03-25 13:46:00,20.46,20.46,20.46,20.46,100.0
2019-03-25 13:55:00,20.47,20.47,20.47,20.47,155.0
2019-03-25 14:35:00,20.5,20.5,20.5,20.5,433.0
2019-03-25 14:37:00,20.47,20.47,20.47,20.47,273.0
2019-03-25 15:02:00,20.49,20.49,20.49,20.49,133.0
2019-03-25 15:31:00,20.4645,20.4645,20.4645,20.4645,246.0
2019-03-25 15:51:00,20.5,20.5,20.5,20.5,300.0
2019-03-25 15:52:00,20.5,20.5,20.5,20.5,148.0
2019-03-25 15:57:00,20.63,20.63,20.63,20.63,322.0
2019-03-25 15:58:00,20.48,20.48,20.48,20.48,100.0
2019-03-25 16:00:00,20.62,20.62,20.62,20.62,203.0
2019-03-26 10:41:00,20.37,20.37,20.37,20.37,751.0
2019-03-26 10:42:00,20.54,20.54,20.54,20.54,1346.0
2019-03-26 10:43:00,20.59,20.59,20.59,20.59,632.0
2019-03-26 10:58:00,20.75,20.75,20.75,20.75,154.0
2019-03-26 11:17:00,20.7,20.7,20.7,20.7,810.0
2019-03-26 11:18:00,20.807,20.8325,20.807,20.8325,1695.0
2019-03-26 11:21:00,20.65,20.65,20.65,20.65,726.0
2019-03-26 11:25:00,20.56,20.645,20.56,20.645,781.0
2019-03-26 11:43:00,20.645,20.645,20.645,20.645,915.0
2019-03-26 12:08:00,20.7,20.7,20.7,20.7,1100.0
2019-03-26 12:22:00,20.705,20.705,20.705,20.705,0.0
2019-03-26 12:42:00,20.56,20.56,20.56,20.56,244.0
2019-03-26 13:14:00,20.69,20.69,20.69,20.69,0.0
2019-03-26 14:27:00,20.76,20.76,20.76,20.76,384.0
2019-03-26 15:23:00,20.61,20.61,20.61,20.61,194.0
2019-03-26 15:47:00,20.63,20.63,20.63,20.63,115.0
2019-03-26 15:51:00,20.8,20.8,20.8,20.8,115.0
2019-03-26 15:54:00,20.79,20.79,20.79,20.79,438.0
2019-03-26 15:56:00,20.68,20.68,20.68,20.68,338.0
2019-03-26 15:58:00,20.81,20.81,20.81,20.81,225.0
2019-03-26 16:00:00,20.86,20.86,20.86,20.86,936.0
2019-03-27 09:39:00,20.5051,20.5051,20.5051,20.5051,0.0
2019-03-27 09:40:00,20.416,20.61,20.3,20.61,1408.0
2019-03-27 10:10:00,20.583,20.7289,20.583,20.7289,600.0
2019-03-27 10:12:00,20.75,20.75,20.75,20.75,600.0
2019-03-27 10:13:00,20.7501,20.78,20.7501,20.76,302.0
2019-03-27 10:14:00,20.76,20.76,20.76,20.76,300.0
2019-03-27 12:41:00,20.8,20.8,20.8,20.8,252.0
2019-03-27 12:46:00,20.84,20.84,20.8,20.82,700.0
2019-03-27 12:47:00,20.82,20.8636,20.78,20.8636,883.0
2019-03-27 12:51:00,20.84,20.84,20.84,20.84,176.0
2019-03-27 12:56:00,20.8,20.8,20.8,20.8,400.0
2019-03-27 12:57:00,20.845,20.845,20.8,20.8,200.0
2019-03-27 13:00:00,20.8,20.8,20.8,20.8,136.0
2019-03-27 13:01:00,20.8,20.845,20.79,20.845,530.0
2019-03-27 13:04:00,20.83,20.83,20.83,20.83,114.0
2019-03-27 13:05:00,20.865,20.865,20.865,20.865,200.0
2019-03-27 13:06:00,20.87,20.9,20.84,20.86,1297.0
2019-03-27 13:11:00,20.89,20.89,20.89,20.89,200.0
2019-03-27 13:19:00,20.88,20.88,20.79,20.79,1068.0
2019-03-27 13:21:00,20.97,20.97,20.97,20.97,131.0
2019-03-27 13:53:00,21.0,21.0,20.97,21.0,822.0
2019-03-27 13:54:00,21.0,21.0,20.925,20.925,575.0
2019-03-27 13:55:00,21.13,21.13,21.115,21.115,213.0
2019-03-27 14:06:00,21.09,21.16,21.09,21.16,608.0
2019-03-27 15:00:00,21.1641,21.1641,21.1641,21.1641,350.0
2019-03-27 15:01:00,21.22,21.23,21.22,21.23,400.0
2019-03-27 15:04:00,21.1612,21.23,21.1612,21.23,611.0
2019-03-27 15:12:00,21.155,21.155,21.155,21.155,374.0
2019-03-27 15:13:00,21.18,21.18,21.16,21.16,677.0
2019-03-27 15:44:00,21.25,21.25,21.25,21.25,146.0
2019-03-27 15:56:00,21.27,21.27,21.27,21.27,238.0
2019-03-27 15:58:00,21.26,21.28,21.26,21.28,282.0
2019-03-27 16:00:00,21.26,21.27,21.26,21.27,348.0
2019-03-28 10:57:00,21.2,21.2,21.2,21.2,0.0
2019-03-28 11:30:00,21.175,21.175,21.175,21.175,400.0
2019-03-28 11:57:00,21.1325,21.1325,21.1325,21.1325,100.0
2019-03-28 12:02:00,21.165,21.165,21.035,21.035,7255.0
2019-03-28 12:18:00,21.0495,21.0495,21.02,21.02,800.0
2019-03-28 12:20:00,21.16,21.16,21.005,21.005,1346.0
2019-03-28 12:54:00,20.93,20.93,20.93,20.93,100.0
2019-03-28 13:02:00,21.15,21.15,21.15,21.15,156.0
2019-03-28 13:28:00,21.0095,21.0095,21.0,21.0,266.0
2019-03-28 13:34:00,20.93,20.93,20.93,20.93,126.0
2019-03-28 13:43:00,21.0,21.0,21.0,21.0,115.0
2019-03-28 13:51:00,21.0,21.0,21.0,21.0,129.0
2019-03-28 13:58:00,21.0,21.0,21.0,21.0,184.0
2019-03-28 13:59:00,21.14,21.14,21.14,21.14,450.0
2019-03-28 14:00:00,21.0,21.0,21.0,21.0,734.0
2019-03-28 14:01:00,21.0,21.0905,21.0,21.0905,1520.0
2019-03-28 14:02:00,21.0,21.0,21.0,21.0,1316.0
2019-03-28 14:03:00,21.03,21.03,21.0,21.0,1028.0
2019-03-28 14:08:00,20.92,20.92,20.92,20.92,833.0
2019-03-28 14:29:00,21.015,21.015,21.015,21.015,456.0
2019-03-28 15:14:00,21.01,21.01,21.01,21.01,854.0
2019-03-28 15:49:00,20.76,20.76,20.76,20.76,1392.0
2019-03-29 09:31:00,20.66,20.6995,20.65,20.665,0.0
2019-03-29 09:33:00,20.679,20.679,20.66,20.66,202.0
2019-03-29 09:36:00,20.65,20.65,20.65,20.65,269.0
2019-03-29 09:41:00,20.65,20.6695,20.65,20.66,1007.0
2019-03-29 09:42:00,20.675,20.7095,20.675,20.7095,224.0
2019-03-29 09:46:00,20.65,20.65,20.65,20.65,100.0
2019-03-29 09:47:00,20.6695,20.6695,20.66,20.66,208.0
2019-03-29 09:50:00,20.6595,20.6595,20.65,20.65,200.0
2019-03-29 10:00:00,21.11,21.135,20.655,20.9905,11425.0
2019-03-29 10:01:00,20.7095,21.09,20.65,20.7,3400.0
2019-03-29 10:03:00,20.67,20.72,20.55,20.6,3200.0
2019-03-29 10:06:00,20.61,20.68,20.61,20.68,383.0
2019-03-29 10:07:00,20.65,20.65,20.65,20.65,300.0
2019-03-29 10:40:00,20.66,20.66,20.66,20.66,124.0
2019-03-29 10:41:00,20.93,20.93,20.93,20.93,100.0
2019-03-29 10:45:00,20.65,20.66,20.63,20.63,300.0
2019-03-29 10:46:00,20.64,20.65,20.64,20.65,200.0
2019-03-29 10:57:00,20.65,20.65,20.65,20.65,100.0
2019-03-29 10:59:00,20.64,20.64,20.64,20.64,226.0
2019-03-29 11:16:00,20.61,20.61,20.61,20.61,242.0
2019-03-29 11:36:00,20.745,20.745,20.745,20.745,200.0
2019-03-29 11:55:00,20.61,20.61,20.61,20.61,100.0
2019-03-29 11:56:00,20.735,20.735,20.735,20.735,150.0
2019-03-29 12:18:00,20.725,20.725,20.65,20.725,3097.0
2019-03-29 12:30:00,20.575,20.575,20.575,20.575,371.0
2019-03-29 13:41:00,20.505,20.505,20.505,20.505,1011.0
2019-03-29 13:53:00,20.54,20.54,20.54,20.54,100.0
2019-03-29 14:08:00,20.5,20.5,20.5,20.5,500.0
2019-03-29 14:14:00,20.535,20.535,20.535,20.535,400.0
2019-03-29 14:16:00,20.5,20.5,20.5,20.5,100.0
2019-03-29 14:22:00,20.5,20.5,20.5,20.5,100.0
2019-03-29 14:29:00,20.565,20.565,20.565,20.565,100.0
2019-03-29 14:32:00,20.5325,20.59,20.5,20.5,5118.0
2019-03-29 14:37:00,20.5,20.5,20.5,20.5,100.0
2019-03-29 14:45:00,20.565,20.67,20.5,20.54,5362.0
2019-03-29 14:47:00,20.51,20.51,20.505,20.505,500.0
2019-03-29 14:48:00,20.5,20.5,20.5,20.5,100.0
2019-03-29 14:53:00,20.5,20.5,20.5,20.5,155.0
2019-03-29 15:14:00,20.565,20.565,20.565,20.565,500.0
2019-03-29 15:17:00,20.56,20.56,20.56,20.56,100.0
2019-03-29 15:19:00,20.535,20.535,20.5,20.5,600.0
2019-03-29 15:23:00,20.535,20.535,20.4,20.535,892.0
2019-03-29 15:27:00,20.525,20.525,20.5,20.525,666.0
2019-03-29 15:28:00,20.47,20.5,20.47,20.5,353.0
2019-03-29 15:29:00,20.5,20.5,20.5,20.5,200.0
2019-03-29 15:30:00,20.5,20.53,20.5,20.5,4987.0
2019-03-29 15:31:00,20.53,20.53,20.5,20.5,242.0
2019-03-29 15:32:00,20.5075,20.515,20.5,20.5,653.0
2019-03-29 15:35:00,20.5,20.5,20.5,20.5,500.0
2019-03-29 15:37:00,20.47,20.5,20.47,20.5,241.0
2019-03-29 15:38:00,20.5,20.5,20.5,20.5,537.0
2019-03-29 15:41:00,20.5,20.5,20.5,20.5,552.0
2019-03-29 15:43:00,20.525,20.525,20.5,20.5,242.0
2019-03-29 15:44:00,20.535,20.57,20.535,20.535,500.0
2019-03-29 15:45:00,20.49,20.54,20.49,20.5,60377.0
2019-03-29 15:46:00,20.59,20.59,20.59,20.59,100.0
2019-03-29 15:47:00,20.59,20.59,20.59,20.59,200.0
2019-03-29 15:48:00,20.59,20.6099,20.59,20.6099,759.0
2019-03-29 15:49:00,20.59,20.59,20.59,20.59,307.0
2019-03-29 15:50:00,20.6,20.6,20.5,20.51,50434.0
2019-03-29 15:51:00,20.51,20.51,20.51,20.51,100.0
2019-03-29 15:52:00,20.56,20.58,20.56,20.58,512.0
2019-03-29 15:53:00,20.68,20.69,20.595,20.595,909.0
2019-03-29 15:54:00,20.59,20.6,20.55,20.55,1755.0
2019-03-29 15:56:00,20.625,20.625,20.52,20.53,1110.0
2019-03-29 15:58:00,20.58,20.599,20.55,20.55,1806.0
2019-03-29 15:59:00,20.55,20.55,20.55,20.55,200.0
2019-03-29 16:00:00,20.62,20.62,20.585,20.585,5253.0
2019-04-01 09:31:00,20.65,20.65,20.65,20.65,0.0
2019-04-01 09:45:00,20.66,20.66,20.66,20.66,355.0
2019-04-01 09:52:00,19.8172,19.8172,19.8172,19.8172,150.0
2019-04-01 09:53:00,20.2,20.2,20.2,20.2,132.0
2019-04-01 10:26:00,20.65,20.65,20.65,20.65,1300.0
2019-04-01 10:27:00,20.5161,20.94,20.5161,20.94,2643.0
2019-04-01 11:00:00,20.67,20.67,20.67,20.67,1834.0
2019-04-01 11:02:00,20.62,20.62,20.62,20.62,1021.0
2019-04-01 11:20:00,20.61,20.61,20.61,20.61,469.0
2019-04-01 11:50:00,20.6,20.6,20.6,20.6,800.0
2019-04-01 11:51:00,20.6095,20.6095,20.6095,20.6095,825.0
2019-04-01 11:52:00,20.6195,20.6195,20.6195,20.6195,220.0
2019-04-01 11:57:00,20.6,20.6,20.6,20.6,416.0
2019-04-01 12:03:00,20.6,20.6,20.6,20.6,365.0
2019-04-01 12:13:00,20.66,20.66,20.66,20.66,120.0
2019-04-01 12:24:00,20.615,20.615,20.615,20.615,400.0
2019-04-01 12:39:00,20.6,20.6,20.6,20.6,383.0
2019-04-01 12:42:00,20.58,20.58,20.55,20.55,632.0
2019-04-01 12:49:00,20.6,20.6,20.55,20.55,400.0
2019-04-01 13:04:00,20.6,20.6,20.55,20.55,670.0
2019-04-01 13:15:00,20.6,20.6,20.6,20.6,395.0
2019-04-01 13:43:00,20.6,20.6,20.6,20.6,240.0
2019-04-01 13:51:00,20.55,20.55,20.55,20.55,105.0
2019-04-01 13:56:00,20.52,20.52,20.45,20.45,1206.0
2019-04-01 14:05:00,20.385,20.385,20.385,20.385,614.0
2019-04-01 14:45:00,20.405,20.405,20.405,20.405,220.0
2019-04-01 14:49:00,20.52,20.52,20.52,20.52,220.0
2019-04-01 15:00:00,20.52,20.52,20.52,20.52,343.0
2019-04-01 15:28:00,20.46,20.46,20.46,20.46,557.0
2019-04-01 15:46:00,20.54,20.54,20.54,20.54,220.0
2019-04-01 15:47:00,20.54,20.54,20.54,20.54,100.0
2019-04-01 15:49:00,20.54,20.54,20.54,20.54,256.0
2019-04-01 15:50:00,20.54,20.54,20.54,20.54,100.0
2019-04-01 15:51:00,20.5125,20.5125,20.5,20.5,5083.0
2019-04-01 15:53:00,20.525,20.525,20.525,20.525,358.0
2019-04-01 15:59:00,20.57,20.57,20.57,20.57,686.0
2019-04-02 09:36:00,20.85,20.85,20.85,20.85,100.0
2019-04-02 09:38:00,20.62,20.62,20.62,20.62,198.0
2019-04-02 10:09:00,20.67,20.67,20.6,20.6,1006.0
2019-04-02 10:14:00,20.6,20.6,20.53,20.53,660.0
2019-04-02 10:29:00,20.6,20.645,20.6,20.6,2201.0
2019-04-02 11:03:00,20.635,20.635,20.6,20.6,646.0
2019-04-02 11:06:00,20.55,20.55,20.55,20.55,402.0
2019-04-02 11:29:00,20.57,20.57,20.57,20.57,117.0
2019-04-02 11:41:00,20.37,20.37,20.37,20.37,100.0
2019-04-02 11:43:00,20.39,20.43,20.39,20.43,499.0
2019-04-02 12:14:00,20.45,20.45,20.45,20.45,100.0
2019-04-02 12:15:00,20.62,20.62,20.62,20.62,446.0
2019-04-02 12:19:00,20.3,20.44,20.25,20.31,51401.0
2019-04-02 12:24:00,20.3,20.3,20.3,20.3,373.0
2019-04-02 12:29:00,20.3,20.3,20.3,20.3,207.0
2019-04-02 12:40:00,20.32,20.32,20.3,20.3,1760.0
2019-04-02 13:10:00,20.3,20.3,20.3,20.3,202.0
2019-04-02 13:17:00,20.31,20.31,20.3,20.3,1434.0
2019-04-02 14:06:00,20.38,20.38,20.37,20.37,275.0
2019-04-02 14:22:00,20.3,20.3,20.3,20.3,100.0
2019-04-02 14:25:00,20.3,20.3,20.3,20.3,132.0
2019-04-02 14:31:00,20.3,20.3,20.3,20.3,297.0
2019-04-02 14:53:00,20.3,20.3,20.3,20.3,177.0
2019-04-02 15:00:00,20.305,20.31,20.3,20.305,1006.0
2019-04-02 15:13:00,20.3,20.3,20.3,20.3,801.0
2019-04-02 15:43:00,20.3,20.3,20.3,20.3,318.0
2019-04-02 15:57:00,20.3,20.3,20.3,20.3,123.0
2019-04-02 16:00:00,20.26,20.26,20.23,20.23,1746.0
2019-04-03 09:31:00,20.45,20.45,20.45,20.45,0.0
2019-04-03 09:47:00,20.45,20.45,20.45,20.45,319.0
2019-04-03 10:18:00,20.5,20.5,20.5,20.5,604.0
2019-04-03 10:36:00,20.54,20.8,20.54,20.655,1727.0
2019-04-03 10:37:00,20.6,20.6,20.54,20.54,223.0
2019-04-03 10:53:00,20.72,20.72,20.72,20.72,100.0
2019-04-03 10:54:00,20.755,20.755,20.71,20.71,1210.0
2019-04-03 11:07:00,20.75,20.76,20.655,20.655,302.0
2019-04-03 11:08:00,20.67,20.67,20.55,20.55,1100.0
2019-04-03 11:11:00,20.55,20.655,20.55,20.655,211.0
2019-04-03 11:31:00,20.52,20.52,20.4,20.4,421.0
2019-04-03 11:32:00,20.5,20.5,20.5,20.5,100.0
2019-04-03 11:33:00,20.5,20.5,20.5,20.5,100.0
2019-04-03 11:45:00,20.5,20.5,20.5,20.5,735.0
2019-04-03 12:16:00,20.53,20.53,20.53,20.53,108.0
2019-04-03 12:46:00,20.5299,20.5299,20.5299,20.5299,256.0
2019-04-03 13:11:00,20.65,20.65,20.65,20.65,104.0
2019-04-03 13:26:00,20.56,20.56,20.56,20.56,225.0
2019-04-03 13:27:00,20.56,20.56,20.56,20.56,107.0
2019-04-03 14:05:00,20.54,20.54,20.54,20.54,0.0
2019-04-03 14:12:00,20.56,20.56,20.56,20.56,8297.0
2019-04-03 14:45:00,20.4431,20.4431,20.4431,20.4431,353.0
2019-04-03 15:01:00,20.49,20.49,20.49,20.49,508.0
2019-04-03 15:20:00,20.36,20.36,20.36,20.36,100.0
2019-04-03 15:21:00,20.34,20.34,20.34,20.34,107.0
2019-04-03 15:22:00,20.46,20.46,20.46,20.46,193.0
2019-04-03 15:23:00,20.48,20.48,20.48,20.48,103.0
2019-04-03 15:24:00,20.3488,20.3488,20.3488,20.3488,109.0
2019-04-03 15:48:00,20.36,20.46,20.25,20.46,20303.0
2019-04-03 15:52:00,20.41,20.41,20.36,20.36,1702.0
2019-04-03 15:55:00,20.415,20.415,20.415,20.415,101.0
2019-04-03 15:56:00,20.37,20.415,20.37,20.415,402.0
2019-04-03 15:58:00,20.39,20.39,20.38,20.38,301.0
2019-04-03 15:59:00,20.38,20.44,20.38,20.44,421.0
2019-04-03 16:00:00,20.28,20.36,20.27,20.27,2152.0
