2018-06-15,17.0,22.18,17.0,21.0,4202505.0
2018-06-18,23.64,29.35,21.55,28.8,2910799.0
2018-06-19,30.18,35.0,28.04,30.0,3832396.0
2018-06-20,32.5,32.7,25.0,26.11,2461547.0
2018-06-21,25.07,25.94,21.26,21.36,1661040.0
2018-06-22,23.3,23.3,18.75,18.75,1725913.0
2018-06-25,18.24,20.74,18.2,20.43,1475097.0
2018-06-26,21.58,22.879,21.23,22.62,1109702.0
2018-06-27,23.5,23.7,20.6909,20.82,1285510.0
2018-06-28,20.94,21.5,20.16,21.23,372029.0
2018-06-29,22.06,22.07,21.0294,21.4,271693.0
2018-07-02,21.23,21.2968,20.33,20.61,140264.0
2018-07-03,20.61,20.61,19.8,20.02,164251.0
2018-07-05,19.8,20.0,18.98,19.01,474660.0
2018-07-06,18.7,19.48,18.7,19.04,202649.0
2018-07-09,19.24,19.44,18.89,18.96,213514.0
2018-07-10,19.14,19.649,18.75,19.5,591820.0
2018-07-11,19.28,19.74,19.0,19.01,222821.0
2018-07-12,19.05,20.97,19.05,20.23,567027.0
2018-07-13,20.6,20.6816,19.3664,20.24,190559.0
2018-07-16,20.2,20.428,18.92,19.03,398665.0
2018-07-17,19.0,19.6,19.0,19.02,202944.0
2018-07-18,19.02,19.499,18.91,19.14,119816.0
2018-07-19,19.19,19.4,18.88,19.08,141430.0
2018-07-20,19.1,19.29,18.45,18.93,221838.0
2018-07-23,19.09,19.09,18.52,19.0,111440.0
2018-07-24,19.01,19.53,18.9,19.39,136889.0
2018-07-25,19.25,19.93,19.25,19.85,127816.0
2018-07-26,19.32,19.84,18.81,19.0,223716.0
2018-07-27,18.9,19.07,18.65,18.93,118720.0
2018-07-30,18.92,19.33,18.53,18.63,117704.0
2018-07-31,18.62,18.62,16.78,16.78,237795.0
2018-08-01,16.72,17.46,16.3838,17.0,118426.0
2018-08-02,16.94,16.94,15.86,16.43,164265.0
2018-08-03,16.44,16.44,15.7132,16.03,162048.0
2018-08-06,16.03,16.17,15.7,15.8,61345.0
2018-08-07,15.74,16.43,15.6508,16.24,49693.0
2018-08-08,16.24,16.7,15.72,15.76,66383.0
2018-08-09,15.88,16.12,15.56,15.7,58752.0
2018-08-10,15.87,15.928,15.32,15.48,82697.0
2018-08-13,14.28,15.39,14.1213,15.25,163951.0
2018-08-14,15.16,15.21,14.66,14.67,107190.0
2018-08-15,14.37,14.66,13.85,13.86,141090.0
2018-08-16,13.89,14.87,13.89,14.18,195951.0
2018-08-17,14.19,14.82,13.87,14.15,63416.0
2018-08-20,14.15,14.82,14.04,14.07,345632.0
2018-08-21,14.41,14.6,12.64,13.0,780087.0
2018-08-22,13.05,16.15,13.05,15.9,623276.0
2018-08-23,14.35,14.9772,14.01,14.5,235286.0
2018-08-24,14.3,14.5645,14.2577,14.5,148051.0
2018-08-27,14.52,14.5962,13.77,13.92,195484.0
2018-08-28,13.9,14.16,13.78,14.0,120951.0
2018-08-29,13.95,14.0264,13.15,13.2,144205.0
2018-08-30,13.3,13.5,12.94,13.01,24511.0
2018-08-31,13.0,13.0995,12.85,13.05,36901.0
2018-09-04,12.95,12.95,12.46,12.48,52828.0
2018-09-05,12.51,12.56,12.2,12.21,89213.0
2018-09-06,12.21,12.21,11.75,11.75,65974.0
2018-09-07,11.54,11.99,11.54,11.6,30520.0
2018-09-10,11.84,11.84,10.9829,11.02,99737.0
2018-09-11,11.0,11.0,10.34,10.34,79914.0
2018-09-12,10.27,10.6767,9.94,10.2,190634.0
2018-09-13,9.74,10.68,9.74,9.99,311275.0
2018-09-14,10.0,10.0499,9.7,9.75,112520.0
2018-09-17,9.77,9.77,9.03,9.03,98322.0
2018-09-18,9.1,9.11,8.21,8.3,140892.0
2018-09-19,8.28,8.4,7.53,7.53,199567.0
2018-09-20,7.5,8.83,7.4272,8.31,289254.0
2018-09-21,8.5,9.3158,8.5,9.1,161111.0
2018-09-24,8.93,9.64,8.9,9.36,98336.0
2018-09-25,9.42,9.5036,8.45,8.59,96374.0
2018-09-26,8.67,8.777,8.05,8.25,123634.0
2018-09-27,8.28,9.38,8.23,8.72,149866.0
2018-09-28,8.72,9.2,8.55,8.74,85876.0
2018-10-01,8.78,9.09,8.75,8.83,21998.0
2018-10-02,8.82,8.89,8.5,8.86,43588.0
2018-10-03,8.92,9.2694,8.8,9.0,30359.0
2018-10-04,9.12,9.19,8.75,9.0,50514.0
2018-10-05,9.1,9.19,8.85,9.09,64833.0
2018-10-08,8.98,9.04,8.54,8.6,117916.0
2018-10-09,8.6217,8.8,8.6,8.8,8588.0
2018-10-10,8.7,8.99,8.0,8.0,67116.0
2018-10-11,8.0,8.3699,7.06,7.15,69299.0
2018-10-12,7.97,8.39,7.35,7.74,200658.0
2018-10-15,7.76,7.95,7.5852,7.8,63270.0
2018-10-16,8.15,8.43,7.65,8.42,169119.0
2018-10-17,8.48,8.72,8.0,8.43,58992.0
2018-10-18,8.42,8.43,7.7717,8.36,142410.0
2018-10-19,8.64,9.1,8.15,9.1,168889.0
2018-10-22,8.95,9.34,8.75,9.25,180715.0
2018-10-23,8.42,9.09,8.35,8.95,523510.0
2018-10-24,8.8,9.07,8.45,8.55,178115.0
2018-10-25,8.98,9.175,8.35,8.82,206536.0
2018-10-26,8.66,8.885,8.43,8.7,170955.0
2018-10-29,8.98,8.98,8.1,8.32,159411.0
2018-10-30,8.16,8.44,7.38,7.38,87580.0
2018-10-31,7.57,7.57,7.3,7.36,90376.0
2018-11-01,7.35,7.9118,7.31,7.57,142083.0
2018-11-02,7.78,7.9795,7.15,7.22,66736.0
2018-11-05,7.16,7.2182,7.0,7.0,68601.0
2018-11-06,7.0,7.1299,6.83,6.83,50648.0
2018-11-07,7.28,7.69,6.99,7.14,98867.0
2018-11-08,6.8959,7.19,6.8,6.94,56444.0
2018-11-09,7.03,7.09,6.67,6.99,63577.0
2018-11-12,6.89,6.89,6.34,6.44,120269.0
2018-11-13,6.5,6.75,6.24,6.26,56439.0
2018-11-14,6.32,6.5899,5.5,5.51,104473.0
2018-11-15,5.62,6.08,5.61,5.8,69865.0
2018-11-16,6.0,6.08,5.51,5.99,72635.0
2018-11-19,6.01,6.01,5.51,5.55,52558.0
2018-11-20,5.34,5.59,5.06,5.2,64030.0
2018-11-21,5.34,6.14,5.335,5.71,144925.0
2018-11-23,5.47,6.3,5.4,5.76,192150.0
2018-11-26,5.89,6.34,5.55,6.15,128525.0
2018-11-27,6.02,6.3,5.62,5.82,39862.0
2018-11-28,5.92,6.1,5.8,5.92,21688.0
2018-11-29,5.93,6.12,5.7408,6.05,23811.0
2018-11-30,6.14,6.1505,5.8,6.15,31757.0
2018-12-03,6.29,6.584,6.0,6.01,41215.0
2018-12-04,6.0,6.25,5.5,5.76,43141.0
2018-12-06,5.53,5.97,5.53,5.75,23901.0
2018-12-07,5.71,6.0,5.56,5.7,33117.0
2018-12-10,5.67,5.9,5.67,5.75,51248.0
2018-12-11,5.72,5.86,5.6,5.68,36312.0
2018-12-12,5.7,6.88,5.7,6.82,265441.0
2018-12-13,6.68,7.2,6.4,6.58,136853.0
2018-12-14,6.501,6.91,6.18,6.5,139118.0
2018-12-17,6.5,6.73,6.2,6.35,46237.0
2018-12-18,6.37,6.57,6.2,6.2,48284.0
2018-12-19,6.26,6.44,6.2,6.25,42856.0
2018-12-20,6.25,6.38,6.05,6.06,96271.0
2018-12-21,6.1,6.2,5.85,5.85,45572.0
2018-12-24,5.89,6.03,5.8,5.85,26222.0
2018-12-26,5.85,5.9,5.435,5.81,69260.0
2018-12-27,5.7,5.8,5.56,5.61,116437.0
2018-12-28,5.54,5.71,5.54,5.7,51583.0
2018-12-31,5.73,6.2,5.649,5.91,152464.0
2019-01-02,5.89,6.03,5.68,6.03,9851.0
2019-01-03,6.081,6.081,5.86,5.87,7120.0
2019-01-04,6.01,6.14,5.9,6.02,9131.0
2019-01-07,5.88,6.02,5.7,5.72,29132.0
2019-01-08,5.72,6.0,5.7,5.8,18883.0
2019-01-09,5.86,6.02,5.8,5.8,50285.0
2019-01-10,5.75,5.76,5.69,5.69,60208.0
2019-01-11,5.75,5.775,5.7,5.7,80224.0
2019-01-14,5.54,5.74,5.54,5.64,44787.0
2019-01-15,5.63,5.65,5.54,5.54,12335.0
2019-01-16,5.5,5.6,5.25,5.25,161484.0
2019-01-17,5.25,5.34,5.18,5.24,170324.0
2019-01-18,5.26,5.26,5.2,5.2,56853.0
2019-01-22,5.2,5.28,5.0,5.18,293394.0
2019-01-23,5.2,5.59,5.18,5.32,43177.0
2019-01-24,5.38,5.52,5.26,5.35,36163.0
2019-01-25,5.38,5.68,5.13,5.55,25796.0
2019-01-28,5.45,5.55,5.13,5.21,44011.0
2019-01-29,5.25,5.38,5.2,5.2,42142.0
2019-01-30,5.26,5.46,5.26,5.42,21150.0
2019-01-31,5.43,6.0,5.41,5.69,65446.0
2019-02-01,5.76,6.225,5.75,5.95,79267.0
2019-02-04,6.15,6.1703,5.9961,6.1,42801.0
2019-02-05,6.1,6.74,6.1,6.63,152946.0
2019-02-06,6.57,6.69,6.2506,6.4,36507.0
2019-02-07,6.37,6.37,6.21,6.31,40598.0
2019-02-08,6.2,6.4899,6.2,6.3,22388.0
2019-02-11,6.32,6.3318,6.14,6.2,32288.0
2019-02-12,6.26,6.292,6.15,6.15,31526.0
2019-02-13,6.21,6.467,6.15,6.15,113366.0
2019-02-14,6.15,6.25,6.15,6.24,24535.0
2019-02-15,6.15,6.34,6.15,6.21,19595.0
2019-02-19,6.22,6.45,6.22,6.3,34021.0
2019-02-20,6.28,6.42,6.26,6.42,24028.0
2019-02-21,6.31,6.3593,6.17,6.22,96063.0
2019-02-22,6.2813,6.6276,6.26,6.39,43090.0
2019-02-25,6.4,7.28,6.4,6.89,200632.0
2019-02-26,6.95,7.1,6.63,6.93,64161.0
2019-02-27,6.88,6.94,6.0,6.2,91318.0
2019-02-28,6.3,6.42,6.2,6.37,62559.0
2019-03-01,6.48,6.48,6.165,6.31,28983.0
2019-03-04,6.35,6.45,6.0,6.15,61270.0
2019-03-05,6.23,6.4188,6.01,6.15,98089.0
2019-03-06,6.08,6.35,6.02,6.13,70787.0
2019-03-07,6.09,6.24,5.7303,6.21,64158.0
2019-03-08,6.1,6.17,6.0,6.14,100919.0
2019-03-11,6.17,6.79,6.16,6.79,116806.0
2019-03-12,6.8,7.0,6.14,6.63,109980.0
2019-03-13,6.67,6.94,6.56,6.71,74656.0
2019-03-14,6.75,7.09,6.7335,7.02,112551.0
2019-03-15,7.09,7.1,6.8,6.83,89981.0
2019-03-18,7.09,7.0,6.8,6.85,51415.0
2019-03-19,6.95,7.0,6.8,6.87,133839.0
2019-03-20,6.85,6.99,6.68,6.77,196769.0
2019-03-21,6.7,7.0,6.7,6.96,209874.0
2019-03-22,6.89,7.0,6.86,6.97,180065.0
2019-03-25,6.98,6.99,6.57,6.77,200637.0
