
2019-03-19 10:00:00,13.14,13.14,13.09,13.14,1.0
2019-03-19 12:34:00,13.1299,13.1299,13.1299,13.1299,1450.0
2019-03-19 15:49:00,13.1192,13.1192,13.1192,13.1192,500.0
2019-03-19 15:57:00,13.1,13.105,13.1,13.105,443.0
2019-03-19 15:58:00,13.1,13.1,13.1,13.1,300.0
2019-03-19 16:00:00,13.1,13.1,13.1,13.1,100.0
2019-03-20 09:54:00,13.151,13.151,13.151,13.151,1.0
2019-03-20 11:04:00,13.19,13.199,13.1761,13.199,3701.0
2019-03-20 14:28:00,13.17,13.17,13.17,13.17,500.0
2019-03-20 15:12:00,13.17,13.17,13.17,13.17,1000.0
2019-03-20 15:14:00,13.17,13.1701,13.17,13.1701,1000.0
2019-03-20 15:15:00,13.17,13.17,13.17,13.17,100.0
2019-03-20 15:54:00,13.1852,13.1852,13.1852,13.1852,7040.0
2019-03-21 13:13:00,13.2475,13.2475,13.2475,13.2475,0.0
2019-03-21 14:12:00,13.247,13.247,13.247,13.247,200.0
2019-03-21 14:21:00,13.247,13.247,13.247,13.247,1000.0
2019-03-21 14:23:00,13.247,13.247,13.247,13.247,2000.0
2019-03-21 14:45:00,13.247,13.247,13.247,13.247,1000.0
2019-03-21 15:13:00,13.238,13.238,13.238,13.238,185.0
2019-03-21 16:00:00,13.22,13.22,13.22,13.22,3700.0
2019-03-22 09:35:00,13.335,13.335,13.335,13.335,600.0
2019-03-22 09:36:00,13.34,13.34,13.34,13.34,640.0
2019-03-22 09:51:00,13.3,13.3,13.3,13.3,290.0
2019-03-22 10:14:00,13.3367,13.3367,13.3367,13.3367,1000.0
2019-03-22 10:15:00,13.31,13.31,13.31,13.31,300.0
2019-03-22 10:35:00,13.3,13.3,13.3,13.3,1061.0
2019-03-22 11:01:00,13.32,13.32,13.32,13.32,103.0
2019-03-22 11:44:00,13.319,13.319,13.3138,13.3175,1400.0
2019-03-22 14:15:00,13.2996,13.2996,13.2996,13.2996,750.0
2019-03-22 15:49:00,13.2968,13.2968,13.2968,13.2968,1055.0
2019-03-25 09:32:00,13.3636,13.3636,13.3636,13.3636,0.0
2019-03-25 09:46:00,13.415,13.415,13.415,13.415,2009.0
2019-03-25 10:01:00,13.3585,13.3585,13.3585,13.3585,2762.0
2019-03-25 14:24:00,13.389,13.389,13.389,13.389,802.0
2019-03-25 15:25:00,13.37,13.37,13.37,13.37,300.0
2019-03-27 10:40:00,13.41,13.41,13.41,13.41,0.0
2019-03-27 13:01:00,13.4001,13.4001,13.4001,13.4001,417.0
2019-03-27 13:44:00,13.4001,13.4001,13.4001,13.4001,201.0
2019-03-27 14:28:00,13.4199,13.4199,13.4199,13.4199,1034.0
2019-03-27 14:35:00,13.4,13.403,13.4,13.4029,3200.0
2019-03-27 15:56:00,13.41,13.41,13.41,13.41,170.0
2019-03-28 09:31:00,13.41,13.41,13.41,13.41,0.0
2019-03-28 10:43:00,13.46,13.46,13.46,13.46,145.0
2019-03-28 11:09:00,13.4151,13.4151,13.4151,13.4151,1801.0
2019-03-28 11:37:00,13.4226,13.4226,13.4226,13.4226,100.0
2019-03-28 11:50:00,13.4,13.4059,13.4,13.4,1600.0
2019-03-28 13:07:00,13.4134,13.4134,13.4134,13.4134,750.0
2019-03-28 13:55:00,13.42,13.42,13.42,13.42,301.0
2019-03-28 15:39:00,13.41,13.42,13.41,13.4135,1398.0
2019-03-28 15:44:00,13.43,13.43,13.4257,13.4257,1944.0
2019-03-28 16:00:00,13.4,13.4,13.4,13.4,100.0
2019-03-29 10:38:00,13.4,13.4119,13.4,13.4119,0.0
2019-03-29 10:43:00,13.4,13.4001,13.4,13.4001,2000.0
2019-03-29 10:44:00,13.401,13.41,13.4,13.4,1087.0
2019-03-29 14:02:00,13.39,13.4,13.39,13.4,357.0
2019-03-29 15:48:00,13.411,13.411,13.41,13.41,656.0
2019-03-29 16:00:00,13.4,13.4,13.4,13.4,100.0
2019-04-01 09:31:00,13.46,13.46,13.46,13.46,0.0
2019-04-01 10:17:00,13.3662,13.3662,13.3662,13.3662,245.0
2019-04-01 11:23:00,13.3898,13.3898,13.3898,13.3898,246.0
2019-04-01 11:36:00,13.3932,13.3932,13.3932,13.3932,109.0
2019-04-01 11:39:00,13.385,13.385,13.385,13.385,202.0
2019-04-01 13:19:00,13.3936,13.3936,13.3936,13.3936,227.0
2019-04-01 14:23:00,13.3512,13.3512,13.3512,13.3512,900.0
2019-04-01 14:26:00,13.3813,13.3813,13.3813,13.3813,750.0
2019-04-01 14:36:00,13.371,13.371,13.371,13.371,300.0
2019-04-01 14:37:00,13.385,13.385,13.385,13.385,0.0
2019-04-02 10:01:00,13.4375,13.4375,13.4375,13.4375,332.0
2019-04-02 12:41:00,13.4375,13.4375,13.4375,13.4375,700.0
2019-04-02 12:45:00,13.44,13.44,13.44,13.44,1003.0
2019-04-02 14:30:00,13.44,13.44,13.44,13.44,100.0
2019-04-02 14:36:00,13.4624,13.4624,13.4624,13.4624,1687.0
2019-04-02 15:03:00,13.47,13.48,13.47,13.474,1706.0
2019-04-02 15:34:00,13.46,13.46,13.46,13.46,600.0
2019-04-02 15:35:00,13.4662,13.4662,13.4662,13.4662,400.0
2019-04-02 15:40:00,13.47,13.47,13.47,13.47,100.0
2019-04-02 15:55:00,13.47,13.47,13.47,13.47,400.0
2019-04-03 09:31:00,13.45,13.45,13.45,13.45,0.0
2019-04-03 11:32:00,13.4656,13.4656,13.4656,13.4656,301.0
2019-04-03 12:58:00,13.4786,13.4786,13.4786,13.4786,550.0
2019-04-03 14:22:00,13.5,13.5,13.5,13.5,1032.0
2019-04-03 15:10:00,13.451,13.478,13.451,13.478,698.0
2019-04-03 15:59:00,13.4649,13.4649,13.4649,13.4649,637.0
