
2019-03-19 09:31:00,12.46,12.46,12.46,12.46,0.0
2019-03-19 09:34:00,12.47,12.47,12.47,12.47,100.0
2019-03-19 10:36:00,12.435,12.435,12.435,12.435,151.0
2019-03-19 11:11:00,12.4001,12.4001,12.4001,12.4001,3800.0
2019-03-19 11:17:00,12.4452,12.4452,12.4452,12.4452,4000.0
2019-03-19 12:34:00,12.43,12.44,12.43,12.44,2446.0
2019-03-19 12:37:00,12.4499,12.45,12.4499,12.45,3700.0
2019-03-19 12:40:00,12.45,12.45,12.45,12.45,800.0
2019-03-19 12:44:00,12.4441,12.4441,12.4441,12.4441,560.0
2019-03-19 13:16:00,12.43,12.43,12.43,12.43,212.0
2019-03-19 13:21:00,12.4499,12.4499,12.4499,12.4499,2019.0
2019-03-19 13:43:00,12.455,12.455,12.455,12.455,704.0
2019-03-19 14:07:00,12.455,12.455,12.4525,12.4525,1526.0
2019-03-19 14:38:00,12.4401,12.4401,12.4401,12.4401,560.0
2019-03-19 15:17:00,12.47,12.47,12.47,12.47,490.0
2019-03-19 15:18:00,12.4623,12.4623,12.4623,12.4623,481.0
2019-03-19 15:37:00,12.4616,12.4616,12.4616,12.4616,1560.0
2019-03-19 15:56:00,12.44,12.44,12.44,12.44,100.0
2019-03-19 16:00:00,12.44,12.46,12.44,12.46,300.0
2019-03-20 09:32:00,12.47,12.47,12.47,12.47,0.0
2019-03-20 10:29:00,12.47,12.47,12.47,12.47,1600.0
2019-03-20 11:03:00,12.47,12.47,12.47,12.47,3481.0
2019-03-20 11:22:00,12.4664,12.4664,12.4664,12.4664,113.0
2019-03-20 12:43:00,12.46,12.46,12.46,12.46,100.0
2019-03-20 14:08:00,12.49,12.5,12.49,12.5,7000.0
2019-03-20 14:11:00,12.48,12.49,12.48,12.48,15174.0
2019-03-20 14:16:00,12.49,12.49,12.49,12.49,300.0
2019-03-20 14:17:00,12.49,12.49,12.49,12.49,500.0
2019-03-20 14:29:00,12.511,12.511,12.51,12.51,3250.0
2019-03-20 14:45:00,12.52,12.52,12.52,12.52,351.0
2019-03-20 14:53:00,12.5223,12.5223,12.5223,12.5223,3560.0
2019-03-20 15:21:00,12.501,12.501,12.501,12.501,906.0
2019-03-20 16:00:00,12.53,12.53,12.53,12.53,0.0
2019-03-21 09:46:00,12.56,12.56,12.56,12.56,100.0
2019-03-21 09:47:00,12.5319,12.5319,12.5319,12.5319,1000.0
2019-03-21 09:49:00,12.5407,12.5407,12.5407,12.5407,4700.0
2019-03-21 10:38:00,12.5321,12.5321,12.5321,12.5321,113.0
2019-03-21 10:39:00,12.53,12.53,12.53,12.53,823.0
2019-03-21 11:25:00,12.53,12.53,12.53,12.53,823.0
2019-03-21 12:35:00,12.517,12.517,12.517,12.517,1599.0
2019-03-21 12:50:00,12.52,12.52,12.52,12.52,10000.0
2019-03-21 13:05:00,12.5199,12.5199,12.51,12.51,6008.0
2019-03-21 13:44:00,12.5178,12.5178,12.5178,12.5178,701.0
2019-03-21 15:18:00,12.525,12.525,12.525,12.525,113.0
2019-03-21 15:24:00,12.511,12.511,12.511,12.511,113.0
2019-03-21 15:44:00,12.51,12.51,12.51,12.51,1175.0
2019-03-21 15:58:00,12.53,12.53,12.53,12.53,200.0
2019-03-22 09:43:00,12.56,12.56,12.56,12.56,0.0
2019-03-22 09:48:00,12.5828,12.5828,12.581,12.581,363.0
2019-03-22 10:16:00,12.58,12.58,12.58,12.58,400.0
2019-03-22 10:19:00,12.5948,12.5948,12.57,12.57,2900.0
2019-03-22 10:26:00,12.58,12.58,12.58,12.58,200.0
2019-03-22 10:36:00,12.56,12.56,12.56,12.56,848.0
2019-03-22 10:47:00,12.56,12.56,12.55,12.55,400.0
2019-03-22 10:56:00,12.54,12.54,12.54,12.54,12456.0
2019-03-22 10:59:00,12.54,12.54,12.54,12.54,100.0
2019-03-22 11:00:00,12.53,12.53,12.53,12.53,733.0
2019-03-22 11:50:00,12.55,12.55,12.545,12.545,1000.0
2019-03-22 12:08:00,12.5528,12.5528,12.5528,12.5528,609.0
2019-03-22 12:09:00,12.5599,12.5599,12.5599,12.5599,100.0
2019-03-22 12:10:00,12.56,12.56,12.56,12.56,613.0
2019-03-22 12:19:00,12.55,12.55,12.55,12.55,100.0
2019-03-22 12:41:00,12.56,12.56,12.545,12.545,1154.0
2019-03-22 12:56:00,12.5575,12.5575,12.5575,12.5575,100.0
2019-03-22 12:58:00,12.56,12.56,12.555,12.56,3747.0
2019-03-22 13:19:00,12.56,12.565,12.56,12.565,1057.0
2019-03-22 13:24:00,12.565,12.565,12.565,12.565,135.0
2019-03-22 13:54:00,12.5639,12.5639,12.55,12.55,5800.0
2019-03-22 14:54:00,12.5625,12.5625,12.5625,12.5625,1500.0
2019-03-22 15:10:00,12.56,12.56,12.56,12.56,140.0
2019-03-22 15:33:00,12.57,12.57,12.57,12.57,100.0
2019-03-22 15:37:00,12.575,12.575,12.5725,12.5725,889.0
2019-03-22 15:43:00,12.575,12.575,12.575,12.575,600.0
2019-03-22 15:44:00,12.5767,12.58,12.5767,12.58,2380.0
2019-03-22 15:59:00,12.58,12.58,12.58,12.58,181.0
2019-03-22 16:00:00,12.55,12.55,12.55,12.55,255.0
2019-03-25 09:36:00,12.55,12.55,12.55,12.55,0.0
2019-03-25 09:58:00,12.5685,12.5685,12.5685,12.5685,196.0
2019-03-25 10:18:00,12.57,12.57,12.57,12.57,4996.0
2019-03-25 10:43:00,12.575,12.575,12.575,12.575,130.0
2019-03-25 11:13:00,12.5686,12.5686,12.5686,12.5686,200.0
2019-03-25 11:14:00,12.5686,12.5686,12.5686,12.5686,100.0
2019-03-25 11:15:00,12.5686,12.5686,12.5686,12.5686,100.0
2019-03-25 11:20:00,12.567,12.567,12.567,12.567,1014.0
2019-03-25 13:31:00,12.5824,12.5824,12.5824,12.5824,550.0
2019-03-25 13:49:00,12.575,12.575,12.575,12.575,168.0
2019-03-25 14:07:00,12.5921,12.5921,12.5921,12.5921,800.0
2019-03-25 14:16:00,12.59,12.59,12.59,12.59,100.0
2019-03-25 14:18:00,12.6108,12.6108,12.6108,12.6108,2161.0
2019-03-25 16:00:00,12.61,12.61,12.61,12.61,0.0
2019-03-26 09:35:00,12.61,12.61,12.61,12.61,0.0
2019-03-26 10:05:00,12.609,12.61,12.609,12.61,1493.0
2019-03-26 10:23:00,12.63,12.63,12.63,12.63,2300.0
2019-03-26 10:30:00,12.62,12.62,12.62,12.62,100.0
2019-03-26 10:31:00,12.6336,12.6336,12.6336,12.6336,600.0
2019-03-26 10:34:00,12.6254,12.6254,12.6254,12.6254,560.0
2019-03-26 10:37:00,12.6214,12.6214,12.6214,12.6214,100.0
2019-03-26 10:49:00,12.64,12.64,12.6214,12.6214,468.0
2019-03-26 10:58:00,12.6214,12.6214,12.62,12.62,631.0
2019-03-26 11:00:00,12.62,12.62,12.62,12.62,200.0
2019-03-26 11:03:00,12.62,12.62,12.62,12.62,200.0
2019-03-26 11:45:00,12.6302,12.6302,12.6302,12.6302,1000.0
2019-03-26 12:08:00,12.64,12.64,12.6399,12.6399,700.0
2019-03-26 12:18:00,12.611,12.611,12.611,12.611,100.0
2019-03-26 12:22:00,12.625,12.625,12.625,12.625,269.0
2019-03-26 12:39:00,12.6354,12.6354,12.6354,12.6354,400.0
2019-03-26 13:19:00,12.625,12.625,12.625,12.625,153.0
2019-03-26 13:52:00,12.625,12.625,12.625,12.625,500.0
2019-03-26 13:54:00,12.6288,12.6288,12.6288,12.6288,3000.0
2019-03-26 14:21:00,12.61,12.61,12.61,12.61,0.0
2019-03-26 14:23:00,12.61,12.61,12.61,12.61,2536.0
2019-03-26 14:53:00,12.6354,12.6354,12.6354,12.6354,314.0
2019-03-26 15:32:00,12.639,12.639,12.639,12.639,100.0
2019-03-26 15:54:00,12.6399,12.6399,12.6399,12.6399,415.0
2019-03-26 15:57:00,12.64,12.64,12.64,12.64,1975.0
2019-03-26 15:59:00,12.62,12.62,12.62,12.62,300.0
2019-03-26 16:00:00,12.61,12.63,12.61,12.61,0.0
2019-03-27 11:17:00,12.6628,12.6628,12.6201,12.6371,0.0
2019-03-27 11:33:00,12.6695,12.6695,12.6695,12.6695,212.0
2019-03-27 11:40:00,12.66,12.67,12.66,12.67,5557.0
2019-03-27 11:49:00,12.67,12.67,12.67,12.67,100.0
2019-03-27 11:56:00,12.67,12.67,12.67,12.67,100.0
2019-03-27 12:05:00,12.67,12.6708,12.67,12.6708,3500.0
2019-03-27 12:07:00,12.67,12.6701,12.67,12.6701,1600.0
2019-03-27 12:17:00,12.67,12.67,12.67,12.67,339.0
2019-03-27 12:20:00,12.67,12.67,12.67,12.67,100.0
2019-03-27 12:26:00,12.68,12.69,12.6721,12.6721,4100.0
2019-03-27 14:15:00,12.671,12.671,12.67,12.671,789.0
2019-03-27 14:16:00,12.671,12.671,12.67,12.67,1300.0
2019-03-27 14:42:00,12.6714,12.6714,12.67,12.67,1335.0
2019-03-27 14:51:00,12.6797,12.6797,12.6797,12.6797,200.0
2019-03-27 15:56:00,12.65,12.65,12.64,12.64,210.0
2019-03-27 16:00:00,12.68,12.68,12.68,12.68,195.0
2019-03-28 09:31:00,12.64,12.64,12.64,12.64,0.0
2019-03-28 10:08:00,12.6717,12.6717,12.6717,12.6717,112.0
2019-03-28 10:14:00,12.64,12.6566,12.62,12.6566,12098.0
2019-03-28 10:51:00,12.6479,12.6479,12.62,12.62,439.0
2019-03-28 11:02:00,12.62,12.62,12.62,12.62,101.0
2019-03-28 11:11:00,12.6479,12.6479,12.635,12.635,201.0
2019-03-28 12:11:00,12.62,12.62,12.62,12.62,543.0
2019-03-28 12:32:00,12.6236,12.6237,12.62,12.6237,1927.0
2019-03-28 12:37:00,12.62,12.62,12.62,12.62,139.0
2019-03-28 13:25:00,12.62,12.62,12.62,12.62,1114.0
2019-03-28 13:55:00,12.63,12.63,12.63,12.63,205.0
2019-03-28 14:05:00,12.64,12.65,12.63,12.64,2019.0
2019-03-28 14:06:00,12.64,12.64,12.64,12.64,300.0
2019-03-28 16:00:00,12.64,12.64,12.64,12.64,556.0
2019-03-29 09:31:00,12.63,12.63,12.63,12.63,0.0
2019-03-29 09:33:00,12.64,12.64,12.63,12.63,1505.0
2019-03-29 10:04:00,12.67,12.7,12.67,12.7,12700.0
2019-03-29 10:13:00,12.7,12.7,12.7,12.7,2001.0
2019-03-29 12:20:00,12.65,12.65,12.65,12.65,100.0
2019-03-29 13:04:00,12.6969,12.6969,12.6969,12.6969,800.0
2019-03-29 14:06:00,12.6762,12.6762,12.6762,12.6762,900.0
2019-03-29 14:45:00,12.7,12.7,12.7,12.7,200.0
2019-03-29 14:54:00,12.68,12.68,12.68,12.68,489.0
2019-03-29 15:48:00,12.6999,12.6999,12.6999,12.6999,527.0
2019-03-29 15:58:00,12.7,12.7,12.7,12.7,317.0
2019-03-29 15:59:00,12.69,12.6901,12.69,12.6901,905.0
2019-03-29 16:00:00,12.7,12.7,12.7,12.7,300.0
2019-04-01 09:33:00,12.7397,12.7397,12.7397,12.7397,0.0
2019-04-01 09:34:00,12.7201,12.7201,12.7201,12.7201,1156.0
2019-04-01 09:38:00,12.7201,12.7201,12.7201,12.7201,310.0
2019-04-01 09:43:00,12.7201,12.7201,12.7201,12.7201,281.0
2019-04-01 09:46:00,12.721,12.721,12.721,12.721,1180.0
2019-04-01 09:50:00,12.7201,12.7201,12.7201,12.7201,880.0
2019-04-01 09:53:00,12.7201,12.7201,12.7201,12.7201,282.0
2019-04-01 09:55:00,12.7201,12.7201,12.7201,12.7201,281.0
2019-04-01 09:56:00,12.7201,12.7201,12.7201,12.7201,280.0
2019-04-01 10:02:00,12.7201,12.7201,12.7201,12.7201,846.0
2019-04-01 10:05:00,12.7201,12.7201,12.7201,12.7201,576.0
2019-04-01 10:18:00,12.741,12.741,12.7301,12.7301,1289.0
2019-04-01 10:28:00,12.7301,12.7301,12.7301,12.7301,281.0
2019-04-01 10:33:00,12.7201,12.7201,12.7201,12.7201,718.0
2019-04-01 10:34:00,12.7293,12.7293,12.7293,12.7293,1910.0
2019-04-01 10:35:00,12.72,12.72,12.72,12.72,2550.0
2019-04-01 10:36:00,12.72,12.72,12.72,12.72,1250.0
2019-04-01 10:49:00,12.72,12.73,12.72,12.73,244.0
2019-04-01 11:16:00,12.72,12.72,12.72,12.72,100.0
2019-04-01 11:50:00,12.73,12.73,12.73,12.73,2001.0
2019-04-01 11:57:00,12.73,12.73,12.73,12.73,411.0
2019-04-01 12:08:00,12.73,12.73,12.73,12.73,1770.0
2019-04-01 13:04:00,12.74,12.74,12.73,12.73,1590.0
2019-04-01 13:36:00,12.73,12.73,12.73,12.73,201.0
2019-04-01 14:05:00,12.7335,12.7335,12.73,12.73,463.0
2019-04-01 14:44:00,12.7335,12.7335,12.7335,12.7335,1002.0
2019-04-01 14:53:00,12.7399,12.7399,12.7399,12.7399,831.0
2019-04-01 15:19:00,12.74,12.74,12.74,12.74,1535.0
2019-04-01 15:27:00,12.7333,12.7333,12.7333,12.7333,1000.0
2019-04-01 15:31:00,12.73,12.73,12.73,12.73,2100.0
2019-04-01 15:38:00,12.735,12.735,12.735,12.735,982.0
2019-04-01 16:00:00,12.73,12.73,12.73,12.73,224.0
2019-04-02 09:31:00,12.79,12.79,12.79,12.79,0.0
2019-04-02 09:32:00,12.75,12.75,12.75,12.75,151.0
2019-04-02 10:00:00,12.76,12.76,12.76,12.76,272.0
2019-04-02 10:01:00,12.753,12.753,12.753,12.753,400.0
2019-04-02 11:11:00,12.7514,12.7514,12.7514,12.7514,113.0
2019-04-02 11:24:00,12.75,12.75,12.75,12.75,454.0
2019-04-02 12:38:00,12.75,12.7502,12.75,12.75,3990.0
2019-04-02 13:47:00,12.7501,12.7501,12.7501,12.7501,356.0
2019-04-02 15:00:00,12.7449,12.7449,12.7449,12.7449,415.0
2019-04-03 09:31:00,12.81,12.81,12.81,12.81,0.0
2019-04-03 09:49:00,12.75,12.75,12.75,12.75,3205.0
2019-04-03 09:58:00,12.73,12.73,12.723,12.73,2500.0
2019-04-03 09:59:00,12.724,12.724,12.724,12.724,4702.0
2019-04-03 10:01:00,12.73,12.73,12.73,12.73,200.0
2019-04-03 10:29:00,12.73,12.73,12.73,12.73,404.0
2019-04-03 10:34:00,12.7383,12.7383,12.7383,12.7383,1415.0
2019-04-03 11:30:00,12.7419,12.7419,12.7419,12.7419,1781.0
2019-04-03 11:49:00,12.7319,12.7319,12.7319,12.7319,2112.0
2019-04-03 12:09:00,12.72,12.72,12.72,12.72,220.0
2019-04-03 12:21:00,12.735,12.735,12.735,12.735,395.0
2019-04-03 12:32:00,12.735,12.735,12.735,12.735,100.0
2019-04-03 13:20:00,12.749,12.749,12.7475,12.7475,519.0
2019-04-03 14:10:00,12.7221,12.735,12.72,12.72,2450.0
2019-04-03 14:56:00,12.75,12.75,12.75,12.75,100.0
2019-04-03 14:59:00,12.75,12.75,12.75,12.75,100.0
2019-04-03 15:01:00,12.75,12.75,12.75,12.75,100.0
2019-04-03 15:04:00,12.75,12.75,12.75,12.75,100.0
2019-04-03 15:07:00,12.75,12.75,12.75,12.75,100.0
2019-04-03 15:09:00,12.75,12.75,12.75,12.75,100.0
2019-04-03 15:12:00,12.75,12.75,12.75,12.75,100.0
2019-04-03 15:14:00,12.75,12.75,12.75,12.75,100.0
2019-04-03 15:17:00,12.75,12.75,12.75,12.75,100.0
2019-04-03 15:19:00,12.75,12.75,12.75,12.75,100.0
2019-04-03 15:22:00,12.75,12.75,12.75,12.75,100.0
2019-04-03 15:25:00,12.75,12.75,12.75,12.75,100.0
2019-04-03 15:27:00,12.75,12.75,12.75,12.75,100.0
2019-04-03 15:30:00,12.75,12.75,12.75,12.75,100.0
2019-04-03 15:32:00,12.75,12.75,12.75,12.75,100.0
2019-04-03 15:35:00,12.75,12.75,12.75,12.75,100.0
2019-04-03 15:37:00,12.75,12.75,12.75,12.75,347.0
2019-04-03 15:40:00,12.75,12.75,12.75,12.75,100.0
2019-04-03 15:42:00,12.75,12.75,12.75,12.75,750.0
2019-04-03 15:51:00,12.749,12.75,12.749,12.75,1978.0
2019-04-03 15:57:00,12.75,12.75,12.75,12.75,326.0
2019-04-03 15:58:00,12.76,12.76,12.75,12.75,803.0
2019-04-03 16:00:00,12.76,12.76,12.76,12.76,150.0
