
2019-03-19 09:31:00,14.07,14.07,14.07,14.07,0.0
2019-03-19 09:34:00,14.0565,14.0565,14.0565,14.0565,100.0
2019-03-19 09:36:00,14.03,14.03,14.03,14.03,100.0
2019-03-19 09:37:00,14.08,14.08,14.08,14.08,4160.0
2019-03-19 09:38:00,14.08,14.08,14.08,14.08,917.0
2019-03-19 09:42:00,14.1,14.1,14.1,14.1,500.0
2019-03-19 09:45:00,14.07,14.07,14.07,14.07,700.0
2019-03-19 09:46:00,14.07,14.07,14.07,14.07,660.0
2019-03-19 09:48:00,14.06,14.06,14.06,14.06,100.0
2019-03-19 09:51:00,14.07,14.07,14.07,14.07,300.0
2019-03-19 09:52:00,14.06,14.06,14.06,14.06,1020.0
2019-03-19 09:54:00,14.06,14.07,14.06,14.07,1861.0
2019-03-19 09:58:00,14.09,14.09,14.09,14.09,2800.0
2019-03-19 09:59:00,14.08,14.08,14.08,14.08,2200.0
2019-03-19 10:01:00,14.09,14.09,14.09,14.09,2300.0
2019-03-19 10:04:00,14.1,14.1,14.1,14.1,2800.0
2019-03-19 10:05:00,14.09,14.09,14.09,14.09,4000.0
2019-03-19 10:09:00,14.09,14.09,14.09,14.09,3099.0
2019-03-19 10:10:00,14.1,14.1,14.1,14.1,17187.0
2019-03-19 10:12:00,14.1,14.1,14.1,14.1,12213.0
2019-03-19 10:15:00,14.095,14.095,14.095,14.095,2000.0
2019-03-19 10:16:00,14.095,14.095,14.095,14.095,2517.0
2019-03-19 10:20:00,14.0966,14.0966,14.0966,14.0966,2700.0
2019-03-19 10:23:00,14.0999,14.0999,14.0999,14.0999,1500.0
2019-03-19 10:25:00,14.09,14.09,14.09,14.09,1300.0
2019-03-19 10:27:00,14.09,14.09,14.09,14.09,1140.0
2019-03-19 10:28:00,14.0922,14.0922,14.0922,14.0922,1860.0
2019-03-19 10:31:00,14.1,14.1,14.1,14.1,1170.0
2019-03-19 10:34:00,14.0974,14.0974,14.0974,14.0974,2150.0
2019-03-19 10:36:00,14.09,14.09,14.09,14.09,300.0
2019-03-19 10:37:00,14.09,14.09,14.09,14.09,200.0
2019-03-19 10:39:00,14.09,14.09,14.09,14.09,2050.0
2019-03-19 10:40:00,14.1,14.1,14.1,14.1,7074.0
2019-03-19 10:41:00,14.13,14.13,14.13,14.13,4051.0
2019-03-19 10:43:00,14.12,14.12,14.12,14.12,153.0
2019-03-19 10:47:00,14.1355,14.1355,14.1355,14.1355,2500.0
2019-03-19 10:49:00,14.13,14.13,14.13,14.13,2385.0
2019-03-19 10:51:00,14.1099,14.1099,14.1099,14.1099,1709.0
2019-03-19 10:54:00,14.11,14.11,14.11,14.11,4791.0
2019-03-19 10:56:00,14.11,14.11,14.11,14.11,100.0
2019-03-19 10:57:00,14.11,14.11,14.11,14.11,640.0
2019-03-19 10:59:00,14.11,14.11,14.11,14.11,500.0
2019-03-19 11:00:00,14.11,14.11,14.11,14.11,1700.0
2019-03-19 11:02:00,14.1,14.1,14.1,14.1,1200.0
2019-03-19 11:04:00,14.1,14.1,14.1,14.1,2300.0
2019-03-19 11:05:00,14.11,14.11,14.11,14.11,200.0
2019-03-19 11:07:00,14.1,14.1,14.1,14.1,1903.0
2019-03-19 11:08:00,14.1,14.1,14.1,14.1,200.0
2019-03-19 11:10:00,14.1,14.11,14.1,14.11,7966.0
2019-03-19 11:13:00,14.11,14.11,14.11,14.11,500.0
2019-03-19 11:14:00,14.1199,14.1199,14.1199,14.1199,275.0
2019-03-19 11:16:00,14.12,14.12,14.12,14.12,600.0
2019-03-19 11:19:00,14.13,14.13,14.13,14.13,1000.0
2019-03-19 11:26:00,14.13,14.13,14.13,14.13,200.0
2019-03-19 11:30:00,14.1337,14.1337,14.1337,14.1337,800.0
2019-03-19 11:34:00,14.13,14.13,14.13,14.13,3400.0
2019-03-19 11:35:00,14.13,14.13,14.13,14.13,100.0
2019-03-19 11:37:00,14.14,14.14,14.14,14.14,2500.0
2019-03-19 11:39:00,14.14,14.14,14.13,14.13,1831.0
2019-03-19 11:47:00,14.13,14.13,14.13,14.13,300.0
2019-03-19 11:49:00,14.13,14.13,14.13,14.13,100.0
2019-03-19 11:50:00,14.136,14.136,14.136,14.136,1020.0
2019-03-19 11:52:00,14.14,14.14,14.14,14.14,300.0
2019-03-19 11:54:00,14.15,14.15,14.15,14.15,3940.0
2019-03-19 11:55:00,14.15,14.15,14.15,14.15,2400.0
2019-03-19 11:58:00,14.16,14.16,14.16,14.16,949.0
2019-03-19 12:00:00,14.1501,14.1501,14.1501,14.1501,1200.0
2019-03-19 12:04:00,14.153,14.153,14.153,14.153,1850.0
2019-03-19 12:07:00,14.1501,14.1501,14.1501,14.1501,7041.0
2019-03-19 12:10:00,14.15,14.15,14.15,14.15,301.0
2019-03-19 12:12:00,14.15,14.15,14.15,14.15,200.0
2019-03-19 12:13:00,14.16,14.18,14.16,14.18,3200.0
2019-03-19 12:17:00,14.17,14.17,14.1669,14.1669,8183.0
2019-03-19 12:21:00,14.1501,14.1501,14.1501,14.1501,1215.0
2019-03-19 12:24:00,14.15,14.15,14.15,14.15,1335.0
2019-03-19 12:25:00,14.15,14.15,14.15,14.15,1100.0
2019-03-19 12:27:00,14.1575,14.1575,14.1575,14.1575,1001.0
2019-03-19 12:31:00,14.15,14.15,14.15,14.15,1859.0
2019-03-19 12:33:00,14.15,14.15,14.15,14.15,200.0
2019-03-19 12:34:00,14.15,14.15,14.15,14.15,516.0
2019-03-19 12:36:00,14.15,14.15,14.15,14.15,200.0
2019-03-19 12:37:00,14.15,14.15,14.15,14.15,100.0
2019-03-19 12:39:00,14.15,14.15,14.15,14.15,100.0
2019-03-19 12:40:00,14.15,14.15,14.15,14.15,670.0
2019-03-19 12:42:00,14.14,14.14,14.14,14.14,2826.0
2019-03-19 12:44:00,14.145,14.145,14.145,14.145,1400.0
2019-03-19 12:45:00,14.145,14.145,14.145,14.145,100.0
2019-03-19 12:46:00,14.15,14.15,14.15,14.15,674.0
2019-03-19 12:47:00,14.14,14.14,14.14,14.14,100.0
2019-03-19 12:48:00,14.14,14.14,14.14,14.14,554.0
2019-03-19 12:51:00,14.11,14.11,14.11,14.11,5946.0
2019-03-19 12:53:00,14.11,14.11,14.11,14.11,600.0
2019-03-19 12:54:00,14.1199,14.1199,14.1199,14.1199,2612.0
2019-03-19 13:00:00,14.14,14.14,14.14,14.14,678.0
2019-03-19 13:04:00,14.15,14.15,14.15,14.15,100.0
2019-03-19 13:08:00,14.1357,14.1357,14.1357,14.1357,1403.0
2019-03-19 13:10:00,14.13,14.13,14.13,14.13,200.0
2019-03-19 13:12:00,14.13,14.13,14.13,14.13,100.0
2019-03-19 13:13:00,14.13,14.13,14.13,14.13,449.0
2019-03-19 13:16:00,14.13,14.13,14.13,14.13,2500.0
2019-03-19 13:17:00,14.13,14.13,14.13,14.13,100.0
2019-03-19 13:19:00,14.13,14.13,14.13,14.13,200.0
2019-03-19 13:20:00,14.13,14.13,14.13,14.13,100.0
2019-03-19 13:23:00,14.13,14.13,14.13,14.13,1668.0
2019-03-19 13:26:00,14.13,14.13,14.13,14.13,200.0
2019-03-19 13:27:00,14.13,14.13,14.13,14.13,100.0
2019-03-19 13:29:00,14.125,14.125,14.125,14.125,300.0
2019-03-19 13:33:00,14.1498,14.1498,14.1498,14.1498,1900.0
2019-03-19 13:34:00,14.149,14.149,14.149,14.149,1100.0
2019-03-19 13:35:00,14.13,14.13,14.13,14.13,100.0
2019-03-19 13:42:00,14.14,14.14,14.14,14.14,1062.0
2019-03-19 13:43:00,14.14,14.14,14.14,14.14,700.0
2019-03-19 13:44:00,14.13,14.13,14.13,14.13,300.0
2019-03-19 13:48:00,14.1299,14.1299,14.1299,14.1299,3487.0
2019-03-19 13:51:00,14.13,14.13,14.13,14.13,1315.0
2019-03-19 13:54:00,14.1336,14.1336,14.1336,14.1336,360.0
2019-03-19 14:01:00,14.13,14.13,14.13,14.13,326.0
2019-03-19 14:02:00,14.14,14.14,14.14,14.14,175.0
2019-03-19 14:03:00,14.13,14.13,14.13,14.13,200.0
2019-03-19 14:05:00,14.13,14.13,14.13,14.13,276.0
2019-03-19 14:07:00,14.13,14.13,14.13,14.13,800.0
2019-03-19 14:09:00,14.13,14.13,14.13,14.13,1046.0
2019-03-19 14:13:00,14.1143,14.1143,14.1143,14.1143,1200.0
2019-03-19 14:18:00,14.11,14.11,14.11,14.11,326.0
2019-03-19 14:20:00,14.11,14.11,14.11,14.11,380.0
2019-03-19 14:22:00,14.11,14.11,14.11,14.11,200.0
2019-03-19 14:24:00,14.11,14.11,14.11,14.11,200.0
2019-03-19 14:25:00,14.1199,14.1199,14.1199,14.1199,1275.0
2019-03-19 14:27:00,14.11,14.11,14.11,14.11,300.0
2019-03-19 14:28:00,14.11,14.11,14.11,14.11,1400.0
2019-03-19 14:31:00,14.11,14.11,14.11,14.11,100.0
2019-03-19 14:33:00,14.11,14.11,14.11,14.11,200.0
2019-03-19 14:35:00,14.11,14.11,14.11,14.11,900.0
2019-03-19 14:37:00,14.11,14.11,14.11,14.11,200.0
2019-03-19 14:39:00,14.12,14.12,14.1152,14.1152,1109.0
2019-03-19 14:43:00,14.11,14.11,14.11,14.11,397.0
2019-03-19 14:44:00,14.11,14.11,14.11,14.11,100.0
2019-03-19 14:48:00,14.12,14.12,14.12,14.12,400.0
2019-03-19 14:49:00,14.115,14.115,14.115,14.115,600.0
2019-03-19 14:50:00,14.12,14.12,14.12,14.12,400.0
2019-03-19 14:51:00,14.12,14.12,14.12,14.12,400.0
2019-03-19 14:52:00,14.12,14.12,14.12,14.12,100.0
2019-03-19 14:53:00,14.11,14.11,14.11,14.11,1449.0
2019-03-19 14:54:00,14.115,14.115,14.115,14.115,965.0
2019-03-19 14:55:00,14.11,14.11,14.11,14.11,1600.0
2019-03-19 14:56:00,14.11,14.11,14.11,14.11,3458.0
2019-03-19 14:58:00,14.11,14.11,14.11,14.11,300.0
2019-03-19 15:00:00,14.11,14.11,14.11,14.11,100.0
2019-03-19 15:04:00,14.11,14.11,14.11,14.11,1100.0
2019-03-19 15:05:00,14.11,14.11,14.11,14.11,100.0
2019-03-19 15:07:00,14.11,14.11,14.11,14.11,9300.0
2019-03-19 15:08:00,14.12,14.12,14.12,14.12,800.0
2019-03-19 15:09:00,14.12,14.12,14.12,14.12,663.0
2019-03-19 15:10:00,14.11,14.11,14.11,14.11,744.0
2019-03-19 15:11:00,14.11,14.11,14.11,14.11,267.0
2019-03-19 15:13:00,14.12,14.12,14.12,14.12,2312.0
2019-03-19 15:14:00,14.12,14.12,14.11,14.11,3860.0
2019-03-19 15:15:00,14.11,14.11,14.11,14.11,900.0
2019-03-19 15:19:00,14.11,14.11,14.11,14.11,100.0
2019-03-19 15:20:00,14.12,14.12,14.12,14.12,400.0
2019-03-19 15:22:00,14.12,14.12,14.12,14.12,600.0
2019-03-19 15:23:00,14.12,14.12,14.12,14.12,600.0
2019-03-19 15:25:00,14.11,14.11,14.11,14.11,1360.0
2019-03-19 15:26:00,14.11,14.11,14.11,14.11,1400.0
2019-03-19 15:27:00,14.11,14.11,14.11,14.11,1321.0
2019-03-19 15:29:00,14.11,14.1118,14.11,14.11,4200.0
2019-03-19 15:32:00,14.11,14.11,14.11,14.11,5638.0
2019-03-19 15:33:00,14.0965,14.0965,14.0965,14.0965,3625.0
2019-03-19 15:36:00,14.083,14.083,14.083,14.083,2166.0
2019-03-19 15:37:00,14.09,14.09,14.09,14.09,2915.0
2019-03-19 15:39:00,14.095,14.095,14.095,14.095,937.0
2019-03-19 15:44:00,14.1,14.1,14.1,14.1,500.0
2019-03-19 15:45:00,14.09,14.09,14.09,14.09,1300.0
2019-03-19 15:46:00,14.09,14.09,14.09,14.09,3019.0
2019-03-19 15:47:00,14.0941,14.0941,14.0941,14.0941,3968.0
2019-03-19 15:48:00,14.1,14.1,14.1,14.1,1100.0
2019-03-19 15:49:00,14.1,14.1,14.1,14.1,2300.0
2019-03-19 15:50:00,14.1,14.1,14.1,14.1,3220.0
2019-03-19 15:51:00,14.11,14.11,14.11,14.11,7089.0
2019-03-19 15:52:00,14.11,14.11,14.11,14.11,1100.0
2019-03-19 15:53:00,14.1,14.1,14.1,14.1,6840.0
2019-03-19 15:54:00,14.1,14.1,14.1,14.1,8703.0
2019-03-19 15:55:00,14.1,14.1,14.1,14.1,1000.0
2019-03-19 15:57:00,14.1,14.11,14.1,14.11,3569.0
2019-03-19 15:58:00,14.1,14.1,14.1,14.1,1400.0
2019-03-19 15:59:00,14.095,14.095,14.095,14.095,6510.0
2019-03-20 09:31:00,14.09,14.09,14.09,14.09,0.0
2019-03-20 09:33:00,14.0943,14.0943,14.0943,14.0943,3935.0
2019-03-20 09:38:00,14.063,14.063,14.063,14.063,1473.0
2019-03-20 09:54:00,14.065,14.065,14.065,14.065,200.0
2019-03-20 09:56:00,14.07,14.07,14.07,14.07,300.0
2019-03-20 09:57:00,14.07,14.07,14.07,14.07,100.0
2019-03-20 09:59:00,14.08,14.08,14.08,14.08,1416.0
2019-03-20 10:10:00,14.06,14.06,14.06,14.06,500.0
2019-03-20 10:11:00,14.06,14.06,14.06,14.06,400.0
2019-03-20 10:14:00,14.04,14.04,14.04,14.04,1121.0
2019-03-20 10:19:00,14.0424,14.0424,14.0424,14.0424,1800.0
2019-03-20 10:20:00,14.05,14.05,14.05,14.05,616.0
2019-03-20 10:33:00,14.05,14.05,14.05,14.05,1105.0
2019-03-20 10:34:00,14.08,14.08,14.08,14.08,801.0
2019-03-20 10:44:00,14.08,14.08,14.08,14.08,100.0
2019-03-20 10:46:00,14.09,14.09,14.09,14.09,212.0
2019-03-20 10:48:00,14.0841,14.0841,14.0841,14.0841,362.0
2019-03-20 10:50:00,14.09,14.09,14.09,14.09,100.0
2019-03-20 10:55:00,14.09,14.09,14.09,14.09,249.0
2019-03-20 10:56:00,14.1,14.1,14.1,14.1,300.0
2019-03-20 10:57:00,14.1,14.1,14.1,14.1,500.0
2019-03-20 11:00:00,14.1,14.1,14.1,14.1,925.0
2019-03-20 11:04:00,14.095,14.095,14.095,14.095,1234.0
2019-03-20 11:07:00,14.1,14.1,14.1,14.1,100.0
2019-03-20 11:08:00,14.1,14.1,14.1,14.1,692.0
2019-03-20 11:18:00,14.1,14.1,14.1,14.1,100.0
2019-03-20 11:19:00,14.1,14.1,14.1,14.1,903.0
2019-03-20 11:20:00,14.1003,14.11,14.0901,14.11,1143.0
2019-03-20 11:21:00,14.12,14.12,14.12,14.12,100.0
2019-03-20 11:24:00,14.12,14.12,14.12,14.12,1919.0
2019-03-20 11:26:00,14.11,14.12,14.11,14.12,1100.0
2019-03-20 11:27:00,14.1,14.1,14.1,14.1,2300.0
2019-03-20 11:29:00,14.0963,14.1,14.0963,14.1,2101.0
2019-03-20 11:32:00,14.0901,14.0901,14.0901,14.0901,150.0
2019-03-20 11:33:00,14.095,14.095,14.095,14.095,1350.0
2019-03-20 11:34:00,14.095,14.095,14.095,14.095,200.0
2019-03-20 11:35:00,14.1,14.1,14.1,14.1,1095.0
2019-03-20 11:42:00,14.1,14.1,14.1,14.1,100.0
2019-03-20 11:45:00,14.0964,14.0964,14.0964,14.0964,582.0
2019-03-20 11:48:00,14.0999,14.0999,14.0999,14.0999,670.0
2019-03-20 11:49:00,14.09,14.09,14.0899,14.0899,937.0
2019-03-20 11:50:00,14.09,14.09,14.09,14.09,1137.0
2019-03-20 11:51:00,14.0916,14.0916,14.0916,14.0916,680.0
2019-03-20 11:53:00,14.0903,14.0903,14.0903,14.0903,425.0
2019-03-20 11:58:00,14.085,14.085,14.085,14.085,164.0
2019-03-20 12:08:00,14.0855,14.0855,14.0855,14.0855,320.0
2019-03-20 12:22:00,14.08,14.08,14.08,14.08,750.0
2019-03-20 12:25:00,14.09,14.09,14.09,14.09,1070.0
2019-03-20 12:33:00,14.07,14.07,14.07,14.07,600.0
2019-03-20 12:45:00,14.0639,14.0639,14.0639,14.0639,1200.0
2019-03-20 12:46:00,14.0673,14.0673,14.0673,14.0673,400.0
2019-03-20 12:48:00,14.07,14.07,14.07,14.07,600.0
2019-03-20 12:49:00,14.06,14.06,14.06,14.06,250.0
2019-03-20 12:50:00,14.08,14.08,14.08,14.08,100.0
2019-03-20 12:51:00,14.09,14.09,14.09,14.09,100.0
2019-03-20 12:54:00,14.0864,14.0864,14.0864,14.0864,564.0
2019-03-20 12:55:00,14.09,14.09,14.08,14.08,1200.0
2019-03-20 12:57:00,14.08,14.08,14.08,14.08,2739.0
2019-03-20 12:58:00,14.08,14.08,14.08,14.08,501.0
2019-03-20 12:59:00,14.08,14.08,14.08,14.08,100.0
2019-03-20 13:00:00,14.08,14.08,14.08,14.08,202.0
2019-03-20 13:07:00,14.085,14.09,14.085,14.09,400.0
2019-03-20 13:08:00,14.09,14.09,14.09,14.09,1200.0
2019-03-20 13:15:00,14.0888,14.0888,14.0888,14.0888,500.0
2019-03-20 13:16:00,14.085,14.085,14.085,14.085,1200.0
2019-03-20 13:17:00,14.085,14.085,14.085,14.085,2630.0
2019-03-20 13:18:00,14.08,14.08,14.08,14.08,100.0
2019-03-20 13:19:00,14.08,14.08,14.08,14.08,400.0
2019-03-20 13:20:00,14.085,14.085,14.085,14.085,100.0
2019-03-20 13:21:00,14.08,14.09,14.08,14.08,400.0
2019-03-20 13:23:00,14.08,14.08,14.08,14.08,575.0
2019-03-20 13:27:00,14.08,14.08,14.08,14.08,366.0
2019-03-20 13:33:00,14.08,14.08,14.08,14.08,800.0
2019-03-20 13:40:00,14.08,14.08,14.08,14.08,600.0
2019-03-20 13:42:00,14.08,14.08,14.08,14.08,100.0
2019-03-20 13:43:00,14.075,14.075,14.075,14.075,200.0
2019-03-20 13:44:00,14.075,14.075,14.075,14.075,1100.0
2019-03-20 13:45:00,14.08,14.08,14.08,14.08,100.0
2019-03-20 13:46:00,14.09,14.09,14.09,14.09,1050.0
2019-03-20 13:47:00,14.08,14.08,14.075,14.075,675.0
2019-03-20 13:52:00,14.075,14.075,14.075,14.075,100.0
2019-03-20 13:55:00,14.075,14.075,14.075,14.075,362.0
2019-03-20 13:56:00,14.08,14.08,14.08,14.08,100.0
2019-03-20 13:58:00,14.0745,14.0745,14.0745,14.0745,400.0
2019-03-20 14:00:00,14.08,14.08,14.08,14.08,440.0
2019-03-20 14:01:00,14.09,14.09,14.09,14.09,973.0
2019-03-20 14:02:00,14.1,14.1,14.1,14.1,1380.0
2019-03-20 14:03:00,14.1,14.1,14.1,14.1,3631.0
2019-03-20 14:04:00,14.09,14.1,14.09,14.1,1381.0
2019-03-20 14:05:00,14.1,14.1,14.0995,14.1,13030.0
2019-03-20 14:06:00,14.1,14.13,14.1,14.13,15643.0
2019-03-20 14:07:00,14.12,14.12,14.12,14.12,1655.0
2019-03-20 14:08:00,14.11,14.11,14.11,14.11,1200.0
2019-03-20 14:09:00,14.11,14.11,14.11,14.11,2806.0
2019-03-20 14:11:00,14.12,14.12,14.12,14.12,6600.0
2019-03-20 14:12:00,14.1195,14.1195,14.1195,14.1195,2800.0
2019-03-20 14:13:00,14.12,14.12,14.12,14.12,1000.0
2019-03-20 14:14:00,14.12,14.12,14.12,14.12,1100.0
2019-03-20 14:15:00,14.12,14.12,14.12,14.12,300.0
2019-03-20 14:16:00,14.13,14.13,14.13,14.13,400.0
2019-03-20 14:19:00,14.12,14.12,14.12,14.12,300.0
2019-03-20 14:20:00,14.11,14.11,14.11,14.11,1900.0
2019-03-20 14:21:00,14.11,14.11,14.11,14.11,219.0
2019-03-20 14:22:00,14.1,14.1,14.1,14.1,2089.0
2019-03-20 14:23:00,14.11,14.11,14.11,14.11,2689.0
2019-03-20 14:24:00,14.1,14.1,14.1,14.1,4000.0
2019-03-20 14:25:00,14.1,14.1,14.1,14.1,1600.0
2019-03-20 14:26:00,14.11,14.11,14.11,14.11,1308.0
2019-03-20 14:29:00,14.105,14.11,14.105,14.11,1060.0
2019-03-20 14:30:00,14.11,14.11,14.11,14.11,1160.0
2019-03-20 14:31:00,14.12,14.12,14.12,14.12,1503.0
2019-03-20 14:32:00,14.12,14.12,14.11,14.11,2114.0
2019-03-20 14:34:00,14.14,14.14,14.14,14.14,1419.0
2019-03-20 14:35:00,14.14,14.14,14.14,14.14,200.0
2019-03-20 14:36:00,14.1385,14.1385,14.1385,14.1385,700.0
2019-03-20 14:38:00,14.14,14.14,14.14,14.14,1160.0
2019-03-20 14:39:00,14.14,14.14,14.14,14.14,1460.0
2019-03-20 14:40:00,14.15,14.15,14.15,14.15,200.0
2019-03-20 14:41:00,14.16,14.17,14.1599,14.17,900.0
2019-03-20 14:43:00,14.17,14.17,14.17,14.17,1200.0
2019-03-20 14:45:00,14.1685,14.1685,14.1685,14.1685,2400.0
2019-03-20 14:46:00,14.16,14.16,14.16,14.16,600.0
2019-03-20 14:47:00,14.1668,14.1668,14.1668,14.1668,3050.0
2019-03-20 14:50:00,14.1652,14.18,14.1652,14.18,5307.0
2019-03-20 14:51:00,14.18,14.19,14.18,14.19,1693.0
2019-03-20 14:53:00,14.19,14.19,14.19,14.19,1793.0
2019-03-20 14:54:00,14.1851,14.1851,14.1851,14.1851,1900.0
2019-03-20 14:57:00,14.18,14.185,14.18,14.185,900.0
2019-03-20 14:58:00,14.18,14.18,14.18,14.18,200.0
2019-03-20 14:59:00,14.1772,14.1772,14.1772,14.1772,1650.0
2019-03-20 15:00:00,14.17,14.17,14.17,14.17,700.0
2019-03-20 15:02:00,14.18,14.18,14.18,14.18,3119.0
2019-03-20 15:03:00,14.19,14.19,14.18,14.18,400.0
2019-03-20 15:04:00,14.1832,14.1832,14.1832,14.1832,1353.0
2019-03-20 15:05:00,14.18,14.18,14.18,14.18,0.0
2019-03-20 15:06:00,14.1872,14.1872,14.17,14.17,7495.0
2019-03-20 15:07:00,14.16,14.16,14.16,14.16,1000.0
2019-03-20 15:08:00,14.16,14.16,14.16,14.16,1600.0
2019-03-20 15:10:00,14.1533,14.1533,14.1533,14.1533,4198.0
2019-03-20 15:11:00,14.15,14.15,14.15,14.15,1200.0
2019-03-20 15:14:00,14.15,14.15,14.15,14.15,1100.0
2019-03-20 15:15:00,14.15,14.15,14.15,14.15,919.0
2019-03-20 15:16:00,14.15,14.16,14.15,14.15,1063.0
2019-03-20 15:17:00,14.16,14.16,14.16,14.16,20723.0
2019-03-20 15:18:00,14.165,14.165,14.16,14.16,1656.0
2019-03-20 15:19:00,14.16,14.16,14.16,14.16,5056.0
2019-03-20 15:20:00,14.17,14.17,14.17,14.17,900.0
2019-03-20 15:22:00,14.18,14.18,14.18,14.18,1062.0
2019-03-20 15:23:00,14.18,14.18,14.18,14.18,3501.0
2019-03-20 15:25:00,14.181,14.181,14.181,14.181,3281.0
2019-03-20 15:26:00,14.19,14.19,14.185,14.185,2900.0
2019-03-20 15:27:00,14.187,14.187,14.187,14.187,4136.0
2019-03-20 15:29:00,14.181,14.181,14.181,14.181,1760.0
2019-03-20 15:30:00,14.18,14.18,14.18,14.18,100.0
2019-03-20 15:31:00,14.18,14.18,14.18,14.18,1274.0
2019-03-20 15:32:00,14.17,14.17,14.17,14.17,5889.0
2019-03-20 15:33:00,14.1631,14.1631,14.16,14.16,225.0
2019-03-20 15:34:00,14.1668,14.1699,14.1668,14.1699,7814.0
2019-03-20 15:35:00,14.185,14.185,14.185,14.185,2600.0
2019-03-20 15:36:00,14.18,14.18,14.18,14.18,7381.0
2019-03-20 15:37:00,14.18,14.18,14.18,14.18,3600.0
2019-03-20 15:39:00,14.185,14.1866,14.185,14.1866,2737.0
2019-03-20 15:41:00,14.181,14.19,14.181,14.19,3882.0
2019-03-20 15:43:00,14.19,14.19,14.19,14.19,100.0
2019-03-20 15:44:00,14.18,14.18,14.18,14.18,10200.0
2019-03-20 15:45:00,14.18,14.18,14.18,14.18,1400.0
2019-03-20 15:46:00,14.19,14.19,14.19,14.19,3523.0
2019-03-20 15:47:00,14.19,14.19,14.19,14.19,3717.0
2019-03-20 15:48:00,14.2,14.21,14.195,14.21,3000.0
2019-03-20 15:49:00,14.205,14.205,14.205,14.205,3500.0
2019-03-20 15:50:00,14.21,14.21,14.21,14.21,1254.0
2019-03-20 15:51:00,14.195,14.195,14.195,14.195,2402.0
2019-03-20 15:53:00,14.19,14.19,14.1899,14.1899,1921.0
2019-03-20 15:54:00,14.18,14.18,14.18,14.18,4621.0
2019-03-20 15:55:00,14.18,14.18,14.18,14.18,700.0
2019-03-20 15:56:00,14.16,14.16,14.16,14.16,8621.0
2019-03-20 15:57:00,14.16,14.16,14.16,14.16,1004.0
2019-03-20 15:58:00,14.15,14.15,14.15,14.15,1900.0
2019-03-20 15:59:00,14.15,14.15,14.15,14.15,435.0
2019-03-20 16:00:00,14.15,14.16,14.15,14.16,275.0
2019-03-21 09:31:00,14.14,14.14,14.14,14.14,0.0
2019-03-21 09:48:00,14.162,14.17,14.162,14.17,212.0
2019-03-21 09:53:00,14.17,14.17,14.17,14.17,946.0
2019-03-21 10:00:00,14.18,14.18,14.18,14.18,553.0
2019-03-21 10:02:00,14.1885,14.1885,14.1885,14.1885,1573.0
2019-03-21 10:04:00,14.19,14.19,14.19,14.19,3430.0
2019-03-21 10:05:00,14.21,14.21,14.21,14.21,3108.0
2019-03-21 10:08:00,14.21,14.215,14.21,14.21,1505.0
2019-03-21 10:09:00,14.2,14.2,14.2,14.2,3330.0
2019-03-21 10:10:00,14.2266,14.2266,14.2266,14.2266,1312.0
2019-03-21 10:11:00,14.2026,14.2026,14.2026,14.2026,3449.0
2019-03-21 10:18:00,14.23,14.23,14.2133,14.2215,3245.0
2019-03-21 10:22:00,14.2203,14.2203,14.2203,14.2203,3833.0
2019-03-21 10:23:00,14.22,14.23,14.22,14.2236,1149.0
2019-03-21 10:24:00,14.2202,14.2202,14.2202,14.2202,1519.0
2019-03-21 10:27:00,14.24,14.25,14.24,14.25,3190.0
2019-03-21 10:28:00,14.2501,14.2501,14.2501,14.2501,200.0
2019-03-21 10:29:00,14.26,14.26,14.26,14.26,3700.0
2019-03-21 10:37:00,14.25,14.25,14.25,14.25,160.0
2019-03-21 10:38:00,14.265,14.2671,14.265,14.2671,3509.0
2019-03-21 10:40:00,14.26,14.26,14.26,14.26,3770.0
2019-03-21 10:41:00,14.27,14.27,14.27,14.27,1300.0
2019-03-21 10:43:00,14.2798,14.2798,14.2798,14.2798,3600.0
2019-03-21 10:44:00,14.27,14.27,14.27,14.27,150.0
2019-03-21 10:46:00,14.2745,14.2745,14.2724,14.2724,986.0
2019-03-21 10:47:00,14.27,14.27,14.27,14.27,3186.0
2019-03-21 10:56:00,14.279,14.279,14.279,14.279,100.0
2019-03-21 11:00:00,14.28,14.28,14.28,14.28,500.0
2019-03-21 11:02:00,14.28,14.2856,14.28,14.2856,1771.0
2019-03-21 11:06:00,14.3,14.3,14.3,14.3,100.0
2019-03-21 11:09:00,14.3,14.3086,14.3,14.305,976.0
2019-03-21 11:10:00,14.3,14.3,14.3,14.3,300.0
2019-03-21 11:11:00,14.3,14.3,14.26,14.26,38196.0
2019-03-21 11:12:00,14.25,14.25,14.25,14.25,8179.0
2019-03-21 11:13:00,14.25,14.25,14.25,14.25,1100.0
2019-03-21 11:14:00,14.25,14.25,14.25,14.25,200.0
2019-03-21 11:15:00,14.25,14.25,14.25,14.25,500.0
2019-03-21 11:17:00,14.25,14.25,14.25,14.25,3749.0
2019-03-21 11:18:00,14.26,14.26,14.26,14.26,3104.0
2019-03-21 11:19:00,14.255,14.255,14.255,14.255,1900.0
2019-03-21 11:20:00,14.26,14.26,14.26,14.26,2000.0
2019-03-21 11:21:00,14.255,14.255,14.255,14.255,4625.0
2019-03-21 11:24:00,14.255,14.255,14.255,14.255,1200.0
2019-03-21 11:27:00,14.26,14.26,14.26,14.26,1100.0
2019-03-21 11:28:00,14.26,14.26,14.25,14.25,11000.0
2019-03-21 11:29:00,14.26,14.26,14.26,14.26,3410.0
2019-03-21 11:30:00,14.25,14.25,14.25,14.25,5211.0
2019-03-21 11:31:00,14.25,14.25,14.25,14.25,1033.0
2019-03-21 11:32:00,14.25,14.25,14.25,14.25,1283.0
2019-03-21 11:34:00,14.255,14.255,14.255,14.255,150.0
2019-03-21 11:35:00,14.25,14.25,14.25,14.25,923.0
2019-03-21 11:38:00,14.25,14.25,14.25,14.25,995.0
2019-03-21 11:40:00,14.245,14.245,14.245,14.245,2636.0
2019-03-21 11:41:00,14.23,14.23,14.23,14.23,2100.0
2019-03-21 11:42:00,14.23,14.2385,14.23,14.2385,250.0
2019-03-21 11:44:00,14.2499,14.2499,14.2499,14.2499,750.0
2019-03-21 11:45:00,14.24,14.24,14.24,14.24,100.0
2019-03-21 11:46:00,14.22,14.22,14.22,14.22,223.0
2019-03-21 11:47:00,14.23,14.24,14.23,14.24,1000.0
2019-03-21 11:49:00,14.23,14.23,14.23,14.23,1453.0
2019-03-21 11:51:00,14.2314,14.2314,14.21,14.21,1877.0
2019-03-21 11:52:00,14.21,14.21,14.21,14.21,300.0
2019-03-21 11:54:00,14.21,14.21,14.21,14.21,2277.0
2019-03-21 11:55:00,14.2357,14.2357,14.23,14.23,1800.0
2019-03-21 11:56:00,14.23,14.23,14.23,14.23,2362.0
2019-03-21 12:02:00,14.25,14.25,14.25,14.25,716.0
2019-03-21 12:03:00,14.2576,14.2576,14.2576,14.2576,3129.0
2019-03-21 12:06:00,14.24,14.24,14.24,14.24,450.0
2019-03-21 12:08:00,14.2197,14.2197,14.2197,14.2197,4600.0
2019-03-21 12:15:00,14.2215,14.2215,14.2215,14.2215,100.0
2019-03-21 12:23:00,14.23,14.23,14.23,14.23,237.0
2019-03-21 12:26:00,14.24,14.24,14.24,14.24,275.0
2019-03-21 12:30:00,14.2338,14.2338,14.2338,14.2338,982.0
2019-03-21 12:31:00,14.23,14.23,14.23,14.23,300.0
2019-03-21 12:38:00,14.25,14.25,14.24,14.24,4019.0
2019-03-21 12:47:00,14.2125,14.2125,14.2125,14.2125,1433.0
2019-03-21 12:48:00,14.21,14.21,14.21,14.21,158.0
2019-03-21 12:55:00,14.215,14.215,14.21,14.21,1820.0
2019-03-21 13:01:00,14.2068,14.2068,14.2068,14.2068,1000.0
2019-03-21 13:02:00,14.21,14.21,14.21,14.21,400.0
2019-03-21 13:04:00,14.22,14.22,14.22,14.22,372.0
2019-03-21 13:16:00,14.22,14.22,14.22,14.22,275.0
2019-03-21 13:18:00,14.2322,14.2322,14.2322,14.2322,2000.0
2019-03-21 13:24:00,14.24,14.24,14.24,14.24,1549.0
2019-03-21 13:30:00,14.26,14.26,14.26,14.26,6270.0
2019-03-21 13:37:00,14.24,14.24,14.24,14.24,2770.0
2019-03-21 13:40:00,14.245,14.245,14.245,14.245,1512.0
2019-03-21 13:41:00,14.24,14.24,14.24,14.24,1612.0
2019-03-21 13:44:00,14.25,14.25,14.25,14.25,1221.0
2019-03-21 13:45:00,14.25,14.25,14.25,14.25,492.0
2019-03-21 13:52:00,14.2677,14.2677,14.2677,14.2677,3105.0
2019-03-21 13:54:00,14.26,14.269,14.26,14.269,1792.0
2019-03-21 14:02:00,14.26,14.26,14.26,14.26,357.0
2019-03-21 14:04:00,14.2678,14.2678,14.2678,14.2678,151.0
2019-03-21 14:08:00,14.2752,14.2789,14.2752,14.2789,2338.0
2019-03-21 14:13:00,14.2708,14.2708,14.2708,14.2708,6666.0
2019-03-21 14:14:00,14.275,14.275,14.275,14.275,200.0
2019-03-21 14:18:00,14.28,14.28,14.28,14.28,1017.0
2019-03-21 14:27:00,14.2797,14.2797,14.2797,14.2797,270.0
2019-03-21 14:29:00,14.29,14.29,14.28,14.28,2584.0
2019-03-21 14:35:00,14.2827,14.2827,14.2827,14.2827,1500.0
2019-03-21 14:36:00,14.2861,14.2861,14.2861,14.2861,3658.0
2019-03-21 14:46:00,14.28,14.28,14.28,14.28,458.0
2019-03-21 14:51:00,14.3,14.3,14.29,14.29,450.0
2019-03-21 14:56:00,14.2947,14.2947,14.2947,14.2947,2093.0
2019-03-21 15:03:00,14.2794,14.2794,14.2794,14.2794,1383.0
2019-03-21 15:04:00,14.28,14.28,14.28,14.28,100.0
2019-03-21 15:13:00,14.27,14.27,14.27,14.27,5677.0
2019-03-21 15:14:00,14.28,14.28,14.28,14.28,2630.0
2019-03-21 15:15:00,14.2701,14.2701,14.2701,14.2701,458.0
2019-03-21 15:22:00,14.27,14.27,14.27,14.27,100.0
2019-03-21 15:24:00,14.2727,14.2727,14.2727,14.2727,1640.0
2019-03-21 15:25:00,14.29,14.29,14.29,14.29,1898.0
2019-03-21 15:27:00,14.2942,14.2942,14.2942,14.2942,2300.0
2019-03-21 15:30:00,14.285,14.285,14.285,14.285,765.0
2019-03-21 15:31:00,14.2808,14.2808,14.2808,14.2808,375.0
2019-03-21 15:32:00,14.2828,14.2828,14.2828,14.2828,300.0
2019-03-21 15:38:00,14.27,14.28,14.27,14.28,493.0
2019-03-21 15:40:00,14.27,14.27,14.27,14.27,100.0
2019-03-21 15:41:00,14.271,14.271,14.271,14.271,774.0
2019-03-21 15:46:00,14.2799,14.2799,14.2799,14.2799,799.0
2019-03-21 15:54:00,14.3,14.3,14.3,14.3,1011.0
2019-03-21 15:56:00,14.29,14.29,14.29,14.29,1204.0
2019-03-21 15:57:00,14.29,14.29,14.29,14.29,1737.0
2019-03-21 16:00:00,14.265,14.265,14.265,14.265,14366.0
2019-03-22 09:35:00,14.2,14.21,14.18,14.18,13497.0
2019-03-22 09:36:00,14.13,14.13,14.13,14.13,16497.0
2019-03-22 09:37:00,14.2,14.2,14.2,14.2,2500.0
2019-03-22 09:38:00,14.19,14.19,14.19,14.19,890.0
2019-03-22 09:39:00,14.2,14.2,14.2,14.2,700.0
2019-03-22 09:40:00,14.19,14.2,14.1674,14.2,2455.0
2019-03-22 09:45:00,14.12,14.12,14.12,14.12,394.0
2019-03-22 09:46:00,14.1269,14.1269,14.1269,14.1269,600.0
2019-03-22 09:50:00,14.1135,14.1135,14.1135,14.1135,1130.0
2019-03-22 09:51:00,14.1,14.1,14.1,14.1,1330.0
2019-03-22 09:52:00,14.1,14.1,14.1,14.1,406.0
2019-03-22 09:55:00,14.0814,14.0814,14.0814,14.0814,546.0
2019-03-22 09:58:00,14.0691,14.0691,14.0691,14.0691,850.0
2019-03-22 10:00:00,14.06,14.06,14.05,14.05,897.0
2019-03-22 10:02:00,14.04,14.04,14.04,14.04,200.0
2019-03-22 10:03:00,14.0345,14.06,14.0345,14.06,2700.0
2019-03-22 10:10:00,14.0214,14.0214,14.0214,14.0214,100.0
2019-03-22 10:11:00,14.03,14.03,14.03,14.03,200.0
2019-03-22 10:13:00,14.03,14.03,14.03,14.03,261.0
2019-03-22 10:15:00,14.03,14.03,14.03,14.03,500.0
2019-03-22 10:18:00,14.05,14.05,14.05,14.05,850.0
2019-03-22 10:20:00,14.07,14.07,14.05,14.05,400.0
2019-03-22 10:21:00,14.06,14.06,14.06,14.06,750.0
2019-03-22 10:22:00,14.06,14.06,14.04,14.06,11003.0
2019-03-22 10:25:00,14.06,14.07,14.06,14.06,2768.0
2019-03-22 10:26:00,14.0665,14.0665,14.0665,14.0665,3468.0
2019-03-22 10:27:00,14.06,14.06,14.06,14.06,1328.0
2019-03-22 10:28:00,14.06,14.06,14.06,14.06,2644.0
2019-03-22 10:30:00,14.02,14.02,14.02,14.02,730.0
2019-03-22 10:32:00,14.04,14.04,14.04,14.04,587.0
2019-03-22 10:34:00,14.02,14.02,14.02,14.02,507.0
2019-03-22 10:35:00,14.04,14.04,14.04,14.04,590.0
2019-03-22 10:36:00,14.05,14.05,14.05,14.05,328.0
2019-03-22 10:39:00,14.05,14.05,14.05,14.05,824.0
2019-03-22 10:43:00,14.04,14.04,14.03,14.03,1150.0
2019-03-22 10:45:00,14.03,14.03,14.03,14.03,1250.0
2019-03-22 10:46:00,14.0599,14.0599,14.0599,14.0599,200.0
2019-03-22 10:47:00,14.0539,14.0539,14.04,14.04,1296.0
2019-03-22 10:49:00,14.04,14.04,14.04,14.04,100.0
2019-03-22 10:50:00,14.04,14.04,14.04,14.04,300.0
2019-03-22 10:51:00,14.04,14.04,14.04,14.04,896.0
2019-03-22 10:52:00,14.04,14.04,14.04,14.04,200.0
2019-03-22 10:54:00,14.04,14.04,14.04,14.04,300.0
2019-03-22 10:55:00,14.04,14.04,14.04,14.04,300.0
2019-03-22 10:56:00,14.04,14.04,14.04,14.04,200.0
2019-03-22 10:57:00,14.0487,14.0487,14.04,14.04,2660.0
2019-03-22 10:59:00,14.04,14.04,14.04,14.04,100.0
2019-03-22 11:00:00,14.04,14.04,14.04,14.04,2440.0
2019-03-22 11:01:00,14.0401,14.0401,14.0401,14.0401,3340.0
2019-03-22 11:02:00,14.04,14.04,14.04,14.04,1841.0
2019-03-22 11:03:00,14.04,14.04,14.04,14.04,1340.0
2019-03-22 11:04:00,14.04,14.04,14.01,14.01,13272.0
2019-03-22 11:05:00,14.01,14.01,14.01,14.01,1760.0
2019-03-22 11:07:00,14.005,14.005,14.005,14.005,629.0
2019-03-22 11:09:00,14.0,14.0,14.0,14.0,100.0
2019-03-22 11:10:00,14.0073,14.0073,14.0073,14.0073,262.0
2019-03-22 11:11:00,14.0,14.0,14.0,14.0,1300.0
2019-03-22 11:12:00,13.99,13.99,13.99,13.99,1200.0
2019-03-22 11:13:00,13.99,13.99,13.99,13.99,5500.0
2019-03-22 11:14:00,13.99,13.99,13.99,13.99,1923.0
2019-03-22 11:15:00,13.995,13.995,13.995,13.995,602.0
2019-03-22 11:16:00,14.03,14.03,14.03,14.03,9192.0
2019-03-22 11:19:00,14.0132,14.0132,14.0132,14.0132,737.0
2019-03-22 11:20:00,14.03,14.03,14.03,14.03,1668.0
2019-03-22 11:23:00,13.99,13.99,13.99,13.99,1001.0
2019-03-22 11:24:00,14.01,14.01,14.0,14.0,200.0
2019-03-22 11:25:00,14.01,14.01,14.01,14.01,1862.0
2019-03-22 11:30:00,14.0,14.0,14.0,14.0,500.0
2019-03-22 11:34:00,14.01,14.01,14.01,14.01,720.0
2019-03-22 11:35:00,14.0,14.0,14.0,14.0,102.0
2019-03-22 11:36:00,14.0,14.0,14.0,14.0,922.0
2019-03-22 11:37:00,14.0,14.0,14.0,14.0,400.0
2019-03-22 11:38:00,14.0,14.0,14.0,14.0,110.0
2019-03-22 11:39:00,13.99,13.99,13.99,13.99,310.0
2019-03-22 11:40:00,13.98,13.98,13.9798,13.9798,410.0
2019-03-22 11:41:00,13.97,13.97,13.97,13.97,510.0
2019-03-22 11:42:00,13.97,13.97,13.97,13.97,100.0
2019-03-22 11:43:00,13.96,13.96,13.96,13.96,100.0
2019-03-22 11:44:00,13.97,13.97,13.97,13.97,500.0
2019-03-22 11:46:00,13.96,13.96,13.96,13.96,200.0
2019-03-22 11:47:00,13.96,13.96,13.96,13.96,300.0
2019-03-22 11:50:00,13.96,13.96,13.96,13.96,100.0
2019-03-22 11:51:00,13.96,13.96,13.96,13.96,150.0
2019-03-22 11:52:00,13.96,13.96,13.96,13.96,308.0
2019-03-22 11:53:00,13.95,13.95,13.95,13.95,530.0
2019-03-22 11:54:00,13.9499,13.9499,13.9499,13.9499,650.0
2019-03-22 11:57:00,13.95,13.95,13.95,13.95,476.0
2019-03-22 11:59:00,13.95,13.95,13.95,13.95,100.0
2019-03-22 12:00:00,13.95,13.95,13.95,13.95,800.0
2019-03-22 12:05:00,13.98,13.98,13.9664,13.98,7087.0
2019-03-22 12:08:00,13.9714,13.9714,13.9714,13.9714,450.0
2019-03-22 12:12:00,13.9707,13.9707,13.9707,13.9707,900.0
2019-03-22 12:16:00,13.97,13.97,13.97,13.97,100.0
2019-03-22 12:19:00,13.9866,13.9866,13.9866,13.9866,1013.0
2019-03-22 12:21:00,13.95,13.95,13.95,13.95,3963.0
2019-03-22 12:22:00,13.96,13.96,13.96,13.96,100.0
2019-03-22 12:24:00,13.97,13.97,13.97,13.97,2011.0
2019-03-22 12:26:00,13.93,13.93,13.91,13.91,16619.0
2019-03-22 12:28:00,13.93,13.93,13.93,13.93,3053.0
2019-03-22 12:29:00,13.92,13.92,13.91,13.91,9207.0
2019-03-22 12:31:00,13.92,13.92,13.92,13.92,100.0
2019-03-22 12:32:00,13.91,13.91,13.91,13.91,200.0
2019-03-22 12:33:00,13.92,13.92,13.92,13.92,1485.0
2019-03-22 12:34:00,13.93,13.93,13.93,13.93,700.0
2019-03-22 12:35:00,13.95,13.95,13.95,13.95,100.0
2019-03-22 12:36:00,13.94,13.94,13.94,13.94,200.0
2019-03-22 12:38:00,13.95,13.95,13.95,13.95,300.0
2019-03-22 12:39:00,13.96,13.96,13.96,13.96,300.0
2019-03-22 12:41:00,13.95,13.95,13.95,13.95,700.0
2019-03-22 12:44:00,13.95,13.95,13.95,13.95,200.0
2019-03-22 12:53:00,13.97,13.97,13.9506,13.96,946.0
2019-03-22 12:54:00,13.96,13.96,13.96,13.96,1046.0
2019-03-22 12:55:00,13.95,13.95,13.95,13.95,530.0
2019-03-22 12:57:00,13.9536,13.9536,13.9536,13.9536,434.0
2019-03-22 12:58:00,13.95,13.95,13.95,13.95,100.0
2019-03-22 12:59:00,13.96,13.96,13.96,13.96,500.0
2019-03-22 13:01:00,13.96,13.96,13.96,13.96,700.0
2019-03-22 13:02:00,13.9599,13.9599,13.9599,13.9599,1623.0
2019-03-22 13:03:00,13.98,13.98,13.98,13.98,2507.0
2019-03-22 13:05:00,13.98,13.98,13.98,13.98,400.0
2019-03-22 13:07:00,13.9788,13.9788,13.9788,13.9788,800.0
2019-03-22 13:08:00,13.97,13.97,13.97,13.97,116.0
2019-03-22 13:14:00,13.98,13.9899,13.98,13.9899,400.0
2019-03-22 13:15:00,13.9767,13.9767,13.9767,13.9767,200.0
2019-03-22 13:16:00,13.97,13.97,13.96,13.96,1700.0
2019-03-22 13:18:00,13.97,13.97,13.97,13.97,452.0
2019-03-22 13:19:00,13.99,13.99,13.99,13.99,1844.0
2019-03-22 13:21:00,13.9841,13.9841,13.9841,13.9841,400.0
2019-03-22 13:25:00,13.97,13.97,13.97,13.97,100.0
2019-03-22 13:26:00,13.97,13.97,13.97,13.97,100.0
2019-03-22 13:32:00,13.98,13.98,13.98,13.98,100.0
2019-03-22 13:36:00,13.99,13.99,13.99,13.99,230.0
2019-03-22 13:39:00,13.9864,13.9864,13.9864,13.9864,333.0
2019-03-22 13:47:00,13.9885,13.9885,13.9885,13.9885,500.0
2019-03-22 13:48:00,13.99,13.99,13.99,13.99,901.0
2019-03-22 13:49:00,13.99,13.99,13.99,13.99,300.0
2019-03-22 13:53:00,13.9954,13.9954,13.9954,13.9954,5660.0
2019-03-22 13:57:00,13.99,13.99,13.99,13.99,100.0
2019-03-22 13:58:00,13.98,13.98,13.98,13.98,600.0
2019-03-22 13:59:00,13.975,13.975,13.975,13.975,941.0
2019-03-22 14:05:00,13.98,13.98,13.98,13.98,225.0
2019-03-22 14:06:00,13.98,13.98,13.98,13.98,400.0
2019-03-22 14:08:00,13.98,13.98,13.98,13.98,512.0
2019-03-22 14:12:00,13.981,13.981,13.981,13.981,1597.0
2019-03-22 14:15:00,14.0,14.0,14.0,14.0,900.0
2019-03-22 14:16:00,13.9973,14.01,13.9973,14.01,3810.0
2019-03-22 14:17:00,14.01,14.01,14.01,14.01,100.0
2019-03-22 14:18:00,14.02,14.02,14.02,14.02,1500.0
2019-03-22 14:21:00,14.0188,14.0188,14.0188,14.0188,769.0
2019-03-22 14:24:00,14.01,14.014,14.01,14.01,1923.0
2019-03-22 14:26:00,14.0066,14.0066,14.0066,14.0066,2023.0
2019-03-22 14:28:00,14.01,14.01,14.01,14.01,1083.0
2019-03-22 14:34:00,14.01,14.01,14.01,14.01,100.0
2019-03-22 14:36:00,14.0,14.0,14.0,14.0,1200.0
2019-03-22 14:37:00,13.9967,13.9967,13.9967,13.9967,250.0
2019-03-22 14:39:00,14.0,14.0,14.0,14.0,750.0
2019-03-22 14:41:00,14.0,14.0,14.0,14.0,100.0
2019-03-22 14:42:00,14.009,14.009,14.009,14.009,423.0
2019-03-22 14:43:00,14.0072,14.0072,14.0072,14.0072,774.0
2019-03-22 14:44:00,14.005,14.005,14.005,14.005,100.0
2019-03-22 14:45:00,14.005,14.015,14.005,14.015,1485.0
2019-03-22 14:46:00,14.01,14.01,14.01,14.01,1685.0
2019-03-22 14:48:00,14.01,14.01,14.01,14.01,100.0
2019-03-22 14:52:00,14.04,14.04,14.04,14.04,6025.0
2019-03-22 14:54:00,14.03,14.03,14.03,14.03,1350.0
2019-03-22 14:55:00,14.03,14.03,14.03,14.03,900.0
2019-03-22 14:56:00,14.0299,14.0299,14.0299,14.0299,1500.0
2019-03-22 14:57:00,14.03,14.0335,14.03,14.0335,2200.0
2019-03-22 15:01:00,14.04,14.04,14.04,14.04,835.0
2019-03-22 15:02:00,14.04,14.04,14.04,14.04,935.0
2019-03-22 15:03:00,14.04,14.04,14.04,14.04,951.0
2019-03-22 15:04:00,14.0399,14.0399,14.0399,14.0399,1350.0
2019-03-22 15:10:00,14.0272,14.0272,14.0272,14.0272,300.0
2019-03-22 15:11:00,14.04,14.04,14.04,14.04,509.0
2019-03-22 15:23:00,14.0298,14.0298,14.0298,14.0298,476.0
2019-03-22 15:24:00,14.0301,14.0301,14.0301,14.0301,3302.0
2019-03-22 15:31:00,14.02,14.02,14.02,14.02,950.0
2019-03-22 15:33:00,14.02,14.02,14.02,14.02,200.0
2019-03-22 15:35:00,14.02,14.02,14.02,14.02,925.0
2019-03-22 15:36:00,14.02,14.02,14.02,14.02,300.0
2019-03-22 15:40:00,14.02,14.02,14.02,14.02,250.0
2019-03-22 15:42:00,14.02,14.03,14.02,14.03,879.0
2019-03-22 15:43:00,14.0176,14.0176,14.0176,14.0176,1879.0
2019-03-22 15:44:00,14.0,14.0,13.9965,13.9965,5187.0
2019-03-22 15:46:00,13.99,13.99,13.99,13.99,429.0
2019-03-22 15:47:00,14.0,14.0,14.0,14.0,2189.0
2019-03-22 15:48:00,14.01,14.02,14.01,14.015,1032.0
2019-03-22 15:49:00,14.0106,14.0106,14.0106,14.0106,1548.0
2019-03-22 15:50:00,14.01,14.01,14.0,14.0,300.0
2019-03-22 15:51:00,14.0123,14.0123,14.0123,14.0123,650.0
2019-03-22 15:53:00,14.0,14.0,14.0,14.0,300.0
2019-03-22 15:54:00,14.0,14.0,14.0,14.0,700.0
2019-03-22 15:55:00,13.98,13.98,13.98,13.98,3537.0
2019-03-22 15:57:00,13.98,13.98,13.98,13.98,200.0
2019-03-22 15:58:00,14.0,14.0,14.0,14.0,300.0
2019-03-22 15:59:00,14.0,14.0,14.0,14.0,400.0
2019-03-22 16:00:00,13.98,14.0,13.98,13.98,1602.0
2019-03-25 09:31:00,14.02,14.02,14.02,14.02,5312.0
2019-03-25 09:35:00,13.97,13.98,13.97,13.98,5916.0
2019-03-25 09:37:00,13.98,13.98,13.98,13.98,661.0
2019-03-25 09:40:00,13.9929,13.9929,13.9929,13.9929,1100.0
2019-03-25 09:41:00,13.9896,13.9896,13.9896,13.9896,615.0
2019-03-25 09:42:00,13.91,13.93,13.91,13.93,4076.0
2019-03-25 09:45:00,13.915,13.915,13.88,13.88,8452.0
2019-03-25 09:46:00,13.83,13.83,13.83,13.83,3100.0
2019-03-25 09:47:00,13.84,13.84,13.84,13.84,1700.0
2019-03-25 09:48:00,13.86,13.86,13.86,13.86,931.0
2019-03-25 09:49:00,13.85,13.85,13.85,13.85,200.0
2019-03-25 09:53:00,13.86,13.88,13.86,13.88,1756.0
2019-03-25 09:56:00,13.85,13.85,13.84,13.84,1490.0
2019-03-25 09:59:00,13.85,13.85,13.85,13.85,1539.0
2019-03-25 10:00:00,13.82,13.82,13.82,13.82,825.0
2019-03-25 10:02:00,13.82,13.82,13.82,13.82,3100.0
2019-03-25 10:04:00,13.825,13.825,13.825,13.825,200.0
2019-03-25 10:05:00,13.82,13.82,13.82,13.82,6280.0
2019-03-25 10:06:00,13.8177,13.8177,13.8177,13.8177,2027.0
2019-03-25 10:08:00,13.81,13.81,13.81,13.81,6000.0
2019-03-25 10:09:00,13.81,13.81,13.81,13.81,1154.0
2019-03-25 10:10:00,13.82,13.82,13.82,13.82,2077.0
2019-03-25 10:11:00,13.81,13.81,13.81,13.81,1582.0
2019-03-25 10:12:00,13.77,13.77,13.77,13.77,4773.0
2019-03-25 10:13:00,13.774,13.774,13.774,13.774,600.0
2019-03-25 10:14:00,13.75,13.75,13.75,13.75,1100.0
2019-03-25 10:16:00,13.7425,13.7425,13.7425,13.7425,2500.0
2019-03-25 10:17:00,13.74,13.74,13.74,13.74,1332.0
2019-03-25 10:23:00,13.74,13.74,13.74,13.74,400.0
2019-03-25 10:25:00,13.74,13.74,13.74,13.74,889.0
2019-03-25 10:28:00,13.78,13.78,13.77,13.77,3360.0
2019-03-25 10:29:00,13.79,13.82,13.79,13.82,3800.0
2019-03-25 10:31:00,13.805,13.81,13.805,13.81,2200.0
2019-03-25 10:34:00,13.8101,13.8101,13.8101,13.8101,1440.0
2019-03-25 10:35:00,13.809,13.809,13.809,13.809,300.0
2019-03-25 10:38:00,13.8001,13.8001,13.79,13.79,5000.0
2019-03-25 10:40:00,13.76,13.76,13.76,13.76,1300.0
2019-03-25 10:44:00,13.7527,13.7527,13.7527,13.7527,611.0
2019-03-25 10:45:00,13.75,13.75,13.75,13.75,1231.0
2019-03-25 10:51:00,13.77,13.77,13.77,13.77,330.0
2019-03-25 10:52:00,13.7772,13.7772,13.7772,13.7772,870.0
2019-03-25 10:54:00,13.8,13.8,13.8,13.8,786.0
2019-03-25 10:56:00,13.81,13.81,13.81,13.81,5330.0
2019-03-25 10:57:00,13.8079,13.8079,13.8079,13.8079,1940.0
2019-03-25 11:00:00,13.7946,13.7946,13.7946,13.7946,2980.0
2019-03-25 11:02:00,13.78,13.78,13.78,13.78,300.0
2019-03-25 11:03:00,13.78,13.78,13.78,13.78,800.0
2019-03-25 11:05:00,13.79,13.8,13.79,13.8,2201.0
2019-03-25 11:10:00,13.815,13.815,13.815,13.815,1931.0
2019-03-25 11:11:00,13.81,13.81,13.81,13.81,2550.0
2019-03-25 11:12:00,13.8,13.8,13.8,13.8,688.0
2019-03-25 11:13:00,13.8,13.8,13.8,13.8,1516.0
2019-03-25 11:14:00,13.81,13.81,13.81,13.81,2000.0
2019-03-25 11:15:00,13.83,13.83,13.83,13.83,1070.0
2019-03-25 11:17:00,13.82,13.82,13.82,13.82,200.0
2019-03-25 11:18:00,13.8251,13.8251,13.8251,13.8251,550.0
2019-03-25 11:21:00,13.84,13.84,13.84,13.84,500.0
2019-03-25 11:22:00,13.84,13.84,13.84,13.84,472.0
2019-03-25 11:26:00,13.83,13.83,13.83,13.83,300.0
2019-03-25 11:28:00,13.84,13.84,13.84,13.84,700.0
2019-03-25 11:30:00,13.83,13.84,13.83,13.84,1016.0
2019-03-25 11:32:00,13.83,13.83,13.83,13.83,149.0
2019-03-25 11:34:00,13.8142,13.8142,13.8142,13.8142,2485.0
2019-03-25 11:37:00,13.8091,13.8091,13.8091,13.8091,1110.0
2019-03-25 11:39:00,13.8,13.8,13.8,13.8,300.0
2019-03-25 11:40:00,13.8,13.8,13.8,13.8,600.0
2019-03-25 11:43:00,13.8,13.8,13.8,13.8,2575.0
2019-03-25 11:45:00,13.8,13.8,13.8,13.8,400.0
2019-03-25 11:46:00,13.8,13.8,13.8,13.8,100.0
2019-03-25 11:47:00,13.81,13.81,13.81,13.81,1500.0
2019-03-25 11:53:00,13.79,13.79,13.79,13.79,1793.0
2019-03-25 11:55:00,13.79,13.7911,13.79,13.7911,600.0
2019-03-25 11:57:00,13.8099,13.8099,13.8099,13.8099,910.0
2019-03-25 11:58:00,13.81,13.81,13.81,13.81,1400.0
2019-03-25 12:02:00,13.8,13.8,13.8,13.8,1301.0
2019-03-25 12:03:00,13.802,13.802,13.802,13.802,1865.0
2019-03-25 12:04:00,13.8,13.8,13.8,13.8,799.0
2019-03-25 12:06:00,13.81,13.8125,13.81,13.8125,2200.0
2019-03-25 12:08:00,13.84,13.84,13.84,13.84,1298.0
2019-03-25 12:09:00,13.83,13.83,13.83,13.83,100.0
2019-03-25 12:13:00,13.83,13.83,13.83,13.83,401.0
2019-03-25 12:14:00,13.82,13.82,13.82,13.82,200.0
2019-03-25 12:15:00,13.8202,13.8202,13.8202,13.8202,100.0
2019-03-25 12:16:00,13.83,13.83,13.83,13.83,229.0
2019-03-25 12:18:00,13.835,13.835,13.835,13.835,200.0
2019-03-25 12:22:00,13.84,13.84,13.84,13.84,402.0
2019-03-25 12:23:00,13.84,13.84,13.84,13.84,1100.0
2019-03-25 12:25:00,13.84,13.84,13.84,13.84,100.0
2019-03-25 12:26:00,13.84,13.84,13.84,13.84,100.0
2019-03-25 12:27:00,13.84,13.84,13.84,13.84,200.0
2019-03-25 12:31:00,13.83,13.83,13.83,13.83,303.0
2019-03-25 12:32:00,13.83,13.83,13.83,13.83,100.0
2019-03-25 12:33:00,13.83,13.83,13.83,13.83,700.0
2019-03-25 12:35:00,13.82,13.82,13.82,13.82,300.0
2019-03-25 12:36:00,13.82,13.82,13.82,13.82,212.0
2019-03-25 12:37:00,13.81,13.81,13.81,13.81,1288.0
2019-03-25 12:38:00,13.8,13.8,13.8,13.8,100.0
2019-03-25 12:41:00,13.79,13.79,13.79,13.79,996.0
2019-03-25 12:46:00,13.8,13.8,13.8,13.8,100.0
2019-03-25 12:48:00,13.8,13.8,13.8,13.8,200.0
2019-03-25 12:50:00,13.8,13.8,13.8,13.8,1226.0
2019-03-25 12:52:00,13.8,13.8,13.8,13.8,100.0
2019-03-25 12:54:00,13.8,13.8,13.8,13.8,300.0
2019-03-25 12:56:00,13.8,13.8,13.8,13.8,1100.0
2019-03-25 12:58:00,13.8,13.8,13.8,13.8,100.0
2019-03-25 12:59:00,13.82,13.82,13.82,13.82,400.0
2019-03-25 13:00:00,13.825,13.825,13.825,13.825,1654.0
2019-03-25 13:02:00,13.83,13.83,13.83,13.83,1800.0
2019-03-25 13:05:00,13.83,13.83,13.83,13.83,100.0
2019-03-25 13:07:00,13.82,13.82,13.82,13.82,100.0
2019-03-25 13:09:00,13.8,13.8,13.8,13.8,2921.0
2019-03-25 13:11:00,13.79,13.79,13.79,13.79,1400.0
2019-03-25 13:13:00,13.81,13.81,13.81,13.81,1561.0
2019-03-25 13:16:00,13.8053,13.8053,13.8053,13.8053,400.0
2019-03-25 13:19:00,13.79,13.79,13.79,13.79,100.0
2019-03-25 13:20:00,13.79,13.79,13.79,13.79,430.0
2019-03-25 13:22:00,13.79,13.79,13.79,13.79,100.0
2019-03-25 13:25:00,13.79,13.79,13.79,13.79,200.0
2019-03-25 13:26:00,13.79,13.79,13.79,13.79,175.0
2019-03-25 13:29:00,13.799,13.799,13.799,13.799,200.0
2019-03-25 13:32:00,13.79,13.79,13.79,13.79,200.0
2019-03-25 13:34:00,13.79,13.79,13.79,13.79,100.0
2019-03-25 13:35:00,13.8,13.8,13.79,13.79,1075.0
2019-03-25 13:40:00,13.79,13.8,13.79,13.8,200.0
2019-03-25 13:44:00,13.79,13.79,13.79,13.79,200.0
2019-03-25 13:45:00,13.8086,13.8086,13.8086,13.8086,600.0
2019-03-25 13:48:00,13.79,13.79,13.79,13.79,300.0
2019-03-25 13:49:00,13.79,13.79,13.79,13.79,5200.0
2019-03-25 13:51:00,13.79,13.79,13.79,13.79,937.0
2019-03-25 13:53:00,13.8,13.8,13.8,13.8,748.0
2019-03-25 13:55:00,13.7906,13.795,13.7906,13.795,1193.0
2019-03-25 13:59:00,13.79,13.79,13.79,13.79,200.0
2019-03-25 14:01:00,13.79,13.79,13.79,13.79,1198.0
2019-03-25 14:04:00,13.78,13.78,13.78,13.78,1855.0
2019-03-25 14:05:00,13.78,13.78,13.78,13.78,345.0
2019-03-25 14:07:00,13.77,13.77,13.77,13.77,223.0
2019-03-25 14:10:00,13.7757,13.7757,13.7757,13.7757,926.0
2019-03-25 14:11:00,13.77,13.77,13.76,13.76,4467.0
2019-03-25 14:12:00,13.75,13.75,13.75,13.75,691.0
2019-03-25 14:16:00,13.75,13.75,13.75,13.75,2087.0
2019-03-25 14:18:00,13.75,13.75,13.75,13.75,800.0
2019-03-25 14:20:00,13.77,13.77,13.77,13.77,100.0
2019-03-25 14:21:00,13.75,13.75,13.75,13.75,2000.0
2019-03-25 14:22:00,13.75,13.75,13.75,13.75,2100.0
2019-03-25 14:26:00,13.75,13.75,13.75,13.75,700.0
2019-03-25 14:28:00,13.75,13.75,13.75,13.75,3790.0
2019-03-25 14:29:00,13.74,13.74,13.74,13.74,300.0
2019-03-25 14:30:00,13.74,13.74,13.74,13.74,100.0
2019-03-25 14:32:00,13.73,13.73,13.73,13.73,700.0
2019-03-25 14:34:00,13.7302,13.7327,13.7302,13.7327,746.0
2019-03-25 14:37:00,13.75,13.75,13.75,13.75,900.0
2019-03-25 14:40:00,13.7418,13.7418,13.7418,13.7418,2900.0
2019-03-25 14:42:00,13.74,13.74,13.74,13.74,100.0
2019-03-25 14:43:00,13.75,13.75,13.75,13.75,526.0
2019-03-25 14:44:00,13.75,13.75,13.74,13.74,1658.0
2019-03-25 14:45:00,13.76,13.76,13.76,13.76,2200.0
2019-03-25 14:49:00,13.75,13.75,13.75,13.75,550.0
2019-03-25 14:51:00,13.74,13.74,13.74,13.74,100.0
2019-03-25 14:53:00,13.74,13.74,13.74,13.74,100.0
2019-03-25 14:55:00,13.74,13.76,13.74,13.76,2405.0
2019-03-25 14:58:00,13.77,13.77,13.77,13.77,700.0
2019-03-25 14:59:00,13.77,13.77,13.77,13.77,600.0
2019-03-25 15:00:00,13.77,13.77,13.77,13.77,400.0
2019-03-25 15:01:00,13.77,13.77,13.77,13.77,800.0
2019-03-25 15:02:00,13.77,13.77,13.77,13.77,2848.0
2019-03-25 15:03:00,13.77,13.77,13.77,13.77,600.0
2019-03-25 15:04:00,13.77,13.77,13.77,13.77,400.0
2019-03-25 15:05:00,13.76,13.76,13.76,13.76,1786.0
2019-03-25 15:06:00,13.76,13.76,13.75,13.75,1427.0
2019-03-25 15:07:00,13.77,13.77,13.77,13.77,687.0
2019-03-25 15:08:00,13.77,13.77,13.77,13.77,700.0
2019-03-25 15:09:00,13.77,13.77,13.77,13.77,1300.0
2019-03-25 15:11:00,13.77,13.77,13.77,13.77,1106.0
2019-03-25 15:12:00,13.77,13.77,13.77,13.77,2323.0
2019-03-25 15:13:00,13.78,13.78,13.7786,13.7786,3577.0
2019-03-25 15:14:00,13.79,13.79,13.78,13.78,900.0
2019-03-25 15:17:00,13.8,13.8,13.8,13.8,900.0
2019-03-25 15:18:00,13.7967,13.8,13.7967,13.8,2100.0
2019-03-25 15:20:00,13.8,13.8,13.8,13.8,934.0
2019-03-25 15:22:00,13.807,13.807,13.8,13.8,2773.0
2019-03-25 15:24:00,13.82,13.82,13.82,13.82,900.0
2019-03-25 15:25:00,13.83,13.83,13.83,13.83,1200.0
2019-03-25 15:26:00,13.8299,13.8299,13.8299,13.8299,1400.0
2019-03-25 15:27:00,13.83,13.83,13.83,13.83,1525.0
2019-03-25 15:28:00,13.84,13.84,13.84,13.84,800.0
2019-03-25 15:29:00,13.8302,13.8302,13.8302,13.8302,2089.0
2019-03-25 15:33:00,13.81,13.81,13.81,13.81,150.0
2019-03-25 15:34:00,13.8072,13.8072,13.8072,13.8072,626.0
2019-03-25 15:37:00,13.8,13.8,13.8,13.8,400.0
2019-03-25 15:39:00,13.8,13.8,13.8,13.8,300.0
2019-03-25 15:40:00,13.81,13.81,13.81,13.81,200.0
2019-03-25 15:41:00,13.8,13.8,13.8,13.8,300.0
2019-03-25 15:43:00,13.8,13.8,13.8,13.8,323.0
2019-03-25 15:44:00,13.81,13.81,13.81,13.81,800.0
2019-03-25 15:45:00,13.83,13.83,13.83,13.83,400.0
2019-03-25 15:47:00,13.85,13.85,13.85,13.85,51434.0
2019-03-25 15:48:00,13.85,13.85,13.85,13.85,6885.0
2019-03-25 15:49:00,13.85,13.85,13.85,13.85,800.0
2019-03-25 15:50:00,13.85,13.85,13.85,13.85,1300.0
2019-03-25 15:51:00,13.85,13.85,13.85,13.85,600.0
2019-03-25 15:53:00,13.84,13.84,13.84,13.84,426.0
2019-03-25 15:54:00,13.845,13.845,13.845,13.845,275.0
2019-03-25 15:55:00,13.8475,13.8475,13.8475,13.8475,700.0
2019-03-25 15:56:00,13.85,13.85,13.85,13.85,548.0
2019-03-25 15:57:00,13.85,13.85,13.85,13.85,3700.0
2019-03-25 15:58:00,13.85,13.85,13.84,13.84,2001.0
2019-03-25 16:00:00,13.85,13.85,13.85,13.85,2387.0
2019-03-26 09:31:00,13.9,13.9,13.9,13.9,5671.0
2019-03-26 09:33:00,13.94,13.95,13.94,13.95,6050.0
2019-03-26 09:37:00,13.9932,13.9932,13.9932,13.9932,2744.0
2019-03-26 09:38:00,14.05,14.05,14.05,14.05,810.0
2019-03-26 09:45:00,14.055,14.055,14.055,14.055,1100.0
2019-03-26 09:46:00,14.09,14.09,14.09,14.09,2900.0
2019-03-26 09:48:00,14.07,14.07,14.05,14.05,5106.0
2019-03-26 09:51:00,14.0612,14.0612,14.0612,14.0612,3700.0
2019-03-26 09:59:00,14.04,14.04,14.04,14.04,1000.0
2019-03-26 10:06:00,14.0261,14.0261,14.0261,14.0261,3872.0
2019-03-26 10:18:00,14.0172,14.0172,14.0172,14.0172,1422.0
2019-03-26 10:25:00,14.0111,14.0111,14.0111,14.0111,1000.0
2019-03-26 10:28:00,13.9805,13.9805,13.9805,13.9805,1000.0
2019-03-26 10:29:00,14.0215,14.0215,13.9999,13.9999,3999.0
2019-03-26 10:35:00,13.9875,13.9875,13.9875,13.9875,771.0
2019-03-26 10:42:00,14.004,14.004,14.004,14.004,1188.0
2019-03-26 10:47:00,14.0,14.0,14.0,14.0,1023.0
2019-03-26 10:57:00,14.03,14.03,14.03,14.03,1606.0
2019-03-26 11:06:00,14.029,14.029,14.029,14.029,1430.0
2019-03-26 11:07:00,14.03,14.03,14.0147,14.0147,7729.0
2019-03-26 11:11:00,14.0,14.0,14.0,14.0,600.0
2019-03-26 11:13:00,13.976,13.976,13.976,13.976,1090.0
2019-03-26 11:15:00,13.95,13.95,13.95,13.95,2300.0
2019-03-26 11:16:00,13.953,13.953,13.953,13.953,1400.0
2019-03-26 11:20:00,13.9219,13.9219,13.9219,13.9219,1600.0
2019-03-26 11:21:00,13.909,13.909,13.909,13.909,888.0
2019-03-26 11:26:00,13.91,13.91,13.91,13.91,500.0
2019-03-26 11:31:00,13.92,13.92,13.92,13.92,1865.0
2019-03-26 11:33:00,13.93,13.96,13.93,13.96,12111.0
2019-03-26 11:36:00,13.95,13.96,13.95,13.96,13011.0
2019-03-26 11:39:00,13.9694,13.9694,13.9694,13.9694,338.0
2019-03-26 11:42:00,13.99,13.99,13.99,13.99,1200.0
2019-03-26 11:45:00,14.01,14.01,14.01,14.01,1800.0
2019-03-26 11:47:00,13.9951,13.9951,13.9951,13.9951,190.0
2019-03-26 11:51:00,13.98,13.98,13.98,13.98,226.0
2019-03-26 11:55:00,13.96,13.96,13.96,13.96,200.0
2019-03-26 11:56:00,13.9757,13.9757,13.9757,13.9757,4174.0
2019-03-26 11:57:00,13.9704,13.9704,13.9704,13.9704,1126.0
2019-03-26 12:02:00,13.97,13.97,13.97,13.97,800.0
2019-03-26 12:05:00,13.9716,13.9716,13.9716,13.9716,340.0
2019-03-26 12:13:00,13.9695,13.9695,13.9695,13.9695,1109.0
2019-03-26 12:18:00,13.9637,13.9637,13.9637,13.9637,918.0
2019-03-26 12:31:00,13.99,13.99,13.9826,13.9826,0.0
2019-03-26 12:42:00,13.9618,13.9618,13.9618,13.9618,1627.0
2019-03-26 12:43:00,13.96,13.96,13.96,13.96,100.0
2019-03-26 12:46:00,13.97,13.97,13.97,13.97,400.0
2019-03-26 12:47:00,13.9704,13.9704,13.9704,13.9704,1105.0
2019-03-26 13:06:00,13.97,13.98,13.97,13.98,2542.0
2019-03-26 13:10:00,13.968,13.968,13.968,13.968,2000.0
2019-03-26 13:20:00,13.97,13.97,13.97,13.97,400.0
2019-03-26 13:21:00,13.96,13.96,13.96,13.96,200.0
2019-03-26 13:26:00,13.95,13.95,13.95,13.95,500.0
2019-03-26 13:27:00,13.954,13.954,13.954,13.954,2930.0
2019-03-26 13:28:00,13.9484,13.9484,13.9484,13.9484,715.0
2019-03-26 13:33:00,13.9319,13.9319,13.9319,13.9319,100.0
2019-03-26 13:37:00,13.925,13.925,13.925,13.925,400.0
2019-03-26 13:43:00,13.9201,13.9201,13.92,13.92,2800.0
2019-03-26 13:52:00,13.91,13.91,13.91,13.91,110.0
2019-03-26 13:53:00,13.8923,13.8923,13.8923,13.8923,2929.0
2019-03-26 13:59:00,13.885,13.885,13.885,13.885,403.0
2019-03-26 14:04:00,13.876,13.876,13.876,13.876,600.0
2019-03-26 14:05:00,13.8707,13.8707,13.8707,13.8707,1600.0
2019-03-26 14:06:00,13.88,13.88,13.88,13.88,264.0
2019-03-26 14:11:00,13.88,13.88,13.88,13.88,100.0
2019-03-26 14:20:00,13.8976,13.8976,13.8976,13.8976,800.0
2019-03-26 14:38:00,13.9036,13.91,13.9036,13.91,334.0
2019-03-26 14:43:00,13.9035,13.9035,13.9035,13.9035,1648.0
2019-03-26 14:47:00,13.92,13.92,13.92,13.92,1000.0
2019-03-26 14:54:00,13.92,13.92,13.92,13.92,5333.0
2019-03-26 14:57:00,13.9358,13.9358,13.9358,13.9358,1250.0
2019-03-26 15:00:00,13.92,13.92,13.92,13.92,3576.0
2019-03-26 15:05:00,13.9196,13.9196,13.9196,13.9196,200.0
2019-03-26 15:07:00,13.92,13.925,13.92,13.925,10000.0
2019-03-26 15:09:00,13.91,13.925,13.91,13.925,3578.0
2019-03-26 15:15:00,13.93,13.93,13.93,13.93,291.0
2019-03-26 15:23:00,13.9343,13.9343,13.9343,13.9343,1600.0
2019-03-26 15:30:00,13.92,13.92,13.92,13.92,100.0
2019-03-26 15:31:00,13.92,13.92,13.92,13.92,4677.0
2019-03-26 15:33:00,13.9146,13.9146,13.9146,13.9146,1765.0
2019-03-26 15:38:00,13.91,13.91,13.91,13.91,102.0
2019-03-26 15:39:00,13.9,13.9,13.9,13.9,1900.0
2019-03-26 15:40:00,13.9,13.9,13.9,13.9,1670.0
2019-03-26 15:41:00,13.89,13.89,13.89,13.89,2702.0
2019-03-26 15:42:00,13.88,13.89,13.88,13.88,6896.0
2019-03-26 15:43:00,13.88,13.88,13.88,13.88,1572.0
2019-03-26 15:44:00,13.87,13.87,13.87,13.87,6202.0
2019-03-26 15:45:00,13.84,13.8598,13.84,13.85,10043.0
2019-03-26 15:46:00,13.85,13.85,13.84,13.84,3410.0
2019-03-26 15:47:00,13.84,13.84,13.84,13.84,6910.0
2019-03-26 15:48:00,13.83,13.83,13.83,13.83,4831.0
2019-03-26 15:49:00,13.83,13.83,13.82,13.82,4764.0
2019-03-26 15:50:00,13.82,13.82,13.82,13.82,4702.0
2019-03-26 15:51:00,13.82,13.82,13.82,13.82,2100.0
2019-03-26 15:52:00,13.82,13.82,13.82,13.82,3563.0
2019-03-26 15:53:00,13.82,13.82,13.82,13.82,4409.0
2019-03-26 15:54:00,13.81,13.82,13.81,13.82,3660.0
2019-03-26 15:55:00,13.81,13.81,13.81,13.81,712.0
2019-03-26 15:56:00,13.82,13.82,13.81,13.81,8290.0
2019-03-26 15:57:00,13.8173,13.82,13.8173,13.82,5981.0
2019-03-26 15:58:00,13.81,13.82,13.81,13.82,5803.0
2019-03-26 15:59:00,13.81,13.82,13.81,13.82,10428.0
2019-03-26 16:00:00,13.83,13.83,13.83,13.83,160382.0
2019-03-27 09:31:00,13.83,13.83,13.83,13.83,6908.0
2019-03-27 09:34:00,13.84,13.84,13.84,13.84,1100.0
2019-03-27 09:35:00,13.85,13.8789,13.85,13.8789,523.0
2019-03-27 09:37:00,13.86,13.86,13.83,13.86,2000.0
2019-03-27 09:41:00,13.84,13.84,13.84,13.84,1000.0
2019-03-27 09:43:00,13.84,13.84,13.84,13.84,100.0
2019-03-27 09:44:00,13.85,13.85,13.84,13.84,3300.0
2019-03-27 09:45:00,13.84,13.87,13.84,13.865,10200.0
2019-03-27 09:46:00,13.84,13.84,13.84,13.84,1070.0
2019-03-27 09:48:00,13.8499,13.8499,13.8499,13.8499,360.0
2019-03-27 09:51:00,13.85,13.85,13.84,13.84,1514.0
2019-03-27 09:52:00,13.86,13.86,13.84,13.85,1812.0
2019-03-27 09:53:00,13.86,13.86,13.85,13.85,200.0
2019-03-27 09:55:00,13.845,13.845,13.84,13.84,1314.0
2019-03-27 09:56:00,13.83,13.84,13.83,13.84,1100.0
2019-03-27 09:57:00,13.82,13.8426,13.82,13.8426,736.0
2019-03-27 09:58:00,13.83,13.83,13.83,13.83,183.0
2019-03-27 10:00:00,13.83,13.83,13.83,13.83,200.0
2019-03-27 10:02:00,13.83,13.83,13.823,13.823,1724.0
2019-03-27 10:03:00,13.84,13.84,13.84,13.84,100.0
2019-03-27 10:04:00,13.8201,13.8201,13.8201,13.8201,1078.0
2019-03-27 10:10:00,13.85,13.85,13.85,13.85,1600.0
2019-03-27 10:11:00,13.85,13.85,13.85,13.85,600.0
2019-03-27 10:12:00,13.88,13.88,13.85,13.85,1128.0
2019-03-27 10:16:00,13.86,13.86,13.86,13.86,300.0
2019-03-27 10:17:00,13.86,13.86,13.86,13.86,200.0
2019-03-27 10:18:00,13.86,13.86,13.86,13.86,300.0
2019-03-27 10:19:00,13.86,13.86,13.86,13.86,2000.0
2019-03-27 10:23:00,13.86,13.86,13.85,13.85,300.0
2019-03-27 10:24:00,13.866,13.866,13.85,13.86,1350.0
2019-03-27 10:25:00,13.855,13.855,13.85,13.85,575.0
2019-03-27 10:26:00,13.85,13.85,13.85,13.85,125.0
2019-03-27 10:28:00,13.86,13.86,13.86,13.86,300.0
2019-03-27 10:29:00,13.86,13.8699,13.86,13.8699,700.0
2019-03-27 10:30:00,13.8699,13.8699,13.8699,13.8699,1100.0
2019-03-27 10:32:00,13.855,13.855,13.855,13.855,126.0
2019-03-27 10:34:00,13.8603,13.8603,13.8603,13.8603,482.0
2019-03-27 10:35:00,13.83,13.84,13.83,13.84,480.0
2019-03-27 10:36:00,13.85,13.85,13.82,13.82,1190.0
2019-03-27 10:37:00,13.81,13.82,13.81,13.81,310.0
2019-03-27 10:40:00,13.84,13.84,13.84,13.84,100.0
2019-03-27 10:42:00,13.84,13.84,13.82,13.82,340.0
2019-03-27 10:44:00,13.82,13.82,13.82,13.82,153.0
2019-03-27 10:46:00,13.8,13.8,13.7848,13.7848,3900.0
2019-03-27 10:48:00,13.79,13.79,13.78,13.78,1520.0
2019-03-27 10:49:00,13.77,13.77,13.75,13.77,10837.0
2019-03-27 10:51:00,13.75,13.77,13.75,13.7557,1500.0
2019-03-27 10:52:00,13.74,13.7594,13.74,13.755,5368.0
2019-03-27 10:54:00,13.755,13.755,13.755,13.755,117.0
2019-03-27 10:57:00,13.7405,13.7405,13.7405,13.7405,514.0
2019-03-27 10:59:00,13.7699,13.7699,13.7699,13.7699,508.0
2019-03-27 11:00:00,13.761,13.7795,13.76,13.76,3473.0
2019-03-27 11:02:00,13.78,13.78,13.76,13.765,581.0
2019-03-27 11:07:00,13.7782,13.7782,13.7782,13.7782,1900.0
2019-03-27 11:09:00,13.78,13.78,13.78,13.78,803.0
2019-03-27 11:17:00,13.77,13.77,13.769,13.77,1683.0
2019-03-27 11:21:00,13.76,13.77,13.76,13.77,200.0
2019-03-27 11:23:00,13.76,13.76,13.76,13.76,120.0
2019-03-27 11:25:00,13.76,13.76,13.73,13.73,12400.0
2019-03-27 11:26:00,13.74,13.75,13.74,13.75,400.0
2019-03-27 11:35:00,13.73,13.73,13.72,13.72,1335.0
2019-03-27 11:36:00,13.71,13.71,13.71,13.71,175.0
2019-03-27 11:37:00,13.7238,13.7238,13.7238,13.7238,500.0
2019-03-27 11:43:00,13.71,13.72,13.71,13.71,395.0
2019-03-27 11:44:00,13.72,13.72,13.72,13.72,1000.0
2019-03-27 11:48:00,13.71,13.71,13.71,13.71,100.0
2019-03-27 11:51:00,13.7101,13.7101,13.71,13.71,3000.0
2019-03-27 11:52:00,13.71,13.71,13.71,13.71,1200.0
2019-03-27 11:55:00,13.7191,13.7191,13.7191,13.7191,430.0
2019-03-27 11:58:00,13.72,13.72,13.7,13.7064,2837.0
2019-03-27 11:59:00,13.7192,13.7192,13.7192,13.7192,2000.0
2019-03-27 12:09:00,13.72,13.72,13.72,13.72,100.0
2019-03-27 12:12:00,13.71,13.71,13.71,13.71,2750.0
2019-03-27 12:16:00,13.7368,13.7368,13.7368,13.7368,100.0
2019-03-27 12:18:00,13.729,13.7342,13.729,13.7342,545.0
2019-03-27 12:21:00,13.75,13.75,13.75,13.75,575.0
2019-03-27 12:26:00,13.7401,13.7401,13.7401,13.7401,315.0
2019-03-27 12:27:00,13.75,13.7516,13.75,13.7516,450.0
2019-03-27 12:29:00,13.7556,13.7556,13.7556,13.7556,1101.0
2019-03-27 12:36:00,13.7594,13.7594,13.7594,13.7594,516.0
2019-03-27 12:38:00,13.7603,13.7636,13.7603,13.7636,500.0
2019-03-27 12:41:00,13.75,13.75,13.75,13.75,677.0
2019-03-27 12:46:00,13.7565,13.7565,13.7565,13.7565,1000.0
2019-03-27 12:47:00,13.7453,13.7453,13.7453,13.7453,100.0
2019-03-27 12:51:00,13.75,13.75,13.75,13.75,700.0
2019-03-27 12:52:00,13.75,13.75,13.75,13.75,100.0
2019-03-27 12:53:00,13.76,13.76,13.76,13.76,153.0
2019-03-27 12:59:00,13.7635,13.7635,13.7635,13.7635,250.0
2019-03-27 13:02:00,13.7628,13.7628,13.7628,13.7628,400.0
2019-03-27 13:03:00,13.77,13.77,13.77,13.77,100.0
2019-03-27 13:04:00,13.75,13.75,13.75,13.75,100.0
2019-03-27 13:05:00,13.75,13.75,13.75,13.75,1200.0
2019-03-27 13:07:00,13.7522,13.7588,13.75,13.7522,2285.0
2019-03-27 13:09:00,13.75,13.75,13.75,13.75,800.0
2019-03-27 13:11:00,13.757,13.757,13.757,13.757,200.0
2019-03-27 13:16:00,13.7618,13.7618,13.7611,13.7611,2163.0
2019-03-27 13:17:00,13.7585,13.7585,13.7585,13.7585,500.0
2019-03-27 13:19:00,13.7659,13.7659,13.7659,13.7659,1000.0
2019-03-27 13:42:00,13.753,13.753,13.75,13.75,274.0
2019-03-27 13:43:00,13.76,13.76,13.7568,13.7568,551.0
2019-03-27 13:44:00,13.75,13.76,13.75,13.75,1000.0
2019-03-27 13:46:00,13.76,13.76,13.76,13.76,100.0
2019-03-27 13:47:00,13.76,13.76,13.76,13.76,400.0
2019-03-27 13:52:00,13.7641,13.7641,13.75,13.75,2374.0
2019-03-27 14:00:00,13.7618,13.7618,13.7618,13.7618,300.0
2019-03-27 14:01:00,13.7638,13.7638,13.7638,13.7638,300.0
2019-03-27 14:06:00,13.76,13.76,13.76,13.76,100.0
2019-03-27 14:14:00,13.7693,13.7693,13.7693,13.7693,440.0
2019-03-27 14:17:00,13.769,13.77,13.7614,13.77,3700.0
2019-03-27 14:19:00,13.75,13.76,13.75,13.75,900.0
2019-03-27 14:24:00,13.76,13.76,13.75,13.76,900.0
2019-03-27 14:28:00,13.77,13.77,13.77,13.77,100.0
2019-03-27 14:30:00,13.7643,13.7643,13.7643,13.7643,677.0
2019-03-27 14:35:00,13.7631,13.7631,13.7631,13.7631,300.0
2019-03-27 14:37:00,13.77,13.77,13.76,13.76,600.0
2019-03-27 14:43:00,13.76,13.76,13.76,13.76,200.0
2019-03-27 14:58:00,13.76,13.76,13.76,13.76,300.0
2019-03-27 14:59:00,13.76,13.76,13.76,13.76,700.0
2019-03-27 15:00:00,13.77,13.77,13.7671,13.7671,2405.0
2019-03-27 15:01:00,13.76,13.76,13.76,13.76,0.0
2019-03-27 15:11:00,13.7661,13.7661,13.7661,13.7661,144678.0
2019-03-27 15:13:00,13.7601,13.763,13.7601,13.763,300.0
2019-03-27 15:17:00,13.755,13.755,13.755,13.755,700.0
2019-03-27 15:27:00,13.76,13.76,13.76,13.76,554.0
2019-03-27 15:31:00,13.77,13.77,13.77,13.77,300.0
2019-03-27 15:33:00,13.77,13.77,13.77,13.77,799.0
2019-03-27 15:38:00,13.76,13.76,13.755,13.755,425.0
2019-03-27 15:42:00,13.76,13.765,13.76,13.765,525.0
2019-03-27 15:45:00,13.77,13.77,13.77,13.77,643.0
2019-03-27 15:46:00,13.77,13.77,13.77,13.77,5876.0
2019-03-27 15:51:00,13.775,13.775,13.775,13.775,707.0
2019-03-27 15:53:00,13.7758,13.7758,13.775,13.775,635.0
2019-03-27 15:56:00,13.78,13.78,13.78,13.78,1737.0
2019-03-27 16:00:00,13.79,13.8,13.79,13.8,3399.0
2019-03-28 09:31:00,13.8,13.8,13.8,13.8,0.0
2019-03-28 09:40:00,13.82,13.82,13.82,13.82,223.0
2019-03-28 09:44:00,13.83,13.84,13.8259,13.8259,1000.0
2019-03-28 09:45:00,13.83,13.84,13.83,13.83,1900.0
2019-03-28 09:46:00,13.84,13.84,13.84,13.84,200.0
2019-03-28 09:48:00,13.85,13.86,13.85,13.86,4469.0
2019-03-28 09:50:00,13.86,13.86,13.86,13.86,105.0
2019-03-28 09:56:00,13.86,13.86,13.86,13.86,100.0
2019-03-28 10:00:00,13.85,13.85,13.85,13.85,100.0
2019-03-28 10:01:00,13.85,13.87,13.85,13.85,2400.0
2019-03-28 10:02:00,13.86,13.86,13.83,13.83,200.0
2019-03-28 10:06:00,13.85,13.8573,13.8414,13.855,1682.0
2019-03-28 10:08:00,13.86,13.86,13.86,13.86,175.0
2019-03-28 10:09:00,13.85,13.85,13.8467,13.8467,833.0
2019-03-28 10:11:00,13.85,13.85,13.8471,13.8472,1350.0
2019-03-28 10:14:00,13.85,13.85,13.84,13.84,1300.0
2019-03-28 10:16:00,13.83,13.83,13.83,13.83,300.0
2019-03-28 10:17:00,13.83,13.83,13.83,13.83,200.0
2019-03-28 10:22:00,13.85,13.85,13.84,13.84,300.0
2019-03-28 10:27:00,13.85,13.85,13.85,13.85,1000.0
2019-03-28 10:31:00,13.85,13.85,13.8475,13.85,1200.0
2019-03-28 10:32:00,13.86,13.86,13.86,13.86,100.0
2019-03-28 10:33:00,13.85,13.85,13.85,13.85,300.0
2019-03-28 10:34:00,13.85,13.85,13.85,13.85,700.0
2019-03-28 10:35:00,13.85,13.85,13.85,13.85,206.0
2019-03-28 10:42:00,13.86,13.86,13.86,13.86,100.0
2019-03-28 10:44:00,13.85,13.85,13.84,13.8447,8034.0
2019-03-28 10:47:00,13.8536,13.8536,13.84,13.84,400.0
2019-03-28 10:50:00,13.84,13.84,13.84,13.84,2215.0
2019-03-28 10:58:00,13.8383,13.8383,13.8383,13.8383,400.0
2019-03-28 11:02:00,13.83,13.8315,13.83,13.8315,932.0
2019-03-28 11:03:00,13.8,13.8,13.7902,13.7902,3393.0
2019-03-28 11:07:00,13.8005,13.8005,13.8005,13.8005,177.0
2019-03-28 11:12:00,13.8,13.81,13.8,13.81,1300.0
2019-03-28 11:14:00,13.81,13.81,13.81,13.81,615.0
2019-03-28 11:17:00,13.8134,13.8134,13.8134,13.8134,347.0
2019-03-28 11:20:00,13.8,13.8,13.8,13.8,111.0
2019-03-28 11:21:00,13.79,13.79,13.79,13.79,103.0
2019-03-28 11:22:00,13.7964,13.7964,13.7964,13.7964,2340.0
2019-03-28 11:23:00,13.8046,13.8046,13.8046,13.8046,127.0
2019-03-28 11:25:00,13.78,13.78,13.78,13.78,200.0
2019-03-28 11:29:00,13.7662,13.7662,13.7662,13.7662,1581.0
2019-03-28 11:35:00,13.755,13.755,13.755,13.755,100.0
2019-03-28 11:36:00,13.74,13.7485,13.74,13.7485,600.0
2019-03-28 11:39:00,13.7543,13.7543,13.7543,13.7543,1100.0
2019-03-28 11:49:00,13.754,13.76,13.754,13.76,877.0
2019-03-28 11:53:00,13.761,13.761,13.761,13.761,875.0
2019-03-28 11:57:00,13.76,13.76,13.76,13.76,108.0
2019-03-28 11:58:00,13.76,13.76,13.76,13.76,280.0
2019-03-28 12:24:00,13.76,13.77,13.76,13.77,327.0
2019-03-28 12:38:00,13.78,13.78,13.78,13.78,300.0
2019-03-28 12:39:00,13.77,13.77,13.77,13.77,100.0
2019-03-28 12:48:00,13.7921,13.7921,13.7921,13.7921,105.0
2019-03-28 12:49:00,13.7971,13.7971,13.7971,13.7971,1136.0
2019-03-28 12:51:00,13.7986,13.7986,13.7986,13.7986,175.0
2019-03-28 12:52:00,13.7999,13.7999,13.7999,13.7999,242.0
2019-03-28 13:03:00,13.81,13.81,13.8,13.8001,5400.0
2019-03-28 13:06:00,13.82,13.82,13.82,13.82,2906.0
2019-03-28 13:07:00,13.82,13.82,13.82,13.82,1633.0
2019-03-28 13:18:00,13.82,13.82,13.82,13.82,225.0
2019-03-28 13:20:00,13.83,13.83,13.83,13.83,2068.0
2019-03-28 13:21:00,13.835,13.835,13.81,13.81,4027.0
2019-03-28 13:22:00,13.8226,13.8226,13.8226,13.8226,1000.0
2019-03-28 13:23:00,13.8165,13.8165,13.8165,13.8165,364.0
2019-03-28 13:24:00,13.81,13.83,13.81,13.83,942.0
2019-03-28 13:25:00,13.84,13.84,13.84,13.84,301.0
2019-03-28 13:27:00,13.84,13.84,13.83,13.83,300.0
2019-03-28 13:28:00,13.8335,13.84,13.83,13.84,840.0
2019-03-28 13:33:00,13.83,13.84,13.83,13.84,1900.0
2019-03-28 13:36:00,13.84,13.84,13.83,13.83,1066.0
2019-03-28 13:40:00,13.83,13.83,13.83,13.83,480.0
2019-03-28 13:44:00,13.835,13.835,13.835,13.835,1000.0
2019-03-28 13:45:00,13.84,13.84,13.84,13.84,100.0
2019-03-28 13:46:00,13.84,13.84,13.84,13.84,100.0
2019-03-28 13:47:00,13.8301,13.8301,13.8301,13.8301,1000.0
2019-03-28 13:48:00,13.84,13.84,13.84,13.84,100.0
2019-03-28 13:49:00,13.84,13.84,13.84,13.84,100.0
2019-03-28 13:50:00,13.84,13.84,13.84,13.84,100.0
2019-03-28 13:51:00,13.84,13.84,13.84,13.84,100.0
2019-03-28 13:52:00,13.84,13.84,13.84,13.84,100.0
2019-03-28 13:53:00,13.84,13.84,13.84,13.84,627.0
2019-03-28 13:54:00,13.85,13.85,13.84,13.84,800.0
2019-03-28 13:57:00,13.84,13.84,13.84,13.84,300.0
2019-03-28 14:00:00,13.85,13.85,13.85,13.85,100.0
2019-03-28 14:03:00,13.85,13.86,13.85,13.86,200.0
2019-03-28 14:04:00,13.85,13.8599,13.85,13.85,1750.0
2019-03-28 14:05:00,13.86,13.86,13.86,13.86,100.0
2019-03-28 14:07:00,13.86,13.86,13.85,13.8562,359.0
2019-03-28 14:09:00,13.86,13.86,13.86,13.86,100.0
2019-03-28 14:11:00,13.855,13.855,13.855,13.855,100.0
2019-03-28 14:13:00,13.855,13.855,13.855,13.855,100.0
2019-03-28 14:14:00,13.85,13.86,13.85,13.86,1085.0
2019-03-28 14:15:00,13.855,13.86,13.85,13.86,1700.0
2019-03-28 14:17:00,13.86,13.86,13.86,13.86,100.0
2019-03-28 14:18:00,13.85,13.85,13.85,13.85,100.0
2019-03-28 14:19:00,13.86,13.86,13.86,13.86,100.0
2019-03-28 14:21:00,13.85,13.86,13.85,13.86,200.0
2019-03-28 14:22:00,13.85,13.85,13.85,13.85,100.0
2019-03-28 14:23:00,13.85,13.85,13.85,13.85,445.0
2019-03-28 14:25:00,13.8566,13.8566,13.85,13.85,1436.0
2019-03-28 14:29:00,13.86,13.86,13.86,13.86,100.0
2019-03-28 14:30:00,13.86,13.86,13.86,13.86,500.0
2019-03-28 14:31:00,13.86,13.86,13.86,13.86,100.0
2019-03-28 14:32:00,13.8457,13.8457,13.8457,13.8457,250.0
2019-03-28 14:33:00,13.86,13.86,13.8599,13.8599,600.0
2019-03-28 14:35:00,13.8585,13.86,13.8564,13.86,816.0
2019-03-28 14:36:00,13.86,13.86,13.86,13.86,100.0
2019-03-28 14:38:00,13.86,13.86,13.86,13.86,100.0
2019-03-28 14:40:00,13.86,13.86,13.86,13.86,100.0
2019-03-28 14:42:00,13.86,13.86,13.86,13.86,100.0
2019-03-28 14:44:00,13.86,13.86,13.86,13.86,100.0
2019-03-28 14:45:00,13.86,13.86,13.86,13.86,650.0
2019-03-28 14:47:00,13.86,13.86,13.86,13.86,100.0
2019-03-28 14:49:00,13.86,13.86,13.86,13.86,100.0
2019-03-28 14:51:00,13.86,13.86,13.86,13.86,105.0
2019-03-28 14:52:00,13.8554,13.86,13.8554,13.86,1253.0
2019-03-28 14:53:00,13.86,13.86,13.86,13.86,100.0
2019-03-28 14:54:00,13.8566,13.8566,13.8566,13.8566,500.0
2019-03-28 14:55:00,13.86,13.86,13.86,13.86,100.0
2019-03-28 14:58:00,13.86,13.86,13.86,13.86,100.0
2019-03-28 14:59:00,13.855,13.86,13.85,13.8529,2750.0
2019-03-28 15:04:00,13.86,13.87,13.86,13.87,1095.0
2019-03-28 15:06:00,13.87,13.87,13.87,13.87,100.0
2019-03-28 15:07:00,13.87,13.87,13.87,13.87,100.0
2019-03-28 15:08:00,13.87,13.87,13.87,13.87,100.0
2019-03-28 15:10:00,13.87,13.87,13.87,13.87,100.0
2019-03-28 15:11:00,13.87,13.87,13.87,13.87,100.0
2019-03-28 15:12:00,13.87,13.87,13.87,13.87,200.0
2019-03-28 15:13:00,13.87,13.87,13.87,13.87,512.0
2019-03-28 15:14:00,13.88,13.88,13.87,13.87,225.0
2019-03-28 15:15:00,13.88,13.88,13.88,13.88,100.0
2019-03-28 15:16:00,13.88,13.88,13.87,13.87,610.0
2019-03-28 15:17:00,13.88,13.88,13.88,13.88,200.0
2019-03-28 15:18:00,13.88,13.88,13.88,13.88,100.0
2019-03-28 15:19:00,13.8783,13.8783,13.8783,13.8783,184.0
2019-03-28 15:20:00,13.88,13.88,13.88,13.88,100.0
2019-03-28 15:25:00,13.8799,13.8799,13.8799,13.8799,200.0
2019-03-28 15:29:00,13.88,13.88,13.88,13.88,237.0
2019-03-28 15:30:00,13.89,13.89,13.89,13.89,200.0
2019-03-28 15:32:00,13.89,13.89,13.89,13.89,100.0
2019-03-28 15:33:00,13.88,13.88,13.88,13.88,403.0
2019-03-28 15:34:00,13.89,13.89,13.89,13.89,100.0
2019-03-28 15:36:00,13.89,13.89,13.89,13.89,194.0
2019-03-28 15:37:00,13.89,13.89,13.89,13.89,100.0
2019-03-28 15:39:00,13.89,13.89,13.89,13.89,100.0
2019-03-28 15:40:00,13.89,13.89,13.8874,13.8874,1400.0
2019-03-28 15:42:00,13.89,13.89,13.888,13.888,1200.0
2019-03-28 15:43:00,13.89,13.89,13.89,13.89,100.0
2019-03-28 15:44:00,13.89,13.89,13.89,13.89,100.0
2019-03-28 15:45:00,13.89,13.89,13.89,13.89,100.0
2019-03-28 15:46:00,13.89,13.89,13.89,13.89,1661.0
2019-03-28 15:47:00,13.89,13.89,13.88,13.88,1295.0
2019-03-28 15:54:00,13.884,13.884,13.884,13.884,333.0
2019-03-28 15:55:00,13.88,13.89,13.88,13.89,411.0
2019-03-28 15:56:00,13.89,13.89,13.8899,13.89,1500.0
2019-03-28 15:57:00,13.9,13.9,13.9,13.9,492.0
2019-03-28 15:58:00,13.9,13.91,13.9,13.91,505.0
2019-03-28 15:59:00,13.91,13.91,13.9,13.91,500.0
2019-03-28 16:00:00,13.91,13.92,13.89,13.89,3163.0
2019-03-29 09:31:00,14.0,14.0,13.99,13.99,3922.0
2019-03-29 09:33:00,14.0016,14.0016,14.0016,14.0016,1000.0
2019-03-29 09:36:00,14.0,14.0,14.0,14.0,100.0
2019-03-29 09:37:00,13.94,13.9641,13.9301,13.9641,9055.0
2019-03-29 09:41:00,13.92,13.92,13.92,13.92,500.0
2019-03-29 09:43:00,13.95,13.98,13.95,13.9664,2345.0
2019-03-29 09:44:00,13.95,13.95,13.95,13.95,202.0
2019-03-29 09:47:00,13.9652,13.9652,13.9652,13.9652,200.0
2019-03-29 09:50:00,13.96,13.96,13.9597,13.9597,1100.0
2019-03-29 09:51:00,13.9438,13.96,13.9438,13.96,1100.0
2019-03-29 09:52:00,13.96,13.96,13.9559,13.9559,8459.0
2019-03-29 09:54:00,13.96,13.96,13.9496,13.9496,375.0
2019-03-29 09:57:00,13.96,13.96,13.96,13.96,300.0
2019-03-29 09:59:00,13.98,13.98,13.98,13.98,200.0
2019-03-29 10:01:00,13.9305,13.9305,13.9305,13.9305,600.0
2019-03-29 10:02:00,13.98,13.98,13.98,13.98,100.0
2019-03-29 10:05:00,13.98,13.98,13.98,13.98,240.0
2019-03-29 10:16:00,13.94,13.94,13.94,13.94,245.0
2019-03-29 10:19:00,13.95,13.95,13.95,13.95,1625.0
2019-03-29 10:21:00,13.9301,13.9301,13.9301,13.9301,2217.0
2019-03-29 10:39:00,13.9496,13.9496,13.9496,13.9496,701.0
2019-03-29 10:42:00,13.94,13.94,13.94,13.94,553.0
2019-03-29 10:43:00,13.94,13.94,13.94,13.94,315.0
2019-03-29 10:45:00,13.9329,13.98,13.9329,13.96,33538.0
2019-03-29 10:48:00,13.975,13.975,13.975,13.975,100.0
2019-03-29 10:49:00,13.9748,13.9748,13.9748,13.9748,150.0
2019-03-29 10:50:00,13.97,13.97,13.97,13.97,600.0
2019-03-29 10:58:00,13.95,13.95,13.95,13.95,600.0
2019-03-29 10:59:00,13.95,13.96,13.94,13.955,2660.0
2019-03-29 11:03:00,13.9321,13.9321,13.9321,13.9321,285.0
2019-03-29 11:10:00,13.948,13.948,13.948,13.948,1030.0
2019-03-29 11:14:00,13.93,13.93,13.93,13.93,1000.0
2019-03-29 11:16:00,13.9301,13.936,13.9301,13.936,1450.0
2019-03-29 11:18:00,13.94,13.96,13.94,13.9599,11165.0
2019-03-29 11:19:00,13.94,13.94,13.94,13.94,400.0
2019-03-29 11:21:00,13.93,13.93,13.93,13.93,475.0
2019-03-29 11:22:00,13.9433,13.9433,13.9433,13.9433,300.0
2019-03-29 11:24:00,13.95,13.95,13.93,13.9444,1000.0
2019-03-29 11:25:00,13.9493,13.95,13.94,13.944,4300.0
2019-03-29 11:28:00,13.95,13.95,13.94,13.95,1830.0
2019-03-29 11:32:00,13.95,13.95,13.95,13.95,550.0
2019-03-29 11:39:00,13.97,13.97,13.97,13.97,300.0
2019-03-29 11:41:00,13.9665,13.9665,13.9665,13.9665,231.0
2019-03-29 11:43:00,13.98,13.98,13.98,13.98,1000.0
2019-03-29 11:45:00,13.98,13.98,13.98,13.98,114.0
2019-03-29 11:54:00,13.97,13.97,13.97,13.97,200.0
2019-03-29 11:55:00,13.98,13.98,13.96,13.98,6800.0
2019-03-29 11:58:00,13.98,14.02,13.98,14.02,20165.0
2019-03-29 11:59:00,14.01,14.03,14.0062,14.0162,14200.0
2019-03-29 12:01:00,14.02,14.02,14.01,14.012,1880.0
2019-03-29 12:05:00,14.02,14.02,14.0199,14.02,900.0
2019-03-29 12:09:00,14.03,14.04,14.03,14.04,3532.0
2019-03-29 12:12:00,14.023,14.023,14.023,14.023,2000.0
2019-03-29 12:15:00,14.03,14.03,14.03,14.03,2000.0
2019-03-29 12:18:00,14.04,14.05,14.04,14.05,889.0
2019-03-29 12:20:00,14.05,14.05,14.05,14.05,475.0
2019-03-29 12:21:00,14.05,14.05,14.05,14.05,900.0
2019-03-29 12:22:00,14.0497,14.05,14.0497,14.05,600.0
2019-03-29 12:23:00,14.06,14.06,14.0566,14.0599,5421.0
2019-03-29 12:29:00,14.06,14.06,14.06,14.06,100.0
2019-03-29 12:36:00,14.0516,14.0516,14.0516,14.0516,1000.0
2019-03-29 12:37:00,14.05,14.05,14.05,14.05,357.0
2019-03-29 12:38:00,14.0493,14.05,14.0493,14.05,1161.0
2019-03-29 12:41:00,14.05,14.05,14.05,14.05,164.0
2019-03-29 12:47:00,14.04,14.045,14.04,14.04,1875.0
2019-03-29 12:48:00,14.04,14.04,14.04,14.04,239.0
2019-03-29 12:51:00,14.04,14.04,14.04,14.04,1900.0
2019-03-29 12:59:00,14.05,14.05,14.05,14.05,1827.0
2019-03-29 13:00:00,14.0402,14.0402,14.0402,14.0402,100.0
2019-03-29 13:03:00,14.05,14.06,14.05,14.05,3500.0
2019-03-29 13:07:00,14.04,14.04,14.04,14.04,800.0
2019-03-29 13:12:00,14.0424,14.0424,14.0424,14.0424,380.0
2019-03-29 13:14:00,14.04,14.04,14.0365,14.04,4700.0
2019-03-29 13:15:00,14.0301,14.0301,14.0301,14.0301,235.0
2019-03-29 13:25:00,14.035,14.035,14.035,14.035,1900.0
2019-03-29 13:26:00,14.035,14.035,14.03,14.03,258.0
2019-03-29 13:28:00,14.0367,14.04,14.0366,14.04,2000.0
2019-03-29 13:30:00,14.04,14.04,14.04,14.04,506.0
2019-03-29 13:33:00,14.05,14.05,14.05,14.05,2000.0
2019-03-29 13:34:00,14.05,14.0501,14.05,14.05,5440.0
2019-03-29 13:39:00,14.0478,14.0478,14.0478,14.0478,200.0
2019-03-29 13:46:00,14.05,14.05,14.05,14.05,250.0
2019-03-29 13:56:00,14.04,14.04,14.04,14.04,163.0
2019-03-29 14:03:00,14.03,14.04,14.03,14.04,1369.0
2019-03-29 14:06:00,14.04,14.04,14.04,14.04,1156.0
2019-03-29 14:09:00,14.04,14.04,14.04,14.04,200.0
2019-03-29 14:11:00,14.045,14.045,14.045,14.045,1000.0
2019-03-29 14:12:00,14.04,14.05,14.04,14.05,200.0
2019-03-29 14:13:00,14.0475,14.0475,14.0475,14.0475,500.0
2019-03-29 14:15:00,14.0431,14.0431,14.0431,14.0431,600.0
2019-03-29 14:16:00,14.04,14.0433,14.04,14.0433,400.0
2019-03-29 14:20:00,14.0427,14.0427,14.0427,14.0427,450.0
2019-03-29 14:21:00,14.04,14.0432,14.04,14.0432,800.0
2019-03-29 14:25:00,14.04,14.04,14.04,14.04,1500.0
2019-03-29 14:27:00,14.04,14.04,14.04,14.04,200.0
2019-03-29 14:29:00,14.04,14.04,14.04,14.04,100.0
2019-03-29 14:33:00,14.03,14.03,14.03,14.03,164.0
2019-03-29 14:41:00,14.03,14.03,14.03,14.03,241.0
2019-03-29 14:51:00,14.02,14.02,14.02,14.02,770.0
2019-03-29 14:52:00,14.0207,14.0207,14.0207,14.0207,175.0
2019-03-29 14:53:00,14.03,14.0307,14.03,14.0307,2186.0
2019-03-29 14:56:00,14.04,14.04,14.0347,14.0347,500.0
2019-03-29 15:02:00,14.04,14.04,14.04,14.04,400.0
2019-03-29 15:06:00,14.04,14.04,14.04,14.04,100.0
2019-03-29 15:11:00,14.0351,14.0351,14.02,14.0201,4134.0
2019-03-29 15:13:00,14.0206,14.0206,14.0206,14.0206,271.0
2019-03-29 15:17:00,14.03,14.03,14.03,14.03,101.0
2019-03-29 15:19:00,14.03,14.03,14.03,14.03,100.0
2019-03-29 15:20:00,14.03,14.03,14.03,14.03,1209.0
2019-03-29 15:28:00,14.0232,14.0232,14.0232,14.0232,255.0
2019-03-29 15:32:00,14.0238,14.0238,14.02,14.02,3700.0
2019-03-29 15:39:00,14.0256,14.0256,14.0256,14.0256,715.0
2019-03-29 15:40:00,14.03,14.03,14.03,14.03,100.0
2019-03-29 15:43:00,14.03,14.03,14.0265,14.03,1300.0
2019-03-29 15:46:00,14.02,14.02,14.02,14.02,1208.0
2019-03-29 15:47:00,14.01,14.01,14.01,14.01,1179.0
2019-03-29 15:48:00,14.02,14.02,14.02,14.02,702.0
2019-03-29 15:49:00,14.01,14.01,14.01,14.01,342.0
2019-03-29 15:55:00,14.0106,14.04,14.008,14.04,9103.0
2019-03-29 15:56:00,14.0245,14.04,14.0245,14.04,500.0
2019-03-29 15:58:00,14.04,14.04,14.04,14.04,100.0
2019-03-29 15:59:00,14.04,14.04,14.03,14.04,1000.0
2019-03-29 16:00:00,14.02,14.02,14.02,14.02,1909.0
2019-04-01 09:33:00,14.12,14.12,14.12,14.12,6351.0
2019-04-01 09:35:00,14.1,14.1,14.1,14.1,1187.0
2019-04-01 09:37:00,14.088,14.088,14.088,14.088,1000.0
2019-04-01 09:43:00,14.128,14.128,14.128,14.128,227.0
2019-04-01 09:46:00,14.13,14.13,14.13,14.13,100.0
2019-04-01 09:49:00,14.1368,14.1368,14.1368,14.1368,1000.0
2019-04-01 09:51:00,14.165,14.165,14.165,14.165,2193.0
2019-04-01 09:54:00,14.1501,14.1501,14.1501,14.1501,2174.0
2019-04-01 10:03:00,14.18,14.18,14.18,14.18,700.0
2019-04-01 10:05:00,14.18,14.18,14.18,14.18,500.0
2019-04-01 10:09:00,14.2,14.2,14.2,14.2,1549.0
2019-04-01 10:12:00,14.19,14.19,14.19,14.19,372.0
2019-04-01 10:14:00,14.1925,14.1925,14.1925,14.1925,3268.0
2019-04-01 10:15:00,14.19,14.19,14.19,14.19,6941.0
2019-04-01 10:18:00,14.205,14.205,14.205,14.205,225.0
2019-04-01 10:21:00,14.21,14.21,14.21,14.21,600.0
2019-04-01 10:32:00,14.1999,14.1999,14.1999,14.1999,607.0
2019-04-01 10:33:00,14.1901,14.1901,14.1901,14.1901,430.0
2019-04-01 10:35:00,14.2086,14.2086,14.2086,14.2086,808.0
2019-04-01 10:39:00,14.21,14.21,14.21,14.21,614.0
2019-04-01 10:45:00,14.2344,14.2344,14.2344,14.2344,900.0
2019-04-01 10:48:00,14.2498,14.2498,14.2498,14.2498,1000.0
2019-04-01 10:52:00,14.2499,14.2499,14.2499,14.2499,2000.0
2019-04-01 10:55:00,14.2499,14.2499,14.2499,14.2499,2667.0
2019-04-01 10:57:00,14.2489,14.2489,14.2489,14.2489,571.0
2019-04-01 11:03:00,14.25,14.25,14.25,14.25,1685.0
2019-04-01 11:06:00,14.2301,14.2301,14.2301,14.2301,106.0
2019-04-01 11:07:00,14.231,14.231,14.231,14.231,1401.0
2019-04-01 11:12:00,14.2426,14.2426,14.2426,14.2426,201.0
2019-04-01 11:13:00,14.25,14.25,14.25,14.25,652.0
2019-04-01 11:16:00,14.2301,14.2301,14.2301,14.2301,2853.0
2019-04-01 11:25:00,14.2306,14.2306,14.2306,14.2306,100.0
2019-04-01 11:27:00,14.2299,14.2299,14.2294,14.2294,2510.0
2019-04-01 11:31:00,14.22,14.2201,14.22,14.2201,406.0
2019-04-01 11:33:00,14.22,14.22,14.22,14.22,353.0
2019-04-01 11:35:00,14.213,14.213,14.213,14.213,1000.0
2019-04-01 11:38:00,14.1913,14.1913,14.1913,14.1913,2862.0
2019-04-01 11:40:00,14.1965,14.1965,14.1965,14.1965,3816.0
2019-04-01 11:46:00,14.1882,14.1882,14.1882,14.1882,1450.0
2019-04-01 11:50:00,14.1874,14.1999,14.1874,14.1999,1650.0
2019-04-01 11:57:00,14.2,14.2,14.2,14.2,100.0
2019-04-01 12:00:00,14.181,14.181,14.181,14.181,1221.0
2019-04-01 12:06:00,14.17,14.17,14.1657,14.1657,2600.0
2019-04-01 12:09:00,14.161,14.161,14.161,14.161,175.0
2019-04-01 12:10:00,14.161,14.161,14.161,14.161,625.0
2019-04-01 12:16:00,14.17,14.17,14.17,14.17,201.0
2019-04-01 12:19:00,14.188,14.188,14.188,14.188,165.0
2019-04-01 12:23:00,14.1913,14.1913,14.1913,14.1913,1102.0
2019-04-01 12:31:00,14.1901,14.1901,14.1901,14.1901,267.0
2019-04-01 12:34:00,14.2,14.2,14.2,14.2,159.0
2019-04-01 12:45:00,14.19,14.19,14.19,14.19,859.0
2019-04-01 12:54:00,14.2,14.2,14.2,14.2,526.0
2019-04-01 12:58:00,14.1965,14.1965,14.1965,14.1965,400.0
2019-04-01 12:59:00,14.2036,14.2036,14.2036,14.2036,2551.0
2019-04-01 13:02:00,14.2001,14.2001,14.2001,14.2001,2266.0
2019-04-01 13:05:00,14.219,14.219,14.219,14.219,200.0
2019-04-01 13:09:00,14.22,14.22,14.22,14.22,100.0
2019-04-01 13:17:00,14.23,14.23,14.222,14.222,1816.0
2019-04-01 13:23:00,14.23,14.23,14.22,14.2285,3345.0
2019-04-01 13:29:00,14.21,14.21,14.21,14.21,2400.0
2019-04-01 13:34:00,14.225,14.225,14.225,14.225,940.0
2019-04-01 13:37:00,14.238,14.238,14.238,14.238,333.0
2019-04-01 13:47:00,14.2211,14.23,14.2211,14.23,3744.0
2019-04-01 13:50:00,14.2208,14.2208,14.2208,14.2208,333.0
2019-04-01 13:52:00,14.23,14.23,14.23,14.23,2275.0
2019-04-01 14:04:00,14.2277,14.2277,14.2277,14.2277,771.0
2019-04-01 14:07:00,14.2301,14.2301,14.23,14.23,14597.0
2019-04-01 14:21:00,14.22,14.22,14.22,14.22,1605.0
2019-04-01 14:23:00,14.21,14.21,14.21,14.21,600.0
2019-04-01 14:24:00,14.21,14.21,14.21,14.21,1700.0
2019-04-01 14:25:00,14.21,14.21,14.21,14.21,839.0
2019-04-01 14:26:00,14.21,14.21,14.21,14.21,1518.0
2019-04-01 14:27:00,14.21,14.21,14.21,14.21,700.0
2019-04-01 14:28:00,14.21,14.21,14.21,14.21,2756.0
2019-04-01 14:29:00,14.2,14.2,14.2,14.2,1891.0
2019-04-01 14:30:00,14.2,14.2,14.2,14.2,1642.0
2019-04-01 14:31:00,14.2081,14.2081,14.2081,14.2081,4697.0
2019-04-01 14:38:00,14.2133,14.22,14.2133,14.22,1556.0
2019-04-01 14:43:00,14.219,14.219,14.219,14.219,1000.0
2019-04-01 14:46:00,14.2167,14.2167,14.2167,14.2167,409.0
2019-04-01 14:47:00,14.21,14.21,14.2,14.2,855.0
2019-04-01 14:54:00,14.19,14.19,14.19,14.19,1600.0
2019-04-01 14:56:00,14.19,14.19,14.19,14.19,1600.0
2019-04-01 14:57:00,14.1931,14.1931,14.1931,14.1931,1195.0
2019-04-01 15:00:00,14.191,14.191,14.191,14.191,2600.0
2019-04-01 15:03:00,14.18,14.18,14.18,14.18,573.0
2019-04-01 15:04:00,14.185,14.185,14.185,14.185,200.0
2019-04-01 15:07:00,14.181,14.181,14.181,14.181,2600.0
2019-04-01 15:10:00,14.185,14.185,14.185,14.185,850.0
2019-04-01 15:14:00,14.19,14.19,14.19,14.19,973.0
2019-04-01 15:26:00,14.195,14.195,14.195,14.195,294.0
2019-04-01 15:28:00,14.1954,14.1954,14.1954,14.1954,1334.0
2019-04-01 15:30:00,14.195,14.195,14.195,14.195,200.0
2019-04-01 15:32:00,14.1999,14.1999,14.1999,14.1999,1300.0
2019-04-01 15:34:00,14.19,14.19,14.19,14.19,2998.0
2019-04-01 15:37:00,14.2,14.2,14.2,14.2,100.0
2019-04-01 15:45:00,14.195,14.195,14.195,14.195,201.0
2019-04-01 15:49:00,14.19,14.19,14.19,14.19,100.0
2019-04-01 15:51:00,14.2,14.2,14.2,14.2,200.0
2019-04-01 15:52:00,14.195,14.195,14.195,14.195,200.0
2019-04-01 15:54:00,14.2,14.2,14.2,14.2,6747.0
2019-04-01 15:56:00,14.2065,14.2065,14.2065,14.2065,962.0
2019-04-01 15:57:00,14.21,14.21,14.21,14.21,2086.0
2019-04-01 15:59:00,14.1983,14.1983,14.1983,14.1983,2233.0
2019-04-02 09:31:00,14.27,14.27,14.2321,14.2321,6116.0
2019-04-02 09:36:00,14.28,14.28,14.28,14.28,100.0
2019-04-02 09:42:00,14.2679,14.2679,14.2679,14.2679,300.0
2019-04-02 09:43:00,14.25,14.25,14.25,14.25,2518.0
2019-04-02 09:46:00,14.23,14.23,14.23,14.23,100.0
2019-04-02 09:50:00,14.23,14.23,14.23,14.23,600.0
2019-04-02 09:53:00,14.257,14.257,14.23,14.23,825.0
2019-04-02 09:56:00,14.2543,14.2543,14.2543,14.2543,350.0
2019-04-02 09:58:00,14.2498,14.2498,14.2498,14.2498,100.0
2019-04-02 10:00:00,14.23,14.23,14.23,14.23,300.0
2019-04-02 10:01:00,14.23,14.23,14.23,14.23,1011.0
2019-04-02 10:04:00,14.23,14.23,14.23,14.23,217.0
2019-04-02 10:05:00,14.23,14.23,14.23,14.23,200.0
2019-04-02 10:06:00,14.23,14.25,14.23,14.24,3746.0
2019-04-02 10:07:00,14.24,14.24,14.23,14.23,2200.0
2019-04-02 10:08:00,14.23,14.24,14.23,14.24,1400.0
2019-04-02 10:09:00,14.24,14.24,14.24,14.24,800.0
2019-04-02 10:10:00,14.24,14.24,14.24,14.24,716.0
2019-04-02 10:14:00,14.2431,14.2431,14.2431,14.2431,1993.0
2019-04-02 10:17:00,14.2401,14.243,14.2271,14.2271,2032.0
2019-04-02 10:18:00,14.23,14.23,14.23,14.23,1400.0
2019-04-02 10:20:00,14.23,14.2338,14.23,14.2338,2400.0
2019-04-02 10:22:00,14.23,14.23,14.23,14.23,1144.0
2019-04-02 10:25:00,14.2322,14.2322,14.2322,14.2322,766.0
2019-04-02 10:29:00,14.23,14.24,14.23,14.236,10200.0
2019-04-02 10:32:00,14.24,14.24,14.24,14.24,100.0
2019-04-02 10:33:00,14.24,14.24,14.24,14.24,100.0
2019-04-02 10:34:00,14.24,14.24,14.24,14.24,300.0
2019-04-02 10:35:00,14.24,14.24,14.23,14.23,435.0
2019-04-02 10:36:00,14.23,14.23,14.23,14.23,565.0
2019-04-02 10:37:00,14.23,14.235,14.23,14.235,300.0
2019-04-02 10:39:00,14.235,14.235,14.235,14.235,205.0
2019-04-02 10:54:00,14.22,14.22,14.22,14.22,2002.0
2019-04-02 10:58:00,14.22,14.22,14.21,14.22,2125.0
2019-04-02 10:59:00,14.21,14.21,14.21,14.21,1500.0
2019-04-02 11:01:00,14.2,14.2,14.2,14.2,600.0
2019-04-02 11:02:00,14.19,14.19,14.1827,14.1827,2556.0
2019-04-02 11:03:00,14.18,14.18,14.18,14.18,2568.0
2019-04-02 11:04:00,14.17,14.17,14.17,14.17,1000.0
2019-04-02 11:05:00,14.17,14.19,14.17,14.19,418.0
2019-04-02 11:06:00,14.19,14.19,14.19,14.19,400.0
2019-04-02 11:07:00,14.1973,14.1973,14.1899,14.1899,2011.0
2019-04-02 11:08:00,14.1899,14.1899,14.1899,14.1899,548.0
2019-04-02 11:09:00,14.19,14.19,14.19,14.19,800.0
2019-04-02 11:15:00,14.19,14.19,14.19,14.19,100.0
2019-04-02 11:18:00,14.19,14.2,14.19,14.19,994.0
2019-04-02 11:19:00,14.19,14.19,14.19,14.19,1871.0
2019-04-02 11:21:00,14.19,14.2,14.19,14.19,2640.0
2019-04-02 11:22:00,14.19,14.2,14.19,14.2,4198.0
2019-04-02 11:25:00,14.2103,14.2103,14.2103,14.2103,424.0
2019-04-02 11:32:00,14.2,14.2,14.2,14.2,309.0
2019-04-02 11:37:00,14.21,14.21,14.21,14.21,200.0
2019-04-02 11:40:00,14.2149,14.2149,14.2149,14.2149,800.0
2019-04-02 11:47:00,14.2,14.2,14.2,14.2,200.0
2019-04-02 11:48:00,14.2,14.21,14.2,14.2055,4136.0
2019-04-02 11:52:00,14.2,14.2001,14.2,14.2001,3600.0
2019-04-02 11:54:00,14.2059,14.2059,14.2059,14.2059,300.0
2019-04-02 11:55:00,14.2,14.2,14.2,14.2,3193.0
2019-04-02 12:02:00,14.2001,14.207,14.2,14.207,600.0
2019-04-02 12:04:00,14.2099,14.2099,14.2099,14.2099,800.0
2019-04-02 12:05:00,14.2,14.2,14.2,14.2,181.0
2019-04-02 12:10:00,14.2086,14.2086,14.2086,14.2086,100.0
2019-04-02 12:11:00,14.1976,14.1976,14.1976,14.1976,573.0
2019-04-02 12:15:00,14.2072,14.21,14.2067,14.2067,1022.0
2019-04-02 12:21:00,14.2234,14.2234,14.2234,14.2234,2000.0
2019-04-02 12:25:00,14.22,14.22,14.22,14.22,164.0
2019-04-02 12:33:00,14.2165,14.2165,14.2165,14.2165,100.0
2019-04-02 12:38:00,14.23,14.23,14.21,14.2228,6151.0
2019-04-02 12:45:00,14.2232,14.2232,14.2232,14.2232,150.0
2019-04-02 12:51:00,14.24,14.24,14.24,14.24,1075.0
2019-04-02 13:07:00,14.2201,14.24,14.2201,14.24,3243.0
2019-04-02 13:16:00,14.25,14.25,14.25,14.25,100.0
2019-04-02 13:18:00,14.27,14.27,14.27,14.27,100.0
2019-04-02 13:19:00,14.2606,14.2606,14.2606,14.2606,250.0
2019-04-02 13:20:00,14.27,14.27,14.27,14.27,100.0
2019-04-02 13:21:00,14.27,14.27,14.27,14.27,100.0
2019-04-02 13:25:00,14.27,14.27,14.27,14.27,118.0
2019-04-02 13:27:00,14.27,14.27,14.27,14.27,100.0
2019-04-02 13:30:00,14.27,14.27,14.27,14.27,208.0
2019-04-02 13:33:00,14.28,14.28,14.28,14.28,216.0
2019-04-02 13:35:00,14.2724,14.2724,14.27,14.27,3236.0
2019-04-02 13:40:00,14.26,14.27,14.26,14.27,768.0
2019-04-02 13:44:00,14.28,14.28,14.28,14.28,884.0
2019-04-02 13:45:00,14.27,14.27,14.27,14.27,152.0
2019-04-02 13:47:00,14.26,14.2736,14.26,14.2736,469.0
2019-04-02 13:48:00,14.28,14.28,14.28,14.28,100.0
2019-04-02 13:50:00,14.2797,14.2797,14.2797,14.2797,1000.0
2019-04-02 13:55:00,14.2812,14.2812,14.2812,14.2812,481.0
2019-04-02 13:59:00,14.29,14.29,14.2829,14.2829,1140.0
2019-04-02 14:00:00,14.27,14.2833,14.27,14.2833,1950.0
2019-04-02 14:03:00,14.285,14.285,14.285,14.285,1000.0
2019-04-02 14:05:00,14.29,14.29,14.29,14.29,170.0
2019-04-02 14:07:00,14.29,14.29,14.29,14.29,568.0
2019-04-02 14:19:00,14.29,14.29,14.29,14.29,100.0
2019-04-02 14:20:00,14.29,14.29,14.29,14.29,200.0
2019-04-02 14:24:00,14.29,14.29,14.29,14.29,100.0
2019-04-02 14:27:00,14.285,14.285,14.2832,14.285,1448.0
2019-04-02 14:34:00,14.2836,14.2836,14.2836,14.2836,309.0
2019-04-02 14:42:00,14.285,14.285,14.285,14.285,500.0
2019-04-02 14:44:00,14.28,14.29,14.28,14.29,467.0
2019-04-02 14:47:00,14.2833,14.2833,14.2833,14.2833,248.0
2019-04-02 14:50:00,14.29,14.29,14.29,14.29,118.0
2019-04-02 14:52:00,14.2801,14.2801,14.2801,14.2801,100.0
2019-04-02 14:53:00,14.29,14.29,14.29,14.29,100.0
2019-04-02 14:56:00,14.28,14.287,14.28,14.287,2443.0
2019-04-02 14:58:00,14.29,14.29,14.29,14.29,147.0
2019-04-02 14:59:00,14.29,14.29,14.29,14.29,808.0
2019-04-02 15:00:00,14.295,14.295,14.295,14.295,1222.0
2019-04-02 15:01:00,14.3,14.3,14.3,14.3,100.0
2019-04-02 15:02:00,14.3,14.3,14.3,14.3,100.0
2019-04-02 15:03:00,14.3,14.3,14.3,14.3,100.0
2019-04-02 15:04:00,14.3,14.3,14.2971,14.2971,1100.0
2019-04-02 15:05:00,14.3,14.3,14.3,14.3,100.0
2019-04-02 15:06:00,14.3,14.3,14.3,14.3,255.0
2019-04-02 15:07:00,14.3,14.3,14.3,14.3,107.0
2019-04-02 15:08:00,14.3,14.309,14.3,14.309,1102.0
2019-04-02 15:09:00,14.3,14.3,14.3,14.3,100.0
2019-04-02 15:10:00,14.3,14.3,14.3,14.3,1000.0
2019-04-02 15:11:00,14.3,14.3,14.3,14.3,100.0
2019-04-02 15:12:00,14.3,14.3,14.3,14.3,372.0
2019-04-02 15:13:00,14.3,14.3,14.3,14.3,191.0
2019-04-02 15:14:00,14.31,14.31,14.305,14.305,3100.0
2019-04-02 15:15:00,14.31,14.31,14.31,14.31,100.0
2019-04-02 15:16:00,14.31,14.31,14.31,14.31,100.0
2019-04-02 15:17:00,14.3067,14.31,14.3,14.3,2700.0
2019-04-02 15:18:00,14.3095,14.31,14.3095,14.31,1379.0
2019-04-02 15:19:00,14.31,14.31,14.31,14.31,100.0
2019-04-02 15:20:00,14.31,14.31,14.31,14.31,100.0
2019-04-02 15:21:00,14.31,14.31,14.31,14.31,100.0
2019-04-02 15:22:00,14.31,14.31,14.31,14.31,100.0
2019-04-02 15:23:00,14.31,14.31,14.31,14.31,100.0
2019-04-02 15:24:00,14.31,14.31,14.31,14.31,100.0
2019-04-02 15:25:00,14.31,14.31,14.31,14.31,100.0
2019-04-02 15:28:00,14.31,14.32,14.301,14.32,1200.0
2019-04-02 15:29:00,14.31,14.32,14.31,14.32,400.0
2019-04-02 15:32:00,14.32,14.32,14.311,14.32,1116.0
2019-04-02 15:33:00,14.329,14.329,14.329,14.329,500.0
2019-04-02 15:34:00,14.329,14.33,14.329,14.33,600.0
2019-04-02 15:37:00,14.3102,14.3102,14.3102,14.3102,533.0
2019-04-02 15:38:00,14.32,14.32,14.32,14.32,100.0
2019-04-02 15:41:00,14.33,14.34,14.33,14.33,2684.0
2019-04-02 15:42:00,14.33,14.34,14.33,14.34,300.0
2019-04-02 15:43:00,14.34,14.34,14.34,14.34,100.0
2019-04-02 15:44:00,14.34,14.34,14.34,14.34,282.0
2019-04-02 15:45:00,14.335,14.335,14.3101,14.3169,2753.0
2019-04-02 15:46:00,14.32,14.32,14.32,14.32,100.0
2019-04-02 15:47:00,14.32,14.32,14.32,14.32,200.0
2019-04-02 15:49:00,14.31,14.32,14.31,14.31,5034.0
2019-04-02 15:50:00,14.305,14.305,14.305,14.305,521.0
2019-04-02 15:51:00,14.31,14.31,14.295,14.3,4302.0
2019-04-02 15:52:00,14.3,14.3,14.3,14.3,1250.0
2019-04-02 15:53:00,14.3,14.3,14.3,14.3,479.0
2019-04-02 15:54:00,14.31,14.33,14.31,14.32,7250.0
2019-04-02 15:55:00,14.315,14.32,14.31,14.32,332.0
2019-04-02 15:56:00,14.31,14.31,14.3005,14.31,1307.0
2019-04-02 15:57:00,14.31,14.31,14.305,14.305,467.0
2019-04-02 15:58:00,14.31,14.31,14.3,14.3,2579.0
2019-04-02 15:59:00,14.3,14.31,14.3,14.305,1015.0
2019-04-02 16:00:00,14.305,14.32,14.3,14.31,2729.0
2019-04-03 09:31:00,14.33,14.33,14.33,14.33,8674.0
2019-04-03 09:39:00,14.3701,14.383,14.3701,14.383,600.0
2019-04-03 09:40:00,14.3837,14.3837,14.3837,14.3837,1000.0
2019-04-03 09:43:00,14.3575,14.3575,14.3575,14.3575,180.0
2019-04-03 09:53:00,14.33,14.348,14.33,14.348,1299.0
2019-04-03 09:55:00,14.325,14.325,14.325,14.325,179.0
2019-04-03 10:01:00,14.3299,14.3299,14.3299,14.3299,201.0
2019-04-03 10:03:00,14.3299,14.3299,14.3299,14.3299,600.0
2019-04-03 10:05:00,14.335,14.335,14.33,14.33,1489.0
2019-04-03 10:06:00,14.31,14.31,14.31,14.31,129.0
2019-04-03 10:07:00,14.32,14.32,14.3,14.3,1253.0
2019-04-03 10:13:00,14.31,14.31,14.31,14.31,300.0
2019-04-03 10:16:00,14.32,14.325,14.32,14.32,1046.0
2019-04-03 10:19:00,14.321,14.321,14.321,14.321,1700.0
2019-04-03 10:21:00,14.315,14.321,14.3001,14.32,1811.0
2019-04-03 10:31:00,14.315,14.3299,14.31,14.3299,1297.0
2019-04-03 10:33:00,14.3128,14.3128,14.3128,14.3128,390.0
2019-04-03 10:34:00,14.31,14.32,14.31,14.32,260.0
2019-04-03 10:35:00,14.31,14.31,14.31,14.31,560.0
2019-04-03 10:36:00,14.305,14.305,14.3001,14.3001,940.0
2019-04-03 10:37:00,14.305,14.305,14.3,14.3,500.0
2019-04-03 10:38:00,14.2947,14.3,14.2947,14.3,437.0
2019-04-03 10:39:00,14.2987,14.2987,14.2987,14.2987,458.0
2019-04-03 10:45:00,14.29,14.29,14.29,14.29,700.0
2019-04-03 10:46:00,14.29,14.305,14.29,14.3,1363.0
2019-04-03 10:50:00,14.2933,14.2933,14.29,14.29,880.0
2019-04-03 10:55:00,14.3,14.3,14.3,14.3,700.0
2019-04-03 11:03:00,14.3081,14.3081,14.3081,14.3081,1000.0
2019-04-03 11:04:00,14.3,14.3,14.3,14.3,100.0
2019-04-03 11:07:00,14.31,14.31,14.31,14.31,158.0
2019-04-03 11:20:00,14.2995,14.2995,14.2995,14.2995,156.0
2019-04-03 11:26:00,14.29,14.2942,14.29,14.29,2200.0
2019-04-03 11:29:00,14.2885,14.2885,14.2885,14.2885,500.0
2019-04-03 11:32:00,14.28,14.28,14.28,14.28,200.0
2019-04-03 11:33:00,14.2849,14.2849,14.28,14.28,1784.0
2019-04-03 11:36:00,14.28,14.284,14.27,14.28,2877.0
2019-04-03 11:37:00,14.28,14.28,14.28,14.28,200.0
2019-04-03 11:42:00,14.28,14.28,14.28,14.28,1600.0
2019-04-03 11:44:00,14.27,14.275,14.27,14.27,1055.0
2019-04-03 11:47:00,14.27,14.27,14.27,14.27,221.0
2019-04-03 11:48:00,14.2735,14.2735,14.27,14.27,880.0
2019-04-03 11:49:00,14.27,14.27,14.27,14.27,100.0
2019-04-03 11:51:00,14.2717,14.2717,14.2717,14.2717,1000.0
2019-04-03 11:54:00,14.27,14.2799,14.27,14.2799,440.0
2019-04-03 11:58:00,14.28,14.28,14.28,14.28,1005.0
2019-04-03 12:05:00,14.2734,14.2734,14.2734,14.2734,380.0
2019-04-03 12:12:00,14.2699,14.2699,14.2699,14.2699,7508.0
2019-04-03 12:14:00,14.26,14.28,14.26,14.27,4595.0
2019-04-03 12:16:00,14.27,14.27,14.26,14.27,573.0
2019-04-03 12:19:00,14.2667,14.2667,14.2667,14.2667,350.0
2019-04-03 12:31:00,14.26,14.26,14.26,14.26,678.0
2019-04-03 12:34:00,14.26,14.26,14.25,14.25,660.0
2019-04-03 12:36:00,14.25,14.25,14.25,14.25,919.0
2019-04-03 12:39:00,14.255,14.255,14.255,14.255,455.0
2019-04-03 12:52:00,14.2567,14.2567,14.24,14.24,1884.0
2019-04-03 12:54:00,14.2478,14.2478,14.2478,14.2478,225.0
2019-04-03 12:55:00,14.245,14.25,14.245,14.25,1300.0
2019-04-03 12:57:00,14.245,14.25,14.245,14.2478,1901.0
2019-04-03 12:59:00,14.26,14.26,14.2586,14.2586,350.0
2019-04-03 13:02:00,14.255,14.255,14.255,14.255,300.0
2019-04-03 13:15:00,14.2556,14.257,14.2556,14.257,1000.0
2019-04-03 13:26:00,14.255,14.2599,14.255,14.255,2005.0
2019-04-03 13:27:00,14.2544,14.2544,14.2544,14.2544,852.0
2019-04-03 13:30:00,14.25,14.25,14.25,14.25,695.0
2019-04-03 13:32:00,14.2525,14.2525,14.2525,14.2525,500.0
2019-04-03 13:37:00,14.25,14.255,14.25,14.255,961.0
2019-04-03 13:44:00,14.25,14.25,14.25,14.25,400.0
2019-04-03 13:48:00,14.2407,14.2407,14.24,14.24,300.0
2019-04-03 13:52:00,14.24,14.244,14.24,14.244,1200.0
2019-04-03 13:53:00,14.24,14.24,14.24,14.24,100.0
2019-04-03 13:57:00,14.2415,14.2415,14.24,14.24,4500.0
2019-04-03 14:00:00,14.2471,14.2471,14.2471,14.2471,986.0
2019-04-03 14:02:00,14.24,14.24,14.24,14.24,100.0
2019-04-03 14:03:00,14.24,14.24,14.24,14.24,0.0
2019-04-03 14:05:00,14.23,14.23,14.23,14.23,82974.0
2019-04-03 14:09:00,14.23,14.23,14.23,14.23,427.0
2019-04-03 14:14:00,14.22,14.22,14.22,14.22,300.0
2019-04-03 14:15:00,14.2268,14.2268,14.2268,14.2268,250.0
2019-04-03 14:18:00,14.22,14.22,14.22,14.22,100.0
2019-04-03 14:20:00,14.2227,14.2227,14.2227,14.2227,126.0
2019-04-03 14:22:00,14.22,14.22,14.22,14.22,100.0
2019-04-03 14:26:00,14.22,14.22,14.22,14.22,100.0
2019-04-03 14:28:00,14.23,14.24,14.23,14.24,600.0
2019-04-03 14:29:00,14.24,14.25,14.24,14.2462,1910.0
2019-04-03 14:31:00,14.2401,14.2401,14.2401,14.2401,700.0
2019-04-03 14:38:00,14.2549,14.2549,14.2549,14.2549,100.0
2019-04-03 14:39:00,14.25,14.25,14.25,14.25,800.0
2019-04-03 14:41:00,14.2435,14.2435,14.2401,14.2435,2310.0
2019-04-03 14:43:00,14.24,14.24,14.24,14.24,100.0
2019-04-03 14:45:00,14.24,14.24,14.24,14.24,306.0
2019-04-03 14:47:00,14.24,14.24,14.24,14.24,105.0
2019-04-03 14:51:00,14.23,14.23,14.23,14.23,100.0
2019-04-03 14:53:00,14.2313,14.2313,14.2313,14.2313,104.0
2019-04-03 14:55:00,14.23,14.23,14.23,14.23,100.0
2019-04-03 14:56:00,14.2399,14.2399,14.2399,14.2399,990.0
2019-04-03 14:59:00,14.23,14.23,14.23,14.23,100.0
2019-04-03 15:04:00,14.24,14.2429,14.24,14.24,1222.0
2019-04-03 15:06:00,14.24,14.24,14.24,14.24,114.0
2019-04-03 15:08:00,14.23,14.23,14.23,14.23,100.0
2019-04-03 15:12:00,14.23,14.23,14.23,14.23,600.0
2019-04-03 15:13:00,14.2399,14.2399,14.2399,14.2399,131.0
2019-04-03 15:14:00,14.2399,14.2399,14.2399,14.2399,115.0
2019-04-03 15:16:00,14.23,14.23,14.23,14.23,100.0
2019-04-03 15:20:00,14.2316,14.2368,14.23,14.2368,2135.0
2019-04-03 15:21:00,14.24,14.24,14.24,14.24,300.0
2019-04-03 15:28:00,14.23,14.23,14.23,14.23,100.0
2019-04-03 15:29:00,14.2443,14.2443,14.2443,14.2443,625.0
2019-04-03 15:33:00,14.23,14.23,14.23,14.23,101.0
2019-04-03 15:34:00,14.2364,14.2364,14.2364,14.2364,115.0
2019-04-03 15:37:00,14.23,14.23,14.23,14.23,136.0
2019-04-03 15:41:00,14.24,14.24,14.24,14.24,100.0
2019-04-03 15:42:00,14.2448,14.2448,14.2448,14.2448,345.0
2019-04-03 15:43:00,14.2442,14.2442,14.2442,14.2442,800.0
2019-04-03 15:45:00,14.24,14.24,14.24,14.24,100.0
2019-04-03 15:46:00,14.2497,14.2497,14.2497,14.2497,1000.0
2019-04-03 15:49:00,14.24,14.24,14.24,14.24,100.0
2019-04-03 15:50:00,14.24,14.25,14.24,14.25,2100.0
2019-04-03 15:51:00,14.25,14.26,14.25,14.26,1425.0
2019-04-03 15:52:00,14.26,14.27,14.26,14.2675,807.0
2019-04-03 15:53:00,14.27,14.27,14.265,14.265,200.0
2019-04-03 15:54:00,14.265,14.265,14.265,14.265,100.0
2019-04-03 15:55:00,14.265,14.27,14.265,14.27,300.0
2019-04-03 15:56:00,14.27,14.27,14.27,14.27,200.0
2019-04-03 15:57:00,14.26,14.26,14.26,14.26,1120.0
2019-04-03 15:58:00,14.265,14.265,14.265,14.265,279.0
2019-04-03 15:59:00,14.26,14.26,14.26,14.26,885.0
2019-04-03 16:00:00,14.265,14.28,14.265,14.28,4510.0
