2018-06-27,16.0,16.23,14.75,15.0,2484691.0
2018-06-28,14.99,15.12,13.405,13.48,403480.0
2018-06-29,13.47,13.47,12.21,12.6,167165.0
2018-07-02,12.46,12.88,11.71,11.71,102817.0
2018-07-03,11.75,12.5,11.7201,11.92,81534.0
2018-07-05,12.72,13.47,12.311,13.4,236660.0
2018-07-06,13.23,13.51,13.05,13.25,27046.0
2018-07-09,13.4,13.4,13.131,13.21,35369.0
2018-07-10,13.24,13.2773,12.05,12.32,95264.0
2018-07-11,12.21,13.0,12.075,12.7,78479.0
2018-07-12,12.75,13.0,11.76,12.01,234541.0
2018-07-13,12.04,12.09,11.2,11.75,324361.0
2018-07-16,11.7,11.9,10.6,11.05,163026.0
2018-07-17,10.99,11.62,10.21,10.53,172944.0
2018-07-18,10.49,11.52,10.41,11.14,69392.0
2018-07-19,11.14,11.5173,11.0,11.0,94054.0
2018-07-20,11.02,11.46,10.3818,10.82,87649.0
2018-07-23,11.19,12.45,10.6,11.74,282289.0
2018-07-24,11.91,12.6,11.78,12.34,251274.0
2018-07-25,12.45,12.472,12.0,12.16,57479.0
2018-07-26,12.15,12.34,11.65,12.25,55564.0
2018-07-27,12.32,12.32,11.5,11.82,35797.0
2018-07-30,11.76,11.83,11.1897,11.32,28381.0
2018-07-31,11.275,11.3651,10.84,11.05,23162.0
2018-08-01,11.05,11.16,10.86,11.06,18865.0
2018-08-02,11.14,11.14,10.63,11.07,17451.0
2018-08-03,11.01,11.6,10.8314,11.21,61701.0
2018-08-06,11.35,13.0,11.2,12.16,201676.0
2018-08-07,11.86,12.5609,11.86,12.09,14762.0
2018-08-08,12.04,12.5,12.0001,12.15,41934.0
2018-08-09,12.2,12.25,12.02,12.16,24251.0
2018-08-10,12.12,12.3,12.0,12.09,14119.0
2018-08-13,12.14,12.22,11.46,11.49,50115.0
2018-08-14,11.59,12.0,11.483,11.95,22890.0
2018-08-15,11.87,12.2,11.72,12.2,31158.0
2018-08-16,12.24,12.4,11.78,12.15,30844.0
2018-08-17,12.2,12.4,11.78,11.92,25712.0
2018-08-20,12.01,12.46,11.79,12.0,29609.0
2018-08-21,12.03,12.24,11.9,12.14,33660.0
2018-08-22,12.11,12.28,11.9,12.15,18113.0
2018-08-23,12.28,12.3,11.9,11.93,26268.0
2018-08-24,11.98,12.0,11.685,11.82,16245.0
2018-08-27,12.13,12.13,11.7501,11.89,16063.0
2018-08-28,11.96,12.0,11.75,12.0,18966.0
2018-08-29,12.0,12.0,11.5,11.59,19244.0
2018-08-30,11.58,11.85,11.5,11.63,13173.0
2018-08-31,11.6,11.95,11.53,11.82,15190.0
2018-09-04,11.8,12.49,11.5,11.66,81457.0
2018-09-05,11.64,12.21,11.16,11.47,47139.0
2018-09-06,11.51,11.8,11.15,11.19,44151.0
2018-09-07,11.19,12.14,11.12,12.0,181064.0
2018-09-10,12.2,12.2,11.21,11.3,56336.0
2018-09-11,11.22,11.56,11.0,11.06,79654.0
2018-09-12,11.09,11.355,9.26,9.55,164500.0
2018-09-13,9.7,10.0,9.56,9.7,91169.0
2018-09-14,9.7,10.2859,9.0,9.09,98123.0
2018-09-17,9.1,9.539,7.86,8.82,212012.0
2018-09-18,8.81,9.1,8.655,8.72,51850.0
2018-09-19,8.68,8.72,7.51,7.81,238465.0
2018-09-20,7.99,8.76,7.8,8.07,144368.0
2018-09-21,8.1,8.3116,7.295,7.6,725232.0
2018-09-24,7.71,8.01,6.71,6.78,185231.0
2018-09-25,6.82,7.8,6.17,7.21,267691.0
2018-09-26,7.33,7.7757,7.0286,7.15,128240.0
2018-09-27,7.34,9.39,7.265,8.4,584505.0
2018-09-28,8.23,8.7092,8.06,8.54,138892.0
2018-10-01,8.69,11.7233,8.62,11.55,623148.0
2018-10-02,11.8,12.0,9.94,11.05,458548.0
2018-10-03,11.05,12.69,10.9401,11.34,226086.0
2018-10-04,11.3,12.3244,10.25,10.65,151476.0
2018-10-05,10.65,12.03,10.2501,10.91,126337.0
2018-10-08,10.81,10.81,9.32,10.0,263047.0
2018-10-09,10.01,10.68,9.6179,10.22,66345.0
2018-10-10,10.21,10.4699,9.9135,10.12,53868.0
2018-10-11,9.919,10.2,9.5438,9.92,102839.0
2018-10-12,10.11,10.25,8.9,9.06,145342.0
2018-10-15,8.99,9.03,8.3001,8.42,142105.0
2018-10-16,8.48,8.655,7.81,8.09,193781.0
2018-10-17,8.07,8.3287,7.9,8.0,138447.0
2018-10-18,8.29,8.5306,7.83,8.31,171512.0
2018-10-19,8.47,9.7012,8.47,8.84,238722.0
2018-10-22,8.75,8.851,7.26,7.58,309839.0
2018-10-23,7.45,7.52,6.54,6.61,212602.0
2018-10-24,6.68,6.89,5.75,5.79,252234.0
2018-10-25,5.9,6.48,5.829,5.98,119663.0
2018-10-26,6.0,6.3,5.65,5.84,128295.0
2018-10-29,5.91,6.12,5.66,5.71,59781.0
2018-10-30,5.8,6.1,5.62,5.74,171802.0
2018-10-31,5.83,6.06,5.7,5.86,209308.0
2018-11-01,5.9,6.2775,5.9,6.25,69872.0
2018-11-02,6.24,7.2999,6.24,6.89,129506.0
2018-11-05,6.92,7.2273,6.26,6.5,102319.0
2018-11-06,6.5,7.09,6.48,7.05,103565.0
2018-11-07,7.09,7.75,6.91,7.56,195532.0
2018-11-08,7.72,7.975,7.25,7.83,163357.0
2018-11-09,7.75,7.85,7.01,7.12,105001.0
2018-11-12,7.15,7.2276,6.17,6.55,99527.0
2018-11-13,6.87,7.11,6.7,6.83,95856.0
2018-11-14,6.97,7.08,6.588,6.8,72802.0
2018-11-15,6.76,7.18,6.51,7.04,42597.0
2018-11-16,6.98,7.1134,6.633,6.95,143249.0
2018-11-19,7.0,7.05,6.25,6.29,113903.0
2018-11-20,6.28,6.73,6.15,6.37,62621.0
2018-11-21,6.37,6.7,6.0105,6.39,131132.0
2018-11-23,6.5,7.03,6.5,6.77,75168.0
2018-11-26,6.39,6.47,6.23,6.43,108706.0
2018-11-27,6.38,6.57,5.71,6.4,187149.0
2018-11-28,6.53,6.5399,6.05,6.18,121307.0
2018-11-29,6.16,6.4265,5.9,6.13,145478.0
2018-11-30,6.16,6.21,5.9808,6.19,33145.0
2018-12-03,6.32,6.44,6.16,6.4,52224.0
2018-12-04,6.32,6.6208,6.07,6.15,50421.0
2018-12-06,5.51,6.0705,5.51,5.88,108723.0
2018-12-07,5.83,5.84,5.71,5.73,67857.0
2018-12-10,5.73,5.795,5.5,5.69,36344.0
2018-12-11,5.8,5.8,5.41,5.61,95401.0
2018-12-12,5.75,5.91,5.5,5.65,90079.0
2018-12-13,5.68,5.91,5.46,5.5,72814.0
2018-12-14,5.55,5.8,5.4999,5.57,60522.0
2018-12-17,5.6,5.655,5.31,5.36,54694.0
2018-12-18,5.5,5.5,5.22,5.31,81448.0
2018-12-19,5.08,5.61,5.0463,5.25,75886.0
2018-12-20,5.3,5.59,5.11,5.13,122972.0
2018-12-21,5.2,5.59,5.2,5.56,187288.0
2018-12-24,5.44,5.55,5.226,5.45,39962.0
2018-12-26,5.52,5.5899,5.01,5.14,160024.0
2018-12-27,5.07,5.23,4.88,5.02,50660.0
2018-12-28,5.05,5.49,5.05,5.36,53342.0
2018-12-31,5.41,5.49,4.96,5.03,67736.0
2019-01-02,5.01,5.21,4.91,5.05,110363.0
2019-01-03,5.02,5.39,4.87,4.98,237223.0
2019-01-04,5.01,5.1,4.95,5.0,109339.0
2019-01-07,5.0,5.3,5.0,5.16,216541.0
2019-01-08,5.21,5.473,5.035,5.34,141275.0
2019-01-09,5.26,5.44,5.03,5.18,414125.0
2019-01-10,5.15,5.36,5.15,5.3,83738.0
2019-01-11,5.31,5.54,5.25,5.39,141275.0
2019-01-14,5.39,5.5,5.18,5.23,66277.0
2019-01-15,5.27,5.36,5.15,5.2,51336.0
2019-01-16,5.2,5.4,5.1,5.17,73995.0
2019-01-17,5.15,5.3,4.95,5.04,102531.0
2019-01-18,5.08,5.15,4.85,4.89,157610.0
2019-01-22,4.93,4.95,4.61,4.62,107863.0
2019-01-23,4.74,4.9,4.33,4.35,251132.0
2019-01-24,4.35,4.725,4.35,4.68,76457.0
2019-01-25,4.72,4.83,4.41,4.82,131710.0
2019-01-28,4.9,5.0,4.63,4.87,75603.0
2019-01-29,4.86,4.92,4.53,4.62,64744.0
2019-01-30,4.66,4.7,4.4,4.5,55624.0
2019-01-31,4.51,4.55,4.2,4.24,104594.0
2019-02-01,4.29,4.47,4.2411,4.35,180060.0
2019-02-04,4.35,4.45,4.23,4.32,63240.0
2019-02-05,4.36,4.4782,4.2,4.24,50995.0
2019-02-06,4.2,5.25,4.2,5.06,228390.0
2019-02-07,5.09,5.2643,4.7,5.09,232039.0
2019-02-08,4.79,5.03,4.79,4.9,72393.0
2019-02-11,4.76,4.98,4.72,4.86,118635.0
2019-02-12,4.85,5.0077,4.8,4.9,72902.0
2019-02-13,4.99,5.0,4.83,4.93,60440.0
2019-02-14,4.99,5.0,4.88,4.95,30933.0
2019-02-15,4.93,5.16,4.9,4.94,70715.0
2019-02-19,5.0,5.1799,4.54,4.63,86996.0
2019-02-20,4.7,4.93,4.6021,4.81,70639.0
2019-02-21,4.84,4.97,4.73,4.8,44444.0
2019-02-22,4.83,4.9099,4.61,4.74,51735.0
2019-02-25,4.7,5.4,4.6869,5.13,301013.0
2019-02-26,5.13,6.2306,5.0111,5.99,201301.0
2019-02-27,5.99,6.58,5.77,6.13,193788.0
2019-02-28,6.14,6.35,5.52,6.23,240569.0
2019-03-01,6.28,6.35,6.0,6.09,70591.0
2019-03-04,6.14,6.33,6.01,6.26,123127.0
2019-03-05,6.27,6.29,5.88,6.0,151727.0
2019-03-06,6.0,6.09,5.51,5.76,126421.0
2019-03-07,5.8715,6.09,5.64,5.86,57337.0
2019-03-08,5.92,5.92,5.5,5.67,63035.0
2019-03-11,5.5,5.7,5.5,5.54,104882.0
2019-03-12,5.6,5.73,5.31,5.42,139184.0
2019-03-13,5.44,6.06,5.44,5.95,352186.0
2019-03-14,5.96,6.1675,5.72,5.84,154058.0
2019-03-15,5.85,5.85,5.55,5.61,829895.0
2019-03-18,5.58,6.0187,5.57,5.83,146885.0
2019-03-19,5.86,6.275,5.56,5.9,295582.0
2019-03-20,5.86,5.87,5.54,5.63,107498.0
2019-03-21,5.63,5.63,5.39,5.5,109304.0
2019-03-22,5.46,5.5399,5.25,5.33,172132.0
2019-03-25,5.34,5.38,5.0449,5.17,61323.0
