
2019-03-19 09:31:00,0.9699,0.9699,0.9699,0.9699,0.0
2019-03-19 09:58:00,0.9699,0.97,0.9699,0.97,5500.0
2019-03-19 10:17:00,0.95,0.9562,0.95,0.9562,5316.0
2019-03-19 10:24:00,0.9425,0.9425,0.9425,0.9425,4001.0
2019-03-19 10:50:00,0.9351,0.9351,0.9351,0.9351,1700.0
2019-03-19 10:53:00,0.94,0.94,0.94,0.94,600.0
2019-03-19 11:09:00,0.9549,0.9549,0.9549,0.9549,3725.0
2019-03-19 11:20:00,0.9498,0.9498,0.9498,0.9498,401.0
2019-03-19 11:30:00,0.955,0.955,0.955,0.955,500.0
2019-03-19 11:34:00,0.965,0.965,0.965,0.965,402.0
2019-03-19 12:01:00,0.9649,0.9649,0.9649,0.9649,100.0
2019-03-19 12:02:00,0.965,0.965,0.965,0.965,5000.0
2019-03-19 12:25:00,0.9658,0.9678,0.9658,0.9678,1360.0
2019-03-19 12:43:00,0.9566,0.9566,0.9566,0.9566,2000.0
2019-03-19 12:48:00,0.9535,0.9535,0.9535,0.9535,5000.0
2019-03-19 13:04:00,0.96,0.96,0.96,0.96,200.0
2019-03-19 13:07:00,0.96,0.96,0.96,0.96,100.0
2019-03-19 13:39:00,0.96,0.96,0.96,0.96,195.0
2019-03-19 14:07:00,0.9551,0.9551,0.9551,0.9551,300.0
2019-03-19 14:17:00,0.9599,0.9599,0.9599,0.9599,243.0
2019-03-19 14:39:00,0.9504,0.9504,0.9504,0.9504,100.0
2019-03-19 14:46:00,0.9599,0.9599,0.9599,0.9599,100.0
2019-03-19 14:48:00,0.9599,0.9599,0.9599,0.9599,2625.0
2019-03-19 14:52:00,0.96,0.96,0.96,0.96,118.0
2019-03-19 15:18:00,0.9543,0.96,0.9543,0.96,1112.0
2019-03-19 15:22:00,0.9526,0.9526,0.9526,0.9526,3819.0
2019-03-19 15:31:00,0.951,0.951,0.951,0.951,100.0
2019-03-19 15:32:00,0.957,0.957,0.957,0.957,500.0
2019-03-19 15:33:00,0.951,0.951,0.951,0.951,50500.0
2019-03-19 15:41:00,0.951,0.951,0.951,0.951,600.0
2019-03-19 15:43:00,0.951,0.951,0.951,0.951,8031.0
2019-03-19 15:45:00,0.951,0.951,0.951,0.951,600.0
2019-03-19 15:48:00,0.951,0.951,0.951,0.951,200.0
2019-03-19 15:50:00,0.96,0.96,0.96,0.96,300.0
2019-03-19 15:53:00,0.951,0.951,0.951,0.951,600.0
2019-03-19 15:55:00,0.97,0.97,0.951,0.951,4900.0
2019-03-20 09:31:00,0.95,0.95,0.95,0.95,0.0
2019-03-20 09:35:00,0.953,0.953,0.953,0.953,410.0
2019-03-20 09:36:00,0.9548,0.9548,0.9548,0.9548,795.0
2019-03-20 09:38:00,0.9531,0.9531,0.9531,0.9531,44776.0
2019-03-20 09:46:00,0.957,0.957,0.957,0.957,1020.0
2019-03-20 09:54:00,0.968,0.968,0.968,0.968,2030.0
2019-03-20 10:48:00,0.968,0.968,0.968,0.968,100.0
2019-03-20 10:54:00,0.9633,0.9633,0.9633,0.9633,601.0
2019-03-20 10:59:00,0.969,0.97,0.969,0.97,828.0
2019-03-20 11:11:00,0.97,0.97,0.97,0.97,100.0
2019-03-20 11:24:00,0.9651,0.9651,0.9651,0.9651,2200.0
2019-03-20 11:34:00,0.9651,0.9651,0.9651,0.9651,700.0
2019-03-20 11:35:00,0.9651,0.9651,0.9651,0.9651,220.0
2019-03-20 11:49:00,0.97,0.97,0.97,0.97,100.0
2019-03-20 11:50:00,0.9655,0.9655,0.9655,0.9655,100.0
2019-03-20 11:51:00,0.9655,0.9655,0.9655,0.9655,700.0
2019-03-20 12:08:00,0.96,0.96,0.96,0.96,100.0
2019-03-20 12:09:00,0.971,0.975,0.965,0.965,2500.0
2019-03-20 12:10:00,0.97,0.97,0.97,0.97,3850.0
2019-03-20 12:11:00,0.9742,0.9742,0.9742,0.9742,3014.0
2019-03-20 12:14:00,0.975,0.975,0.975,0.975,500.0
2019-03-20 12:15:00,0.9701,0.9701,0.9701,0.9701,3000.0
2019-03-20 12:16:00,0.97,0.97,0.97,0.97,7068.0
2019-03-20 12:36:00,0.97,0.97,0.97,0.97,100.0
2019-03-20 12:55:00,0.975,0.975,0.975,0.975,100.0
2019-03-20 12:57:00,0.9651,0.9651,0.9651,0.9651,1180.0
2019-03-20 12:58:00,0.9725,0.9725,0.9725,0.9725,602.0
2019-03-20 13:06:00,0.965,0.965,0.965,0.965,100.0
2019-03-20 13:25:00,0.9701,0.9701,0.9701,0.9701,100.0
2019-03-20 13:34:00,0.9751,0.9751,0.9751,0.9751,100.0
2019-03-20 13:43:00,0.98,0.98,0.98,0.98,101.0
2019-03-20 13:47:00,0.98,0.98,0.98,0.98,1000.0
2019-03-20 13:51:00,0.98,0.98,0.98,0.98,100.0
2019-03-20 13:55:00,0.98,0.98,0.98,0.98,114.0
2019-03-20 14:19:00,0.9705,0.9705,0.9705,0.9705,100.0
2019-03-20 14:22:00,0.9752,0.9752,0.9752,0.9752,100.0
2019-03-20 14:27:00,0.9705,0.9705,0.9705,0.9705,100.0
2019-03-20 14:29:00,0.9705,0.9705,0.9705,0.9705,586.0
2019-03-20 14:30:00,0.98,0.98,0.9705,0.9705,200.0
2019-03-20 14:34:00,0.9705,0.9705,0.9705,0.9705,1185.0
2019-03-20 14:37:00,0.9705,0.9705,0.9705,0.9705,810.0
2019-03-20 14:50:00,0.9705,0.9705,0.9705,0.9705,200.0
2019-03-20 15:06:00,0.9705,0.9705,0.9705,0.9705,100.0
2019-03-20 15:07:00,0.97,0.97,0.97,0.97,100.0
2019-03-20 15:13:00,0.9735,0.9735,0.9725,0.9725,300.0
2019-03-20 15:34:00,0.97,0.97,0.97,0.97,100.0
2019-03-20 15:38:00,0.9705,0.9705,0.9705,0.9705,100.0
2019-03-20 15:39:00,0.975,0.975,0.975,0.975,200.0
2019-03-20 15:42:00,0.97,0.97,0.97,0.97,154.0
2019-03-20 15:45:00,0.975,0.975,0.975,0.975,100.0
2019-03-20 15:52:00,0.9685,0.9685,0.9685,0.9685,100.0
2019-03-20 15:57:00,0.9685,0.9685,0.9685,0.9685,161.0
2019-03-21 09:33:00,0.975,0.975,0.975,0.975,0.0
2019-03-21 09:52:00,0.975,0.975,0.975,0.975,204.0
2019-03-21 11:09:00,0.9655,0.9655,0.9655,0.9655,112.0
2019-03-21 11:29:00,0.9655,0.9655,0.9655,0.9655,251.0
2019-03-21 11:35:00,0.9655,0.9655,0.9655,0.9655,100.0
2019-03-21 11:39:00,0.9651,0.9651,0.9651,0.9651,400.0
2019-03-21 11:40:00,0.9655,0.9655,0.9655,0.9655,400.0
2019-03-21 11:56:00,0.9655,0.9701,0.9655,0.9701,300.0
2019-03-21 12:11:00,0.9651,0.97,0.9651,0.97,365.0
2019-03-21 12:22:00,0.9749,0.9749,0.97,0.97,600.0
2019-03-21 12:49:00,0.9706,0.9706,0.97,0.97,270.0
2019-03-21 13:10:00,0.97,0.97,0.97,0.97,1000.0
2019-03-21 13:43:00,0.975,0.975,0.975,0.975,345.0
2019-03-21 14:02:00,0.975,0.975,0.975,0.975,100.0
2019-03-21 14:28:00,0.975,0.975,0.975,0.975,100.0
2019-03-21 14:34:00,0.9703,0.9703,0.9703,0.9703,500.0
2019-03-21 14:41:00,0.975,0.975,0.975,0.975,122.0
2019-03-21 15:30:00,0.975,0.975,0.975,0.975,151.0
2019-03-22 09:31:00,0.965,0.965,0.965,0.965,625.0
2019-03-22 09:39:00,0.9651,0.9651,0.9651,0.9651,3600.0
2019-03-22 09:45:00,0.9651,0.9651,0.9651,0.9651,200.0
2019-03-22 09:47:00,0.9651,0.9651,0.9651,0.9651,300.0
2019-03-22 09:51:00,0.9651,0.9651,0.9651,0.9651,269.0
2019-03-22 10:07:00,0.965,0.965,0.965,0.965,100.0
2019-03-22 10:09:00,0.966,0.966,0.966,0.966,2400.0
2019-03-22 10:21:00,0.966,0.966,0.966,0.966,600.0
2019-03-22 10:38:00,0.9697,0.9697,0.9697,0.9697,118.0
2019-03-22 11:13:00,0.9675,0.9675,0.9675,0.9675,200.0
2019-03-22 11:14:00,0.97,0.975,0.97,0.975,1100.0
2019-03-22 11:16:00,0.9725,0.9725,0.9725,0.9725,1415.0
2019-03-22 11:52:00,0.9712,0.9712,0.9712,0.9712,2100.0
2019-03-22 11:53:00,0.965,0.965,0.965,0.965,867.0
2019-03-22 11:54:00,0.94,0.94,0.94,0.94,2672.0
2019-03-22 11:55:00,0.935,0.935,0.935,0.935,3061.0
2019-03-22 11:57:00,0.94,0.94,0.94,0.94,3000.0
2019-03-22 11:58:00,0.94,0.94,0.94,0.94,400.0
2019-03-22 12:04:00,0.935,0.935,0.935,0.935,100.0
2019-03-22 12:05:00,0.935,0.935,0.935,0.935,2200.0
2019-03-22 12:06:00,0.935,0.935,0.935,0.935,600.0
2019-03-22 12:12:00,0.935,0.9387,0.935,0.9387,3103.0
2019-03-22 12:18:00,0.9387,0.9387,0.9387,0.9387,100.0
2019-03-22 12:20:00,0.9425,0.9425,0.9425,0.9425,200.0
2019-03-22 12:21:00,0.9437,0.9437,0.9437,0.9437,100.0
2019-03-22 12:22:00,0.9601,0.9601,0.9601,0.9601,200.0
2019-03-22 12:23:00,0.9602,0.9602,0.9602,0.9602,1700.0
2019-03-22 12:26:00,0.9621,0.9621,0.9621,0.9621,4162.0
2019-03-22 12:36:00,0.9692,0.9692,0.9692,0.9692,167.0
2019-03-22 13:09:00,0.96,0.96,0.96,0.96,100.0
2019-03-22 13:11:00,0.9699,0.9699,0.9699,0.9699,100.0
2019-03-22 13:35:00,0.9647,0.9647,0.9647,0.9647,300.0
2019-03-22 13:39:00,0.95,0.95,0.95,0.95,1100.0
2019-03-22 13:40:00,0.9572,0.9572,0.9572,0.9572,200.0
2019-03-22 13:43:00,0.945,0.945,0.945,0.945,800.0
2019-03-22 13:47:00,0.9571,0.9571,0.9571,0.9571,100.0
2019-03-22 13:54:00,0.9548,0.966,0.95,0.966,1000.0
2019-03-22 13:57:00,0.9588,0.9588,0.9588,0.9588,1100.0
2019-03-22 13:59:00,0.94,0.94,0.94,0.94,1191.0
2019-03-22 14:00:00,0.9388,0.9388,0.935,0.935,10500.0
2019-03-22 14:02:00,0.94,0.94,0.94,0.94,1718.0
2019-03-22 14:03:00,0.934,0.934,0.9204,0.9204,6891.0
2019-03-22 14:05:00,0.94,0.94,0.94,0.94,500.0
2019-03-22 14:06:00,0.9501,0.9501,0.9501,0.9501,8100.0
2019-03-22 14:14:00,0.93,0.93,0.9203,0.9203,8426.0
2019-03-22 14:15:00,0.9577,0.9577,0.9577,0.9577,9101.0
2019-03-22 14:16:00,0.9252,0.9252,0.9252,0.9252,701.0
2019-03-22 14:38:00,0.93,0.93,0.93,0.93,160.0
2019-03-22 14:45:00,0.93,0.93,0.93,0.93,1350.0
2019-03-22 14:50:00,0.93,0.93,0.93,0.93,100.0
2019-03-22 14:55:00,0.93,0.9388,0.925,0.9388,5790.0
2019-03-22 14:56:00,0.917,0.917,0.917,0.917,6900.0
2019-03-22 14:57:00,0.9305,0.9305,0.9305,0.9305,1599.0
2019-03-22 15:05:00,0.9158,0.9158,0.9158,0.9158,100.0
2019-03-22 15:06:00,0.9157,0.9157,0.9155,0.9155,500.0
2019-03-22 15:07:00,0.9154,0.9154,0.9154,0.9154,700.0
2019-03-22 15:08:00,0.9201,0.9235,0.9201,0.9235,2450.0
2019-03-22 15:09:00,0.9024,0.9024,0.9024,0.9024,850.0
2019-03-22 15:10:00,0.9158,0.9158,0.9149,0.9149,13850.0
2019-03-22 15:13:00,0.9146,0.9146,0.9146,0.9146,300.0
2019-03-22 15:15:00,0.9195,0.9201,0.9195,0.9201,600.0
2019-03-22 15:18:00,0.92,0.92,0.92,0.92,500.0
2019-03-22 15:20:00,0.9199,0.9199,0.9199,0.9199,600.0
2019-03-22 15:22:00,0.9012,0.9012,0.9012,0.9012,110.0
2019-03-22 15:26:00,0.9198,0.9198,0.9198,0.9198,350.0
2019-03-22 15:29:00,0.9208,0.9208,0.9004,0.9004,5150.0
2019-03-22 15:31:00,0.9013,0.9013,0.9013,0.9013,2918.0
2019-03-22 15:36:00,0.8931,0.8931,0.8931,0.8931,100.0
2019-03-22 15:37:00,0.9028,0.9028,0.9028,0.9028,5100.0
2019-03-22 15:45:00,0.893,0.893,0.893,0.893,100.0
2019-03-22 15:55:00,0.893,0.893,0.8909,0.8929,4523.0
2019-03-22 15:56:00,0.88,0.88,0.88,0.88,2929.0
2019-03-22 15:57:00,0.91,0.91,0.91,0.91,825.0
2019-03-22 15:58:00,0.91,0.91,0.91,0.91,5197.0
2019-03-22 16:00:00,0.8814,0.8814,0.8814,0.8814,253.0
2019-03-25 09:31:00,0.8875,0.8875,0.8875,0.8875,0.0
2019-03-25 09:33:00,0.9318,0.9318,0.9318,0.9318,100.0
2019-03-25 09:41:00,0.9351,0.9351,0.9351,0.9351,185.0
2019-03-25 09:48:00,0.9,0.9,0.9,0.9,1049.0
2019-03-25 09:54:00,0.94,0.94,0.94,0.94,101.0
2019-03-25 10:16:00,0.9176,0.9176,0.9176,0.9176,250.0
2019-03-25 10:19:00,0.91,0.91,0.91,0.91,1376.0
2019-03-25 11:42:00,0.919,0.919,0.919,0.919,100.0
2019-03-25 12:16:00,0.919,0.919,0.919,0.919,1709.0
2019-03-25 12:17:00,0.9,0.9,0.9,0.9,13891.0
2019-03-25 12:18:00,0.919,0.919,0.919,0.919,200.0
2019-03-25 12:20:00,0.925,0.925,0.925,0.925,6500.0
2019-03-25 12:25:00,0.925,0.925,0.923,0.923,4400.0
2019-03-25 12:30:00,0.923,0.923,0.923,0.923,100.0
2019-03-25 12:42:00,0.921,0.921,0.921,0.921,200.0
2019-03-25 13:03:00,0.91,0.91,0.91,0.91,100.0
2019-03-25 13:09:00,0.9,0.9,0.9,0.9,4701.0
2019-03-25 13:13:00,0.9,0.9,0.9,0.9,102.0
2019-03-25 13:23:00,0.91,0.91,0.91,0.91,800.0
2019-03-25 13:26:00,0.9208,0.9208,0.9208,0.9208,1625.0
2019-03-25 13:35:00,0.9,0.9208,0.9,0.9208,500.0
2019-03-25 13:37:00,0.921,0.921,0.921,0.921,200.0
2019-03-25 13:55:00,0.9,0.9,0.9,0.9,140.0
2019-03-25 14:05:00,0.9101,0.9101,0.9101,0.9101,200.0
2019-03-25 14:13:00,0.9101,0.9101,0.9101,0.9101,100.0
2019-03-25 14:22:00,0.91,0.91,0.91,0.91,100.0
2019-03-25 14:24:00,0.9101,0.9103,0.9101,0.9103,1825.0
2019-03-25 14:31:00,0.91,0.91,0.91,0.91,100.0
2019-03-25 14:32:00,0.9146,0.9146,0.9146,0.9146,400.0
2019-03-25 14:41:00,0.91,0.91,0.91,0.91,100.0
2019-03-25 14:52:00,0.91,0.91,0.91,0.91,100.0
2019-03-25 14:53:00,0.91,0.91,0.91,0.91,100.0
2019-03-25 15:03:00,0.91,0.91,0.91,0.91,100.0
2019-03-25 15:11:00,0.91,0.91,0.91,0.91,100.0
2019-03-25 15:19:00,0.91,0.91,0.91,0.91,100.0
2019-03-25 15:26:00,0.9175,0.9175,0.91,0.91,2700.0
2019-03-25 15:33:00,0.91,0.91,0.91,0.91,100.0
2019-03-25 15:40:00,0.91,0.91,0.91,0.91,101.0
2019-03-25 15:46:00,0.91,0.91,0.91,0.91,100.0
2019-03-25 15:50:00,0.9101,0.9101,0.9101,0.9101,2400.0
2019-03-25 15:51:00,0.91,0.91,0.91,0.91,100.0
2019-03-25 15:57:00,0.9147,0.9147,0.9147,0.9147,1200.0
2019-03-25 15:59:00,0.9147,0.9147,0.9147,0.9147,200.0
2019-03-26 09:31:00,0.913,0.913,0.913,0.913,428.0
2019-03-26 09:33:00,0.92,0.92,0.92,0.92,568.0
2019-03-26 09:34:00,0.915,0.915,0.915,0.915,1833.0
2019-03-26 09:36:00,0.92,0.92,0.92,0.92,2321.0
2019-03-26 10:03:00,0.9349,0.9349,0.9349,0.9349,101.0
2019-03-26 10:27:00,0.92,0.92,0.92,0.92,201.0
2019-03-26 10:51:00,0.9151,0.9151,0.915,0.915,2139.0
2019-03-26 10:57:00,0.91,0.91,0.91,0.91,5111.0
2019-03-26 11:05:00,0.915,0.915,0.915,0.915,641.0
2019-03-26 12:22:00,0.9141,0.9141,0.9141,0.9141,0.0
2019-03-26 12:47:00,0.916,0.916,0.916,0.916,211.0
2019-03-26 12:56:00,0.916,0.916,0.916,0.916,230.0
2019-03-26 13:27:00,0.9125,0.9149,0.9125,0.9149,627.0
2019-03-26 13:49:00,0.9118,0.9118,0.9118,0.9118,105.0
2019-03-26 13:59:00,0.92,0.92,0.92,0.92,100.0
2019-03-26 14:04:00,0.92,0.92,0.92,0.92,125.0
2019-03-26 14:48:00,0.9142,0.9142,0.9142,0.9142,2721.0
2019-03-26 15:05:00,0.917,0.9171,0.917,0.9171,1802.0
2019-03-26 15:10:00,0.9173,0.9173,0.9173,0.9173,1700.0
2019-03-26 15:14:00,0.915,0.92,0.915,0.92,603.0
2019-03-26 15:17:00,0.92,0.92,0.92,0.92,912.0
2019-03-26 15:57:00,0.9133,0.9133,0.9133,0.9133,111.0
2019-03-26 16:00:00,0.9134,0.9134,0.9134,0.9134,100.0
2019-03-27 09:31:00,0.92,0.92,0.92,0.92,941.0
2019-03-27 09:36:00,0.9101,0.9101,0.9101,0.9101,1001.0
2019-03-27 10:23:00,0.9099,0.9099,0.9099,0.9099,1220.0
2019-03-27 10:35:00,0.91,0.91,0.91,0.91,847.0
2019-03-27 11:32:00,0.9036,0.9036,0.9036,0.9036,15246.0
2019-03-27 11:36:00,0.9051,0.9051,0.9051,0.9051,2812.0
2019-03-27 11:37:00,0.9051,0.9051,0.9051,0.9051,10000.0
2019-03-27 11:41:00,0.9051,0.9051,0.9051,0.9051,10800.0
2019-03-27 11:43:00,0.9051,0.9051,0.9051,0.9051,51429.0
2019-03-27 11:57:00,0.9031,0.9031,0.9031,0.9031,1020.0
2019-03-27 12:15:00,0.905,0.905,0.905,0.905,3315.0
2019-03-27 12:26:00,0.9049,0.9049,0.9049,0.9049,124.0
2019-03-27 12:34:00,0.905,0.905,0.905,0.905,1000.0
2019-03-27 12:35:00,0.905,0.905,0.905,0.905,19346.0
2019-03-27 12:42:00,0.9049,0.9049,0.9049,0.9049,3617.0
2019-03-27 12:56:00,0.907,0.907,0.907,0.907,1409.0
2019-03-27 12:57:00,0.907,0.907,0.907,0.907,4308.0
2019-03-27 13:04:00,0.905,0.905,0.905,0.905,3001.0
2019-03-27 13:07:00,0.905,0.905,0.905,0.905,3564.0
2019-03-27 13:32:00,0.9067,0.9067,0.9067,0.9067,2310.0
2019-03-27 13:45:00,0.9,0.9,0.9,0.9,115.0
2019-03-27 14:04:00,0.9,0.9,0.9,0.9,623.0
2019-03-27 14:21:00,0.9025,0.9068,0.9025,0.9068,2566.0
2019-03-27 14:27:00,0.905,0.905,0.905,0.905,216.0
2019-03-27 14:38:00,0.9005,0.9005,0.9005,0.9005,552.0
2019-03-27 15:07:00,0.9001,0.9001,0.9001,0.9001,110.0
2019-03-27 15:18:00,0.904,0.904,0.904,0.904,10000.0
2019-03-27 15:19:00,0.904,0.904,0.904,0.904,10200.0
2019-03-27 15:20:00,0.907,0.907,0.907,0.907,104.0
2019-03-27 15:24:00,0.905,0.905,0.905,0.905,101.0
2019-03-27 15:25:00,0.904,0.904,0.904,0.904,10860.0
2019-03-27 15:29:00,0.9035,0.9035,0.9035,0.9035,366.0
2019-03-27 15:32:00,0.904,0.904,0.904,0.904,106.0
2019-03-27 15:46:00,0.904,0.904,0.904,0.904,201.0
2019-03-27 15:47:00,0.904,0.904,0.904,0.904,245.0
2019-03-28 09:31:00,0.9,0.9,0.9,0.9,0.0
2019-03-28 09:36:00,0.9145,0.92,0.9145,0.92,1023.0
2019-03-28 09:56:00,0.91,0.91,0.91,0.91,1121.0
2019-03-28 10:38:00,0.9,0.9,0.9,0.9,1000.0
2019-03-28 10:45:00,0.9079,0.908,0.9079,0.908,25000.0
2019-03-28 10:48:00,0.9,0.9,0.9,0.9,100.0
2019-03-28 10:49:00,0.908,0.91,0.908,0.91,12151.0
2019-03-28 11:11:00,0.9102,0.9102,0.9102,0.9102,140.0
2019-03-28 11:16:00,0.9126,0.9126,0.9126,0.9126,100.0
2019-03-28 11:20:00,0.915,0.915,0.915,0.915,200.0
2019-03-28 11:28:00,0.915,0.915,0.915,0.915,200.0
2019-03-28 11:30:00,0.9101,0.9101,0.9101,0.9101,100.0
2019-03-28 11:40:00,0.9101,0.915,0.9,0.9,18565.0
2019-03-28 11:46:00,0.905,0.905,0.905,0.905,50102.0
2019-03-28 12:05:00,0.9,0.9,0.9,0.9,100.0
2019-03-28 12:21:00,0.9,0.9,0.9,0.9,100.0
2019-03-28 12:28:00,0.9098,0.9098,0.9098,0.9098,700.0
2019-03-28 12:30:00,0.9049,0.9098,0.9,0.9,401.0
2019-03-28 12:46:00,0.8901,0.8901,0.8901,0.8901,100.0
2019-03-28 12:51:00,0.8964,0.8964,0.8964,0.8964,300.0
2019-03-28 12:57:00,0.8998,0.8998,0.8998,0.8998,1005.0
2019-03-28 13:16:00,0.91,0.91,0.91,0.91,200.0
2019-03-28 13:24:00,0.8901,0.8901,0.8901,0.8901,100.0
2019-03-28 13:31:00,0.9001,0.9001,0.9001,0.9001,100.0
2019-03-28 13:41:00,0.905,0.905,0.905,0.905,120.0
2019-03-28 13:51:00,0.9001,0.9001,0.9001,0.9001,100.0
2019-03-28 13:59:00,0.9002,0.9002,0.9002,0.9002,100.0
2019-03-28 14:02:00,0.9028,0.9028,0.9028,0.9028,180.0
2019-03-28 14:26:00,0.901,0.9011,0.9,0.9011,383.0
2019-03-28 14:34:00,0.8901,0.8901,0.8901,0.8901,100.0
2019-03-28 14:41:00,0.9,0.9,0.9,0.9,200.0
2019-03-28 14:44:00,0.9,0.9,0.9,0.9,100.0
2019-03-28 15:06:00,0.9025,0.9025,0.9025,0.9025,100.0
2019-03-28 15:26:00,0.9049,0.9049,0.9049,0.9049,100.0
2019-03-28 15:36:00,0.9049,0.9049,0.9049,0.9049,500.0
2019-03-28 15:39:00,0.9049,0.9049,0.9049,0.9049,277.0
2019-03-28 15:53:00,0.9049,0.9049,0.9049,0.9049,145.0
2019-03-28 15:58:00,0.903,0.903,0.903,0.903,300.0
2019-03-29 09:31:00,0.905,0.905,0.905,0.905,0.0
2019-03-29 09:41:00,0.9028,0.9028,0.9016,0.9016,6000.0
2019-03-29 09:42:00,0.8999,0.9,0.8999,0.9,700.0
2019-03-29 09:43:00,0.9,0.9,0.9,0.9,1026.0
2019-03-29 10:09:00,0.914,0.914,0.914,0.914,239.0
2019-03-29 10:14:00,0.9018,0.9018,0.9018,0.9018,5239.0
2019-03-29 10:16:00,0.903,0.903,0.903,0.903,349.0
2019-03-29 10:43:00,0.903,0.903,0.903,0.903,8500.0
2019-03-29 10:44:00,0.903,0.91,0.903,0.91,5030.0
2019-03-29 10:47:00,0.91,0.91,0.91,0.91,7030.0
2019-03-29 10:51:00,0.91,0.91,0.91,0.91,100.0
2019-03-29 11:01:00,0.9,0.9,0.9,0.9,5370.0
2019-03-29 11:09:00,0.905,0.905,0.905,0.905,245.0
2019-03-29 11:15:00,0.905,0.9143,0.905,0.9143,255.0
2019-03-29 11:26:00,0.9,0.9,0.9,0.9,100.0
2019-03-29 11:28:00,0.9143,0.9143,0.9143,0.9143,415.0
2019-03-29 11:53:00,0.9,0.9,0.9,0.9,100.0
2019-03-29 11:57:00,0.9144,0.9144,0.9144,0.9144,200.0
2019-03-29 12:10:00,0.9144,0.9144,0.9144,0.9144,111.0
2019-03-29 12:25:00,0.9,0.9,0.9,0.9,100.0
2019-03-29 12:29:00,0.9063,0.9063,0.9063,0.9063,120.0
2019-03-29 12:41:00,0.9,0.9,0.9,0.9,100.0
2019-03-29 12:48:00,0.89,0.89,0.89,0.89,7670.0
2019-03-29 13:02:00,0.8506,0.8506,0.8506,0.8506,1201.0
2019-03-29 13:16:00,0.8931,0.8931,0.8931,0.8931,3103.0
2019-03-29 13:47:00,0.9,0.9,0.9,0.9,133.0
2019-03-29 14:11:00,0.885,0.885,0.885,0.885,200.0
2019-03-29 14:12:00,0.9,0.9,0.9,0.9,200.0
2019-03-29 14:40:00,0.8851,0.8851,0.8851,0.8851,100.0
2019-03-29 15:00:00,0.915,0.915,0.915,0.915,100.0
2019-03-29 15:02:00,0.915,0.915,0.915,0.915,213.0
2019-03-29 15:09:00,0.915,0.915,0.915,0.915,123.0
2019-03-29 15:11:00,0.8914,0.8914,0.8914,0.8914,177.0
2019-03-29 15:12:00,0.8915,0.8915,0.8882,0.8882,3939.0
2019-03-29 15:34:00,0.89,0.89,0.89,0.89,1085.0
2019-03-29 15:39:00,0.8915,0.8915,0.8915,0.8915,315.0
2019-03-29 15:46:00,0.8855,0.8855,0.8855,0.8855,525.0
2019-03-29 15:49:00,0.9179,0.9179,0.9179,0.9179,806.0
2019-03-29 15:50:00,0.9179,0.9179,0.9179,0.9179,1448.0
2019-03-29 15:51:00,0.8855,0.8855,0.8855,0.8855,100.0
2019-03-29 15:53:00,0.92,0.92,0.92,0.92,1799.0
2019-03-29 15:58:00,0.8855,0.8855,0.8855,0.8855,210.0
2019-04-01 09:31:00,0.9,0.9,0.9,0.9,0.0
2019-04-01 09:37:00,0.92,0.92,0.92,0.92,110.0
2019-04-01 09:45:00,0.92,0.92,0.92,0.92,100.0
2019-04-01 09:53:00,0.9297,0.9297,0.9297,0.9297,100.0
2019-04-01 09:58:00,0.9,0.9,0.9,0.9,200.0
2019-04-01 10:08:00,0.9,0.9,0.9,0.9,20649.0
2019-04-01 10:09:00,0.899,0.899,0.899,0.899,218.0
2019-04-01 10:17:00,0.9,0.9,0.9,0.9,70162.0
2019-04-01 10:23:00,0.945,0.945,0.945,0.945,200.0
2019-04-01 10:38:00,0.93,0.93,0.93,0.93,1392.0
2019-04-01 10:49:00,0.94,0.94,0.94,0.94,256.0
2019-04-01 11:07:00,0.945,0.945,0.945,0.945,210.0
2019-04-01 11:10:00,0.9275,0.9275,0.92,0.92,46515.0
2019-04-01 11:11:00,0.9275,0.9275,0.9275,0.9275,7100.0
2019-04-01 11:15:00,0.9415,0.9415,0.9415,0.9415,2201.0
2019-04-01 11:16:00,0.9325,0.9325,0.9325,0.9325,374.0
2019-04-01 11:35:00,0.935,0.935,0.935,0.935,159.0
2019-04-01 11:36:00,0.93,0.93,0.93,0.93,3141.0
2019-04-01 11:37:00,0.9324,0.9324,0.9324,0.9324,16600.0
2019-04-01 11:39:00,0.9449,0.9449,0.9449,0.9449,700.0
2019-04-01 11:46:00,0.9449,0.9449,0.9449,0.9449,287.0
2019-04-01 11:59:00,0.94,0.94,0.94,0.94,250.0
2019-04-01 12:04:00,0.9448,0.9448,0.9448,0.9448,100.0
2019-04-01 12:25:00,0.94,0.94,0.94,0.94,100.0
2019-04-01 12:53:00,0.93,0.93,0.93,0.93,1210.0
2019-04-01 12:54:00,0.925,0.925,0.925,0.925,190.0
2019-04-01 12:57:00,0.925,0.925,0.925,0.925,120.0
2019-04-01 13:07:00,0.92,0.92,0.92,0.92,159.0
2019-04-01 13:30:00,0.912,0.912,0.912,0.912,12400.0
2019-04-01 13:37:00,0.902,0.902,0.902,0.902,5695.0
2019-04-01 13:40:00,0.9099,0.9099,0.9099,0.9099,604.0
2019-04-01 14:10:00,0.91,0.91,0.91,0.91,601.0
2019-04-01 14:14:00,0.896,0.896,0.896,0.896,2792.0
2019-04-01 14:38:00,0.9,0.913,0.9,0.913,9385.0
2019-04-01 14:54:00,0.9087,0.9087,0.9087,0.9087,700.0
2019-04-01 15:10:00,0.8875,0.8875,0.8875,0.8875,6202.0
2019-04-01 15:34:00,0.8875,0.8875,0.8875,0.8875,292.0
2019-04-01 15:36:00,0.908,0.908,0.908,0.908,7994.0
2019-04-01 15:41:00,0.9444,0.9444,0.9444,0.9444,100.0
2019-04-01 15:52:00,0.91,0.91,0.91,0.91,114.0
2019-04-01 16:00:00,0.91,0.91,0.91,0.91,3254.0
2019-04-02 09:31:00,0.8875,0.8875,0.8875,0.8875,0.0
2019-04-02 09:33:00,0.9,0.9,0.9,0.9,174.0
2019-04-02 09:38:00,0.8972,0.8972,0.8972,0.8972,1000.0
2019-04-02 09:42:00,0.891,0.891,0.891,0.891,1338.0
2019-04-02 10:11:00,0.891,0.891,0.891,0.891,3530.0
2019-04-02 10:40:00,0.9135,0.9135,0.9135,0.9135,500.0
2019-04-02 11:05:00,0.9159,0.9159,0.9159,0.9159,575.0
2019-04-02 11:08:00,0.9189,0.9189,0.9189,0.9189,100.0
2019-04-02 11:20:00,0.9188,0.9188,0.9188,0.9188,1000.0
2019-04-02 11:22:00,0.9101,0.9101,0.9101,0.9101,105.0
2019-04-02 11:47:00,0.9101,0.9101,0.9101,0.9101,100.0
2019-04-02 11:50:00,0.9189,0.9189,0.9189,0.9189,100.0
2019-04-02 11:56:00,0.9134,0.9134,0.9134,0.9134,145.0
2019-04-02 12:02:00,0.919,0.919,0.919,0.919,321.0
2019-04-02 12:19:00,0.9147,0.9147,0.9147,0.9147,175.0
2019-04-02 12:50:00,0.9101,0.9101,0.9101,0.9101,101.0
2019-04-02 13:20:00,0.919,0.92,0.919,0.92,1201.0
2019-04-02 13:30:00,0.92,0.92,0.92,0.92,119.0
2019-04-02 13:34:00,0.92,0.92,0.92,0.92,479.0
2019-04-02 13:52:00,0.9497,0.9497,0.9497,0.9497,200.0
2019-04-02 13:59:00,0.9228,0.9228,0.9228,0.9228,891.0
2019-04-02 14:13:00,0.9201,0.9201,0.9201,0.9201,100.0
2019-04-02 14:19:00,0.9497,0.9497,0.9497,0.9497,315.0
2019-04-02 14:27:00,0.9349,0.9349,0.9349,0.9349,2800.0
2019-04-02 14:32:00,0.93,0.93,0.93,0.93,1200.0
2019-04-02 14:34:00,0.9349,0.9349,0.9349,0.9349,1700.0
2019-04-02 14:39:00,0.9349,0.9349,0.9349,0.9349,100.0
2019-04-02 14:51:00,0.9201,0.9201,0.9201,0.9201,3100.0
2019-04-02 14:59:00,0.9498,0.9498,0.9498,0.9498,100.0
2019-04-02 15:02:00,0.9351,0.9351,0.9351,0.9351,500.0
2019-04-02 15:06:00,0.9497,0.9497,0.9497,0.9497,101.0
2019-04-02 15:14:00,0.935,0.935,0.935,0.935,345.0
2019-04-02 15:18:00,0.9352,0.9352,0.935,0.935,500.0
2019-04-02 15:19:00,0.92,0.92,0.92,0.92,200.0
2019-04-02 15:46:00,0.95,0.95,0.95,0.95,106.0
2019-04-02 15:51:00,0.92,0.92,0.92,0.92,125.0
2019-04-02 15:55:00,0.92,0.92,0.92,0.92,1115.0
2019-04-03 09:31:00,1.1,1.1,1.1,1.1,113778.0
2019-04-03 09:32:00,1.12,1.135,1.1,1.1,36772.0
2019-04-03 09:33:00,1.11,1.11,1.1,1.1,24345.0
2019-04-03 09:34:00,1.05,1.05,1.05,1.05,31522.0
2019-04-03 09:35:00,1.08,1.08,1.07,1.07,32082.0
2019-04-03 09:36:00,1.08,1.08,1.071,1.071,15367.0
2019-04-03 09:37:00,1.1,1.1227,1.1,1.1227,19198.0
2019-04-03 09:38:00,1.11,1.14,1.11,1.14,14666.0
2019-04-03 09:39:00,1.11,1.1497,1.11,1.1497,22213.0
2019-04-03 09:40:00,1.14,1.14,1.12,1.13,25220.0
2019-04-03 09:41:00,1.1396,1.1396,1.13,1.13,14186.0
2019-04-03 09:42:00,1.15,1.215,1.15,1.208,99808.0
2019-04-03 09:43:00,1.2,1.2859,1.19,1.27,186717.0
2019-04-03 09:44:00,1.27,1.32,1.235,1.29,206925.0
2019-04-03 09:45:00,1.27,1.27,1.22,1.2599,109016.0
2019-04-03 09:46:00,1.25,1.26,1.18,1.24,117748.0
2019-04-03 09:47:00,1.24,1.27,1.22,1.2697,73678.0
2019-04-03 09:48:00,1.25,1.25,1.2,1.22,102174.0
2019-04-03 09:49:00,1.22,1.2431,1.22,1.2431,39222.0
2019-04-03 09:50:00,1.22,1.22,1.2157,1.2157,22083.0
2019-04-03 09:51:00,1.2394,1.2394,1.22,1.22,37511.0
2019-04-03 09:52:00,1.21,1.21,1.16,1.17,109146.0
2019-04-03 09:53:00,1.17,1.1873,1.17,1.187,21809.0
2019-04-03 09:54:00,1.17,1.18,1.17,1.175,15144.0
2019-04-03 09:55:00,1.18,1.197,1.18,1.197,25975.0
2019-04-03 09:56:00,1.1833,1.1833,1.1833,1.1833,18220.0
2019-04-03 09:57:00,1.16,1.16,1.11,1.12,129295.0
2019-04-03 09:58:00,1.1201,1.14,1.12,1.133,46479.0
2019-04-03 09:59:00,1.14,1.15,1.1,1.11,89025.0
2019-04-03 10:00:00,1.1121,1.1121,1.106,1.1102,29623.0
2019-04-03 10:01:00,1.1287,1.14,1.1287,1.14,20712.0
2019-04-03 10:02:00,1.14,1.1515,1.1396,1.1475,66195.0
2019-04-03 10:03:00,1.1401,1.1401,1.1401,1.1401,4710.0
2019-04-03 10:04:00,1.1466,1.1466,1.1466,1.1466,18270.0
2019-04-03 10:05:00,1.135,1.135,1.1134,1.1134,43451.0
2019-04-03 10:06:00,1.1,1.12,1.1,1.12,9873.0
2019-04-03 10:08:00,1.1323,1.1389,1.1323,1.1389,15008.0
2019-04-03 10:09:00,1.14,1.14,1.14,1.14,15736.0
2019-04-03 10:10:00,1.1373,1.1373,1.1373,1.1373,9209.0
2019-04-03 10:11:00,1.13,1.14,1.13,1.14,6210.0
2019-04-03 10:12:00,1.14,1.1482,1.14,1.1482,12226.0
2019-04-03 10:13:00,1.13,1.13,1.13,1.13,32568.0
2019-04-03 10:14:00,1.1,1.1,1.08,1.09,55583.0
2019-04-03 10:15:00,1.11,1.11,1.11,1.11,8624.0
2019-04-03 10:16:00,1.1146,1.1146,1.1146,1.1146,6095.0
2019-04-03 10:18:00,1.117,1.12,1.117,1.12,15655.0
2019-04-03 10:19:00,1.1286,1.1286,1.1286,1.1286,2866.0
2019-04-03 10:20:00,1.125,1.125,1.125,1.125,5600.0
2019-04-03 10:21:00,1.13,1.1394,1.13,1.1394,11712.0
2019-04-03 10:22:00,1.14,1.14,1.14,1.14,3026.0
2019-04-03 10:23:00,1.16,1.17,1.16,1.17,47432.0
2019-04-03 10:24:00,1.1647,1.17,1.1647,1.17,6054.0
2019-04-03 10:25:00,1.1788,1.18,1.1788,1.1799,27937.0
2019-04-03 10:26:00,1.175,1.175,1.162,1.17,41499.0
2019-04-03 10:27:00,1.165,1.165,1.165,1.165,4064.0
2019-04-03 10:28:00,1.1677,1.1677,1.1677,1.1677,2764.0
2019-04-03 10:29:00,1.17,1.17,1.17,1.17,956.0
2019-04-03 10:30:00,1.17,1.19,1.17,1.19,32401.0
2019-04-03 10:31:00,1.185,1.185,1.17,1.17,53304.0
2019-04-03 10:32:00,1.16,1.16,1.16,1.16,1259.0
2019-04-03 10:33:00,1.17,1.2,1.17,1.2,53873.0
2019-04-03 10:34:00,1.19,1.19,1.18,1.18,26441.0
2019-04-03 10:35:00,1.1791,1.1791,1.1791,1.1791,1239.0
2019-04-03 10:36:00,1.17,1.17,1.17,1.17,3902.0
2019-04-03 10:37:00,1.1763,1.1819,1.1763,1.1819,8936.0
2019-04-03 10:39:00,1.18,1.18,1.18,1.18,2195.0
2019-04-03 10:40:00,1.18,1.18,1.17,1.17,10414.0
2019-04-03 10:41:00,1.16,1.16,1.1426,1.1426,17326.0
2019-04-03 10:43:00,1.143,1.15,1.143,1.15,3283.0
2019-04-03 10:46:00,1.1659,1.1659,1.1659,1.1659,3009.0
2019-04-03 10:47:00,1.15,1.15,1.15,1.15,2500.0
2019-04-03 10:48:00,1.16,1.16,1.16,1.16,1542.0
2019-04-03 10:49:00,1.1532,1.1532,1.1532,1.1532,1733.0
2019-04-03 10:50:00,1.1514,1.1514,1.1514,1.1514,7225.0
2019-04-03 10:52:00,1.1515,1.1515,1.1515,1.1515,2000.0
2019-04-03 10:54:00,1.16,1.23,1.16,1.22,75847.0
2019-04-03 10:55:00,1.22,1.27,1.22,1.2599,140077.0
2019-04-03 10:56:00,1.24,1.25,1.23,1.25,34340.0
2019-04-03 10:57:00,1.25,1.26,1.23,1.23,73024.0
2019-04-03 10:58:00,1.22,1.25,1.22,1.24,54967.0
2019-04-03 10:59:00,1.24,1.24,1.23,1.23,10434.0
2019-04-03 11:00:00,1.22,1.22,1.22,1.22,5140.0
2019-04-03 11:01:00,1.2,1.2,1.2,1.2,49679.0
2019-04-03 11:02:00,1.22,1.22,1.22,1.22,12700.0
2019-04-03 11:03:00,1.23,1.23,1.23,1.23,3520.0
2019-04-03 11:04:00,1.24,1.24,1.2399,1.2399,10810.0
2019-04-03 11:05:00,1.24,1.24,1.23,1.23,5727.0
2019-04-03 11:06:00,1.2147,1.2255,1.2147,1.2255,12604.0
2019-04-03 11:08:00,1.24,1.24,1.2368,1.2368,12564.0
2019-04-03 11:09:00,1.22,1.22,1.22,1.22,4618.0
2019-04-03 11:10:00,1.23,1.23,1.23,1.23,5305.0
2019-04-03 11:12:00,1.23,1.23,1.23,1.23,1111.0
2019-04-03 11:13:00,1.25,1.29,1.25,1.2799,88680.0
2019-04-03 11:14:00,1.28,1.28,1.26,1.2797,25759.0
2019-04-03 11:15:00,1.2603,1.2603,1.25,1.25,19460.0
2019-04-03 11:16:00,1.2707,1.2707,1.2707,1.2707,3587.0
2019-04-03 11:17:00,1.265,1.265,1.265,1.265,21388.0
2019-04-03 11:18:00,1.27,1.275,1.27,1.275,16380.0
2019-04-03 11:19:00,1.2709,1.3,1.2709,1.2999,33107.0
2019-04-03 11:20:00,1.3,1.32,1.2846,1.32,165961.0
2019-04-03 11:21:00,1.32,1.4,1.31,1.394,217319.0
2019-04-03 11:22:00,1.38,1.38,1.35,1.38,110307.0
2019-04-03 11:23:00,1.3808,1.3808,1.37,1.37,45414.0
2019-04-03 11:24:00,1.3612,1.38,1.36,1.38,35304.0
2019-04-03 11:25:00,1.37,1.4,1.36,1.36,114244.0
2019-04-03 11:26:00,1.3628,1.38,1.3628,1.37,41011.0
2019-04-03 11:27:00,1.36,1.36,1.35,1.3596,21696.0
2019-04-03 11:28:00,1.365,1.365,1.36,1.36,15734.0
2019-04-03 11:29:00,1.37,1.39,1.36,1.39,42183.0
2019-04-03 11:30:00,1.39,1.4095,1.3805,1.4,65235.0
2019-04-03 11:31:00,1.39,1.39,1.37,1.37,52693.0
2019-04-03 11:32:00,1.38,1.43,1.38,1.43,94939.0
2019-04-03 11:33:00,1.4299,1.4299,1.33,1.35,163022.0
2019-04-03 11:34:00,1.36,1.36,1.36,1.36,8963.0
2019-04-03 11:35:00,1.355,1.355,1.33,1.33,65116.0
2019-04-03 11:36:00,1.33,1.33,1.31,1.33,43604.0
2019-04-03 11:37:00,1.335,1.335,1.32,1.33,9750.0
2019-04-03 11:38:00,1.31,1.315,1.3,1.315,22381.0
2019-04-03 11:39:00,1.31,1.31,1.31,1.31,15535.0
2019-04-03 11:40:00,1.32,1.329,1.32,1.329,3125.0
2019-04-03 11:42:00,1.31,1.31,1.3,1.3084,8508.0
2019-04-03 11:43:00,1.31,1.33,1.31,1.33,9433.0
2019-04-03 11:44:00,1.34,1.34,1.34,1.34,14397.0
2019-04-03 11:45:00,1.3373,1.34,1.3373,1.34,10209.0
2019-04-03 11:46:00,1.3332,1.3332,1.3332,1.3332,6315.0
2019-04-03 11:47:00,1.339,1.339,1.339,1.339,2065.0
2019-04-03 11:48:00,1.3399,1.3399,1.33,1.33,6463.0
2019-04-03 11:49:00,1.3376,1.3376,1.3376,1.3376,1492.0
2019-04-03 11:50:00,1.33,1.34,1.33,1.34,9477.0
2019-04-03 11:51:00,1.35,1.35,1.3155,1.3155,46587.0
2019-04-03 11:52:00,1.32,1.32,1.32,1.32,9350.0
2019-04-03 11:53:00,1.34,1.34,1.34,1.34,5411.0
2019-04-03 11:54:00,1.3253,1.3253,1.3253,1.3253,233.0
2019-04-03 11:55:00,1.335,1.335,1.335,1.335,1450.0
2019-04-03 11:56:00,1.3261,1.3261,1.3261,1.3261,8087.0
2019-04-03 11:57:00,1.3284,1.3284,1.3284,1.3284,3520.0
2019-04-03 11:58:00,1.31,1.31,1.3,1.3,17500.0
2019-04-03 11:59:00,1.3,1.314,1.28,1.314,61343.0
2019-04-03 12:00:00,1.3079,1.31,1.3079,1.31,16242.0
2019-04-03 12:01:00,1.3,1.3,1.28,1.28,11373.0
2019-04-03 12:03:00,1.3,1.3,1.28,1.28,11223.0
2019-04-03 12:04:00,1.28,1.28,1.28,1.28,6320.0
2019-04-03 12:05:00,1.28,1.28,1.27,1.27,17464.0
2019-04-03 12:06:00,1.28,1.32,1.28,1.31,31022.0
2019-04-03 12:07:00,1.29,1.29,1.29,1.29,8437.0
2019-04-03 12:08:00,1.28,1.28,1.28,1.28,3337.0
2019-04-03 12:09:00,1.26,1.26,1.2342,1.2417,45612.0
2019-04-03 12:10:00,1.24,1.2538,1.24,1.2538,10950.0
2019-04-03 12:11:00,1.24,1.25,1.2373,1.2373,9364.0
2019-04-03 12:12:00,1.24,1.2431,1.16,1.17,60555.0
2019-04-03 12:13:00,1.23,1.23,1.2,1.2,39121.0
2019-04-03 12:14:00,1.23,1.23,1.21,1.22,28570.0
2019-04-03 12:15:00,1.2203,1.2203,1.21,1.21,17664.0
2019-04-03 12:16:00,1.22,1.22,1.22,1.22,2227.0
2019-04-03 12:17:00,1.2055,1.21,1.2055,1.21,6904.0
2019-04-03 12:19:00,1.21,1.21,1.21,1.21,1876.0
2019-04-03 12:20:00,1.2015,1.22,1.2015,1.22,10201.0
2019-04-03 12:21:00,1.22,1.2227,1.22,1.2227,9320.0
2019-04-03 12:22:00,1.23,1.23,1.23,1.23,6900.0
2019-04-03 12:23:00,1.23,1.23,1.23,1.23,12930.0
2019-04-03 12:24:00,1.22,1.22,1.22,1.22,9175.0
2019-04-03 12:25:00,1.2221,1.2221,1.2221,1.2221,4925.0
2019-04-03 12:26:00,1.229,1.229,1.229,1.229,1001.0
2019-04-03 12:27:00,1.22,1.22,1.2173,1.2173,8069.0
2019-04-03 12:29:00,1.21,1.21,1.21,1.21,9305.0
2019-04-03 12:30:00,1.21,1.21,1.18,1.19,31550.0
2019-04-03 12:31:00,1.18,1.18,1.16,1.1697,77610.0
2019-04-03 12:32:00,1.16,1.1724,1.16,1.17,27199.0
2019-04-03 12:33:00,1.17,1.17,1.12,1.1465,68328.0
2019-04-03 12:34:00,1.1457,1.15,1.13,1.1479,47097.0
2019-04-03 12:35:00,1.15,1.15,1.1499,1.1499,9491.0
2019-04-03 12:36:00,1.145,1.145,1.145,1.145,2859.0
2019-04-03 12:37:00,1.14,1.15,1.14,1.15,16271.0
2019-04-03 12:38:00,1.15,1.15,1.15,1.15,4530.0
2019-04-03 12:39:00,1.15,1.15,1.15,1.15,3348.0
2019-04-03 12:40:00,1.16,1.16,1.16,1.16,26108.0
2019-04-03 12:41:00,1.159,1.159,1.15,1.15,8072.0
2019-04-03 12:42:00,1.14,1.14,1.13,1.14,27946.0
2019-04-03 12:43:00,1.1422,1.1422,1.1422,1.1422,3646.0
2019-04-03 12:44:00,1.1427,1.1427,1.1427,1.1427,657.0
2019-04-03 12:46:00,1.15,1.157,1.15,1.157,5680.0
2019-04-03 12:47:00,1.156,1.156,1.156,1.156,4955.0
2019-04-03 12:48:00,1.15,1.15,1.15,1.15,3502.0
2019-04-03 12:49:00,1.15,1.15,1.15,1.15,1712.0
2019-04-03 12:50:00,1.1403,1.16,1.1403,1.16,7837.0
2019-04-03 12:52:00,1.16,1.16,1.16,1.16,6590.0
2019-04-03 12:53:00,1.17,1.17,1.16,1.16,15337.0
2019-04-03 12:54:00,1.17,1.17,1.17,1.17,4476.0
2019-04-03 12:55:00,1.1677,1.1677,1.1677,1.1677,3700.0
2019-04-03 12:56:00,1.17,1.17,1.17,1.17,3000.0
2019-04-03 12:57:00,1.17,1.17,1.17,1.17,4667.0
2019-04-03 12:58:00,1.1707,1.1707,1.1707,1.1707,830.0
2019-04-03 12:59:00,1.1691,1.1691,1.1691,1.1691,4111.0
2019-04-03 13:00:00,1.17,1.17,1.17,1.17,4600.0
2019-04-03 13:01:00,1.17,1.1747,1.17,1.1747,7645.0
2019-04-03 13:02:00,1.18,1.18,1.18,1.18,4089.0
2019-04-03 13:03:00,1.18,1.18,1.18,1.18,2990.0
2019-04-03 13:04:00,1.1854,1.1854,1.1854,1.1854,1206.0
2019-04-03 13:05:00,1.17,1.17,1.16,1.16,18937.0
2019-04-03 13:06:00,1.17,1.17,1.17,1.17,9600.0
2019-04-03 13:07:00,1.17,1.17,1.12,1.12,24870.0
2019-04-03 13:09:00,1.13,1.13,1.13,1.13,1644.0
2019-04-03 13:10:00,1.143,1.1491,1.143,1.1491,18200.0
2019-04-03 13:13:00,1.1562,1.1562,1.1562,1.1562,6244.0
2019-04-03 13:14:00,1.15,1.16,1.15,1.16,6945.0
2019-04-03 13:17:00,1.1401,1.1401,1.1401,1.1401,1382.0
2019-04-03 13:19:00,1.135,1.14,1.135,1.14,10494.0
2019-04-03 13:20:00,1.16,1.16,1.16,1.16,1000.0
2019-04-03 13:22:00,1.1625,1.1625,1.1423,1.1423,8353.0
2019-04-03 13:24:00,1.16,1.16,1.16,1.16,430.0
2019-04-03 13:28:00,1.165,1.165,1.165,1.165,5162.0
2019-04-03 13:29:00,1.1545,1.1545,1.1545,1.1545,2871.0
2019-04-03 13:31:00,1.15,1.15,1.15,1.15,3156.0
2019-04-03 13:34:00,1.15,1.1531,1.15,1.1531,8464.0
2019-04-03 13:36:00,1.16,1.16,1.16,1.16,2930.0
2019-04-03 13:37:00,1.15,1.15,1.15,1.15,24560.0
2019-04-03 13:39:00,1.18,1.18,1.18,1.18,4332.0
2019-04-03 13:40:00,1.17,1.17,1.17,1.17,1590.0
2019-04-03 13:42:00,1.1687,1.1687,1.1687,1.1687,2939.0
2019-04-03 13:45:00,1.1604,1.1604,1.1604,1.1604,1334.0
2019-04-03 13:47:00,1.1601,1.1601,1.1601,1.1601,824.0
2019-04-03 13:49:00,1.1697,1.1697,1.1697,1.1697,6718.0
2019-04-03 13:51:00,1.17,1.1721,1.17,1.1721,9149.0
2019-04-03 13:53:00,1.17,1.17,1.17,1.17,200.0
2019-04-03 13:55:00,1.17,1.18,1.17,1.18,9868.0
2019-04-03 13:58:00,1.175,1.175,1.17,1.17,6730.0
2019-04-03 13:59:00,1.17,1.17,1.17,1.17,540.0
2019-04-03 14:00:00,1.16,1.16,1.16,1.16,736.0
2019-04-03 14:04:00,1.15,1.15,1.15,1.15,2127.0
2019-04-03 14:05:00,1.155,1.155,1.1402,1.1402,10608.0
2019-04-03 14:06:00,1.14,1.14,1.14,1.14,1461.0
2019-04-03 14:09:00,1.15,1.15,1.15,1.15,4665.0
2019-04-03 14:10:00,1.16,1.16,1.16,1.16,4932.0
2019-04-03 14:11:00,1.17,1.17,1.1642,1.1642,23402.0
2019-04-03 14:12:00,1.1699,1.1699,1.1699,1.1699,301.0
2019-04-03 14:15:00,1.165,1.1698,1.165,1.1698,3950.0
2019-04-03 14:16:00,1.1676,1.1676,1.1676,1.1676,3898.0
2019-04-03 14:18:00,1.1666,1.1666,1.1666,1.1666,709.0
2019-04-03 14:24:00,1.167,1.1687,1.167,1.1687,5807.0
2019-04-03 14:27:00,1.161,1.161,1.161,1.161,8737.0
2019-04-03 14:29:00,1.17,1.17,1.17,1.17,1463.0
2019-04-03 14:30:00,1.17,1.17,1.1669,1.1669,3467.0
2019-04-03 14:34:00,1.18,1.18,1.18,1.18,10840.0
2019-04-03 14:35:00,1.1787,1.1787,1.1787,1.1787,5300.0
2019-04-03 14:36:00,1.18,1.18,1.18,1.18,2200.0
2019-04-03 14:40:00,1.19,1.19,1.19,1.19,8651.0
2019-04-03 14:42:00,1.18,1.18,1.18,1.18,1005.0
2019-04-03 14:43:00,1.18,1.18,1.18,1.18,7012.0
2019-04-03 14:44:00,1.19,1.19,1.19,1.19,3544.0
2019-04-03 14:45:00,1.2,1.2,1.2,1.2,3401.0
2019-04-03 14:46:00,1.19,1.19,1.19,1.19,4016.0
2019-04-03 14:47:00,1.2,1.2,1.2,1.2,2161.0
2019-04-03 14:48:00,1.194,1.195,1.194,1.195,6606.0
2019-04-03 14:49:00,1.19,1.19,1.19,1.19,3949.0
2019-04-03 14:51:00,1.2,1.2,1.2,1.2,7698.0
2019-04-03 14:52:00,1.21,1.21,1.21,1.21,415.0
2019-04-03 14:54:00,1.2,1.2,1.2,1.2,1252.0
2019-04-03 14:56:00,1.21,1.21,1.21,1.21,2275.0
2019-04-03 14:57:00,1.21,1.23,1.2063,1.23,22817.0
2019-04-03 14:58:00,1.25,1.25,1.24,1.25,25829.0
2019-04-03 14:59:00,1.26,1.26,1.2501,1.2501,17269.0
2019-04-03 15:00:00,1.255,1.255,1.255,1.255,2915.0
2019-04-03 15:01:00,1.2577,1.2577,1.2577,1.2577,3810.0
2019-04-03 15:02:00,1.27,1.27,1.2662,1.2687,22259.0
2019-04-03 15:03:00,1.2701,1.2701,1.24,1.24,40629.0
2019-04-03 15:04:00,1.2233,1.2233,1.2222,1.2222,9537.0
2019-04-03 15:06:00,1.225,1.225,1.21,1.21,10281.0
2019-04-03 15:07:00,1.2163,1.2191,1.21,1.21,32373.0
2019-04-03 15:09:00,1.21,1.22,1.21,1.22,14113.0
2019-04-03 15:11:00,1.22,1.22,1.22,1.22,13401.0
2019-04-03 15:12:00,1.215,1.215,1.215,1.215,1201.0
2019-04-03 15:13:00,1.22,1.22,1.22,1.22,2670.0
2019-04-03 15:14:00,1.21,1.21,1.21,1.21,476.0
2019-04-03 15:15:00,1.21,1.2103,1.21,1.2103,9088.0
2019-04-03 15:16:00,1.1901,1.1901,1.1901,1.1901,5371.0
2019-04-03 15:17:00,1.19,1.19,1.1808,1.1808,14981.0
2019-04-03 15:18:00,1.18,1.185,1.18,1.185,9080.0
2019-04-03 15:20:00,1.2093,1.2093,1.2093,1.2093,4093.0
2019-04-03 15:21:00,1.2033,1.2033,1.2033,1.2033,1027.0
2019-04-03 15:23:00,1.2,1.2,1.2,1.2,561.0
2019-04-03 15:26:00,1.2064,1.2064,1.2064,1.2064,1203.0
2019-04-03 15:28:00,1.205,1.205,1.205,1.205,1700.0
2019-04-03 15:29:00,1.201,1.201,1.201,1.201,582.0
2019-04-03 15:31:00,1.2066,1.2066,1.2066,1.2066,9200.0
2019-04-03 15:33:00,1.2086,1.2086,1.2086,1.2086,1920.0
2019-04-03 15:34:00,1.209,1.209,1.209,1.209,905.0
2019-04-03 15:37:00,1.2009,1.2009,1.2009,1.2009,2002.0
2019-04-03 15:38:00,1.2091,1.2091,1.2091,1.2091,4058.0
2019-04-03 15:40:00,1.2,1.2043,1.2,1.2043,3467.0
2019-04-03 15:41:00,1.205,1.205,1.205,1.205,1341.0
2019-04-03 15:43:00,1.2025,1.2025,1.2025,1.2025,2390.0
2019-04-03 15:44:00,1.2,1.2,1.2,1.2,2175.0
2019-04-03 15:45:00,1.205,1.205,1.205,1.205,2700.0
2019-04-03 15:47:00,1.2,1.2008,1.19,1.19,37698.0
2019-04-03 15:48:00,1.2001,1.2072,1.2001,1.204,16100.0
2019-04-03 15:50:00,1.209,1.209,1.195,1.195,2309.0
2019-04-03 15:52:00,1.1941,1.1941,1.1941,1.1941,1160.0
2019-04-03 15:53:00,1.195,1.195,1.195,1.195,4200.0
2019-04-03 15:54:00,1.2,1.215,1.2,1.215,9283.0
2019-04-03 15:56:00,1.2176,1.2176,1.2176,1.2176,7000.0
2019-04-03 15:57:00,1.2193,1.2193,1.2193,1.2193,3279.0
2019-04-03 15:58:00,1.21,1.22,1.21,1.22,31989.0
2019-04-03 15:59:00,1.2099,1.2099,1.2099,1.2099,7265.0
2019-04-03 16:00:00,1.24,1.24,1.24,1.24,63284.0
