
2019-03-19 09:31:00,28.0,28.0,28.0,28.0,0.0
2019-03-19 09:39:00,27.97,27.99,27.97,27.99,600.0
2019-03-19 09:41:00,27.99,28.0,27.99,28.0,323.0
2019-03-19 09:43:00,28.0,28.0,28.0,28.0,303.0
2019-03-19 09:44:00,28.0,28.0,27.999,27.9999,8550.0
2019-03-19 09:45:00,28.02,28.08,28.02,28.025,525.0
2019-03-19 09:46:00,28.12,28.13,28.12,28.13,232.0
2019-03-19 09:51:00,28.0419,28.0419,28.0419,28.0419,200.0
2019-03-19 09:55:00,28.0,28.0,28.0,28.0,200.0
2019-03-19 10:01:00,28.0,28.0,28.0,28.0,592.0
2019-03-19 10:08:00,28.01,28.01,28.01,28.01,200.0
2019-03-19 10:09:00,27.95,27.95,27.95,27.95,343.0
2019-03-19 10:11:00,28.01,28.01,28.01,28.01,531.0
2019-03-19 10:35:00,27.9697,27.9697,27.9697,27.9697,928.0
2019-03-19 10:38:00,28.03,28.03,28.03,28.03,395.0
2019-03-19 10:55:00,28.0,28.0,28.0,28.0,125.0
2019-03-19 10:58:00,27.94,27.94,27.91,27.91,538.0
2019-03-19 10:59:00,27.87,27.87,27.87,27.87,107.0
2019-03-19 11:00:00,27.83,27.83,27.82,27.82,214.0
2019-03-19 11:05:00,27.88,27.88,27.88,27.88,343.0
2019-03-19 11:25:00,27.79,27.79,27.79,27.79,400.0
2019-03-19 11:26:00,27.82,27.82,27.82,27.82,804.0
2019-03-19 11:35:00,27.7973,27.7973,27.7973,27.7973,236.0
2019-03-19 11:36:00,27.83,27.83,27.83,27.83,140.0
2019-03-19 11:39:00,27.9,27.9,27.9,27.9,400.0
2019-03-19 12:01:00,27.86,27.86,27.86,27.86,320.0
2019-03-19 12:07:00,27.9,27.9,27.9,27.9,224.0
2019-03-19 12:28:00,27.9094,27.9094,27.9094,27.9094,304.0
2019-03-19 12:36:00,27.88,27.88,27.82,27.82,1324.0
2019-03-19 12:37:00,27.835,27.835,27.835,27.835,140.0
2019-03-19 12:47:00,27.81,27.81,27.75,27.75,659.0
2019-03-19 12:53:00,27.71,27.72,27.71,27.72,570.0
2019-03-19 13:02:00,27.79,27.79,27.79,27.79,438.0
2019-03-19 13:06:00,27.84,27.89,27.84,27.89,724.0
2019-03-19 13:07:00,27.84,27.84,27.84,27.84,324.0
2019-03-19 13:15:00,27.85,27.85,27.85,27.85,275.0
2019-03-19 13:30:00,27.83,27.84,27.82,27.82,536.0
2019-03-19 13:31:00,27.84,27.84,27.82,27.82,300.0
2019-03-19 13:32:00,27.84,27.85,27.84,27.85,224.0
2019-03-19 13:35:00,27.83,27.83,27.83,27.83,300.0
2019-03-19 13:38:00,27.845,27.845,27.845,27.845,178.0
2019-03-19 13:41:00,27.84,27.84,27.84,27.84,100.0
2019-03-19 13:43:00,27.85,27.9,27.85,27.86,1227.0
2019-03-19 13:48:00,27.8,27.8,27.795,27.795,316.0
2019-03-19 13:49:00,27.79,27.79,27.79,27.79,400.0
2019-03-19 13:50:00,27.775,27.83,27.775,27.83,320.0
2019-03-19 13:51:00,27.85,27.85,27.85,27.85,100.0
2019-03-19 13:56:00,27.77,27.77,27.73,27.73,824.0
2019-03-19 13:57:00,27.77,27.77,27.77,27.77,500.0
2019-03-19 13:58:00,27.77,27.77,27.77,27.77,175.0
2019-03-19 14:02:00,27.76,27.76,27.71,27.71,302.0
2019-03-19 14:03:00,27.65,27.65,27.65,27.65,125.0
2019-03-19 14:13:00,27.65,27.65,27.65,27.65,415.0
2019-03-19 14:35:00,27.63,27.63,27.63,27.63,345.0
2019-03-19 14:36:00,27.68,27.68,27.68,27.68,307.0
2019-03-19 14:57:00,27.71,27.71,27.71,27.71,159.0
2019-03-19 15:00:00,27.66,27.66,27.66,27.66,321.0
2019-03-19 15:11:00,27.64,27.64,27.63,27.63,356.0
2019-03-19 15:18:00,27.58,27.58,27.58,27.58,249.0
2019-03-19 15:31:00,27.52,27.525,27.52,27.525,818.0
2019-03-19 15:32:00,27.54,27.54,27.54,27.54,369.0
2019-03-19 15:34:00,27.56,27.56,27.54,27.54,380.0
2019-03-19 15:38:00,27.48,27.48,27.48,27.48,320.0
2019-03-19 15:43:00,27.4575,27.4575,27.4575,27.4575,200.0
2019-03-19 15:44:00,27.44,27.44,27.42,27.42,440.0
2019-03-19 15:46:00,27.45,27.46,27.45,27.46,285.0
2019-03-19 15:48:00,27.49,27.49,27.46,27.46,897.0
2019-03-19 15:50:00,27.47,27.47,27.47,27.47,132.0
2019-03-19 15:53:00,27.47,27.47,27.47,27.47,448.0
2019-03-19 15:56:00,27.46,27.46,27.46,27.46,638.0
2019-03-19 15:57:00,27.45,27.45,27.44,27.44,604.0
2019-03-19 15:58:00,27.45,27.45,27.44,27.44,1215.0
2019-03-19 15:59:00,27.44,27.44,27.43,27.43,434.0
2019-03-19 16:00:00,27.44,27.44,27.4,27.41,2239.0
2019-03-20 09:31:00,27.36,27.36,27.36,27.36,280.0
2019-03-20 09:44:00,27.27,27.27,27.27,27.27,101.0
2019-03-20 09:50:00,27.31,27.31,27.31,27.31,410.0
2019-03-20 09:53:00,27.31,27.35,27.31,27.35,896.0
2019-03-20 09:56:00,27.3,27.3,27.3,27.3,100.0
2019-03-20 09:58:00,27.275,27.275,27.25,27.25,1141.0
2019-03-20 10:00:00,27.25,27.26,27.25,27.26,1007.0
2019-03-20 10:01:00,27.3,27.3,27.29,27.3,629.0
2019-03-20 10:12:00,27.23,27.27,27.23,27.27,400.0
2019-03-20 10:29:00,27.2,27.2,27.2,27.2,377.0
2019-03-20 10:32:00,27.23,27.24,27.23,27.24,300.0
2019-03-20 10:33:00,27.25,27.27,27.25,27.27,200.0
2019-03-20 10:36:00,27.27,27.36,27.27,27.36,500.0
2019-03-20 10:37:00,27.28,27.28,27.28,27.28,219.0
2019-03-20 10:53:00,27.3,27.3,27.3,27.3,345.0
2019-03-20 10:58:00,27.255,27.255,27.255,27.255,311.0
2019-03-20 11:01:00,27.28,27.38,27.28,27.38,871.0
2019-03-20 11:08:00,27.35,27.35,27.35,27.35,303.0
2019-03-20 11:37:00,27.21,27.21,27.16,27.16,300.0
2019-03-20 11:43:00,27.1209,27.1209,27.1209,27.1209,150.0
2019-03-20 11:46:00,27.11,27.11,27.11,27.11,214.0
2019-03-20 11:54:00,27.045,27.045,27.045,27.045,100.0
2019-03-20 11:58:00,27.0,27.01,27.0,27.01,840.0
2019-03-20 12:00:00,26.98,26.98,26.98,26.98,349.0
2019-03-20 12:01:00,26.925,26.925,26.925,26.925,172.0
2019-03-20 12:12:00,27.01,27.02,27.01,27.02,335.0
2019-03-20 12:15:00,27.045,27.045,27.045,27.045,100.0
2019-03-20 12:17:00,27.08,27.08,27.08,27.08,185.0
2019-03-20 12:24:00,27.0,27.0,27.0,27.0,200.0
2019-03-20 12:25:00,27.03,27.03,27.03,27.03,355.0
2019-03-20 12:33:00,26.99,26.99,26.99,26.99,500.0
2019-03-20 12:37:00,26.8201,26.8201,26.8201,26.8201,161.0
2019-03-20 12:46:00,26.91,26.91,26.91,26.91,430.0
2019-03-20 13:09:00,26.94,27.01,26.94,27.01,852.0
2019-03-20 13:28:00,26.98,26.98,26.98,26.98,100.0
2019-03-20 13:31:00,27.01,27.01,27.01,27.01,100.0
2019-03-20 13:38:00,26.9,26.9,26.9,26.9,100.0
2019-03-20 13:39:00,26.93,27.02,26.93,27.02,700.0
2019-03-20 13:41:00,27.05,27.06,27.04,27.04,512.0
2019-03-20 13:43:00,27.02,27.02,26.99,26.99,1210.0
2019-03-20 13:46:00,27.02,27.02,27.02,27.02,300.0
2019-03-20 13:47:00,27.01,27.01,27.01,27.01,100.0
2019-03-20 13:51:00,27.04,27.04,27.04,27.04,100.0
2019-03-20 13:53:00,27.06,27.06,27.06,27.06,131.0
2019-03-20 13:54:00,27.07,27.11,27.055,27.11,541.0
2019-03-20 13:56:00,27.12,27.12,27.12,27.12,100.0
2019-03-20 14:00:00,27.1,27.1,27.0,27.0,807.0
2019-03-20 14:01:00,27.05,27.05,27.05,27.05,100.0
2019-03-20 14:03:00,26.99,26.99,26.99,26.99,100.0
2019-03-20 14:04:00,26.96,27.07,26.96,27.04,300.0
2019-03-20 14:05:00,27.09,27.09,27.01,27.01,420.0
2019-03-20 14:06:00,27.09,27.14,27.09,27.14,300.0
2019-03-20 14:07:00,27.02,27.11,27.02,27.11,742.0
2019-03-20 14:13:00,27.12,27.12,27.12,27.12,100.0
2019-03-20 14:15:00,27.105,27.105,27.105,27.105,100.0
2019-03-20 14:16:00,27.105,27.13,27.105,27.13,200.0
2019-03-20 14:17:00,27.055,27.055,27.055,27.055,301.0
2019-03-20 14:22:00,27.02,27.02,27.0,27.0,440.0
2019-03-20 14:28:00,26.99,27.0,26.99,27.0,236.0
2019-03-20 14:31:00,27.0,27.01,26.99,26.99,407.0
2019-03-20 14:32:00,27.0,27.0,27.0,27.0,165.0
2019-03-20 14:33:00,27.0,27.03,27.0,27.0,2460.0
2019-03-20 14:34:00,27.02,27.08,27.02,27.06,700.0
2019-03-20 14:35:00,26.99,27.0,26.85,26.96,2578.0
2019-03-20 14:38:00,26.86,26.92,26.85,26.92,685.0
2019-03-20 14:39:00,26.93,26.99,26.9,26.99,1160.0
2019-03-20 14:40:00,27.0,27.01,27.0,27.0,500.0
2019-03-20 14:41:00,27.01,27.01,27.01,27.01,147.0
2019-03-20 14:42:00,27.0,27.03,26.93,27.025,3049.0
2019-03-20 14:45:00,26.95,27.03,26.95,27.03,400.0
2019-03-20 14:49:00,27.0,27.05,27.0,27.01,400.0
2019-03-20 14:52:00,27.03,27.03,27.02,27.02,450.0
2019-03-20 14:53:00,27.025,27.025,27.025,27.025,100.0
2019-03-20 14:54:00,27.08,27.08,27.08,27.08,100.0
2019-03-20 14:55:00,27.03,27.03,27.03,27.03,100.0
2019-03-20 14:56:00,27.02,27.02,27.0,27.0,303.0
2019-03-20 14:58:00,27.025,27.025,26.99,26.99,428.0
2019-03-20 15:00:00,26.86,26.86,26.84,26.85,940.0
2019-03-20 15:02:00,26.895,27.0,26.895,27.0,300.0
2019-03-20 15:03:00,26.96,26.96,26.96,26.96,820.0
2019-03-20 15:04:00,26.92,26.92,26.92,26.92,1624.0
2019-03-20 15:12:00,26.85,26.85,26.85,26.85,111.0
2019-03-20 15:14:00,26.84,26.84,26.84,26.84,100.0
2019-03-20 15:15:00,26.83,26.83,26.83,26.83,300.0
2019-03-20 15:16:00,26.8,26.8,26.8,26.8,140.0
2019-03-20 15:17:00,26.85,26.85,26.85,26.85,245.0
2019-03-20 15:25:00,26.74,26.78,26.74,26.78,500.0
2019-03-20 15:26:00,26.75,26.86,26.75,26.86,1068.0
2019-03-20 15:32:00,26.78,26.78,26.77,26.78,574.0
2019-03-20 15:36:00,26.66,26.66,26.63,26.63,236.0
2019-03-20 15:37:00,26.685,26.685,26.685,26.685,200.0
2019-03-20 15:39:00,26.69,26.69,26.69,26.69,240.0
2019-03-20 15:41:00,26.66,26.66,26.5,26.57,692.0
2019-03-20 15:43:00,26.61,26.61,26.61,26.61,368.0
2019-03-20 15:45:00,26.62,26.62,26.57,26.6,805.0
2019-03-20 15:46:00,26.6,26.6,26.6,26.6,150.0
2019-03-20 15:47:00,26.62,26.62,26.62,26.62,105.0
2019-03-20 15:48:00,26.61,26.63,26.61,26.63,495.0
2019-03-20 15:49:00,26.6,26.6,26.565,26.59,2566.0
2019-03-20 15:51:00,26.53,26.53,26.49,26.49,435.0
2019-03-20 15:52:00,26.52,26.52,26.51,26.51,354.0
2019-03-20 15:53:00,26.53,26.53,26.53,26.53,186.0
2019-03-20 15:55:00,26.52,26.52,26.51,26.52,513.0
2019-03-20 15:56:00,26.52,26.52,26.51,26.52,350.0
2019-03-20 15:57:00,26.52,26.52,26.49,26.49,1070.0
2019-03-20 15:58:00,26.5,26.5,26.42,26.46,4647.0
2019-03-20 15:59:00,26.43,26.51,26.43,26.51,1734.0
2019-03-20 16:00:00,26.49,26.51,26.45,26.51,4121.0
2019-03-21 09:31:00,26.45,26.45,26.45,26.45,572.0
2019-03-21 09:42:00,26.38,26.38,26.35,26.35,332.0
2019-03-21 09:45:00,26.35,26.35,26.35,26.35,100.0
2019-03-21 09:46:00,26.36,26.36,26.36,26.36,131.0
2019-03-21 09:47:00,26.33,26.33,26.33,26.33,149.0
2019-03-21 09:56:00,26.38,26.38,26.38,26.38,310.0
2019-03-21 09:59:00,26.43,26.43,26.4003,26.4003,340.0
2019-03-21 10:14:00,26.42,26.42,26.42,26.42,489.0
2019-03-21 10:17:00,26.35,26.376,26.35,26.376,400.0
2019-03-21 10:28:00,26.39,26.39,26.39,26.39,403.0
2019-03-21 10:29:00,26.35,26.35,26.34,26.34,420.0
2019-03-21 10:40:00,26.37,26.37,26.37,26.37,102.0
2019-03-21 10:43:00,26.37,26.37,26.34,26.34,405.0
2019-03-21 10:44:00,26.34,26.34,26.34,26.34,200.0
2019-03-21 10:46:00,26.37,26.37,26.37,26.37,320.0
2019-03-21 10:50:00,26.34,26.34,26.33,26.33,362.0
2019-03-21 10:52:00,26.36,26.36,26.36,26.36,395.0
2019-03-21 10:53:00,26.36,26.36,26.36,26.36,105.0
2019-03-21 10:54:00,26.35,26.38,26.35,26.3773,846.0
2019-03-21 10:55:00,26.37,26.37,26.37,26.37,300.0
2019-03-21 10:56:00,26.38,26.38,26.38,26.38,632.0
2019-03-21 10:57:00,26.4,26.42,26.39,26.42,424.0
2019-03-21 10:58:00,26.42,26.42,26.42,26.42,100.0
2019-03-21 10:59:00,26.43,26.43,26.43,26.43,332.0
2019-03-21 11:01:00,26.45,26.45,26.45,26.45,130.0
2019-03-21 11:02:00,26.53,26.545,26.53,26.545,300.0
2019-03-21 11:04:00,26.55,26.55,26.55,26.55,220.0
2019-03-21 11:06:00,26.63,26.63,26.53,26.53,624.0
2019-03-21 11:07:00,26.56,26.56,26.56,26.56,101.0
2019-03-21 11:14:00,26.47,26.48,26.47,26.47,700.0
2019-03-21 11:15:00,26.47,26.47,26.47,26.47,440.0
2019-03-21 11:16:00,26.48,26.54,26.48,26.54,500.0
2019-03-21 11:20:00,26.47,26.47,26.47,26.47,100.0
2019-03-21 11:21:00,26.55,26.55,26.55,26.55,102.0
2019-03-21 11:22:00,26.55,26.55,26.55,26.55,420.0
2019-03-21 11:26:00,26.63,26.64,26.63,26.64,409.0
2019-03-21 11:27:00,26.65,26.71,26.65,26.71,2349.0
2019-03-21 11:28:00,26.71,26.72,26.68,26.72,854.0
2019-03-21 11:30:00,26.72,26.72,26.71,26.71,298.0
2019-03-21 11:31:00,26.73,26.73,26.7,26.7,320.0
2019-03-21 11:32:00,26.69,26.71,26.65,26.71,403.0
2019-03-21 11:33:00,26.76,26.76,26.76,26.76,100.0
2019-03-21 11:34:00,26.78,26.78,26.78,26.78,102.0
2019-03-21 11:41:00,26.74,26.74,26.74,26.74,100.0
2019-03-21 11:43:00,26.8,26.8,26.8,26.8,1320.0
2019-03-21 11:45:00,26.84,26.84,26.84,26.84,554.0
2019-03-21 11:47:00,26.81,26.81,26.805,26.805,248.0
2019-03-21 11:48:00,26.82,26.83,26.82,26.83,284.0
2019-03-21 11:49:00,26.81,26.82,26.81,26.82,300.0
2019-03-21 11:50:00,26.83,26.83,26.83,26.83,200.0
2019-03-21 11:51:00,26.83,26.83,26.83,26.83,200.0
2019-03-21 11:52:00,26.83,26.83,26.83,26.83,428.0
2019-03-21 11:53:00,26.83,26.83,26.83,26.83,200.0
2019-03-21 11:54:00,26.83,26.83,26.83,26.83,1300.0
2019-03-21 11:55:00,26.83,26.83,26.83,26.83,403.0
2019-03-21 11:56:00,26.81,26.81,26.81,26.81,212.0
2019-03-21 12:04:00,26.77,26.77,26.77,26.77,207.0
2019-03-21 12:09:00,26.72,26.72,26.72,26.72,284.0
2019-03-21 12:11:00,26.75,26.75,26.75,26.75,640.0
2019-03-21 12:48:00,26.76,26.76,26.76,26.76,100.0
2019-03-21 12:54:00,26.69,26.69,26.69,26.69,213.0
2019-03-21 13:01:00,26.69,26.69,26.69,26.69,100.0
2019-03-21 13:06:00,26.6548,26.6548,26.6548,26.6548,303.0
2019-03-21 13:09:00,26.78,26.78,26.78,26.78,212.0
2019-03-21 13:20:00,26.73,26.73,26.73,26.73,400.0
2019-03-21 13:21:00,26.69,26.69,26.69,26.69,261.0
2019-03-21 13:25:00,26.64,26.64,26.64,26.64,226.0
2019-03-21 13:32:00,26.71,26.71,26.71,26.71,642.0
2019-03-21 13:34:00,26.75,26.75,26.75,26.75,375.0
2019-03-21 13:41:00,26.67,26.67,26.67,26.67,303.0
2019-03-21 13:46:00,26.66,26.67,26.66,26.67,902.0
2019-03-21 13:48:00,26.69,26.69,26.69,26.69,200.0
2019-03-21 13:50:00,26.71,26.74,26.71,26.74,303.0
2019-03-21 13:58:00,26.67,26.67,26.67,26.67,346.0
2019-03-21 14:05:00,26.73,26.73,26.73,26.73,100.0
2019-03-21 14:11:00,26.7,26.7,26.7,26.7,200.0
2019-03-21 14:12:00,26.73,26.73,26.73,26.73,259.0
2019-03-21 14:14:00,26.77,26.77,26.77,26.77,398.0
2019-03-21 14:18:00,26.7799,26.7799,26.7799,26.7799,158.0
2019-03-21 14:36:00,26.77,26.77,26.77,26.77,2723.0
2019-03-21 14:37:00,26.74,26.74,26.74,26.74,1020.0
2019-03-21 14:38:00,26.735,26.735,26.735,26.735,855.0
2019-03-21 14:39:00,26.7,26.7,26.7,26.7,800.0
2019-03-21 14:40:00,26.71,26.71,26.71,26.71,100.0
2019-03-21 14:43:00,26.74,26.74,26.74,26.74,129.0
2019-03-21 15:05:00,26.68,26.68,26.68,26.68,111.0
2019-03-21 15:24:00,26.575,26.575,26.575,26.575,100.0
2019-03-21 15:33:00,26.52,26.56,26.52,26.56,306.0
2019-03-21 15:35:00,26.5,26.5,26.5,26.5,450.0
2019-03-21 15:37:00,26.5,26.5,26.5,26.5,377.0
2019-03-21 15:38:00,26.51,26.51,26.51,26.51,456.0
2019-03-21 15:39:00,26.5,26.5,26.5,26.5,762.0
2019-03-21 15:40:00,26.51,26.51,26.51,26.51,652.0
2019-03-21 15:46:00,26.47,26.47,26.41,26.41,2800.0
2019-03-21 15:47:00,26.39,26.39,26.39,26.39,1309.0
2019-03-21 15:48:00,26.44,26.44,26.44,26.44,903.0
2019-03-21 15:49:00,26.44,26.44,26.44,26.44,1335.0
2019-03-21 15:50:00,26.43,26.43,26.43,26.43,363.0
2019-03-21 15:52:00,26.44,26.44,26.44,26.44,742.0
2019-03-21 15:53:00,26.42,26.42,26.42,26.42,607.0
2019-03-21 15:54:00,26.44,26.44,26.44,26.44,755.0
2019-03-21 15:55:00,26.44,26.44,26.44,26.44,808.0
2019-03-21 15:56:00,26.42,26.42,26.42,26.42,991.0
2019-03-21 15:57:00,26.41,26.41,26.41,26.41,1797.0
2019-03-21 15:58:00,26.4,26.4,26.4,26.4,1316.0
2019-03-21 15:59:00,26.41,26.41,26.41,26.41,436.0
2019-03-22 09:31:00,26.21,26.21,26.21,26.21,453.0
2019-03-22 09:43:00,26.1361,26.31,26.07,26.31,960.0
2019-03-22 09:44:00,26.15,26.15,26.15,26.15,121.0
2019-03-22 09:46:00,26.31,26.31,26.31,26.31,468.0
2019-03-22 09:55:00,26.0,26.0,25.92,25.92,500.0
2019-03-22 09:56:00,25.92,25.92,25.92,25.92,100.0
2019-03-22 09:57:00,25.95,25.95,25.95,25.95,1378.0
2019-03-22 09:58:00,25.85,25.85,25.85,25.85,305.0
2019-03-22 10:04:00,25.7,25.7,25.7,25.7,230.0
2019-03-22 10:06:00,25.68,25.76,25.66,25.66,749.0
2019-03-22 10:07:00,25.77,25.77,25.77,25.77,238.0
2019-03-22 10:08:00,25.74,25.74,25.74,25.74,187.0
2019-03-22 10:12:00,25.79,25.8,25.79,25.8,200.0
2019-03-22 10:13:00,25.8,25.81,25.8,25.81,300.0
2019-03-22 10:14:00,25.8465,25.8465,25.8465,25.8465,110.0
2019-03-22 10:25:00,25.77,25.77,25.73,25.73,605.0
2019-03-22 10:28:00,25.725,25.725,25.725,25.725,150.0
2019-03-22 10:29:00,25.65,25.65,25.65,25.65,190.0
2019-03-22 10:33:00,25.65,25.65,25.65,25.65,450.0
2019-03-22 10:36:00,25.59,25.59,25.53,25.53,2521.0
2019-03-22 10:37:00,25.55,25.6,25.55,25.6,613.0
2019-03-22 10:38:00,25.64,25.71,25.64,25.71,400.0
2019-03-22 10:39:00,25.6677,25.6677,25.6677,25.6677,111.0
2019-03-22 10:45:00,25.61,25.61,25.61,25.61,111.0
2019-03-22 10:50:00,25.51,25.51,25.51,25.51,200.0
2019-03-22 10:57:00,25.49,25.49,25.48,25.48,375.0
2019-03-22 10:58:00,25.365,25.365,25.365,25.365,394.0
2019-03-22 11:05:00,25.45,25.46,25.45,25.46,240.0
2019-03-22 11:12:00,25.41,25.41,25.41,25.41,100.0
2019-03-22 11:14:00,25.4,25.4,25.4,25.4,200.0
2019-03-22 11:25:00,25.39,25.39,25.36,25.36,253.0
2019-03-22 11:26:00,25.32,25.36,25.32,25.36,1100.0
2019-03-22 11:30:00,25.2971,25.2971,25.2971,25.2971,150.0
2019-03-22 11:31:00,25.26,25.26,25.26,25.26,121.0
2019-03-22 11:37:00,25.26,25.355,25.26,25.355,300.0
2019-03-22 11:39:00,25.2628,25.2628,25.2628,25.2628,400.0
2019-03-22 11:45:00,25.22,25.23,25.2,25.2,705.0
2019-03-22 11:50:00,25.12,25.12,25.12,25.12,200.0
2019-03-22 11:51:00,25.11,25.11,25.11,25.11,100.0
2019-03-22 11:52:00,25.11,25.11,25.1,25.1,220.0
2019-03-22 11:54:00,25.06,25.06,25.06,25.06,159.0
2019-03-22 12:01:00,25.06,25.06,25.06,25.06,200.0
2019-03-22 12:02:00,25.02,25.06,25.02,25.06,392.0
2019-03-22 12:06:00,25.085,25.22,25.08,25.22,750.0
2019-03-22 12:08:00,25.11,25.11,25.11,25.11,440.0
2019-03-22 12:13:00,25.03,25.03,25.03,25.03,187.0
2019-03-22 12:14:00,25.02,25.02,25.02,25.02,315.0
2019-03-22 12:19:00,25.09,25.18,25.09,25.18,440.0
2019-03-22 12:21:00,25.08,25.08,25.07,25.07,395.0
2019-03-22 12:28:00,25.01,25.01,25.01,25.01,100.0
2019-03-22 12:31:00,25.0,25.0,25.0,25.0,140.0
2019-03-22 12:33:00,25.05,25.13,25.05,25.13,200.0
2019-03-22 12:35:00,25.03,25.03,25.03,25.03,200.0
2019-03-22 12:38:00,25.03,25.03,25.03,25.03,203.0
2019-03-22 12:40:00,25.06,25.07,25.04,25.04,880.0
2019-03-22 12:44:00,25.0,25.0,24.99,24.99,791.0
2019-03-22 12:47:00,25.01,25.01,25.01,25.01,203.0
2019-03-22 12:48:00,25.02,25.02,25.02,25.02,200.0
2019-03-22 12:50:00,25.025,25.025,25.025,25.025,100.0
2019-03-22 12:52:00,24.97,24.97,24.97,24.97,100.0
2019-03-22 12:57:00,25.05,25.05,25.05,25.05,250.0
2019-03-22 13:01:00,24.99,24.99,24.99,24.99,244.0
2019-03-22 13:02:00,25.06,25.06,25.06,25.06,1186.0
2019-03-22 13:06:00,25.01,25.01,25.0,25.0,603.0
2019-03-22 13:08:00,25.04,25.04,25.04,25.04,377.0
2019-03-22 13:18:00,25.0,25.0,25.0,25.0,100.0
2019-03-22 13:20:00,25.0,25.0,25.0,25.0,203.0
2019-03-22 13:21:00,24.97,24.97,24.97,24.97,100.0
2019-03-22 13:22:00,24.96,24.96,24.95,24.95,302.0
2019-03-22 13:27:00,24.9806,24.9806,24.9806,24.9806,500.0
2019-03-22 13:29:00,24.952,24.952,24.952,24.952,200.0
2019-03-22 13:32:00,25.0029,25.03,25.0029,25.03,860.0
2019-03-22 13:33:00,25.04,25.08,25.04,25.08,332.0
2019-03-22 13:35:00,25.04,25.04,25.04,25.04,387.0
2019-03-22 13:44:00,25.1,25.1,25.1,25.1,100.0
2019-03-22 13:47:00,25.08,25.08,25.06,25.06,1011.0
2019-03-22 13:48:00,25.05,25.05,25.05,25.05,320.0
2019-03-22 13:51:00,25.02,25.02,25.02,25.02,117.0
2019-03-22 13:59:00,24.95,24.95,24.95,24.95,200.0
2019-03-22 14:00:00,24.96,25.0,24.96,25.0,431.0
2019-03-22 14:02:00,25.01,25.01,25.01,25.01,100.0
2019-03-22 14:05:00,25.03,25.03,25.03,25.03,200.0
2019-03-22 14:08:00,25.03,25.03,25.03,25.03,201.0
2019-03-22 14:17:00,25.05,25.13,25.04,25.13,720.0
2019-03-22 14:18:00,25.09,25.09,25.09,25.09,100.0
2019-03-22 14:19:00,25.07,25.07,25.07,25.07,100.0
2019-03-22 14:20:00,25.12,25.17,25.12,25.17,323.0
2019-03-22 14:28:00,25.12,25.12,25.12,25.12,200.0
2019-03-22 14:33:00,25.14,25.14,25.14,25.14,100.0
2019-03-22 14:38:00,25.14,25.14,25.14,25.14,300.0
2019-03-22 14:41:00,25.17,25.17,25.17,25.17,100.0
2019-03-22 14:53:00,25.21,25.21,25.21,25.21,100.0
2019-03-22 14:58:00,25.21,25.21,25.21,25.21,283.0
2019-03-22 14:59:00,25.21,25.21,25.21,25.21,200.0
2019-03-22 15:00:00,25.17,25.27,25.17,25.27,820.0
2019-03-22 15:01:00,25.21,25.21,25.21,25.21,200.0
2019-03-22 15:02:00,25.21,25.26,25.21,25.235,1130.0
2019-03-22 15:05:00,25.2,25.23,25.19,25.19,2981.0
2019-03-22 15:09:00,25.14,25.245,25.14,25.245,226.0
2019-03-22 15:18:00,25.15,25.15,25.15,25.15,220.0
2019-03-22 15:21:00,25.15,25.15,25.15,25.15,479.0
2019-03-22 15:31:00,25.15,25.15,25.15,25.15,312.0
2019-03-22 15:33:00,25.15,25.15,25.15,25.15,400.0
2019-03-22 15:34:00,25.15,25.16,25.15,25.16,430.0
2019-03-22 15:37:00,25.15,25.155,25.14,25.15,827.0
2019-03-22 15:38:00,25.17,25.2,25.17,25.185,930.0
2019-03-22 15:40:00,25.17,25.17,25.17,25.17,630.0
2019-03-22 15:41:00,25.18,25.18,25.175,25.18,968.0
2019-03-22 15:43:00,25.2,25.24,25.2,25.24,1079.0
2019-03-22 15:44:00,25.23,25.24,25.23,25.24,421.0
2019-03-22 15:45:00,25.24,25.25,25.24,25.25,1020.0
2019-03-22 15:46:00,25.25,25.25,25.25,25.25,1064.0
2019-03-22 15:47:00,25.26,25.3,25.26,25.3,465.0
2019-03-22 15:48:00,25.29,25.35,25.29,25.35,3058.0
2019-03-22 15:49:00,25.35,25.39,25.35,25.39,3531.0
2019-03-22 15:50:00,25.39,25.39,25.36,25.39,2596.0
2019-03-22 15:51:00,25.37,25.37,25.37,25.37,100.0
2019-03-22 15:54:00,25.33,25.33,25.33,25.33,553.0
2019-03-22 15:55:00,25.35,25.35,25.35,25.35,281.0
2019-03-22 15:56:00,25.35,25.35,25.35,25.35,294.0
2019-03-22 15:57:00,25.35,25.35,25.31,25.31,1629.0
2019-03-22 15:58:00,25.3,25.3,25.27,25.27,312.0
2019-03-22 15:59:00,25.24,25.25,25.24,25.24,1555.0
2019-03-22 16:00:00,25.26,25.26,25.24,25.26,729.0
2019-03-25 09:31:00,25.35,25.35,25.35,25.35,3536.0
2019-03-25 09:37:00,25.3,25.3,25.3,25.3,700.0
2019-03-25 09:39:00,25.31,25.31,25.31,25.31,1346.0
2019-03-25 09:40:00,25.38,25.38,25.38,25.38,103.0
2019-03-25 09:42:00,25.3,25.4,25.3,25.4,1976.0
2019-03-25 09:47:00,25.43,25.43,25.43,25.43,101.0
2019-03-25 09:51:00,25.3,25.32,25.3,25.32,1939.0
2019-03-25 09:53:00,25.4,25.4,25.4,25.4,849.0
2019-03-25 09:58:00,25.48,25.48,25.48,25.48,302.0
2019-03-25 10:00:00,25.415,25.415,25.38,25.38,305.0
2019-03-25 10:04:00,25.34,25.34,25.34,25.34,804.0
2019-03-25 10:08:00,25.4,25.4,25.4,25.4,901.0
2019-03-25 10:09:00,25.31,25.31,25.31,25.31,567.0
2019-03-25 10:11:00,25.4,25.4,25.4,25.4,198.0
2019-03-25 10:14:00,25.42,25.42,25.42,25.42,250.0
2019-03-25 10:28:00,25.48,25.5,25.48,25.5,1138.0
2019-03-25 10:30:00,25.5,25.5,25.5,25.5,201.0
2019-03-25 10:31:00,25.535,25.535,25.535,25.535,1943.0
2019-03-25 10:32:00,25.5,25.54,25.5,25.54,6634.0
2019-03-25 10:33:00,25.56,25.56,25.56,25.56,2679.0
2019-03-25 10:34:00,25.53,25.53,25.53,25.53,203.0
2019-03-25 10:36:00,25.52,25.52,25.5,25.5,978.0
2019-03-25 10:38:00,25.53,25.53,25.53,25.53,1125.0
2019-03-25 10:41:00,25.55,25.55,25.52,25.52,706.0
2019-03-25 10:44:00,25.52,25.52,25.52,25.52,202.0
2019-03-25 10:46:00,25.55,25.55,25.55,25.55,532.0
2019-03-25 10:47:00,25.57,25.57,25.57,25.57,757.0
2019-03-25 10:48:00,25.54,25.54,25.54,25.54,425.0
2019-03-25 10:49:00,25.52,25.52,25.5,25.5,1144.0
2019-03-25 10:51:00,25.53,25.55,25.53,25.55,1052.0
2019-03-25 10:52:00,25.55,25.55,25.55,25.55,701.0
2019-03-25 10:53:00,25.6,25.6,25.6,25.6,1508.0
2019-03-25 10:56:00,25.6,25.6,25.6,25.6,103.0
2019-03-25 11:00:00,25.57,25.57,25.52,25.52,932.0
2019-03-25 11:09:00,25.655,25.655,25.655,25.655,869.0
2019-03-25 11:10:00,25.65,25.65,25.65,25.65,389.0
2019-03-25 11:11:00,25.65,25.65,25.65,25.65,418.0
2019-03-25 11:13:00,25.64,25.64,25.64,25.64,103.0
2019-03-25 11:15:00,25.65,25.65,25.65,25.65,401.0
2019-03-25 11:16:00,25.6831,25.6831,25.6831,25.6831,288.0
2019-03-25 11:17:00,25.72,25.72,25.72,25.72,509.0
2019-03-25 11:21:00,25.8,25.8,25.8,25.8,108.0
2019-03-25 11:22:00,25.78,25.78,25.78,25.78,1025.0
2019-03-25 11:25:00,25.78,25.78,25.78,25.78,605.0
2019-03-25 11:27:00,25.8,25.8,25.8,25.8,742.0
2019-03-25 11:30:00,25.82,25.82,25.82,25.82,201.0
2019-03-25 11:31:00,25.79,25.79,25.79,25.79,510.0
2019-03-25 11:34:00,25.79,25.79,25.79,25.79,207.0
2019-03-25 11:36:00,25.67,25.67,25.67,25.67,344.0
2019-03-25 11:38:00,25.67,25.67,25.67,25.67,234.0
2019-03-25 11:50:00,25.6,25.6,25.6,25.6,607.0
2019-03-25 11:51:00,25.56,25.56,25.56,25.56,916.0
2019-03-25 11:55:00,25.57,25.57,25.57,25.57,600.0
2019-03-25 11:58:00,25.57,25.57,25.57,25.57,421.0
2019-03-25 12:01:00,25.57,25.57,25.57,25.57,422.0
2019-03-25 12:03:00,25.6,25.6,25.6,25.6,535.0
2019-03-25 12:04:00,25.64,25.64,25.64,25.64,903.0
2019-03-25 12:05:00,25.66,25.66,25.66,25.66,203.0
2019-03-25 12:07:00,25.66,25.66,25.66,25.66,108.0
2019-03-25 12:08:00,25.66,25.66,25.66,25.66,402.0
2019-03-25 12:11:00,25.6241,25.6241,25.6241,25.6241,203.0
2019-03-25 12:15:00,25.61,25.61,25.61,25.61,832.0
2019-03-25 12:20:00,25.61,25.61,25.61,25.61,521.0
2019-03-25 12:22:00,25.62,25.62,25.62,25.62,253.0
2019-03-25 12:28:00,25.63,25.63,25.61,25.61,611.0
2019-03-25 12:33:00,25.55,25.55,25.55,25.55,543.0
2019-03-25 12:51:00,25.54,25.54,25.54,25.54,622.0
2019-03-25 12:53:00,25.56,25.56,25.56,25.56,284.0
2019-03-25 13:01:00,25.62,25.62,25.62,25.62,507.0
2019-03-25 13:02:00,25.615,25.615,25.615,25.615,106.0
2019-03-25 13:04:00,25.6,25.6,25.6,25.6,703.0
2019-03-25 13:07:00,25.58,25.58,25.58,25.58,501.0
2019-03-25 13:09:00,25.6,25.61,25.6,25.61,701.0
2019-03-25 13:10:00,25.6,25.6,25.6,25.6,401.0
2019-03-25 13:11:00,25.6,25.6,25.6,25.6,602.0
2019-03-25 13:13:00,25.6,25.6,25.6,25.6,800.0
2019-03-25 13:14:00,25.6,25.6,25.6,25.6,718.0
2019-03-25 13:17:00,25.56,25.56,25.56,25.56,604.0
2019-03-25 13:18:00,25.55,25.55,25.55,25.55,1231.0
2019-03-25 13:28:00,25.56,25.56,25.56,25.56,265.0
2019-03-25 13:32:00,25.56,25.56,25.56,25.56,202.0
2019-03-25 13:33:00,25.56,25.56,25.56,25.56,243.0
2019-03-25 13:36:00,25.59,25.59,25.59,25.59,339.0
2019-03-25 13:44:00,25.6,25.6,25.6,25.6,177.0
2019-03-25 13:46:00,25.58,25.58,25.58,25.58,110.0
2019-03-25 13:51:00,25.56,25.56,25.56,25.56,716.0
2019-03-25 13:54:00,25.56,25.56,25.56,25.56,5.0
2019-03-25 14:02:00,25.5,25.5,25.5,25.5,805.0
2019-03-25 14:06:00,25.52,25.52,25.52,25.52,107.0
2019-03-25 14:12:00,25.52,25.52,25.52,25.52,104.0
2019-03-25 14:16:00,25.55,25.55,25.55,25.55,222.0
2019-03-25 14:18:00,25.53,25.53,25.53,25.53,646.0
2019-03-25 14:24:00,25.49,25.49,25.49,25.49,735.0
2019-03-25 14:33:00,25.53,25.53,25.53,25.53,264.0
2019-03-25 14:38:00,25.56,25.56,25.56,25.56,215.0
2019-03-25 14:42:00,25.6,25.6,25.6,25.6,315.0
2019-03-25 14:44:00,25.63,25.64,25.63,25.64,1210.0
2019-03-25 14:46:00,25.62,25.62,25.62,25.62,522.0
2019-03-25 14:48:00,25.63,25.63,25.63,25.63,108.0
2019-03-25 14:57:00,25.7,25.7,25.7,25.7,603.0
2019-03-25 14:59:00,25.695,25.695,25.695,25.695,828.0
2019-03-25 15:01:00,25.71,25.71,25.71,25.71,521.0
2019-03-25 15:02:00,25.72,25.72,25.72,25.72,214.0
2019-03-25 15:06:00,25.7,25.7,25.7,25.7,301.0
2019-03-25 15:07:00,25.7,25.7,25.7,25.7,519.0
2019-03-25 15:11:00,25.74,25.74,25.74,25.74,335.0
2019-03-25 15:18:00,25.735,25.735,25.69,25.69,536.0
2019-03-25 15:23:00,25.75,25.75,25.75,25.75,202.0
2019-03-25 15:24:00,25.76,25.76,25.76,25.76,413.0
2019-03-25 15:27:00,25.83,25.83,25.83,25.83,647.0
2019-03-25 15:28:00,25.83,25.83,25.83,25.83,674.0
2019-03-25 15:29:00,25.83,25.83,25.81,25.81,1575.0
2019-03-25 15:33:00,25.83,25.83,25.83,25.83,409.0
2019-03-25 15:35:00,25.83,25.83,25.82,25.82,1347.0
2019-03-25 15:37:00,25.8,25.8,25.8,25.8,111.0
2019-03-25 15:38:00,25.81,25.8331,25.81,25.8331,2169.0
2019-03-25 15:40:00,25.79,25.79,25.79,25.79,723.0
2019-03-25 15:41:00,25.76,25.76,25.76,25.76,597.0
2019-03-25 15:43:00,25.74,25.74,25.74,25.74,401.0
2019-03-25 15:44:00,25.75,25.75,25.75,25.75,330.0
2019-03-25 15:45:00,25.78,25.78,25.78,25.78,901.0
2019-03-25 15:46:00,25.78,25.78,25.76,25.76,1410.0
2019-03-25 15:48:00,25.73,25.73,25.73,25.73,1013.0
2019-03-25 15:49:00,25.74,25.74,25.74,25.74,1116.0
2019-03-25 15:50:00,25.71,25.73,25.71,25.73,2080.0
2019-03-25 15:52:00,25.75,25.75,25.75,25.75,329.0
2019-03-25 15:53:00,25.745,25.745,25.745,25.745,901.0
2019-03-25 15:55:00,25.7,25.7,25.7,25.7,663.0
2019-03-25 15:57:00,25.705,25.705,25.705,25.705,1010.0
2019-03-25 15:59:00,25.73,25.73,25.73,25.73,1142.0
2019-03-25 16:00:00,25.71,25.71,25.71,25.71,1196.0
2019-03-26 09:31:00,25.87,25.87,25.87,25.87,263.0
2019-03-26 09:35:00,26.0,26.0,26.0,26.0,1118.0
2019-03-26 09:38:00,26.22,26.22,26.22,26.22,410.0
2019-03-26 09:40:00,26.24,26.24,26.24,26.24,1428.0
2019-03-26 09:41:00,26.1813,26.1813,26.1813,26.1813,402.0
2019-03-26 09:48:00,26.25,26.25,26.25,26.25,463.0
2019-03-26 09:51:00,26.1,26.1,26.1,26.1,306.0
2019-03-26 10:00:00,26.11,26.11,26.11,26.11,100.0
2019-03-26 10:05:00,26.05,26.05,26.05,26.05,500.0
2019-03-26 10:12:00,26.08,26.13,26.08,26.13,415.0
2019-03-26 10:18:00,26.15,26.15,26.15,26.15,200.0
2019-03-26 10:20:00,26.15,26.16,26.15,26.16,200.0
2019-03-26 10:22:00,26.13,26.13,26.13,26.13,200.0
2019-03-26 10:27:00,26.21,26.21,26.21,26.21,353.0
2019-03-26 10:32:00,26.2276,26.2276,26.19,26.19,999.0
2019-03-26 10:33:00,26.13,26.13,26.13,26.13,200.0
2019-03-26 10:40:00,26.18,26.18,26.18,26.18,583.0
2019-03-26 10:49:00,26.12,26.12,26.12,26.12,1312.0
2019-03-26 10:51:00,26.19,26.19,26.19,26.19,521.0
2019-03-26 10:54:00,26.26,26.26,26.26,26.26,207.0
2019-03-26 11:03:00,26.19,26.19,26.19,26.19,393.0
2019-03-26 11:07:00,26.179,26.179,26.179,26.179,509.0
2019-03-26 11:11:00,26.09,26.09,26.09,26.09,260.0
2019-03-26 11:16:00,26.06,26.09,26.06,26.09,510.0
2019-03-26 11:18:00,26.15,26.15,26.15,26.15,403.0
2019-03-26 11:25:00,26.07,26.07,26.07,26.07,868.0
2019-03-26 11:29:00,26.15,26.15,26.15,26.15,100.0
2019-03-26 11:37:00,26.12,26.12,26.12,26.12,100.0
2019-03-26 11:38:00,26.13,26.13,26.13,26.13,151.0
2019-03-26 11:48:00,26.1,26.1,26.1,26.1,100.0
2019-03-26 11:49:00,26.09,26.09,26.09,26.09,949.0
2019-03-26 11:50:00,26.1,26.1,26.1,26.1,300.0
2019-03-26 11:55:00,26.11,26.11,26.11,26.11,185.0
2019-03-26 12:03:00,26.07,26.07,26.07,26.07,100.0
2019-03-26 12:11:00,26.0701,26.0701,26.0701,26.0701,262.0
2019-03-26 12:21:00,26.04,26.04,26.04,26.04,625.0
2019-03-26 12:29:00,26.01,26.01,26.01,26.01,222.0
2019-03-26 12:30:00,26.01,26.01,26.01,26.01,650.0
2019-03-26 12:37:00,25.98,25.98,25.98,25.98,233.0
2019-03-26 12:45:00,26.02,26.02,26.02,26.02,310.0
2019-03-26 12:59:00,25.95,25.95,25.95,25.95,432.0
2019-03-26 13:05:00,25.96,25.96,25.96,25.96,200.0
2019-03-26 13:10:00,25.96,25.96,25.96,25.96,400.0
2019-03-26 13:11:00,26.0058,26.0058,26.0058,26.0058,217.0
2019-03-26 13:29:00,25.99,25.99,25.99,25.99,510.0
2019-03-26 13:35:00,25.97,25.97,25.97,25.97,135.0
2019-03-26 13:37:00,25.92,25.92,25.92,25.92,231.0
2019-03-26 13:38:00,25.94,25.94,25.94,25.94,100.0
2019-03-26 13:49:00,25.97,25.97,25.97,25.97,220.0
2019-03-26 13:53:00,25.96,25.96,25.96,25.96,100.0
2019-03-26 13:57:00,25.96,25.96,25.96,25.96,611.0
2019-03-26 14:04:00,25.95,25.95,25.95,25.95,715.0
2019-03-26 14:08:00,25.98,25.98,25.98,25.98,483.0
2019-03-26 14:15:00,26.01,26.01,26.01,26.01,200.0
2019-03-26 14:22:00,26.02,26.02,26.02,26.02,284.0
2019-03-26 14:38:00,26.03,26.03,26.03,26.03,460.0
2019-03-26 14:52:00,26.12,26.12,26.12,26.12,106.0
2019-03-26 14:54:00,26.09,26.09,26.09,26.09,369.0
2019-03-26 14:58:00,26.13,26.13,26.13,26.13,624.0
2019-03-26 14:59:00,26.12,26.12,26.12,26.12,935.0
2019-03-26 15:03:00,26.13,26.13,26.11,26.11,555.0
2019-03-26 15:15:00,26.07,26.07,26.04,26.04,563.0
2019-03-26 15:18:00,26.05,26.05,26.05,26.05,400.0
2019-03-26 15:26:00,26.03,26.03,26.03,26.03,244.0
2019-03-26 15:36:00,26.05,26.05,26.05,26.05,611.0
2019-03-26 15:39:00,26.04,26.04,26.04,26.04,526.0
2019-03-26 15:45:00,25.99,25.99,25.99,25.99,100.0
2019-03-26 15:46:00,25.99,25.99,25.99,25.99,627.0
2019-03-26 15:48:00,26.03,26.03,26.03,26.03,217.0
2019-03-26 15:49:00,26.04,26.04,26.04,26.04,1022.0
2019-03-26 15:53:00,26.0699,26.0699,26.0699,26.0699,750.0
2019-03-26 15:54:00,26.05,26.05,26.05,26.05,570.0
2019-03-26 15:56:00,26.06,26.06,26.06,26.06,307.0
2019-03-26 15:58:00,26.07,26.07,26.07,26.07,399.0
2019-03-26 16:00:00,26.1,26.1,26.09,26.09,2446.0
2019-03-27 09:31:00,26.09,26.26,26.09,26.19,0.0
2019-03-27 09:32:00,26.25,26.25,26.25,26.25,103.0
2019-03-27 09:33:00,26.2,26.32,26.2,26.32,207.0
2019-03-27 09:39:00,26.29,26.29,26.29,26.29,100.0
2019-03-27 09:40:00,26.31,26.32,26.31,26.32,206.0
2019-03-27 09:41:00,26.33,26.33,26.2,26.2,1075.0
2019-03-27 09:43:00,26.22,26.26,26.2,26.26,1025.0
2019-03-27 09:52:00,26.16,26.16,26.16,26.16,100.0
2019-03-27 09:53:00,26.12,26.12,26.12,26.12,102.0
2019-03-27 09:54:00,26.08,26.08,26.08,26.08,201.0
2019-03-27 09:56:00,26.04,26.05,26.04,26.04,452.0
2019-03-27 09:57:00,26.02,26.02,26.02,26.02,134.0
2019-03-27 10:02:00,26.005,26.005,26.005,26.005,310.0
2019-03-27 10:12:00,26.06,26.09,26.06,26.09,602.0
2019-03-27 10:14:00,26.07,26.1,26.07,26.1,331.0
2019-03-27 10:28:00,26.18,26.18,26.18,26.18,393.0
2019-03-27 10:30:00,26.19,26.19,26.19,26.19,146.0
2019-03-27 10:39:00,26.0804,26.0804,26.0804,26.0804,211.0
2019-03-27 10:45:00,26.09,26.09,26.09,26.09,199.0
2019-03-27 10:46:00,26.06,26.06,26.06,26.06,109.0
2019-03-27 10:51:00,26.03,26.03,26.01,26.01,401.0
2019-03-27 10:52:00,26.03,26.06,26.03,26.06,417.0
2019-03-27 10:58:00,26.03,26.03,26.03,26.03,221.0
2019-03-27 11:05:00,26.02,26.02,26.02,26.02,0.0
2019-03-27 11:07:00,26.005,26.005,26.005,26.005,8103.0
2019-03-27 11:08:00,26.05,26.05,26.05,26.05,253.0
2019-03-27 11:10:00,26.08,26.08,26.08,26.08,103.0
2019-03-27 11:13:00,26.07,26.07,26.07,26.07,285.0
2019-03-27 11:26:00,26.03,26.03,26.03,26.03,661.0
2019-03-27 11:30:00,25.99,25.99,25.99,25.99,142.0
2019-03-27 11:35:00,25.93,25.93,25.93,25.93,200.0
2019-03-27 11:36:00,25.935,25.94,25.935,25.94,567.0
2019-03-27 11:37:00,25.94,25.97,25.94,25.97,861.0
2019-03-27 11:38:00,26.0,26.01,26.0,26.01,543.0
2019-03-27 11:41:00,26.04,26.05,26.04,26.05,524.0
2019-03-27 11:42:00,26.08,26.08,26.08,26.08,213.0
2019-03-27 11:48:00,26.06,26.06,26.06,26.06,525.0
2019-03-27 11:49:00,26.09,26.09,26.09,26.09,101.0
2019-03-27 11:50:00,26.1,26.1,26.1,26.1,104.0
2019-03-27 11:51:00,26.1,26.11,26.1,26.11,205.0
2019-03-27 11:52:00,26.12,26.12,26.08,26.08,791.0
2019-03-27 11:57:00,26.07,26.07,26.07,26.07,101.0
2019-03-27 11:58:00,26.17,26.17,26.17,26.17,135.0
2019-03-27 12:05:00,26.17,26.17,26.17,26.17,201.0
2019-03-27 12:06:00,26.23,26.23,26.23,26.23,319.0
2019-03-27 12:07:00,26.22,26.22,26.22,26.22,224.0
2019-03-27 12:09:00,26.18,26.18,26.18,26.18,557.0
2019-03-27 12:21:00,26.2,26.2,26.2,26.2,102.0
2019-03-27 12:23:00,26.18,26.18,26.18,26.18,102.0
2019-03-27 12:24:00,26.15,26.15,26.12,26.12,304.0
2019-03-27 12:28:00,26.18,26.18,26.18,26.18,226.0
2019-03-27 12:31:00,26.2,26.2,26.2,26.2,101.0
2019-03-27 12:32:00,26.15,26.15,26.14,26.14,655.0
2019-03-27 12:45:00,26.15,26.15,26.15,26.15,353.0
2019-03-27 12:53:00,26.11,26.11,26.11,26.11,274.0
2019-03-27 12:55:00,26.16,26.16,26.16,26.16,253.0
2019-03-27 13:14:00,26.12,26.13,26.12,26.13,220.0
2019-03-27 13:18:00,26.18,26.18,26.18,26.18,102.0
2019-03-27 13:19:00,26.19,26.19,26.19,26.19,114.0
2019-03-27 13:27:00,26.2,26.2,26.2,26.2,113.0
2019-03-27 13:32:00,26.18,26.18,26.18,26.18,102.0
2019-03-27 13:33:00,26.21,26.21,26.21,26.21,131.0
2019-03-27 13:37:00,26.14,26.14,26.14,26.14,135.0
2019-03-27 13:43:00,26.135,26.14,26.135,26.14,254.0
2019-03-27 13:50:00,26.18,26.18,26.18,26.18,102.0
2019-03-27 13:51:00,26.16,26.16,26.16,26.16,499.0
2019-03-27 13:53:00,26.18,26.21,26.18,26.21,210.0
2019-03-27 13:55:00,26.18,26.18,26.18,26.18,195.0
2019-03-27 14:05:00,26.16,26.16,26.16,26.16,154.0
2019-03-27 14:07:00,26.17,26.17,26.14,26.14,202.0
2019-03-27 14:09:00,26.18,26.18,26.18,26.18,102.0
2019-03-27 14:10:00,26.19,26.19,26.19,26.19,102.0
2019-03-27 14:11:00,26.2,26.2,26.15,26.2,713.0
2019-03-27 14:12:00,26.22,26.22,26.22,26.22,186.0
2019-03-27 14:13:00,26.25,26.25,26.24,26.25,503.0
2019-03-27 14:14:00,26.26,26.27,26.24,26.24,590.0
2019-03-27 14:15:00,26.24,26.24,26.24,26.24,102.0
2019-03-27 14:17:00,26.26,26.26,26.26,26.26,102.0
2019-03-27 14:18:00,26.255,26.28,26.255,26.28,550.0
2019-03-27 14:27:00,26.3,26.3,26.3,26.3,203.0
2019-03-27 14:30:00,26.3,26.3,26.28,26.28,1282.0
2019-03-27 14:31:00,26.29,26.29,26.28,26.28,201.0
2019-03-27 14:33:00,26.33,26.33,26.33,26.33,101.0
2019-03-27 14:34:00,26.3225,26.3225,26.27,26.27,415.0
2019-03-27 14:39:00,26.25,26.25,26.25,26.25,624.0
2019-03-27 14:43:00,26.185,26.185,26.185,26.185,170.0
2019-03-27 14:46:00,26.185,26.185,26.185,26.185,425.0
2019-03-27 14:50:00,26.22,26.22,26.22,26.22,101.0
2019-03-27 14:51:00,26.24,26.24,26.24,26.24,102.0
2019-03-27 14:53:00,26.26,26.26,26.26,26.26,115.0
2019-03-27 14:55:00,26.22,26.22,26.22,26.22,190.0
2019-03-27 14:58:00,26.21,26.21,26.18,26.18,241.0
2019-03-27 15:04:00,26.21,26.21,26.21,26.21,112.0
2019-03-27 15:06:00,26.22,26.23,26.22,26.23,322.0
2019-03-27 15:09:00,26.25,26.25,26.25,26.25,375.0
2019-03-27 15:12:00,26.24,26.24,26.23,26.23,619.0
2019-03-27 15:14:00,26.24,26.24,26.23,26.23,602.0
2019-03-27 15:18:00,26.24,26.24,26.24,26.24,102.0
2019-03-27 15:20:00,26.24,26.24,26.22,26.22,703.0
2019-03-27 15:31:00,26.29,26.3,26.29,26.3,2277.0
2019-03-27 15:32:00,26.29,26.29,26.29,26.29,254.0
2019-03-27 15:33:00,26.27,26.27,26.27,26.27,100.0
2019-03-27 15:34:00,26.27,26.27,26.24,26.24,214.0
2019-03-27 15:37:00,26.25,26.25,26.25,26.25,631.0
2019-03-27 15:38:00,26.23,26.24,26.21,26.24,837.0
2019-03-27 15:41:00,26.25,26.25,26.25,26.25,402.0
2019-03-27 15:44:00,26.26,26.26,26.26,26.26,310.0
2019-03-27 15:45:00,26.24,26.27,26.21,26.25,2301.0
2019-03-27 15:46:00,26.21,26.26,26.21,26.26,1467.0
2019-03-27 15:47:00,26.28,26.28,26.27,26.27,455.0
2019-03-27 15:49:00,26.27,26.27,26.27,26.27,205.0
2019-03-27 15:51:00,26.28,26.28,26.28,26.28,328.0
2019-03-27 15:53:00,26.28,26.28,26.27,26.27,677.0
2019-03-27 15:56:00,26.22,26.22,26.19,26.19,792.0
2019-03-27 15:58:00,26.19,26.21,26.19,26.21,566.0
2019-03-27 15:59:00,26.21,26.21,26.21,26.21,366.0
2019-03-27 16:00:00,26.2,26.22,26.2,26.22,695.0
2019-03-28 09:31:00,26.25,26.39,26.25,26.39,313.0
2019-03-28 09:43:00,26.38,26.38,26.38,26.38,107.0
2019-03-28 09:45:00,26.39,26.39,26.39,26.39,538.0
2019-03-28 09:49:00,26.44,26.44,26.44,26.44,114.0
2019-03-28 09:55:00,26.285,26.285,26.285,26.285,934.0
2019-03-28 10:01:00,26.325,26.325,26.325,26.325,107.0
2019-03-28 10:02:00,26.355,26.355,26.355,26.355,106.0
2019-03-28 10:04:00,26.35,26.35,26.35,26.35,148.0
2019-03-28 10:25:00,26.27,26.27,26.27,26.27,221.0
2019-03-28 10:30:00,26.22,26.22,26.22,26.22,396.0
2019-03-28 10:31:00,26.175,26.175,26.175,26.175,521.0
2019-03-28 10:32:00,26.22,26.24,26.16,26.24,871.0
2019-03-28 10:35:00,26.24,26.28,26.24,26.28,339.0
2019-03-28 10:44:00,26.29,26.29,26.29,26.29,438.0
2019-03-28 10:45:00,26.26,26.26,26.26,26.26,263.0
2019-03-28 10:47:00,26.24,26.24,26.24,26.24,300.0
2019-03-28 10:54:00,26.18,26.18,26.18,26.18,112.0
2019-03-28 10:55:00,26.23,26.23,26.23,26.23,497.0
2019-03-28 10:57:00,26.29,26.29,26.29,26.29,109.0
2019-03-28 11:01:00,26.2795,26.2795,26.18,26.18,464.0
2019-03-28 11:03:00,26.2,26.2,26.2,26.2,981.0
2019-03-28 11:10:00,26.14,26.14,26.14,26.14,101.0
2019-03-28 11:11:00,26.15,26.16,26.15,26.16,300.0
2019-03-28 11:14:00,26.21,26.21,26.21,26.21,234.0
2019-03-28 11:16:00,26.18,26.18,26.18,26.18,400.0
2019-03-28 11:17:00,26.18,26.23,26.18,26.23,870.0
2019-03-28 11:18:00,26.25,26.28,26.25,26.28,372.0
2019-03-28 11:22:00,26.3,26.3,26.3,26.3,111.0
2019-03-28 11:30:00,26.21,26.21,26.19,26.21,962.0
2019-03-28 11:35:00,26.22,26.23,26.22,26.23,708.0
2019-03-28 11:36:00,26.26,26.26,26.26,26.26,178.0
2019-03-28 11:42:00,26.15,26.15,26.13,26.13,568.0
2019-03-28 11:48:00,26.15,26.15,26.15,26.15,456.0
2019-03-28 11:50:00,26.1743,26.1743,26.1743,26.1743,399.0
2019-03-28 11:59:00,26.11,26.11,26.11,26.11,235.0
2019-03-28 12:06:00,26.1,26.1,26.1,26.1,205.0
2019-03-28 12:11:00,26.0993,26.0993,26.0993,26.0993,507.0
2019-03-28 12:17:00,26.0,26.0,26.0,26.0,203.0
2019-03-28 12:19:00,26.03,26.03,26.03,26.03,111.0
2019-03-28 12:23:00,26.06,26.12,26.06,26.12,666.0
2019-03-28 12:26:00,26.09,26.09,26.09,26.09,960.0
2019-03-28 12:33:00,26.1,26.135,26.1,26.135,203.0
2019-03-28 12:34:00,26.1381,26.1381,26.1381,26.1381,725.0
2019-03-28 12:39:00,26.15,26.15,26.15,26.15,422.0
2019-03-28 12:47:00,26.125,26.16,26.125,26.13,581.0
2019-03-28 12:54:00,26.16,26.16,26.16,26.16,821.0
2019-03-28 13:19:00,26.17,26.17,26.17,26.17,245.0
2019-03-28 13:30:00,26.185,26.185,26.185,26.185,474.0
2019-03-28 13:52:00,26.17,26.17,26.15,26.15,264.0
2019-03-28 13:55:00,26.18,26.18,26.18,26.18,221.0
2019-03-28 13:56:00,26.17,26.17,26.17,26.17,253.0
2019-03-28 14:14:00,26.17,26.17,26.17,26.17,388.0
2019-03-28 14:21:00,26.13,26.13,26.13,26.13,768.0
2019-03-28 14:35:00,26.13,26.13,26.08,26.09,978.0
2019-03-28 14:42:00,26.07,26.07,26.07,26.07,169.0
2019-03-28 14:45:00,26.06,26.06,26.06,26.06,341.0
2019-03-28 14:48:00,26.03,26.03,26.03,26.03,115.0
2019-03-28 14:51:00,26.04,26.04,26.01,26.01,302.0
2019-03-28 14:53:00,25.98,25.98,25.98,25.98,359.0
2019-03-28 14:54:00,25.96,25.96,25.91,25.93,696.0
2019-03-28 14:55:00,25.94,25.94,25.94,25.94,403.0
2019-03-28 14:58:00,25.99,25.99,25.99,25.99,230.0
2019-03-28 15:03:00,25.99,26.06,25.99,26.04,762.0
2019-03-28 15:04:00,26.09,26.09,26.08,26.08,340.0
2019-03-28 15:06:00,26.07,26.08,26.07,26.08,301.0
2019-03-28 15:07:00,26.0773,26.11,26.0773,26.11,764.0
2019-03-28 15:08:00,26.11,26.14,26.11,26.14,420.0
2019-03-28 15:09:00,26.16,26.16,26.16,26.16,101.0
2019-03-28 15:10:00,26.17,26.275,26.17,26.275,1167.0
2019-03-28 15:11:00,26.28,26.28,26.28,26.28,246.0
2019-03-28 15:12:00,26.3,26.3,26.3,26.3,516.0
2019-03-28 15:14:00,26.24,26.24,26.23,26.23,336.0
2019-03-28 15:15:00,26.22,26.25,26.22,26.25,1065.0
2019-03-28 15:18:00,26.24,26.26,26.24,26.26,382.0
2019-03-28 15:20:00,26.26,26.26,26.26,26.26,460.0
2019-03-28 15:23:00,26.27,26.29,26.27,26.29,551.0
2019-03-28 15:27:00,26.3,26.31,26.3,26.31,372.0
2019-03-28 15:28:00,26.3,26.3,26.3,26.3,190.0
2019-03-28 15:30:00,26.28,26.28,26.28,26.28,119.0
2019-03-28 15:32:00,26.29,26.29,26.29,26.29,317.0
2019-03-28 15:35:00,26.29,26.29,26.29,26.29,383.0
2019-03-28 15:36:00,26.28,26.28,26.28,26.28,276.0
2019-03-28 15:37:00,26.28,26.28,26.28,26.28,127.0
2019-03-28 15:39:00,26.29,26.3,26.28,26.28,384.0
2019-03-28 15:41:00,26.3,26.3,26.3,26.3,177.0
2019-03-28 15:42:00,26.28,26.28,26.28,26.28,510.0
2019-03-28 15:44:00,26.29,26.3,26.29,26.3,1276.0
2019-03-28 15:45:00,26.3,26.3,26.29,26.29,323.0
2019-03-28 15:46:00,26.28,26.28,26.28,26.28,367.0
2019-03-28 15:47:00,26.28,26.3,26.28,26.3,629.0
2019-03-28 15:48:00,26.27,26.27,26.26,26.26,435.0
2019-03-28 15:49:00,26.26,26.26,26.26,26.26,101.0
2019-03-28 15:51:00,26.23,26.25,26.23,26.25,644.0
2019-03-28 15:52:00,26.25,26.25,26.25,26.25,107.0
2019-03-28 15:53:00,26.22,26.23,26.22,26.23,624.0
2019-03-28 15:54:00,26.23,26.25,26.23,26.25,200.0
2019-03-28 15:55:00,26.25,26.25,26.25,26.25,838.0
2019-03-28 15:56:00,26.25,26.3,26.25,26.3,1400.0
2019-03-28 15:57:00,26.3,26.3,26.285,26.3,401.0
2019-03-28 15:58:00,26.3,26.33,26.3,26.33,492.0
2019-03-28 15:59:00,26.34,26.35,26.33,26.34,1101.0
2019-03-28 16:00:00,26.33,26.34,26.32,26.32,2535.0
2019-03-29 09:31:00,26.54,26.95,26.54,26.95,1008.0
2019-03-29 09:32:00,26.79,26.79,26.79,26.79,295.0
2019-03-29 09:35:00,26.63,26.63,26.63,26.63,126.0
2019-03-29 09:39:00,26.82,26.85,26.66,26.66,1310.0
2019-03-29 09:41:00,26.6,26.6,26.46,26.5387,1124.0
2019-03-29 09:50:00,26.41,26.42,26.4,26.4,798.0
2019-03-29 09:51:00,26.52,26.53,26.52,26.53,200.0
2019-03-29 09:52:00,26.52,26.59,26.52,26.54,2063.0
2019-03-29 10:03:00,26.53,26.53,26.53,26.53,102.0
2019-03-29 10:07:00,26.58,26.58,26.58,26.58,141.0
2019-03-29 10:15:00,26.56,26.59,26.56,26.59,600.0
2019-03-29 10:17:00,26.57,26.57,26.49,26.49,1968.0
2019-03-29 10:18:00,26.5,26.51,26.5,26.51,640.0
2019-03-29 10:20:00,26.44,26.44,26.44,26.44,200.0
2019-03-29 10:23:00,26.47,26.49,26.47,26.49,200.0
2019-03-29 10:26:00,26.5,26.5,26.5,26.5,335.0
2019-03-29 10:38:00,26.49,26.49,26.49,26.49,546.0
2019-03-29 10:39:00,26.49,26.49,26.44,26.47,1954.0
2019-03-29 10:40:00,26.47,26.49,26.44,26.49,810.0
2019-03-29 10:42:00,26.46,26.46,26.46,26.46,201.0
2019-03-29 10:45:00,26.42,26.42,26.25,26.3,1400.0
2019-03-29 10:46:00,26.29,26.31,26.29,26.31,1006.0
2019-03-29 10:47:00,26.36,26.37,26.36,26.37,300.0
2019-03-29 10:53:00,26.33,26.33,26.27,26.27,1057.0
2019-03-29 10:56:00,26.2859,26.2859,26.2859,26.2859,475.0
2019-03-29 11:04:00,26.25,26.32,26.25,26.32,933.0
2019-03-29 11:05:00,26.32,26.33,26.32,26.33,405.0
2019-03-29 11:08:00,26.33,26.42,26.33,26.42,620.0
2019-03-29 11:13:00,26.43,26.43,26.43,26.43,308.0
2019-03-29 11:20:00,26.35,26.35,26.35,26.35,432.0
2019-03-29 11:27:00,26.31,26.31,26.3,26.3,500.0
2019-03-29 11:30:00,26.36,26.36,26.36,26.36,100.0
2019-03-29 11:31:00,26.38,26.38,26.38,26.38,100.0
2019-03-29 11:32:00,26.4,26.4,26.4,26.4,100.0
2019-03-29 11:35:00,26.39,26.39,26.33,26.36,349.0
2019-03-29 11:36:00,26.38,26.415,26.38,26.41,410.0
2019-03-29 11:39:00,26.41,26.41,26.41,26.41,365.0
2019-03-29 11:40:00,26.48,26.48,26.48,26.48,300.0
2019-03-29 11:45:00,26.43,26.47,26.41,26.47,861.0
2019-03-29 11:49:00,26.43,26.48,26.42,26.48,768.0
2019-03-29 11:56:00,26.43,26.43,26.43,26.43,271.0
2019-03-29 12:05:00,26.38,26.38,26.29,26.29,1122.0
2019-03-29 12:06:00,26.35,26.36,26.32,26.36,600.0
2019-03-29 12:09:00,26.29,26.29,26.26,26.28,522.0
2019-03-29 12:11:00,26.27,26.27,26.27,26.27,100.0
2019-03-29 12:12:00,26.31,26.35,26.31,26.35,737.0
2019-03-29 12:27:00,26.39,26.39,26.39,26.39,100.0
2019-03-29 12:32:00,26.43,26.43,26.43,26.43,101.0
2019-03-29 12:37:00,26.41,26.41,26.41,26.41,100.0
2019-03-29 12:38:00,26.42,26.42,26.42,26.42,200.0
2019-03-29 12:43:00,26.38,26.38,26.38,26.38,300.0
2019-03-29 12:45:00,26.4,26.4,26.4,26.4,100.0
2019-03-29 12:47:00,26.37,26.37,26.34,26.34,200.0
2019-03-29 12:50:00,26.38,26.38,26.38,26.38,220.0
2019-03-29 12:55:00,26.46,26.46,26.46,26.46,100.0
2019-03-29 12:57:00,26.45,26.45,26.45,26.45,167.0
2019-03-29 13:08:00,26.47,26.47,26.46,26.46,200.0
2019-03-29 13:12:00,26.4445,26.4445,26.44,26.44,300.0
2019-03-29 13:15:00,26.43,26.43,26.43,26.43,100.0
2019-03-29 13:16:00,26.43,26.43,26.42,26.42,601.0
2019-03-29 13:17:00,26.41,26.41,26.41,26.41,100.0
2019-03-29 13:18:00,26.38,26.4,26.36,26.4,1271.0
2019-03-29 13:21:00,26.39,26.4,26.38,26.4,524.0
2019-03-29 13:22:00,26.39,26.4,26.39,26.4,203.0
2019-03-29 13:33:00,26.36,26.36,26.36,26.36,202.0
2019-03-29 13:38:00,26.36,26.36,26.35,26.35,200.0
2019-03-29 13:40:00,26.35,26.35,26.35,26.35,135.0
2019-03-29 13:46:00,26.36,26.36,26.36,26.36,100.0
2019-03-29 13:47:00,26.35,26.35,26.27,26.31,932.0
2019-03-29 14:08:00,26.37,26.37,26.36,26.36,528.0
2019-03-29 14:11:00,26.38,26.38,26.38,26.38,304.0
2019-03-29 14:22:00,26.32,26.32,26.32,26.32,199.0
2019-03-29 14:31:00,26.3,26.3,26.3,26.3,100.0
2019-03-29 14:32:00,26.3,26.3,26.25,26.27,300.0
2019-03-29 14:36:00,26.27,26.27,26.27,26.27,100.0
2019-03-29 14:39:00,26.25,26.25,26.21,26.21,610.0
2019-03-29 14:42:00,26.18,26.18,26.17,26.17,300.0
2019-03-29 14:45:00,26.2,26.2,26.2,26.2,100.0
2019-03-29 14:46:00,26.19,26.22,26.19,26.22,355.0
2019-03-29 14:47:00,26.19,26.23,26.14,26.14,1520.0
2019-03-29 14:49:00,26.17,26.215,26.17,26.215,645.0
2019-03-29 14:50:00,26.21,26.24,26.21,26.24,700.0
2019-03-29 14:51:00,26.24,26.25,26.195,26.195,2200.0
2019-03-29 14:53:00,26.24,26.24,26.24,26.24,100.0
2019-03-29 14:54:00,26.24,26.24,26.24,26.24,200.0
2019-03-29 14:55:00,26.25,26.26,26.19,26.26,4918.0
2019-03-29 15:01:00,26.26,26.26,26.24,26.24,300.0
2019-03-29 15:07:00,26.19,26.19,26.19,26.19,200.0
2019-03-29 15:10:00,26.18,26.18,26.16,26.16,551.0
2019-03-29 15:15:00,26.14,26.14,26.14,26.14,111.0
2019-03-29 15:23:00,26.14,26.14,26.14,26.14,252.0
2019-03-29 15:27:00,26.15,26.15,26.11,26.11,13424.0
2019-03-29 15:29:00,26.12,26.12,26.01,26.015,2295.0
2019-03-29 15:31:00,26.08,26.08,26.02,26.03,1533.0
2019-03-29 15:32:00,26.015,26.06,26.015,26.06,903.0
2019-03-29 15:35:00,26.05,26.07,26.05,26.07,755.0
2019-03-29 15:36:00,26.1,26.1,26.1,26.1,150.0
2019-03-29 15:37:00,26.095,26.11,26.08,26.11,447.0
2019-03-29 15:38:00,26.17,26.17,26.17,26.17,100.0
2019-03-29 15:39:00,26.13,26.13,26.12,26.12,400.0
2019-03-29 15:40:00,26.12,26.14,26.1175,26.14,597.0
2019-03-29 15:41:00,26.14,26.19,26.14,26.15,1283.0
2019-03-29 15:42:00,26.16,26.19,26.16,26.19,512.0
2019-03-29 15:43:00,26.205,26.205,26.205,26.205,321.0
2019-03-29 15:44:00,26.21,26.23,26.21,26.23,389.0
2019-03-29 15:45:00,26.2,26.2,26.2,26.2,221.0
2019-03-29 15:46:00,26.19,26.19,26.19,26.19,240.0
2019-03-29 15:49:00,26.18,26.19,26.18,26.19,574.0
2019-03-29 15:50:00,26.17,26.17,26.15,26.16,744.0
2019-03-29 15:52:00,26.16,26.1725,26.16,26.1725,675.0
2019-03-29 15:54:00,26.22,26.23,26.22,26.23,715.0
2019-03-29 15:55:00,26.245,26.245,26.19,26.19,1502.0
2019-03-29 15:56:00,26.18,26.19,26.14,26.14,1753.0
2019-03-29 15:57:00,26.14,26.14,26.04,26.04,8333.0
2019-03-29 15:58:00,26.04,26.1,26.03,26.1,4095.0
2019-03-29 15:59:00,26.07,26.07,26.0,26.0,8526.0
2019-03-29 16:00:00,26.03,26.04,26.03,26.04,8979.0
2019-04-01 09:32:00,26.385,26.385,26.215,26.215,0.0
2019-04-01 09:41:00,26.1601,26.1601,26.1601,26.1601,504.0
2019-04-01 09:43:00,26.205,26.205,26.205,26.205,923.0
2019-04-01 09:44:00,26.24,26.24,26.24,26.24,570.0
2019-04-01 09:45:00,26.3899,26.3899,26.3899,26.3899,1205.0
2019-04-01 09:52:00,26.3297,26.3297,26.3297,26.3297,794.0
2019-04-01 09:55:00,26.38,26.38,26.38,26.38,1223.0
2019-04-01 09:57:00,26.42,26.42,26.42,26.42,108.0
2019-04-01 10:01:00,26.36,26.36,26.36,26.36,244.0
2019-04-01 10:06:00,26.57,26.57,26.57,26.57,272.0
2019-04-01 10:16:00,26.5604,26.5604,26.5604,26.5604,312.0
2019-04-01 10:21:00,26.6,26.6,26.6,26.6,376.0
2019-04-01 10:26:00,26.6,26.6,26.6,26.6,1277.0
2019-04-01 10:30:00,26.6424,26.6424,26.6424,26.6424,432.0
2019-04-01 10:35:00,26.61,26.61,26.61,26.61,302.0
2019-04-01 10:37:00,26.61,26.61,26.61,26.61,230.0
2019-04-01 10:48:00,26.565,26.565,26.565,26.565,1216.0
2019-04-01 11:02:00,26.47,26.47,26.47,26.47,949.0
2019-04-01 11:04:00,26.51,26.51,26.51,26.51,458.0
2019-04-01 11:15:00,26.48,26.48,26.48,26.48,921.0
2019-04-01 11:18:00,26.47,26.47,26.47,26.47,177.0
2019-04-01 11:21:00,26.48,26.48,26.48,26.48,267.0
2019-04-01 11:29:00,26.49,26.49,26.49,26.49,781.0
2019-04-01 11:45:00,26.42,26.42,26.4,26.4,1233.0
2019-04-01 11:47:00,26.375,26.375,26.375,26.375,1154.0
2019-04-01 11:49:00,26.35,26.35,26.35,26.35,302.0
2019-04-01 11:55:00,26.325,26.325,26.325,26.325,634.0
2019-04-01 11:56:00,26.36,26.36,26.36,26.36,481.0
2019-04-01 11:57:00,26.37,26.37,26.37,26.37,504.0
2019-04-01 11:58:00,26.3,26.3,26.3,26.3,562.0
2019-04-01 11:59:00,26.33,26.33,26.33,26.33,1014.0
2019-04-01 12:02:00,26.3,26.3,26.3,26.3,105.0
2019-04-01 12:03:00,26.28,26.28,26.28,26.28,104.0
2019-04-01 12:05:00,26.28,26.28,26.28,26.28,212.0
2019-04-01 12:08:00,26.26,26.26,26.26,26.26,104.0
2019-04-01 12:09:00,26.28,26.28,26.28,26.28,392.0
2019-04-01 12:11:00,26.255,26.255,26.255,26.255,669.0
2019-04-01 12:14:00,26.23,26.23,26.23,26.23,502.0
2019-04-01 12:24:00,26.235,26.235,26.235,26.235,531.0
2019-04-01 12:26:00,26.22,26.22,26.22,26.22,506.0
2019-04-01 12:32:00,26.2,26.2,26.2,26.2,579.0
2019-04-01 12:44:00,26.185,26.185,26.185,26.185,177.0
2019-04-01 12:49:00,26.24,26.24,26.24,26.24,772.0
2019-04-01 13:04:00,26.26,26.28,26.26,26.28,430.0
2019-04-01 13:10:00,26.31,26.31,26.31,26.31,190.0
2019-04-01 13:21:00,26.29,26.29,26.29,26.29,532.0
2019-04-01 13:24:00,26.27,26.27,26.27,26.27,216.0
2019-04-01 13:25:00,26.25,26.25,26.25,26.25,661.0
2019-04-01 13:31:00,26.23,26.23,26.23,26.23,204.0
2019-04-01 13:33:00,26.2,26.2,26.17,26.17,1005.0
2019-04-01 13:41:00,26.22,26.22,26.22,26.22,466.0
2019-04-01 13:47:00,26.2,26.2,26.2,26.2,524.0
2019-04-01 13:48:00,26.22,26.22,26.22,26.22,258.0
2019-04-01 13:52:00,26.2,26.2,26.2,26.2,216.0
2019-04-01 14:00:00,26.17,26.17,26.17,26.17,332.0
2019-04-01 14:02:00,26.15,26.15,26.15,26.15,134.0
2019-04-01 14:03:00,26.2,26.2,26.2,26.2,570.0
2019-04-01 14:16:00,26.17,26.17,26.17,26.17,798.0
2019-04-01 14:18:00,26.175,26.175,26.175,26.175,202.0
2019-04-01 14:19:00,26.185,26.185,26.185,26.185,366.0
2019-04-01 14:22:00,26.18,26.18,26.18,26.18,589.0
2019-04-01 14:27:00,26.11,26.11,26.11,26.11,811.0
2019-04-01 14:29:00,26.16,26.16,26.16,26.16,543.0
2019-04-01 14:32:00,26.14,26.14,26.14,26.14,457.0
2019-04-01 14:36:00,26.12,26.12,26.12,26.12,106.0
2019-04-01 14:39:00,26.12,26.13,26.12,26.13,711.0
2019-04-01 14:47:00,26.14,26.14,26.14,26.14,317.0
2019-04-01 14:51:00,26.12,26.12,26.12,26.12,631.0
2019-04-01 14:53:00,26.13,26.13,26.11,26.11,461.0
2019-04-01 14:57:00,26.15,26.15,26.15,26.15,841.0
2019-04-01 15:01:00,26.11,26.11,26.11,26.11,404.0
2019-04-01 15:05:00,26.13,26.13,26.13,26.13,388.0
2019-04-01 15:08:00,26.13,26.13,26.13,26.13,853.0
2019-04-01 15:10:00,26.14,26.14,26.14,26.14,210.0
2019-04-01 15:12:00,26.14,26.14,26.14,26.14,215.0
2019-04-01 15:13:00,26.14,26.14,26.14,26.14,726.0
2019-04-01 15:17:00,26.2,26.2,26.2,26.2,278.0
2019-04-01 15:27:00,26.26,26.26,26.26,26.26,3302.0
2019-04-01 15:28:00,26.24,26.24,26.24,26.24,11556.0
2019-04-01 15:32:00,26.24,26.26,26.24,26.26,934.0
2019-04-01 15:37:00,26.26,26.26,26.26,26.26,422.0
2019-04-01 15:39:00,26.25,26.25,26.23,26.23,1408.0
2019-04-01 15:40:00,26.2525,26.2525,26.2525,26.2525,839.0
2019-04-01 15:41:00,26.22,26.22,26.22,26.22,320.0
2019-04-01 15:46:00,26.21,26.21,26.21,26.21,206.0
2019-04-01 15:47:00,26.215,26.215,26.215,26.215,173.0
2019-04-01 15:50:00,26.19,26.19,26.19,26.19,1314.0
2019-04-01 15:51:00,26.22,26.22,26.22,26.22,1473.0
2019-04-01 15:52:00,26.24,26.24,26.24,26.24,417.0
2019-04-01 15:53:00,26.25,26.25,26.25,26.25,252.0
2019-04-01 15:56:00,26.26,26.26,26.24,26.24,2154.0
2019-04-01 15:58:00,26.26,26.29,26.26,26.29,2711.0
2019-04-01 16:00:00,26.29,26.29,26.29,26.29,403.0
2019-04-02 09:31:00,26.22,26.22,26.22,26.22,712.0
2019-04-02 09:34:00,26.25,26.25,26.25,26.25,100.0
2019-04-02 09:35:00,26.2,26.2,26.2,26.2,102.0
2019-04-02 09:47:00,26.22,26.22,26.22,26.22,600.0
2019-04-02 09:59:00,26.25,26.26,26.22,26.26,1020.0
2019-04-02 10:03:00,26.265,26.265,26.265,26.265,123.0
2019-04-02 10:11:00,26.28,26.28,26.28,26.28,225.0
2019-04-02 10:23:00,26.28,26.305,26.24,26.305,926.0
2019-04-02 10:26:00,26.28,26.29,26.28,26.29,345.0
2019-04-02 10:34:00,26.29,26.29,26.29,26.29,106.0
2019-04-02 10:41:00,26.2,26.2,26.2,26.2,333.0
2019-04-02 10:45:00,26.2,26.25,26.2,26.25,329.0
2019-04-02 10:50:00,26.22,26.22,26.19,26.19,725.0
2019-04-02 10:55:00,26.19,26.19,26.18,26.18,489.0
2019-04-02 10:58:00,26.13,26.13,26.13,26.13,236.0
2019-04-02 11:01:00,26.0857,26.0857,26.0857,26.0857,100.0
2019-04-02 11:02:00,26.11,26.11,26.1073,26.1073,200.0
2019-04-02 11:03:00,26.085,26.085,26.05,26.05,303.0
2019-04-02 11:10:00,26.01,26.04,26.0,26.0,404.0
2019-04-02 11:11:00,26.02,26.02,26.02,26.02,100.0
2019-04-02 11:12:00,26.0,26.0,26.0,26.0,100.0
2019-04-02 11:13:00,26.005,26.08,26.005,26.08,1201.0
2019-04-02 11:15:00,26.055,26.055,26.055,26.055,100.0
2019-04-02 11:16:00,26.1,26.1,26.07,26.07,200.0
2019-04-02 11:17:00,26.1,26.14,26.09,26.14,547.0
2019-04-02 11:20:00,26.12,26.12,26.12,26.12,491.0
2019-04-02 11:23:00,26.16,26.16,26.16,26.16,100.0
2019-04-02 11:24:00,26.21,26.21,26.21,26.21,110.0
2019-04-02 11:25:00,26.16,26.16,26.16,26.16,207.0
2019-04-02 11:29:00,26.15,26.15,26.15,26.15,318.0
2019-04-02 11:37:00,26.11,26.11,26.1,26.1,305.0
2019-04-02 11:38:00,26.105,26.105,26.105,26.105,100.0
2019-04-02 11:40:00,26.08,26.08,26.07,26.07,203.0
2019-04-02 11:42:00,26.07,26.07,26.07,26.07,100.0
2019-04-02 11:43:00,26.0816,26.0816,26.0816,26.0816,232.0
2019-04-02 11:54:00,26.15,26.15,26.15,26.15,114.0
2019-04-02 12:00:00,26.12,26.12,26.12,26.12,104.0
2019-04-02 12:01:00,26.13,26.13,26.13,26.13,335.0
2019-04-02 12:11:00,26.11,26.11,26.09,26.09,672.0
2019-04-02 12:27:00,25.99,25.99,25.99,25.99,203.0
2019-04-02 12:32:00,25.9512,25.9512,25.9512,25.9512,250.0
2019-04-02 12:34:00,25.96,25.96,25.96,25.96,206.0
2019-04-02 12:38:00,25.95,25.95,25.95,25.95,322.0
2019-04-02 12:40:00,25.89,25.89,25.89,25.89,100.0
2019-04-02 12:46:00,25.89,25.91,25.89,25.91,302.0
2019-04-02 12:51:00,25.91,25.91,25.91,25.91,101.0
2019-04-02 12:54:00,25.9,25.9,25.9,25.9,354.0
2019-04-02 13:03:00,25.84,25.87,25.84,25.87,465.0
2019-04-02 13:04:00,25.86,25.9,25.86,25.86,1079.0
2019-04-02 13:05:00,25.87,25.9,25.87,25.9,200.0
2019-04-02 13:06:00,25.89,25.92,25.89,25.91,902.0
2019-04-02 13:07:00,25.9,25.9,25.9,25.9,500.0
2019-04-02 13:09:00,25.91,25.91,25.91,25.91,100.0
2019-04-02 13:10:00,25.91,25.92,25.91,25.92,403.0
2019-04-02 13:15:00,25.91,25.91,25.91,25.91,102.0
2019-04-02 13:16:00,25.92,25.92,25.92,25.92,100.0
2019-04-02 13:17:00,25.92,25.93,25.92,25.93,301.0
2019-04-02 13:18:00,25.91,25.91,25.9,25.9,705.0
2019-04-02 13:20:00,25.89,25.89,25.89,25.89,139.0
2019-04-02 13:23:00,25.86,25.86,25.86,25.86,110.0
2019-04-02 13:26:00,25.86,25.86,25.86,25.86,204.0
2019-04-02 13:31:00,25.84,25.84,25.84,25.84,200.0
2019-04-02 13:36:00,25.84,25.84,25.84,25.84,143.0
2019-04-02 13:37:00,25.84,25.84,25.84,25.84,103.0
2019-04-02 13:42:00,25.86,25.86,25.86,25.86,100.0
2019-04-02 13:44:00,25.86,25.86,25.86,25.86,303.0
2019-04-02 13:47:00,25.85,25.85,25.84,25.84,233.0
2019-04-02 13:48:00,25.82,25.82,25.81,25.81,202.0
2019-04-02 13:52:00,25.81,25.83,25.81,25.83,400.0
2019-04-02 13:55:00,25.8,25.8,25.8,25.8,103.0
2019-04-02 14:02:00,25.82,25.84,25.82,25.84,789.0
2019-04-02 14:17:00,25.85,25.85,25.85,25.85,263.0
2019-04-02 14:20:00,25.89,25.89,25.89,25.89,278.0
2019-04-02 14:32:00,25.88,25.89,25.88,25.88,603.0
2019-04-02 14:34:00,25.87,25.87,25.87,25.87,172.0
2019-04-02 14:37:00,25.88,25.88,25.88,25.88,153.0
2019-04-02 14:38:00,25.89,25.917,25.89,25.917,895.0
2019-04-02 14:40:00,25.91,25.9169,25.91,25.9169,473.0
2019-04-02 14:42:00,25.92,25.92,25.92,25.92,151.0
2019-04-02 14:43:00,25.94,25.94,25.93,25.93,570.0
2019-04-02 14:56:00,25.91,25.91,25.91,25.91,280.0
2019-04-02 14:57:00,25.9,25.9,25.9,25.9,235.0
2019-04-02 14:58:00,25.91,25.91,25.91,25.91,206.0
2019-04-02 15:12:00,25.91,25.91,25.91,25.91,282.0
2019-04-02 15:21:00,25.9,25.9,25.9,25.9,290.0
2019-04-02 15:31:00,25.92,25.93,25.91,25.91,576.0
2019-04-02 15:34:00,25.9,25.9,25.9,25.9,204.0
2019-04-02 15:36:00,25.88,25.88,25.88,25.88,194.0
2019-04-02 15:39:00,25.895,25.895,25.895,25.895,232.0
2019-04-02 15:41:00,25.92,25.92,25.92,25.92,146.0
2019-04-02 15:43:00,25.89,25.89,25.89,25.89,255.0
2019-04-02 15:45:00,25.89,25.89,25.89,25.89,376.0
2019-04-02 15:46:00,25.88,25.88,25.88,25.88,226.0
2019-04-02 15:47:00,25.86,25.86,25.86,25.86,205.0
2019-04-02 15:48:00,25.85,25.85,25.85,25.85,131.0
2019-04-02 15:49:00,25.86,25.86,25.86,25.86,567.0
2019-04-02 15:50:00,25.86,25.86,25.86,25.86,128.0
2019-04-02 15:51:00,25.87,25.87,25.87,25.87,129.0
2019-04-02 15:53:00,25.85,25.87,25.85,25.87,251.0
2019-04-02 15:54:00,25.87,25.87,25.85,25.85,235.0
2019-04-02 15:55:00,25.85,25.86,25.85,25.86,400.0
2019-04-02 15:56:00,25.85,25.86,25.85,25.86,1519.0
2019-04-02 15:57:00,25.86,25.86,25.86,25.86,227.0
2019-04-02 15:58:00,25.86,25.88,25.86,25.88,239.0
2019-04-02 15:59:00,25.88,25.88,25.88,25.88,307.0
2019-04-02 16:00:00,25.87,25.88,25.81,25.81,1533.0
2019-04-03 09:31:00,26.04,26.04,26.04,26.04,387.0
2019-04-03 09:43:00,25.97,26.0,25.97,26.0,514.0
2019-04-03 09:47:00,26.02,26.02,26.02,26.02,100.0
2019-04-03 09:49:00,25.97,25.99,25.92,25.95,775.0
2019-04-03 09:50:00,25.89,25.89,25.89,25.89,200.0
2019-04-03 09:52:00,25.91,25.91,25.91,25.91,137.0
2019-04-03 09:57:00,25.8,25.8,25.8,25.8,210.0
2019-04-03 10:00:00,25.83,25.83,25.81,25.81,280.0
2019-04-03 10:05:00,25.78,25.78,25.78,25.78,100.0
2019-04-03 10:07:00,25.78,25.78,25.78,25.78,630.0
2019-04-03 10:13:00,25.7,25.7,25.7,25.7,100.0
2019-04-03 10:18:00,25.67,25.74,25.67,25.74,454.0
2019-04-03 10:19:00,25.74,25.74,25.74,25.74,351.0
2019-04-03 10:22:00,25.8033,25.8033,25.8033,25.8033,200.0
2019-04-03 10:27:00,25.67,25.67,25.67,25.67,200.0
2019-04-03 10:36:00,25.67,25.67,25.67,25.67,100.0
2019-04-03 10:38:00,25.69,25.69,25.65,25.65,333.0
2019-04-03 10:39:00,25.67,25.67,25.67,25.67,100.0
2019-04-03 10:40:00,25.63,25.65,25.63,25.65,540.0
2019-04-03 10:41:00,25.635,25.64,25.635,25.64,466.0
2019-04-03 10:42:00,25.63,25.63,25.63,25.63,240.0
2019-04-03 10:43:00,25.61,25.61,25.57,25.57,365.0
2019-04-03 10:47:00,25.51,25.51,25.49,25.49,901.0
2019-04-03 10:48:00,25.47,25.47,25.425,25.425,455.0
2019-04-03 10:50:00,25.36,25.38,25.305,25.33,815.0
2019-04-03 10:51:00,25.29,25.29,25.29,25.29,239.0
2019-04-03 10:53:00,25.28,25.345,25.28,25.345,1207.0
2019-04-03 11:01:00,25.3,25.3,25.29,25.29,430.0
2019-04-03 11:06:00,25.29,25.29,25.29,25.29,441.0
2019-04-03 11:10:00,25.2465,25.2465,25.2465,25.2465,102.0
2019-04-03 11:14:00,25.2,25.2,25.18,25.18,712.0
2019-04-03 11:20:00,25.03,25.03,25.03,25.03,561.0
2019-04-03 11:21:00,25.06,25.06,25.01,25.06,799.0
2019-04-03 11:22:00,25.04,25.05,25.03,25.03,400.0
2019-04-03 11:23:00,25.06,25.17,25.045,25.17,1436.0
2019-04-03 11:25:00,25.1,25.1,25.1,25.1,110.0
2019-04-03 11:26:00,25.1,25.1,25.1,25.1,103.0
2019-04-03 11:27:00,25.11,25.11,25.11,25.11,150.0
2019-04-03 11:30:00,25.07,25.11,25.07,25.11,547.0
2019-04-03 11:35:00,25.09,25.09,25.09,25.09,577.0
2019-04-03 11:48:00,25.1,25.1,25.1,25.1,0.0
2019-04-03 11:49:00,25.075,25.12,25.075,25.12,19648.0
2019-04-03 11:51:00,25.12,25.18,25.12,25.18,455.0
2019-04-03 11:52:00,25.18,25.23,25.18,25.23,610.0
2019-04-03 12:04:00,25.23,25.27,25.23,25.27,508.0
2019-04-03 12:13:00,25.24,25.24,25.24,25.24,291.0
2019-04-03 12:31:00,25.23,25.23,25.23,25.23,410.0
2019-04-03 12:38:00,25.21,25.21,25.21,25.21,265.0
2019-04-03 12:48:00,25.2,25.2,25.2,25.2,105.0
2019-04-03 12:50:00,25.18,25.18,25.18,25.18,146.0
2019-04-03 12:52:00,25.15,25.15,25.11,25.14,1713.0
2019-04-03 12:53:00,25.14,25.16,25.14,25.145,1444.0
2019-04-03 12:56:00,25.145,25.145,25.145,25.145,100.0
2019-04-03 12:58:00,25.145,25.145,25.145,25.145,303.0
2019-04-03 13:22:00,25.15,25.15,25.15,25.15,100.0
2019-04-03 13:23:00,25.17,25.185,25.16,25.17,1427.0
2019-04-03 13:24:00,25.17,25.18,25.15,25.18,626.0
2019-04-03 13:26:00,25.165,25.165,25.16,25.16,410.0
2019-04-03 13:27:00,25.16,25.168,25.16,25.168,200.0
2019-04-03 13:28:00,25.16,25.19,25.16,25.19,1306.0
2019-04-03 13:29:00,25.2,25.23,25.2,25.23,857.0
2019-04-03 13:30:00,25.23,25.23,25.22,25.225,409.0
2019-04-03 13:32:00,25.21,25.21,25.21,25.21,205.0
2019-04-03 13:41:00,25.18,25.18,25.18,25.18,105.0
2019-04-03 13:45:00,25.19,25.22,25.175,25.22,578.0
2019-04-03 13:47:00,25.26,25.26,25.26,25.26,100.0
2019-04-03 13:49:00,25.23,25.23,25.23,25.23,315.0
2019-04-03 14:00:00,25.24,25.2475,25.24,25.2475,554.0
2019-04-03 14:05:00,25.25,25.25,25.25,25.25,388.0
2019-04-03 14:21:00,25.18,25.18,25.18,25.18,254.0
2019-04-03 14:31:00,25.18,25.195,25.18,25.195,314.0
2019-04-03 14:32:00,25.17,25.17,25.16,25.1604,717.0
2019-04-03 14:38:00,25.14,25.14,25.14,25.14,101.0
2019-04-03 14:41:00,25.1573,25.1573,25.1573,25.1573,100.0
2019-04-03 14:43:00,25.13,25.13,25.12,25.12,691.0
2019-04-03 14:45:00,25.09,25.26,25.09,25.22,3167.0
2019-04-03 14:46:00,25.2275,25.2289,25.2275,25.2289,200.0
2019-04-03 14:47:00,25.25,25.28,25.25,25.28,303.0
2019-04-03 14:48:00,25.3,25.35,25.3,25.35,601.0
2019-04-03 14:52:00,25.3,25.45,25.3,25.43,1075.0
2019-04-03 14:53:00,25.43,25.47,25.4275,25.46,815.0
2019-04-03 14:57:00,25.44,25.44,25.44,25.44,530.0
2019-04-03 14:58:00,25.42,25.45,25.42,25.45,210.0
2019-04-03 14:59:00,25.42,25.42,25.42,25.42,100.0
2019-04-03 15:01:00,25.4675,25.4675,25.4675,25.4675,100.0
2019-04-03 15:03:00,25.43,25.4673,25.43,25.4673,200.0
2019-04-03 15:04:00,25.47,25.48,25.47,25.48,794.0
2019-04-03 15:05:00,25.48,25.48,25.48,25.48,100.0
2019-04-03 15:06:00,25.48,25.5,25.48,25.5,300.0
2019-04-03 15:09:00,25.47,25.47,25.44,25.44,696.0
2019-04-03 15:10:00,25.41,25.45,25.41,25.45,200.0
2019-04-03 15:11:00,25.4489,25.4489,25.425,25.425,678.0
2019-04-03 15:14:00,25.37,25.43,25.37,25.43,300.0
2019-04-03 15:15:00,25.42,25.44,25.42,25.44,914.0
2019-04-03 15:16:00,25.42,25.42,25.39,25.39,510.0
2019-04-03 15:17:00,25.38,25.38,25.38,25.38,100.0
2019-04-03 15:20:00,25.33,25.33,25.33,25.33,200.0
2019-04-03 15:21:00,25.33,25.33,25.33,25.33,200.0
2019-04-03 15:22:00,25.37,25.37,25.32,25.32,252.0
2019-04-03 15:23:00,25.3,25.3,25.3,25.3,153.0
2019-04-03 15:25:00,25.28,25.28,25.28,25.28,100.0
2019-04-03 15:26:00,25.27,25.27,25.25,25.25,395.0
2019-04-03 15:27:00,25.25,25.25,25.25,25.25,224.0
2019-04-03 15:28:00,25.3,25.3,25.295,25.295,604.0
2019-04-03 15:29:00,25.295,25.32,25.295,25.305,400.0
2019-04-03 15:30:00,25.305,25.305,25.305,25.305,100.0
2019-04-03 15:31:00,25.305,25.32,25.305,25.305,300.0
2019-04-03 15:32:00,25.305,25.305,25.305,25.305,219.0
2019-04-03 15:33:00,25.305,25.305,25.305,25.305,100.0
2019-04-03 15:34:00,25.305,25.305,25.305,25.305,105.0
2019-04-03 15:35:00,25.305,25.305,25.29,25.29,200.0
2019-04-03 15:36:00,25.32,25.33,25.315,25.33,1094.0
2019-04-03 15:37:00,25.34,25.38,25.34,25.36,384.0
2019-04-03 15:38:00,25.365,25.365,25.365,25.365,237.0
2019-04-03 15:39:00,25.34,25.36,25.3203,25.36,1944.0
2019-04-03 15:40:00,25.315,25.315,25.315,25.315,221.0
2019-04-03 15:42:00,25.29,25.3025,25.29,25.3025,1007.0
2019-04-03 15:43:00,25.3025,25.3025,25.295,25.295,200.0
2019-04-03 15:44:00,25.28,25.285,25.27,25.285,305.0
2019-04-03 15:45:00,25.29,25.29,25.285,25.285,200.0
2019-04-03 15:46:00,25.28,25.28,25.28,25.28,989.0
2019-04-03 15:47:00,25.28,25.2875,25.24,25.24,1249.0
2019-04-03 15:48:00,25.24,25.24,25.24,25.24,151.0
2019-04-03 15:49:00,25.25,25.255,25.245,25.255,1324.0
2019-04-03 15:51:00,25.26,25.29,25.25,25.29,1172.0
2019-04-03 15:52:00,25.285,25.29,25.27,25.27,431.0
2019-04-03 15:53:00,25.3,25.3,25.3,25.3,221.0
2019-04-03 15:54:00,25.3,25.32,25.3,25.32,363.0
2019-04-03 15:55:00,25.33,25.3375,25.32,25.33,1036.0
2019-04-03 15:56:00,25.34,25.34,25.31,25.31,1504.0
2019-04-03 15:58:00,25.33,25.33,25.31,25.33,1633.0
2019-04-03 15:59:00,25.33,25.335,25.32,25.32,410.0
2019-04-03 16:00:00,25.33,25.33,25.31,25.32,3718.0
