
2019-03-21 10:12:00,12.0,12.0,12.0,12.0,0.0
2019-03-21 10:13:00,11.95,11.95,11.95,11.95,2898.0
2019-03-21 10:14:00,11.95,11.95,11.95,11.95,2102.0
2019-03-21 10:15:00,11.95,12.0,11.95,11.95,5300.0
2019-03-21 10:17:00,12.0,12.0,12.0,12.0,400.0
2019-03-21 10:18:00,12.0,12.0,12.0,12.0,7504.0
2019-03-21 10:19:00,12.0,12.0,11.9941,11.9941,6037.0
2019-03-21 10:20:00,11.925,11.925,11.9,11.9,5000.0
2019-03-21 10:21:00,11.92,11.93,11.9,11.9,10500.0
2019-03-21 10:22:00,11.35,11.35,11.35,11.35,200.0
2019-03-21 10:23:00,11.7253,11.7253,11.7253,11.7253,111.0
2019-03-21 10:27:00,11.9,11.9,11.9,11.9,2700.0
2019-03-21 10:29:00,11.85,11.8999,11.85,11.8999,700.0
2019-03-21 10:30:00,11.85,11.9,11.8,11.9,12500.0
2019-03-21 10:31:00,11.85,11.85,11.85,11.85,600.0
2019-03-21 10:32:00,11.85,11.85,11.85,11.85,1500.0
2019-03-21 10:33:00,11.825,11.825,11.8,11.825,7950.0
2019-03-21 10:41:00,11.86,11.86,11.86,11.86,1000.0
2019-03-21 10:48:00,11.8899,11.8899,11.8865,11.8865,1750.0
2019-03-21 10:51:00,11.89,11.89,11.89,11.89,100.0
2019-03-21 10:53:00,11.8865,11.8865,11.85,11.85,1300.0
2019-03-21 10:55:00,11.87,11.87,11.87,11.87,7633.0
2019-03-21 11:05:00,11.87,11.87,11.87,11.87,37912.0
2019-03-21 11:06:00,11.87,11.87,11.87,11.87,2582.0
2019-03-21 11:09:00,11.89,11.9,11.89,11.89,901.0
2019-03-21 11:12:00,11.9,11.95,11.9,11.95,900.0
2019-03-21 11:13:00,11.95,11.95,11.9499,11.9499,500.0
2019-03-21 11:14:00,11.95,11.95,11.9448,11.9448,6600.0
2019-03-21 11:17:00,11.95,11.95,11.95,11.95,1100.0
2019-03-21 11:19:00,11.95,11.95,11.95,11.95,18150.0
2019-03-21 11:20:00,11.95,11.95,11.9446,11.9446,753.0
2019-03-21 11:22:00,11.9958,11.9958,11.9958,11.9958,100.0
2019-03-21 11:24:00,12.0,12.0,11.985,11.985,500.0
2019-03-21 11:25:00,12.0,12.0,11.9999,12.0,2600.0
2019-03-21 11:27:00,11.9999,12.0,11.9999,12.0,3800.0
2019-03-21 11:29:00,11.9907,12.0,11.9907,12.0,1200.0
2019-03-21 11:31:00,11.99,11.99,11.99,11.99,1000.0
2019-03-21 11:32:00,12.0,12.0,11.997,11.997,3400.0
2019-03-21 11:39:00,12.0,12.0,11.9999,12.0,3704.0
2019-03-21 11:41:00,12.0,12.0,12.0,12.0,6600.0
2019-03-21 11:42:00,12.0,12.0,11.9999,11.9999,1000.0
2019-03-21 11:43:00,12.0,12.0,12.0,12.0,8562.0
2019-03-21 12:00:00,12.0,12.0,12.0,12.0,100.0
2019-03-21 12:03:00,12.0,12.0,12.0,12.0,2000.0
2019-03-21 12:04:00,12.0,12.0,12.0,12.0,1000.0
2019-03-21 12:06:00,11.995,11.995,11.995,11.995,3500.0
2019-03-21 12:07:00,12.09,12.09,12.09,12.09,5816.0
2019-03-21 12:28:00,12.1,12.1,12.1,12.1,100.0
2019-03-21 12:31:00,12.075,12.075,12.075,12.075,700.0
2019-03-21 12:33:00,12.075,12.075,12.075,12.075,195.0
2019-03-21 12:39:00,12.0999,12.0999,12.0999,12.0999,480.0
2019-03-21 13:02:00,12.1,12.1,12.1,12.1,5000.0
2019-03-21 13:20:00,12.1,12.1,12.1,12.1,4400.0
2019-03-21 13:36:00,12.1,12.1,12.1,12.1,18615.0
2019-03-21 13:39:00,12.1,12.1,12.1,12.1,1005.0
2019-03-21 13:54:00,12.1,12.1,12.1,12.1,100.0
2019-03-21 13:56:00,12.1,12.1,12.1,12.1,208.0
2019-03-21 14:10:00,12.1,12.1,12.1,12.1,1415.0
2019-03-21 14:38:00,12.1,12.1,12.1,12.1,100.0
2019-03-21 14:41:00,12.1,12.1,12.1,12.1,22080.0
2019-03-21 14:42:00,12.125,12.125,12.125,12.125,17712.0
2019-03-21 14:45:00,12.1,12.1,12.1,12.1,12280.0
2019-03-21 14:59:00,12.1,12.1,12.1,12.1,5000.0
2019-03-21 15:06:00,12.15,12.15,12.15,12.15,3500.0
2019-03-21 15:12:00,12.15,12.15,12.15,12.15,21700.0
2019-03-21 15:26:00,12.19,12.19,12.19,12.19,100.0
2019-03-21 15:28:00,12.15,12.15,12.15,12.15,30700.0
2019-03-21 15:38:00,12.19,12.19,12.19,12.19,100.0
2019-03-21 15:41:00,12.2,12.2,12.2,12.2,52300.0
2019-03-21 15:42:00,12.2,12.2,12.19,12.19,57800.0
2019-03-21 15:52:00,12.25,12.25,12.25,12.25,1301.0
2019-03-21 15:54:00,12.25,12.25,12.25,12.25,60202.0
2019-03-21 15:58:00,12.3,12.3,12.3,12.3,20700.0
2019-03-21 16:00:00,12.3,12.315,12.25,12.25,20602.0
2019-03-22 09:31:00,12.25,12.25,12.25,12.25,0.0
2019-03-22 09:38:00,12.1825,12.1825,12.1825,12.1825,724.0
2019-03-22 09:41:00,12.24,12.24,12.24,12.24,200.0
2019-03-22 09:42:00,12.25,12.25,12.25,12.25,723.0
2019-03-22 09:46:00,12.1864,12.1864,12.1864,12.1864,800.0
2019-03-22 09:50:00,12.24,12.24,12.24,12.24,200.0
2019-03-22 09:51:00,12.1787,12.1787,12.1787,12.1787,551.0
2019-03-22 09:59:00,12.22,12.24,12.22,12.24,1000.0
2019-03-22 10:14:00,12.225,12.25,12.21,12.25,2993.0
2019-03-22 10:19:00,12.24,12.24,12.2399,12.24,607.0
2019-03-22 10:25:00,12.2,12.24,12.2,12.2,2100.0
2019-03-22 10:31:00,12.24,12.24,12.24,12.24,100.0
2019-03-22 10:32:00,12.2,12.24,12.2,12.2,1700.0
2019-03-22 10:33:00,12.2,12.24,12.2,12.2,1500.0
2019-03-22 10:34:00,12.2,12.24,12.2,12.24,2000.0
2019-03-22 10:35:00,12.2,12.24,12.2,12.24,1800.0
2019-03-22 10:36:00,12.2,12.2,12.2,12.2,300.0
2019-03-22 10:39:00,12.22,12.24,12.22,12.22,5200.0
2019-03-22 10:40:00,12.24,12.25,12.225,12.25,41020.0
2019-03-22 10:41:00,12.2479,12.55,12.2062,12.55,37399.0
2019-03-22 10:42:00,12.35,12.35,12.35,12.35,200.0
2019-03-22 10:44:00,12.36,12.44,12.27,12.3,1700.0
2019-03-22 10:45:00,12.375,12.375,12.375,12.375,6700.0
2019-03-22 10:46:00,12.375,12.45,12.375,12.45,2700.0
2019-03-22 10:47:00,12.37,12.47,12.37,12.47,4200.0
2019-03-22 10:48:00,12.47,12.49,12.4,12.48,11600.0
2019-03-22 10:49:00,12.42,12.42,12.42,12.42,100.0
2019-03-22 10:51:00,12.4,12.4,12.36,12.36,200.0
2019-03-22 10:53:00,12.36,12.4,12.35,12.35,700.0
2019-03-22 10:55:00,12.39,12.39,12.39,12.39,1889.0
2019-03-22 10:57:00,12.44,12.44,12.44,12.44,100.0
2019-03-22 10:59:00,12.365,12.365,12.365,12.365,100.0
2019-03-22 11:00:00,12.365,12.365,12.365,12.365,200.0
2019-03-22 11:08:00,12.365,12.365,12.34,12.34,800.0
2019-03-22 11:12:00,12.2893,12.295,12.2893,12.295,1100.0
2019-03-22 11:20:00,12.35,12.35,12.3356,12.3471,2200.0
2019-03-22 11:22:00,12.315,12.45,12.26,12.44,11848.0
2019-03-22 11:26:00,12.35,12.35,12.35,12.35,1300.0
2019-03-22 11:27:00,12.44,12.45,12.35,12.45,69200.0
2019-03-22 11:28:00,12.44,12.44,12.44,12.44,100.0
2019-03-22 11:29:00,12.35,12.44,12.35,12.44,10900.0
2019-03-22 11:30:00,12.4,12.42,12.4,12.4,3100.0
2019-03-22 11:31:00,12.42,12.42,12.4,12.4,500.0
2019-03-22 11:32:00,12.4,12.42,12.4,12.42,200.0
2019-03-22 11:33:00,12.42,12.42,12.4,12.4,200.0
2019-03-22 11:34:00,12.4,12.42,12.4,12.42,802.0
2019-03-22 11:35:00,12.4,12.4,12.4,12.4,100.0
2019-03-22 11:36:00,12.41,12.42,12.4,12.42,400.0
2019-03-22 11:37:00,12.43,12.43,12.43,12.43,100.0
2019-03-22 11:38:00,12.42,12.42,12.33,12.33,3901.0
2019-03-22 11:39:00,12.32,12.44,12.32,12.44,3599.0
2019-03-22 11:42:00,12.375,12.375,12.375,12.375,4000.0
2019-03-22 11:45:00,12.35,12.43,12.35,12.415,2600.0
2019-03-22 11:46:00,12.375,12.375,12.375,12.375,100.0
2019-03-22 11:47:00,12.365,12.365,12.35,12.35,400.0
2019-03-22 11:48:00,12.365,12.365,12.35,12.355,2430.0
2019-03-22 11:50:00,12.35,12.35,12.35,12.35,1801.0
2019-03-22 11:51:00,12.35,12.35,12.35,12.35,199.0
2019-03-22 11:55:00,12.35,12.355,12.35,12.355,5400.0
2019-03-22 11:57:00,12.3471,12.35,12.3471,12.35,3254.0
2019-03-22 12:00:00,12.3549,12.3549,12.3549,12.3549,809.0
2019-03-22 12:01:00,12.32,12.32,12.32,12.32,600.0
2019-03-22 12:02:00,12.3,12.31,12.3,12.31,1771.0
2019-03-22 12:03:00,12.31,12.31,12.3,12.3,4474.0
2019-03-22 12:08:00,12.26,12.26,12.26,12.26,1933.0
2019-03-22 12:11:00,12.26,12.26,12.26,12.26,3367.0
2019-03-22 12:13:00,12.2754,12.2754,12.2754,12.2754,200.0
2019-03-22 12:17:00,12.28,12.28,12.28,12.28,7533.0
2019-03-22 12:23:00,12.275,12.28,12.25,12.25,5700.0
2019-03-22 13:31:00,12.28,12.3,12.28,12.3,1605.0
2019-03-22 13:32:00,12.28,12.28,12.28,12.28,1100.0
2019-03-22 13:44:00,12.3,12.3,12.3,12.3,1105.0
2019-03-22 13:51:00,12.32,12.38,12.32,12.38,5366.0
2019-03-22 13:53:00,12.38,12.38,12.37,12.37,200.0
2019-03-22 13:58:00,12.38,12.38,12.37,12.37,300.0
2019-03-22 13:59:00,12.38,12.39,12.376,12.38,4000.0
2019-03-22 14:02:00,12.38,12.38,12.38,12.38,200.0
2019-03-22 14:03:00,12.38,12.38,12.38,12.38,21000.0
2019-03-22 14:06:00,12.38,12.38,12.38,12.38,100.0
2019-03-22 14:08:00,12.38,12.38,12.38,12.38,100.0
2019-03-22 14:11:00,12.38,12.38,12.38,12.38,100.0
2019-03-22 14:12:00,12.39,12.41,12.39,12.41,700.0
2019-03-22 14:13:00,12.41,12.41,12.41,12.41,100.0
2019-03-22 14:14:00,12.41,12.41,12.41,12.41,100.0
2019-03-22 14:16:00,12.41,12.41,12.41,12.41,100.0
2019-03-22 14:17:00,12.41,12.45,12.405,12.45,10700.0
2019-03-22 14:18:00,12.3805,12.3805,12.3805,12.3805,1000.0
2019-03-22 14:19:00,12.405,12.44,12.405,12.44,6100.0
2019-03-22 14:20:00,12.405,12.405,12.405,12.405,200.0
2019-03-22 14:21:00,12.435,12.435,12.435,12.435,100.0
2019-03-22 14:22:00,12.435,12.435,12.435,12.435,100.0
2019-03-22 14:23:00,12.4301,12.435,12.4301,12.435,1100.0
2019-03-22 14:24:00,12.435,12.44,12.435,12.44,800.0
2019-03-22 14:25:00,12.405,12.405,12.37,12.405,2700.0
2019-03-22 14:27:00,12.4,12.4,12.4,12.4,100.0
2019-03-22 14:29:00,12.4,12.4,12.4,12.4,100.0
2019-03-22 14:31:00,12.4,12.4,12.4,12.4,100.0
2019-03-22 14:33:00,12.4,12.4,12.4,12.4,100.0
2019-03-22 14:35:00,12.43,12.43,12.415,12.43,800.0
2019-03-22 14:36:00,12.4,12.4,12.4,12.4,100.0
2019-03-22 14:40:00,12.4,12.4,12.37,12.37,11100.0
2019-03-22 14:45:00,12.375,12.375,12.371,12.371,1400.0
2019-03-22 14:54:00,12.375,12.375,12.375,12.375,125.0
2019-03-22 14:56:00,12.3733,12.3733,12.3733,12.3733,109.0
2019-03-22 14:57:00,12.375,12.375,12.375,12.375,6475.0
2019-03-22 15:02:00,12.311,12.38,12.311,12.38,2700.0
2019-03-22 15:10:00,12.338,12.345,12.338,12.345,1739.0
2019-03-22 15:11:00,12.3399,12.38,12.3399,12.38,674.0
2019-03-22 15:15:00,12.3317,12.345,12.3125,12.3125,800.0
2019-03-22 15:17:00,12.345,12.44,12.345,12.44,2800.0
2019-03-22 15:19:00,12.3401,12.375,12.3401,12.375,328.0
2019-03-22 15:20:00,12.42,12.42,12.42,12.42,102.0
2019-03-22 15:30:00,12.375,12.44,12.375,12.42,3210.0
2019-03-22 15:36:00,12.43,12.43,12.43,12.43,284.0
2019-03-22 15:42:00,12.3301,12.3301,12.3301,12.3301,200.0
2019-03-22 15:46:00,12.42,12.42,12.42,12.42,206.0
2019-03-22 15:49:00,12.43,12.44,12.43,12.44,675.0
2019-03-22 15:50:00,12.43,12.44,12.33,12.35,6444.0
2019-03-22 15:51:00,12.35,12.44,12.35,12.44,5371.0
2019-03-22 15:52:00,12.44,12.44,12.42,12.44,1078.0
2019-03-22 15:53:00,12.44,12.44,12.42,12.44,909.0
2019-03-22 15:54:00,12.43,12.44,12.42,12.44,583.0
2019-03-22 15:55:00,12.43,12.44,12.4,12.44,25903.0
2019-03-22 15:56:00,12.43,12.44,12.4,12.44,1613.0
2019-03-22 15:57:00,12.44,12.44,12.351,12.351,5144.0
2019-03-22 15:58:00,12.44,12.44,12.395,12.43,756.0
2019-03-22 15:59:00,12.43,12.43,12.4,12.43,907.0
2019-03-22 16:00:00,12.44,12.44,12.43,12.44,478.0
2019-03-25 09:31:00,12.25,12.25,12.25,12.25,0.0
2019-03-25 09:36:00,12.37,12.37,12.37,12.37,1300.0
2019-03-25 09:44:00,12.4,12.4,12.4,12.4,400.0
2019-03-25 09:50:00,12.3656,12.3656,12.3656,12.3656,2005.0
2019-03-25 09:51:00,12.44,12.44,12.44,12.44,300.0
2019-03-25 10:11:00,12.4,12.45,12.4,12.45,17724.0
2019-03-25 10:15:00,12.45,12.45,12.45,12.45,5950.0
2019-03-25 10:20:00,12.45,12.45,12.45,12.45,16910.0
2019-03-25 10:23:00,12.5,12.5,12.5,12.5,3050.0
2019-03-25 10:24:00,12.5,12.5,12.5,12.5,200.0
2019-03-25 10:26:00,12.49,12.49,12.49,12.49,200.0
2019-03-25 10:27:00,12.49,12.49,12.49,12.49,1900.0
2019-03-25 10:28:00,12.5,12.5,12.5,12.5,350.0
2019-03-25 10:30:00,12.5,12.5,12.5,12.5,201.0
2019-03-25 10:35:00,12.475,12.475,12.475,12.475,50400.0
2019-03-25 10:36:00,12.475,12.475,12.475,12.475,400.0
2019-03-25 10:38:00,12.475,12.475,12.475,12.475,200.0
2019-03-25 10:41:00,12.475,12.475,12.475,12.475,100.0
2019-03-25 10:43:00,12.475,12.475,12.475,12.475,900.0
2019-03-25 10:45:00,12.5,12.5,12.5,12.5,5863.0
2019-03-25 10:46:00,12.475,12.475,12.475,12.475,100.0
2019-03-25 10:48:00,12.47,12.47,12.47,12.47,50100.0
2019-03-25 10:49:00,12.48,12.48,12.48,12.48,400.0
2019-03-25 10:54:00,12.46,12.46,12.46,12.46,200.0
2019-03-25 11:03:00,12.46,12.46,12.46,12.46,100.0
2019-03-25 11:05:00,12.4999,12.4999,12.4999,12.4999,250.0
2019-03-25 11:11:00,12.48,12.48,12.48,12.48,100.0
2019-03-25 11:12:00,12.45,12.45,12.45,12.45,200.0
2019-03-25 11:19:00,12.4999,12.4999,12.4999,12.4999,105.0
2019-03-25 11:26:00,12.5,12.5,12.5,12.5,100.0
2019-03-25 11:35:00,12.5,12.5,12.5,12.5,100.0
2019-03-25 11:36:00,12.5,12.5,12.5,12.5,100.0
2019-03-25 11:37:00,12.5,12.5,12.5,12.5,300.0
2019-03-25 11:41:00,12.49,12.49,12.49,12.49,100.0
2019-03-25 11:43:00,12.475,12.475,12.475,12.475,200.0
2019-03-25 11:44:00,12.5,12.5,12.5,12.5,15100.0
2019-03-25 11:45:00,12.458,12.458,12.458,12.458,1500.0
2019-03-25 11:49:00,12.5,12.5,12.5,12.5,400.0
2019-03-25 11:51:00,12.5,12.5,12.5,12.5,200.0
2019-03-25 11:53:00,12.5,12.5,12.5,12.5,300.0
2019-03-25 11:54:00,12.5,12.5,12.5,12.5,200.0
2019-03-25 11:58:00,12.5,12.5,12.5,12.5,800.0
2019-03-25 12:00:00,12.47,12.47,12.47,12.47,200.0
2019-03-25 12:09:00,12.47,12.47,12.47,12.47,254.0
2019-03-25 12:18:00,12.46,12.46,12.46,12.46,400.0
2019-03-25 12:21:00,12.46,12.46,12.46,12.46,100.0
2019-03-25 12:28:00,12.47,12.47,12.47,12.47,100.0
2019-03-25 12:33:00,12.4532,12.4532,12.4532,12.4532,1300.0
2019-03-25 12:38:00,12.47,12.47,12.47,12.47,1100.0
2019-03-25 12:46:00,12.46,12.46,12.46,12.46,100.0
2019-03-25 12:48:00,12.49,12.49,12.49,12.49,400.0
2019-03-25 12:58:00,12.5,12.5,12.5,12.5,300.0
2019-03-25 13:07:00,12.5,12.5,12.5,12.5,3200.0
2019-03-25 13:08:00,12.5,12.5,12.5,12.5,1900.0
2019-03-25 13:10:00,12.46,12.46,12.46,12.46,1400.0
2019-03-25 13:12:00,12.48,12.48,12.48,12.48,1000.0
2019-03-25 13:14:00,12.5,12.5,12.5,12.5,800.0
2019-03-25 13:16:00,12.5,12.5,12.5,12.5,200.0
2019-03-25 13:18:00,12.5,12.5,12.5,12.5,200.0
2019-03-25 13:27:00,12.5,12.5,12.5,12.5,637.0
2019-03-25 13:28:00,12.5,12.5,12.5,12.5,500.0
2019-03-25 13:29:00,12.5,12.5,12.5,12.5,100.0
2019-03-25 13:32:00,12.5,12.5,12.5,12.5,100.0
2019-03-25 13:39:00,12.5,12.5,12.5,12.5,101.0
2019-03-25 13:48:00,12.5,12.5,12.5,12.5,8100.0
2019-03-25 13:49:00,12.5,12.5,12.46,12.46,4900.0
2019-03-25 13:50:00,12.5,12.5,12.5,12.5,4200.0
2019-03-25 13:56:00,12.5,12.5,12.5,12.5,1300.0
2019-03-25 13:57:00,12.5,12.5,12.5,12.5,300.0
2019-03-25 13:59:00,12.5,12.5,12.5,12.5,400.0
2019-03-25 14:01:00,12.5,12.5,12.5,12.5,400.0
2019-03-25 14:03:00,12.5,12.5,12.5,12.5,400.0
2019-03-25 14:04:00,12.5,12.5,12.5,12.5,500.0
2019-03-25 14:06:00,12.48,12.48,12.48,12.48,400.0
2019-03-25 14:09:00,12.5,12.5,12.5,12.5,800.0
2019-03-25 14:10:00,12.5,12.5,12.5,12.5,100.0
2019-03-25 14:18:00,12.5,12.5,12.5,12.5,100.0
2019-03-25 14:27:00,12.5,12.5,12.5,12.5,100.0
2019-03-25 14:31:00,12.4999,12.4999,12.475,12.475,800.0
2019-03-25 14:45:00,12.5,12.5,12.5,12.5,300.0
2019-03-25 14:53:00,12.5,12.5,12.5,12.5,490.0
2019-03-25 14:54:00,12.475,12.475,12.475,12.475,600.0
2019-03-25 15:00:00,12.5,12.5,12.5,12.5,100.0
2019-03-25 15:02:00,12.475,12.475,12.475,12.475,400.0
2019-03-25 15:06:00,12.475,12.475,12.475,12.475,400.0
2019-03-25 15:09:00,12.5,12.5,12.5,12.5,900.0
2019-03-25 15:10:00,12.485,12.5,12.485,12.5,3400.0
2019-03-25 15:12:00,12.5,12.5,12.5,12.5,1400.0
2019-03-25 15:13:00,12.5,12.5,12.5,12.5,200.0
2019-03-25 15:24:00,12.5,12.5,12.5,12.5,1645.0
2019-03-25 15:29:00,12.5,12.5,12.5,12.5,894.0
2019-03-25 15:30:00,12.485,12.5,12.485,12.485,6600.0
2019-03-25 15:31:00,12.5,12.5,12.485,12.485,1900.0
2019-03-25 15:33:00,12.5,12.5,12.5,12.5,500.0
2019-03-25 15:35:00,12.5,12.5,12.5,12.5,300.0
2019-03-25 15:36:00,12.5,12.5,12.5,12.5,200.0
2019-03-25 15:38:00,12.5,12.53,12.5,12.53,43520.0
2019-03-25 15:39:00,12.535,12.535,12.535,12.535,1300.0
2019-03-25 15:40:00,12.51,12.54,12.51,12.54,1200.0
2019-03-25 15:42:00,12.51,12.51,12.51,12.51,600.0
2019-03-25 15:43:00,12.515,12.545,12.5,12.545,8106.0
2019-03-25 15:45:00,12.53,12.53,12.525,12.525,1714.0
2019-03-25 15:46:00,12.525,12.525,12.525,12.525,1100.0
2019-03-25 15:47:00,12.52,12.545,12.495,12.495,16036.0
2019-03-25 15:48:00,12.52,12.52,12.5,12.5,8200.0
2019-03-25 15:49:00,12.5,12.6,12.5,12.59,14294.0
2019-03-25 15:50:00,12.58,12.58,12.56,12.56,6650.0
2019-03-25 15:51:00,12.54,12.54,12.54,12.54,3492.0
2019-03-25 15:53:00,12.54,12.54,12.54,12.54,700.0
2019-03-25 15:54:00,12.55,12.55,12.545,12.545,1900.0
2019-03-25 15:55:00,12.535,12.535,12.53,12.53,2700.0
2019-03-25 15:56:00,12.52,12.52,12.52,12.52,1400.0
2019-03-25 15:57:00,12.5,12.5,12.5,12.5,800.0
2019-03-25 15:58:00,12.5,12.5,12.5,12.5,2700.0
2019-03-25 15:59:00,12.5,12.5,12.5,12.5,1800.0
2019-03-25 16:00:00,12.5,12.51,12.5,12.51,64215.0
2019-03-26 09:32:00,12.59,12.59,12.59,12.59,0.0
2019-03-26 09:36:00,12.6,12.6,12.6,12.6,2299.0
2019-03-26 09:37:00,12.595,12.595,12.595,12.595,3550.0
2019-03-26 09:40:00,12.59,12.59,12.59,12.59,6880.0
2019-03-26 09:41:00,12.56,12.56,12.56,12.56,14097.0
2019-03-26 09:42:00,12.53,12.53,12.53,12.53,1500.0
2019-03-26 09:45:00,12.525,12.525,12.525,12.525,454.0
2019-03-26 09:46:00,12.51,12.51,12.51,12.51,770.0
2019-03-26 09:48:00,12.5,12.5,12.5,12.5,300.0
2019-03-26 09:49:00,12.475,12.475,12.475,12.475,12906.0
2019-03-26 09:51:00,12.51,12.51,12.51,12.51,22066.0
2019-03-26 09:53:00,12.52,12.52,12.52,12.52,7791.0
2019-03-26 09:58:00,12.52,12.52,12.52,12.52,15141.0
2019-03-26 10:00:00,12.51,12.51,12.51,12.51,100.0
2019-03-26 10:01:00,12.52,12.52,12.52,12.52,3185.0
2019-03-26 10:03:00,12.53,12.53,12.53,12.53,6826.0
2019-03-26 10:08:00,12.565,12.565,12.565,12.565,19266.0
2019-03-26 10:10:00,12.54,12.55,12.54,12.55,55237.0
2019-03-26 10:13:00,12.53,12.53,12.53,12.53,3507.0
2019-03-26 10:16:00,12.5879,12.5879,12.5879,12.5879,4500.0
2019-03-26 10:18:00,12.6,12.6,12.6,12.6,4700.0
2019-03-26 10:20:00,12.625,12.625,12.625,12.625,6200.0
2019-03-26 10:22:00,12.65,12.65,12.65,12.65,100.0
2019-03-26 10:25:00,12.65,12.65,12.65,12.65,100.0
2019-03-26 10:26:00,12.625,12.625,12.625,12.625,300.0
2019-03-26 10:27:00,12.65,12.665,12.65,12.65,23920.0
2019-03-26 10:29:00,12.66,12.84,12.66,12.84,11300.0
2019-03-26 10:30:00,12.97,12.97,12.8,12.89,13400.0
2019-03-26 10:31:00,12.74,12.74,12.74,12.74,600.0
2019-03-26 10:32:00,12.75,12.75,12.75,12.75,600.0
2019-03-26 10:33:00,12.74,12.74,12.74,12.74,900.0
2019-03-26 10:34:00,12.74,12.74,12.74,12.74,400.0
2019-03-26 10:36:00,12.75,12.75,12.75,12.75,3391.0
2019-03-26 10:37:00,12.74,12.74,12.74,12.74,5709.0
2019-03-26 10:39:00,12.75,12.75,12.75,12.75,8900.0
2019-03-26 10:41:00,12.7498,12.7498,12.7498,12.7498,1300.0
2019-03-26 10:43:00,12.75,12.75,12.75,12.75,51537.0
2019-03-26 10:45:00,12.75,12.78,12.75,12.75,14500.0
2019-03-26 10:49:00,12.7442,12.7442,12.7442,12.7442,1023.0
2019-03-26 10:52:00,12.74,12.75,12.73,12.75,12771.0
2019-03-26 10:54:00,12.725,12.725,12.725,12.725,400.0
2019-03-26 10:55:00,12.725,12.75,12.725,12.75,17571.0
2019-03-26 10:56:00,12.75,12.75,12.75,12.75,1329.0
2019-03-26 11:07:00,12.62,12.62,12.62,12.62,2100.0
2019-03-26 11:09:00,12.69,12.69,12.69,12.69,1723.0
2019-03-26 11:12:00,12.7,12.7,12.7,12.7,400.0
2019-03-26 11:13:00,12.7,12.7,12.7,12.7,200.0
2019-03-26 11:20:00,12.7,12.7,12.7,12.7,200.0
2019-03-26 11:21:00,12.7,12.7,12.7,12.7,1800.0
2019-03-26 11:26:00,12.6662,12.6662,12.6662,12.6662,100.0
2019-03-26 11:27:00,12.68,12.7,12.68,12.7,1700.0
2019-03-26 11:28:00,12.68,12.68,12.68,12.68,500.0
2019-03-26 11:29:00,12.69,12.69,12.69,12.69,500.0
2019-03-26 11:35:00,12.7,12.7,12.7,12.7,100.0
2019-03-26 11:37:00,12.68,12.68,12.68,12.68,1000.0
2019-03-26 11:41:00,12.7,12.7,12.7,12.7,200.0
2019-03-26 11:42:00,12.7,12.7,12.7,12.7,1000.0
2019-03-26 11:45:00,12.69,12.69,12.69,12.69,100.0
2019-03-26 11:47:00,12.7,12.7,12.7,12.7,200.0
2019-03-26 11:48:00,12.7,12.7,12.7,12.7,8300.0
2019-03-26 11:49:00,12.7,12.7,12.7,12.7,4800.0
2019-03-26 11:50:00,12.7,12.7,12.7,12.7,600.0
2019-03-26 11:51:00,12.69,12.69,12.69,12.69,300.0
2019-03-26 11:52:00,12.68,12.68,12.68,12.68,1100.0
2019-03-26 11:54:00,12.635,12.635,12.635,12.635,1400.0
2019-03-26 12:10:00,12.68,12.68,12.68,12.68,1551.0
2019-03-26 12:14:00,12.68,12.68,12.68,12.68,145.0
2019-03-26 12:16:00,12.645,12.645,12.645,12.645,300.0
2019-03-26 12:19:00,12.68,12.68,12.68,12.68,150.0
2019-03-26 12:23:00,12.68,12.68,12.68,12.68,100.0
2019-03-26 12:28:00,12.68,12.68,12.68,12.68,400.0
2019-03-26 12:30:00,12.7,12.75,12.7,12.75,62900.0
2019-03-26 12:31:00,12.7,12.7,12.7,12.7,2607.0
2019-03-26 12:36:00,12.73,12.73,12.7131,12.7131,0.0
2019-03-26 12:37:00,12.73,12.73,12.73,12.73,200.0
2019-03-26 12:38:00,12.72,12.72,12.72,12.72,100.0
2019-03-26 12:42:00,12.72,12.73,12.72,12.725,400.0
2019-03-26 12:50:00,12.7423,12.7423,12.7423,12.7423,507.0
2019-03-26 12:51:00,12.75,12.75,12.75,12.75,28600.0
2019-03-26 12:53:00,12.75,12.75,12.75,12.75,7032.0
2019-03-26 12:56:00,12.75,12.75,12.75,12.75,1500.0
2019-03-26 12:58:00,12.73,12.73,12.73,12.73,100.0
2019-03-26 13:01:00,12.75,12.75,12.75,12.75,270.0
2019-03-26 13:02:00,12.74,12.74,12.74,12.74,600.0
2019-03-26 13:07:00,12.75,12.76,12.75,12.75,77210.0
2019-03-26 13:08:00,12.78,12.84,12.75,12.77,13300.0
2019-03-26 13:09:00,12.76,12.78,12.76,12.77,111405.0
2019-03-26 13:10:00,12.78,12.78,12.78,12.78,800.0
2019-03-26 13:11:00,12.75,12.79,12.75,12.79,6030.0
2019-03-26 13:12:00,12.76,12.76,12.76,12.76,400.0
2019-03-26 13:13:00,12.75,12.8,12.75,12.75,21698.0
2019-03-26 13:14:00,12.75,12.75,12.75,12.75,1000.0
2019-03-26 13:15:00,12.75,12.75,12.72,12.72,3000.0
2019-03-26 13:17:00,12.79,12.8,12.79,12.8,16300.0
2019-03-26 13:18:00,12.8,12.8,12.8,12.8,2320.0
2019-03-26 13:19:00,12.8293,12.88,12.8293,12.88,9000.0
2019-03-26 13:20:00,12.8457,12.8457,12.8457,12.8457,3400.0
2019-03-26 13:21:00,12.81,12.81,12.81,12.81,1200.0
2019-03-26 13:22:00,12.8,12.86,12.8,12.86,6711.0
2019-03-26 13:23:00,12.88,12.88,12.879,12.879,10700.0
2019-03-26 13:26:00,12.88,12.88,12.88,12.88,5200.0
2019-03-26 13:27:00,12.88,12.88,12.88,12.88,1100.0
2019-03-26 13:29:00,12.86,12.86,12.86,12.86,2300.0
2019-03-26 13:30:00,12.85,12.85,12.84,12.84,4488.0
2019-03-26 13:31:00,12.85,12.85,12.85,12.85,962.0
2019-03-26 13:32:00,12.85,12.85,12.82,12.82,1725.0
2019-03-26 13:34:00,12.81,12.81,12.81,12.81,1321.0
2019-03-26 13:36:00,12.81,12.81,12.81,12.81,600.0
2019-03-26 13:37:00,12.8,12.8,12.8,12.8,1400.0
2019-03-26 13:41:00,12.7715,12.7715,12.7715,12.7715,300.0
2019-03-26 13:45:00,12.77,12.77,12.77,12.77,200.0
2019-03-26 13:46:00,12.77,12.77,12.77,12.77,200.0
2019-03-26 13:48:00,12.75,12.75,12.735,12.735,16264.0
2019-03-26 13:53:00,12.735,12.735,12.735,12.735,100.0
2019-03-26 14:00:00,12.75,12.75,12.75,12.75,100.0
2019-03-26 14:02:00,12.8,12.86,12.8,12.86,5573.0
2019-03-26 14:03:00,12.87,12.87,12.87,12.87,1000.0
2019-03-26 14:06:00,12.87,12.87,12.87,12.87,582.0
2019-03-26 14:07:00,12.84,12.84,12.78,12.78,1610.0
2019-03-26 14:17:00,12.845,12.845,12.845,12.845,1300.0
2019-03-26 14:20:00,12.82,12.82,12.82,12.82,0.0
2019-03-26 14:25:00,12.8422,12.8422,12.8422,12.8422,825.0
2019-03-26 14:32:00,12.865,12.865,12.865,12.865,1426.0
2019-03-26 14:37:00,12.81,12.81,12.81,12.81,1701.0
2019-03-26 14:40:00,12.8169,12.82,12.8169,12.82,3700.0
2019-03-26 14:46:00,12.8,12.8,12.8,12.8,4356.0
2019-03-26 14:48:00,12.8,12.8,12.8,12.8,600.0
2019-03-26 14:54:00,12.84,12.84,12.84,12.84,2260.0
2019-03-26 14:59:00,12.855,12.855,12.855,12.855,7000.0
2019-03-26 15:00:00,12.855,12.855,12.855,12.855,14600.0
2019-03-26 15:02:00,12.87,12.87,12.87,12.87,52100.0
2019-03-26 15:04:00,12.88,12.88,12.88,12.88,4850.0
2019-03-26 15:05:00,12.88,12.88,12.88,12.88,1750.0
2019-03-26 15:06:00,12.875,12.875,12.875,12.875,1300.0
2019-03-26 15:07:00,12.88,12.9,12.88,12.9,11043.0
2019-03-26 15:08:00,12.94,12.97,12.94,12.97,2950.0
2019-03-26 15:09:00,12.95,12.95,12.95,12.95,995.0
2019-03-26 15:12:00,12.9,12.9,12.9,12.9,800.0
2019-03-26 15:14:00,12.905,12.905,12.905,12.905,1000.0
2019-03-26 15:15:00,12.91,12.99,12.91,12.99,4732.0
2019-03-26 15:18:00,12.95,12.95,12.95,12.95,1000.0
2019-03-26 15:21:00,12.965,12.965,12.965,12.965,5601.0
2019-03-26 15:25:00,12.99,12.99,12.99,12.99,400.0
2019-03-26 15:26:00,12.99,13.0,12.96,13.0,28800.0
2019-03-26 15:28:00,12.96,12.96,12.96,12.96,26700.0
2019-03-26 15:29:00,12.96,12.99,12.95,12.96,33800.0
2019-03-26 15:30:00,12.96,12.99,12.95,12.96,32800.0
2019-03-26 15:31:00,12.99,12.99,12.99,12.99,1600.0
2019-03-26 15:32:00,12.955,12.97,12.955,12.97,21000.0
2019-03-26 15:33:00,12.96,12.96,12.96,12.96,700.0
2019-03-26 15:35:00,12.955,12.955,12.955,12.955,400.0
2019-03-26 15:38:00,12.96,12.9631,12.96,12.9631,1534.0
2019-03-26 15:39:00,12.96,12.96,12.96,12.96,1100.0
2019-03-26 15:40:00,12.97,12.97,12.97,12.97,6000.0
2019-03-26 15:42:00,12.965,12.965,12.965,12.965,12800.0
2019-03-26 15:43:00,12.97,13.0,12.97,13.0,78503.0
2019-03-26 15:44:00,12.97,12.97,12.97,12.97,2200.0
2019-03-26 15:46:00,12.97,12.97,12.97,12.97,140.0
2019-03-26 15:47:00,12.96,12.96,12.96,12.96,100.0
2019-03-26 15:48:00,12.96,12.96,12.96,12.96,380.0
2019-03-26 15:49:00,12.95,12.95,12.95,12.95,5121.0
2019-03-26 15:50:00,12.92,12.92,12.92,12.92,200.0
2019-03-26 15:52:00,12.95,12.95,12.95,12.95,1000.0
2019-03-26 15:53:00,12.95,12.95,12.95,12.95,2600.0
2019-03-26 15:55:00,12.95,12.95,12.95,12.95,600.0
2019-03-26 15:57:00,12.95,12.95,12.95,12.95,1857.0
2019-03-26 15:58:00,12.95,12.95,12.95,12.95,800.0
2019-03-26 15:59:00,12.95,12.95,12.95,12.95,900.0
2019-03-26 16:00:00,12.95,12.95,12.95,12.95,1102.0
2019-03-27 09:31:00,13.4,13.4,12.825,13.37,10295.0
2019-03-27 09:32:00,13.125,13.25,13.125,13.25,6500.0
2019-03-27 09:37:00,13.1,13.3,13.1,13.24,7400.0
2019-03-27 09:38:00,13.3,13.3,13.21,13.21,1500.0
2019-03-27 09:39:00,13.25,13.25,13.25,13.25,100.0
2019-03-27 09:40:00,13.22,13.3,13.21,13.3,5840.0
2019-03-27 09:41:00,13.3,13.3,13.25,13.25,200.0
2019-03-27 09:43:00,13.28,13.3,13.28,13.28,438.0
2019-03-27 09:44:00,13.27,13.3,13.27,13.3,1700.0
2019-03-27 09:45:00,13.2842,13.3,13.2842,13.3,600.0
2019-03-27 09:46:00,13.3,13.3,13.3,13.3,700.0
2019-03-27 09:47:00,13.28,13.28,13.28,13.28,200.0
2019-03-27 09:48:00,13.3,13.3,13.3,13.3,249.0
2019-03-27 09:49:00,13.3,13.37,13.3,13.37,11405.0
2019-03-27 09:50:00,13.36,13.36,13.35,13.35,25600.0
2019-03-27 09:51:00,13.36,13.36,13.0,13.18,6581.0
2019-03-27 09:52:00,13.18,13.32,13.0,13.3,7800.0
2019-03-27 09:53:00,13.3,13.3,13.3,13.3,450.0
2019-03-27 09:55:00,13.3,13.305,13.18,13.18,2880.0
2019-03-27 09:56:00,13.25,13.25,13.18,13.25,24250.0
2019-03-27 09:57:00,13.29,13.3,13.29,13.3,9600.0
2019-03-27 09:58:00,13.28,13.295,13.2,13.23,43933.0
2019-03-27 09:59:00,13.25,13.25,13.23,13.25,15317.0
2019-03-27 10:00:00,13.3,13.3,13.22,13.22,3400.0
2019-03-27 10:01:00,13.26,13.3,13.22,13.3,2989.0
2019-03-27 10:02:00,13.32,13.33,13.3,13.3,88100.0
2019-03-27 10:03:00,13.33,13.37,13.3,13.3,51597.0
2019-03-27 10:04:00,13.3396,13.3452,13.3348,13.3348,1600.0
2019-03-27 10:05:00,13.3766,13.3766,13.3766,13.3766,200.0
2019-03-27 10:06:00,13.35,13.5,13.3,13.5,36431.0
2019-03-27 10:07:00,13.42,13.5,13.3,13.44,13994.0
2019-03-27 10:08:00,13.44,13.5,13.42,13.5,750.0
2019-03-27 10:09:00,13.44,13.46,13.42,13.42,1700.0
2019-03-27 10:11:00,13.4,13.5,13.35,13.46,7600.0
2019-03-27 10:12:00,13.35,13.35,13.35,13.35,300.0
2019-03-27 10:18:00,13.35,13.35,13.35,13.35,200.0
2019-03-27 10:19:00,13.35,13.35,13.35,13.35,500.0
2019-03-27 10:21:00,13.2486,13.35,13.2486,13.29,1000.0
2019-03-27 10:22:00,13.325,13.36,13.325,13.335,2433.0
2019-03-27 10:27:00,13.37,13.37,13.37,13.37,110.0
2019-03-27 10:30:00,13.335,13.37,13.335,13.37,300.0
2019-03-27 10:34:00,13.36,13.37,13.36,13.37,500.0
2019-03-27 10:37:00,13.38,13.45,13.38,13.45,873.0
2019-03-27 10:38:00,13.38,13.44,13.35,13.44,6266.0
2019-03-27 10:39:00,13.44,13.44,13.36,13.36,300.0
2019-03-27 10:40:00,13.35,13.35,13.35,13.35,100.0
2019-03-27 10:42:00,13.35,13.35,13.35,13.35,100.0
2019-03-27 10:46:00,13.35,13.35,13.35,13.35,150.0
2019-03-27 10:49:00,13.35,13.35,13.35,13.35,100.0
2019-03-27 10:50:00,13.35,13.4394,13.3,13.3,4205.0
2019-03-27 10:51:00,13.35,13.35,13.3,13.32,312.0
2019-03-27 10:52:00,13.3,13.325,13.3,13.325,1096.0
2019-03-27 10:54:00,13.3,13.35,13.3,13.3,655.0
2019-03-27 10:55:00,13.35,13.35,13.3,13.3,18330.0
2019-03-27 10:56:00,13.3,13.3,13.3,13.3,200.0
2019-03-27 10:57:00,13.3,13.3,13.3,13.3,1200.0
2019-03-27 10:58:00,13.3,13.3,13.3,13.3,100.0
2019-03-27 10:59:00,13.3,13.35,13.3,13.35,1100.0
2019-03-27 11:00:00,13.33,13.33,13.33,13.33,100.0
2019-03-27 11:01:00,13.34,13.34,13.34,13.34,100.0
2019-03-27 11:04:00,13.36,13.36,13.34,13.34,735.0
2019-03-27 11:06:00,13.3799,13.38,13.35,13.37,2103.0
2019-03-27 11:07:00,13.36,13.42,13.34,13.37,29737.0
2019-03-27 11:09:00,13.37,13.37,13.37,13.37,100.0
2019-03-27 11:10:00,13.34,13.34,13.34,13.34,100.0
2019-03-27 11:11:00,13.35,13.37,13.3,13.3,46200.0
2019-03-27 11:12:00,13.34,13.35,13.34,13.35,1200.0
2019-03-27 11:13:00,13.35,13.4,13.35,13.4,20303.0
2019-03-27 11:14:00,13.35,13.4,13.35,13.4,1550.0
2019-03-27 11:15:00,13.4,13.4,13.36,13.3631,5083.0
2019-03-27 11:18:00,13.3792,13.3792,13.3792,13.3792,120.0
2019-03-27 11:19:00,13.39,13.4,13.3899,13.4,23300.0
2019-03-27 11:20:00,13.41,13.41,13.405,13.405,1000.0
2019-03-27 11:21:00,13.44,13.44,13.4,13.4,5500.0
2019-03-27 11:22:00,13.4032,13.44,13.4,13.44,6000.0
2019-03-27 11:23:00,13.4,13.44,13.395,13.4,5778.0
2019-03-27 11:24:00,13.4,13.46,13.39,13.43,28604.0
2019-03-27 11:25:00,13.44,13.44,13.4,13.4,128206.0
2019-03-27 11:26:00,13.4,13.4,13.38,13.4,118500.0
2019-03-27 11:27:00,13.4,13.4,13.4,13.4,400.0
2019-03-27 11:28:00,13.4,13.48,13.4,13.48,103532.0
2019-03-27 11:29:00,13.4,13.45,13.4,13.44,19371.0
2019-03-27 11:30:00,13.4,13.4,13.3831,13.4,1500.0
2019-03-27 11:31:00,13.4,13.44,13.38,13.44,1900.0
2019-03-27 11:32:00,13.4,13.4,13.37,13.37,1500.0
2019-03-27 11:33:00,13.4,13.4,13.3794,13.4,1000.0
2019-03-27 11:35:00,13.38,13.49,13.36,13.4405,9600.0
2019-03-27 11:36:00,13.49,13.5,13.4,13.45,103270.0
2019-03-27 11:37:00,13.49,13.5,13.46,13.5,3042.0
2019-03-27 11:38:00,13.5,13.5,13.4324,13.4324,28731.0
2019-03-27 11:41:00,13.46,13.46,13.46,13.46,100.0
2019-03-27 11:42:00,13.46,13.5,13.46,13.46,4489.0
2019-03-27 11:43:00,13.46,13.5,13.46,13.46,11899.0
2019-03-27 11:44:00,13.48,13.48,13.465,13.48,750.0
2019-03-27 11:46:00,13.46,13.46,13.46,13.46,171.0
2019-03-27 11:47:00,13.46,13.46,13.44,13.44,1997.0
2019-03-27 11:48:00,13.44,13.47,13.4,13.435,7675.0
2019-03-27 11:49:00,13.43,13.43,13.43,13.43,100.0
2019-03-27 11:50:00,13.415,13.42,13.4,13.4,300.0
2019-03-27 11:51:00,13.4,13.4,13.4,13.4,100.0
2019-03-27 11:53:00,13.4,13.4,13.4,13.4,900.0
2019-03-27 11:55:00,13.4,13.4,13.4,13.4,300.0
2019-03-27 11:56:00,13.4,13.4,13.4,13.4,100.0
2019-03-27 11:57:00,13.4,13.4,13.4,13.4,100.0
2019-03-27 11:58:00,13.4,13.43,13.4,13.43,2897.0
2019-03-27 12:00:00,13.41,13.41,13.41,13.41,421.0
2019-03-27 12:01:00,13.4,13.42,13.4,13.42,4100.0
2019-03-27 12:02:00,13.3,13.3,13.3,13.3,30700.0
2019-03-27 12:05:00,13.32,13.36,13.32,13.36,37000.0
2019-03-27 12:09:00,13.41,13.41,13.41,13.41,458.0
2019-03-27 12:10:00,13.4,13.4,13.4,13.4,100.0
2019-03-27 12:12:00,13.39,13.39,13.35,13.37,2758.0
2019-03-27 12:14:00,13.3301,13.3301,13.3301,13.3301,200.0
2019-03-27 12:15:00,13.33,13.33,13.33,13.33,100.0
2019-03-27 12:16:00,13.35,13.35,13.35,13.35,100.0
2019-03-27 12:17:00,13.35,13.3995,13.35,13.3995,425.0
2019-03-27 12:18:00,13.35,13.35,13.35,13.35,100.0
2019-03-27 12:19:00,13.35,13.35,13.35,13.35,100.0
2019-03-27 12:20:00,13.35,13.35,13.35,13.35,100.0
2019-03-27 12:21:00,13.3802,13.3802,13.35,13.35,200.0
2019-03-27 12:22:00,13.35,13.35,13.35,13.35,100.0
2019-03-27 12:23:00,13.35,13.35,13.35,13.35,100.0
2019-03-27 12:24:00,13.36,13.36,13.36,13.36,200.0
2019-03-27 12:25:00,13.36,13.36,13.36,13.36,200.0
2019-03-27 12:26:00,13.36,13.38,13.36,13.38,200.0
2019-03-27 12:27:00,13.36,13.36,13.36,13.36,100.0
2019-03-27 12:28:00,13.36,13.36,13.36,13.36,100.0
2019-03-27 12:29:00,13.36,13.36,13.36,13.36,100.0
2019-03-27 12:30:00,13.35,13.35,13.35,13.35,100.0
2019-03-27 12:31:00,13.35,13.35,13.35,13.35,200.0
2019-03-27 12:32:00,13.35,13.35,13.35,13.35,100.0
2019-03-27 12:33:00,13.35,13.35,13.35,13.35,100.0
2019-03-27 12:34:00,13.35,13.35,13.35,13.35,100.0
2019-03-27 12:35:00,13.35,13.35,13.35,13.35,100.0
2019-03-27 12:36:00,13.35,13.35,13.35,13.35,100.0
2019-03-27 12:37:00,13.35,13.35,13.35,13.35,200.0
2019-03-27 12:38:00,13.35,13.43,13.35,13.4,27313.0
2019-03-27 12:39:00,13.4,13.43,13.4,13.4,1700.0
2019-03-27 12:40:00,13.4,13.4,13.4,13.4,100.0
2019-03-27 12:41:00,13.43,13.43,13.4,13.4,200.0
2019-03-27 12:45:00,13.4,13.4,13.35,13.36,51300.0
2019-03-27 12:46:00,13.35,13.4,13.34,13.39,500.0
2019-03-27 12:47:00,13.395,13.4,13.395,13.4,0.0
2019-03-27 12:48:00,13.395,13.395,13.395,13.395,100.0
2019-03-27 12:49:00,13.395,13.395,13.395,13.395,100.0
2019-03-27 12:50:00,13.395,13.4,13.395,13.4,40116.0
2019-03-27 12:51:00,13.395,13.395,13.395,13.395,200.0
2019-03-27 12:52:00,13.395,13.395,13.39,13.39,2229.0
2019-03-27 12:53:00,13.39,13.39,13.375,13.39,600.0
2019-03-27 12:54:00,13.375,13.375,13.375,13.375,100.0
2019-03-27 12:55:00,13.375,13.375,13.375,13.375,100.0
2019-03-27 12:56:00,13.36,13.375,13.36,13.375,200.0
2019-03-27 12:57:00,13.375,13.375,13.375,13.375,100.0
2019-03-27 12:58:00,13.375,13.43,13.375,13.43,944.0
2019-03-27 12:59:00,13.4,13.4,13.4,13.4,100.0
2019-03-27 13:01:00,13.4,13.4,13.4,13.4,100.0
2019-03-27 13:02:00,13.4,13.4,13.4,13.4,100.0
2019-03-27 13:03:00,13.4,13.43,13.3746,13.3746,300.0
2019-03-27 13:04:00,13.4,13.43,13.385,13.43,1000.0
2019-03-27 13:08:00,13.4,13.415,13.4,13.415,5400.0
2019-03-27 13:13:00,13.4,13.43,13.4,13.415,700.0
2019-03-27 13:14:00,13.415,13.415,13.415,13.415,100.0
2019-03-27 13:15:00,13.4,13.4,13.4,13.4,100.0
2019-03-27 13:16:00,13.4,13.415,13.4,13.415,200.0
2019-03-27 13:17:00,13.4,13.5,13.4,13.49,7710.0
2019-03-27 13:18:00,13.45,13.48,13.45,13.45,900.0
2019-03-27 13:23:00,13.444,13.46,13.444,13.46,525.0
2019-03-27 13:26:00,13.45,13.45,13.45,13.45,900.0
2019-03-27 13:28:00,13.42,13.42,13.42,13.42,200.0
2019-03-27 13:29:00,13.4,13.4,13.4,13.4,100.0
2019-03-27 13:30:00,13.4,13.4,13.4,13.4,100.0
2019-03-27 13:31:00,13.4,13.4,13.4,13.4,100.0
2019-03-27 13:32:00,13.4,13.45,13.4,13.45,300.0
2019-03-27 13:33:00,13.4,13.4,13.4,13.4,100.0
2019-03-27 13:34:00,13.4,13.4,13.4,13.4,100.0
2019-03-27 13:35:00,13.4,13.4,13.4,13.4,100.0
2019-03-27 13:36:00,13.44,13.44,13.44,13.44,100.0
2019-03-27 13:38:00,13.4,13.4,13.4,13.4,132.0
2019-03-27 13:39:00,13.4,13.4,13.4,13.4,100.0
2019-03-27 13:40:00,13.4,13.4,13.4,13.4,100.0
2019-03-27 13:41:00,13.4,13.4,13.4,13.4,100.0
2019-03-27 13:42:00,13.4,13.4,13.4,13.4,100.0
2019-03-27 13:43:00,13.4,13.4,13.4,13.4,300.0
2019-03-27 13:44:00,13.4,13.4,13.4,13.4,100.0
2019-03-27 13:45:00,13.4,13.47,13.4,13.45,300.0
2019-03-27 13:46:00,13.41,13.41,13.4,13.4,200.0
2019-03-27 13:47:00,13.4,13.44,13.38,13.4,48710.0
2019-03-27 13:48:00,13.39,13.4,13.39,13.4,10463.0
2019-03-27 13:49:00,13.4,13.4,13.39,13.4,14267.0
2019-03-27 13:50:00,13.4,13.5,13.4,13.47,6020.0
2019-03-27 13:51:00,13.45,13.45,13.4,13.4,1000.0
2019-03-27 13:52:00,13.4,13.425,13.4,13.4,86265.0
2019-03-27 13:53:00,13.36,13.4,13.36,13.4,200.0
2019-03-27 13:59:00,13.44,13.44,13.44,13.44,100.0
2019-03-27 14:01:00,13.4,13.4,13.37,13.37,200.0
2019-03-27 14:02:00,13.37,13.41,13.34,13.41,19116.0
2019-03-27 14:03:00,13.41,13.5,13.41,13.43,800.0
2019-03-27 14:04:00,13.43,13.45,13.43,13.45,400.0
2019-03-27 14:05:00,13.455,13.455,13.455,13.455,100.0
2019-03-27 14:07:00,13.455,13.455,13.455,13.455,400.0
2019-03-27 14:09:00,13.455,13.5,13.41,13.49,26500.0
2019-03-27 14:10:00,13.49,13.49,13.41,13.48,800.0
2019-03-27 14:11:00,13.41,13.41,13.41,13.41,100.0
2019-03-27 14:12:00,13.455,13.455,13.455,13.455,400.0
2019-03-27 14:13:00,13.42,13.465,13.41,13.4412,2100.0
2019-03-27 14:14:00,13.43,13.43,13.4,13.4,6418.0
2019-03-27 14:15:00,13.4,13.42,13.4,13.4,3500.0
2019-03-27 14:16:00,13.4026,13.5,13.36,13.41,11424.0
2019-03-27 14:17:00,13.41,13.45,13.4,13.41,2400.0
2019-03-27 14:18:00,13.41,13.41,13.4031,13.4031,245.0
2019-03-27 14:22:00,13.42,13.42,13.41,13.41,710.0
2019-03-27 14:26:00,13.41,13.42,13.41,13.41,4330.0
2019-03-27 14:27:00,13.4,13.4,13.4,13.4,100.0
2019-03-27 14:28:00,13.41,13.41,13.41,13.41,200.0
2019-03-27 14:29:00,13.41,13.41,13.41,13.41,100.0
2019-03-27 14:30:00,13.42,13.5,13.42,13.45,4484.0
2019-03-27 14:31:00,13.45,13.5,13.45,13.45,51029.0
2019-03-27 14:32:00,13.45,13.45,13.38,13.38,6943.0
2019-03-27 14:33:00,13.38,13.42,13.37,13.42,6500.0
2019-03-27 14:34:00,13.42,13.42,13.42,13.42,100.0
2019-03-27 14:35:00,13.4,13.41,13.4,13.41,1700.0
2019-03-27 14:36:00,13.41,13.41,13.41,13.41,400.0
2019-03-27 14:37:00,13.41,13.41,13.38,13.38,5400.0
2019-03-27 14:38:00,13.375,13.38,13.375,13.38,1300.0
2019-03-27 14:39:00,13.41,13.41,13.41,13.41,100.0
2019-03-27 14:40:00,13.41,13.42,13.41,13.41,27300.0
2019-03-27 14:41:00,13.42,13.5,13.4,13.4,13568.0
2019-03-27 14:42:00,13.44,13.45,13.4,13.42,54430.0
2019-03-27 14:43:00,13.45,13.45,13.4,13.41,115400.0
2019-03-27 14:44:00,13.45,13.5,13.4,13.5,54838.0
2019-03-27 14:46:00,13.47,13.47,13.435,13.435,1200.0
2019-03-27 14:48:00,13.435,13.47,13.4,13.47,14962.0
2019-03-27 14:49:00,13.46,13.47,13.45,13.47,1800.0
2019-03-27 14:50:00,13.45,13.47,13.45,13.47,600.0
2019-03-27 14:51:00,13.445,13.445,13.445,13.445,100.0
2019-03-27 14:52:00,13.45,13.6,13.445,13.49,38406.0
2019-03-27 14:53:00,13.49,13.71,13.48,13.48,19027.0
2019-03-27 14:54:00,13.48,13.5,13.4,13.45,17120.0
2019-03-27 14:55:00,13.45,13.45,13.43,13.45,900.0
2019-03-27 14:56:00,13.45,13.46,13.43,13.44,1600.0
2019-03-27 14:57:00,13.43,13.45,13.41,13.43,5900.0
2019-03-27 14:58:00,13.43,13.45,13.43,13.45,800.0
2019-03-27 14:59:00,13.435,13.45,13.4269,13.435,2700.0
2019-03-27 15:00:00,13.435,13.435,13.435,13.435,300.0
2019-03-27 15:01:00,13.42,13.45,13.4,13.42,23900.0
2019-03-27 15:02:00,13.42,13.47,13.42,13.455,4600.0
2019-03-27 15:03:00,13.455,13.455,13.455,13.455,600.0
2019-03-27 15:04:00,13.455,13.455,13.4502,13.4502,600.0
2019-03-27 15:05:00,13.45,13.455,13.45,13.45,700.0
2019-03-27 15:06:00,13.45,13.455,13.45,13.45,500.0
2019-03-27 15:07:00,13.45,13.45,13.4,13.43,5400.0
2019-03-27 15:08:00,13.44,13.45,13.44,13.44,900.0
2019-03-27 15:10:00,13.4,13.45,13.4,13.45,7700.0
2019-03-27 15:11:00,13.45,13.52,13.44,13.44,9037.0
2019-03-27 15:12:00,13.45,13.5,13.44,13.49,46200.0
2019-03-27 15:13:00,13.4525,13.5,13.45,13.4525,4600.0
2019-03-27 15:14:00,13.46,13.48,13.46,13.48,500.0
2019-03-27 15:15:00,13.47,13.48,13.46,13.46,1200.0
2019-03-27 15:16:00,13.45,13.45,13.448,13.45,1400.0
2019-03-27 15:17:00,13.45,13.46,13.45,13.46,1300.0
2019-03-27 15:18:00,13.46,13.46,13.44,13.46,500.0
2019-03-27 15:19:00,13.45,13.46,13.44,13.46,7300.0
2019-03-27 15:20:00,13.45,13.46,13.45,13.46,5300.0
2019-03-27 15:21:00,13.45,13.46,13.45,13.46,13500.0
2019-03-27 15:22:00,13.455,13.46,13.45,13.46,3800.0
2019-03-27 15:23:00,13.45,13.46,13.45,13.46,900.0
2019-03-27 15:24:00,13.45,13.46,13.45,13.45,700.0
2019-03-27 15:25:00,13.45,13.46,13.43,13.43,1100.0
2019-03-27 15:26:00,13.445,13.46,13.445,13.46,1800.0
2019-03-27 15:27:00,13.445,13.46,13.445,13.45,1003.0
2019-03-27 15:28:00,13.43,13.46,13.43,13.45,4500.0
2019-03-27 15:29:00,13.45,13.46,13.44,13.46,6700.0
2019-03-27 15:30:00,13.445,13.46,13.445,13.445,1200.0
2019-03-27 15:31:00,13.445,13.46,13.445,13.46,2000.0
2019-03-27 15:32:00,13.46,13.46,13.445,13.46,1224.0
2019-03-27 15:33:00,13.455,13.6,13.445,13.46,62373.0
2019-03-27 15:34:00,13.445,13.46,13.445,13.46,2200.0
2019-03-27 15:35:00,13.445,13.46,13.445,13.445,2500.0
2019-03-27 15:36:00,13.445,13.46,13.445,13.445,3100.0
2019-03-27 15:37:00,13.44,13.44,13.44,13.44,300.0
2019-03-27 15:38:00,13.45,13.46,13.4444,13.445,3300.0
2019-03-27 15:39:00,13.45,13.46,13.44,13.45,3700.0
2019-03-27 15:40:00,13.445,13.46,13.44,13.45,59000.0
2019-03-27 15:41:00,13.46,13.46,13.43,13.43,6056.0
2019-03-27 15:42:00,13.44,13.54,13.44,13.44,5300.0
2019-03-27 15:43:00,13.44,13.45,13.44,13.44,6300.0
2019-03-27 15:44:00,13.44,13.6,13.44,13.45,12487.0
2019-03-27 15:45:00,13.45,13.53,13.45,13.45,5000.0
2019-03-27 15:46:00,13.45,13.575,13.45,13.45,7822.0
2019-03-27 15:47:00,13.44,13.45,13.43,13.44,4122.0
2019-03-27 15:48:00,13.45,13.45,13.44,13.44,3700.0
2019-03-27 15:49:00,13.45,13.45,13.445,13.45,4000.0
2019-03-27 15:50:00,13.45,13.45,13.445,13.445,2102.0
2019-03-27 15:51:00,13.445,13.45,13.445,13.445,4800.0
2019-03-27 15:52:00,13.45,13.45,13.445,13.45,9800.0
2019-03-27 15:53:00,13.45,13.45,13.45,13.45,4810.0
2019-03-27 15:54:00,13.45,13.45,13.44,13.44,2920.0
2019-03-27 15:55:00,13.445,13.45,13.44,13.45,7473.0
2019-03-27 15:56:00,13.45,13.65,13.45,13.45,65400.0
2019-03-27 15:57:00,13.45,13.63,13.45,13.45,10671.0
2019-03-27 15:58:00,13.465,13.475,13.44,13.44,6207.0
2019-03-27 15:59:00,13.46,13.46,13.42,13.43,7600.0
2019-03-27 16:00:00,13.43,13.52,13.4,13.4,11507.0
2019-03-28 09:31:00,13.39,13.39,13.39,13.39,1738.0
2019-03-28 09:32:00,13.39,13.39,13.39,13.39,5438.0
2019-03-28 09:33:00,13.4,13.4,13.4,13.4,1538.0
2019-03-28 09:34:00,13.39,13.39,13.39,13.39,122.0
2019-03-28 09:35:00,13.39,13.39,13.39,13.39,222.0
2019-03-28 09:37:00,13.39,13.39,13.39,13.39,200.0
2019-03-28 09:38:00,13.4,13.4,13.4,13.4,6595.0
2019-03-28 09:39:00,13.45,13.45,13.45,13.45,3745.0
2019-03-28 09:40:00,13.46,13.46,13.46,13.46,106.0
2019-03-28 09:41:00,13.46,13.46,13.46,13.46,806.0
2019-03-28 09:42:00,13.46,13.46,13.46,13.46,800.0
2019-03-28 09:43:00,13.445,13.445,13.445,13.445,1300.0
2019-03-28 09:44:00,13.46,13.46,13.46,13.46,1188.0
2019-03-28 09:45:00,13.46,13.46,13.46,13.46,100.0
2019-03-28 09:46:00,13.44,13.44,13.44,13.44,600.0
2019-03-28 09:48:00,13.48,13.48,13.48,13.48,2200.0
2019-03-28 09:49:00,13.5,13.5,13.5,13.5,2686.0
2019-03-28 09:50:00,13.53,13.53,13.53,13.53,714.0
2019-03-28 09:51:00,13.545,13.545,13.545,13.545,250.0
2019-03-28 09:52:00,13.5,13.5,13.5,13.5,50495.0
2019-03-28 09:53:00,13.59,13.59,13.59,13.59,2200.0
2019-03-28 09:54:00,13.62,13.62,13.62,13.62,400.0
2019-03-28 09:55:00,13.62,13.62,13.62,13.62,2100.0
2019-03-28 09:56:00,13.62,13.73,13.62,13.73,300.0
2019-03-28 09:57:00,13.62,13.62,13.62,13.62,702.0
2019-03-28 09:58:00,13.61,13.61,13.61,13.61,850.0
2019-03-28 09:59:00,13.62,13.6225,13.62,13.6225,300.0
2019-03-28 10:00:00,13.62,13.62,13.62,13.62,988.0
2019-03-28 10:01:00,13.62,13.62,13.62,13.62,2066.0
2019-03-28 10:02:00,13.57,13.57,13.57,13.57,200.0
2019-03-28 10:04:00,13.6,13.6,13.6,13.6,125.0
2019-03-28 10:08:00,13.58,13.58,13.58,13.58,100.0
2019-03-28 10:10:00,13.52,13.52,13.52,13.52,100.0
2019-03-28 10:11:00,13.57,13.57,13.57,13.57,2452.0
2019-03-28 10:13:00,13.6,13.61,13.6,13.6,8660.0
2019-03-28 10:14:00,13.58,13.58,13.58,13.58,400.0
2019-03-28 10:15:00,13.6,13.6,13.6,13.6,742.0
2019-03-28 10:16:00,13.58,13.58,13.58,13.58,500.0
2019-03-28 10:22:00,13.57,13.58,13.57,13.58,3829.0
2019-03-28 10:23:00,13.59,13.59,13.59,13.59,1292.0
2019-03-28 10:24:00,13.56,13.56,13.56,13.56,100.0
2019-03-28 10:27:00,13.47,13.47,13.47,13.47,1202.0
2019-03-28 10:31:00,13.49,13.49,13.49,13.49,5355.0
2019-03-28 10:34:00,13.49,13.49,13.49,13.49,100.0
2019-03-28 10:35:00,13.62,13.62,13.62,13.62,150.0
2019-03-28 10:38:00,13.62,13.62,13.62,13.62,1752.0
2019-03-28 10:40:00,13.5501,13.5501,13.5501,13.5501,1200.0
2019-03-28 10:42:00,13.55,13.55,13.55,13.55,200.0
2019-03-28 10:44:00,13.49,13.49,13.49,13.49,4796.0
2019-03-28 10:50:00,13.5,13.5,13.5,13.5,100.0
2019-03-28 10:53:00,13.52,13.52,13.52,13.52,151.0
2019-03-28 10:54:00,13.52,13.52,13.52,13.52,1804.0
2019-03-28 10:56:00,13.54,13.54,13.54,13.54,100.0
2019-03-28 10:59:00,13.58,13.58,13.58,13.58,1000.0
2019-03-28 11:00:00,13.62,13.62,13.62,13.62,700.0
2019-03-28 11:02:00,13.6,13.6,13.6,13.6,2800.0
2019-03-28 11:10:00,13.6,13.6,13.6,13.6,100.0
2019-03-28 11:12:00,13.59,13.59,13.5586,13.5586,200.0
2019-03-28 11:13:00,13.55,13.565,13.55,13.565,337.0
2019-03-28 11:14:00,13.55,13.55,13.55,13.55,100.0
2019-03-28 11:15:00,13.55,13.55,13.55,13.55,737.0
2019-03-28 11:16:00,13.55,13.55,13.55,13.55,200.0
2019-03-28 11:17:00,13.55,13.55,13.55,13.55,1000.0
2019-03-28 11:18:00,13.55,13.55,13.55,13.55,3280.0
2019-03-28 11:19:00,13.555,13.555,13.555,13.555,3659.0
2019-03-28 11:20:00,13.55,13.56,13.55,13.56,31551.0
2019-03-28 11:21:00,13.54,13.54,13.54,13.54,2530.0
2019-03-28 11:22:00,13.52,13.52,13.52,13.52,100.0
2019-03-28 11:24:00,13.52,13.52,13.5,13.5,5030.0
2019-03-28 11:25:00,13.49,13.52,13.49,13.52,200.0
2019-03-28 11:28:00,13.52,13.52,13.52,13.52,780.0
2019-03-28 11:31:00,13.495,13.495,13.495,13.495,100.0
2019-03-28 11:34:00,13.4938,13.4938,13.4938,13.4938,100.0
2019-03-28 11:36:00,13.49,13.49,13.49,13.49,1245.0
2019-03-28 11:43:00,13.4999,13.4999,13.4999,13.4999,1404.0
2019-03-28 11:57:00,13.4705,13.4705,13.4705,13.4705,100.0
2019-03-28 11:58:00,13.55,13.55,13.55,13.55,37708.0
2019-03-28 11:59:00,13.5,13.54,13.5,13.54,8008.0
2019-03-28 12:00:00,13.56,13.56,13.56,13.56,720.0
2019-03-28 12:01:00,13.55,13.55,13.55,13.55,900.0
2019-03-28 12:02:00,13.56,13.56,13.56,13.56,700.0
2019-03-28 12:07:00,13.55,13.55,13.54,13.54,600.0
2019-03-28 12:08:00,13.5499,13.55,13.5499,13.55,2200.0
2019-03-28 12:14:00,13.53,13.53,13.53,13.53,1100.0
2019-03-28 12:15:00,13.53,13.53,13.53,13.53,4000.0
2019-03-28 12:16:00,13.52,13.52,13.52,13.52,100.0
2019-03-28 12:21:00,13.5,13.5,13.5,13.5,100.0
2019-03-28 12:22:00,13.52,13.52,13.52,13.52,100.0
2019-03-28 12:24:00,13.52,13.52,13.52,13.52,700.0
2019-03-28 12:29:00,13.55,13.55,13.55,13.55,100.0
2019-03-28 12:34:00,13.55,13.55,13.55,13.55,200.0
2019-03-28 12:40:00,13.55,13.55,13.55,13.55,100.0
2019-03-28 12:42:00,13.55,13.55,13.55,13.55,130.0
2019-03-28 12:45:00,13.5499,13.5499,13.5499,13.5499,1230.0
2019-03-28 12:46:00,13.55,13.55,13.55,13.55,1700.0
2019-03-28 12:48:00,13.5399,13.5399,13.5399,13.5399,500.0
2019-03-28 12:49:00,13.54,13.54,13.54,13.54,600.0
2019-03-28 12:52:00,13.5265,13.5265,13.52,13.52,350.0
2019-03-28 12:56:00,13.5,13.56,13.49,13.56,19837.0
2019-03-28 12:57:00,13.5,13.5,13.4,13.4,11010.0
2019-03-28 12:58:00,13.4001,13.48,13.4001,13.48,2824.0
2019-03-28 13:00:00,13.49,13.5,13.49,13.49,7600.0
2019-03-28 13:01:00,13.5,13.5,13.5,13.5,400.0
2019-03-28 13:03:00,13.4298,13.4298,13.42,13.42,5900.0
2019-03-28 13:06:00,13.48,13.48,13.48,13.48,1200.0
2019-03-28 13:07:00,13.5,13.5,13.5,13.5,700.0
2019-03-28 13:08:00,13.5,13.5,13.5,13.5,920.0
2019-03-28 13:09:00,13.42,13.42,13.42,13.42,200.0
2019-03-28 13:12:00,13.49,13.5,13.49,13.5,330.0
2019-03-28 13:14:00,13.5,13.5,13.5,13.5,25530.0
2019-03-28 13:15:00,13.5,13.5,13.5,13.5,2800.0
2019-03-28 13:16:00,13.49,13.5,13.49,13.5,1500.0
2019-03-28 13:17:00,13.5,13.5,13.5,13.5,300.0
2019-03-28 13:19:00,13.5,13.5,13.5,13.5,300.0
2019-03-28 13:26:00,13.5,13.5,13.5,13.5,400.0
2019-03-28 13:32:00,13.495,13.495,13.495,13.495,100.0
2019-03-28 13:33:00,13.49,13.49,13.49,13.49,1852.0
2019-03-28 13:34:00,13.49,13.49,13.49,13.49,25400.0
2019-03-28 13:35:00,13.49,13.49,13.49,13.49,600.0
2019-03-28 13:36:00,13.48,13.48,13.48,13.48,700.0
2019-03-28 13:37:00,13.45,13.45,13.45,13.45,2140.0
2019-03-28 13:38:00,13.43,13.43,13.43,13.43,700.0
2019-03-28 13:39:00,13.45,13.45,13.45,13.45,1655.0
2019-03-28 13:46:00,13.465,13.465,13.465,13.465,201.0
2019-03-28 13:56:00,13.48,13.48,13.48,13.48,100.0
2019-03-28 13:57:00,13.48,13.48,13.48,13.48,600.0
2019-03-28 13:58:00,13.465,13.465,13.465,13.465,100.0
2019-03-28 14:01:00,13.465,13.465,13.465,13.465,300.0
2019-03-28 14:02:00,13.48,13.48,13.48,13.48,700.0
2019-03-28 14:04:00,13.45,13.45,13.45,13.45,100.0
2019-03-28 14:05:00,13.48,13.48,13.48,13.48,200.0
2019-03-28 14:07:00,13.47,13.48,13.47,13.47,4759.0
2019-03-28 14:09:00,13.48,13.48,13.48,13.48,900.0
2019-03-28 14:10:00,13.465,13.465,13.465,13.465,1000.0
2019-03-28 14:11:00,13.48,13.48,13.48,13.48,310.0
2019-03-28 14:12:00,13.465,13.465,13.465,13.465,510.0
2019-03-28 14:18:00,13.465,13.465,13.465,13.465,103.0
2019-03-28 14:19:00,13.45,13.45,13.45,13.45,203.0
2019-03-28 14:24:00,13.47,13.47,13.47,13.47,1300.0
2019-03-28 14:26:00,13.47,13.475,13.47,13.47,7023.0
2019-03-28 14:27:00,13.47,13.49,13.47,13.49,13465.0
2019-03-28 14:29:00,13.48,13.48,13.48,13.48,807.0
2019-03-28 14:30:00,13.49,13.49,13.49,13.49,1300.0
2019-03-28 14:31:00,13.48,13.5,13.48,13.5,23166.0
2019-03-28 14:34:00,13.5,13.5,13.48,13.48,200.0
2019-03-28 14:36:00,13.5,13.53,13.5,13.51,21765.0
2019-03-28 14:37:00,13.54,13.59,13.54,13.59,75192.0
2019-03-28 14:38:00,13.56,13.56,13.56,13.56,900.0
2019-03-28 14:39:00,13.56,13.57,13.56,13.57,1500.0
2019-03-28 14:40:00,13.55,13.55,13.55,13.55,600.0
2019-03-28 14:45:00,13.53,13.53,13.53,13.53,400.0
2019-03-28 14:47:00,13.52,13.52,13.52,13.52,800.0
2019-03-28 14:49:00,13.52,13.52,13.52,13.52,600.0
2019-03-28 14:50:00,13.52,13.52,13.5,13.5,3600.0
2019-03-28 14:51:00,13.485,13.485,13.4655,13.4655,2870.0
2019-03-28 14:52:00,13.451,13.451,13.451,13.451,100.0
2019-03-28 14:53:00,13.5,13.5,13.5,13.5,19100.0
2019-03-28 14:54:00,13.5,13.5,13.5,13.5,2036.0
2019-03-28 14:55:00,13.5,13.52,13.5,13.52,34294.0
2019-03-28 14:56:00,13.52,13.52,13.52,13.52,600.0
2019-03-28 14:59:00,13.515,13.52,13.515,13.52,2600.0
2019-03-28 15:00:00,13.57,13.57,13.57,13.57,904.0
2019-03-28 15:01:00,13.53,13.53,13.53,13.53,700.0
2019-03-28 15:02:00,13.525,13.525,13.525,13.525,900.0
2019-03-28 15:03:00,13.53,13.53,13.53,13.53,1100.0
2019-03-28 15:04:00,13.52,13.52,13.52,13.52,400.0
2019-03-28 15:05:00,13.52,13.52,13.52,13.52,100.0
2019-03-28 15:06:00,13.52,13.52,13.5,13.5,1700.0
2019-03-28 15:07:00,13.5,13.5,13.5,13.5,2400.0
2019-03-28 15:08:00,13.5,13.51,13.5,13.51,3359.0
2019-03-28 15:09:00,13.51,13.51,13.5,13.5,300.0
2019-03-28 15:10:00,13.5,13.51,13.5,13.51,21335.0
2019-03-28 15:11:00,13.51,13.51,13.51,13.51,4600.0
2019-03-28 15:12:00,13.51,13.515,13.51,13.515,4800.0
2019-03-28 15:13:00,13.51,13.5123,13.51,13.5123,6390.0
2019-03-28 15:14:00,13.5,13.5,13.5,13.5,10068.0
2019-03-28 15:15:00,13.5,13.5,13.5,13.5,2079.0
2019-03-28 15:16:00,13.5,13.52,13.5,13.5,4631.0
2019-03-28 15:17:00,13.5,13.5,13.5,13.5,700.0
2019-03-28 15:18:00,13.52,13.52,13.5,13.52,4300.0
2019-03-28 15:19:00,13.53,13.53,13.53,13.53,900.0
2019-03-28 15:20:00,13.52,13.52,13.52,13.52,1950.0
2019-03-28 15:21:00,13.5,13.5,13.5,13.5,900.0
2019-03-28 15:25:00,13.49,13.49,13.49,13.49,100.0
2019-03-28 15:26:00,13.5,13.5,13.5,13.5,200.0
2019-03-28 15:27:00,13.5,13.5,13.5,13.5,10203.0
2019-03-28 15:28:00,13.51,13.53,13.51,13.53,2600.0
2019-03-28 15:29:00,13.525,13.54,13.525,13.54,11600.0
2019-03-28 15:30:00,13.62,13.62,13.54,13.545,7900.0
2019-03-28 15:31:00,13.54,13.55,13.54,13.55,3500.0
2019-03-28 15:32:00,13.54,13.55,13.54,13.55,8600.0
2019-03-28 15:33:00,13.56,13.59,13.56,13.585,4928.0
2019-03-28 15:34:00,13.58,13.58,13.58,13.58,1432.0
2019-03-28 15:35:00,13.56,13.56,13.56,13.56,700.0
2019-03-28 15:36:00,13.54,13.54,13.54,13.54,5000.0
2019-03-28 15:37:00,13.55,13.55,13.55,13.55,2300.0
2019-03-28 15:38:00,13.54,13.54,13.54,13.54,800.0
2019-03-28 15:39:00,13.54,13.54,13.54,13.54,1593.0
2019-03-28 15:40:00,13.54,13.55,13.54,13.55,4474.0
2019-03-28 15:41:00,13.54,13.57,13.54,13.57,7119.0
2019-03-28 15:42:00,13.555,13.555,13.555,13.555,100.0
2019-03-28 15:43:00,13.555,13.57,13.555,13.57,9900.0
2019-03-28 15:44:00,13.57,13.57,13.57,13.57,300.0
2019-03-28 15:45:00,13.575,13.58,13.575,13.575,300.0
2019-03-28 15:46:00,13.58,13.58,13.575,13.575,1800.0
2019-03-28 15:47:00,13.57,13.57,13.57,13.57,700.0
2019-03-28 15:48:00,13.575,13.575,13.575,13.575,500.0
2019-03-28 15:49:00,13.57,13.59,13.57,13.59,2000.0
2019-03-28 15:50:00,13.58,13.59,13.56,13.58,16086.0
2019-03-28 15:51:00,13.56,13.58,13.56,13.58,4053.0
2019-03-28 15:52:00,13.59,13.59,13.59,13.59,3111.0
2019-03-28 15:54:00,13.59,13.59,13.59,13.59,300.0
2019-03-28 15:55:00,13.59,13.59,13.59,13.59,1663.0
2019-03-28 15:56:00,13.595,13.595,13.57,13.59,11157.0
2019-03-28 15:57:00,13.59,13.59,13.59,13.59,100.0
2019-03-28 15:58:00,13.595,13.6,13.59,13.59,1366.0
2019-03-28 15:59:00,13.6,13.6,13.6,13.6,2759.0
2019-03-28 16:00:00,13.605,13.605,13.59,13.59,996.0
2019-03-29 09:31:00,13.58,13.58,13.58,13.58,0.0
2019-03-29 09:32:00,13.56,13.56,13.48,13.48,0.0
2019-03-29 09:34:00,13.48,13.48,13.48,13.48,200.0
2019-03-29 09:35:00,13.48,13.48,13.48,13.48,300.0
2019-03-29 09:37:00,13.5,13.5,13.5,13.5,2900.0
2019-03-29 09:41:00,13.5,13.5,13.5,13.5,1100.0
2019-03-29 09:42:00,13.3887,13.3887,13.3887,13.3887,100.0
2019-03-29 09:45:00,13.475,13.475,13.475,13.475,200.0
2019-03-29 09:48:00,13.4579,13.4579,13.4579,13.4579,1080.0
2019-03-29 09:49:00,13.6,13.6,13.6,13.6,1280.0
2019-03-29 09:50:00,13.52,13.52,13.52,13.52,17663.0
2019-03-29 09:51:00,13.52,13.525,13.52,13.525,200.0
2019-03-29 09:52:00,13.525,13.525,13.525,13.525,900.0
2019-03-29 09:59:00,13.47,13.47,13.47,13.47,2803.0
2019-03-29 10:00:00,13.46,13.46,13.46,13.46,100.0
2019-03-29 10:01:00,13.46,13.46,13.46,13.46,303.0
2019-03-29 10:02:00,13.515,13.515,13.515,13.515,501.0
2019-03-29 10:06:00,13.35,13.35,13.35,13.35,2610.0
2019-03-29 10:07:00,13.25,13.25,13.25,13.25,1123.0
2019-03-29 10:08:00,13.35,13.35,13.35,13.35,3933.0
2019-03-29 10:11:00,13.37,13.37,13.37,13.37,109.0
2019-03-29 10:12:00,13.37,13.37,13.37,13.37,409.0
2019-03-29 10:13:00,13.37,13.37,13.37,13.37,195.0
2019-03-29 10:14:00,13.5,13.5,13.5,13.5,2616.0
2019-03-29 10:19:00,13.495,13.495,13.495,13.495,3211.0
2019-03-29 10:20:00,13.4294,13.4294,13.4294,13.4294,100.0
2019-03-29 10:21:00,13.5,13.5,13.5,13.5,100.0
2019-03-29 10:22:00,13.57,13.57,13.57,13.57,100.0
2019-03-29 10:23:00,13.5,13.5,13.5,13.5,500.0
2019-03-29 10:24:00,13.45,13.46,13.45,13.46,2340.0
2019-03-29 10:26:00,13.5,13.5,13.5,13.5,2497.0
2019-03-29 10:32:00,13.47,13.47,13.47,13.47,715.0
2019-03-29 10:34:00,13.53,13.53,13.53,13.53,200.0
2019-03-29 10:36:00,13.5069,13.5069,13.5069,13.5069,1006.0
2019-03-29 10:43:00,13.49,13.49,13.49,13.49,100.0
2019-03-29 10:46:00,13.4555,13.4555,13.4555,13.4555,100.0
2019-03-29 10:47:00,13.53,13.53,13.53,13.53,500.0
2019-03-29 10:49:00,13.54,13.54,13.54,13.54,400.0
2019-03-29 10:50:00,13.55,13.55,13.55,13.55,2784.0
2019-03-29 10:51:00,13.55,13.55,13.55,13.55,2000.0
2019-03-29 10:52:00,13.55,13.55,13.55,13.55,1200.0
2019-03-29 10:53:00,13.5,13.56,13.5,13.56,6600.0
2019-03-29 10:56:00,13.55,13.55,13.55,13.55,400.0
2019-03-29 10:57:00,13.55,13.55,13.55,13.55,2600.0
2019-03-29 10:58:00,13.55,13.55,13.55,13.55,1400.0
2019-03-29 10:59:00,13.53,13.53,13.53,13.53,900.0
2019-03-29 11:00:00,13.56,13.56,13.56,13.56,911.0
2019-03-29 11:01:00,13.55,13.55,13.55,13.55,1711.0
2019-03-29 11:02:00,13.55,13.565,13.55,13.565,14600.0
2019-03-29 11:03:00,13.6,13.6,13.6,13.6,5470.0
2019-03-29 11:07:00,13.59,13.6,13.59,13.6,6339.0
2019-03-29 11:08:00,13.6,13.6,13.6,13.6,1100.0
2019-03-29 11:11:00,13.6,13.6,13.6,13.6,600.0
2019-03-29 11:13:00,13.6,13.6,13.6,13.6,1100.0
2019-03-29 11:14:00,13.6,13.605,13.6,13.605,3500.0
2019-03-29 11:15:00,13.675,13.675,13.675,13.675,12595.0
2019-03-29 11:18:00,13.64,13.64,13.63,13.63,3845.0
2019-03-29 11:19:00,13.675,13.675,13.675,13.675,709.0
2019-03-29 11:21:00,13.67,13.67,13.67,13.67,100.0
2019-03-29 11:23:00,13.675,13.675,13.675,13.675,200.0
2019-03-29 11:26:00,13.6439,13.6439,13.6439,13.6439,7300.0
2019-03-29 11:27:00,13.68,13.68,13.68,13.68,11800.0
2019-03-29 11:30:00,13.68,13.72,13.68,13.7,14550.0
2019-03-29 11:34:00,13.69,13.69,13.69,13.69,8600.0
2019-03-29 11:35:00,13.7,13.7,13.7,13.7,217.0
2019-03-29 11:37:00,13.7,13.7,13.7,13.7,1317.0
2019-03-29 11:45:00,13.69,13.69,13.69,13.69,100.0
2019-03-29 11:48:00,13.7,13.7,13.7,13.7,200.0
2019-03-29 11:51:00,13.7,13.7,13.7,13.7,1200.0
2019-03-29 11:52:00,13.69,13.69,13.69,13.69,100.0
2019-03-29 11:55:00,13.69,13.69,13.69,13.69,200.0
2019-03-29 11:59:00,13.67,13.67,13.66,13.66,2450.0
2019-03-29 12:08:00,13.66,13.66,13.66,13.66,100.0
2019-03-29 12:10:00,13.69,13.69,13.69,13.69,400.0
2019-03-29 12:11:00,13.69,13.69,13.66,13.66,600.0
2019-03-29 12:15:00,13.66,13.66,13.66,13.66,900.0
2019-03-29 12:18:00,13.66,13.66,13.66,13.66,100.0
2019-03-29 12:20:00,13.69,13.69,13.69,13.69,200.0
2019-03-29 12:24:00,13.69,13.69,13.69,13.69,300.0
2019-03-29 12:25:00,13.72,13.72,13.72,13.72,400.0
2019-03-29 12:26:00,13.71,13.71,13.71,13.71,9650.0
2019-03-29 12:27:00,13.71,13.71,13.71,13.71,16500.0
2019-03-29 12:28:00,13.71,13.71,13.7,13.7,5600.0
2019-03-29 12:29:00,13.71,13.71,13.71,13.71,2580.0
2019-03-29 12:30:00,13.7,13.7,13.7,13.7,100.0
2019-03-29 12:32:00,13.69,13.69,13.69,13.69,859.0
2019-03-29 12:39:00,13.69,13.69,13.69,13.69,103.0
2019-03-29 12:43:00,13.69,13.69,13.69,13.69,208.0
2019-03-29 12:44:00,13.69,13.69,13.69,13.69,368.0
2019-03-29 12:47:00,13.69,13.69,13.69,13.69,2400.0
2019-03-29 12:48:00,13.67,13.67,13.67,13.67,1400.0
2019-03-29 12:52:00,13.685,13.685,13.685,13.685,400.0
2019-03-29 12:54:00,13.7,13.7,13.7,13.7,100.0
2019-03-29 12:55:00,13.685,13.685,13.685,13.685,1000.0
2019-03-29 12:59:00,13.685,13.685,13.685,13.685,100.0
2019-03-29 13:00:00,13.7,13.7,13.7,13.7,1600.0
2019-03-29 13:06:00,13.7,13.7,13.7,13.7,100.0
2019-03-29 13:08:00,13.67,13.67,13.67,13.67,325.0
2019-03-29 13:11:00,13.67,13.67,13.67,13.67,100.0
2019-03-29 13:15:00,13.67,13.67,13.67,13.67,100.0
2019-03-29 13:18:00,13.67,13.67,13.67,13.67,200.0
2019-03-29 13:20:00,13.685,13.685,13.685,13.685,200.0
2019-03-29 13:22:00,13.67,13.67,13.67,13.67,400.0
2019-03-29 13:26:00,13.7,13.7,13.7,13.7,520.0
2019-03-29 13:29:00,13.685,13.685,13.685,13.685,100.0
2019-03-29 13:30:00,13.7,13.7,13.7,13.7,700.0
2019-03-29 13:31:00,13.7,13.7,13.7,13.7,1521.0
2019-03-29 13:36:00,13.7,13.7,13.7,13.7,410.0
2019-03-29 13:38:00,13.7,13.7,13.69,13.69,1445.0
2019-03-29 13:39:00,13.7,13.7,13.7,13.7,19826.0
2019-03-29 13:41:00,13.7,13.7,13.7,13.7,33600.0
2019-03-29 13:45:00,13.7,13.7,13.7,13.7,1235.0
2019-03-29 13:49:00,13.7,13.7,13.7,13.7,100.0
2019-03-29 13:52:00,13.7,13.7,13.7,13.7,100.0
2019-03-29 13:53:00,13.72,13.72,13.72,13.72,50906.0
2019-03-29 13:54:00,13.73,13.76,13.73,13.74,6057.0
2019-03-29 13:56:00,13.72,13.75,13.72,13.75,3150.0
2019-03-29 13:57:00,13.72,13.82,13.72,13.82,3100.0
2019-03-29 13:58:00,13.74,13.83,13.72,13.83,916.0
2019-03-29 14:00:00,13.81,13.82,13.805,13.805,8040.0
2019-03-29 14:01:00,13.72,13.72,13.72,13.72,200.0
2019-03-29 14:04:00,13.81,13.81,13.81,13.81,5000.0
2019-03-29 14:07:00,13.815,13.815,13.815,13.815,19656.0
2019-03-29 14:08:00,13.785,13.785,13.785,13.785,400.0
2019-03-29 14:09:00,13.785,13.785,13.785,13.785,800.0
2019-03-29 14:10:00,13.78,13.78,13.78,13.78,300.0
2019-03-29 14:13:00,13.78,13.78,13.78,13.78,100.0
2019-03-29 14:15:00,13.78,13.78,13.78,13.78,800.0
2019-03-29 14:17:00,13.78,13.78,13.78,13.78,100.0
2019-03-29 14:19:00,13.78,13.78,13.78,13.78,360.0
2019-03-29 14:20:00,13.78,13.78,13.78,13.78,3900.0
2019-03-29 14:22:00,13.78,13.78,13.78,13.78,100.0
2019-03-29 14:24:00,13.775,13.775,13.775,13.775,100.0
2019-03-29 14:26:00,13.7744,13.7744,13.7744,13.7744,151.0
2019-03-29 14:28:00,13.775,13.775,13.775,13.775,500.0
2019-03-29 14:31:00,13.775,13.775,13.775,13.775,100.0
2019-03-29 14:34:00,13.775,13.775,13.775,13.775,300.0
2019-03-29 14:35:00,13.775,13.78,13.775,13.78,13400.0
2019-03-29 14:36:00,13.775,13.775,13.775,13.775,837.0
2019-03-29 14:37:00,13.78,13.78,13.78,13.78,100.0
2019-03-29 14:38:00,13.78,13.78,13.78,13.78,300.0
2019-03-29 14:39:00,13.7999,13.7999,13.78,13.78,400.0
2019-03-29 14:40:00,13.79,13.79,13.79,13.79,1800.0
2019-03-29 14:41:00,13.79,13.79,13.79,13.79,1624.0
2019-03-29 14:42:00,13.79,13.79,13.775,13.775,300.0
2019-03-29 14:44:00,13.78,13.78,13.78,13.78,51000.0
2019-03-29 14:45:00,13.79,13.79,13.775,13.775,500.0
2019-03-29 14:48:00,13.79,13.79,13.79,13.79,1045.0
2019-03-29 14:49:00,13.79,13.7999,13.79,13.79,700.0
2019-03-29 14:52:00,13.78,13.79,13.78,13.79,4425.0
2019-03-29 14:53:00,13.79,13.79,13.79,13.79,3700.0
2019-03-29 14:54:00,13.79,13.79,13.79,13.79,400.0
2019-03-29 14:58:00,13.8,13.8,13.8,13.8,200.0
2019-03-29 14:59:00,13.8,13.8,13.8,13.8,800.0
2019-03-29 15:03:00,13.79,13.79,13.79,13.79,1000.0
2019-03-29 15:04:00,13.79,13.79,13.79,13.79,5300.0
2019-03-29 15:05:00,13.79,13.79,13.79,13.79,1001.0
2019-03-29 15:06:00,13.79,13.79,13.79,13.79,300.0
2019-03-29 15:07:00,13.79,13.79,13.79,13.79,200.0
2019-03-29 15:08:00,13.8,13.8,13.8,13.8,600.0
2019-03-29 15:09:00,13.79,13.79,13.79,13.79,100.0
2019-03-29 15:10:00,13.79,13.79,13.79,13.79,300.0
2019-03-29 15:11:00,13.79,13.79,13.79,13.79,400.0
2019-03-29 15:12:00,13.79,13.79,13.79,13.79,200.0
2019-03-29 15:13:00,13.8,13.8,13.8,13.8,300.0
2019-03-29 15:16:00,13.79,13.79,13.79,13.79,200.0
2019-03-29 15:17:00,13.79,13.79,13.79,13.79,2000.0
2019-03-29 15:18:00,13.79,13.79,13.79,13.79,600.0
2019-03-29 15:20:00,13.79,13.79,13.79,13.79,400.0
2019-03-29 15:22:00,13.78,13.78,13.78,13.78,500.0
2019-03-29 15:24:00,13.79,13.79,13.79,13.79,683.0
2019-03-29 15:25:00,13.79,13.79,13.79,13.79,1683.0
2019-03-29 15:26:00,13.78,13.78,13.78,13.78,500.0
2019-03-29 15:27:00,13.79,13.79,13.79,13.79,1300.0
2019-03-29 15:29:00,13.795,13.795,13.795,13.795,1200.0
2019-03-29 15:31:00,13.795,13.795,13.795,13.795,500.0
2019-03-29 15:32:00,13.795,13.795,13.795,13.795,650.0
2019-03-29 15:34:00,13.795,13.795,13.795,13.795,200.0
2019-03-29 15:35:00,13.795,13.795,13.795,13.795,360.0
2019-03-29 15:36:00,13.79,13.79,13.79,13.79,860.0
2019-03-29 15:37:00,13.79,13.793,13.79,13.793,392.0
2019-03-29 15:38:00,13.79,13.795,13.79,13.79,16680.0
2019-03-29 15:40:00,13.78,13.78,13.78,13.78,500.0
2019-03-29 15:41:00,13.785,13.785,13.785,13.785,400.0
2019-03-29 15:42:00,13.78,13.78,13.78,13.78,600.0
2019-03-29 15:44:00,13.78,13.78,13.78,13.78,1201.0
2019-03-29 15:45:00,13.78,13.78,13.75,13.75,35339.0
2019-03-29 15:46:00,13.72,13.72,13.71,13.71,7000.0
2019-03-29 15:47:00,13.72,13.72,13.72,13.72,3400.0
2019-03-29 15:48:00,13.7,13.72,13.7,13.7,57680.0
2019-03-29 15:49:00,13.68,13.7,13.68,13.68,500.0
2019-03-29 15:50:00,13.68,13.68,13.68,13.68,6859.0
2019-03-29 15:51:00,13.61,13.61,13.61,13.61,8300.0
2019-03-29 15:52:00,13.48,13.55,13.48,13.55,3710.0
2019-03-29 15:53:00,13.65,13.65,13.65,13.65,1958.0
2019-03-29 15:54:00,13.7,13.7,13.7,13.7,900.0
2019-03-29 15:55:00,13.57,13.57,13.57,13.57,600.0
2019-03-29 15:56:00,13.63,13.63,13.63,13.63,3438.0
2019-03-29 15:57:00,13.63,13.63,13.63,13.63,338.0
2019-03-29 15:58:00,13.64,13.64,13.635,13.635,6338.0
2019-03-29 15:59:00,13.62,13.62,13.61,13.61,4608.0
2019-03-29 16:00:00,13.6,13.64,13.56,13.56,23489.0
2019-04-01 09:31:00,13.79,13.79,13.79,13.79,547.0
2019-04-01 09:37:00,13.75,13.75,13.7254,13.7254,1700.0
2019-04-01 09:57:00,13.75,13.75,13.75,13.75,100.0
2019-04-01 09:58:00,13.75,13.75,13.75,13.75,300.0
2019-04-01 10:03:00,13.64,13.64,13.64,13.64,130.0
2019-04-01 10:29:00,13.59,13.59,13.59,13.59,123.0
2019-04-01 10:40:00,13.61,13.61,13.61,13.61,380.0
2019-04-01 10:48:00,13.7,13.7,13.7,13.7,1400.0
2019-04-01 10:52:00,13.6877,13.6877,13.6877,13.6877,301.0
2019-04-01 11:04:00,13.7,13.7,13.7,13.7,674.0
2019-04-01 11:26:00,13.665,13.665,13.665,13.665,759.0
2019-04-01 11:53:00,13.695,13.695,13.695,13.695,500.0
2019-04-01 11:54:00,13.735,13.735,13.735,13.735,1300.0
2019-04-01 11:58:00,13.735,13.74,13.685,13.74,6100.0
2019-04-01 12:10:00,13.655,13.655,13.655,13.655,700.0
2019-04-01 12:15:00,13.6,13.6,13.6,13.6,1918.0
2019-04-01 12:24:00,13.6,13.6,13.6,13.6,200.0
2019-04-01 12:30:00,13.6,13.6,13.6,13.6,100.0
2019-04-01 12:37:00,13.6,13.6,13.6,13.6,100.0
2019-04-01 12:38:00,13.69,13.69,13.69,13.69,6477.0
2019-04-01 12:39:00,13.7,13.7,13.7,13.7,900.0
2019-04-01 12:41:00,13.66,13.66,13.66,13.66,900.0
2019-04-01 12:44:00,13.69,13.69,13.69,13.69,226.0
2019-04-01 12:47:00,13.69,13.69,13.69,13.69,120.0
2019-04-01 12:50:00,13.66,13.66,13.66,13.66,700.0
2019-04-01 12:53:00,13.64,13.64,13.64,13.64,206.0
2019-04-01 13:14:00,13.689,13.689,13.689,13.689,100.0
2019-04-01 13:18:00,13.6546,13.665,13.6546,13.665,739.0
2019-04-01 13:32:00,13.665,13.665,13.665,13.665,1500.0
2019-04-01 13:48:00,13.665,13.665,13.665,13.665,600.0
2019-04-01 13:49:00,13.665,13.665,13.665,13.665,1100.0
2019-04-01 13:50:00,13.665,13.665,13.665,13.665,285.0
2019-04-01 13:51:00,13.64,13.64,13.64,13.64,100.0
2019-04-01 14:00:00,13.665,13.665,13.665,13.665,500.0
2019-04-01 14:03:00,13.67,13.67,13.67,13.67,800.0
2019-04-01 14:07:00,13.64,13.64,13.64,13.64,100.0
2019-04-01 14:11:00,13.72,13.72,13.72,13.72,1300.0
2019-04-01 14:12:00,13.71,13.71,13.71,13.71,620.0
2019-04-01 14:15:00,13.7,13.72,13.7,13.72,1895.0
2019-04-01 14:21:00,13.68,13.68,13.64,13.64,1500.0
2019-04-01 14:25:00,13.65,13.75,13.65,13.705,18500.0
2019-04-01 14:26:00,13.655,13.655,13.655,13.655,1500.0
2019-04-01 14:29:00,13.65,13.65,13.65,13.65,400.0
2019-04-01 14:31:00,13.655,13.655,13.655,13.655,100.0
2019-04-01 14:34:00,13.645,13.645,13.645,13.645,200.0
2019-04-01 14:39:00,13.655,13.655,13.655,13.655,1000.0
2019-04-01 14:40:00,13.655,13.655,13.655,13.655,902.0
2019-04-01 14:44:00,13.655,13.655,13.655,13.655,400.0
2019-04-01 14:46:00,13.5425,13.5425,13.5425,13.5425,100.0
2019-04-01 14:49:00,13.655,13.655,13.655,13.655,100.0
2019-04-01 14:52:00,13.65,13.65,13.65,13.65,200.0
2019-04-01 14:54:00,13.655,13.655,13.655,13.655,200.0
2019-04-01 14:55:00,13.65,13.65,13.65,13.65,500.0
2019-04-01 14:57:00,13.65,13.65,13.65,13.65,100.0
2019-04-01 14:59:00,13.695,13.695,13.695,13.695,200.0
2019-04-01 15:01:00,13.6,13.6,13.6,13.6,900.0
2019-04-01 15:07:00,13.6,13.685,13.6,13.685,1732.0
2019-04-01 15:08:00,13.66,13.66,13.66,13.66,3754.0
2019-04-01 15:10:00,13.67,13.67,13.67,13.67,628.0
2019-04-01 15:11:00,13.67,13.67,13.67,13.67,100.0
2019-04-01 15:12:00,13.67,13.67,13.67,13.67,250.0
2019-04-01 15:13:00,13.665,13.665,13.665,13.665,395.0
2019-04-01 15:15:00,13.665,13.665,13.665,13.665,1772.0
2019-04-01 15:17:00,13.665,13.665,13.645,13.645,1390.0
2019-04-01 15:24:00,13.645,13.645,13.645,13.645,300.0
2019-04-01 15:25:00,13.62,13.62,13.62,13.62,290.0
2019-04-01 15:30:00,13.645,13.645,13.645,13.645,405.0
2019-04-01 15:34:00,13.64,13.64,13.63,13.63,298.0
2019-04-01 15:36:00,13.64,13.64,13.64,13.64,605.0
2019-04-01 15:39:00,13.635,13.635,13.635,13.635,695.0
2019-04-01 15:40:00,13.59,13.59,13.585,13.585,3258.0
2019-04-01 15:42:00,13.6,13.6,13.6,13.6,305.0
2019-04-01 15:44:00,13.585,13.585,13.585,13.585,500.0
2019-04-01 15:45:00,13.6,13.6,13.6,13.6,200.0
2019-04-01 15:47:00,13.6025,13.6025,13.6025,13.6025,200.0
2019-04-01 15:48:00,13.6,13.6,13.6,13.6,200.0
2019-04-01 15:49:00,13.655,13.655,13.655,13.655,400.0
2019-04-01 15:51:00,13.665,13.665,13.665,13.665,105.0
2019-04-01 15:52:00,13.665,13.665,13.665,13.665,100.0
2019-04-01 15:53:00,13.665,13.665,13.665,13.665,300.0
2019-04-01 15:54:00,13.57,13.57,13.57,13.57,1400.0
2019-04-01 15:56:00,13.57,13.57,13.57,13.57,300.0
2019-04-01 15:57:00,13.55,13.55,13.55,13.55,2200.0
2019-04-01 15:58:00,13.57,13.57,13.56,13.56,4250.0
2019-04-01 15:59:00,13.57,13.57,13.57,13.57,1065.0
2019-04-01 16:00:00,13.57,13.57,13.56,13.56,6011.0
2019-04-02 09:31:00,13.54,13.54,13.54,13.54,0.0
2019-04-02 09:33:00,13.49,13.49,13.49,13.49,174.0
2019-04-02 09:35:00,13.6,13.6,13.6,13.6,101.0
2019-04-02 09:37:00,13.49,13.55,13.49,13.55,2775.0
2019-04-02 09:39:00,13.5,13.54,13.4247,13.49,3291.0
2019-04-02 09:43:00,13.49,13.49,13.49,13.49,100.0
2019-04-02 09:45:00,13.49,13.49,13.49,13.49,100.0
2019-04-02 09:52:00,13.4,13.4,13.4,13.4,236.0
2019-04-02 09:56:00,13.49,13.49,13.49,13.49,220.0
2019-04-02 10:03:00,13.47,13.47,13.47,13.47,100.0
2019-04-02 10:08:00,13.4,13.4,13.4,13.4,100.0
2019-04-02 10:28:00,13.4,13.45,13.4,13.45,600.0
2019-04-02 10:29:00,13.375,13.375,13.375,13.375,100.0
2019-04-02 10:30:00,13.43,13.43,13.43,13.43,100.0
2019-04-02 10:42:00,13.3469,13.4,13.3469,13.4,962.0
2019-04-02 10:46:00,13.355,13.39,13.35,13.35,2010.0
2019-04-02 10:47:00,13.329,13.35,13.3,13.35,5957.0
2019-04-02 10:48:00,13.31,13.31,13.31,13.31,649.0
2019-04-02 10:49:00,13.34,13.34,13.34,13.34,100.0
2019-04-02 10:51:00,13.35,13.35,13.32,13.32,600.0
2019-04-02 10:52:00,13.35,13.35,13.32,13.32,900.0
2019-04-02 10:54:00,13.34,13.34,13.315,13.315,800.0
2019-04-02 11:01:00,13.34,13.34,13.34,13.34,100.0
2019-04-02 11:03:00,13.34,13.34,13.34,13.34,416.0
2019-04-02 11:06:00,13.29,13.33,13.2358,13.265,2955.0
2019-04-02 11:07:00,13.315,13.315,13.3,13.3,600.0
2019-04-02 11:11:00,13.22,13.28,13.22,13.28,300.0
2019-04-02 11:12:00,13.28,13.28,13.28,13.28,100.0
2019-04-02 11:13:00,13.25,13.25,13.17,13.17,1196.0
2019-04-02 11:14:00,13.18,13.24,13.18,13.2,5800.0
2019-04-02 11:15:00,13.24,13.24,13.235,13.24,2100.0
2019-04-02 11:16:00,13.23,13.24,13.23,13.23,3447.0
2019-04-02 11:17:00,13.23,13.235,13.23,13.23,849.0
2019-04-02 11:18:00,13.23,13.24,13.23,13.24,1276.0
2019-04-02 11:19:00,13.23,13.315,13.23,13.23,601.0
2019-04-02 11:20:00,13.38,13.4,13.315,13.315,3200.0
2019-04-02 11:21:00,13.315,13.35,13.315,13.35,500.0
2019-04-02 11:22:00,13.315,13.46,13.315,13.43,9506.0
2019-04-02 11:23:00,13.425,13.425,13.425,13.425,100.0
2019-04-02 11:24:00,13.45,13.5,13.4,13.48,47018.0
2019-04-02 11:25:00,13.41,13.415,13.4,13.41,1000.0
2019-04-02 11:26:00,13.48,13.48,13.48,13.48,100.0
2019-04-02 11:27:00,13.445,13.445,13.4,13.4,400.0
2019-04-02 11:30:00,13.4225,13.4225,13.4225,13.4225,100.0
2019-04-02 11:31:00,13.445,13.4675,13.445,13.4675,443.0
2019-04-02 11:32:00,13.4,13.4,13.375,13.375,1500.0
2019-04-02 11:33:00,13.405,13.405,13.3463,13.3463,900.0
2019-04-02 11:34:00,13.4,13.4,13.38,13.38,500.0
2019-04-02 11:35:00,13.38,13.38,13.3005,13.3005,700.0
2019-04-02 11:36:00,13.33,13.34,13.33,13.34,700.0
2019-04-02 11:41:00,13.35,13.35,13.35,13.35,100.0
2019-04-02 11:43:00,13.405,13.405,13.35,13.35,400.0
2019-04-02 11:45:00,13.405,13.405,13.405,13.405,201.0
2019-04-02 11:51:00,13.38,13.38,13.38,13.38,100.0
2019-04-02 11:53:00,13.41,13.41,13.38,13.4,1200.0
2019-04-02 11:54:00,13.38,13.38,13.38,13.38,100.0
2019-04-02 11:56:00,13.38,13.38,13.38,13.38,200.0
2019-04-02 12:02:00,13.38,13.38,13.38,13.38,200.0
2019-04-02 12:08:00,13.395,13.405,13.395,13.405,1000.0
2019-04-02 12:12:00,13.395,13.41,13.395,13.41,600.0
2019-04-02 12:13:00,13.405,13.405,13.405,13.405,139.0
2019-04-02 12:21:00,13.41,13.41,13.41,13.41,161.0
2019-04-02 12:23:00,13.38,13.38,13.38,13.38,800.0
2019-04-02 12:24:00,13.395,13.395,13.395,13.395,100.0
2019-04-02 12:27:00,13.395,13.395,13.395,13.395,900.0
2019-04-02 12:28:00,13.405,13.405,13.405,13.405,200.0
2019-04-02 12:31:00,13.38,13.38,13.38,13.38,1108.0
2019-04-02 12:46:00,13.395,13.395,13.395,13.395,100.0
2019-04-02 12:53:00,13.38,13.38,13.38,13.38,200.0
2019-04-02 12:54:00,13.38,13.38,13.38,13.38,437.0
2019-04-02 12:57:00,13.38,13.38,13.38,13.38,100.0
2019-04-02 12:59:00,13.385,13.49,13.385,13.43,24700.0
2019-04-02 13:00:00,13.43,13.43,13.4,13.42,2223.0
2019-04-02 13:01:00,13.39,13.41,13.335,13.38,19137.0
2019-04-02 13:06:00,13.34,13.34,13.34,13.34,200.0
2019-04-02 13:08:00,13.34,13.34,13.34,13.34,203.0
2019-04-02 13:09:00,13.32,13.34,13.3,13.32,63400.0
2019-04-02 13:10:00,13.34,13.34,13.32,13.32,20819.0
2019-04-02 13:11:00,13.3,13.32,13.28,13.3,12618.0
2019-04-02 13:12:00,13.32,13.32,13.32,13.32,400.0
2019-04-02 13:13:00,13.3,13.315,13.25,13.31,16074.0
2019-04-02 13:14:00,13.2793,13.2793,13.2793,13.2793,100.0
2019-04-02 13:18:00,13.32,13.32,13.32,13.32,200.0
2019-04-02 13:19:00,13.2793,13.2793,13.2793,13.2793,100.0
2019-04-02 13:20:00,13.33,13.33,13.33,13.33,300.0
2019-04-02 13:21:00,13.34,13.34,13.2893,13.2893,381.0
2019-04-02 13:22:00,13.34,13.34,13.34,13.34,119.0
2019-04-02 13:23:00,13.32,13.34,13.32,13.34,1180.0
2019-04-02 13:24:00,13.34,13.34,13.34,13.34,300.0
2019-04-02 13:26:00,13.3062,13.3062,13.3062,13.3062,300.0
2019-04-02 13:27:00,13.34,13.34,13.34,13.34,300.0
2019-04-02 13:29:00,13.32,13.32,13.32,13.32,3120.0
2019-04-02 13:31:00,13.34,13.34,13.34,13.34,8980.0
2019-04-02 13:32:00,13.34,13.44,13.34,13.4,7863.0
2019-04-02 13:34:00,13.415,13.415,13.3708,13.3708,400.0
2019-04-02 13:35:00,13.415,13.415,13.3708,13.3708,200.0
2019-04-02 13:38:00,13.415,13.43,13.375,13.375,1100.0
2019-04-02 13:41:00,13.39,13.41,13.39,13.4,1023.0
2019-04-02 13:42:00,13.405,13.415,13.405,13.405,400.0
2019-04-02 13:43:00,13.42,13.425,13.4125,13.4125,1300.0
2019-04-02 13:45:00,13.4,13.4125,13.4,13.4125,1141.0
2019-04-02 13:46:00,13.43,13.43,13.43,13.43,300.0
2019-04-02 13:48:00,13.4,13.4,13.4,13.4,300.0
2019-04-02 13:49:00,13.4,13.43,13.4,13.43,900.0
2019-04-02 13:51:00,13.425,13.425,13.425,13.425,200.0
2019-04-02 13:53:00,13.425,13.46,13.425,13.46,4500.0
2019-04-02 13:55:00,13.46,13.46,13.46,13.46,200.0
2019-04-02 13:58:00,13.455,13.455,13.455,13.455,202.0
2019-04-02 14:00:00,13.46,13.46,13.46,13.46,100.0
2019-04-02 14:01:00,13.425,13.46,13.425,13.46,1300.0
2019-04-02 14:02:00,13.425,13.425,13.425,13.425,200.0
2019-04-02 14:04:00,13.46,13.46,13.46,13.46,200.0
2019-04-02 14:05:00,13.45,13.48,13.4,13.4,50700.0
2019-04-02 14:06:00,13.47,13.47,13.47,13.47,200.0
2019-04-02 14:08:00,13.45,13.45,13.42,13.42,700.0
2019-04-02 14:09:00,13.44,13.44,13.44,13.44,300.0
2019-04-02 14:10:00,13.48,13.48,13.475,13.475,200.0
2019-04-02 14:11:00,13.5,13.5,13.42,13.42,200.0
2019-04-02 14:13:00,13.455,13.5,13.455,13.495,825.0
2019-04-02 14:16:00,13.5,13.5,13.5,13.5,200.0
2019-04-02 14:17:00,13.455,13.455,13.455,13.455,100.0
2019-04-02 14:20:00,13.455,13.455,13.455,13.455,100.0
2019-04-02 14:21:00,13.48,13.48,13.48,13.48,400.0
2019-04-02 14:22:00,13.5,13.5,13.5,13.5,400.0
2019-04-02 14:23:00,13.5,13.5,13.44,13.445,420.0
2019-04-02 14:26:00,13.5,13.5,13.4586,13.5,400.0
2019-04-02 14:28:00,13.5,13.5,13.5,13.5,100.0
2019-04-02 14:29:00,13.45,13.5,13.45,13.5,200.0
2019-04-02 14:30:00,13.5,13.5,13.5,13.5,200.0
2019-04-02 14:32:00,13.5,13.5,13.5,13.5,200.0
2019-04-02 14:33:00,13.5,13.5,13.47,13.5,3947.0
2019-04-02 14:34:00,13.5,13.5,13.5,13.5,100.0
2019-04-02 14:36:00,13.44,13.5,13.44,13.47,1400.0
2019-04-02 14:37:00,13.47,13.47,13.44,13.47,300.0
2019-04-02 14:38:00,13.47,13.5,13.47,13.5,500.0
2019-04-02 14:39:00,13.47,13.47,13.47,13.47,300.0
2019-04-02 14:40:00,13.47,13.5,13.47,13.47,400.0
2019-04-02 14:41:00,13.47,13.48,13.47,13.48,300.0
2019-04-02 14:42:00,13.49,13.49,13.48,13.49,1955.0
2019-04-02 14:43:00,13.49,13.5,13.49,13.5,300.0
2019-04-02 14:44:00,13.5,13.5,13.49,13.5,900.0
2019-04-02 14:45:00,13.49,13.5,13.49,13.5,3695.0
2019-04-02 14:46:00,13.5,13.5,13.5,13.5,100.0
2019-04-02 14:47:00,13.5,13.5,13.5,13.5,300.0
2019-04-02 14:48:00,13.5,13.5,13.5,13.5,50749.0
2019-04-02 14:49:00,13.5,13.5,13.4915,13.5,600.0
2019-04-02 14:50:00,13.52,13.53,13.5,13.5225,1476.0
2019-04-02 14:51:00,13.54,13.6,13.5231,13.54,5696.0
2019-04-02 14:52:00,13.585,13.61,13.585,13.6,1794.0
2019-04-02 14:53:00,13.6,13.605,13.6,13.605,400.0
2019-04-02 14:54:00,13.61,13.61,13.6075,13.6075,200.0
2019-04-02 14:55:00,13.605,13.605,13.6,13.6,2100.0
2019-04-02 14:56:00,13.605,13.605,13.605,13.605,700.0
2019-04-02 14:57:00,13.6,13.61,13.6,13.61,600.0
2019-04-02 14:59:00,13.65,13.65,13.65,13.65,100.0
2019-04-02 15:02:00,13.65,13.65,13.62,13.62,400.0
2019-04-02 15:03:00,13.611,13.611,13.611,13.611,200.0
2019-04-02 15:06:00,13.65,13.65,13.63,13.63,400.0
2019-04-02 15:07:00,13.63,13.63,13.63,13.63,100.0
2019-04-02 15:08:00,13.64,13.64,13.63,13.63,600.0
2019-04-02 15:09:00,13.64,13.65,13.64,13.64,600.0
2019-04-02 15:10:00,13.65,13.66,13.65,13.65,1062.0
2019-04-02 15:11:00,13.66,13.66,13.655,13.655,200.0
2019-04-02 15:12:00,13.655,13.655,13.655,13.655,400.0
2019-04-02 15:13:00,13.655,13.66,13.655,13.655,400.0
2019-04-02 15:16:00,13.66,13.66,13.66,13.66,100.0
2019-04-02 15:17:00,13.65,13.65,13.65,13.65,300.0
2019-04-02 15:18:00,13.65,13.65,13.64,13.64,3396.0
2019-04-02 15:19:00,13.63,13.63,13.6,13.6,4153.0
2019-04-02 15:22:00,13.6,13.6,13.6,13.6,600.0
2019-04-02 15:23:00,13.62,13.62,13.62,13.62,102.0
2019-04-02 15:25:00,13.6,13.6,13.6,13.6,100.0
2019-04-02 15:26:00,13.62,13.62,13.591,13.591,500.0
2019-04-02 15:27:00,13.62,13.62,13.6,13.6,500.0
2019-04-02 15:28:00,13.605,13.71,13.6,13.64,17000.0
2019-04-02 15:29:00,13.6,13.6,13.55,13.59,4730.0
2019-04-02 15:30:00,13.59,13.6,13.58,13.58,6259.0
2019-04-02 15:31:00,13.58,13.6,13.55,13.55,4839.0
2019-04-02 15:32:00,13.5431,13.5431,13.4139,13.485,1766.0
2019-04-02 15:33:00,13.4208,13.475,13.41,13.41,10930.0
2019-04-02 15:34:00,13.39,13.49,13.39,13.45,1760.0
2019-04-02 15:35:00,13.45,13.46,13.43,13.43,1249.0
2019-04-02 15:36:00,13.44,13.53,13.44,13.53,3370.0
2019-04-02 15:37:00,13.54,13.6,13.535,13.55,8455.0
2019-04-02 15:38:00,13.575,13.5798,13.53,13.53,2220.0
2019-04-02 15:39:00,13.54,13.55,13.54,13.55,700.0
2019-04-02 15:40:00,13.54,13.54,13.53,13.53,2080.0
2019-04-02 15:41:00,13.55,13.55,13.55,13.55,100.0
2019-04-02 15:42:00,13.55,13.55,13.53,13.53,200.0
2019-04-02 15:43:00,13.53,13.55,13.53,13.53,1400.0
2019-04-02 15:44:00,13.53,13.53,13.53,13.53,300.0
2019-04-02 15:45:00,13.53,13.55,13.53,13.53,1030.0
2019-04-02 15:46:00,13.53,13.53,13.53,13.53,200.0
2019-04-02 15:47:00,13.53,13.53,13.53,13.53,300.0
2019-04-02 15:48:00,13.55,13.55,13.53,13.53,400.0
2019-04-02 15:49:00,13.53,13.55,13.53,13.55,400.0
2019-04-02 15:50:00,13.53,13.53,13.53,13.53,304.0
2019-04-02 15:51:00,13.57,13.57,13.49,13.53,2346.0
2019-04-02 15:52:00,13.49,13.51,13.49,13.51,300.0
2019-04-02 15:53:00,13.49,13.53,13.49,13.53,200.0
2019-04-02 15:54:00,13.49,13.51,13.49,13.51,300.0
2019-04-02 15:55:00,13.49,13.49,13.49,13.49,351.0
2019-04-02 15:56:00,13.51,13.51,13.49,13.49,457.0
2019-04-02 15:57:00,13.51,13.53,13.5,13.5,1534.0
2019-04-02 15:58:00,13.51,13.51,13.51,13.51,1000.0
2019-04-02 15:59:00,13.51,13.53,13.5,13.51,1667.0
2019-04-02 16:00:00,13.49,13.53,13.49,13.53,12828.0
2019-04-03 09:31:00,13.64,13.64,13.64,13.64,0.0
2019-04-03 09:32:00,13.73,13.73,13.73,13.73,100.0
2019-04-03 09:35:00,13.6,13.6,13.6,13.6,100.0
2019-04-03 09:49:00,13.66,13.66,13.66,13.66,600.0
2019-04-03 09:54:00,13.61,13.61,13.61,13.61,100.0
2019-04-03 09:58:00,13.7199,13.7199,13.66,13.66,500.0
2019-04-03 10:00:00,13.61,13.61,13.61,13.61,230.0
2019-04-03 10:11:00,13.61,13.61,13.56,13.6,2683.0
2019-04-03 10:12:00,13.6,13.6,13.6,13.6,100.0
2019-04-03 10:13:00,13.58,13.58,13.58,13.58,100.0
2019-04-03 10:15:00,13.56,13.56,13.56,13.56,200.0
2019-04-03 10:41:00,13.6,13.6,13.56,13.56,300.0
2019-04-03 10:43:00,13.59,13.59,13.59,13.59,150.0
2019-04-03 10:47:00,13.56,13.56,13.56,13.56,100.0
2019-04-03 10:53:00,13.6,13.6,13.6,13.6,600.0
2019-04-03 11:01:00,13.6,13.6,13.6,13.6,100.0
2019-04-03 11:03:00,13.56,13.56,13.56,13.56,100.0
2019-04-03 11:04:00,13.56,13.6,13.56,13.6,2894.0
2019-04-03 11:05:00,13.6,13.6,13.6,13.6,513.0
2019-04-03 11:06:00,13.57,13.57,13.57,13.57,100.0
2019-04-03 11:14:00,13.57,13.6,13.57,13.57,5808.0
2019-04-03 11:16:00,13.6,13.6,13.54,13.6,3425.0
2019-04-03 11:18:00,13.6,13.6,13.6,13.6,100.0
2019-04-03 11:19:00,13.6,13.6,13.6,13.6,200.0
2019-04-03 11:20:00,13.5577,13.5577,13.5577,13.5577,100.0
2019-04-03 11:21:00,13.6,13.6,13.6,13.6,594.0
2019-04-03 11:25:00,13.59,13.6,13.59,13.6,1200.0
2019-04-03 11:27:00,13.6,13.6,13.6,13.6,226.0
2019-04-03 11:30:00,13.6,13.6,13.6,13.6,50001.0
2019-04-03 11:34:00,13.6,13.6,13.6,13.6,600.0
2019-04-03 11:35:00,13.6,13.6,13.56,13.57,29025.0
2019-04-03 11:37:00,13.6,13.6,13.59,13.6,25140.0
2019-04-03 11:38:00,13.5901,13.6,13.5901,13.6,19600.0
2019-04-03 11:39:00,13.645,13.69,13.6,13.645,54369.0
2019-04-03 11:40:00,13.65,13.655,13.6,13.6,6139.0
2019-04-03 11:41:00,13.61,13.61,13.6,13.6,651.0
2019-04-03 11:43:00,13.59,13.59,13.59,13.59,529.0
2019-04-03 11:49:00,13.6,13.6,13.6,13.6,100.0
2019-04-03 11:50:00,13.6,13.6,13.6,13.6,100.0
2019-04-03 11:52:00,13.6,13.6,13.6,13.6,200.0
2019-04-03 11:53:00,13.6,13.6,13.6,13.6,16500.0
2019-04-03 11:54:00,13.6,13.6,13.6,13.6,100.0
2019-04-03 11:56:00,13.6,13.6,13.6,13.6,100.0
2019-04-03 11:57:00,13.6,13.6,13.6,13.6,200.0
2019-04-03 11:58:00,13.6,13.6,13.6,13.6,5447.0
2019-04-03 11:59:00,13.6,13.6,13.6,13.6,700.0
2019-04-03 12:00:00,13.6,13.6,13.6,13.6,621.0
2019-04-03 12:01:00,13.6,13.6,13.6,13.6,12100.0
2019-04-03 12:02:00,13.6,13.6,13.6,13.6,400.0
2019-04-03 12:03:00,13.6,13.6,13.6,13.6,100.0
2019-04-03 12:05:00,13.6,13.6,13.6,13.6,200.0
2019-04-03 12:07:00,13.6,13.6,13.6,13.6,200.0
2019-04-03 12:09:00,13.6,13.6,13.6,13.6,200.0
2019-04-03 12:11:00,13.6,13.6,13.6,13.6,200.0
2019-04-03 12:13:00,13.6,13.6,13.6,13.6,300.0
2019-04-03 12:15:00,13.6,13.6,13.6,13.6,100.0
2019-04-03 12:17:00,13.6,13.6,13.6,13.6,100.0
2019-04-03 12:18:00,13.6,13.6,13.6,13.6,1400.0
2019-04-03 12:19:00,13.6,13.6,13.6,13.6,200.0
2019-04-03 12:20:00,13.59,13.59,13.59,13.59,100.0
2019-04-03 12:21:00,13.6,13.6,13.6,13.6,100.0
2019-04-03 12:22:00,13.6,13.6,13.6,13.6,100.0
2019-04-03 12:24:00,13.6,13.6,13.6,13.6,300.0
2019-04-03 12:26:00,13.6,13.6,13.6,13.6,100.0
2019-04-03 12:28:00,13.6,13.6,13.6,13.6,100.0
2019-04-03 12:31:00,13.6,13.6,13.6,13.6,400.0
2019-04-03 12:32:00,13.6,13.6,13.6,13.6,100.0
2019-04-03 12:34:00,13.6,13.6,13.6,13.6,100.0
2019-04-03 12:35:00,13.6,13.6,13.6,13.6,200.0
2019-04-03 12:36:00,13.6,13.6,13.6,13.6,100.0
2019-04-03 12:39:00,13.6,13.6,13.6,13.6,100.0
2019-04-03 12:41:00,13.6,13.6,13.6,13.6,500.0
2019-04-03 12:42:00,13.59,13.59,13.59,13.59,203.0
2019-04-03 12:43:00,13.6,13.6,13.6,13.6,500.0
2019-04-03 12:45:00,13.6,13.6,13.6,13.6,100.0
2019-04-03 12:47:00,13.6,13.6,13.6,13.6,100.0
2019-04-03 12:48:00,13.5957,13.5957,13.5957,13.5957,150.0
2019-04-03 12:49:00,13.6,13.6,13.6,13.6,100.0
2019-04-03 12:51:00,13.6,13.6,13.6,13.6,100.0
2019-04-03 12:53:00,13.6,13.6,13.6,13.6,100.0
2019-04-03 12:55:00,13.6,13.6,13.6,13.6,100.0
2019-04-03 12:57:00,13.6,13.6,13.6,13.6,1100.0
2019-04-03 12:58:00,13.59,13.59,13.59,13.59,100.0
2019-04-03 13:01:00,13.6,13.6,13.6,13.6,100.0
2019-04-03 13:03:00,13.59,13.59,13.59,13.59,901.0
2019-04-03 13:05:00,13.59,13.59,13.59,13.59,100.0
2019-04-03 13:06:00,13.6,13.6,13.6,13.6,169.0
2019-04-03 13:07:00,13.6,13.6,13.6,13.6,1231.0
2019-04-03 13:08:00,13.6,13.6,13.6,13.6,100.0
2019-04-03 13:10:00,13.6,13.6,13.6,13.6,100.0
2019-04-03 13:12:00,13.6,13.6,13.6,13.6,100.0
2019-04-03 13:14:00,13.6,13.6,13.6,13.6,100.0
2019-04-03 13:15:00,13.6,13.6,13.6,13.6,100.0
2019-04-03 13:16:00,13.6,13.6,13.6,13.6,100.0
2019-04-03 13:17:00,13.6,13.605,13.6,13.6,11900.0
2019-04-03 13:18:00,13.6,13.605,13.6,13.6,17100.0
2019-04-03 13:19:00,13.6,13.6,13.59,13.6,6900.0
2019-04-03 13:20:00,13.6,13.6,13.6,13.6,100.0
2019-04-03 13:23:00,13.6,13.6,13.6,13.6,600.0
2019-04-03 13:24:00,13.6,13.6,13.6,13.6,100.0
2019-04-03 13:25:00,13.6,13.6,13.6,13.6,100.0
2019-04-03 13:27:00,13.6,13.6,13.6,13.6,200.0
2019-04-03 13:29:00,13.6,13.6,13.6,13.6,200.0
2019-04-03 13:31:00,13.6,13.6,13.6,13.6,400.0
2019-04-03 13:33:00,13.6,13.6,13.6,13.6,300.0
2019-04-03 13:35:00,13.6,13.6,13.6,13.6,100.0
2019-04-03 13:37:00,13.6,13.6,13.6,13.6,300.0
2019-04-03 13:40:00,13.6,13.6,13.6,13.6,100.0
2019-04-03 13:41:00,13.6,13.6,13.6,13.6,100.0
2019-04-03 13:42:00,13.6,13.6,13.6,13.6,100.0
2019-04-03 13:44:00,13.6,13.6,13.6,13.6,300.0
2019-04-03 13:46:00,13.6,13.6,13.6,13.6,100.0
2019-04-03 13:48:00,13.6,13.6,13.6,13.6,456.0
2019-04-03 13:49:00,13.6,13.605,13.6,13.6,11900.0
2019-04-03 13:50:00,13.6,13.6,13.6,13.6,300.0
2019-04-03 13:52:00,13.6,13.6,13.6,13.6,100.0
2019-04-03 13:53:00,13.6,13.6,13.6,13.6,100.0
2019-04-03 13:54:00,13.6,13.6,13.6,13.6,100.0
2019-04-03 13:56:00,13.6,13.6,13.6,13.6,300.0
2019-04-03 13:58:00,13.6,13.6,13.6,13.6,100.0
2019-04-03 13:59:00,13.595,13.595,13.54,13.54,5700.0
2019-04-03 14:01:00,13.54,13.54,13.54,13.54,100.0
2019-04-03 14:02:00,13.54,13.54,13.53,13.54,10200.0
2019-04-03 14:07:00,13.56,13.56,13.56,13.56,200.0
2019-04-03 14:09:00,13.57,13.57,13.57,13.57,100.0
2019-04-03 14:11:00,13.54,13.54,13.54,13.54,300.0
2019-04-03 14:12:00,13.54,13.54,13.54,13.54,200.0
2019-04-03 14:13:00,13.57,13.57,13.51,13.51,300.0
2019-04-03 14:15:00,13.57,13.57,13.57,13.57,100.0
2019-04-03 14:16:00,13.57,13.57,13.57,13.57,100.0
2019-04-03 14:18:00,13.57,13.57,13.57,13.57,100.0
2019-04-03 14:20:00,13.57,13.57,13.57,13.57,600.0
2019-04-03 14:21:00,13.57,13.57,13.54,13.555,1000.0
2019-04-03 14:22:00,13.57,13.57,13.57,13.57,114.0
2019-04-03 14:24:00,13.555,13.555,13.555,13.555,100.0
2019-04-03 14:26:00,13.56,13.57,13.56,13.57,400.0
2019-04-03 14:28:00,13.57,13.57,13.57,13.57,100.0
2019-04-03 14:29:00,13.57,13.57,13.57,13.57,100.0
2019-04-03 14:30:00,13.57,13.57,13.5515,13.5515,270.0
2019-04-03 14:32:00,13.57,13.57,13.57,13.57,200.0
2019-04-03 14:34:00,13.57,13.57,13.57,13.57,100.0
2019-04-03 14:35:00,13.57,13.57,13.57,13.57,100.0
2019-04-03 14:36:00,13.57,13.57,13.57,13.57,100.0
2019-04-03 14:37:00,13.57,13.57,13.57,13.57,200.0
2019-04-03 14:38:00,13.57,13.57,13.57,13.57,500.0
2019-04-03 14:39:00,13.57,13.57,13.57,13.57,200.0
2019-04-03 14:40:00,13.57,13.57,13.56,13.56,300.0
2019-04-03 14:41:00,13.57,13.57,13.57,13.57,100.0
2019-04-03 14:42:00,13.57,13.57,13.57,13.57,100.0
2019-04-03 14:43:00,13.56,13.56,13.56,13.56,500.0
2019-04-03 14:45:00,13.57,13.57,13.57,13.57,100.0
2019-04-03 14:46:00,13.57,13.57,13.56,13.57,600.0
2019-04-03 14:47:00,13.57,13.57,13.57,13.57,100.0
2019-04-03 14:48:00,13.57,13.57,13.57,13.57,100.0
2019-04-03 14:49:00,13.57,13.57,13.57,13.57,100.0
2019-04-03 14:50:00,13.57,13.57,13.57,13.57,100.0
2019-04-03 14:52:00,13.57,13.57,13.57,13.57,200.0
2019-04-03 14:53:00,13.57,13.57,13.565,13.565,900.0
2019-04-03 14:54:00,13.57,13.57,13.57,13.57,300.0
2019-04-03 14:55:00,13.57,13.57,13.57,13.57,300.0
2019-04-03 14:56:00,13.57,13.57,13.57,13.57,100.0
2019-04-03 14:57:00,13.57,13.57,13.57,13.57,400.0
2019-04-03 14:59:00,13.57,13.57,13.57,13.57,100.0
2019-04-03 15:00:00,13.57,13.57,13.56,13.57,2307.0
2019-04-03 15:03:00,13.57,13.57,13.57,13.57,100.0
2019-04-03 15:04:00,13.57,13.57,13.57,13.57,500.0
2019-04-03 15:05:00,13.57,13.57,13.57,13.57,700.0
2019-04-03 15:07:00,13.57,13.57,13.57,13.57,300.0
2019-04-03 15:09:00,13.57,13.57,13.57,13.57,200.0
2019-04-03 15:10:00,13.57,13.57,13.565,13.565,300.0
2019-04-03 15:14:00,13.57,13.57,13.57,13.57,600.0
2019-04-03 15:15:00,13.565,13.57,13.565,13.565,800.0
2019-04-03 15:16:00,13.57,13.57,13.56,13.56,500.0
2019-04-03 15:17:00,13.57,13.57,13.57,13.57,200.0
2019-04-03 15:18:00,13.57,13.57,13.57,13.57,300.0
2019-04-03 15:19:00,13.57,13.57,13.57,13.57,534.0
2019-04-03 15:20:00,13.58,13.58,13.58,13.58,147.0
2019-04-03 15:21:00,13.59,13.59,13.58,13.59,2300.0
2019-04-03 15:24:00,13.59,13.59,13.59,13.59,100.0
2019-04-03 15:25:00,13.59,13.59,13.59,13.59,100.0
2019-04-03 15:27:00,13.59,13.59,13.59,13.59,600.0
2019-04-03 15:28:00,13.585,13.585,13.585,13.585,100.0
2019-04-03 15:30:00,13.58,13.59,13.58,13.59,1100.0
2019-04-03 15:32:00,13.59,13.59,13.59,13.59,400.0
2019-04-03 15:35:00,13.59,13.59,13.59,13.59,300.0
2019-04-03 15:36:00,13.59,13.59,13.59,13.59,400.0
2019-04-03 15:39:00,13.59,13.59,13.59,13.59,500.0
2019-04-03 15:40:00,13.585,13.585,13.585,13.585,530.0
2019-04-03 15:41:00,13.585,13.585,13.585,13.585,100.0
2019-04-03 15:42:00,13.585,13.585,13.585,13.585,600.0
2019-04-03 15:43:00,13.58,13.59,13.58,13.585,1200.0
2019-04-03 15:44:00,13.585,13.585,13.585,13.585,400.0
2019-04-03 15:45:00,13.585,13.585,13.585,13.585,100.0
2019-04-03 15:46:00,13.59,13.59,13.585,13.585,300.0
2019-04-03 15:48:00,13.59,13.59,13.58,13.58,973.0
2019-04-03 15:49:00,13.59,13.59,13.59,13.59,783.0
2019-04-03 15:50:00,13.59,13.59,13.59,13.59,300.0
2019-04-03 15:51:00,13.59,13.59,13.59,13.59,100.0
2019-04-03 15:52:00,13.59,13.59,13.59,13.59,900.0
2019-04-03 15:53:00,13.59,13.59,13.5801,13.5801,1100.0
2019-04-03 15:54:00,13.59,13.6,13.59,13.6,25569.0
2019-04-03 15:55:00,13.6,13.6,13.59,13.59,22572.0
2019-04-03 15:56:00,13.59,13.6,13.59,13.6,1828.0
2019-04-03 15:57:00,13.6,13.6,13.6,13.6,1600.0
2019-04-03 15:58:00,13.59,13.6,13.59,13.6,1100.0
2019-04-03 15:59:00,13.59,13.59,13.59,13.59,507.0
2019-04-03 16:00:00,13.6,13.6,13.59,13.59,4352.0
