
2019-03-19 09:31:00,24.47,24.47,24.47,24.47,0.0
2019-03-19 09:37:00,24.281,24.281,24.281,24.281,421.0
2019-03-19 09:51:00,24.37,24.37,24.37,24.37,100.0
2019-03-19 10:12:00,24.299,24.299,24.299,24.299,2000.0
2019-03-19 10:46:00,24.348,24.348,24.348,24.348,460.0
2019-03-19 13:17:00,24.47,24.47,24.47,24.47,250.0
2019-03-19 13:42:00,24.4699,24.4699,24.4699,24.4699,612.0
2019-03-19 15:15:00,24.3601,24.3601,24.3601,24.3601,800.0
2019-03-19 15:49:00,24.47,24.47,24.47,24.47,6640.0
2019-03-20 09:36:00,24.248,24.248,24.248,24.248,0.0
2019-03-20 10:33:00,24.3386,24.3386,24.3386,24.3386,400.0
2019-03-20 10:47:00,24.453,24.453,24.453,24.453,400.0
2019-03-20 11:06:00,24.453,24.453,24.453,24.453,200.0
2019-03-20 12:21:00,24.3351,24.3351,24.3351,24.3351,280.0
2019-03-20 13:51:00,24.3516,24.4,24.34,24.34,1002.0
2019-03-20 13:53:00,24.42,24.47,24.42,24.47,320.0
2019-03-20 14:58:00,24.47,24.47,24.47,24.47,200.0
2019-03-20 15:17:00,24.4238,24.4238,24.4238,24.4238,500.0
2019-03-21 09:31:00,24.26,24.26,24.26,24.26,0.0
2019-03-21 10:02:00,24.4899,24.4899,24.4899,24.4899,305.0
2019-03-21 10:33:00,24.4317,24.4317,24.4317,24.4317,1500.0
2019-03-21 10:36:00,24.48,24.49,24.48,24.49,2100.0
2019-03-21 11:23:00,24.48,24.49,24.48,24.49,1000.0
2019-03-21 11:54:00,24.4291,24.4291,24.4291,24.4291,1000.0
2019-03-21 12:45:00,24.4462,24.4462,24.4462,24.4462,200.0
2019-03-21 12:58:00,24.4899,24.4899,24.4899,24.4899,150.0
2019-03-21 13:30:00,24.49,24.49,24.4899,24.4899,2900.0
2019-03-21 14:32:00,24.49,24.49,24.49,24.49,3000.0
2019-03-21 15:42:00,24.49,24.49,24.49,24.49,400.0
2019-03-21 15:43:00,24.525,24.525,24.525,24.525,4410.0
2019-03-21 15:55:00,24.55,24.55,24.55,24.55,710.0
2019-03-22 09:57:00,24.3277,24.3277,24.3277,24.3277,0.0
2019-03-22 10:10:00,24.4449,24.4449,24.4449,24.4449,100.0
2019-03-22 10:59:00,24.48,24.52,24.48,24.52,200.0
2019-03-22 12:32:00,24.52,24.536,24.4428,24.53,500.0
2019-03-22 13:01:00,24.3729,24.3729,24.3729,24.3729,1000.0
2019-03-22 13:03:00,24.3947,24.3947,24.3947,24.3947,1000.0
2019-03-22 13:04:00,24.425,24.425,24.31,24.31,1000.0
2019-03-22 13:31:00,24.4285,24.4285,24.4285,24.4285,500.0
2019-03-22 14:36:00,24.4694,24.4694,24.4694,24.4694,300.0
2019-03-22 14:39:00,24.4328,24.4328,24.4328,24.4328,180.0
2019-03-25 09:50:00,24.5,24.5,24.5,24.5,0.0
2019-03-25 10:06:00,24.56,24.56,24.56,24.56,1830.0
2019-03-25 10:23:00,24.53,24.53,24.53,24.53,500.0
2019-03-25 10:31:00,24.5322,24.5322,24.5322,24.5322,500.0
2019-03-25 10:52:00,24.557,24.557,24.557,24.557,400.0
2019-03-25 11:22:00,24.5846,24.5846,24.5846,24.5846,500.0
2019-03-25 12:23:00,24.565,24.565,24.565,24.565,100.0
2019-03-25 12:34:00,24.53,24.53,24.53,24.53,0.0
2019-03-26 09:41:00,24.53,24.53,24.53,24.53,0.0
2019-03-26 09:44:00,24.5169,24.5169,24.5169,24.5169,325.0
2019-03-26 09:49:00,24.5169,24.5169,24.5169,24.5169,1063.0
2019-03-26 09:52:00,24.532,24.532,24.532,24.532,399.0
2019-03-26 10:00:00,24.532,24.532,24.532,24.532,1078.0
2019-03-26 10:24:00,24.472,24.472,24.472,24.472,1568.0
2019-03-26 10:29:00,24.55,24.55,24.55,24.55,999.0
2019-03-26 10:30:00,24.4553,24.4553,24.4553,24.4553,500.0
2019-03-26 10:32:00,24.55,24.55,24.472,24.472,1840.0
2019-03-26 10:50:00,24.55,24.55,24.52,24.52,628.0
2019-03-26 10:55:00,24.52,24.52,24.52,24.52,1196.0
2019-03-26 11:53:00,24.56,24.56,24.56,24.56,100.0
2019-03-26 11:54:00,24.56,24.56,24.56,24.56,2613.0
2019-03-26 12:13:00,24.6,24.6,24.6,24.6,100.0
2019-03-26 12:34:00,24.57,24.57,24.57,24.57,200.0
2019-03-26 12:37:00,24.585,24.585,24.5796,24.5832,0.0
2019-03-26 12:47:00,24.552,24.552,24.552,24.552,162.0
2019-03-26 14:06:00,24.5999,24.5999,24.5999,24.5999,420.0
2019-03-26 14:20:00,24.61,24.61,24.6099,24.6099,369.0
2019-03-26 14:36:00,24.5189,24.5189,24.5189,24.5189,0.0
2019-03-27 10:10:00,24.555,24.555,24.555,24.555,0.0
2019-03-27 10:22:00,24.51,24.51,24.51,24.51,778.0
2019-03-27 10:48:00,24.58,24.588,24.58,24.588,400.0
2019-03-27 10:56:00,24.58,24.5955,24.58,24.5955,700.0
2019-03-27 11:28:00,24.58,24.585,24.58,24.585,358.0
2019-03-27 11:29:00,24.58,24.6,24.58,24.6,1513.0
2019-03-27 11:35:00,24.55,24.59,24.55,24.59,600.0
2019-03-27 12:10:00,24.6,24.6,24.6,24.6,100.0
2019-03-27 12:12:00,24.6,24.6,24.6,24.6,315.0
2019-03-27 12:32:00,24.5782,24.5782,24.5782,24.5782,400.0
2019-03-27 12:40:00,24.6,24.6,24.5875,24.5875,400.0
2019-03-27 13:52:00,24.51,24.516,24.468,24.468,750.0
2019-03-27 13:54:00,24.551,24.551,24.551,24.551,1120.0
2019-03-27 14:26:00,24.63,24.63,24.63,24.63,1000.0
2019-03-27 14:44:00,24.65,24.65,24.635,24.635,1000.0
2019-03-27 14:53:00,24.65,24.65,24.65,24.65,648.0
2019-03-27 14:59:00,24.6123,24.6123,24.6123,24.6123,250.0
2019-03-27 15:00:00,24.6264,24.6264,24.6264,24.6264,250.0
2019-03-27 15:01:00,24.625,24.625,24.601,24.601,1250.0
2019-03-27 15:25:00,24.625,24.65,24.625,24.65,500.0
2019-03-27 15:30:00,24.61,24.61,24.61,24.61,200.0
2019-03-27 15:58:00,24.65,24.65,24.65,24.65,0.0
2019-03-28 10:00:00,24.665,24.665,24.665,24.665,20.0
2019-03-28 11:13:00,24.6721,24.6721,24.6721,24.6721,100.0
2019-03-28 11:34:00,24.6768,24.6768,24.6768,24.6768,200.0
2019-03-28 11:35:00,24.66,24.66,24.66,24.66,200.0
2019-03-28 11:38:00,24.66,24.66,24.66,24.66,200.0
2019-03-28 11:51:00,24.67,24.67,24.665,24.665,200.0
2019-03-28 11:55:00,24.67,24.67,24.67,24.67,250.0
2019-03-28 11:59:00,24.66,24.66,24.65,24.65,1450.0
2019-03-28 12:21:00,24.65,24.65,24.65,24.65,2500.0
2019-03-28 12:58:00,24.675,24.675,24.675,24.675,462.0
2019-03-28 13:44:00,24.695,24.695,24.695,24.695,245.0
2019-03-28 14:13:00,24.675,24.6999,24.675,24.6999,1000.0
2019-03-28 14:21:00,24.6762,24.6762,24.6762,24.6762,300.0
2019-03-28 14:51:00,24.7,24.7,24.7,24.7,291.0
2019-03-28 15:00:00,24.7,24.7199,24.7,24.7199,500.0
2019-03-28 15:01:00,24.695,24.733,24.695,24.733,1590.0
2019-03-28 15:08:00,24.7,24.7,24.7,24.7,500.0
2019-03-28 15:23:00,24.72,24.736,24.72,24.736,360.0
2019-03-28 15:38:00,24.75,24.75,24.73,24.75,2622.0
2019-03-29 09:31:00,24.6,24.6,24.6,24.6,0.0
2019-03-29 09:58:00,24.7508,24.7508,24.7508,24.7508,500.0
2019-03-29 10:33:00,24.7999,24.7999,24.7999,24.7999,1500.0
2019-03-29 11:33:00,24.7,24.7,24.7,24.7,400.0
2019-03-29 11:58:00,24.69,24.69,24.69,24.69,251.0
2019-03-29 12:05:00,24.7,24.7,24.68,24.68,524.0
2019-03-29 12:15:00,24.7,24.7,24.7,24.7,200.0
2019-03-29 13:59:00,24.69,24.69,24.69,24.69,800.0
2019-03-29 14:51:00,24.6856,24.6856,24.6856,24.6856,595.0
2019-03-29 15:53:00,24.7,24.7,24.7,24.7,1000.0
2019-03-29 15:59:00,24.72,24.72,24.72,24.72,220.0
2019-04-01 09:41:00,24.6939,24.6939,24.6939,24.6939,0.0
2019-04-01 10:03:00,24.6996,24.6996,24.6996,24.6996,1000.0
2019-04-01 10:36:00,24.7499,24.7499,24.7499,24.7499,477.0
2019-04-01 11:09:00,24.7,24.7,24.7,24.7,1300.0
2019-04-01 12:27:00,24.7,24.7,24.7,24.7,855.0
2019-04-01 13:18:00,24.73,24.7499,24.73,24.7499,530.0
2019-04-01 14:43:00,24.7219,24.7219,24.7219,24.7219,200.0
2019-04-01 15:20:00,24.71,24.71,24.71,24.71,100.0
2019-04-01 15:22:00,24.71,24.71,24.71,24.71,100.0
2019-04-01 15:28:00,24.71,24.71,24.71,24.71,100.0
2019-04-01 15:32:00,24.65,24.65,24.65,24.65,500.0
2019-04-01 15:34:00,24.71,24.71,24.71,24.71,143.0
2019-04-01 15:37:00,24.71,24.71,24.71,24.71,117.0
2019-04-01 15:41:00,24.65,24.65,24.65,24.65,400.0
2019-04-01 15:46:00,24.65,24.65,24.65,24.65,400.0
2019-04-01 15:48:00,24.65,24.65,24.65,24.65,200.0
2019-04-01 15:50:00,24.65,24.65,24.65,24.65,100.0
2019-04-01 15:51:00,24.65,24.65,24.65,24.65,100.0
2019-04-01 15:52:00,24.65,24.65,24.65,24.65,100.0
2019-04-01 15:53:00,24.65,24.65,24.65,24.65,100.0
2019-04-01 15:55:00,24.65,24.65,24.65,24.65,100.0
2019-04-01 15:56:00,24.65,24.65,24.65,24.65,100.0
2019-04-01 15:57:00,24.65,24.65,24.65,24.65,100.0
2019-04-01 15:58:00,24.65,24.65,24.65,24.65,100.0
2019-04-01 16:00:00,24.65,24.65,24.65,24.65,121.0
2019-04-02 09:34:00,24.7799,24.7799,24.7799,24.7799,0.0
2019-04-02 09:36:00,24.7799,24.7799,24.7799,24.7799,359.0
2019-04-02 10:20:00,24.7799,24.7799,24.7799,24.7799,843.0
2019-04-02 10:45:00,24.77,24.77,24.77,24.77,200.0
2019-04-02 10:48:00,24.7423,24.7423,24.7423,24.7423,1185.0
2019-04-02 11:09:00,24.79,24.79,24.75,24.75,1000.0
2019-04-02 12:08:00,24.7503,24.7503,24.7503,24.7503,800.0
2019-04-02 12:23:00,24.77,24.77,24.77,24.77,200.0
2019-04-02 12:47:00,24.7911,24.7911,24.7911,24.7911,400.0
2019-04-02 12:58:00,24.7801,24.7801,24.7801,24.7801,877.0
2019-04-02 13:01:00,24.8,24.8,24.8,24.8,932.0
2019-04-02 13:58:00,24.8,24.8,24.8,24.8,394.0
2019-04-02 14:24:00,24.8,24.8,24.8,24.8,1300.0
2019-04-02 14:41:00,24.78,24.78,24.78,24.78,300.0
2019-04-02 14:43:00,24.8,24.8,24.7904,24.7904,2400.0
2019-04-03 09:31:00,24.88,24.88,24.88,24.88,0.0
2019-04-03 11:47:00,24.81,24.81,24.81,24.81,450.0
2019-04-03 13:26:00,24.81,24.81,24.81,24.81,400.0
2019-04-03 13:52:00,24.8699,24.8699,24.8699,24.8699,640.0
2019-04-03 13:55:00,24.81,24.81,24.81,24.81,100.0
2019-04-03 13:59:00,24.81,24.81,24.81,24.81,2410.0
2019-04-03 14:04:00,24.86,24.86,24.86,24.86,1000.0
2019-04-03 14:16:00,24.8,24.8,24.8,24.8,300.0
2019-04-03 14:23:00,24.8,24.8,24.8,24.8,200.0
2019-04-03 14:24:00,24.76,24.76,24.76,24.76,3800.0
2019-04-03 14:34:00,24.8097,24.8097,24.8097,24.8097,200.0
2019-04-03 15:38:00,24.825,24.85,24.825,24.85,10.0
