
2019-03-19 09:38:00,17.9825,17.9825,17.9825,17.9825,0.0
2019-03-19 09:39:00,17.983,17.983,17.983,17.983,300.0
2019-03-19 09:40:00,17.966,17.966,17.966,17.966,305.0
2019-03-19 09:46:00,17.9738,17.9738,17.9738,17.9738,115.0
2019-03-19 09:47:00,17.9255,17.9255,17.9255,17.9255,325.0
2019-03-19 09:48:00,17.9737,17.9737,17.9737,17.9737,330.0
2019-03-19 09:51:00,18.0,18.0,18.0,18.0,360.0
2019-03-19 10:04:00,18.02,18.02,18.02,18.02,650.0
2019-03-19 10:27:00,18.05,18.068,18.05,18.05,816.0
2019-03-19 10:40:00,18.11,18.11,18.11,18.11,102.0
2019-03-19 10:49:00,18.08,18.0927,18.02,18.02,594.0
2019-03-19 12:10:00,18.01,18.0307,18.0,18.0307,1203.0
2019-03-19 13:27:00,18.0293,18.0293,18.0293,18.0293,779.0
2019-03-19 14:01:00,18.0001,18.0001,18.0001,18.0001,284.0
2019-03-19 14:15:00,18.0,18.036,17.99,18.0359,2350.0
2019-03-19 14:33:00,18.005,18.005,18.005,18.005,151.0
2019-03-19 15:44:00,18.0196,18.0196,18.0196,18.0196,275.0
2019-03-19 15:47:00,17.9838,17.9838,17.9838,17.9838,400.0
2019-03-20 09:31:00,18.05,18.05,18.05,18.05,0.0
2019-03-20 10:11:00,18.011,18.025,18.011,18.025,1394.0
2019-03-20 10:28:00,18.0219,18.0219,18.0219,18.0219,100.0
2019-03-20 10:32:00,18.03,18.03,18.03,18.03,202.0
2019-03-20 10:41:00,18.0234,18.0234,18.0234,18.0234,143.0
2019-03-20 10:54:00,18.03,18.03,18.03,18.03,210.0
2019-03-20 11:06:00,18.0,18.005,18.0,18.005,4320.0
2019-03-20 11:16:00,18.0,18.0,18.0,18.0,100.0
2019-03-20 11:24:00,18.0,18.0,18.0,18.0,102.0
2019-03-20 11:32:00,18.0,18.0,17.96,17.96,200.0
2019-03-20 11:40:00,18.0,18.0,18.0,18.0,100.0
2019-03-20 11:43:00,17.975,18.0,17.96,17.96,2100.0
2019-03-20 11:46:00,17.9999,17.9999,17.96,17.96,2100.0
2019-03-20 11:48:00,17.975,18.0,17.96,18.0,2201.0
2019-03-20 11:57:00,18.0,18.0,18.0,18.0,102.0
2019-03-20 11:59:00,17.95,17.97,17.95,17.97,310.0
2019-03-20 12:08:00,17.99,17.99,17.99,17.99,100.0
2019-03-20 12:10:00,17.92,17.92,17.9,17.9,400.0
2019-03-20 12:15:00,17.99,17.99,17.95,17.95,400.0
2019-03-20 12:19:00,17.945,17.945,17.91,17.91,203.0
2019-03-20 13:02:00,17.955,17.955,17.92,17.92,300.0
2019-03-20 13:18:00,17.98,17.98,17.94,17.98,746.0
2019-03-20 13:44:00,17.98,17.98,17.95,17.95,410.0
2019-03-20 13:59:00,17.95,17.95,17.95,17.95,225.0
2019-03-20 14:03:00,17.98,17.98,17.95,17.95,600.0
2019-03-20 14:05:00,17.99,17.99,17.99,17.99,200.0
2019-03-20 14:24:00,17.9964,18.0,17.99,17.99,456.0
2019-03-20 14:30:00,18.0,18.0,18.0,18.0,120.0
2019-03-20 14:31:00,18.0,18.0,18.0,18.0,300.0
2019-03-20 15:06:00,17.999,17.999,17.999,17.999,500.0
2019-03-20 15:27:00,17.99,17.9925,17.91,17.91,1358.0
2019-03-20 15:33:00,17.93,17.93,17.93,17.93,300.0
2019-03-20 16:00:00,17.92,17.92,17.92,17.92,305.0
2019-03-21 09:31:00,17.96,17.96,17.96,17.96,0.0
2019-03-21 09:46:00,18.01,18.01,18.01,18.01,100.0
2019-03-21 10:07:00,17.9686,17.9686,17.9686,17.9686,800.0
2019-03-21 10:12:00,17.99,17.99,17.99,17.99,191.0
2019-03-21 10:21:00,17.99,17.99,17.99,17.99,178.0
2019-03-21 10:56:00,17.99,18.0,17.99,18.0,900.0
2019-03-21 11:01:00,18.0,18.0,18.0,18.0,100.0
2019-03-21 11:02:00,18.0,18.0,18.0,18.0,100.0
2019-03-21 11:03:00,18.0,18.0,18.0,18.0,300.0
2019-03-21 11:04:00,18.0,18.0,18.0,18.0,100.0
2019-03-21 11:06:00,18.0,18.0,18.0,18.0,100.0
2019-03-21 11:07:00,18.0,18.0,17.9985,18.0,700.0
2019-03-21 11:09:00,18.0,18.0,18.0,18.0,600.0
2019-03-21 11:12:00,18.0,18.0,18.0,18.0,801.0
2019-03-21 11:13:00,18.0,18.0,18.0,18.0,400.0
2019-03-21 11:17:00,18.0,18.0,18.0,18.0,100.0
2019-03-21 11:19:00,18.0,18.0,18.0,18.0,513.0
2019-03-21 11:20:00,18.0,18.0,18.0,18.0,223.0
2019-03-21 11:23:00,18.0,18.0,18.0,18.0,100.0
2019-03-21 11:25:00,18.0,18.0,18.0,18.0,100.0
2019-03-21 11:26:00,18.0,18.0,17.995,17.995,470.0
2019-03-21 11:27:00,18.0,18.01,18.0,18.01,700.0
2019-03-21 11:29:00,18.0,18.0,18.0,18.0,100.0
2019-03-21 11:30:00,18.0,18.0,18.0,18.0,200.0
2019-03-21 11:34:00,18.01,18.015,18.01,18.01,609.0
2019-03-21 12:03:00,18.0,18.0,18.0,18.0,102.0
2019-03-21 12:23:00,18.02,18.02,18.02,18.02,226.0
2019-03-21 12:30:00,18.02,18.02,18.02,18.02,100.0
2019-03-21 12:34:00,18.02,18.02,18.02,18.02,100.0
2019-03-21 12:38:00,18.02,18.02,18.02,18.02,100.0
2019-03-21 12:41:00,18.02,18.02,18.02,18.02,100.0
2019-03-21 12:47:00,18.02,18.02,18.02,18.02,100.0
2019-03-21 12:52:00,18.02,18.02,18.02,18.02,100.0
2019-03-21 12:58:00,18.02,18.02,18.02,18.02,100.0
2019-03-21 13:03:00,18.02,18.02,18.02,18.02,100.0
2019-03-21 13:07:00,18.0154,18.0154,18.0154,18.0154,1000.0
2019-03-21 13:12:00,18.02,18.02,18.02,18.02,100.0
2019-03-21 13:15:00,18.005,18.005,18.005,18.005,500.0
2019-03-21 13:20:00,18.01,18.01,18.01,18.01,253.0
2019-03-21 13:24:00,18.02,18.02,18.02,18.02,447.0
2019-03-21 13:30:00,18.02,18.02,18.02,18.02,100.0
2019-03-21 13:35:00,18.02,18.02,18.02,18.02,100.0
2019-03-21 13:41:00,18.02,18.02,18.02,18.02,100.0
2019-03-21 13:47:00,18.02,18.02,18.02,18.02,100.0
2019-03-21 13:50:00,18.02,18.02,18.02,18.02,600.0
2019-03-21 13:53:00,18.03,18.03,18.01,18.01,2782.0
2019-03-21 14:35:00,18.0171,18.0171,18.0171,18.0171,500.0
2019-03-21 14:45:00,18.049,18.049,18.049,18.049,110.0
2019-03-21 14:57:00,18.05,18.05,18.05,18.05,100.0
2019-03-21 15:04:00,18.05,18.05,18.05,18.05,100.0
2019-03-21 15:07:00,18.05,18.05,18.05,18.05,100.0
2019-03-21 15:13:00,18.05,18.05,18.05,18.05,200.0
2019-03-21 15:16:00,18.05,18.05,18.05,18.05,100.0
2019-03-21 15:19:00,18.05,18.05,18.05,18.05,100.0
2019-03-21 15:21:00,18.05,18.05,18.05,18.05,100.0
2019-03-21 15:24:00,18.05,18.05,18.05,18.05,100.0
2019-03-21 15:27:00,18.05,18.05,18.05,18.05,100.0
2019-03-21 15:30:00,18.05,18.05,18.05,18.05,100.0
2019-03-21 15:32:00,18.05,18.05,18.05,18.05,100.0
2019-03-21 15:35:00,18.05,18.05,18.05,18.05,100.0
2019-03-21 15:38:00,18.05,18.05,18.05,18.05,100.0
2019-03-21 15:42:00,18.05,18.05,18.05,18.05,320.0
2019-03-21 15:44:00,18.05,18.05,18.05,18.05,100.0
2019-03-21 15:46:00,18.05,18.05,18.05,18.05,100.0
2019-03-21 15:47:00,18.06,18.06,18.06,18.06,2100.0
2019-03-21 15:54:00,18.08,18.08,18.08,18.08,200.0
2019-03-21 15:55:00,18.08,18.08,18.08,18.08,200.0
2019-03-21 15:56:00,18.08,18.08,18.08,18.08,200.0
2019-03-21 15:57:00,18.08,18.08,18.08,18.08,1919.0
2019-03-22 09:38:00,18.08,18.08,18.08,18.08,644.0
2019-03-22 09:56:00,18.175,18.175,18.175,18.175,100.0
2019-03-22 10:07:00,18.1184,18.1184,18.1184,18.1184,910.0
2019-03-22 10:14:00,18.24,18.24,18.24,18.24,101.0
2019-03-22 10:42:00,18.23,18.23,18.23,18.23,113.0
2019-03-22 10:49:00,18.18,18.18,18.18,18.18,100.0
2019-03-22 11:01:00,18.2008,18.2008,18.2008,18.2008,301.0
2019-03-22 11:11:00,18.23,18.23,18.23,18.23,100.0
2019-03-22 11:17:00,18.1708,18.1708,18.1708,18.1708,585.0
2019-03-22 12:03:00,18.24,18.24,18.24,18.24,100.0
2019-03-22 12:06:00,18.24,18.24,18.24,18.24,100.0
2019-03-22 12:09:00,18.24,18.24,18.24,18.24,100.0
2019-03-22 12:12:00,18.24,18.24,18.24,18.24,100.0
2019-03-22 12:13:00,18.24,18.24,18.24,18.24,1000.0
2019-03-22 12:14:00,18.22,18.22,18.22,18.22,601.0
2019-03-22 12:15:00,18.24,18.24,18.24,18.24,100.0
2019-03-22 12:16:00,18.22,18.22,18.2001,18.2001,400.0
2019-03-22 12:18:00,18.24,18.24,18.24,18.24,114.0
2019-03-22 12:19:00,18.22,18.22,18.22,18.22,100.0
2019-03-22 12:21:00,18.24,18.24,18.22,18.22,200.0
2019-03-22 12:24:00,18.24,18.24,18.24,18.24,200.0
2019-03-22 12:27:00,18.24,18.24,18.24,18.24,100.0
2019-03-22 12:29:00,18.23,18.23,18.1601,18.1601,2800.0
2019-03-22 12:39:00,18.23,18.23,18.23,18.23,100.0
2019-03-22 12:42:00,18.1627,18.1627,18.1611,18.1611,700.0
2019-03-22 12:43:00,18.24,18.24,18.24,18.24,100.0
2019-03-22 12:46:00,18.24,18.24,18.2,18.2,232.0
2019-03-22 12:49:00,18.24,18.24,18.24,18.24,100.0
2019-03-22 12:51:00,18.2,18.2,18.2,18.2,300.0
2019-03-22 12:52:00,18.24,18.24,18.24,18.24,200.0
2019-03-22 12:53:00,18.24,18.24,18.24,18.24,100.0
2019-03-22 12:54:00,18.205,18.205,18.205,18.205,200.0
2019-03-22 13:01:00,18.24,18.24,18.24,18.24,100.0
2019-03-22 13:04:00,18.24,18.24,18.24,18.24,101.0
2019-03-22 13:12:00,18.225,18.225,18.225,18.225,300.0
2019-03-22 13:16:00,18.24,18.24,18.24,18.24,180.0
2019-03-22 13:18:00,18.24,18.24,18.24,18.24,471.0
2019-03-22 13:33:00,18.23,18.23,18.23,18.23,1528.0
2019-03-22 13:34:00,18.24,18.24,18.23,18.23,2471.0
2019-03-22 13:42:00,18.22,18.22,18.22,18.22,100.0
2019-03-22 13:45:00,18.22,18.22,18.22,18.22,100.0
2019-03-22 13:48:00,18.22,18.22,18.22,18.22,100.0
2019-03-22 13:51:00,18.22,18.22,18.22,18.22,100.0
2019-03-22 13:54:00,18.22,18.22,18.22,18.22,178.0
2019-03-22 13:55:00,18.1601,18.1601,18.1601,18.1601,478.0
2019-03-22 13:56:00,18.22,18.22,18.22,18.22,100.0
2019-03-22 13:59:00,18.22,18.22,18.22,18.22,100.0
2019-03-22 14:04:00,18.22,18.22,18.22,18.22,100.0
2019-03-22 14:06:00,18.22,18.22,18.22,18.22,100.0
2019-03-22 14:09:00,18.22,18.22,18.22,18.22,100.0
2019-03-22 14:11:00,18.2,18.22,18.16,18.18,8244.0
2019-03-22 14:20:00,18.24,18.24,18.24,18.24,200.0
2019-03-22 14:22:00,18.24,18.24,18.24,18.24,100.0
2019-03-22 14:24:00,18.24,18.24,18.24,18.24,100.0
2019-03-22 14:27:00,18.24,18.24,18.24,18.24,100.0
2019-03-22 14:29:00,18.24,18.24,18.24,18.24,100.0
2019-03-22 14:31:00,18.24,18.24,18.24,18.24,100.0
2019-03-22 14:34:00,18.24,18.24,18.24,18.24,100.0
2019-03-22 14:36:00,18.24,18.24,18.24,18.24,100.0
2019-03-22 14:38:00,18.24,18.24,18.24,18.24,100.0
2019-03-22 14:41:00,18.24,18.24,18.24,18.24,100.0
2019-03-22 14:43:00,18.2295,18.24,18.2295,18.24,900.0
2019-03-22 14:44:00,18.2297,18.2297,18.2297,18.2297,600.0
2019-03-22 14:45:00,18.24,18.24,18.24,18.24,102.0
2019-03-22 14:49:00,18.24,18.24,18.24,18.24,100.0
2019-03-22 14:51:00,18.24,18.24,18.24,18.24,100.0
2019-03-22 14:54:00,18.24,18.24,18.24,18.24,100.0
2019-03-22 14:56:00,18.24,18.24,18.24,18.24,100.0
2019-03-22 14:57:00,18.24,18.24,18.24,18.24,200.0
2019-03-22 15:00:00,18.24,18.24,18.24,18.24,100.0
2019-03-22 15:04:00,18.2304,18.2304,18.2304,18.2304,300.0
2019-03-22 15:05:00,18.24,18.24,18.24,18.24,100.0
2019-03-22 15:07:00,18.24,18.24,18.24,18.24,100.0
2019-03-22 15:10:00,18.24,18.24,18.24,18.24,100.0
2019-03-22 15:12:00,18.24,18.24,18.24,18.24,100.0
2019-03-22 15:14:00,18.24,18.24,18.24,18.24,100.0
2019-03-22 15:15:00,18.22,18.22,18.22,18.22,2057.0
2019-03-22 15:16:00,18.185,18.185,18.185,18.185,100.0
2019-03-22 15:24:00,18.21,18.21,18.21,18.21,100.0
2019-03-22 15:26:00,18.21,18.21,18.21,18.21,100.0
2019-03-22 15:27:00,18.185,18.2,18.16,18.2,2100.0
2019-03-22 15:29:00,18.21,18.21,18.21,18.21,100.0
2019-03-22 15:31:00,18.21,18.21,18.21,18.21,100.0
2019-03-22 15:33:00,18.21,18.21,18.21,18.21,100.0
2019-03-22 15:34:00,18.21,18.21,18.21,18.21,100.0
2019-03-22 15:36:00,18.21,18.21,18.21,18.21,100.0
2019-03-22 15:37:00,18.21,18.21,18.21,18.21,100.0
2019-03-22 15:39:00,18.21,18.21,18.21,18.21,100.0
2019-03-22 15:40:00,18.21,18.21,18.21,18.21,100.0
2019-03-22 15:42:00,18.21,18.21,18.21,18.21,100.0
2019-03-22 15:43:00,18.21,18.21,18.21,18.21,100.0
2019-03-22 15:44:00,18.21,18.21,18.21,18.21,100.0
2019-03-22 15:46:00,18.21,18.21,18.21,18.21,100.0
2019-03-22 15:47:00,18.21,18.21,18.21,18.21,100.0
2019-03-22 15:48:00,18.21,18.21,18.21,18.21,100.0
2019-03-22 15:49:00,18.21,18.21,18.21,18.21,100.0
2019-03-22 15:50:00,18.21,18.21,18.21,18.21,100.0
2019-03-22 15:51:00,18.21,18.21,18.21,18.21,100.0
2019-03-22 15:52:00,18.24,18.24,18.205,18.2399,3100.0
2019-03-22 15:53:00,18.205,18.24,18.205,18.24,200.0
2019-03-22 15:54:00,18.205,18.24,18.205,18.24,300.0
2019-03-22 15:55:00,18.24,18.24,18.24,18.24,100.0
2019-03-22 15:56:00,18.24,18.24,18.24,18.24,200.0
2019-03-22 15:57:00,18.24,18.24,18.2166,18.24,5600.0
2019-03-22 15:58:00,18.24,18.24,18.24,18.24,200.0
2019-03-22 15:59:00,18.24,18.24,18.24,18.24,200.0
2019-03-22 16:00:00,18.24,18.24,18.24,18.24,1302.0
2019-03-25 09:31:00,18.16,18.16,18.16,18.16,0.0
2019-03-25 09:48:00,18.1958,18.1958,18.1958,18.1958,274.0
2019-03-25 09:52:00,18.23,18.23,18.23,18.23,111.0
2019-03-25 10:02:00,18.23,18.23,18.23,18.23,100.0
2019-03-25 10:09:00,18.185,18.185,18.185,18.185,219.0
2019-03-25 10:14:00,18.23,18.23,18.23,18.23,100.0
2019-03-25 10:26:00,18.23,18.23,18.23,18.23,100.0
2019-03-25 10:36:00,18.23,18.23,18.23,18.23,112.0
2019-03-25 10:38:00,18.205,18.205,18.205,18.205,3963.0
2019-03-25 10:39:00,18.25,18.25,18.25,18.25,700.0
2019-03-25 10:43:00,18.1983,18.1983,18.1983,18.1983,855.0
2019-03-25 10:54:00,18.25,18.25,18.25,18.25,100.0
2019-03-25 10:57:00,18.2366,18.2366,18.2366,18.2366,1000.0
2019-03-25 11:10:00,18.25,18.25,18.25,18.25,105.0
2019-03-25 11:27:00,18.25,18.25,18.25,18.25,101.0
2019-03-25 11:45:00,18.25,18.25,18.25,18.25,540.0
2019-03-25 11:46:00,18.24,18.24,18.24,18.24,655.0
2019-03-25 12:05:00,18.25,18.25,18.24,18.24,300.0
2019-03-25 12:20:00,18.25,18.25,18.25,18.25,116.0
2019-03-25 12:51:00,18.25,18.25,18.25,18.25,101.0
2019-03-25 13:00:00,18.233,18.233,18.233,18.233,400.0
2019-03-25 13:12:00,18.2401,18.2401,18.2401,18.2401,275.0
2019-03-25 13:13:00,18.25,18.25,18.25,18.25,100.0
2019-03-25 13:37:00,18.2424,18.2424,18.2424,18.2424,800.0
2019-03-25 13:41:00,18.2641,18.2641,18.2641,18.2641,5463.0
2019-03-25 14:11:00,18.28,18.28,18.28,18.28,100.0
2019-03-25 14:13:00,18.28,18.28,18.28,18.28,100.0
2019-03-25 14:37:00,18.3,18.3,18.3,18.3,100.0
2019-03-25 14:46:00,18.26,18.26,18.26,18.26,400.0
2019-03-25 14:47:00,18.26,18.26,18.26,18.26,100.0
2019-03-25 15:10:00,18.2799,18.2799,18.2799,18.2799,663.0
2019-03-25 15:13:00,18.3,18.3,18.3,18.3,163.0
2019-03-25 15:23:00,18.24,18.24,18.24,18.24,600.0
2019-03-25 15:30:00,18.35,18.35,18.35,18.35,121.0
2019-03-25 15:32:00,18.3,18.3,18.3,18.3,100.0
2019-03-25 15:39:00,18.2601,18.2601,18.2601,18.2601,500.0
2019-03-25 15:45:00,18.3192,18.3192,18.3192,18.3192,250.0
2019-03-25 15:58:00,18.31,18.31,18.31,18.31,292.0
2019-03-26 09:31:00,18.34,18.34,18.34,18.34,0.0
2019-03-26 10:03:00,18.343,18.343,18.343,18.343,163.0
2019-03-26 10:06:00,18.32,18.32,18.32,18.32,400.0
2019-03-26 10:24:00,18.25,18.25,18.25,18.25,575.0
2019-03-26 10:38:00,18.2788,18.2788,18.2788,18.2788,1574.0
2019-03-26 11:04:00,18.36,18.36,18.36,18.36,259.0
2019-03-26 12:12:00,18.379,18.379,18.379,18.379,0.0
2019-03-26 12:45:00,18.3748,18.3748,18.3748,18.3748,500.0
2019-03-26 13:05:00,18.3796,18.3796,18.3796,18.3796,400.0
2019-03-26 13:45:00,18.48,18.48,18.48,18.48,3300.0
2019-03-26 14:22:00,18.4694,18.4694,18.4694,18.4694,0.0
2019-03-26 14:34:00,18.475,18.475,18.475,18.475,112.0
2019-03-26 14:36:00,18.4735,18.4735,18.4735,18.4735,680.0
2019-03-26 14:45:00,18.4968,18.4968,18.4968,18.4968,590.0
2019-03-26 14:50:00,18.5,18.53,18.5,18.53,500.0
2019-03-26 15:13:00,18.48,18.48,18.48,18.48,1300.0
2019-03-26 15:50:00,18.505,18.505,18.505,18.505,932.0
2019-03-26 15:55:00,18.4811,18.4811,18.4811,18.4811,294.0
2019-03-27 09:31:00,18.53,18.53,18.53,18.53,0.0
2019-03-27 09:33:00,18.5,18.5,18.5,18.5,250.0
2019-03-27 09:34:00,18.5,18.5,18.5,18.5,100.0
2019-03-27 09:45:00,18.5358,18.5358,18.5358,18.5358,240.0
2019-03-27 09:47:00,18.53,18.53,18.53,18.53,800.0
2019-03-27 09:48:00,18.53,18.53,18.53,18.53,100.0
2019-03-27 09:51:00,18.527,18.527,18.527,18.527,677.0
2019-03-27 09:54:00,18.515,18.515,18.515,18.515,100.0
2019-03-27 09:55:00,18.515,18.515,18.515,18.515,100.0
2019-03-27 09:58:00,18.53,18.53,18.53,18.53,500.0
2019-03-27 10:04:00,18.515,18.515,18.5,18.5,402.0
2019-03-27 10:42:00,18.515,18.515,18.515,18.515,100.0
2019-03-27 10:43:00,18.515,18.515,18.515,18.515,9807.0
2019-03-27 10:53:00,18.5206,18.5206,18.5206,18.5206,212.0
2019-03-27 11:23:00,18.53,18.53,18.53,18.53,100.0
2019-03-27 11:26:00,18.5312,18.5312,18.5011,18.5025,786.0
2019-03-27 11:27:00,18.52,18.52,18.52,18.52,3230.0
2019-03-27 11:28:00,18.5,18.5,18.5,18.5,13099.0
2019-03-27 11:35:00,18.45,18.45,18.37,18.37,600.0
2019-03-27 11:45:00,18.4216,18.4216,18.4216,18.4216,200.0
2019-03-27 11:52:00,18.3722,18.3722,18.3722,18.3722,601.0
2019-03-27 11:56:00,18.4867,18.4867,18.4867,18.4867,270.0
2019-03-27 12:26:00,18.4,18.4,18.4,18.4,500.0
2019-03-27 12:50:00,18.4,18.4,18.4,18.4,100.0
2019-03-27 12:51:00,18.3957,18.3957,18.3957,18.3957,7032.0
2019-03-27 12:52:00,18.4,18.4,18.4,18.4,968.0
2019-03-27 12:59:00,18.4,18.4,18.4,18.4,116.0
2019-03-27 13:01:00,18.4,18.4,18.4,18.4,100.0
2019-03-27 13:07:00,18.3892,18.3892,18.3892,18.3892,150.0
2019-03-27 13:19:00,18.53,18.53,18.5274,18.5274,3100.0
2019-03-27 13:38:00,18.52,18.52,18.52,18.52,100.0
2019-03-27 13:58:00,18.4501,18.451,18.4501,18.451,3250.0
2019-03-27 14:23:00,18.4789,18.4789,18.4789,18.4789,300.0
2019-03-27 14:30:00,18.485,18.485,18.485,18.485,400.0
2019-03-27 14:40:00,18.4779,18.4779,18.4779,18.4779,100.0
2019-03-27 14:45:00,18.48,18.48,18.48,18.48,100.0
2019-03-27 14:47:00,18.48,18.5,18.48,18.5,1019.0
2019-03-27 14:52:00,18.5,18.5,18.5,18.5,845.0
2019-03-27 14:58:00,18.51,18.51,18.29,18.29,2828.0
2019-03-27 15:47:00,18.4279,18.4279,18.4279,18.4279,803.0
2019-03-27 15:56:00,18.42,18.47,18.42,18.47,255.0
2019-03-27 16:00:00,18.42,18.42,18.42,18.42,0.0
2019-03-28 09:31:00,18.45,18.45,18.45,18.45,0.0
2019-03-28 10:26:00,18.4712,18.4712,18.4712,18.4712,307.0
2019-03-28 10:43:00,18.47,18.4954,18.47,18.4954,752.0
2019-03-28 10:48:00,18.51,18.51,18.51,18.51,100.0
2019-03-28 10:50:00,18.51,18.51,18.51,18.51,100.0
2019-03-28 11:07:00,18.5114,18.5114,18.5114,18.5114,405.0
2019-03-28 11:25:00,18.51,18.51,18.51,18.51,100.0
2019-03-28 11:26:00,18.51,18.51,18.51,18.51,100.0
2019-03-28 11:28:00,18.51,18.51,18.51,18.51,100.0
2019-03-28 11:29:00,18.51,18.51,18.51,18.51,100.0
2019-03-28 11:30:00,18.51,18.51,18.51,18.51,122.0
2019-03-28 11:37:00,18.51,18.525,18.51,18.525,1895.0
2019-03-28 11:56:00,18.5237,18.5237,18.5237,18.5237,700.0
2019-03-28 12:24:00,18.5321,18.5321,18.5321,18.5321,101.0
2019-03-28 13:28:00,18.525,18.525,18.51,18.5143,2000.0
2019-03-28 13:51:00,18.5301,18.5301,18.5301,18.5301,300.0
2019-03-28 14:23:00,18.51,18.51,18.51,18.51,100.0
2019-03-28 14:47:00,18.5001,18.5001,18.5001,18.5001,1100.0
2019-03-28 14:59:00,18.5299,18.5299,18.5299,18.5299,200.0
2019-03-28 15:25:00,18.5,18.5,18.5,18.5,300.0
2019-03-28 15:31:00,18.5085,18.5085,18.5085,18.5085,1072.0
2019-03-28 15:51:00,18.55,18.55,18.55,18.55,140.0
2019-03-28 15:56:00,18.51,18.51,18.51,18.51,100.0
2019-03-28 16:00:00,18.51,18.51,18.5,18.5,314.0
2019-03-29 09:31:00,18.52,18.53,18.52,18.53,0.0
2019-03-29 09:34:00,18.52,18.52,18.52,18.52,100.0
2019-03-29 09:35:00,18.53,18.5986,18.51,18.5986,2775.0
2019-03-29 09:38:00,18.6,18.6099,18.6,18.6099,1959.0
2019-03-29 09:57:00,18.599,18.599,18.599,18.599,356.0
2019-03-29 10:04:00,18.6229,18.6229,18.6229,18.6229,256.0
2019-03-29 10:05:00,18.66,18.66,18.66,18.66,634.0
2019-03-29 10:09:00,18.62,18.62,18.5275,18.56,698.0
2019-03-29 10:11:00,18.61,18.62,18.61,18.62,704.0
2019-03-29 10:42:00,18.6202,18.6202,18.6202,18.6202,1000.0
2019-03-29 11:04:00,18.53,18.53,18.5,18.5,3033.0
2019-03-29 11:29:00,18.6,18.6,18.59,18.59,609.0
2019-03-29 12:07:00,18.6,18.62,18.5837,18.5837,1010.0
2019-03-29 12:18:00,18.62,18.65,18.62,18.63,3304.0
2019-03-29 12:21:00,18.6597,18.6597,18.6597,18.6597,100.0
2019-03-29 12:36:00,18.66,18.66,18.66,18.66,380.0
2019-03-29 12:51:00,18.67,18.67,18.67,18.67,150.0
2019-03-29 13:03:00,18.65,18.65,18.65,18.65,362.0
2019-03-29 13:19:00,18.6537,18.6537,18.6537,18.6537,415.0
2019-03-29 13:23:00,18.669,18.669,18.669,18.669,100.0
2019-03-29 13:40:00,18.67,18.69,18.63,18.657,2680.0
2019-03-29 14:20:00,18.66,18.66,18.66,18.66,200.0
2019-03-29 14:33:00,18.661,18.661,18.661,18.661,250.0
2019-03-29 14:41:00,18.65,18.65,18.64,18.64,300.0
2019-03-29 14:59:00,18.645,18.645,18.645,18.645,250.0
2019-03-29 15:05:00,18.65,18.65,18.65,18.65,317.0
2019-03-29 16:00:00,18.64,18.64,18.64,18.64,0.0
2019-04-01 09:31:00,18.68,18.68,18.68,18.68,793.0
2019-04-01 09:48:00,18.541,18.541,18.541,18.541,511.0
2019-04-01 10:01:00,18.6553,18.6553,18.6553,18.6553,3165.0
2019-04-01 10:04:00,18.6747,18.6747,18.6747,18.6747,100.0
2019-04-01 10:24:00,18.6818,18.6818,18.6818,18.6818,800.0
2019-04-01 10:30:00,18.6101,18.6101,18.6101,18.6101,500.0
2019-04-01 10:42:00,18.6633,18.6633,18.6633,18.6633,1307.0
2019-04-01 10:56:00,18.71,18.71,18.71,18.71,111.0
2019-04-01 10:57:00,18.6523,18.6523,18.6523,18.6523,312.0
2019-04-01 11:20:00,18.6546,18.6546,18.6546,18.6546,269.0
2019-04-01 11:33:00,18.67,18.67,18.67,18.67,631.0
2019-04-01 11:49:00,18.6562,18.6562,18.6562,18.6562,1143.0
2019-04-01 12:23:00,18.72,18.72,18.72,18.72,1200.0
2019-04-01 12:30:00,18.71,18.71,18.71,18.71,400.0
2019-04-01 12:31:00,18.71,18.71,18.71,18.71,200.0
2019-04-01 12:37:00,18.72,18.72,18.72,18.72,717.0
2019-04-01 12:44:00,18.7244,18.7244,18.7244,18.7244,300.0
2019-04-01 12:50:00,18.72,18.72,18.72,18.72,400.0
2019-04-01 12:55:00,18.75,18.75,18.75,18.75,100.0
2019-04-01 12:57:00,18.735,18.735,18.72,18.72,301.0
2019-04-01 13:19:00,18.7246,18.7246,18.7246,18.7246,200.0
2019-04-01 13:58:00,18.75,18.7567,18.75,18.7567,1087.0
2019-04-01 14:17:00,18.765,18.765,18.765,18.765,2600.0
2019-04-01 14:35:00,18.745,18.745,18.745,18.745,100.0
2019-04-01 14:46:00,18.7367,18.7367,18.7367,18.7367,1600.0
2019-04-01 14:49:00,18.75,18.75,18.75,18.75,217.0
2019-04-01 15:03:00,18.75,18.75,18.75,18.75,400.0
2019-04-01 15:26:00,18.7766,18.7766,18.7766,18.7766,390.0
2019-04-01 15:33:00,18.7764,18.7764,18.7764,18.7764,200.0
2019-04-01 15:37:00,18.7764,18.7764,18.7764,18.7764,225.0
2019-04-01 16:00:00,18.7627,18.77,18.7627,18.77,0.0
2019-04-02 09:31:00,18.82,18.85,18.82,18.85,0.0
2019-04-02 09:34:00,18.8035,18.8035,18.8035,18.8035,250.0
2019-04-02 09:50:00,18.84,18.85,18.775,18.775,1400.0
2019-04-02 09:53:00,18.83,18.83,18.7749,18.7749,200.0
2019-04-02 09:58:00,18.78,18.78,18.76,18.76,6772.0
2019-04-02 10:05:00,18.792,18.792,18.792,18.792,1000.0
2019-04-02 10:12:00,18.76,18.76,18.76,18.76,302.0
2019-04-02 10:30:00,18.786,18.83,18.786,18.83,1300.0
2019-04-02 10:36:00,18.768,18.768,18.768,18.768,400.0
2019-04-02 10:38:00,18.77,18.77,18.77,18.77,100.0
2019-04-02 10:42:00,18.76,18.76,18.76,18.76,200.0
2019-04-02 10:46:00,18.7798,18.7798,18.7798,18.7798,251.0
2019-04-02 10:50:00,18.8,18.8,18.8,18.8,100.0
2019-04-02 10:53:00,18.78,18.78,18.7701,18.7701,201.0
2019-04-02 10:57:00,18.77,18.77,18.77,18.77,300.0
2019-04-02 10:59:00,18.77,18.77,18.77,18.77,100.0
2019-04-02 11:01:00,18.77,18.7701,18.76,18.76,1856.0
2019-04-02 11:02:00,18.7501,18.7501,18.7501,18.7501,100.0
2019-04-02 11:10:00,18.76,18.76,18.76,18.76,200.0
2019-04-02 11:13:00,18.7501,18.7501,18.7501,18.7501,100.0
2019-04-02 11:16:00,18.7671,18.7671,18.7671,18.7671,931.0
2019-04-02 11:20:00,18.7627,18.7627,18.7627,18.7627,857.0
2019-04-02 11:27:00,18.75,18.75,18.75,18.75,200.0
2019-04-02 11:28:00,18.7501,18.7501,18.7501,18.7501,150.0
2019-04-02 11:41:00,18.75,18.75,18.75,18.75,100.0
2019-04-02 11:43:00,18.75,18.76,18.75,18.75,5100.0
2019-04-02 11:46:00,18.75,18.75,18.75,18.75,252.0
2019-04-02 11:53:00,18.7628,18.7628,18.7628,18.7628,248.0
2019-04-02 11:56:00,18.7501,18.7501,18.7501,18.7501,100.0
2019-04-02 12:10:00,18.7501,18.7501,18.7501,18.7501,100.0
2019-04-02 12:17:00,18.75,18.75,18.75,18.75,200.0
2019-04-02 12:23:00,18.7501,18.7501,18.7501,18.7501,100.0
2019-04-02 12:31:00,18.76,18.76,18.75,18.75,200.0
2019-04-02 12:37:00,18.7501,18.7501,18.7501,18.7501,100.0
2019-04-02 12:40:00,18.7597,18.7597,18.7597,18.7597,378.0
2019-04-02 12:50:00,18.7501,18.7501,18.7501,18.7501,100.0
2019-04-02 12:51:00,18.75,18.75,18.75,18.75,168.0
2019-04-02 12:54:00,18.75,18.75,18.75,18.75,200.0
2019-04-02 13:01:00,18.7501,18.7501,18.7501,18.7501,100.0
2019-04-02 13:05:00,18.75,18.75,18.75,18.75,200.0
2019-04-02 13:08:00,18.75,18.75,18.75,18.75,100.0
2019-04-02 13:13:00,18.75,18.75,18.75,18.75,579.0
2019-04-02 13:14:00,18.7438,18.7438,18.7438,18.7438,240.0
2019-04-02 13:17:00,18.7401,18.7401,18.7401,18.7401,100.0
2019-04-02 13:20:00,18.741,18.741,18.741,18.741,100.0
2019-04-02 13:21:00,18.7499,18.7499,18.7499,18.7499,500.0
2019-04-02 13:28:00,18.74,18.74,18.74,18.74,200.0
2019-04-02 13:29:00,18.72,18.72,18.71,18.71,1325.0
2019-04-02 13:33:00,18.7001,18.7001,18.7001,18.7001,101.0
2019-04-02 13:39:00,18.7,18.7,18.7,18.7,494.0
2019-04-02 13:47:00,18.7,18.7,18.7,18.7,1270.0
2019-04-02 13:48:00,18.6901,18.6901,18.69,18.69,407.0
2019-04-02 13:53:00,18.66,18.66,18.66,18.66,300.0
2019-04-02 14:01:00,18.6401,18.6401,18.6401,18.6401,113.0
2019-04-02 14:11:00,18.65,18.7,18.65,18.7,387.0
2019-04-02 14:15:00,18.6401,18.6401,18.6401,18.6401,127.0
2019-04-02 14:21:00,18.6613,18.6613,18.6613,18.6613,450.0
2019-04-02 14:30:00,18.6401,18.6401,18.6401,18.6401,100.0
2019-04-02 14:31:00,18.65,18.65,18.65,18.65,100.0
2019-04-02 14:44:00,18.6401,18.6401,18.6401,18.6401,100.0
2019-04-02 14:45:00,18.64,18.64,18.64,18.64,100.0
2019-04-02 14:48:00,18.64,18.64,18.64,18.64,227.0
2019-04-02 14:55:00,18.6601,18.6601,18.6601,18.6601,110.0
2019-04-02 15:05:00,18.64,18.64,18.64,18.64,300.0
2019-04-02 15:15:00,18.64,18.64,18.64,18.64,100.0
2019-04-02 15:23:00,18.64,18.64,18.64,18.64,415.0
2019-04-02 15:24:00,18.6655,18.6655,18.6655,18.6655,716.0
2019-04-02 15:28:00,18.64,18.655,18.64,18.655,393.0
2019-04-02 15:30:00,18.64,18.64,18.64,18.64,200.0
2019-04-02 15:32:00,18.655,18.655,18.655,18.655,293.0
2019-04-02 15:36:00,18.64,18.67,18.64,18.67,404.0
2019-04-02 15:37:00,18.6401,18.6401,18.6401,18.6401,100.0
2019-04-02 15:44:00,18.64,18.64,18.64,18.64,100.0
2019-04-02 15:45:00,18.6401,18.6401,18.6401,18.6401,127.0
2019-04-02 15:48:00,18.6401,18.6401,18.64,18.64,200.0
2019-04-02 15:49:00,18.6646,18.6646,18.6646,18.6646,177.0
2019-04-02 15:52:00,18.655,18.655,18.64,18.64,696.0
2019-04-02 15:54:00,18.67,18.67,18.64,18.64,702.0
2019-04-02 15:55:00,18.6401,18.6401,18.6401,18.6401,100.0
2019-04-02 15:57:00,18.655,18.655,18.655,18.655,100.0
2019-04-02 15:58:00,18.6501,18.6501,18.6501,18.6501,123.0
2019-04-02 16:00:00,18.66,18.73,18.6501,18.73,1857.0
2019-04-03 09:31:00,18.68,18.68,18.68,18.68,0.0
2019-04-03 09:54:00,18.67,18.67,18.67,18.67,177.0
2019-04-03 10:01:00,18.68,18.68,18.68,18.68,300.0
2019-04-03 10:04:00,18.66,18.66,18.65,18.65,200.0
2019-04-03 10:21:00,18.65,18.65,18.65,18.65,250.0
2019-04-03 10:27:00,18.65,18.6695,18.65,18.6695,390.0
2019-04-03 10:30:00,18.65,18.65,18.65,18.65,300.0
2019-04-03 10:35:00,18.66,18.6915,18.66,18.6915,600.0
2019-04-03 10:42:00,18.66,18.66,18.65,18.65,200.0
2019-04-03 10:47:00,18.675,18.675,18.675,18.675,200.0
2019-04-03 11:01:00,18.65,18.65,18.65,18.65,200.0
2019-04-03 11:08:00,18.68,18.68,18.68,18.68,300.0
2019-04-03 11:17:00,18.68,18.68,18.65,18.65,2700.0
2019-04-03 11:18:00,18.65,18.65,18.65,18.65,104.0
2019-04-03 11:20:00,18.65,18.65,18.65,18.65,149.0
2019-04-03 11:27:00,18.66,18.66,18.66,18.66,100.0
2019-04-03 11:29:00,18.65,18.6766,18.65,18.65,968.0
2019-04-03 11:33:00,18.65,18.65,18.65,18.65,100.0
2019-04-03 11:38:00,18.662,18.6675,18.65,18.65,1320.0
2019-04-03 11:45:00,18.65,18.656,18.65,18.656,1895.0
2019-04-03 11:47:00,18.65,18.65,18.65,18.65,1000.0
2019-04-03 11:48:00,18.65,18.65,18.65,18.65,100.0
2019-04-03 11:52:00,18.65,18.65,18.65,18.65,451.0
2019-04-03 11:56:00,18.65,18.65,18.65,18.65,200.0
2019-04-03 12:04:00,18.65,18.65,18.65,18.65,142.0
2019-04-03 12:10:00,18.67,18.67,18.67,18.67,334.0
2019-04-03 12:21:00,18.65,18.65,18.65,18.65,6320.0
2019-04-03 12:26:00,18.64,18.64,18.64,18.64,200.0
2019-04-03 12:38:00,18.64,18.64,18.64,18.64,102.0
2019-04-03 12:46:00,18.64,18.64,18.64,18.64,100.0
2019-04-03 12:54:00,18.64,18.64,18.64,18.64,300.0
2019-04-03 13:02:00,18.64,18.64,18.64,18.64,200.0
2019-04-03 13:11:00,18.64,18.64,18.64,18.64,100.0
2019-04-03 13:21:00,18.64,18.64,18.64,18.64,200.0
2019-04-03 13:24:00,18.64,18.6575,18.64,18.6573,1213.0
2019-04-03 13:31:00,18.64,18.64,18.64,18.64,116.0
2019-04-03 13:44:00,18.6681,18.6681,18.6681,18.6681,542.0
2019-04-03 13:49:00,18.65,18.65,18.65,18.65,100.0
2019-04-03 13:50:00,18.65,18.65,18.64,18.64,300.0
2019-04-03 14:06:00,18.64,18.64,18.64,18.64,100.0
2019-04-03 14:11:00,18.64,18.64,18.64,18.64,222.0
2019-04-03 14:23:00,18.64,18.64,18.64,18.64,100.0
2019-04-03 14:24:00,18.6729,18.6729,18.6729,18.6729,300.0
2019-04-03 14:32:00,18.665,18.665,18.6401,18.6401,500.0
2019-04-03 14:37:00,18.64,18.64,18.64,18.64,200.0
2019-04-03 14:41:00,18.64,18.64,18.64,18.64,100.0
2019-04-03 14:53:00,18.64,18.64,18.64,18.64,200.0
2019-04-03 14:55:00,18.64,18.64,18.64,18.64,100.0
2019-04-03 15:06:00,18.64,18.64,18.64,18.64,100.0
2019-04-03 15:10:00,18.665,18.665,18.64,18.6557,710.0
2019-04-03 15:13:00,18.64,18.64,18.64,18.64,200.0
2019-04-03 15:21:00,18.65,18.65,18.65,18.65,100.0
2019-04-03 15:26:00,18.6756,18.6756,18.6756,18.6756,200.0
2019-04-03 15:28:00,18.67,18.68,18.67,18.68,1000.0
2019-04-03 15:31:00,18.68,18.68,18.68,18.68,200.0
2019-04-03 15:32:00,18.6867,18.6867,18.6867,18.6867,200.0
2019-04-03 15:35:00,18.68,18.68,18.68,18.68,100.0
2019-04-03 15:36:00,18.68,18.68,18.68,18.68,200.0
2019-04-03 15:44:00,18.67,18.67,18.67,18.67,100.0
2019-04-03 15:48:00,18.67,18.67,18.67,18.67,100.0
2019-04-03 15:49:00,18.67,18.67,18.67,18.67,100.0
2019-04-03 15:52:00,18.67,18.688,18.67,18.688,300.0
2019-04-03 15:53:00,18.67,18.67,18.67,18.67,100.0
2019-04-03 15:54:00,18.689,18.689,18.67,18.67,400.0
2019-04-03 15:57:00,18.67,18.6832,18.67,18.6832,200.0
2019-04-03 15:59:00,18.67,18.67,18.67,18.67,200.0
2019-04-03 16:00:00,18.67,18.68,18.67,18.68,479.0
