
2019-03-19 09:31:00,134.4866,134.4866,134.4866,134.4866,0.0
2019-03-19 09:36:00,134.69,134.69,134.69,134.69,0.0
2019-03-19 09:41:00,134.2,134.2,134.2,134.2,415.0
2019-03-19 09:42:00,134.21,134.21,134.21,134.21,496.0
2019-03-19 09:56:00,134.54,134.54,134.54,134.54,400.0
2019-03-19 10:00:00,134.44,134.44,134.44,134.44,250.0
2019-03-19 10:08:00,134.441,134.441,134.441,134.441,400.0
2019-03-19 10:11:00,134.6,134.6,134.6,134.6,615.0
2019-03-19 10:26:00,134.41,134.41,134.41,134.41,302.0
2019-03-19 10:32:00,134.3152,134.3152,134.3152,134.3152,224.0
2019-03-19 10:44:00,134.44,134.44,134.44,134.44,211.0
2019-03-19 10:45:00,134.4,134.4,134.4,134.4,185.0
2019-03-19 10:51:00,134.36,134.36,134.36,134.36,100.0
2019-03-19 11:05:00,134.4407,134.4407,134.4407,134.4407,159.0
2019-03-19 11:07:00,134.39,134.39,134.39,134.39,325.0
2019-03-19 11:08:00,134.34,134.34,134.34,134.34,127.0
2019-03-19 11:13:00,134.48,134.48,134.48,134.48,730.0
2019-03-19 11:24:00,134.65,134.65,134.65,134.65,454.0
2019-03-19 11:26:00,134.71,134.71,134.71,134.71,693.0
2019-03-19 11:34:00,134.685,134.685,134.685,134.685,100.0
2019-03-19 11:39:00,134.6418,134.6418,134.6418,134.6418,850.0
2019-03-19 11:41:00,134.63,134.63,134.63,134.63,100.0
2019-03-19 11:50:00,134.79,134.79,134.79,134.79,624.0
2019-03-19 11:56:00,134.8083,134.8083,134.8083,134.8083,148.0
2019-03-19 11:57:00,134.85,134.85,134.85,134.85,200.0
2019-03-19 12:00:00,134.95,134.95,134.95,134.95,312.0
2019-03-19 12:03:00,135.045,135.045,135.045,135.045,100.0
2019-03-19 12:04:00,135.0648,135.0648,135.0648,135.0648,256.0
2019-03-19 12:19:00,135.08,135.08,135.08,135.08,165.0
2019-03-19 12:32:00,134.93,134.93,134.93,134.93,315.0
2019-03-19 12:47:00,134.79,134.79,134.71,134.71,2633.0
2019-03-19 12:50:00,134.38,134.38,134.38,134.38,240.0
2019-03-19 12:56:00,134.33,134.33,134.33,134.33,300.0
2019-03-19 13:00:00,134.51,134.51,134.51,134.51,100.0
2019-03-19 13:02:00,134.5358,134.5358,134.5358,134.5358,231.0
2019-03-19 13:07:00,134.6,134.6,134.6,134.6,560.0
2019-03-19 13:12:00,134.49,134.49,134.49,134.49,100.0
2019-03-19 13:13:00,134.5145,134.5145,134.5145,134.5145,115.0
2019-03-19 13:16:00,134.56,134.56,134.56,134.56,883.0
2019-03-19 13:33:00,134.75,134.75,134.75,134.75,484.0
2019-03-19 13:54:00,134.6793,134.6793,134.6793,134.6793,174.0
2019-03-19 14:09:00,134.8668,134.8668,134.8668,134.8668,368.0
2019-03-19 14:29:00,134.8401,134.8401,134.8401,134.8401,170.0
2019-03-19 14:57:00,134.64,134.64,134.64,134.64,697.0
2019-03-19 14:59:00,134.66,134.66,134.66,134.66,215.0
2019-03-19 15:00:00,134.6,134.6,134.6,134.6,342.0
2019-03-19 15:05:00,134.6625,134.6625,134.6625,134.6625,360.0
2019-03-19 15:32:00,134.12,134.12,134.12,134.12,557.0
2019-03-19 15:36:00,134.04,134.04,134.04,134.04,0.0
2019-03-19 15:38:00,133.9967,133.9967,133.9967,133.9967,358.0
2019-03-19 15:42:00,133.87,133.87,133.87,133.87,376.0
2019-03-19 15:46:00,133.94,133.94,133.94,133.94,364.0
2019-03-19 15:48:00,134.07,134.07,134.07,134.07,165.0
2019-03-19 15:53:00,133.96,133.96,133.96,133.96,108.0
2019-03-19 15:56:00,134.06,134.07,134.06,134.07,958.0
2019-03-19 15:59:00,134.18,134.18,134.18,134.18,611.0
2019-03-19 16:00:00,134.24,134.24,134.24,134.24,425.0
2019-03-20 09:31:00,134.35,134.35,134.35,134.35,0.0
2019-03-20 09:47:00,133.97,133.97,133.97,133.97,100.0
2019-03-20 09:49:00,133.95,133.95,133.95,133.95,100.0
2019-03-20 09:59:00,134.09,134.09,134.09,134.09,100.0
2019-03-20 10:01:00,134.1,134.1,134.1,134.1,100.0
2019-03-20 10:02:00,134.27,134.27,134.27,134.27,264.0
2019-03-20 10:06:00,134.21,134.21,134.21,134.21,214.0
2019-03-20 10:08:00,134.37,134.37,134.37,134.37,175.0
2019-03-20 10:18:00,134.1102,134.1102,134.1102,134.1102,610.0
2019-03-20 10:24:00,134.14,134.14,134.14,134.14,78.0
2019-03-20 10:39:00,134.16,134.16,134.16,134.16,175.0
2019-03-20 10:44:00,134.31,134.31,134.31,134.31,100.0
2019-03-20 10:50:00,134.49,134.49,134.49,134.49,373.0
2019-03-20 10:55:00,134.42,134.42,134.42,134.42,916.0
2019-03-20 10:57:00,134.45,134.45,134.45,134.45,100.0
2019-03-20 11:01:00,134.5,134.5,134.5,134.5,196.0
2019-03-20 11:12:00,134.5,134.5,134.5,134.5,102.0
2019-03-20 11:18:00,134.43,134.43,134.43,134.43,413.0
2019-03-20 11:27:00,134.355,134.355,134.355,134.355,201.0
2019-03-20 11:28:00,134.3752,134.3752,134.3752,134.3752,121.0
2019-03-20 11:35:00,134.16,134.16,134.16,134.16,175.0
2019-03-20 11:44:00,133.99,133.99,133.99,133.99,257.0
2019-03-20 12:02:00,133.75,133.75,133.75,133.75,410.0
2019-03-20 12:28:00,134.0266,134.0266,134.0266,134.0266,100.0
2019-03-20 12:31:00,133.96,133.96,133.96,133.96,100.0
2019-03-20 12:33:00,133.83,133.83,133.83,133.83,150.0
2019-03-20 12:43:00,133.71,133.71,133.71,133.71,461.0
2019-03-20 13:31:00,133.98,133.98,133.98,133.98,100.0
2019-03-20 13:37:00,134.0751,134.0751,134.0751,134.0751,125.0
2019-03-20 13:39:00,134.11,134.11,134.11,134.11,300.0
2019-03-20 13:41:00,134.08,134.08,134.08,134.08,250.0
2019-03-20 13:53:00,134.23,134.23,134.23,134.23,200.0
2019-03-20 13:55:00,134.27,134.27,134.27,134.27,200.0
2019-03-20 14:00:00,134.31,134.31,134.31,134.31,185.0
2019-03-20 14:01:00,134.44,134.44,134.44,134.44,628.0
2019-03-20 14:03:00,134.83,134.83,134.83,134.83,100.0
2019-03-20 14:04:00,134.94,134.94,134.94,134.94,242.0
2019-03-20 14:05:00,135.08,135.08,135.08,135.08,260.0
2019-03-20 14:06:00,135.1912,135.1912,135.1912,135.1912,300.0
2019-03-20 14:07:00,135.2281,135.2281,135.2281,135.2281,600.0
2019-03-20 14:08:00,135.04,135.04,135.04,135.04,144.0
2019-03-20 14:12:00,135.1926,135.1926,135.1926,135.1926,200.0
2019-03-20 14:13:00,135.0801,135.0801,135.0801,135.0801,700.0
2019-03-20 14:18:00,135.17,135.17,135.17,135.17,209.0
2019-03-20 14:21:00,135.14,135.14,135.14,135.14,423.0
2019-03-20 14:26:00,135.39,135.39,135.39,135.39,100.0
2019-03-20 14:27:00,135.56,135.56,135.56,135.56,365.0
2019-03-20 14:30:00,135.6,135.6,135.6,135.6,370.0
2019-03-20 14:35:00,135.7325,135.7325,135.7325,135.7325,300.0
2019-03-20 14:37:00,135.77,135.77,135.77,135.77,103.0
2019-03-20 14:43:00,135.67,135.67,135.67,135.67,377.0
2019-03-20 14:48:00,135.76,135.76,135.76,135.76,100.0
2019-03-20 14:52:00,135.8412,135.8412,135.8412,135.8412,107.0
2019-03-20 14:53:00,135.9799,135.9799,135.9799,135.9799,315.0
2019-03-20 15:04:00,135.61,135.61,135.61,135.61,338.0
2019-03-20 15:19:00,135.63,135.63,135.63,135.63,2200.0
2019-03-20 15:20:00,135.67,135.67,135.67,135.67,259.0
2019-03-20 15:32:00,135.46,135.46,135.46,135.46,200.0
2019-03-20 15:33:00,135.36,135.36,135.36,135.36,333.0
2019-03-20 15:35:00,135.13,135.18,135.13,135.18,300.0
2019-03-20 15:36:00,135.2429,135.2429,135.2429,135.2429,1182.0
2019-03-20 15:48:00,135.71,135.71,135.71,135.71,524.0
2019-03-20 15:56:00,135.4894,135.4894,135.4894,135.4894,343.0
2019-03-20 15:57:00,135.4506,135.4506,135.4506,135.4506,150.0
2019-03-20 15:59:00,135.57,135.57,135.57,135.57,526.0
2019-03-20 16:00:00,135.57,135.57,135.57,135.57,952.0
2019-03-21 09:31:00,134.9,134.9,134.9,134.9,0.0
2019-03-21 09:33:00,134.95,134.95,134.95,134.95,300.0
2019-03-21 09:37:00,135.28,135.28,135.28,135.28,794.0
2019-03-21 09:59:00,135.79,135.79,135.79,135.79,250.0
2019-03-21 10:14:00,135.67,135.67,135.67,135.67,200.0
2019-03-21 10:17:00,135.43,135.43,135.43,135.43,400.0
2019-03-21 10:23:00,135.4944,135.4944,135.4944,135.4944,2000.0
2019-03-21 10:24:00,135.56,135.56,135.56,135.56,200.0
2019-03-21 10:27:00,135.89,135.89,135.89,135.89,600.0
2019-03-21 10:28:00,135.87,135.87,135.87,135.87,150.0
2019-03-21 10:29:00,135.9,135.9,135.9,135.9,455.0
2019-03-21 10:35:00,135.99,135.99,135.99,135.99,441.0
2019-03-21 10:40:00,136.12,136.12,136.12,136.12,607.0
2019-03-21 10:43:00,136.07,136.07,136.07,136.07,100.0
2019-03-21 10:47:00,136.0,136.0,136.0,136.0,200.0
2019-03-21 10:54:00,136.25,136.25,136.25,136.25,244.0
2019-03-21 11:03:00,136.25,136.25,136.25,136.25,200.0
2019-03-21 11:04:00,136.36,136.36,136.36,136.36,2418.0
2019-03-21 11:06:00,136.4172,136.4172,136.4172,136.4172,223.0
2019-03-21 11:24:00,136.1314,136.1314,136.1314,136.1314,270.0
2019-03-21 11:28:00,136.065,136.065,136.065,136.065,306.0
2019-03-21 11:43:00,136.249,136.249,136.249,136.249,170.0
2019-03-21 11:48:00,136.19,136.19,136.19,136.19,100.0
2019-03-21 11:49:00,136.1649,136.1649,136.1649,136.1649,460.0
2019-03-21 11:58:00,136.12,136.12,136.12,136.12,311.0
2019-03-21 11:59:00,136.17,136.17,136.17,136.17,92.0
2019-03-21 12:19:00,136.12,136.12,136.12,136.12,100.0
2019-03-21 12:20:00,136.11,136.11,136.11,136.11,154.0
2019-03-21 12:31:00,135.96,135.96,135.96,135.96,420.0
2019-03-21 12:54:00,135.9999,135.9999,135.9999,135.9999,551.0
2019-03-21 13:28:00,136.31,136.31,136.31,136.31,272.0
2019-03-21 13:30:00,136.2868,136.2868,136.2868,136.2868,215.0
2019-03-21 13:32:00,136.36,136.36,136.36,136.36,300.0
2019-03-21 13:33:00,136.35,136.35,136.35,136.35,115.0
2019-03-21 13:47:00,136.2971,136.2971,136.2971,136.2971,275.0
2019-03-21 13:52:00,136.4091,136.4091,136.4091,136.4091,119.0
2019-03-21 13:54:00,136.4,136.4,136.4,136.4,307.0
2019-03-21 14:33:00,136.8599,136.8599,136.8599,136.8599,1131.0
2019-03-21 14:58:00,136.98,136.98,136.98,136.98,280.0
2019-03-21 15:06:00,136.99,136.99,136.99,136.99,376.0
2019-03-21 15:09:00,137.16,137.16,137.16,137.16,92.0
2019-03-21 15:27:00,137.0562,137.0562,137.0562,137.0562,200.0
2019-03-21 15:31:00,136.98,136.98,136.98,136.98,270.0
2019-03-21 15:35:00,137.06,137.06,137.06,137.06,140.0
2019-03-21 15:44:00,137.24,137.24,137.24,137.24,476.0
2019-03-21 15:52:00,137.14,137.14,137.14,137.14,226.0
2019-03-21 15:53:00,137.189,137.189,137.189,137.189,103.0
2019-03-21 15:56:00,137.07,137.07,137.07,137.07,727.0
2019-03-21 15:59:00,137.14,137.14,137.14,137.14,300.0
2019-03-21 16:00:00,137.1,137.1,137.1,137.1,0.0
2019-03-22 09:33:00,136.29,136.29,136.29,136.29,270.0
2019-03-22 09:37:00,136.43,136.43,136.43,136.43,209.0
2019-03-22 09:42:00,136.645,136.645,136.645,136.645,575.0
2019-03-22 09:43:00,136.69,136.69,136.69,136.69,200.0
2019-03-22 09:47:00,136.2516,136.2516,136.2516,136.2516,250.0
2019-03-22 09:48:00,136.2516,136.2516,136.2516,136.2516,0.0
2019-03-22 09:52:00,136.1186,136.1186,136.1186,136.1186,400.0
2019-03-22 09:54:00,135.89,135.89,135.89,135.89,646.0
2019-03-22 09:55:00,135.8,135.8,135.8,135.8,1308.0
2019-03-22 09:57:00,135.62,135.62,135.62,135.62,280.0
2019-03-22 10:00:00,135.3699,135.3699,135.3699,135.3699,100.0
2019-03-22 10:01:00,135.53,135.53,135.53,135.53,150.0
2019-03-22 10:02:00,135.65,135.65,135.65,135.65,751.0
2019-03-22 10:08:00,135.5596,135.5596,135.5596,135.5596,315.0
2019-03-22 10:13:00,135.83,135.83,135.83,135.83,600.0
2019-03-22 10:19:00,136.2,136.2,136.2,136.2,374.0
2019-03-22 10:29:00,135.7853,135.7853,135.7853,135.7853,609.0
2019-03-22 10:31:00,135.95,135.95,135.95,135.95,0.0
2019-03-22 10:36:00,135.68,135.68,135.68,135.68,738.0
2019-03-22 10:43:00,135.4298,135.4298,135.4298,135.4298,304.0
2019-03-22 10:48:00,135.41,135.41,135.41,135.41,100.0
2019-03-22 10:49:00,135.2258,135.2503,135.2258,135.2503,300.0
2019-03-22 10:50:00,135.2529,135.2529,135.2529,135.2529,471.0
2019-03-22 10:51:00,135.175,135.175,135.175,135.175,300.0
2019-03-22 11:01:00,134.9015,134.9015,134.9015,134.9015,310.0
2019-03-22 11:05:00,134.86,134.86,134.86,134.86,241.0
2019-03-22 11:12:00,134.6688,134.6688,134.6688,134.6688,246.0
2019-03-22 11:14:00,134.6816,134.6816,134.6816,134.6816,192.0
2019-03-22 11:17:00,134.61,134.61,134.61,134.61,100.0
2019-03-22 11:18:00,134.6219,134.6219,134.6219,134.6219,100.0
2019-03-22 11:20:00,134.9,134.9,134.9,134.9,345.0
2019-03-22 11:27:00,134.56,134.56,134.56,134.56,195.0
2019-03-22 11:48:00,134.034,134.034,134.034,134.034,181.0
2019-03-22 11:52:00,133.97,133.97,133.97,133.97,1186.0
2019-03-22 11:56:00,133.81,133.81,133.81,133.81,262.0
2019-03-22 12:23:00,134.1001,134.1001,134.1001,134.1001,300.0
2019-03-22 12:44:00,133.61,133.61,133.61,133.61,595.0
2019-03-22 12:48:00,133.64,133.64,133.64,133.64,0.0
2019-03-22 12:52:00,133.81,133.81,133.81,133.81,703.0
2019-03-22 13:14:00,134.0065,134.0065,134.0065,134.0065,290.0
2019-03-22 13:21:00,133.82,133.82,133.82,133.82,126.0
2019-03-22 13:36:00,133.79,133.79,133.79,133.79,254.0
2019-03-22 13:41:00,133.87,133.87,133.87,133.87,326.0
2019-03-22 13:55:00,133.49,133.49,133.49,133.49,300.0
2019-03-22 13:56:00,133.5428,133.5428,133.5428,133.5428,142.0
2019-03-22 13:59:00,133.4666,133.4666,133.4666,133.4666,332.0
2019-03-22 14:37:00,133.8998,133.8998,133.8998,133.8998,160.0
2019-03-22 14:41:00,133.91,133.91,133.91,133.91,497.0
2019-03-22 14:50:00,134.21,134.21,134.21,134.21,43.0
2019-03-22 15:10:00,134.0656,134.0656,134.0656,134.0656,262.0
2019-03-22 15:27:00,133.8001,133.8001,133.8001,133.8001,159.0
2019-03-22 15:31:00,133.6299,133.6299,133.6299,133.6299,1984.0
2019-03-22 15:39:00,133.57,133.57,133.57,133.57,115.0
2019-03-22 15:44:00,133.3537,133.3537,133.3537,133.3537,411.0
2019-03-22 15:50:00,133.4401,133.4401,133.4401,133.4401,337.0
2019-03-22 15:51:00,133.44,133.44,133.44,133.44,105.0
2019-03-22 15:52:00,133.39,133.39,133.39,133.39,231.0
2019-03-22 15:55:00,133.2801,133.31,133.2801,133.31,377.0
2019-03-22 15:56:00,133.2,133.35,133.2,133.35,657.0
2019-03-22 15:58:00,133.25,133.25,133.25,133.25,297.0
2019-03-22 16:00:00,133.32,133.32,133.32,133.32,736.0
2019-03-25 09:31:00,132.2977,132.2977,132.2977,132.2977,2772.0
2019-03-25 09:35:00,132.378,132.378,132.378,132.378,637.0
2019-03-25 09:42:00,133.27,133.27,133.27,133.27,150.0
2019-03-25 09:44:00,133.0,133.0,133.0,133.0,1428.0
2019-03-25 09:45:00,132.82,132.82,132.82,132.82,269.0
2019-03-25 09:49:00,132.29,132.29,132.29,132.29,523.0
2019-03-25 09:50:00,132.18,132.18,132.18,132.18,145.0
2019-03-25 09:52:00,132.62,132.62,132.62,132.62,1004.0
2019-03-25 09:55:00,132.3973,132.3973,132.3973,132.3973,425.0
2019-03-25 09:57:00,132.522,132.522,132.522,132.522,626.0
2019-03-25 09:58:00,132.41,132.41,132.41,132.41,452.0
2019-03-25 09:59:00,132.43,132.43,132.43,132.43,452.0
2019-03-25 10:01:00,132.54,132.54,132.54,132.54,100.0
2019-03-25 10:04:00,132.45,132.45,132.45,132.45,214.0
2019-03-25 10:05:00,132.49,132.49,132.49,132.49,897.0
2019-03-25 10:15:00,132.25,132.25,132.25,132.25,205.0
2019-03-25 10:19:00,132.46,132.47,132.46,132.47,825.0
2019-03-25 10:29:00,132.796,132.796,132.796,132.796,400.0
2019-03-25 10:30:00,132.8001,132.8001,132.8001,132.8001,700.0
2019-03-25 10:33:00,133.05,133.05,133.05,133.05,200.0
2019-03-25 10:39:00,132.82,132.82,132.82,132.82,1262.0
2019-03-25 10:46:00,133.18,133.18,133.18,133.18,203.0
2019-03-25 10:50:00,133.37,133.37,133.37,133.37,300.0
2019-03-25 10:52:00,133.7,133.7,133.7,133.7,210.0
2019-03-25 11:08:00,133.6366,133.6366,133.6366,133.6366,300.0
2019-03-25 11:11:00,133.7012,133.7012,133.7012,133.7012,227.0
2019-03-25 11:13:00,133.542,133.542,133.542,133.542,225.0
2019-03-25 11:30:00,134.0106,134.0106,134.0106,134.0106,126.0
2019-03-25 11:40:00,133.9,133.9,133.9,133.9,1538.0
2019-03-25 11:47:00,133.65,133.65,133.65,133.65,100.0
2019-03-25 11:56:00,133.4732,133.4732,133.4732,133.4732,255.0
2019-03-25 12:15:00,133.6572,133.6572,133.6572,133.6572,331.0
2019-03-25 12:50:00,133.31,133.31,133.31,133.31,206.0
2019-03-25 13:04:00,133.5,133.5,133.5,133.5,100.0
2019-03-25 13:11:00,133.5168,133.5168,133.5168,133.5168,1114.0
2019-03-25 13:24:00,133.4552,133.4552,133.4552,133.4552,0.0
2019-03-25 13:34:00,133.3068,133.3068,133.3068,133.3068,200.0
2019-03-25 13:43:00,133.3791,133.3791,133.3791,133.3791,300.0
2019-03-25 13:46:00,133.3,133.3,133.3,133.3,176.0
2019-03-25 13:57:00,132.98,132.98,132.98,132.98,145.0
2019-03-25 14:03:00,133.1752,133.1752,133.1752,133.1752,152.0
2019-03-25 14:07:00,132.9877,132.9877,132.9877,132.9877,504.0
2019-03-25 14:10:00,132.99,132.99,132.99,132.99,184.0
2019-03-25 14:13:00,133.0386,133.0386,133.0386,133.0386,203.0
2019-03-25 14:36:00,133.3,133.3,133.3,133.3,143.0
2019-03-25 14:38:00,133.2,133.2,133.2,133.2,233.0
2019-03-25 14:46:00,133.418,133.418,133.418,133.418,439.0
2019-03-25 15:08:00,133.6615,133.6615,133.6615,133.6615,100.0
2019-03-25 15:14:00,133.8669,133.9,133.8669,133.9,846.0
2019-03-25 15:18:00,133.9352,133.9352,133.9352,133.9352,160.0
2019-03-25 15:20:00,133.8639,133.8639,133.8639,133.8639,100.0
2019-03-25 15:22:00,133.85,133.85,133.85,133.85,216.0
2019-03-25 15:23:00,133.88,133.88,133.88,133.88,494.0
2019-03-25 15:27:00,134.06,134.06,134.06,134.06,277.0
2019-03-25 15:34:00,134.0341,134.0341,134.0341,134.0341,121.0
2019-03-25 15:38:00,134.0,134.0,134.0,134.0,224.0
2019-03-25 15:49:00,133.92,133.92,133.92,133.92,240.0
2019-03-25 15:54:00,133.91,133.91,133.91,133.91,203.0
2019-03-25 15:56:00,133.75,133.75,133.75,133.75,303.0
2019-03-25 15:57:00,133.76,133.8,133.76,133.8,1189.0
2019-03-25 15:58:00,133.93,133.93,133.93,133.93,1273.0
2019-03-25 15:59:00,133.97,133.97,133.97,133.97,128.0
2019-03-25 16:00:00,133.88,133.88,133.88,133.88,1587.0
2019-03-26 09:31:00,134.69,134.69,134.69,134.69,0.0
2019-03-26 09:36:00,134.853,134.853,134.853,134.853,175.0
2019-03-26 09:37:00,135.015,135.015,135.015,135.015,360.0
2019-03-26 09:42:00,134.83,134.83,134.83,134.83,100.0
2019-03-26 09:47:00,135.17,135.17,135.17,135.17,346.0
2019-03-26 09:50:00,135.04,135.04,135.04,135.04,100.0
2019-03-26 09:55:00,135.2693,135.2693,135.2693,135.2693,705.0
2019-03-26 09:56:00,135.18,135.18,135.18,135.18,300.0
2019-03-26 10:00:00,135.5059,135.5059,135.5059,135.5059,437.0
2019-03-26 10:09:00,135.2799,135.2799,135.2799,135.2799,131.0
2019-03-26 10:16:00,135.07,135.07,135.07,135.07,136.0
2019-03-26 10:18:00,134.8494,134.8494,134.8494,134.8494,1835.0
2019-03-26 10:35:00,134.71,134.71,134.71,134.71,1160.0
2019-03-26 10:42:00,134.82,134.82,134.82,134.82,107.0
2019-03-26 10:45:00,134.76,134.76,134.76,134.76,525.0
2019-03-26 10:58:00,135.3146,135.3146,135.3146,135.3146,206.0
2019-03-26 11:01:00,135.25,135.25,135.25,135.25,100.0
2019-03-26 11:03:00,135.2129,135.2129,135.2129,135.2129,120.0
2019-03-26 11:05:00,135.25,135.25,135.25,135.25,250.0
2019-03-26 11:23:00,134.845,134.845,134.845,134.845,130.0
2019-03-26 11:30:00,134.89,134.89,134.89,134.89,122.0
2019-03-26 11:49:00,134.5,134.5,134.5,134.5,1665.0
2019-03-26 11:55:00,134.49,134.49,134.49,134.49,100.0
2019-03-26 12:12:00,134.84,134.84,134.84,134.84,136.0
2019-03-26 12:15:00,134.93,134.93,134.93,134.93,200.0
2019-03-26 12:17:00,134.93,134.93,134.93,134.93,200.0
2019-03-26 12:21:00,134.8538,134.8538,134.8538,134.8538,188.0
2019-03-26 12:30:00,134.54,134.54,134.54,134.54,350.0
2019-03-26 12:32:00,134.5157,134.5157,134.5157,134.5157,374.0
2019-03-26 12:38:00,134.67,134.67,134.67,134.67,218.0
2019-03-26 13:05:00,134.76,134.76,134.76,134.76,575.0
2019-03-26 13:26:00,134.61,134.61,134.61,134.61,300.0
2019-03-26 13:33:00,134.54,134.54,134.54,134.54,118.0
2019-03-26 13:39:00,134.2707,134.2707,134.2707,134.2707,631.0
2019-03-26 13:40:00,134.3173,134.3173,134.3173,134.3173,300.0
2019-03-26 13:45:00,134.325,134.325,134.325,134.325,300.0
2019-03-26 13:47:00,134.45,134.45,134.45,134.45,265.0
2019-03-26 13:59:00,134.1274,134.1274,134.1274,134.1274,380.0
2019-03-26 14:11:00,133.9,133.9,133.9,133.9,247.0
2019-03-26 14:13:00,133.85,133.85,133.85,133.85,508.0
2019-03-26 14:23:00,133.925,133.925,133.925,133.925,375.0
2019-03-26 14:30:00,133.83,133.83,133.83,133.83,286.0
2019-03-26 15:01:00,133.9967,133.9967,133.9967,133.9967,542.0
2019-03-26 15:31:00,133.71,133.71,133.71,133.71,308.0
2019-03-26 15:33:00,133.84,133.84,133.84,133.84,131.0
2019-03-26 15:56:00,134.11,134.11,134.11,134.11,487.0
2019-03-26 15:57:00,134.0964,134.0964,134.0964,134.0964,427.0
2019-03-26 16:00:00,134.1901,134.22,133.92,133.92,0.0
2019-03-27 09:31:00,134.2,134.2,134.2,134.2,0.0
2019-03-27 09:34:00,134.57,134.57,134.57,134.57,363.0
2019-03-27 09:39:00,134.27,134.27,134.27,134.27,159.0
2019-03-27 09:43:00,134.48,134.48,134.48,134.48,100.0
2019-03-27 09:46:00,134.3,134.3,134.3,134.3,100.0
2019-03-27 09:49:00,134.14,134.14,134.14,134.14,400.0
2019-03-27 09:51:00,134.26,134.26,134.26,134.26,217.0
2019-03-27 09:58:00,134.22,134.22,134.22,134.22,100.0
2019-03-27 10:02:00,133.97,133.97,133.97,133.97,200.0
2019-03-27 10:06:00,134.01,134.01,134.01,134.01,555.0
2019-03-27 10:24:00,134.55,134.55,134.55,134.55,48.0
2019-03-27 10:46:00,133.6441,133.6441,133.5701,133.5701,600.0
2019-03-27 10:49:00,133.79,133.79,133.79,133.79,100.0
2019-03-27 11:02:00,133.99,133.99,133.99,133.99,300.0
2019-03-27 11:12:00,133.322,133.322,133.322,133.322,187.0
2019-03-27 11:14:00,133.11,133.11,133.11,133.11,200.0
2019-03-27 11:16:00,133.0,133.0,133.0,133.0,170.0
2019-03-27 11:18:00,132.94,132.94,132.94,132.94,20930.0
2019-03-27 11:19:00,132.9418,132.9418,132.9418,132.9418,400.0
2019-03-27 11:21:00,132.8888,132.8888,132.8888,132.8888,290.0
2019-03-27 11:28:00,132.69,132.69,132.69,132.69,355.0
2019-03-27 11:32:00,132.46,132.46,132.46,132.46,200.0
2019-03-27 11:34:00,132.4555,132.4555,132.4555,132.4555,250.0
2019-03-27 11:36:00,132.08,132.08,132.08,132.08,400.0
2019-03-27 11:40:00,132.247,132.247,132.247,132.247,400.0
2019-03-27 11:41:00,132.3,132.3,132.3,132.3,100.0
2019-03-27 11:51:00,132.12,132.12,132.12,132.12,215.0
2019-03-27 11:54:00,132.015,132.015,132.015,132.015,677.0
2019-03-27 11:55:00,132.06,132.06,132.06,132.06,0.0
2019-03-27 12:04:00,132.16,132.16,132.16,132.16,220.0
2019-03-27 12:06:00,132.38,132.38,132.38,132.38,219.0
2019-03-27 12:31:00,132.5482,132.5482,132.5482,132.5482,264.0
2019-03-27 12:44:00,132.6304,132.6304,132.6304,132.6304,100.0
2019-03-27 12:46:00,132.81,132.81,132.81,132.81,100.0
2019-03-27 12:50:00,132.86,132.86,132.86,132.86,241.0
2019-03-27 12:52:00,132.8678,132.8678,132.8678,132.8678,310.0
2019-03-27 12:56:00,132.8472,132.8472,132.8472,132.8472,177.0
2019-03-27 13:01:00,132.61,132.61,132.6,132.6,200.0
2019-03-27 13:02:00,132.5732,132.5732,132.5732,132.5732,300.0
2019-03-27 13:04:00,132.55,132.55,132.55,132.55,732.0
2019-03-27 14:08:00,133.0564,133.0564,133.0564,133.0564,417.0
2019-03-27 15:31:00,133.109,133.109,133.109,133.109,338.0
2019-03-27 15:47:00,133.0645,133.0645,133.0645,133.0645,368.0
2019-03-27 15:52:00,133.0289,133.0289,133.0289,133.0289,141.0
2019-03-27 16:00:00,132.79,132.79,132.79,132.79,250.0
2019-03-28 09:41:00,132.5216,132.5216,132.5216,132.5216,200.0
2019-03-28 09:43:00,132.31,132.31,132.31,132.31,200.0
2019-03-28 09:50:00,132.92,132.92,132.8801,132.8801,740.0
2019-03-28 09:51:00,133.13,133.13,133.13,133.13,686.0
2019-03-28 10:01:00,133.29,133.29,133.29,133.29,251.0
2019-03-28 10:14:00,133.57,133.57,133.57,133.57,121.0
2019-03-28 10:31:00,133.46,133.46,133.46,133.46,119.0
2019-03-28 10:44:00,133.5,133.5,133.5,133.5,237.0
2019-03-28 10:51:00,133.4,133.4,133.4,133.4,422.0
2019-03-28 11:02:00,132.85,132.85,132.85,132.85,415.0
2019-03-28 11:06:00,132.76,132.76,132.76,132.76,0.0
2019-03-28 11:23:00,132.67,132.67,132.67,132.67,277.0
2019-03-28 12:01:00,132.79,132.79,132.79,132.79,300.0
2019-03-28 12:11:00,132.61,132.61,132.61,132.61,218.0
2019-03-28 12:20:00,132.75,132.75,132.75,132.75,3693.0
2019-03-28 12:21:00,132.8104,132.8104,132.8104,132.8104,207.0
2019-03-28 12:22:00,132.8175,132.8175,132.8175,132.8175,1327.0
2019-03-28 12:45:00,133.06,133.06,133.06,133.06,200.0
2019-03-28 12:52:00,133.3,133.3,133.3,133.3,408.0
2019-03-28 12:57:00,133.217,133.217,133.217,133.217,353.0
2019-03-28 13:25:00,133.3545,133.3545,133.3545,133.3545,1495.0
2019-03-28 15:02:00,133.29,133.29,133.29,133.29,279.0
2019-03-28 15:12:00,133.385,133.385,133.385,133.385,222.0
2019-03-28 15:41:00,133.291,133.291,133.291,133.291,617.0
2019-03-28 15:50:00,133.3257,133.3257,133.3257,133.3257,138.0
2019-03-28 15:56:00,133.4,133.4,133.4,133.4,276.0
2019-03-28 15:58:00,133.45,133.45,133.45,133.45,215.0
2019-03-28 16:00:00,133.4,133.4,133.29,133.29,0.0
2019-03-29 09:31:00,134.44,134.44,134.44,134.44,0.0
2019-03-29 09:44:00,134.46,134.46,134.46,134.46,100.0
2019-03-29 09:48:00,134.22,134.22,134.22,134.22,306.0
2019-03-29 09:58:00,134.13,134.13,134.13,134.13,100.0
2019-03-29 10:00:00,134.26,134.26,134.26,134.26,150.0
2019-03-29 10:05:00,134.4752,134.4752,134.4752,134.4752,200.0
2019-03-29 10:07:00,134.27,134.27,134.27,134.27,222.0
2019-03-29 10:22:00,134.35,134.35,134.35,134.35,139.0
2019-03-29 10:37:00,134.29,134.29,134.28,134.28,402.0
2019-03-29 10:43:00,134.21,134.21,134.21,134.21,200.0
2019-03-29 10:45:00,134.04,134.04,134.04,134.04,540.0
2019-03-29 10:51:00,133.89,133.89,133.89,133.89,0.0
2019-03-29 11:04:00,134.1,134.12,134.1,134.12,3490.0
2019-03-29 11:09:00,134.31,134.31,134.31,134.31,201.0
2019-03-29 11:29:00,134.475,134.475,134.475,134.475,231.0
2019-03-29 11:32:00,134.69,134.69,134.69,134.69,300.0
2019-03-29 11:39:00,134.64,134.64,134.64,134.64,216.0
2019-03-29 11:54:00,134.382,134.382,134.382,134.382,400.0
2019-03-29 11:55:00,134.36,134.36,134.36,134.36,100.0
2019-03-29 12:03:00,134.23,134.23,134.23,134.23,216.0
2019-03-29 12:15:00,134.28,134.28,134.26,134.26,200.0
2019-03-29 12:22:00,134.2637,134.2637,134.2637,134.2637,683.0
2019-03-29 13:00:00,134.5432,134.5432,134.5432,134.5432,125.0
2019-03-29 13:32:00,134.45,134.45,134.45,134.45,430.0
2019-03-29 13:45:00,134.58,134.58,134.58,134.58,202.0
2019-03-29 14:07:00,134.5655,134.5806,134.5655,134.5806,900.0
2019-03-29 14:31:00,134.6634,134.6634,134.6634,134.6634,100.0
2019-03-29 14:34:00,134.705,134.705,134.705,134.705,100.0
2019-03-29 14:42:00,134.56,134.56,134.56,134.56,127.0
2019-03-29 14:56:00,134.7216,134.7216,134.7216,134.7216,300.0
2019-03-29 15:01:00,134.7208,134.7208,134.7208,134.7208,300.0
2019-03-29 15:02:00,134.7344,134.8,134.7344,134.8,300.0
2019-03-29 15:03:00,134.8,134.8053,134.8,134.8053,467.0
2019-03-29 15:25:00,134.555,134.555,134.555,134.555,142.0
2019-03-29 15:30:00,134.56,134.5735,134.56,134.5735,1709.0
2019-03-29 15:46:00,134.64,134.64,134.64,134.64,2027.0
2019-03-29 15:47:00,134.68,134.68,134.68,134.68,100.0
2019-03-29 15:50:00,134.555,134.555,134.555,134.555,251.0
2019-03-29 15:52:00,134.57,134.57,134.57,134.57,159.0
2019-03-29 15:54:00,134.67,134.67,134.67,134.67,100.0
2019-03-29 15:57:00,134.6901,134.6901,134.6901,134.6901,803.0
2019-03-29 15:59:00,134.7,134.74,134.7,134.74,323.0
2019-03-29 16:00:00,134.6799,134.74,134.6799,134.74,421.0
2019-04-01 09:31:00,136.14,136.14,136.14,136.14,0.0
2019-04-01 09:36:00,136.628,136.628,136.628,136.628,355.0
2019-04-01 09:47:00,136.29,136.29,136.29,136.29,164.0
2019-04-01 09:53:00,136.32,136.32,136.32,136.32,317.0
2019-04-01 09:54:00,136.23,136.23,136.23,136.23,221.0
2019-04-01 09:56:00,136.07,136.07,136.07,136.07,300.0
2019-04-01 09:57:00,136.06,136.06,136.06,136.06,100.0
2019-04-01 10:01:00,136.16,136.16,136.16,136.16,200.0
2019-04-01 10:02:00,136.3447,136.3447,136.3447,136.3447,600.0
2019-04-01 10:03:00,136.266,136.266,136.266,136.266,362.0
2019-04-01 10:30:00,136.105,136.105,136.105,136.105,300.0
2019-04-01 10:39:00,136.2264,136.2264,136.2264,136.2264,790.0
2019-04-01 10:41:00,136.3499,136.3499,136.3499,136.3499,522.0
2019-04-01 10:56:00,136.525,136.525,136.525,136.525,119.0
2019-04-01 10:57:00,136.4897,136.4897,136.4897,136.4897,137.0
2019-04-01 10:59:00,136.4401,136.4401,136.4401,136.4401,200.0
2019-04-01 11:03:00,136.5021,136.5021,136.5021,136.5021,819.0
2019-04-01 11:04:00,136.62,136.62,136.62,136.62,5150.0
2019-04-01 11:07:00,136.595,136.595,136.595,136.595,300.0
2019-04-01 11:08:00,136.7,136.7,136.7,136.7,234.0
2019-04-01 11:09:00,136.76,136.76,136.76,136.76,100.0
2019-04-01 11:12:00,136.6252,136.71,136.6252,136.71,526.0
2019-04-01 11:22:00,136.84,136.84,136.84,136.84,400.0
2019-04-01 11:24:00,136.84,136.84,136.84,136.84,373.0
2019-04-01 11:28:00,136.8599,136.8599,136.8599,136.8599,486.0
2019-04-01 11:34:00,136.65,136.65,136.65,136.65,660.0
2019-04-01 11:35:00,136.6046,136.6046,136.6046,136.6046,338.0
2019-04-01 11:50:00,136.77,136.77,136.77,136.77,301.0
2019-04-01 12:05:00,136.72,136.72,136.72,136.72,142.0
2019-04-01 12:30:00,136.8028,136.8028,136.8028,136.8028,175.0
2019-04-01 12:32:00,136.7805,136.7805,136.7805,136.7805,321.0
2019-04-01 12:45:00,137.0,137.0,137.0,137.0,530.0
2019-04-01 12:53:00,136.97,136.97,136.97,136.97,22061.0
2019-04-01 13:09:00,137.066,137.066,137.066,137.066,199.0
2019-04-01 13:23:00,136.9664,136.9664,136.9664,136.9664,303.0
2019-04-01 13:47:00,137.13,137.13,137.13,137.13,250.0
2019-04-01 13:51:00,137.117,137.117,137.117,137.117,405.0
2019-04-01 13:56:00,137.2149,137.2149,137.2149,137.2149,111.0
2019-04-01 14:01:00,137.14,137.14,137.14,137.14,208.0
2019-04-01 14:23:00,137.05,137.05,137.05,137.05,200.0
2019-04-01 14:30:00,137.07,137.07,137.07,137.07,410.0
2019-04-01 14:39:00,137.12,137.12,137.12,137.12,251.0
2019-04-01 14:41:00,137.1339,137.1339,137.1339,137.1339,268.0
2019-04-01 14:44:00,137.1142,137.1142,137.1142,137.1142,168.0
2019-04-01 14:58:00,137.19,137.19,137.19,137.19,535.0
2019-04-01 15:00:00,137.1399,137.1399,137.1399,137.1399,1100.0
2019-04-01 15:11:00,136.89,136.91,136.89,136.91,1058.0
2019-04-01 15:13:00,136.87,136.87,136.87,136.87,403.0
2019-04-01 15:48:00,136.89,136.89,136.89,136.89,790.0
2019-04-01 15:51:00,136.86,136.86,136.86,136.86,100.0
2019-04-01 15:53:00,136.87,136.87,136.87,136.87,211.0
2019-04-01 15:56:00,136.94,136.94,136.94,136.94,1003.0
2019-04-01 15:58:00,136.97,136.97,136.97,136.97,250.0
2019-04-01 16:00:00,136.91,136.91,136.91,136.91,847.0
2019-04-02 09:31:00,136.91,136.91,136.91,136.91,0.0
2019-04-02 09:57:00,136.775,136.7975,136.775,136.7975,550.0
2019-04-02 10:02:00,136.68,136.68,136.68,136.68,200.0
2019-04-02 10:03:00,136.6935,136.6935,136.6935,136.6935,250.0
2019-04-02 10:05:00,136.7169,136.7169,136.7169,136.7169,544.0
2019-04-02 10:13:00,137.065,137.0696,137.065,137.0696,500.0
2019-04-02 10:19:00,137.2508,137.2573,137.2508,137.2573,600.0
2019-04-02 10:20:00,137.22,137.22,137.22,137.22,300.0
2019-04-02 10:23:00,137.095,137.095,137.095,137.095,345.0
2019-04-02 10:43:00,136.9968,136.9968,136.9968,136.9968,208.0
2019-04-02 10:56:00,137.3942,137.3942,137.3942,137.3942,100.0
2019-04-02 11:03:00,137.275,137.275,137.275,137.275,300.0
2019-04-02 11:07:00,137.0,137.02,137.0,137.02,3030.0
2019-04-02 11:10:00,136.76,136.76,136.76,136.76,259.0
2019-04-02 11:19:00,136.835,136.835,136.835,136.835,235.0
2019-04-02 11:32:00,136.975,136.975,136.975,136.975,101.0
2019-04-02 11:34:00,136.98,136.99,136.97,136.98,645.0
2019-04-02 12:09:00,137.14,137.14,137.14,137.14,147.0
2019-04-02 12:18:00,136.9292,136.9292,136.9292,136.9292,308.0
2019-04-02 12:57:00,136.97,136.97,136.97,136.97,176.0
2019-04-02 12:58:00,136.99,136.99,136.99,136.99,100.0
2019-04-02 13:05:00,137.08,137.08,137.08,137.08,200.0
2019-04-02 13:07:00,137.14,137.14,137.14,137.14,207.0
2019-04-02 13:21:00,137.2,137.2,137.2,137.2,201.0
2019-04-02 13:54:00,137.12,137.12,137.12,137.12,112.0
2019-04-02 14:07:00,137.08,137.08,137.0675,137.0675,3323.0
2019-04-02 14:20:00,137.11,137.139,137.11,137.125,2222.0
2019-04-02 14:21:00,137.1239,137.18,137.1021,137.18,2900.0
2019-04-02 14:27:00,137.2,137.2,137.2,137.2,280.0
2019-04-02 14:35:00,137.18,137.18,137.18,137.18,108.0
2019-04-02 14:42:00,137.2399,137.2399,137.2399,137.2399,140.0
2019-04-02 14:43:00,137.2367,137.2367,137.2367,137.2367,179.0
2019-04-02 14:44:00,137.25,137.25,137.25,137.25,191.0
2019-04-02 14:49:00,137.3,137.3,137.3,137.3,100.0
2019-04-02 14:50:00,137.28,137.28,137.28,137.28,452.0
2019-04-02 15:07:00,137.25,137.25,137.25,137.25,500.0
2019-04-02 15:09:00,137.2601,137.2601,137.2601,137.2601,1039.0
2019-04-02 15:24:00,137.4,137.4,137.4,137.4,389.0
2019-04-02 15:45:00,137.35,137.35,137.35,137.35,235.0
2019-04-02 15:46:00,137.35,137.35,137.34,137.35,613.0
2019-04-03 09:31:00,138.03,138.03,138.03,138.03,0.0
2019-04-03 09:55:00,138.24,138.24,138.24,138.24,100.0
2019-04-03 09:57:00,138.28,138.28,138.28,138.28,167.0
2019-04-03 10:02:00,138.07,138.07,138.07,138.07,743.0
2019-04-03 10:07:00,138.02,138.04,138.02,138.04,350.0
2019-04-03 10:09:00,138.1548,138.1548,138.1548,138.1548,268.0
2019-04-03 10:26:00,138.68,138.71,138.68,138.71,1159.0
2019-04-03 10:34:00,138.77,138.77,138.77,138.77,111.0
2019-04-03 11:02:00,138.98,138.98,138.98,138.98,145.0
2019-04-03 11:04:00,139.0,139.0,139.0,139.0,237.0
2019-04-03 11:05:00,139.01,139.01,139.01,139.01,853.0
2019-04-03 11:29:00,138.9201,138.9201,138.9201,138.9201,140.0
2019-04-03 11:37:00,138.937,138.937,138.937,138.937,171.0
2019-04-03 11:53:00,138.99,138.99,138.98,138.99,472.0
2019-04-03 12:04:00,139.1637,139.1637,139.1637,139.1637,323.0
2019-04-03 12:09:00,139.3,139.3,139.3,139.3,146.0
2019-04-03 12:32:00,139.14,139.14,139.14,139.14,219.0
2019-04-03 12:35:00,139.0648,139.0648,139.0648,139.0648,190.0
2019-04-03 12:40:00,139.065,139.065,139.065,139.065,419.0
2019-04-03 12:45:00,139.1,139.1,139.08,139.1,683.0
2019-04-03 13:10:00,139.17,139.17,139.17,139.17,383.0
2019-04-03 13:13:00,139.1055,139.1055,139.1055,139.1055,811.0
2019-04-03 13:20:00,138.81,138.81,138.81,138.81,447.0
2019-04-03 13:30:00,138.9142,138.9142,138.9142,138.9142,190.0
2019-04-03 13:42:00,138.71,138.71,138.69,138.69,435.0
2019-04-03 13:52:00,138.5,138.5,138.48,138.48,547.0
2019-04-03 14:04:00,138.14,138.14,138.14,138.14,0.0
2019-04-03 14:12:00,138.3452,138.3452,138.3452,138.3452,11157.0
2019-04-03 14:23:00,138.4806,138.4806,138.4806,138.4806,205.0
2019-04-03 14:32:00,138.53,138.53,138.53,138.53,448.0
2019-04-03 15:08:00,138.35,138.35,138.3303,138.3303,300.0
2019-04-03 15:11:00,138.22,138.22,138.22,138.22,810.0
2019-04-03 15:23:00,138.0,138.0097,138.0,138.0097,653.0
2019-04-03 15:26:00,138.12,138.12,138.11,138.11,1439.0
2019-04-03 15:47:00,138.08,138.08,138.08,138.08,100.0
2019-04-03 15:51:00,138.22,138.22,138.22,138.22,437.0
2019-04-03 15:54:00,138.23,138.23,138.23,138.23,300.0
2019-04-03 15:56:00,138.2799,138.2799,138.2799,138.2799,110.0
2019-04-03 16:00:00,138.21,138.22,138.21,138.22,965.0
