2018-10-04,10.104,10.104,10.104,10.104,500.0
2018-10-08,10.104,10.104,10.104,10.104,5.0
2018-10-10,10.104,10.104,10.104,10.104,20.0
2018-10-11,10.104,10.104,10.104,10.104,10.0
2018-10-12,10.38,10.38,10.38,10.38,1200.0
2018-10-16,10.38,10.38,10.38,10.38,0.0
2018-10-17,10.38,10.38,10.38,10.38,0.0
2018-10-18,10.38,10.38,10.38,10.38,10.0
2018-10-19,10.38,10.38,10.38,10.38,0.0
2018-10-22,10.38,10.38,10.38,10.38,0.0
2018-10-23,10.38,10.38,10.38,10.38,0.0
2018-10-24,10.38,10.38,10.38,10.38,0.0
2018-10-25,10.38,10.38,10.38,10.38,0.0
2018-10-26,10.38,10.38,10.38,10.38,0.0
2018-10-29,10.38,10.38,10.38,10.38,0.0
2018-10-30,10.38,10.38,10.38,10.38,0.0
2018-10-31,7.48,7.48,7.48,7.48,353.0
2018-11-01,7.48,7.48,7.48,7.48,0.0
2018-11-02,7.48,7.48,7.48,7.48,0.0
2018-11-05,7.48,7.48,7.48,7.48,3.0
2018-11-06,7.48,7.48,7.48,7.48,0.0
2018-11-07,7.48,7.48,7.48,7.48,0.0
2018-11-08,7.48,7.48,7.48,7.48,0.0
2018-11-09,7.48,7.48,7.48,7.48,0.0
2018-11-12,7.48,7.48,7.48,7.48,0.0
2018-11-13,7.48,7.48,7.48,7.48,0.0
2018-11-14,7.48,7.48,7.48,7.48,0.0
2018-11-15,7.48,7.48,7.48,7.48,0.0
2018-11-16,7.48,7.48,7.48,7.48,0.0
2018-11-19,7.48,7.48,7.48,7.48,0.0
2018-11-20,7.48,7.48,7.48,7.48,0.0
2018-11-21,7.48,7.48,7.48,7.48,0.0
2018-11-26,7.48,7.48,7.48,7.48,0.0
2018-11-27,7.48,7.48,7.48,7.48,0.0
2018-11-28,6.73,6.73,6.73,6.73,300.0
2018-11-29,6.73,6.73,6.73,6.73,0.0
2018-11-30,6.73,6.73,6.73,6.73,0.0
2018-12-03,6.73,6.73,6.73,6.73,0.0
2018-12-04,6.73,6.73,6.73,6.73,0.0
2018-12-07,6.73,6.73,6.73,6.73,0.0
2018-12-10,6.73,6.73,6.73,6.73,0.0
2018-12-11,6.55,6.6,6.55,6.55,400.0
2018-12-12,6.55,6.55,6.55,6.55,0.0
2018-12-13,6.55,6.55,6.55,6.55,0.0
2018-12-14,6.55,6.55,6.55,6.55,0.0
2018-12-18,6.55,6.55,6.55,6.55,0.0
2018-12-20,7.5,8.962,6.891,6.891,1451.0
2018-12-21,6.891,6.891,6.891,6.891,65.0
2018-12-24,6.89,6.89,6.89,6.89,0.0
2018-12-26,6.89,6.89,6.89,6.89,0.0
2018-12-27,7.5,7.5,7.5,7.5,100.0
2018-12-28,7.6,7.6,7.6,7.6,235.0
2019-01-03,7.6,7.6,7.6,7.6,0.0
2019-01-04,7.6,7.6,7.6,7.6,0.0
2019-01-07,7.01,7.01,6.6,6.6,200.0
2019-01-08,6.6,6.6,6.6,6.6,0.0
2019-01-09,6.6,6.6,6.6,6.6,0.0
2019-01-10,7.0,7.0,7.0,7.0,100.0
2019-01-11,6.5,6.5,6.5,6.5,100.0
2019-01-14,6.6,7.2,6.6,6.85,3128.0
2019-01-15,6.85,6.85,6.85,6.85,0.0
2019-01-16,6.85,6.85,6.85,6.85,0.0
2019-01-17,6.85,6.85,6.85,6.85,0.0
2019-01-18,6.85,6.85,6.85,6.85,0.0
2019-01-23,6.17,6.85,6.17,6.85,3094.0
2019-01-24,6.85,6.85,6.85,6.85,0.0
2019-01-25,6.85,6.85,6.85,6.85,40.0
2019-01-28,6.28,6.28,6.25,6.25,400.0
2019-01-29,6.25,6.5,6.25,6.5,360.0
2019-01-30,6.5,6.5,6.5,6.5,0.0
2019-01-31,6.5,6.5,6.5,6.5,175.0
2019-02-01,6.5,6.5,6.5,6.5,0.0
2019-02-04,7.0667,7.0667,7.0667,7.0667,227.0
2019-02-05,9.0011,9.0238,6.88,7.526,5066.0
2019-02-06,6.7445,6.7445,6.2,6.2,633.0
2019-02-07,5.99,6.005,5.37,5.37,1853.0
2019-02-08,5.3,5.3,4.7,4.7,1952.0
2019-02-11,5.49,5.49,5.45,5.45,255.0
2019-02-12,5.24,5.24,5.07,5.07,300.0
2019-02-13,5.42,6.05,4.8,5.15,2804.0
2019-02-14,5.15,5.15,5.15,5.15,1.0
2019-02-15,4.79,4.79,4.78,4.78,367.0
2019-02-19,5.0954,5.0954,5.0954,5.0954,250.0
2019-02-20,4.86,4.86,4.86,4.86,100.0
2019-02-21,4.86,4.86,4.86,4.86,1.0
2019-02-22,4.86,4.86,4.86,4.86,164.0
2019-02-25,5.2,5.2,5.2,5.2,441.0
2019-02-26,5.2,5.2,5.2,5.2,0.0
2019-02-27,5.2,5.2,5.2,5.2,1.0
2019-02-28,5.19,5.61,5.19,5.61,4066.0
2019-03-01,5.23,5.23,5.1952,5.2,2380.0
2019-03-04,5.2,5.2,5.2,5.2,0.0
2019-03-05,5.2,5.2,5.2,5.2,0.0
2019-03-06,5.2,5.2,5.2,5.2,0.0
2019-03-07,5.56,5.56,4.84,4.84,3056.0
2019-03-08,4.84,4.84,4.84,4.84,0.0
2019-03-11,4.8918,4.8918,4.8918,4.8918,220.0
2019-03-12,4.89,4.89,4.89,4.89,0.0
2019-03-13,4.89,4.89,4.89,4.89,0.0
2019-03-14,4.89,4.89,4.89,4.89,0.0
2019-03-15,5.0828,5.0828,5.0828,5.0828,500.0
2019-03-18,5.08,5.08,5.08,5.08,100.0
2019-03-19,5.04,5.04,5.0,5.0,1500.0
2019-03-20,5.0,5.0,5.0,5.0,0.0
2019-03-21,5.0,5.0,5.0,5.0,0.0
2019-03-22,5.1,5.1,5.1,5.1,1000.0
