
2019-03-19 09:31:00,1.49,1.52,1.49,1.52,4300.0
2019-03-19 09:32:00,1.4613,1.4613,1.4613,1.4613,151.0
2019-03-19 09:33:00,1.508,1.508,1.508,1.508,150.0
2019-03-19 09:34:00,1.5127,1.5127,1.5127,1.5127,363.0
2019-03-19 09:37:00,1.48,1.48,1.48,1.48,108.0
2019-03-19 09:38:00,1.4958,1.4958,1.4958,1.4958,211.0
2019-03-19 09:40:00,1.468,1.468,1.468,1.468,407.0
2019-03-19 09:45:00,1.452,1.452,1.452,1.452,610.0
2019-03-19 09:48:00,1.488,1.488,1.488,1.488,103.0
2019-03-19 09:51:00,1.46,1.46,1.46,1.46,170.0
2019-03-19 09:52:00,1.488,1.488,1.488,1.488,230.0
2019-03-19 09:53:00,1.49,1.51,1.49,1.51,1550.0
2019-03-19 09:56:00,1.46,1.46,1.46,1.46,157.0
2019-03-19 10:07:00,1.47,1.47,1.47,1.47,407.0
2019-03-19 10:15:00,1.4627,1.4627,1.4627,1.4627,2000.0
2019-03-19 10:18:00,1.47,1.47,1.47,1.47,590.0
2019-03-19 10:23:00,1.484,1.484,1.484,1.484,249.0
2019-03-19 10:31:00,1.46,1.46,1.46,1.46,124.0
2019-03-19 10:32:00,1.469,1.48,1.46,1.48,4213.0
2019-03-19 10:53:00,1.4699,1.4699,1.4699,1.4699,200.0
2019-03-19 11:04:00,1.4734,1.4734,1.4734,1.4734,150.0
2019-03-19 11:06:00,1.467,1.467,1.467,1.467,100.0
2019-03-19 11:08:00,1.46,1.46,1.4389,1.4389,1401.0
2019-03-19 11:10:00,1.41,1.415,1.39,1.39,6140.0
2019-03-19 11:15:00,1.425,1.425,1.42,1.42,2111.0
2019-03-19 11:16:00,1.4101,1.4101,1.4101,1.4101,3003.0
2019-03-19 11:17:00,1.4134,1.425,1.41,1.41,5140.0
2019-03-19 11:26:00,1.42,1.42,1.42,1.42,529.0
2019-03-19 11:32:00,1.41,1.41,1.41,1.41,234.0
2019-03-19 11:37:00,1.43,1.43,1.4001,1.4001,6102.0
2019-03-19 11:40:00,1.4,1.4,1.4,1.4,7523.0
2019-03-19 11:45:00,1.41,1.41,1.38,1.38,3871.0
2019-03-19 11:47:00,1.38,1.38,1.38,1.38,4000.0
2019-03-19 11:48:00,1.3868,1.396,1.3868,1.396,1385.0
2019-03-19 11:53:00,1.396,1.396,1.396,1.396,130.0
2019-03-19 11:55:00,1.3869,1.3869,1.3869,1.3869,417.0
2019-03-19 12:06:00,1.45,1.45,1.45,1.45,200.0
2019-03-19 12:08:00,1.4542,1.4542,1.4542,1.4542,376.0
2019-03-19 12:27:00,1.46,1.46,1.46,1.46,100.0
2019-03-19 12:51:00,1.44,1.44,1.44,1.44,100.0
2019-03-19 12:58:00,1.4,1.4,1.37,1.37,2110.0
2019-03-19 13:07:00,1.43,1.43,1.43,1.43,200.0
2019-03-19 13:08:00,1.4498,1.4498,1.4498,1.4498,262.0
2019-03-19 14:19:00,1.4,1.4025,1.4,1.4025,1559.0
2019-03-19 14:23:00,1.4,1.4,1.4,1.4,106.0
2019-03-19 14:36:00,1.41,1.41,1.41,1.41,652.0
2019-03-19 14:44:00,1.4199,1.4199,1.4199,1.4199,1000.0
2019-03-19 14:48:00,1.404,1.404,1.404,1.404,195.0
2019-03-19 15:06:00,1.401,1.405,1.4,1.4,9417.0
2019-03-19 15:13:00,1.4,1.4,1.4,1.4,2100.0
2019-03-19 15:18:00,1.3964,1.3964,1.3964,1.3964,1455.0
2019-03-19 15:51:00,1.4,1.4014,1.382,1.382,1844.0
2019-03-19 15:52:00,1.39,1.39,1.39,1.39,100.0
2019-03-19 15:54:00,1.37,1.378,1.37,1.37,2601.0
2019-03-19 15:55:00,1.37,1.37,1.37,1.37,1787.0
2019-03-19 15:56:00,1.37,1.37,1.37,1.37,573.0
2019-03-19 15:57:00,1.3799,1.3799,1.3799,1.3799,1000.0
2019-03-19 15:59:00,1.38,1.38,1.38,1.38,1054.0
2019-03-20 09:31:00,1.37,1.37,1.37,1.37,1286.0
2019-03-20 09:32:00,1.3829,1.3829,1.3801,1.3801,346.0
2019-03-20 09:35:00,1.38,1.38,1.38,1.38,298.0
2019-03-20 09:39:00,1.4,1.4,1.4,1.4,156.0
2019-03-20 09:40:00,1.3953,1.3953,1.3953,1.3953,1092.0
2019-03-20 09:48:00,1.38,1.38,1.3704,1.3704,5303.0
2019-03-20 09:49:00,1.38,1.38,1.38,1.38,5538.0
2019-03-20 09:53:00,1.37,1.37,1.37,1.37,101.0
2019-03-20 09:54:00,1.3745,1.3772,1.37,1.3772,5043.0
2019-03-20 10:15:00,1.362,1.362,1.362,1.362,150.0
2019-03-20 10:18:00,1.3652,1.3652,1.3652,1.3652,1712.0
2019-03-20 10:21:00,1.3699,1.3699,1.3699,1.3699,1031.0
2019-03-20 10:25:00,1.37,1.37,1.37,1.37,131.0
2019-03-20 10:41:00,1.3732,1.3732,1.3732,1.3732,3702.0
2019-03-20 11:00:00,1.365,1.365,1.36,1.36,1952.0
2019-03-20 11:02:00,1.3599,1.3599,1.3599,1.3599,600.0
2019-03-20 11:04:00,1.36,1.36,1.36,1.36,1000.0
2019-03-20 11:08:00,1.3599,1.3599,1.3599,1.3599,2514.0
2019-03-20 11:36:00,1.36,1.36,1.3429,1.3429,5327.0
2019-03-20 11:37:00,1.3497,1.3497,1.3497,1.3497,125.0
2019-03-20 11:38:00,1.34,1.35,1.34,1.35,320.0
2019-03-20 11:39:00,1.36,1.36,1.34,1.343,2224.0
2019-03-20 11:47:00,1.34,1.34,1.34,1.34,1029.0
2019-03-20 11:48:00,1.35,1.35,1.35,1.35,327.0
2019-03-20 11:50:00,1.3599,1.3599,1.3599,1.3599,948.0
2019-03-20 11:52:00,1.36,1.36,1.36,1.36,623.0
2019-03-20 12:13:00,1.36,1.36,1.36,1.36,3200.0
2019-03-20 12:15:00,1.36,1.36,1.33,1.33,11985.0
2019-03-20 12:16:00,1.32,1.34,1.3,1.3,16955.0
2019-03-20 12:17:00,1.3196,1.3196,1.3196,1.3196,152.0
2019-03-20 12:18:00,1.33,1.36,1.33,1.36,2029.0
2019-03-20 12:19:00,1.3013,1.3013,1.3013,1.3013,9757.0
2019-03-20 12:20:00,1.3266,1.3266,1.3266,1.3266,0.0
2019-03-20 12:22:00,1.32,1.32,1.32,1.32,89092.0
2019-03-20 12:25:00,1.3133,1.3133,1.3133,1.3133,744.0
2019-03-20 12:34:00,1.352,1.352,1.352,1.352,175.0
2019-03-20 12:39:00,1.32,1.32,1.32,1.32,1000.0
2019-03-20 12:40:00,1.336,1.336,1.33,1.33,670.0
2019-03-20 12:49:00,1.3399,1.3399,1.3399,1.3399,1020.0
2019-03-20 12:53:00,1.336,1.336,1.3299,1.3299,895.0
2019-03-20 12:56:00,1.328,1.328,1.328,1.328,100.0
2019-03-20 13:02:00,1.3234,1.3267,1.3234,1.3267,2160.0
2019-03-20 13:03:00,1.32,1.32,1.32,1.32,1600.0
2019-03-20 13:04:00,1.32,1.32,1.32,1.32,200.0
2019-03-20 13:05:00,1.3133,1.3133,1.31,1.31,800.0
2019-03-20 13:06:00,1.31,1.31,1.31,1.31,120.0
2019-03-20 13:09:00,1.344,1.344,1.344,1.344,277.0
2019-03-20 13:13:00,1.326,1.326,1.326,1.326,521.0
2019-03-20 13:19:00,1.3402,1.3402,1.3402,1.3402,3750.0
2019-03-20 13:23:00,1.3373,1.3373,1.3373,1.3373,220.0
2019-03-20 13:25:00,1.324,1.324,1.324,1.324,101.0
2019-03-20 13:46:00,1.3273,1.3273,1.3273,1.3273,1000.0
2019-03-20 13:54:00,1.3299,1.3299,1.3299,1.3299,500.0
2019-03-20 13:55:00,1.328,1.328,1.328,1.328,698.0
2019-03-20 14:01:00,1.3269,1.3269,1.3269,1.3269,178.0
2019-03-20 14:02:00,1.33,1.33,1.33,1.33,312.0
2019-03-20 14:09:00,1.3269,1.3269,1.3269,1.3269,216.0
2019-03-20 14:16:00,1.33,1.33,1.33,1.33,601.0
2019-03-20 14:18:00,1.34,1.34,1.34,1.34,175.0
2019-03-20 14:20:00,1.3499,1.3499,1.3499,1.3499,1001.0
2019-03-20 14:23:00,1.3495,1.35,1.3495,1.3495,1400.0
2019-03-20 14:24:00,1.35,1.35,1.35,1.35,101.0
2019-03-20 14:34:00,1.3438,1.3438,1.3438,1.3438,368.0
2019-03-20 14:36:00,1.35,1.35,1.35,1.35,2481.0
2019-03-20 14:37:00,1.3459,1.3459,1.3459,1.3459,437.0
2019-03-20 14:38:00,1.3499,1.3499,1.3499,1.3499,735.0
2019-03-20 14:42:00,1.342,1.342,1.342,1.342,101.0
2019-03-20 14:48:00,1.342,1.342,1.342,1.342,1093.0
2019-03-20 14:57:00,1.347,1.347,1.347,1.347,142.0
2019-03-20 14:58:00,1.3499,1.3499,1.3499,1.3499,502.0
2019-03-20 15:05:00,1.348,1.348,1.348,1.348,230.0
2019-03-20 15:14:00,1.3499,1.3499,1.3499,1.3499,712.0
2019-03-20 15:25:00,1.348,1.348,1.345,1.345,205.0
2019-03-20 15:31:00,1.3471,1.35,1.3471,1.35,575.0
2019-03-20 15:32:00,1.3471,1.3471,1.34,1.34,1218.0
2019-03-20 15:34:00,1.34,1.34,1.34,1.34,350.0
2019-03-20 15:35:00,1.3331,1.3331,1.33,1.33,338.0
2019-03-20 15:37:00,1.338,1.338,1.338,1.338,225.0
2019-03-20 15:38:00,1.3331,1.3331,1.3311,1.3311,600.0
2019-03-20 15:39:00,1.345,1.35,1.34,1.35,6675.0
2019-03-20 15:46:00,1.35,1.35,1.35,1.35,700.0
2019-03-20 15:48:00,1.35,1.35,1.35,1.35,100.0
2019-03-20 15:50:00,1.3472,1.35,1.3472,1.3472,9168.0
2019-03-20 15:52:00,1.348,1.348,1.348,1.348,100.0
2019-03-20 15:53:00,1.3471,1.3471,1.3471,1.3471,509.0
2019-03-20 15:57:00,1.348,1.348,1.348,1.348,229.0
2019-03-20 15:59:00,1.345,1.345,1.341,1.341,1625.0
2019-03-20 16:00:00,1.34,1.348,1.34,1.348,577.0
2019-03-21 09:31:00,1.0,1.0,0.97,0.9701,52674.0
2019-03-21 09:32:00,0.97,0.9781,0.97,0.9701,4347.0
2019-03-21 09:33:00,0.996,1.0,0.9858,0.9916,5083.0
2019-03-21 09:34:00,0.9916,1.0021,0.95,1.0,25726.0
2019-03-21 09:35:00,1.02,1.02,0.9976,0.9999,7924.0
2019-03-21 09:36:00,0.9975,0.9975,0.961,0.9761,8160.0
2019-03-21 09:37:00,0.9774,1.0,0.9748,1.0,7729.0
2019-03-21 09:38:00,0.98,1.0,0.98,0.9955,546.0
2019-03-21 09:39:00,0.9804,0.9999,0.9804,0.9855,5602.0
2019-03-21 09:40:00,0.9999,1.0,0.9851,1.0,5021.0
2019-03-21 09:41:00,0.9968,1.05,0.9968,1.05,7093.0
2019-03-21 09:42:00,1.0346,1.0356,1.0346,1.0356,4265.0
2019-03-21 09:43:00,1.04,1.04,1.03,1.04,798.0
2019-03-21 09:44:00,1.04,1.0436,1.0332,1.0436,6335.0
2019-03-21 09:45:00,1.0458,1.0458,1.021,1.0243,800.0
2019-03-21 09:46:00,1.0358,1.04,1.0358,1.04,600.0
2019-03-21 09:47:00,1.05,1.08,1.0301,1.0301,7935.0
2019-03-21 09:48:00,1.0747,1.0799,1.0737,1.0737,4956.0
2019-03-21 09:49:00,1.05,1.08,1.05,1.08,1666.0
2019-03-21 09:51:00,1.0799,1.0799,1.0737,1.0737,809.0
2019-03-21 09:52:00,1.0799,1.0799,1.07,1.07,2751.0
2019-03-21 09:53:00,1.08,1.08,1.0615,1.0615,4300.0
2019-03-21 09:54:00,1.07,1.07,1.0622,1.0622,400.0
2019-03-21 09:55:00,1.07,1.08,1.07,1.0799,4948.0
2019-03-21 09:56:00,1.0634,1.0814,1.0634,1.0814,5220.0
2019-03-21 09:57:00,1.09,1.1,1.09,1.1,509.0
2019-03-21 09:58:00,1.0887,1.0946,1.05,1.05,8785.0
2019-03-21 09:59:00,1.1,1.1,1.08,1.08,1100.0
2019-03-21 10:01:00,1.0739,1.1,1.0739,1.09,6200.0
2019-03-21 10:02:00,1.09,1.1237,1.09,1.1237,2216.0
2019-03-21 10:03:00,1.11,1.1578,1.11,1.1578,2600.0
2019-03-21 10:04:00,1.1445,1.1445,1.1445,1.1445,1558.0
2019-03-21 10:07:00,1.1001,1.1001,1.1001,1.1001,10381.0
2019-03-21 10:08:00,1.1499,1.1499,1.1396,1.1396,3000.0
2019-03-21 10:09:00,1.117,1.117,1.117,1.117,5557.0
2019-03-21 10:11:00,1.1478,1.1489,1.1439,1.1489,1014.0
2019-03-21 10:12:00,1.1478,1.1478,1.14,1.14,2220.0
2019-03-21 10:13:00,1.12,1.12,1.12,1.12,213.0
2019-03-21 10:14:00,1.14,1.16,1.1283,1.14,9190.0
2019-03-21 10:15:00,1.16,1.16,1.16,1.16,434.0
2019-03-21 10:16:00,1.1472,1.1472,1.1472,1.1472,150.0
2019-03-21 10:17:00,1.1444,1.1472,1.1444,1.1472,450.0
2019-03-21 10:18:00,1.15,1.15,1.1475,1.1475,200.0
2019-03-21 10:19:00,1.1372,1.1372,1.1372,1.1372,2591.0
2019-03-21 10:20:00,1.14,1.14,1.14,1.14,198.0
2019-03-21 10:21:00,1.14,1.14,1.14,1.14,275.0
2019-03-21 10:22:00,1.12,1.13,1.12,1.13,813.0
2019-03-21 10:23:00,1.139,1.139,1.12,1.12,6117.0
2019-03-21 10:24:00,1.1083,1.1083,1.1083,1.1083,500.0
2019-03-21 10:25:00,1.1,1.12,1.0726,1.0726,7199.0
2019-03-21 10:26:00,1.1,1.1,1.1,1.1,771.0
2019-03-21 10:31:00,1.1,1.1,1.1,1.1,2396.0
2019-03-21 10:39:00,1.09,1.09,1.09,1.09,3104.0
2019-03-21 10:40:00,1.08,1.08,1.07,1.07,3430.0
2019-03-21 10:41:00,1.0621,1.0621,1.0621,1.0621,120.0
2019-03-21 10:43:00,1.0641,1.0641,1.0641,1.0641,200.0
2019-03-21 10:44:00,1.06,1.06,1.05,1.05,3590.0
2019-03-21 10:45:00,1.05,1.05,1.05,1.05,613.0
2019-03-21 10:46:00,1.06,1.06,1.06,1.06,100.0
2019-03-21 10:47:00,1.05,1.0676,1.05,1.0524,2154.0
2019-03-21 10:48:00,1.0699,1.07,1.0699,1.07,2000.0
2019-03-21 10:49:00,1.066,1.066,1.066,1.066,203.0
2019-03-21 10:50:00,1.0676,1.0676,1.0676,1.0676,1001.0
2019-03-21 10:56:00,1.07,1.07,1.0696,1.0696,935.0
2019-03-21 11:02:00,1.066,1.07,1.066,1.07,9480.0
2019-03-21 11:03:00,1.066,1.066,1.066,1.066,1250.0
2019-03-21 11:05:00,1.066,1.07,1.066,1.07,250.0
2019-03-21 11:06:00,1.0613,1.08,1.0613,1.07,1876.0
2019-03-21 11:12:00,1.08,1.085,1.06,1.06,3001.0
2019-03-21 11:23:00,1.099,1.099,1.099,1.099,548.0
2019-03-21 11:25:00,1.1,1.1,1.1,1.1,100.0
2019-03-21 11:26:00,1.0959,1.0959,1.0959,1.0959,3025.0
2019-03-21 11:33:00,1.099,1.099,1.099,1.099,200.0
2019-03-21 11:43:00,1.0704,1.0939,1.0704,1.0939,545.0
2019-03-21 11:46:00,1.07,1.1,1.07,1.0939,6274.0
2019-03-21 11:48:00,1.0761,1.0761,1.0761,1.0761,550.0
2019-03-21 11:49:00,1.094,1.0994,1.094,1.0994,1084.0
2019-03-21 11:50:00,1.07,1.075,1.07,1.075,800.0
2019-03-21 11:51:00,1.0621,1.066,1.0621,1.066,1210.0
2019-03-21 11:58:00,1.07,1.07,1.07,1.07,12150.0
2019-03-21 12:02:00,1.0653,1.07,1.0653,1.07,333.0
2019-03-21 12:12:00,1.0699,1.0699,1.0699,1.0699,3684.0
2019-03-21 12:13:00,1.05,1.05,1.05,1.05,905.0
2019-03-21 12:15:00,1.0708,1.0708,1.0708,1.0708,2390.0
2019-03-21 12:22:00,1.07,1.08,1.07,1.08,3304.0
2019-03-21 12:26:00,1.07,1.07,1.07,1.07,2225.0
2019-03-21 12:28:00,1.1,1.1,1.1,1.1,3966.0
2019-03-21 12:29:00,1.096,1.096,1.096,1.096,2753.0
2019-03-21 12:30:00,1.1098,1.1098,1.1098,1.1098,8244.0
2019-03-21 12:34:00,1.1145,1.1145,1.1145,1.1145,4053.0
2019-03-21 12:35:00,1.0801,1.0801,1.0801,1.0801,2487.0
2019-03-21 12:40:00,1.11,1.11,1.1064,1.1064,555.0
2019-03-21 12:43:00,1.0731,1.0731,1.0731,1.0731,6200.0
2019-03-21 12:49:00,1.08,1.08,1.08,1.08,1700.0
2019-03-21 12:56:00,1.104,1.104,1.104,1.104,100.0
2019-03-21 13:00:00,1.0814,1.0814,1.0814,1.0814,5010.0
2019-03-21 13:02:00,1.096,1.096,1.096,1.096,1232.0
2019-03-21 13:04:00,1.0851,1.0851,1.0851,1.0851,610.0
2019-03-21 13:06:00,1.0888,1.0888,1.0888,1.0888,201.0
2019-03-21 13:08:00,1.0801,1.0801,1.0801,1.0801,800.0
2019-03-21 13:10:00,1.0821,1.0821,1.0821,1.0821,200.0
2019-03-21 13:12:00,1.085,1.085,1.08,1.08,4837.0
2019-03-21 13:16:00,1.0899,1.0899,1.0899,1.0899,911.0
2019-03-21 13:21:00,1.0804,1.0804,1.0804,1.0804,200.0
2019-03-21 13:23:00,1.0899,1.0899,1.0899,1.0899,4200.0
2019-03-21 13:24:00,1.0888,1.0888,1.0888,1.0888,300.0
2019-03-21 13:30:00,1.1,1.1,1.1,1.1,3165.0
2019-03-21 13:34:00,1.0846,1.0846,1.0846,1.0846,1321.0
2019-03-21 13:39:00,1.09,1.09,1.086,1.086,605.0
2019-03-21 13:53:00,1.09,1.09,1.09,1.09,2500.0
2019-03-21 13:54:00,1.09,1.09,1.09,1.09,105.0
2019-03-21 13:56:00,1.09,1.09,1.09,1.09,505.0
2019-03-21 13:59:00,1.09,1.09,1.09,1.09,1840.0
2019-03-21 14:01:00,1.09,1.09,1.09,1.09,340.0
2019-03-21 14:04:00,1.07,1.07,1.07,1.07,1300.0
2019-03-21 14:08:00,1.08,1.08,1.08,1.08,805.0
2019-03-21 14:11:00,1.08,1.08,1.08,1.08,585.0
2019-03-21 14:18:00,1.08,1.08,1.08,1.08,290.0
2019-03-21 14:21:00,1.0815,1.0815,1.0815,1.0815,1811.0
2019-03-21 14:28:00,1.1013,1.1013,1.1013,1.1013,1270.0
2019-03-21 14:29:00,1.12,1.12,1.12,1.12,4520.0
2019-03-21 14:30:00,1.1287,1.1287,1.1287,1.1287,13869.0
2019-03-21 14:32:00,1.12,1.12,1.12,1.12,1000.0
2019-03-21 14:33:00,1.12,1.12,1.12,1.12,1825.0
2019-03-21 14:34:00,1.11,1.11,1.11,1.11,2878.0
2019-03-21 14:35:00,1.119,1.119,1.119,1.119,1550.0
2019-03-21 14:36:00,1.1001,1.1001,1.1001,1.1001,3205.0
2019-03-21 14:37:00,1.1001,1.1001,1.1001,1.1001,3630.0
2019-03-21 14:41:00,1.12,1.12,1.12,1.12,1410.0
2019-03-21 14:44:00,1.12,1.12,1.12,1.12,500.0
2019-03-21 14:48:00,1.1213,1.1213,1.12,1.12,1200.0
2019-03-21 14:54:00,1.12,1.12,1.12,1.12,151.0
2019-03-21 14:57:00,1.1374,1.1374,1.1374,1.1374,738.0
2019-03-21 15:04:00,1.1399,1.1399,1.1399,1.1399,563.0
2019-03-21 15:05:00,1.128,1.128,1.128,1.128,864.0
2019-03-21 15:08:00,1.12,1.12,1.12,1.12,2158.0
2019-03-21 15:09:00,1.11,1.11,1.11,1.11,717.0
2019-03-21 15:12:00,1.104,1.104,1.104,1.104,1900.0
2019-03-21 15:13:00,1.1033,1.1033,1.0932,1.0932,8731.0
2019-03-21 15:19:00,1.08,1.0899,1.08,1.0899,3180.0
2019-03-21 15:22:00,1.0987,1.0987,1.0987,1.0987,100.0
2019-03-21 15:23:00,1.1,1.1,1.1,1.1,600.0
2019-03-21 15:29:00,1.1,1.1,1.1,1.1,1000.0
2019-03-21 15:33:00,1.0941,1.0941,1.0941,1.0941,1100.0
2019-03-21 15:37:00,1.0987,1.0987,1.0987,1.0987,200.0
2019-03-21 15:45:00,1.0911,1.0911,1.09,1.09,1250.0
2019-03-21 15:48:00,1.09,1.09,1.09,1.09,4190.0
2019-03-21 15:49:00,1.08,1.08,1.08,1.08,1854.0
2019-03-21 15:50:00,1.07,1.07,1.07,1.07,1327.0
2019-03-21 15:51:00,1.0899,1.0899,1.0899,1.0899,1550.0
2019-03-21 15:53:00,1.0802,1.0802,1.08,1.08,950.0
2019-03-21 15:54:00,1.08,1.08,1.08,1.08,1705.0
2019-03-21 15:58:00,1.086,1.086,1.086,1.086,7200.0
2019-03-21 15:59:00,1.0864,1.0864,1.0864,1.0864,641.0
2019-03-21 16:00:00,1.08,1.08,1.08,1.08,3606.0
2019-03-22 09:31:00,1.065,1.07,1.065,1.065,2727.0
2019-03-22 09:32:00,1.1,1.1,1.1,1.1,1254.0
2019-03-22 09:37:00,1.07,1.084,1.07,1.084,1800.0
2019-03-22 09:38:00,1.084,1.084,1.084,1.084,215.0
2019-03-22 09:46:00,1.06,1.0641,1.06,1.0641,1821.0
2019-03-22 09:48:00,1.07,1.09,1.0677,1.09,2296.0
2019-03-22 09:50:00,1.075,1.075,1.075,1.075,1750.0
2019-03-22 09:51:00,1.06,1.06,1.06,1.06,2000.0
2019-03-22 09:55:00,1.0633,1.0633,1.0633,1.0633,396.0
2019-03-22 09:56:00,1.07,1.09,1.07,1.09,1017.0
2019-03-22 09:58:00,1.06,1.06,1.06,1.06,900.0
2019-03-22 09:59:00,1.0661,1.0661,1.0661,1.0661,104.0
2019-03-22 10:02:00,1.0622,1.08,1.0622,1.08,1011.0
2019-03-22 10:05:00,1.0701,1.0701,1.0701,1.0701,1951.0
2019-03-22 10:09:00,1.07,1.07,1.07,1.07,1500.0
2019-03-22 10:10:00,1.0602,1.0602,1.0602,1.0602,100.0
2019-03-22 10:12:00,1.0604,1.0621,1.0604,1.0621,4610.0
2019-03-22 10:14:00,1.07,1.07,1.07,1.07,101.0
2019-03-22 10:17:00,1.08,1.08,1.07,1.07,1680.0
2019-03-22 10:28:00,1.086,1.086,1.086,1.086,177.0
2019-03-22 10:31:00,1.0719,1.0719,1.0719,1.0719,147.0
2019-03-22 10:32:00,1.08,1.08,1.08,1.08,1013.0
2019-03-22 11:09:00,1.0609,1.0609,1.0609,1.0609,144.0
2019-03-22 11:11:00,1.0681,1.0681,1.0681,1.0681,100.0
2019-03-22 11:17:00,1.0661,1.0661,1.0661,1.0661,100.0
2019-03-22 11:21:00,1.0707,1.0707,1.0707,1.0707,180.0
2019-03-22 11:25:00,1.0722,1.0722,1.0722,1.0722,116.0
2019-03-22 11:30:00,1.0702,1.0702,1.0702,1.0702,618.0
2019-03-22 11:36:00,1.0711,1.0711,1.0711,1.0711,200.0
2019-03-22 11:41:00,1.07,1.07,1.07,1.07,1000.0
2019-03-22 11:42:00,1.0758,1.08,1.0758,1.08,4235.0
2019-03-22 11:43:00,1.0746,1.0746,1.0746,1.0746,1001.0
2019-03-22 11:46:00,1.09,1.09,1.09,1.09,399.0
2019-03-22 11:50:00,1.0821,1.0821,1.0821,1.0821,110.0
2019-03-22 11:52:00,1.088,1.088,1.088,1.088,345.0
2019-03-22 11:53:00,1.081,1.081,1.081,1.081,345.0
2019-03-22 11:56:00,1.0821,1.0821,1.0821,1.0821,100.0
2019-03-22 11:58:00,1.09,1.09,1.09,1.09,5200.0
2019-03-22 12:00:00,1.09,1.095,1.09,1.09,2532.0
2019-03-22 12:01:00,1.1051,1.1051,1.1051,1.1051,4135.0
2019-03-22 12:03:00,1.1085,1.115,1.106,1.115,12508.0
2019-03-22 12:04:00,1.12,1.12,1.11,1.116,3426.0
2019-03-22 12:05:00,1.12,1.12,1.1121,1.1121,6282.0
2019-03-22 12:07:00,1.1141,1.1141,1.1141,1.1141,268.0
2019-03-22 12:08:00,1.1,1.1,1.08,1.08,1599.0
2019-03-22 12:10:00,1.1,1.1,1.1,1.1,5000.0
2019-03-22 12:14:00,1.0999,1.0999,1.0999,1.0999,818.0
2019-03-22 12:17:00,1.1,1.1,1.1,1.1,175.0
2019-03-22 12:19:00,1.105,1.105,1.105,1.105,100.0
2019-03-22 12:22:00,1.1052,1.1052,1.1052,1.1052,265.0
2019-03-22 12:23:00,1.1,1.1,1.1,1.1,2825.0
2019-03-22 12:24:00,1.088,1.088,1.088,1.088,1000.0
2019-03-22 12:25:00,1.0801,1.0801,1.0801,1.0801,6716.0
2019-03-22 12:27:00,1.11,1.11,1.11,1.11,100.0
2019-03-22 12:34:00,1.08,1.08,1.08,1.08,104.0
2019-03-22 12:35:00,1.08,1.08,1.08,1.08,0.0
2019-03-22 12:39:00,1.1,1.1,1.1,1.1,104.0
2019-03-22 12:40:00,1.0899,1.0899,1.0899,1.0899,1000.0
2019-03-22 12:46:00,1.0888,1.0888,1.0888,1.0888,370.0
2019-03-22 12:49:00,1.09,1.09,1.09,1.09,600.0
2019-03-22 12:58:00,1.1,1.1,1.1,1.1,106.0
2019-03-22 13:07:00,1.0861,1.0861,1.0861,1.0861,1250.0
2019-03-22 13:16:00,1.0804,1.0804,1.0804,1.0804,100.0
2019-03-22 13:17:00,1.0871,1.0871,1.0871,1.0871,100.0
2019-03-22 13:19:00,1.0974,1.0974,1.0974,1.0974,570.0
2019-03-22 13:28:00,1.0821,1.09,1.0821,1.09,200.0
2019-03-22 13:41:00,1.0861,1.0861,1.0861,1.0861,205.0
2019-03-22 13:49:00,1.08,1.08,1.07,1.07,3500.0
2019-03-22 13:51:00,1.08,1.08,1.08,1.08,140.0
2019-03-22 13:57:00,1.085,1.085,1.085,1.085,300.0
2019-03-22 14:02:00,1.08,1.08,1.08,1.08,601.0
2019-03-22 14:22:00,1.0801,1.0801,1.0801,1.0801,1500.0
2019-03-22 14:32:00,1.09,1.09,1.09,1.09,1779.0
2019-03-22 14:40:00,1.105,1.105,1.105,1.105,163.0
2019-03-22 14:51:00,1.1,1.1,1.1,1.1,2721.0
2019-03-22 14:52:00,1.095,1.095,1.095,1.095,224.0
2019-03-22 14:53:00,1.1014,1.1047,1.1014,1.1047,3593.0
2019-03-22 15:04:00,1.0861,1.0861,1.0861,1.0861,165.0
2019-03-22 15:06:00,1.11,1.11,1.11,1.11,149.0
2019-03-22 15:27:00,1.104,1.104,1.104,1.104,375.0
2019-03-22 15:28:00,1.0861,1.0861,1.0861,1.0861,360.0
2019-03-22 15:34:00,1.08,1.08,1.08,1.08,200.0
2019-03-22 15:35:00,1.071,1.071,1.071,1.071,100.0
2019-03-22 15:44:00,1.07,1.07,1.07,1.07,8175.0
2019-03-22 15:45:00,1.078,1.078,1.078,1.078,500.0
2019-03-22 15:46:00,1.0788,1.0788,1.0788,1.0788,213.0
2019-03-22 15:56:00,1.0785,1.0785,1.0785,1.0785,1400.0
2019-03-22 16:00:00,1.07,1.0799,1.07,1.0799,2719.0
2019-03-25 09:31:00,1.07,1.07,1.07,1.07,0.0
2019-03-25 09:39:00,1.13,1.13,1.13,1.13,570.0
2019-03-25 09:43:00,1.09,1.09,1.09,1.09,1435.0
2019-03-25 09:53:00,1.0682,1.0682,1.0682,1.0682,1215.0
2019-03-25 10:01:00,1.0608,1.0608,1.0608,1.0608,5025.0
2019-03-25 10:23:00,1.11,1.11,1.11,1.11,200.0
2019-03-25 10:25:00,1.11,1.11,1.11,1.11,100.0
2019-03-25 10:30:00,1.1,1.1,1.1,1.1,1308.0
2019-03-25 10:33:00,1.068,1.068,1.068,1.068,500.0
2019-03-25 10:34:00,1.05,1.05,1.05,1.05,1020.0
2019-03-25 10:36:00,1.0601,1.0601,1.0601,1.0601,306.0
2019-03-25 10:40:00,1.0899,1.0899,1.0899,1.0899,1500.0
2019-03-25 10:41:00,1.0796,1.1,1.0796,1.1,20279.0
2019-03-25 10:42:00,1.11,1.11,1.11,1.11,6907.0
2019-03-25 10:43:00,1.12,1.12,1.12,1.12,11500.0
2019-03-25 10:44:00,1.1241,1.1241,1.1241,1.1241,5900.0
2019-03-25 10:46:00,1.1399,1.1399,1.1201,1.1201,15220.0
2019-03-25 10:48:00,1.124,1.124,1.124,1.124,4342.0
2019-03-25 10:54:00,1.1099,1.1099,1.0901,1.0901,8002.0
2019-03-25 11:00:00,1.0899,1.0899,1.0899,1.0899,1486.0
2019-03-25 11:10:00,1.0993,1.0993,1.0993,1.0993,361.0
2019-03-25 12:01:00,1.1,1.1,1.1,1.1,265.0
2019-03-25 12:20:00,1.0988,1.0988,1.0988,1.0988,368.0
2019-03-25 12:25:00,1.1,1.1,1.09,1.09,330.0
2019-03-25 12:48:00,1.098,1.098,1.098,1.098,2088.0
2019-03-25 12:55:00,1.098,1.098,1.098,1.098,826.0
2019-03-25 12:58:00,1.0993,1.0993,1.0993,1.0993,300.0
2019-03-25 12:59:00,1.0976,1.0976,1.0976,1.0976,4370.0
2019-03-25 13:04:00,1.092,1.092,1.092,1.092,1001.0
2019-03-25 13:08:00,1.0993,1.0993,1.0993,1.0993,112.0
2019-03-25 13:42:00,1.1,1.1,1.1,1.1,100.0
2019-03-25 13:44:00,1.11,1.11,1.11,1.11,300.0
2019-03-25 13:52:00,1.1074,1.1074,1.1074,1.1074,138.0
2019-03-25 13:59:00,1.1023,1.1023,1.1023,1.1023,200.0
2019-03-25 14:03:00,1.11,1.11,1.1,1.1,214.0
2019-03-25 14:15:00,1.0962,1.0962,1.0962,1.0962,308.0
2019-03-25 14:44:00,1.0997,1.0997,1.0997,1.0997,1000.0
2019-03-25 14:49:00,1.095,1.095,1.095,1.095,297.0
2019-03-25 14:52:00,1.1,1.1,1.1,1.1,100.0
2019-03-25 14:53:00,1.0992,1.0992,1.0992,1.0992,1025.0
2019-03-25 15:04:00,1.09,1.09,1.09,1.09,8836.0
2019-03-25 15:06:00,1.1,1.1,1.1,1.1,200.0
2019-03-25 15:19:00,1.0754,1.0754,1.0754,1.0754,2045.0
2019-03-25 15:33:00,1.08,1.08,1.08,1.08,1790.0
2019-03-25 15:53:00,1.0854,1.0854,1.0854,1.0854,4701.0
2019-03-25 15:55:00,1.08,1.08,1.08,1.08,2233.0
2019-03-25 15:56:00,1.073,1.073,1.073,1.073,600.0
2019-03-26 09:31:00,1.08,1.08,1.08,1.08,2435.0
2019-03-26 09:32:00,1.1145,1.1145,1.1145,1.1145,2103.0
2019-03-26 09:41:00,1.1,1.1,1.1,1.1,105.0
2019-03-26 09:42:00,1.0686,1.0686,1.0601,1.0601,29835.0
2019-03-26 09:46:00,1.078,1.078,1.078,1.078,1003.0
2019-03-26 09:48:00,1.06,1.06,1.06,1.06,5001.0
2019-03-26 09:52:00,1.076,1.076,1.076,1.076,2601.0
2019-03-26 09:53:00,1.076,1.076,1.076,1.076,540.0
2019-03-26 09:57:00,1.08,1.08,1.08,1.08,4700.0
2019-03-26 09:59:00,1.08,1.0899,1.08,1.0899,3957.0
2019-03-26 10:10:00,1.0784,1.08,1.0784,1.08,3375.0
2019-03-26 10:14:00,1.0806,1.0806,1.0806,1.0806,8622.0
2019-03-26 10:18:00,1.11,1.11,1.11,1.11,2600.0
2019-03-26 10:19:00,1.086,1.086,1.086,1.086,3062.0
2019-03-26 10:21:00,1.0898,1.0898,1.0898,1.0898,2681.0
2019-03-26 10:28:00,1.082,1.082,1.082,1.082,4100.0
2019-03-26 10:30:00,1.088,1.088,1.088,1.088,1600.0
2019-03-26 10:31:00,1.0807,1.0807,1.0807,1.0807,2137.0
2019-03-26 10:48:00,1.09,1.09,1.09,1.09,3707.0
2019-03-26 11:04:00,1.0867,1.0867,1.0867,1.0867,370.0
2019-03-26 11:10:00,1.11,1.11,1.11,1.11,100.0
2019-03-26 11:19:00,1.0954,1.0954,1.0954,1.0954,3200.0
2019-03-26 11:22:00,1.088,1.088,1.088,1.088,1300.0
2019-03-26 11:34:00,1.0833,1.0833,1.0833,1.0833,535.0
2019-03-26 11:36:00,1.088,1.088,1.088,1.088,100.0
2019-03-26 11:39:00,1.096,1.096,1.096,1.096,3390.0
2019-03-26 11:48:00,1.0967,1.0967,1.0967,1.0967,203.0
2019-03-26 12:02:00,1.09,1.09,1.09,1.09,193.0
2019-03-26 12:20:00,1.0869,1.0869,1.0869,1.0869,450.0
2019-03-26 12:21:00,1.11,1.11,1.11,1.11,501.0
2019-03-26 12:41:00,1.11,1.11,1.11,1.11,255.0
2019-03-26 13:03:00,1.0981,1.0981,1.0981,1.0981,1711.0
2019-03-26 13:08:00,1.0802,1.0802,1.0802,1.0802,1750.0
2019-03-26 13:17:00,1.09,1.09,1.09,1.09,300.0
2019-03-26 13:32:00,1.08,1.08,1.08,1.08,4226.0
2019-03-26 13:49:00,1.08,1.08,1.08,1.08,630.0
2019-03-26 14:06:00,1.07,1.07,1.07,1.07,200.0
2019-03-26 14:13:00,1.0689,1.0689,1.0689,1.0689,6828.0
2019-03-26 14:15:00,1.07,1.07,1.07,1.07,747.0
2019-03-26 14:17:00,1.07,1.08,1.07,1.08,3600.0
2019-03-26 14:20:00,1.07,1.07,1.07,1.07,977.0
2019-03-26 14:45:00,1.07,1.07,1.0689,1.0689,3201.0
2019-03-26 14:49:00,1.07,1.07,1.07,1.07,1508.0
2019-03-26 14:50:00,1.06,1.06,1.06,1.06,3408.0
2019-03-26 14:58:00,1.0699,1.0699,1.0699,1.0699,420.0
2019-03-26 15:09:00,1.0689,1.0689,1.0689,1.0689,300.0
2019-03-26 15:22:00,1.06,1.06,1.06,1.06,410.0
2019-03-26 15:38:00,1.0643,1.0643,1.0643,1.0643,1100.0
2019-03-26 15:45:00,1.065,1.065,1.065,1.065,500.0
2019-03-26 15:50:00,1.0686,1.0686,1.0686,1.0686,100.0
2019-03-26 15:52:00,1.0686,1.09,1.0678,1.07,9135.0
2019-03-27 09:31:00,1.15,1.2,1.15,1.19,26129.0
2019-03-27 09:32:00,1.1558,1.2,1.1506,1.2,2251.0
2019-03-27 09:33:00,1.2,1.2579,1.16,1.16,19688.0
2019-03-27 09:34:00,1.184,1.184,1.184,1.184,515.0
2019-03-27 09:35:00,1.24,1.25,1.24,1.24,3084.0
2019-03-27 09:37:00,1.2339,1.32,1.225,1.2933,25667.0
2019-03-27 09:38:00,1.308,1.32,1.2101,1.2844,26832.0
2019-03-27 09:39:00,1.2839,1.29,1.2201,1.29,12702.0
2019-03-27 09:40:00,1.2624,1.2624,1.26,1.26,406.0
2019-03-27 09:41:00,1.249,1.33,1.249,1.33,32610.0
2019-03-27 09:42:00,1.33,1.34,1.3,1.305,23248.0
2019-03-27 09:43:00,1.3067,1.3357,1.3067,1.32,3381.0
2019-03-27 09:44:00,1.34,1.39,1.33,1.3899,49624.0
2019-03-27 09:45:00,1.3701,1.39,1.26,1.282,44411.0
2019-03-27 09:46:00,1.3,1.3,1.22,1.2445,16741.0
2019-03-27 09:47:00,1.2689,1.2799,1.24,1.2799,5172.0
2019-03-27 09:48:00,1.24,1.28,1.19,1.19,21192.0
2019-03-27 09:49:00,1.23,1.23,1.23,1.23,2390.0
2019-03-27 09:50:00,1.2279,1.24,1.2,1.24,6672.0
2019-03-27 09:51:00,1.24,1.249,1.21,1.21,6757.0
2019-03-27 09:52:00,1.24,1.25,1.2,1.25,8799.0
2019-03-27 09:53:00,1.25,1.3089,1.25,1.2999,12319.0
2019-03-27 09:54:00,1.29,1.29,1.2527,1.2527,633.0
2019-03-27 09:56:00,1.282,1.282,1.282,1.282,104.0
2019-03-27 09:57:00,1.282,1.282,1.282,1.282,101.0
2019-03-27 09:58:00,1.258,1.258,1.258,1.258,793.0
2019-03-27 09:59:00,1.2648,1.2648,1.2,1.24,3550.0
2019-03-27 10:00:00,1.24,1.28,1.224,1.224,10540.0
2019-03-27 10:02:00,1.2565,1.2565,1.2565,1.2565,263.0
2019-03-27 10:04:00,1.26,1.26,1.26,1.26,102.0
2019-03-27 10:05:00,1.2462,1.26,1.24,1.2492,1106.0
2019-03-27 10:06:00,1.2,1.24,1.19,1.19,4492.0
2019-03-27 10:07:00,1.24,1.24,1.24,1.24,2881.0
2019-03-27 10:08:00,1.2001,1.21,1.19,1.2008,20651.0
2019-03-27 10:09:00,1.22,1.22,1.188,1.188,711.0
2019-03-27 10:10:00,1.18,1.2,1.18,1.181,5927.0
2019-03-27 10:11:00,1.2,1.2,1.18,1.18,11017.0
2019-03-27 10:13:00,1.22,1.22,1.1825,1.2141,10257.0
2019-03-27 10:18:00,1.186,1.186,1.1801,1.1801,3001.0
2019-03-27 10:19:00,1.1801,1.1801,1.1801,1.1801,5002.0
2019-03-27 10:20:00,1.1808,1.195,1.18,1.1914,2341.0
2019-03-27 10:21:00,1.2,1.2,1.2,1.2,1000.0
2019-03-27 10:22:00,1.1947,1.1947,1.1947,1.1947,270.0
2019-03-27 10:23:00,1.1994,1.1994,1.1994,1.1994,2500.0
2019-03-27 10:26:00,1.1825,1.1825,1.1825,1.1825,880.0
2019-03-27 10:27:00,1.2,1.2,1.2,1.2,550.0
2019-03-27 10:29:00,1.19,1.19,1.18,1.18,1900.0
2019-03-27 10:30:00,1.18,1.19,1.16,1.16,6394.0
2019-03-27 10:31:00,1.166,1.2,1.166,1.17,6216.0
2019-03-27 10:32:00,1.16,1.18,1.16,1.16,1020.0
2019-03-27 10:33:00,1.168,1.168,1.16,1.16,200.0
2019-03-27 10:34:00,1.165,1.18,1.16,1.18,1675.0
2019-03-27 10:36:00,1.1705,1.1705,1.17,1.17,729.0
2019-03-27 10:43:00,1.1701,1.1701,1.1701,1.1701,100.0
2019-03-27 10:44:00,1.194,1.194,1.194,1.194,200.0
2019-03-27 10:48:00,1.1885,1.1885,1.17,1.17,3370.0
2019-03-27 10:58:00,1.18,1.18,1.18,1.18,2800.0
2019-03-27 11:00:00,1.2,1.2,1.19,1.19,809.0
2019-03-27 11:02:00,1.1991,1.1991,1.17,1.17,4337.0
2019-03-27 11:04:00,1.19,1.19,1.18,1.18,400.0
2019-03-27 11:09:00,1.19,1.2,1.18,1.18,2845.0
2019-03-27 11:11:00,1.2,1.2,1.2,1.2,311.0
2019-03-27 11:15:00,1.21,1.21,1.2,1.2,5800.0
2019-03-27 11:20:00,1.21,1.21,1.2,1.21,8010.0
2019-03-27 11:28:00,1.2009,1.2009,1.17,1.17,10492.0
2019-03-27 11:32:00,1.17,1.1767,1.16,1.16,9879.0
2019-03-27 11:33:00,1.16,1.1877,1.15,1.15,7113.0
2019-03-27 11:34:00,1.15,1.174,1.15,1.15,8007.0
2019-03-27 11:35:00,1.15,1.1596,1.15,1.15,4189.0
2019-03-27 11:38:00,1.1501,1.2,1.15,1.15,7603.0
2019-03-27 11:59:00,1.166,1.166,1.166,1.166,254.0
2019-03-27 12:08:00,1.1877,1.1877,1.16,1.16,341.0
2019-03-27 12:10:00,1.1821,1.1899,1.16,1.16,852.0
2019-03-27 12:12:00,1.16,1.16,1.16,1.16,223.0
2019-03-27 12:14:00,1.19,1.19,1.19,1.19,130.0
2019-03-27 12:16:00,1.1646,1.1899,1.16,1.16,2160.0
2019-03-27 12:18:00,1.16,1.17,1.16,1.17,500.0
2019-03-27 12:19:00,1.17,1.17,1.17,1.17,600.0
2019-03-27 12:20:00,1.17,1.17,1.16,1.16,1333.0
2019-03-27 12:21:00,1.16,1.16,1.16,1.16,600.0
2019-03-27 12:22:00,1.16,1.17,1.15,1.15,1982.0
2019-03-27 12:23:00,1.15,1.15,1.13,1.1313,12904.0
2019-03-27 12:25:00,1.1301,1.1301,1.1301,1.1301,2340.0
2019-03-27 12:29:00,1.13,1.13,1.13,1.13,500.0
2019-03-27 12:30:00,1.1639,1.2,1.1639,1.2,5470.0
2019-03-27 12:31:00,1.1877,1.1877,1.1877,1.1877,645.0
2019-03-27 12:32:00,1.19,1.19,1.19,1.19,1704.0
2019-03-27 12:34:00,1.17,1.17,1.17,1.17,100.0
2019-03-27 12:35:00,1.17,1.17,1.17,1.17,100.0
2019-03-27 12:37:00,1.1662,1.1662,1.1662,1.1662,250.0
2019-03-27 12:38:00,1.17,1.17,1.17,1.17,1000.0
2019-03-27 12:39:00,1.1527,1.1527,1.1527,1.1527,2000.0
2019-03-27 12:40:00,1.1588,1.1588,1.1588,1.1588,248.0
2019-03-27 12:46:00,1.1659,1.1659,1.1659,1.1659,196.0
2019-03-27 13:06:00,1.162,1.162,1.162,1.162,288.0
2019-03-27 13:07:00,1.1681,1.175,1.1681,1.175,3213.0
2019-03-27 13:08:00,1.17,1.17,1.17,1.17,450.0
2019-03-27 13:11:00,1.1699,1.1699,1.15,1.15,4200.0
2019-03-27 13:12:00,1.17,1.19,1.17,1.19,2732.0
2019-03-27 13:25:00,1.16,1.169,1.15,1.15,1710.0
2019-03-27 13:28:00,1.1599,1.1599,1.1567,1.1567,7500.0
2019-03-27 13:30:00,1.1589,1.1589,1.1589,1.1589,2000.0
2019-03-27 13:31:00,1.16,1.169,1.16,1.169,400.0
2019-03-27 13:33:00,1.1501,1.1659,1.1501,1.1659,1100.0
2019-03-27 13:35:00,1.1685,1.1685,1.1642,1.1683,4013.0
2019-03-27 13:41:00,1.175,1.175,1.175,1.175,130.0
2019-03-27 13:43:00,1.1749,1.175,1.1749,1.175,2200.0
2019-03-27 13:44:00,1.17,1.17,1.17,1.17,130.0
2019-03-27 13:46:00,1.19,1.22,1.17,1.1802,6402.0
2019-03-27 13:50:00,1.2,1.2,1.2,1.2,620.0
2019-03-27 13:51:00,1.17,1.17,1.17,1.17,203.0
2019-03-27 13:56:00,1.2172,1.2172,1.2172,1.2172,125.0
2019-03-27 13:58:00,1.2,1.2,1.18,1.18,1602.0
2019-03-27 14:01:00,1.18,1.1805,1.17,1.1805,900.0
2019-03-27 14:02:00,1.1899,1.1899,1.1899,1.1899,1111.0
2019-03-27 14:05:00,1.1601,1.1601,1.1601,1.1601,2042.0
2019-03-27 14:08:00,1.1661,1.1661,1.1661,1.1661,1071.0
2019-03-27 14:11:00,1.19,1.19,1.19,1.19,510.0
2019-03-27 14:18:00,1.182,1.182,1.182,1.182,160.0
2019-03-27 14:20:00,1.185,1.185,1.185,1.185,100.0
2019-03-27 14:21:00,1.18,1.18,1.18,1.18,100.0
2019-03-27 14:22:00,1.185,1.185,1.185,1.185,100.0
2019-03-27 14:24:00,1.185,1.185,1.185,1.185,100.0
2019-03-27 14:26:00,1.185,1.185,1.185,1.185,101.0
2019-03-27 14:28:00,1.188,1.188,1.188,1.188,100.0
2019-03-27 14:29:00,1.185,1.185,1.18,1.18,668.0
2019-03-27 14:31:00,1.16,1.16,1.16,1.16,100.0
2019-03-27 14:33:00,1.16,1.16,1.16,1.16,109.0
2019-03-27 14:35:00,1.16,1.1742,1.16,1.16,1171.0
2019-03-27 14:37:00,1.18,1.18,1.16,1.16,1331.0
2019-03-27 14:39:00,1.16,1.16,1.16,1.16,100.0
2019-03-27 14:41:00,1.1656,1.1656,1.1656,1.1656,5414.0
2019-03-27 14:47:00,1.16,1.16,1.16,1.16,1000.0
2019-03-27 14:48:00,1.16,1.16,1.16,1.16,1780.0
2019-03-27 14:50:00,1.175,1.175,1.16,1.16,3123.0
2019-03-27 14:56:00,1.1899,1.1899,1.1899,1.1899,2788.0
2019-03-27 15:04:00,1.1899,1.1899,1.1899,1.1899,2000.0
2019-03-27 15:13:00,1.19,1.19,1.19,1.19,1101.0
2019-03-27 15:21:00,1.1801,1.1801,1.16,1.16,3830.0
2019-03-27 15:22:00,1.1803,1.1803,1.1803,1.1803,335.0
2019-03-27 15:26:00,1.17,1.17,1.16,1.16,600.0
2019-03-27 15:27:00,1.1861,1.1861,1.17,1.17,1945.0
2019-03-27 15:35:00,1.1736,1.1736,1.1736,1.1736,2145.0
2019-03-27 15:46:00,1.1712,1.1712,1.1712,1.1712,1500.0
2019-03-27 15:51:00,1.1779,1.1779,1.17,1.17,1200.0
2019-03-27 15:52:00,1.175,1.178,1.175,1.178,1100.0
2019-03-27 15:53:00,1.175,1.175,1.16,1.17,1100.0
2019-03-27 15:55:00,1.17,1.17,1.16,1.16,1000.0
2019-03-27 15:56:00,1.1775,1.1775,1.17,1.17,2102.0
2019-03-27 15:57:00,1.16,1.16,1.16,1.16,2292.0
2019-03-27 15:58:00,1.17,1.18,1.1685,1.17,3339.0
2019-03-27 15:59:00,1.175,1.175,1.1739,1.1739,400.0
2019-03-27 16:00:00,1.18,1.2,1.18,1.18,1264.0
2019-03-28 09:31:00,1.19,1.19,1.19,1.19,9743.0
2019-03-28 09:32:00,1.15,1.15,1.15,1.15,179.0
2019-03-28 09:33:00,1.1201,1.1201,1.1201,1.1201,548.0
2019-03-28 09:35:00,1.132,1.132,1.132,1.132,160.0
2019-03-28 09:37:00,1.15,1.15,1.15,1.15,2080.0
2019-03-28 09:38:00,1.1259,1.1259,1.1259,1.1259,1326.0
2019-03-28 09:42:00,1.13,1.13,1.13,1.13,110.0
2019-03-28 09:44:00,1.1259,1.1259,1.1259,1.1259,100.0
2019-03-28 09:45:00,1.1259,1.1259,1.1259,1.1259,400.0
2019-03-28 09:48:00,1.15,1.15,1.15,1.15,650.0
2019-03-28 09:49:00,1.15,1.15,1.15,1.15,100.0
2019-03-28 09:50:00,1.1422,1.1422,1.1422,1.1422,907.0
2019-03-28 09:54:00,1.1301,1.1301,1.13,1.13,10052.0
2019-03-28 09:56:00,1.147,1.147,1.147,1.147,14052.0
2019-03-28 09:57:00,1.13,1.13,1.13,1.13,215.0
2019-03-28 09:59:00,1.13,1.13,1.13,1.13,823.0
2019-03-28 10:00:00,1.16,1.16,1.16,1.16,101.0
2019-03-28 10:01:00,1.1325,1.1325,1.1325,1.1325,410.0
2019-03-28 10:02:00,1.1258,1.1258,1.1258,1.1258,5000.0
2019-03-28 10:03:00,1.1242,1.1242,1.1242,1.1242,200.0
2019-03-28 10:04:00,1.1242,1.1242,1.1242,1.1242,300.0
2019-03-28 10:05:00,1.16,1.16,1.16,1.16,600.0
2019-03-28 10:06:00,1.1308,1.1308,1.1308,1.1308,1332.0
2019-03-28 10:08:00,1.1371,1.1371,1.1371,1.1371,483.0
2019-03-28 10:14:00,1.1301,1.1301,1.1301,1.1301,1500.0
2019-03-28 10:16:00,1.13,1.13,1.13,1.13,1175.0
2019-03-28 10:18:00,1.16,1.16,1.16,1.16,3078.0
2019-03-28 10:37:00,1.1345,1.1345,1.1345,1.1345,300.0
2019-03-28 10:38:00,1.13,1.13,1.13,1.13,300.0
2019-03-28 10:39:00,1.1321,1.1321,1.1321,1.1321,978.0
2019-03-28 10:50:00,1.16,1.16,1.16,1.16,400.0
2019-03-28 10:59:00,1.1422,1.1422,1.1422,1.1422,500.0
2019-03-28 11:00:00,1.145,1.145,1.145,1.145,701.0
2019-03-28 11:21:00,1.1457,1.1457,1.1457,1.1457,1002.0
2019-03-28 11:23:00,1.14,1.14,1.14,1.14,3248.0
2019-03-28 11:26:00,1.132,1.132,1.132,1.132,4015.0
2019-03-28 11:29:00,1.135,1.135,1.135,1.135,1340.0
2019-03-28 11:34:00,1.13,1.1323,1.13,1.13,10227.0
2019-03-28 11:46:00,1.122,1.122,1.12,1.12,4915.0
2019-03-28 11:52:00,1.11,1.1239,1.11,1.1239,10464.0
2019-03-28 12:03:00,1.1239,1.1239,1.1239,1.1239,150.0
2019-03-28 12:06:00,1.104,1.104,1.104,1.104,500.0
2019-03-28 12:10:00,1.1151,1.1151,1.1151,1.1151,931.0
2019-03-28 12:13:00,1.1164,1.1164,1.1164,1.1164,1700.0
2019-03-28 12:31:00,1.115,1.115,1.115,1.115,200.0
2019-03-28 12:32:00,1.115,1.115,1.115,1.115,1112.0
2019-03-28 12:44:00,1.13,1.13,1.13,1.13,205.0
2019-03-28 12:51:00,1.1344,1.1344,1.13,1.13,1152.0
2019-03-28 13:05:00,1.1299,1.1299,1.1299,1.1299,1000.0
2019-03-28 13:06:00,1.11,1.11,1.11,1.11,2457.0
2019-03-28 13:30:00,1.1252,1.1252,1.1252,1.1252,470.0
2019-03-28 13:39:00,1.13,1.13,1.13,1.13,108.0
2019-03-28 13:45:00,1.1171,1.1171,1.1171,1.1171,127.0
2019-03-28 13:59:00,1.13,1.13,1.13,1.13,900.0
2019-03-28 14:00:00,1.12,1.12,1.12,1.12,3084.0
2019-03-28 14:10:00,1.126,1.126,1.126,1.126,1439.0
2019-03-28 14:36:00,1.1133,1.1133,1.1133,1.1133,100.0
2019-03-28 14:37:00,1.1237,1.1237,1.1237,1.1237,420.0
2019-03-28 14:49:00,1.13,1.13,1.13,1.13,146.0
2019-03-28 15:03:00,1.1201,1.1201,1.1201,1.1201,1600.0
2019-03-28 15:08:00,1.12,1.12,1.12,1.12,1037.0
2019-03-28 15:18:00,1.12,1.12,1.12,1.12,379.0
2019-03-28 15:23:00,1.1299,1.1299,1.12,1.12,5009.0
2019-03-28 15:32:00,1.118,1.118,1.118,1.118,2164.0
2019-03-28 15:42:00,1.1156,1.12,1.11,1.1199,16275.0
2019-03-28 15:51:00,1.13,1.13,1.13,1.13,208.0
2019-03-28 15:54:00,1.1361,1.1361,1.1361,1.1361,1005.0
2019-03-28 15:59:00,1.1361,1.1361,1.1361,1.1361,1000.0
2019-03-28 16:00:00,1.12,1.12,1.12,1.12,3500.0
2019-03-29 09:33:00,1.122,1.122,1.122,1.122,1261.0
2019-03-29 09:35:00,1.11,1.11,1.11,1.11,474.0
2019-03-29 09:37:00,1.126,1.15,1.126,1.14,4679.0
2019-03-29 09:39:00,1.1206,1.1206,1.1206,1.1206,150.0
2019-03-29 09:44:00,1.12,1.12,1.12,1.12,1116.0
2019-03-29 09:46:00,1.11,1.114,1.11,1.114,1050.0
2019-03-29 09:49:00,1.111,1.1127,1.11,1.1113,8302.0
2019-03-29 09:53:00,1.12,1.14,1.12,1.13,3568.0
2019-03-29 09:55:00,1.1156,1.1156,1.1156,1.1156,4245.0
2019-03-29 10:02:00,1.1103,1.1103,1.1103,1.1103,307.0
2019-03-29 10:04:00,1.1124,1.1124,1.1124,1.1124,1210.0
2019-03-29 10:10:00,1.13,1.14,1.13,1.14,810.0
2019-03-29 10:20:00,1.11,1.11,1.11,1.11,198.0
2019-03-29 10:21:00,1.1283,1.1283,1.1283,1.1283,100.0
2019-03-29 10:23:00,1.11,1.121,1.11,1.121,3751.0
2019-03-29 10:31:00,1.138,1.138,1.138,1.138,1020.0
2019-03-29 10:41:00,1.1156,1.1156,1.1156,1.1156,500.0
2019-03-29 10:42:00,1.134,1.14,1.134,1.14,600.0
2019-03-29 10:43:00,1.1393,1.1393,1.1393,1.1393,1000.0
2019-03-29 10:50:00,1.1254,1.1254,1.1254,1.1254,121.0
2019-03-29 10:52:00,1.1391,1.1391,1.1391,1.1391,766.0
2019-03-29 11:12:00,1.1377,1.1377,1.13,1.13,925.0
2019-03-29 11:26:00,1.135,1.14,1.135,1.14,900.0
2019-03-29 11:27:00,1.14,1.14,1.13,1.13,2504.0
2019-03-29 11:32:00,1.17,1.17,1.1557,1.1557,1000.0
2019-03-29 11:38:00,1.13,1.13,1.13,1.13,104.0
2019-03-29 11:50:00,1.1342,1.1342,1.1342,1.1342,524.0
2019-03-29 12:06:00,1.1343,1.1343,1.1343,1.1343,617.0
2019-03-29 12:10:00,1.1343,1.1343,1.1343,1.1343,500.0
2019-03-29 12:18:00,1.15,1.16,1.15,1.16,1910.0
2019-03-29 12:19:00,1.1529,1.155,1.1529,1.155,6190.0
2019-03-29 12:22:00,1.1643,1.1643,1.1643,1.1643,5005.0
2019-03-29 12:23:00,1.16,1.16,1.16,1.16,500.0
2019-03-29 12:24:00,1.17,1.17,1.164,1.164,750.0
2019-03-29 12:26:00,1.1595,1.1595,1.1595,1.1595,1600.0
2019-03-29 12:33:00,1.166,1.166,1.15,1.15,6572.0
2019-03-29 12:43:00,1.15,1.15,1.15,1.15,1000.0
2019-03-29 12:49:00,1.1501,1.1501,1.1501,1.1501,2000.0
2019-03-29 12:51:00,1.1563,1.1563,1.1563,1.1563,2000.0
2019-03-29 12:56:00,1.153,1.153,1.153,1.153,1750.0
2019-03-29 13:01:00,1.17,1.17,1.17,1.17,180.0
2019-03-29 13:04:00,1.1505,1.17,1.1505,1.168,1100.0
2019-03-29 13:08:00,1.17,1.17,1.17,1.17,3603.0
2019-03-29 13:10:00,1.19,1.19,1.19,1.19,200.0
2019-03-29 13:11:00,1.19,1.19,1.19,1.19,110.0
2019-03-29 13:16:00,1.19,1.2,1.19,1.2,2000.0
2019-03-29 13:20:00,1.176,1.176,1.176,1.176,140.0
2019-03-29 13:24:00,1.17,1.185,1.17,1.17,1200.0
2019-03-29 13:27:00,1.2,1.23,1.2,1.23,1508.0
2019-03-29 13:30:00,1.21,1.21,1.21,1.21,2506.0
2019-03-29 13:39:00,1.202,1.21,1.202,1.21,2010.0
2019-03-29 13:41:00,1.2,1.2,1.2,1.2,356.0
2019-03-29 13:44:00,1.2,1.21,1.18,1.18,2280.0
2019-03-29 13:45:00,1.195,1.195,1.17,1.17,1700.0
2019-03-29 13:46:00,1.19,1.19,1.19,1.19,1266.0
2019-03-29 13:51:00,1.19,1.19,1.1803,1.1803,1108.0
2019-03-29 13:53:00,1.1724,1.1724,1.17,1.17,2600.0
2019-03-29 13:54:00,1.1874,1.19,1.1874,1.19,700.0
2019-03-29 13:55:00,1.17,1.17,1.17,1.17,379.0
2019-03-29 13:58:00,1.1899,1.1899,1.1899,1.1899,1050.0
2019-03-29 14:03:00,1.1899,1.1899,1.1899,1.1899,4602.0
2019-03-29 14:08:00,1.1875,1.1875,1.18,1.18,5150.0
2019-03-29 14:10:00,1.1816,1.1816,1.1816,1.1816,1306.0
2019-03-29 14:23:00,1.18,1.18,1.18,1.18,1000.0
2019-03-29 14:24:00,1.1834,1.1834,1.1834,1.1834,235.0
2019-03-29 14:42:00,1.188,1.19,1.18,1.19,503.0
2019-03-29 15:03:00,1.182,1.182,1.182,1.182,200.0
2019-03-29 15:10:00,1.1809,1.1809,1.1809,1.1809,1955.0
2019-03-29 15:27:00,1.185,1.185,1.18,1.1801,1000.0
2019-03-29 15:42:00,1.19,1.19,1.19,1.19,4200.0
2019-03-29 15:44:00,1.1813,1.1813,1.1813,1.1813,801.0
2019-03-29 15:58:00,1.18,1.18,1.18,1.18,266.0
2019-04-01 09:34:00,1.1724,1.1724,1.1724,1.1724,19768.0
2019-04-01 09:43:00,1.1953,1.1953,1.1953,1.1953,650.0
2019-04-01 09:44:00,1.2,1.2,1.2,1.2,1196.0
2019-04-01 09:49:00,1.18,1.18,1.18,1.18,651.0
2019-04-01 09:50:00,1.18,1.18,1.18,1.18,100.0
2019-04-01 09:51:00,1.18,1.18,1.18,1.18,200.0
2019-04-01 09:53:00,1.2,1.2,1.2,1.2,100.0
2019-04-01 09:56:00,1.18,1.18,1.18,1.18,200.0
2019-04-01 09:58:00,1.1854,1.1854,1.1854,1.1854,1010.0
2019-04-01 10:00:00,1.18,1.18,1.18,1.18,275.0
2019-04-01 10:01:00,1.18,1.18,1.18,1.18,102.0
2019-04-01 10:03:00,1.184,1.184,1.184,1.184,1300.0
2019-04-01 10:06:00,1.1931,1.1931,1.1931,1.1931,3165.0
2019-04-01 10:11:00,1.19,1.19,1.19,1.19,181.0
2019-04-01 10:16:00,1.19,1.19,1.19,1.19,220.0
2019-04-01 10:18:00,1.19,1.19,1.19,1.19,225.0
2019-04-01 10:19:00,1.19,1.19,1.19,1.19,100.0
2019-04-01 10:21:00,1.19,1.19,1.19,1.19,165.0
2019-04-01 10:22:00,1.1985,1.1985,1.1985,1.1985,124.0
2019-04-01 10:40:00,1.1943,1.1943,1.1943,1.1943,200.0
2019-04-01 10:51:00,1.195,1.195,1.195,1.195,300.0
2019-04-01 10:52:00,1.19,1.19,1.19,1.19,410.0
2019-04-01 11:09:00,1.19,1.19,1.19,1.19,100.0
2019-04-01 11:13:00,1.1934,1.1934,1.1934,1.1934,400.0
2019-04-01 11:14:00,1.1955,1.1955,1.1955,1.1955,2749.0
2019-04-01 11:22:00,1.1933,1.1933,1.1933,1.1933,535.0
2019-04-01 11:31:00,1.2083,1.2083,1.2083,1.2083,3733.0
2019-04-01 11:36:00,1.1901,1.1901,1.1901,1.1901,6475.0
2019-04-01 11:43:00,1.2008,1.2008,1.2008,1.2008,564.0
2019-04-01 11:46:00,1.198,1.198,1.198,1.198,980.0
2019-04-01 11:59:00,1.2,1.2,1.2,1.2,300.0
2019-04-01 12:05:00,1.1989,1.1989,1.1989,1.1989,1010.0
2019-04-01 12:10:00,1.19,1.19,1.19,1.19,262.0
2019-04-01 12:22:00,1.1931,1.1931,1.1931,1.1931,1681.0
2019-04-01 12:33:00,1.19,1.19,1.19,1.19,300.0
2019-04-01 12:35:00,1.1901,1.1939,1.19,1.1939,8519.0
2019-04-01 12:40:00,1.195,1.195,1.195,1.195,2832.0
2019-04-01 12:57:00,1.19,1.19,1.19,1.19,385.0
2019-04-01 13:06:00,1.2,1.2,1.2,1.2,556.0
2019-04-01 13:21:00,1.194,1.194,1.19,1.19,2400.0
2019-04-01 13:33:00,1.1941,1.1941,1.1941,1.1941,1000.0
2019-04-01 13:35:00,1.18,1.18,1.18,1.18,100.0
2019-04-01 13:36:00,1.17,1.17,1.17,1.17,1683.0
2019-04-01 13:44:00,1.1511,1.1511,1.1511,1.1511,5520.0
2019-04-01 13:46:00,1.156,1.18,1.156,1.18,2627.0
2019-04-01 13:52:00,1.16,1.16,1.16,1.16,100.0
2019-04-01 14:03:00,1.1763,1.1763,1.1763,1.1763,489.0
2019-04-01 14:06:00,1.17,1.17,1.17,1.17,231.0
2019-04-01 14:09:00,1.174,1.174,1.174,1.174,1194.0
2019-04-01 14:14:00,1.165,1.165,1.165,1.165,895.0
2019-04-01 14:22:00,1.17,1.17,1.17,1.17,527.0
2019-04-01 14:38:00,1.1759,1.1759,1.1759,1.1759,650.0
2019-04-01 14:47:00,1.18,1.18,1.18,1.18,100.0
2019-04-01 14:55:00,1.18,1.1812,1.18,1.1812,4594.0
2019-04-01 15:12:00,1.1776,1.1776,1.1776,1.1776,1390.0
2019-04-01 15:30:00,1.18,1.18,1.18,1.18,16787.0
2019-04-01 15:39:00,1.16,1.16,1.16,1.16,3413.0
2019-04-01 15:42:00,1.17,1.17,1.17,1.17,1768.0
2019-04-01 15:46:00,1.161,1.161,1.161,1.161,1142.0
2019-04-01 15:47:00,1.17,1.17,1.17,1.17,123.0
2019-04-01 15:57:00,1.168,1.168,1.165,1.165,298.0
2019-04-02 09:31:00,1.1706,1.1706,1.1706,1.1706,1243.0
2019-04-02 09:38:00,1.184,1.184,1.184,1.184,285.0
2019-04-02 09:49:00,1.1899,1.1899,1.1899,1.1899,2745.0
2019-04-02 09:50:00,1.1798,1.1798,1.1798,1.1798,270.0
2019-04-02 09:59:00,1.1856,1.1856,1.1856,1.1856,1155.0
2019-04-02 10:04:00,1.1885,1.1885,1.1885,1.1885,655.0
2019-04-02 10:08:00,1.2,1.2,1.2,1.2,6499.0
2019-04-02 10:11:00,1.2,1.2,1.2,1.2,400.0
2019-04-02 10:13:00,1.2039,1.2039,1.2039,1.2039,1212.0
2019-04-02 10:22:00,1.24,1.24,1.24,1.24,451.0
2019-04-02 10:26:00,1.21,1.2212,1.21,1.2212,1300.0
2019-04-02 10:32:00,1.2213,1.2213,1.2213,1.2213,709.0
2019-04-02 10:37:00,1.23,1.23,1.23,1.23,500.0
2019-04-02 10:38:00,1.22,1.22,1.22,1.22,815.0
2019-04-02 10:39:00,1.2281,1.2281,1.2281,1.2281,995.0
2019-04-02 10:42:00,1.23,1.23,1.23,1.23,2302.0
2019-04-02 10:43:00,1.23,1.23,1.23,1.23,6850.0
2019-04-02 10:44:00,1.25,1.25,1.25,1.25,2605.0
2019-04-02 10:45:00,1.2515,1.2515,1.2515,1.2515,2000.0
2019-04-02 10:47:00,1.23,1.23,1.22,1.22,8966.0
2019-04-02 10:49:00,1.228,1.228,1.228,1.228,180.0
2019-04-02 10:51:00,1.2279,1.2279,1.2279,1.2279,4320.0
2019-04-02 10:52:00,1.2,1.2,1.2,1.2,660.0
2019-04-02 11:05:00,1.2,1.22,1.2,1.22,14175.0
2019-04-02 11:19:00,1.21,1.21,1.21,1.21,1200.0
2019-04-02 11:30:00,1.21,1.21,1.21,1.21,105.0
2019-04-02 11:42:00,1.2,1.2,1.2,1.2,1000.0
2019-04-02 11:45:00,1.21,1.21,1.21,1.21,2281.0
2019-04-02 12:04:00,1.204,1.204,1.2,1.2,400.0
2019-04-02 12:12:00,1.21,1.21,1.21,1.21,1146.0
2019-04-02 12:15:00,1.21,1.21,1.21,1.21,200.0
2019-04-02 12:47:00,1.21,1.21,1.21,1.21,2819.0
2019-04-02 12:55:00,1.21,1.21,1.21,1.21,1242.0
2019-04-02 12:59:00,1.2118,1.2118,1.2118,1.2118,589.0
2019-04-02 13:05:00,1.21,1.21,1.21,1.21,10575.0
2019-04-02 13:10:00,1.21,1.21,1.21,1.21,478.0
2019-04-02 13:49:00,1.204,1.204,1.2,1.2,200.0
2019-04-02 13:56:00,1.202,1.202,1.2,1.2,6139.0
2019-04-02 14:08:00,1.16,1.16,1.16,1.16,1709.0
2019-04-02 14:11:00,1.1658,1.1658,1.1658,1.1658,2939.0
2019-04-02 14:24:00,1.17,1.17,1.17,1.17,1400.0
2019-04-02 14:29:00,1.188,1.188,1.188,1.188,100.0
2019-04-02 14:33:00,1.18,1.18,1.18,1.18,2806.0
2019-04-02 14:34:00,1.16,1.16,1.16,1.16,5894.0
2019-04-02 14:41:00,1.16,1.16,1.16,1.16,200.0
2019-04-02 14:44:00,1.1608,1.1608,1.1608,1.1608,3000.0
2019-04-02 14:50:00,1.1655,1.1655,1.1655,1.1655,250.0
2019-04-02 15:00:00,1.162,1.162,1.162,1.162,200.0
2019-04-02 15:02:00,1.16,1.1642,1.16,1.1642,1301.0
2019-04-02 15:06:00,1.162,1.162,1.16,1.16,275.0
2019-04-02 15:15:00,1.165,1.165,1.1642,1.1642,2680.0
2019-04-02 15:20:00,1.16,1.16,1.16,1.16,3289.0
2019-04-02 15:26:00,1.1699,1.1699,1.1699,1.1699,360.0
2019-04-02 15:32:00,1.1618,1.1618,1.1618,1.1618,1003.0
2019-04-02 15:51:00,1.1666,1.1666,1.1666,1.1666,1015.0
2019-04-02 16:00:00,1.17,1.17,1.17,1.17,112.0
2019-04-03 09:35:00,1.184,1.184,1.18,1.18,881.0
2019-04-03 09:42:00,1.1845,1.1845,1.1845,1.1845,5811.0
2019-04-03 09:48:00,1.184,1.184,1.184,1.184,650.0
2019-04-03 09:50:00,1.1914,1.1914,1.1914,1.1914,1061.0
2019-04-03 09:53:00,1.198,1.198,1.198,1.198,4200.0
2019-04-03 09:54:00,1.198,1.198,1.198,1.198,7388.0
2019-04-03 10:00:00,1.2,1.2,1.2,1.2,1000.0
2019-04-03 10:04:00,1.206,1.206,1.206,1.206,100.0
2019-04-03 10:05:00,1.1926,1.1926,1.1926,1.1926,252.0
2019-04-03 10:24:00,1.17,1.17,1.17,1.17,1507.0
2019-04-03 10:25:00,1.1701,1.1701,1.1701,1.1701,1300.0
2019-04-03 10:33:00,1.1841,1.1841,1.1841,1.1841,1436.0
2019-04-03 10:38:00,1.194,1.2,1.194,1.2,862.0
2019-04-03 10:44:00,1.178,1.178,1.178,1.178,536.0
2019-04-03 10:51:00,1.1803,1.1803,1.1803,1.1803,1500.0
2019-04-03 11:23:00,1.178,1.178,1.178,1.178,3500.0
2019-04-03 11:31:00,1.176,1.176,1.176,1.176,167.0
2019-04-03 12:02:00,1.176,1.176,1.176,1.176,1028.0
2019-04-03 12:19:00,1.18,1.18,1.18,1.18,230.0
2019-04-03 12:24:00,1.18,1.18,1.18,1.18,871.0
2019-04-03 12:41:00,1.186,1.186,1.186,1.186,350.0
2019-04-03 12:47:00,1.21,1.21,1.21,1.21,200.0
2019-04-03 12:48:00,1.21,1.21,1.2099,1.2099,6787.0
2019-04-03 12:51:00,1.2025,1.21,1.2025,1.21,5758.0
2019-04-03 12:56:00,1.2007,1.2007,1.2007,1.2007,2830.0
2019-04-03 12:58:00,1.215,1.215,1.212,1.212,2160.0
2019-04-03 13:07:00,1.2,1.2,1.2,1.2,1540.0
2019-04-03 13:09:00,1.2,1.2,1.2,1.2,1013.0
2019-04-03 13:20:00,1.206,1.206,1.206,1.206,1500.0
2019-04-03 13:27:00,1.21,1.21,1.21,1.21,900.0
2019-04-03 13:41:00,1.22,1.22,1.22,1.22,100.0
2019-04-03 13:46:00,1.22,1.22,1.22,1.22,600.0
2019-04-03 13:52:00,1.2275,1.2275,1.22,1.22,3485.0
2019-04-03 13:55:00,1.2199,1.2199,1.2199,1.2199,2666.0
2019-04-03 13:58:00,1.2193,1.2193,1.2193,1.2193,1901.0
2019-04-03 14:00:00,1.2157,1.2157,1.2157,1.2157,3111.0
2019-04-03 14:02:00,1.218,1.218,1.218,1.218,550.0
2019-04-03 14:03:00,1.22,1.22,1.22,1.22,4200.0
2019-04-03 14:05:00,1.23,1.23,1.23,1.23,401.0
2019-04-03 14:09:00,1.24,1.24,1.24,1.24,2730.0
2019-04-03 14:10:00,1.2399,1.2399,1.2399,1.2399,1547.0
2019-04-03 14:12:00,1.23,1.23,1.23,1.23,6502.0
2019-04-03 14:13:00,1.2285,1.2285,1.2285,1.2285,743.0
2019-04-03 14:31:00,1.228,1.228,1.2264,1.2264,816.0
2019-04-03 14:33:00,1.22,1.22,1.22,1.22,1607.0
2019-04-03 14:45:00,1.223,1.223,1.223,1.223,2559.0
2019-04-03 15:03:00,1.2003,1.2003,1.2003,1.2003,3110.0
2019-04-03 15:20:00,1.2,1.2,1.2,1.2,4000.0
2019-04-03 15:26:00,1.224,1.224,1.224,1.224,1210.0
2019-04-03 15:44:00,1.23,1.23,1.23,1.23,100.0
2019-04-03 15:53:00,1.2057,1.2057,1.2057,1.2057,122.0
