
2019-03-15 09:32:00,45.825,45.825,45.65,45.65,0.0
2019-03-15 09:56:00,45.375,45.375,45.375,45.375,482.0
2019-03-15 10:19:00,46.0,46.0,46.0,46.0,534.0
2019-03-15 10:44:00,46.2,46.2,46.2,46.2,238.0
2019-03-15 10:50:00,46.26,46.26,46.26,46.26,360.0
2019-03-15 10:56:00,46.4481,46.4481,46.4481,46.4481,303.0
2019-03-15 11:04:00,46.6,46.6,46.6,46.6,100.0
2019-03-15 11:08:00,46.61,46.61,46.61,46.61,129.0
2019-03-15 11:21:00,46.27,46.27,46.27,46.27,118.0
2019-03-15 11:26:00,46.48,46.48,46.48,46.48,315.0
2019-03-15 11:34:00,46.48,46.48,46.48,46.48,105.0
2019-03-15 11:54:00,46.515,46.515,46.515,46.515,472.0
2019-03-15 12:29:00,46.305,46.305,46.305,46.305,1275.0
2019-03-15 12:30:00,46.39,46.39,46.39,46.39,442.0
2019-03-15 12:50:00,46.42,46.42,46.42,46.42,176.0
2019-03-15 12:51:00,46.5,46.54,46.5,46.54,1587.0
2019-03-15 12:54:00,46.5,46.5,46.5,46.5,1000.0
2019-03-15 12:56:00,46.525,46.525,46.525,46.525,104.0
2019-03-15 13:03:00,46.58,46.58,46.58,46.58,103.0
2019-03-15 13:09:00,46.5,46.5,46.5,46.5,228.0
2019-03-15 13:19:00,46.58,46.58,46.58,46.58,311.0
2019-03-15 13:30:00,46.52,46.52,46.52,46.52,311.0
2019-03-15 13:34:00,46.54,46.54,46.54,46.54,100.0
2019-03-15 13:35:00,46.54,46.54,46.54,46.54,207.0
2019-03-15 13:41:00,46.54,46.54,46.54,46.54,100.0
2019-03-15 13:47:00,46.505,46.505,46.505,46.505,10447.0
2019-03-15 13:50:00,46.505,46.505,46.505,46.505,676.0
2019-03-15 14:02:00,46.515,46.515,46.515,46.515,202.0
2019-03-15 14:09:00,46.37,46.37,46.37,46.37,1267.0
2019-03-15 14:12:00,46.36,46.36,46.36,46.36,401.0
2019-03-15 14:16:00,46.32,46.32,46.32,46.32,374.0
2019-03-15 14:19:00,46.22,46.22,46.2,46.2,620.0
2019-03-15 14:23:00,46.17,46.17,46.17,46.17,644.0
2019-03-15 15:10:00,46.0,46.0,46.0,46.0,1045.0
2019-03-15 15:16:00,45.91,45.91,45.91,45.91,455.0
2019-03-15 15:22:00,45.88,45.88,45.88,45.88,206.0
2019-03-15 15:28:00,45.81,45.81,45.81,45.81,485.0
2019-03-15 15:36:00,45.75,45.75,45.75,45.75,789.0
2019-03-15 15:39:00,45.8,45.8,45.8,45.8,112.0
2019-03-15 15:45:00,45.805,45.805,45.805,45.805,411.0
2019-03-15 15:51:00,45.75,45.75,45.75,45.75,202.0
2019-03-15 15:52:00,45.765,45.795,45.765,45.795,1540.0
2019-03-15 15:54:00,45.775,45.775,45.775,45.775,1417.0
2019-03-15 15:56:00,45.65,45.705,45.65,45.705,481.0
2019-03-15 16:00:00,45.63,45.63,45.63,45.63,411.0
2019-03-18 09:31:00,45.61,45.61,45.61,45.61,152.0
2019-03-18 09:35:00,45.87,45.87,45.87,45.87,805.0
2019-03-18 09:39:00,46.06,46.06,46.06,46.06,500.0
2019-03-18 09:42:00,45.49,45.49,45.49,45.49,1274.0
2019-03-18 10:02:00,45.845,45.845,45.845,45.845,129.0
2019-03-18 10:20:00,45.6683,45.6683,45.6683,45.6683,328.0
2019-03-18 10:35:00,45.865,45.865,45.865,45.865,100.0
2019-03-18 10:36:00,45.865,45.865,45.865,45.865,100.0
2019-03-18 10:37:00,45.7087,45.7087,45.7087,45.7087,870.0
2019-03-18 10:41:00,46.035,46.035,46.035,46.035,260.0
2019-03-18 10:47:00,45.865,45.865,45.865,45.865,144.0
2019-03-18 10:51:00,45.875,45.875,45.875,45.875,600.0
2019-03-18 10:57:00,45.875,45.875,45.875,45.875,200.0
2019-03-18 11:05:00,45.82,45.82,45.82,45.82,210.0
2019-03-18 11:09:00,45.74,45.74,45.74,45.74,321.0
2019-03-18 11:13:00,45.71,45.71,45.71,45.71,158.0
2019-03-18 11:25:00,45.49,45.49,45.49,45.49,410.0
2019-03-18 11:26:00,45.43,45.43,45.43,45.43,604.0
2019-03-18 11:30:00,45.5,45.5,45.5,45.5,701.0
2019-03-18 11:32:00,45.5,45.5,45.5,45.5,250.0
2019-03-18 11:36:00,45.4491,45.4491,45.4491,45.4491,150.0
2019-03-18 11:39:00,45.5,45.5,45.5,45.5,100.0
2019-03-18 11:41:00,45.5,45.5,45.5,45.5,621.0
2019-03-18 11:44:00,45.5,45.5,45.5,45.5,500.0
2019-03-18 11:46:00,45.5,45.5,45.5,45.5,400.0
2019-03-18 11:47:00,45.43,45.43,45.43,45.43,196.0
2019-03-18 11:56:00,45.5,45.5,45.5,45.5,112.0
2019-03-18 12:00:00,45.5,45.5,45.5,45.5,400.0
2019-03-18 12:03:00,45.5,45.5,45.5,45.5,400.0
2019-03-18 12:05:00,45.5,45.5,45.5,45.5,376.0
2019-03-18 12:13:00,45.41,45.41,45.41,45.41,196.0
2019-03-18 12:32:00,45.56,45.56,45.56,45.56,100.0
2019-03-18 12:45:00,45.4,45.4,45.4,45.4,200.0
2019-03-18 13:02:00,45.58,45.58,45.58,45.58,289.0
2019-03-18 13:07:00,45.395,45.395,45.395,45.395,902.0
2019-03-18 13:15:00,45.3,45.3,45.3,45.3,101.0
2019-03-18 13:18:00,45.395,45.395,45.395,45.395,100.0
2019-03-18 13:21:00,45.36,45.36,45.36,45.36,167.0
2019-03-18 13:34:00,45.44,45.44,45.44,45.44,130.0
2019-03-18 13:41:00,45.43,45.43,45.43,45.43,101.0
2019-03-18 13:52:00,45.21,45.21,45.21,45.21,133.0
2019-03-18 13:59:00,45.43,45.43,45.43,45.43,100.0
2019-03-18 14:09:00,45.425,45.425,45.425,45.425,300.0
2019-03-18 14:22:00,45.42,45.42,45.42,45.42,100.0
2019-03-18 14:28:00,45.42,45.42,45.42,45.42,100.0
2019-03-18 14:31:00,45.4927,45.4927,45.4927,45.4927,250.0
2019-03-18 14:33:00,45.42,45.42,45.42,45.42,700.0
2019-03-18 14:36:00,45.42,45.42,45.42,45.42,100.0
2019-03-18 14:37:00,45.44,45.44,45.44,45.44,200.0
2019-03-18 14:44:00,45.44,45.44,45.44,45.44,100.0
2019-03-18 14:46:00,45.44,45.44,45.44,45.44,305.0
2019-03-18 14:53:00,45.44,45.44,45.44,45.44,400.0
2019-03-18 14:54:00,45.44,45.44,45.44,45.44,200.0
2019-03-18 15:00:00,45.3,45.3,45.3,45.3,225.0
2019-03-18 15:02:00,45.45,45.45,45.45,45.45,200.0
2019-03-18 15:09:00,45.46,45.46,45.46,45.46,115.0
2019-03-18 15:12:00,45.495,45.495,45.36,45.36,3991.0
2019-03-18 15:13:00,45.43,45.51,45.43,45.51,1950.0
2019-03-18 15:18:00,45.62,45.62,45.62,45.62,390.0
2019-03-18 15:19:00,45.62,45.62,45.62,45.62,526.0
2019-03-18 15:21:00,45.64,45.64,45.64,45.64,789.0
2019-03-18 15:23:00,45.64,45.64,45.64,45.64,519.0
2019-03-18 15:25:00,45.44,45.44,45.38,45.38,2571.0
2019-03-18 15:31:00,45.43,45.43,45.4289,45.4289,989.0
2019-03-18 15:37:00,45.445,45.445,45.445,45.445,200.0
2019-03-18 15:39:00,45.41,45.41,45.41,45.41,100.0
2019-03-18 15:41:00,45.445,45.445,45.445,45.445,376.0
2019-03-18 15:42:00,45.45,45.45,45.45,45.45,458.0
2019-03-18 15:44:00,45.41,45.41,45.41,45.41,727.0
2019-03-18 15:45:00,45.48,45.48,45.48,45.48,100.0
2019-03-18 15:48:00,45.485,45.485,45.485,45.485,200.0
2019-03-18 15:49:00,45.485,45.485,45.485,45.485,360.0
2019-03-18 15:50:00,45.49,45.49,45.49,45.49,118.0
2019-03-18 15:52:00,45.49,45.49,45.49,45.49,286.0
2019-03-18 15:53:00,45.43,45.43,45.43,45.43,527.0
2019-03-18 15:54:00,45.41,45.41,45.41,45.41,745.0
2019-03-18 15:56:00,45.35,45.35,45.26,45.26,1678.0
2019-03-18 15:57:00,45.21,45.21,45.21,45.21,1549.0
2019-03-18 15:58:00,45.275,45.275,45.275,45.275,1281.0
2019-03-18 15:59:00,45.275,45.275,45.275,45.275,1071.0
2019-03-18 16:00:00,45.23,45.23,45.23,45.23,1892.0
2019-03-19 09:31:00,45.55,45.565,45.55,45.55,0.0
2019-03-19 09:32:00,44.99,44.99,44.96,44.96,0.0
2019-03-19 09:38:00,45.7432,45.7432,45.7432,45.7432,500.0
2019-03-19 09:39:00,45.424,45.424,45.424,45.424,138.0
2019-03-19 09:53:00,45.41,45.41,45.41,45.41,230.0
2019-03-19 10:12:00,45.8812,45.8812,45.8812,45.8812,532.0
2019-03-19 10:27:00,45.5,45.5,45.5,45.5,406.0
2019-03-19 10:28:00,45.19,45.19,45.19,45.19,588.0
2019-03-19 10:43:00,45.445,45.445,45.445,45.445,42494.0
2019-03-19 10:57:00,45.45,45.45,45.45,45.45,250.0
2019-03-19 11:08:00,45.735,45.735,45.735,45.735,200.0
2019-03-19 11:17:00,45.445,45.445,45.445,45.445,13287.0
2019-03-19 11:18:00,45.445,45.445,45.135,45.135,2700.0
2019-03-19 11:24:00,45.435,45.435,45.435,45.435,100.0
2019-03-19 11:28:00,45.65,45.65,45.65,45.65,100.0
2019-03-19 11:32:00,45.425,45.425,45.425,45.425,889.0
2019-03-19 11:36:00,45.515,45.515,45.515,45.515,300.0
2019-03-19 11:40:00,45.515,45.515,45.515,45.515,544.0
2019-03-19 11:41:00,45.515,45.515,45.515,45.515,168.0
2019-03-19 11:58:00,45.515,45.515,45.515,45.515,100.0
2019-03-19 11:59:00,45.51,45.51,45.51,45.51,900.0
2019-03-19 12:14:00,45.74,45.74,45.74,45.74,100.0
2019-03-19 12:16:00,45.5715,45.5715,45.5715,45.5715,384.0
2019-03-19 12:37:00,45.66,45.78,45.66,45.78,356.0
2019-03-19 12:38:00,45.58,45.58,45.58,45.58,715.0
2019-03-19 12:40:00,45.58,45.58,45.58,45.58,460.0
2019-03-19 12:42:00,45.58,45.78,45.58,45.78,291.0
2019-03-19 12:43:00,45.58,45.58,45.58,45.58,662.0
2019-03-19 12:44:00,45.58,45.58,45.58,45.58,737.0
2019-03-19 12:45:00,45.405,45.405,45.405,45.405,787.0
2019-03-19 12:47:00,45.72,45.72,45.72,45.72,152.0
2019-03-19 12:48:00,45.5679,45.5679,45.5679,45.5679,442.0
2019-03-19 12:49:00,45.54,45.54,45.54,45.54,244.0
2019-03-19 12:52:00,45.54,45.54,45.54,45.54,1200.0
2019-03-19 12:53:00,45.6,45.6,45.6,45.6,908.0
2019-03-19 12:58:00,45.58,45.58,45.43,45.43,1200.0
2019-03-19 12:59:00,45.39,45.485,45.39,45.485,1485.0
2019-03-19 13:01:00,45.49,45.49,45.49,45.49,458.0
2019-03-19 13:06:00,45.5,45.5,45.5,45.5,243.0
2019-03-19 13:11:00,45.58,45.58,45.58,45.58,136.0
2019-03-19 13:18:00,45.625,45.625,45.625,45.625,1101.0
2019-03-19 13:20:00,45.635,45.635,45.635,45.635,312.0
2019-03-19 13:29:00,45.665,45.665,45.6,45.6,681.0
2019-03-19 13:53:00,45.7,45.7,45.7,45.7,100.0
2019-03-19 14:11:00,45.62,45.62,45.62,45.62,798.0
2019-03-19 14:12:00,45.6,45.6,45.555,45.555,300.0
2019-03-19 14:13:00,45.555,45.555,45.555,45.555,600.0
2019-03-19 14:16:00,45.51,45.51,45.51,45.51,300.0
2019-03-19 14:17:00,45.51,45.51,45.45,45.45,733.0
2019-03-19 14:22:00,45.5,45.5,45.5,45.5,100.0
2019-03-19 14:23:00,45.5,45.53,45.5,45.53,1542.0
2019-03-19 14:24:00,45.53,45.53,45.515,45.515,1895.0
2019-03-19 14:26:00,45.5,45.5,45.5,45.5,1032.0
2019-03-19 14:29:00,45.46,45.46,45.46,45.46,150.0
2019-03-19 14:32:00,45.5,45.5,45.5,45.5,659.0
2019-03-19 14:33:00,45.5,45.58,45.5,45.58,977.0
2019-03-19 14:55:00,45.5838,45.5838,45.505,45.505,1315.0
2019-03-19 15:08:00,45.51,45.51,45.51,45.51,101.0
2019-03-19 15:16:00,45.6,45.6,45.6,45.6,145.0
2019-03-19 15:32:00,45.52,45.52,45.52,45.52,587.0
2019-03-19 15:33:00,45.5175,45.5175,45.5175,45.5175,829.0
2019-03-19 15:36:00,45.5999,45.5999,45.5999,45.5999,205.0
2019-03-19 15:41:00,45.5,45.5,45.5,45.5,989.0
2019-03-19 15:45:00,45.44,45.44,45.44,45.44,101.0
2019-03-19 15:46:00,45.5,45.5,45.5,45.5,1313.0
2019-03-19 15:50:00,45.51,45.51,45.51,45.51,844.0
2019-03-19 15:51:00,45.57,45.57,45.57,45.57,501.0
2019-03-19 15:54:00,45.555,45.555,45.555,45.555,778.0
2019-03-19 15:55:00,45.52,45.52,45.52,45.52,849.0
2019-03-19 15:56:00,45.4,45.42,45.4,45.42,2217.0
2019-03-19 15:57:00,45.34,45.34,45.34,45.34,1131.0
2019-03-19 15:58:00,45.35,45.35,45.35,45.35,580.0
2019-03-19 15:59:00,45.3525,45.3525,45.3525,45.3525,1055.0
2019-03-19 16:00:00,45.31,45.31,45.23,45.23,4010.0
2019-03-20 09:31:00,45.25,45.25,45.25,45.25,0.0
2019-03-20 09:45:00,45.29,45.29,45.29,45.29,100.0
2019-03-20 09:48:00,45.6015,45.6015,45.6015,45.6015,700.0
2019-03-20 09:51:00,45.42,45.42,45.42,45.42,112.0
2019-03-20 09:55:00,45.67,45.67,45.51,45.51,10868.0
2019-03-20 09:56:00,45.45,45.45,45.39,45.39,478.0
2019-03-20 10:01:00,45.77,45.77,45.77,45.77,678.0
2019-03-20 10:04:00,45.77,45.77,45.77,45.77,100.0
2019-03-20 10:06:00,45.7375,45.7375,45.7375,45.7375,100.0
2019-03-20 10:11:00,45.52,45.52,45.52,45.52,100.0
2019-03-20 10:12:00,45.7912,45.7912,45.52,45.52,1400.0
2019-03-20 10:13:00,45.79,45.79,45.79,45.79,3100.0
2019-03-20 10:14:00,45.51,45.51,45.51,45.51,800.0
2019-03-20 10:19:00,45.705,45.705,45.705,45.705,130.0
2019-03-20 10:21:00,45.75,45.75,45.75,45.75,700.0
2019-03-20 10:22:00,45.66,45.66,45.66,45.66,1580.0
2019-03-20 10:26:00,45.75,45.75,45.75,45.75,1356.0
2019-03-20 10:31:00,45.79,45.79,45.79,45.79,126.0
2019-03-20 10:38:00,45.8,45.8,45.8,45.8,101.0
2019-03-20 10:39:00,45.8,45.8,45.8,45.8,501.0
2019-03-20 10:40:00,45.7436,45.7436,45.7436,45.7436,720.0
2019-03-20 10:52:00,45.75,45.75,45.75,45.75,100.0
2019-03-20 10:55:00,45.86,45.86,45.86,45.86,119.0
2019-03-20 10:58:00,45.94,45.95,45.78,45.78,1830.0
2019-03-20 11:00:00,45.77,45.77,45.77,45.77,1950.0
2019-03-20 11:03:00,45.79,45.79,45.79,45.79,315.0
2019-03-20 11:07:00,45.9,45.9,45.9,45.9,204.0
2019-03-20 11:09:00,45.9,45.9,45.9,45.9,305.0
2019-03-20 11:22:00,45.905,45.905,45.905,45.905,4269.0
2019-03-20 11:24:00,45.91,45.91,45.83,45.83,1876.0
2019-03-20 11:40:00,45.92,45.92,45.92,45.92,100.0
2019-03-20 11:41:00,45.85,45.85,45.85,45.85,591.0
2019-03-20 11:42:00,45.82,45.82,45.82,45.82,894.0
2019-03-20 11:46:00,45.83,45.83,45.83,45.83,100.0
2019-03-20 11:49:00,45.83,45.83,45.76,45.76,1706.0
2019-03-20 11:51:00,45.8,45.8,45.8,45.8,1806.0
2019-03-20 11:53:00,45.745,45.745,45.745,45.745,300.0
2019-03-20 11:54:00,45.63,45.63,45.63,45.63,818.0
2019-03-20 11:58:00,45.57,45.57,45.57,45.57,100.0
2019-03-20 12:03:00,45.65,45.65,45.65,45.65,100.0
2019-03-20 12:05:00,45.7,45.7,45.7,45.7,1430.0
2019-03-20 12:16:00,45.8,45.8,45.8,45.8,101.0
2019-03-20 12:17:00,45.8,45.8,45.8,45.8,1134.0
2019-03-20 12:18:00,46.04,46.04,46.04,46.04,3397.0
2019-03-20 12:23:00,46.045,46.045,46.045,46.045,633.0
2019-03-20 12:25:00,46.07,46.07,46.07,46.07,193.0
2019-03-20 12:26:00,46.07,46.07,46.07,46.07,100.0
2019-03-20 12:27:00,46.07,46.0801,45.98,45.98,1801.0
2019-03-20 12:29:00,45.97,45.97,45.97,45.97,2001.0
2019-03-20 12:30:00,45.82,45.82,45.82,45.82,683.0
2019-03-20 12:36:00,45.875,45.875,45.875,45.875,400.0
2019-03-20 12:37:00,45.865,45.865,45.865,45.865,555.0
2019-03-20 12:51:00,45.8769,45.8769,45.8769,45.8769,204.0
2019-03-20 12:53:00,45.905,45.905,45.905,45.905,223.0
2019-03-20 12:58:00,45.95,45.95,45.95,45.95,1542.0
2019-03-20 13:00:00,46.22,46.22,46.1871,46.22,402.0
2019-03-20 13:01:00,46.2342,46.2342,46.2342,46.2342,603.0
2019-03-20 13:06:00,46.28,46.28,46.28,46.28,1306.0
2019-03-20 13:12:00,46.3501,46.375,46.3,46.3,4170.0
2019-03-20 13:13:00,46.2,46.2,46.2,46.2,1137.0
2019-03-20 13:14:00,46.25,46.25,46.25,46.25,100.0
2019-03-20 13:15:00,46.1,46.1,46.025,46.09,1290.0
2019-03-20 13:16:00,46.075,46.075,46.075,46.075,1421.0
2019-03-20 13:17:00,46.085,46.085,46.085,46.085,141.0
2019-03-20 13:20:00,46.29,46.29,46.29,46.29,100.0
2019-03-20 13:21:00,46.2,46.2,46.1,46.1,1162.0
2019-03-20 13:22:00,45.97,45.97,45.97,45.97,100.0
2019-03-20 13:23:00,46.01,46.01,46.01,46.01,647.0
2019-03-20 13:44:00,46.155,46.155,46.155,46.155,100.0
2019-03-20 13:45:00,46.155,46.155,46.155,46.155,263.0
2019-03-20 13:48:00,46.2164,46.2164,46.2164,46.2164,102.0
2019-03-20 13:50:00,46.215,46.215,46.215,46.215,100.0
2019-03-20 13:51:00,46.215,46.215,46.215,46.215,200.0
2019-03-20 13:52:00,46.27,46.27,46.27,46.27,192.0
2019-03-20 13:53:00,46.35,46.35,46.35,46.35,1902.0
2019-03-20 13:54:00,46.22,46.22,46.22,46.22,1440.0
2019-03-20 13:55:00,46.2574,46.2574,46.15,46.15,2524.0
2019-03-20 13:56:00,46.115,46.115,46.115,46.115,2946.0
2019-03-20 13:57:00,46.135,46.135,46.135,46.135,1512.0
2019-03-20 13:59:00,46.26,46.26,46.26,46.26,866.0
2019-03-20 14:00:00,46.18,46.18,46.18,46.18,257.0
2019-03-20 14:02:00,46.35,46.35,46.35,46.35,123.0
2019-03-20 14:04:00,46.28,46.28,46.28,46.28,125.0
2019-03-20 14:06:00,46.5,46.5,46.5,46.5,1723.0
2019-03-20 14:07:00,46.51,46.51,46.5,46.5,3661.0
2019-03-20 14:08:00,46.36,46.49,46.23,46.36,430.0
2019-03-20 14:09:00,46.4,46.485,46.4,46.485,2453.0
2019-03-20 14:10:00,46.49,46.49,46.49,46.49,629.0
2019-03-20 14:15:00,46.48,46.48,46.48,46.48,593.0
2019-03-20 14:16:00,46.6,46.6,46.6,46.6,1126.0
2019-03-20 14:17:00,46.74,46.74,46.74,46.74,774.0
2019-03-20 14:19:00,47.0,47.0,47.0,47.0,103.0
2019-03-20 14:20:00,46.73,46.73,46.73,46.73,503.0
2019-03-20 14:21:00,46.8,46.8,46.595,46.79,1813.0
2019-03-20 14:22:00,46.63,46.63,46.63,46.63,2142.0
2019-03-20 14:23:00,46.71,46.71,46.71,46.71,1671.0
2019-03-20 14:24:00,46.83,46.83,46.83,46.83,342.0
2019-03-20 14:25:00,46.8,46.8,46.8,46.8,547.0
2019-03-20 14:27:00,46.71,46.71,46.71,46.71,1608.0
2019-03-20 14:28:00,46.685,46.685,46.685,46.685,227.0
2019-03-20 14:30:00,46.755,46.755,46.755,46.755,1253.0
2019-03-20 14:31:00,46.77,46.77,46.77,46.77,2701.0
2019-03-20 14:32:00,47.03,47.03,47.03,47.03,1517.0
2019-03-20 14:33:00,47.2,47.2,47.2,47.2,900.0
2019-03-20 14:34:00,47.2,47.2,47.2,47.2,1271.0
2019-03-20 14:35:00,47.3,47.3,47.3,47.3,328.0
2019-03-20 14:36:00,47.31,47.31,47.31,47.31,100.0
2019-03-20 14:37:00,47.34,47.34,47.34,47.34,221.0
2019-03-20 14:38:00,47.335,47.335,47.335,47.335,800.0
2019-03-20 14:40:00,47.205,47.205,47.205,47.205,723.0
2019-03-20 14:42:00,47.205,47.205,47.205,47.205,215.0
2019-03-20 14:43:00,47.2,47.2,47.2,47.2,1113.0
2019-03-20 14:44:00,47.2,47.2,47.18,47.18,400.0
2019-03-20 14:45:00,47.18,47.18,47.18,47.18,901.0
2019-03-20 14:46:00,47.22,47.22,47.22,47.22,602.0
2019-03-20 14:47:00,47.15,47.15,47.15,47.15,1335.0
2019-03-20 14:48:00,47.235,47.235,47.235,47.235,2511.0
2019-03-20 14:49:00,47.29,47.29,47.29,47.29,290.0
2019-03-20 14:52:00,47.355,47.355,47.355,47.355,100.0
2019-03-20 14:53:00,47.27,47.27,47.27,47.27,812.0
2019-03-20 14:54:00,47.11,47.11,47.11,47.11,1310.0
2019-03-20 14:55:00,47.14,47.14,47.105,47.105,601.0
2019-03-20 14:58:00,47.105,47.1799,47.105,47.1799,1112.0
2019-03-20 15:00:00,47.13,47.13,47.13,47.13,200.0
2019-03-20 15:01:00,46.9,46.9,46.9,46.9,1310.0
2019-03-20 15:03:00,46.9989,46.9989,46.9989,46.9989,100.0
2019-03-20 15:04:00,46.85,46.85,46.83,46.83,1560.0
2019-03-20 15:05:00,46.84,46.84,46.84,46.84,111803.0
2019-03-20 15:06:00,46.71,46.71,46.71,46.71,224.0
2019-03-20 15:07:00,46.71,46.71,46.57,46.57,400.0
2019-03-20 15:08:00,46.875,46.875,46.875,46.875,715.0
2019-03-20 15:10:00,47.005,47.005,47.005,47.005,3710.0
2019-03-20 15:11:00,46.875,46.875,46.875,46.875,925.0
2019-03-20 15:12:00,46.855,46.855,46.82,46.82,427.0
2019-03-20 15:13:00,46.84,46.84,46.84,46.84,3039.0
2019-03-20 15:14:00,46.85,46.85,46.835,46.835,3389.0
2019-03-20 15:16:00,46.86,46.86,46.86,46.86,316.0
2019-03-20 15:17:00,46.91,46.91,46.91,46.91,625.0
2019-03-20 15:18:00,46.59,46.59,46.59,46.59,1313.0
2019-03-20 15:20:00,46.5851,46.5851,46.5851,46.5851,1056.0
2019-03-20 15:21:00,46.4,46.4,46.4,46.4,575.0
2019-03-20 15:22:00,46.4,46.4,46.4,46.4,423.0
2019-03-20 15:23:00,46.49,46.49,46.4,46.4,4998.0
2019-03-20 15:24:00,46.38,46.38,46.38,46.38,401.0
2019-03-20 15:25:00,46.315,46.315,46.3,46.3,2195.0
2019-03-20 15:26:00,46.37,46.37,46.37,46.37,838.0
2019-03-20 15:27:00,46.5,46.5,46.46,46.46,4369.0
2019-03-20 15:28:00,46.455,46.455,46.455,46.455,201.0
2019-03-20 15:29:00,46.42,46.42,46.3,46.3,1830.0
2019-03-20 15:30:00,46.38,46.38,46.38,46.38,1417.0
2019-03-20 15:31:00,46.31,46.31,46.26,46.26,2779.0
2019-03-20 15:35:00,46.31,46.31,46.31,46.31,115.0
2019-03-20 15:36:00,46.31,46.31,46.31,46.31,215.0
2019-03-20 15:37:00,46.285,46.285,46.285,46.285,833.0
2019-03-20 15:38:00,46.31,46.31,46.31,46.31,1232.0
2019-03-20 15:39:00,46.31,46.39,46.31,46.39,6270.0
2019-03-20 15:40:00,46.44,46.44,46.44,46.44,1321.0
2019-03-20 15:41:00,46.355,46.355,46.355,46.355,1844.0
2019-03-20 15:42:00,46.265,46.265,46.13,46.13,5761.0
2019-03-20 15:43:00,46.01,46.01,46.01,46.01,1529.0
2019-03-20 15:44:00,45.88,45.88,45.88,45.88,959.0
2019-03-20 15:45:00,46.07,46.07,46.07,46.07,737.0
2019-03-20 15:46:00,45.99,45.99,45.99,45.99,409.0
2019-03-20 15:48:00,46.0,46.0,46.0,46.0,123.0
2019-03-20 15:49:00,46.035,46.035,46.035,46.035,718.0
2019-03-20 15:51:00,46.0029,46.0029,46.0029,46.0029,541.0
2019-03-20 15:52:00,46.36,46.36,46.36,46.36,796.0
2019-03-20 15:53:00,46.385,46.385,46.385,46.385,713.0
2019-03-20 15:54:00,46.33,46.33,46.12,46.12,3997.0
2019-03-20 15:55:00,46.26,46.3,46.26,46.3,2611.0
2019-03-20 15:56:00,46.4,46.4,46.4,46.4,3527.0
2019-03-20 15:57:00,46.41,46.41,46.185,46.185,1859.0
2019-03-20 15:58:00,46.18,46.18,46.18,46.18,1090.0
2019-03-20 15:59:00,46.24,46.24,46.2194,46.2194,4057.0
2019-03-20 16:00:00,46.2,46.36,46.2,46.28,5908.0
2019-03-21 09:31:00,44.95,44.95,43.25,43.8,6461.0
2019-03-21 09:32:00,43.6781,43.6781,43.6781,43.6781,7071.0
2019-03-21 09:33:00,43.1949,43.1949,43.1949,43.1949,155.0
2019-03-21 09:34:00,43.02,43.02,40.51,40.56,17508.0
2019-03-21 09:35:00,41.15,41.15,41.15,41.15,1366.0
2019-03-21 09:36:00,40.5205,40.5205,40.5205,40.5205,4240.0
2019-03-21 09:37:00,41.01,41.01,41.01,41.01,1366.0
2019-03-21 09:41:00,40.736,40.736,40.736,40.736,551.0
2019-03-21 09:43:00,41.61,41.61,41.61,41.61,2665.0
2019-03-21 09:44:00,41.0,41.0,41.0,41.0,457.0
2019-03-21 09:48:00,41.89,41.89,41.87,41.87,211.0
2019-03-21 09:50:00,41.5402,41.5402,41.5402,41.5402,1223.0
2019-03-21 09:52:00,41.255,41.5,41.255,41.5,328.0
2019-03-21 09:55:00,41.07,41.07,41.07,41.07,448.0
2019-03-21 09:56:00,41.3683,41.3683,41.3683,41.3683,321.0
2019-03-21 09:59:00,41.065,41.065,41.065,41.065,100.0
2019-03-21 10:00:00,41.655,41.9037,41.655,41.9037,2889.0
2019-03-21 10:01:00,41.805,41.855,41.8002,41.855,754.0
2019-03-21 10:02:00,41.97,41.97,41.97,41.97,1008.0
2019-03-21 10:03:00,41.78,41.78,41.78,41.78,917.0
2019-03-21 10:04:00,41.51,41.51,41.5,41.5,6959.0
2019-03-21 10:06:00,41.69,42.11,41.5,42.11,1334.0
2019-03-21 10:07:00,42.12,42.12,42.12,42.12,1434.0
2019-03-21 10:08:00,42.2999,42.2999,42.2999,42.2999,806.0
2019-03-21 10:09:00,42.3,42.3,42.29,42.29,2677.0
2019-03-21 10:10:00,41.96,41.96,41.5,41.5,1570.0
2019-03-21 10:11:00,41.72,41.72,41.72,41.72,2263.0
2019-03-21 10:13:00,41.986,41.986,41.986,41.986,531.0
2019-03-21 10:15:00,41.95,41.95,41.95,41.95,111.0
2019-03-21 10:18:00,41.77,41.77,41.77,41.77,218.0
2019-03-21 10:27:00,41.9905,41.9905,41.9905,41.9905,1001.0
2019-03-21 10:28:00,42.03,42.03,42.03,42.03,857.0
2019-03-21 10:31:00,41.97,41.97,41.97,41.97,120.0
2019-03-21 10:32:00,42.01,42.01,42.01,42.01,309.0
2019-03-21 10:33:00,42.33,42.33,42.33,42.33,2166.0
2019-03-21 10:34:00,42.6395,42.6395,42.6395,42.6395,1912.0
2019-03-21 10:35:00,42.7,42.7,42.4,42.4,2771.0
2019-03-21 10:38:00,42.45,42.45,42.45,42.45,151.0
2019-03-21 10:41:00,42.64,42.64,42.64,42.64,730.0
2019-03-21 10:44:00,42.8586,42.8586,42.8586,42.8586,402.0
2019-03-21 10:45:00,42.97,42.97,42.97,42.97,1002.0
2019-03-21 10:46:00,43.2201,43.2201,43.2201,43.2201,323.0
2019-03-21 10:48:00,43.1766,43.1766,43.1766,43.1766,449.0
2019-03-21 10:51:00,43.25,43.25,43.2499,43.2499,2101.0
2019-03-21 10:52:00,43.2255,43.2255,43.2255,43.2255,1004.0
2019-03-21 10:53:00,43.31,43.31,43.31,43.31,303.0
2019-03-21 10:56:00,43.49,43.51,43.49,43.51,4166.0
2019-03-21 10:57:00,43.6875,43.6875,43.6875,43.6875,2010.0
2019-03-21 10:58:00,43.74,43.74,43.6002,43.6002,9079.0
2019-03-21 10:59:00,43.5,43.5,43.5,43.5,2236.0
2019-03-21 11:00:00,43.84,43.84,43.84,43.84,1830.0
2019-03-21 11:01:00,43.67,43.67,43.67,43.67,3110.0
2019-03-21 11:02:00,44.0,44.0,44.0,44.0,2039.0
2019-03-21 11:03:00,43.865,43.865,43.865,43.865,395.0
2019-03-21 11:04:00,43.85,44.215,43.85,44.215,352.0
2019-03-21 11:05:00,43.99,43.99,43.84,43.84,2605.0
2019-03-21 11:06:00,44.0,44.0,44.0,44.0,1373.0
2019-03-21 11:07:00,43.54,43.54,43.54,43.54,209.0
2019-03-21 11:08:00,43.18,43.18,43.18,43.18,975.0
2019-03-21 11:09:00,43.1701,43.744,43.1701,43.744,1865.0
2019-03-21 11:10:00,43.2448,43.2448,43.2448,43.2448,3928.0
2019-03-21 11:11:00,43.17,43.17,43.17,43.17,536.0
2019-03-21 11:14:00,43.1475,43.1475,43.1475,43.1475,981.0
2019-03-21 11:23:00,42.55,42.99,42.55,42.99,2571.0
2019-03-21 11:25:00,42.95,42.95,42.95,42.95,300.0
2019-03-21 11:26:00,42.99,42.99,42.99,42.99,2200.0
2019-03-21 11:29:00,42.8356,42.8356,42.8356,42.8356,500.0
2019-03-21 11:31:00,42.8465,42.8465,42.8465,42.8465,600.0
2019-03-21 11:33:00,43.0,43.0,43.0,43.0,200.0
2019-03-21 11:34:00,42.975,42.975,42.975,42.975,524.0
2019-03-21 11:35:00,43.0,43.0,43.0,43.0,1002.0
2019-03-21 11:37:00,42.99,42.99,42.99,42.99,302.0
2019-03-21 11:39:00,43.0,43.0,43.0,43.0,401.0
2019-03-21 11:41:00,42.9,42.9,42.9,42.9,1474.0
2019-03-21 11:46:00,42.445,42.445,42.445,42.445,174.0
2019-03-21 11:47:00,42.2,42.2,42.1476,42.1476,735.0
2019-03-21 11:49:00,42.03,42.03,42.01,42.01,206.0
2019-03-21 11:50:00,42.1207,42.1207,42.1207,42.1207,356.0
2019-03-21 11:51:00,42.13,42.13,42.13,42.13,100.0
2019-03-21 11:52:00,42.25,42.25,42.25,42.25,235.0
2019-03-21 11:55:00,42.12,42.12,42.12,42.12,200.0
2019-03-21 11:56:00,42.145,42.145,42.145,42.145,300.0
2019-03-21 11:57:00,42.23,42.23,42.23,42.23,2450.0
2019-03-21 12:00:00,42.5,42.5,42.5,42.5,600.0
2019-03-21 12:03:00,42.49,42.49,42.49,42.49,270.0
2019-03-21 12:05:00,42.9,42.9,42.9,42.9,125.0
2019-03-21 12:09:00,42.75,42.75,42.75,42.75,125.0
2019-03-21 12:11:00,42.75,42.75,42.75,42.75,270.0
2019-03-21 12:13:00,42.5,42.5,42.205,42.205,3156.0
2019-03-21 12:14:00,42.295,42.295,42.295,42.295,402.0
2019-03-21 12:16:00,42.28,42.28,42.28,42.28,225.0
2019-03-21 12:18:00,42.28,42.28,42.28,42.28,699.0
2019-03-21 12:20:00,42.28,42.28,42.28,42.28,657.0
2019-03-21 12:24:00,42.25,42.25,42.25,42.25,200.0
2019-03-21 12:27:00,42.0,42.0,41.55,41.55,2159.0
2019-03-21 12:39:00,41.7965,41.7965,41.7965,41.7965,535.0
2019-03-21 12:41:00,41.84,41.84,41.84,41.84,405.0
2019-03-21 12:44:00,41.66,41.66,41.66,41.66,265.0
2019-03-21 12:45:00,41.65,41.65,41.65,41.65,132.0
2019-03-21 12:46:00,41.55,41.55,41.55,41.55,368.0
2019-03-21 12:48:00,41.5921,41.5921,41.5921,41.5921,715.0
2019-03-21 12:49:00,41.5001,41.5001,41.5001,41.5001,1345.0
2019-03-21 12:50:00,41.53,41.53,41.53,41.53,1054.0
2019-03-21 12:53:00,41.56,41.56,41.56,41.56,667.0
2019-03-21 12:55:00,41.55,41.55,41.5,41.5,3318.0
2019-03-21 12:56:00,41.64,41.65,41.64,41.65,2403.0
2019-03-21 12:57:00,41.65,41.65,41.65,41.65,214.0
2019-03-21 12:58:00,41.64,41.64,41.64,41.64,401.0
2019-03-21 12:59:00,41.6011,41.6011,41.6011,41.6011,1358.0
2019-03-21 13:00:00,41.62,41.62,41.62,41.62,338.0
2019-03-21 13:01:00,41.74,41.85,41.74,41.85,1179.0
2019-03-21 13:02:00,41.89,41.89,41.89,41.89,505.0
2019-03-21 13:03:00,41.98,41.98,41.98,41.98,1760.0
2019-03-21 13:04:00,41.99,41.99,41.99,41.99,949.0
2019-03-21 13:14:00,41.885,41.98,41.885,41.98,3177.0
2019-03-21 13:15:00,41.99,41.99,41.99,41.99,3364.0
2019-03-21 13:17:00,42.1142,42.1142,42.1142,42.1142,213.0
2019-03-21 13:27:00,42.135,42.135,42.135,42.135,500.0
2019-03-21 13:29:00,42.135,42.135,42.135,42.135,117.0
2019-03-21 13:31:00,42.235,42.235,42.235,42.235,1318.0
2019-03-21 13:32:00,42.235,42.235,42.235,42.235,100.0
2019-03-21 13:33:00,42.2301,42.27,42.2301,42.27,714.0
2019-03-21 13:36:00,42.235,42.235,42.235,42.235,504.0
2019-03-21 13:37:00,42.23,42.275,42.23,42.275,1944.0
2019-03-21 13:40:00,42.235,42.235,42.235,42.235,330.0
2019-03-21 13:41:00,42.1405,42.1405,42.1405,42.1405,1201.0
2019-03-21 13:42:00,42.185,42.185,42.185,42.185,742.0
2019-03-21 13:44:00,42.12,42.12,42.12,42.12,352.0
2019-03-21 13:46:00,42.2,42.2,42.2,42.2,424.0
2019-03-21 13:47:00,42.2,42.2,42.17,42.17,896.0
2019-03-21 13:51:00,42.17,42.266,42.17,42.266,925.0
2019-03-21 13:54:00,42.17,42.17,42.17,42.17,1097.0
2019-03-21 13:55:00,42.195,42.195,42.195,42.195,215.0
2019-03-21 13:56:00,42.28,42.28,42.28,42.28,908.0
2019-03-21 13:57:00,42.28,42.28,42.28,42.28,1046.0
2019-03-21 14:00:00,42.305,42.305,42.305,42.305,321.0
2019-03-21 14:01:00,42.38,42.38,42.38,42.38,449.0
2019-03-21 14:10:00,42.42,42.42,42.42,42.42,233.0
2019-03-21 14:15:00,42.42,42.42,42.42,42.42,100.0
2019-03-21 14:16:00,42.42,42.4999,42.42,42.4999,1822.0
2019-03-21 14:22:00,42.45,42.45,42.45,42.45,100.0
2019-03-21 14:23:00,42.32,42.32,42.32,42.32,100.0
2019-03-21 14:25:00,42.32,42.32,42.32,42.32,675.0
2019-03-21 14:26:00,42.4899,42.7,42.4899,42.7,7319.0
2019-03-21 14:27:00,42.8299,42.8299,42.8299,42.8299,457.0
2019-03-21 14:30:00,42.99,42.99,42.99,42.99,100.0
2019-03-21 14:31:00,42.895,42.895,42.895,42.895,1014.0
2019-03-21 14:32:00,42.79,42.79,42.79,42.79,533.0
2019-03-21 14:35:00,42.8,42.8,42.8,42.8,120.0
2019-03-21 14:38:00,42.4,42.4,42.4,42.4,200.0
2019-03-21 14:40:00,42.89,42.89,42.89,42.89,503.0
2019-03-21 14:45:00,42.602,42.602,42.602,42.602,250.0
2019-03-21 14:46:00,42.44,42.44,42.44,42.44,301.0
2019-03-21 14:48:00,42.63,42.63,42.63,42.63,182.0
2019-03-21 14:51:00,42.515,42.515,42.41,42.41,1976.0
2019-03-21 14:56:00,42.575,42.575,42.575,42.575,100.0
2019-03-21 14:58:00,42.4888,42.4888,42.4888,42.4888,100.0
2019-03-21 15:00:00,42.395,42.395,42.395,42.395,300.0
2019-03-21 15:01:00,42.49,42.49,42.49,42.49,218.0
2019-03-21 15:02:00,42.3,42.3,42.3,42.3,763.0
2019-03-21 15:04:00,42.2501,42.2501,42.2501,42.2501,360.0
2019-03-21 15:05:00,42.29,42.29,42.29,42.29,460.0
2019-03-21 15:06:00,42.47,42.47,42.47,42.47,2817.0
2019-03-21 15:07:00,42.32,42.32,42.32,42.32,100.0
2019-03-21 15:12:00,42.33,42.33,42.33,42.33,990.0
2019-03-21 15:14:00,42.44,42.44,42.44,42.44,748.0
2019-03-21 15:15:00,42.44,42.44,42.44,42.44,568.0
2019-03-21 15:22:00,42.3205,42.3205,42.3205,42.3205,1003.0
2019-03-21 15:23:00,42.275,42.275,42.275,42.275,1933.0
2019-03-21 15:25:00,42.2501,42.2501,42.2501,42.2501,213.0
2019-03-21 15:29:00,42.27,42.27,42.27,42.27,486.0
2019-03-21 15:30:00,42.29,42.29,42.29,42.29,1022.0
2019-03-21 15:31:00,42.39,42.39,42.39,42.39,609.0
2019-03-21 15:34:00,42.3,42.3,42.3,42.3,381.0
2019-03-21 15:35:00,42.34,42.34,42.33,42.33,1091.0
2019-03-21 15:38:00,42.27,42.27,42.27,42.27,202.0
2019-03-21 15:40:00,42.27,42.27,42.27,42.27,494.0
2019-03-21 15:41:00,42.26,42.26,42.26,42.26,657.0
2019-03-21 15:42:00,42.445,42.445,42.445,42.445,621.0
2019-03-21 15:44:00,42.2901,42.2901,42.2901,42.2901,100.0
2019-03-21 15:45:00,42.29,42.29,42.29,42.29,753.0
2019-03-21 15:47:00,42.29,42.29,42.29,42.29,181.0
2019-03-21 15:49:00,42.295,42.295,42.2501,42.2501,1619.0
2019-03-21 15:51:00,42.25,42.25,42.25,42.25,1155.0
2019-03-21 15:52:00,42.255,42.255,42.255,42.255,1288.0
2019-03-21 15:53:00,42.25,42.25,42.25,42.25,401.0
2019-03-21 15:54:00,42.25,42.25,42.25,42.25,1026.0
2019-03-21 15:55:00,42.255,42.26,42.25,42.25,5696.0
2019-03-21 15:56:00,42.255,42.255,42.255,42.255,931.0
2019-03-21 15:57:00,42.26,42.26,42.26,42.26,3318.0
2019-03-21 15:58:00,42.28,42.28,42.28,42.28,924.0
2019-03-21 15:59:00,42.26,42.26,42.26,42.26,1250.0
2019-03-21 16:00:00,42.4,42.4,42.34,42.34,3508.0
2019-03-22 09:31:00,42.4,42.4,42.4,42.4,971.0
2019-03-22 09:38:00,41.82,41.82,41.82,41.82,1208.0
2019-03-22 09:49:00,41.56,41.665,41.56,41.665,211.0
2019-03-22 09:50:00,41.6528,41.6528,41.6528,41.6528,900.0
2019-03-22 10:00:00,41.5,41.645,41.5,41.645,1898.0
2019-03-22 10:03:00,41.505,41.51,41.5,41.5,862.0
2019-03-22 10:04:00,41.5,41.85,41.5,41.85,2705.0
2019-03-22 10:07:00,41.675,41.675,41.675,41.675,333.0
2019-03-22 10:08:00,41.665,41.665,41.665,41.665,133.0
2019-03-22 10:10:00,41.665,41.665,41.665,41.665,234.0
2019-03-22 10:14:00,41.675,41.95,41.675,41.95,1110.0
2019-03-22 10:19:00,42.01,42.01,42.01,42.01,240.0
2019-03-22 10:25:00,42.055,42.055,42.055,42.055,500.0
2019-03-22 10:26:00,42.045,42.045,42.045,42.045,5910.0
2019-03-22 10:33:00,42.0,42.0,42.0,42.0,126.0
2019-03-22 10:42:00,42.03,42.03,42.03,42.03,135.0
2019-03-22 10:43:00,41.86,41.86,41.86,41.86,1086.0
2019-03-22 10:44:00,42.02,42.02,41.95,41.95,7043.0
2019-03-22 10:45:00,41.95,41.95,41.95,41.95,1203.0
2019-03-22 10:46:00,41.84,41.84,41.84,41.84,340.0
2019-03-22 10:47:00,41.805,41.805,41.805,41.805,799.0
2019-03-22 10:48:00,41.805,41.805,41.805,41.805,154.0
2019-03-22 10:49:00,41.805,41.805,41.59,41.59,10031.0
2019-03-22 10:50:00,41.59,41.59,41.59,41.59,861.0
2019-03-22 10:51:00,41.59,41.59,41.59,41.59,237.0
2019-03-22 10:52:00,41.59,41.59,41.59,41.59,138.0
2019-03-22 10:53:00,41.59,41.59,41.59,41.59,428.0
2019-03-22 10:54:00,41.52,41.52,41.52,41.52,277.0
2019-03-22 10:55:00,41.52,41.52,41.52,41.52,3073.0
2019-03-22 10:56:00,41.52,41.52,41.52,41.52,400.0
2019-03-22 11:01:00,41.52,41.52,41.52,41.52,896.0
2019-03-22 11:02:00,41.52,41.52,41.52,41.52,1079.0
2019-03-22 11:06:00,41.52,41.52,41.52,41.52,814.0
2019-03-22 11:07:00,41.5,41.5,41.5,41.5,1325.0
2019-03-22 11:09:00,41.5,41.5,41.5,41.5,465.0
2019-03-22 11:10:00,41.5,41.5,41.5,41.5,400.0
2019-03-22 11:11:00,41.5,41.5,41.5,41.5,800.0
2019-03-22 11:12:00,41.5,41.5,41.5,41.5,100.0
2019-03-22 11:14:00,41.505,41.505,41.5,41.5,1132.0
2019-03-22 11:15:00,41.5,41.5,41.5,41.5,1158.0
2019-03-22 11:16:00,41.5,41.5,41.5,41.5,163.0
2019-03-22 11:20:00,41.5,41.5,41.5,41.5,3122.0
2019-03-22 11:21:00,41.5,41.5,41.5,41.5,1903.0
2019-03-22 11:22:00,41.5,41.5,41.5,41.5,350.0
2019-03-22 11:27:00,41.505,41.505,41.505,41.505,700.0
2019-03-22 11:28:00,41.5,41.5,41.5,41.5,1101.0
2019-03-22 11:31:00,41.5,41.5,41.5,41.5,700.0
2019-03-22 11:33:00,41.5,41.5,41.5,41.5,100.0
2019-03-22 11:36:00,41.5,41.5,41.5,41.5,100.0
2019-03-22 11:38:00,41.505,41.505,41.505,41.505,200.0
2019-03-22 11:39:00,41.505,41.505,41.505,41.505,149.0
2019-03-22 11:40:00,41.5025,41.5025,41.5025,41.5025,552.0
2019-03-22 11:43:00,41.5,41.505,41.5,41.505,541.0
2019-03-22 11:44:00,41.5,41.5,41.5,41.5,651.0
2019-03-22 11:45:00,41.5,41.5,41.5,41.5,2474.0
2019-03-22 11:46:00,41.35,41.35,41.35,41.35,950.0
2019-03-22 11:47:00,41.35,41.35,41.35,41.35,100.0
2019-03-22 11:48:00,41.355,41.355,41.355,41.355,2502.0
2019-03-22 11:49:00,41.35,41.38,41.3,41.38,15778.0
2019-03-22 11:50:00,41.285,41.2895,41.285,41.2895,3229.0
2019-03-22 11:51:00,41.25,41.25,41.25,41.25,1169.0
2019-03-22 11:52:00,41.26,41.29,41.26,41.29,1951.0
2019-03-22 11:54:00,41.275,41.275,41.275,41.275,431.0
2019-03-22 12:00:00,41.25,41.25,41.25,41.25,131.0
2019-03-22 12:10:00,41.28,41.28,41.28,41.28,110.0
2019-03-22 12:11:00,41.25,41.25,41.25,41.25,568.0
2019-03-22 12:14:00,41.38,41.38,41.38,41.38,654.0
2019-03-22 12:20:00,41.355,41.355,41.355,41.355,300.0
2019-03-22 12:21:00,41.37,41.37,41.37,41.37,101.0
2019-03-22 12:24:00,41.3305,41.3305,41.3305,41.3305,564.0
2019-03-22 12:25:00,41.34,41.34,41.34,41.34,1501.0
2019-03-22 12:26:00,41.25,41.25,41.25,41.25,1216.0
2019-03-22 12:30:00,41.3,41.3,41.3,41.3,150.0
2019-03-22 12:33:00,41.265,41.37,41.265,41.37,873.0
2019-03-22 12:37:00,41.34,41.34,41.34,41.34,100.0
2019-03-22 12:41:00,41.34,41.34,41.34,41.34,238.0
2019-03-22 12:46:00,41.25,41.25,41.25,41.25,743.0
2019-03-22 12:47:00,41.26,41.26,41.26,41.26,1050.0
2019-03-22 12:49:00,41.2717,41.2717,41.2717,41.2717,1360.0
2019-03-22 12:52:00,41.29,41.29,41.29,41.29,200.0
2019-03-22 12:54:00,41.3,41.3,41.3,41.3,302.0
2019-03-22 12:55:00,41.34,41.34,41.34,41.34,100.0
2019-03-22 12:56:00,41.33,41.35,41.33,41.35,1000.0
2019-03-22 12:57:00,41.36,41.36,41.36,41.36,300.0
2019-03-22 13:01:00,41.37,41.37,41.37,41.37,300.0
2019-03-22 13:02:00,41.445,41.445,41.445,41.445,300.0
2019-03-22 13:03:00,41.44,41.44,41.44,41.44,476.0
2019-03-22 13:04:00,41.4,41.4,41.4,41.4,707.0
2019-03-22 13:05:00,41.43,41.43,41.43,41.43,900.0
2019-03-22 13:06:00,41.38,41.395,41.38,41.395,1400.0
2019-03-22 13:08:00,41.67,41.67,41.67,41.67,1005.0
2019-03-22 13:09:00,41.67,41.67,41.67,41.67,200.0
2019-03-22 13:14:00,41.7253,41.85,41.7253,41.85,600.0
2019-03-22 13:15:00,41.8,41.8,41.8,41.8,800.0
2019-03-22 13:22:00,41.75,41.75,41.74,41.74,290.0
2019-03-22 13:23:00,41.75,41.75,41.75,41.75,690.0
2019-03-22 13:24:00,41.75,41.75,41.75,41.75,650.0
2019-03-22 13:30:00,41.78,41.78,41.78,41.78,300.0
2019-03-22 13:35:00,41.74,41.74,41.74,41.74,300.0
2019-03-22 13:37:00,41.72,41.72,41.72,41.72,662.0
2019-03-22 13:40:00,41.66,41.66,41.66,41.66,300.0
2019-03-22 13:42:00,41.67,41.67,41.67,41.67,252.0
2019-03-22 13:50:00,41.71,41.71,41.71,41.71,800.0
2019-03-22 13:51:00,41.77,41.77,41.77,41.77,430.0
2019-03-22 14:04:00,41.77,41.77,41.77,41.77,100.0
2019-03-22 14:05:00,41.77,41.77,41.77,41.77,440.0
2019-03-22 14:06:00,41.75,41.75,41.75,41.75,100.0
2019-03-22 14:12:00,41.75,41.75,41.75,41.75,483.0
2019-03-22 14:29:00,41.71,41.71,41.71,41.71,110.0
2019-03-22 14:34:00,41.7,41.7,41.7,41.7,1904.0
2019-03-22 14:35:00,41.7,41.7,41.7,41.7,210.0
2019-03-22 14:39:00,41.76,41.76,41.76,41.76,600.0
2019-03-22 14:45:00,41.74,41.74,41.74,41.74,100.0
2019-03-22 14:46:00,41.78,41.8,41.78,41.8,2557.0
2019-03-22 14:47:00,41.86,41.96,41.86,41.96,2037.0
2019-03-22 14:50:00,41.97,41.97,41.97,41.97,269.0
2019-03-22 14:56:00,41.965,41.965,41.96,41.96,1151.0
2019-03-22 15:01:00,41.96,41.96,41.96,41.96,100.0
2019-03-22 15:02:00,42.05,42.07,42.05,42.07,680.0
2019-03-22 15:04:00,42.05,42.05,42.05,42.05,500.0
2019-03-22 15:08:00,42.02,42.02,42.02,42.02,2900.0
2019-03-22 15:10:00,41.9301,42.0,41.9301,42.0,4050.0
2019-03-22 15:11:00,41.9826,41.9826,41.9826,41.9826,600.0
2019-03-22 15:12:00,41.93,41.93,41.93,41.93,296.0
2019-03-22 15:14:00,41.93,41.93,41.93,41.93,889.0
2019-03-22 15:22:00,41.95,41.95,41.95,41.95,163.0
2019-03-22 15:24:00,41.985,41.985,41.985,41.985,206.0
2019-03-22 15:25:00,41.985,41.985,41.985,41.985,353.0
2019-03-22 15:27:00,42.02,42.02,42.02,42.02,200.0
2019-03-22 15:28:00,41.95,41.95,41.95,41.95,500.0
2019-03-22 15:30:00,41.91,41.92,41.91,41.92,1076.0
2019-03-22 15:37:00,41.9,41.9,41.9,41.9,110.0
2019-03-22 15:39:00,41.87,41.87,41.83,41.83,1142.0
2019-03-22 15:41:00,41.71,41.71,41.71,41.71,879.0
2019-03-22 15:44:00,41.71,41.71,41.71,41.71,1340.0
2019-03-22 15:47:00,41.71,41.71,41.71,41.71,100.0
2019-03-22 15:48:00,41.7,41.7,41.7,41.7,210.0
2019-03-22 15:49:00,41.74,41.74,41.7001,41.7001,216.0
2019-03-22 15:50:00,41.7,41.7,41.68,41.68,2554.0
2019-03-22 15:52:00,41.63,41.63,41.63,41.63,500.0
2019-03-22 15:53:00,41.63,41.63,41.63,41.63,200.0
2019-03-22 15:54:00,41.63,41.63,41.63,41.63,300.0
2019-03-22 15:56:00,41.615,41.615,41.59,41.59,1556.0
2019-03-22 15:57:00,41.59,41.65,41.59,41.65,1648.0
2019-03-22 15:58:00,41.58,41.58,41.56,41.56,1408.0
2019-03-22 15:59:00,41.56,41.56,41.56,41.56,106.0
2019-03-22 16:00:00,41.59,41.66,41.59,41.66,4070.0
2019-03-25 09:31:00,41.64,41.64,41.64,41.64,410.0
2019-03-25 09:44:00,41.59,41.59,41.59,41.59,212.0
2019-03-25 09:50:00,41.389,41.389,41.389,41.389,601.0
2019-03-25 09:53:00,41.56,41.56,41.24,41.24,1489.0
2019-03-25 09:54:00,41.29,41.29,41.29,41.29,500.0
2019-03-25 09:59:00,41.61,41.61,41.61,41.61,851.0
2019-03-25 10:19:00,41.57,41.59,41.57,41.59,200.0
2019-03-25 10:23:00,41.58,41.58,41.58,41.58,801.0
2019-03-25 10:27:00,41.58,41.61,41.58,41.61,1540.0
2019-03-25 10:36:00,41.655,41.655,41.655,41.655,104.0
2019-03-25 10:39:00,41.655,41.655,41.655,41.655,10000.0
2019-03-25 10:41:00,41.655,41.655,41.655,41.655,115.0
2019-03-25 10:43:00,41.6197,41.63,41.6197,41.63,952.0
2019-03-25 10:46:00,41.7,41.7,41.7,41.7,338.0
2019-03-25 10:51:00,41.84,41.84,41.84,41.84,100.0
2019-03-25 10:52:00,41.87,41.87,41.745,41.745,415.0
2019-03-25 10:59:00,41.88,41.88,41.88,41.88,454.0
2019-03-25 11:00:00,41.83,41.83,41.83,41.83,1052.0
2019-03-25 11:05:00,41.93,41.93,41.93,41.93,1986.0
2019-03-25 11:07:00,42.01,42.01,42.01,42.01,405.0
2019-03-25 11:09:00,42.07,42.07,42.07,42.07,405.0
2019-03-25 11:12:00,42.08,42.08,42.08,42.08,1105.0
2019-03-25 11:17:00,42.1,42.1,42.1,42.1,231.0
2019-03-25 11:24:00,41.9601,42.1,41.9601,42.1,899.0
2019-03-25 11:26:00,42.115,42.115,42.115,42.115,210.0
2019-03-25 11:29:00,42.27,42.27,42.27,42.27,411.0
2019-03-25 11:34:00,42.46,42.46,42.46,42.46,190.0
2019-03-25 11:36:00,42.32,42.39,42.32,42.39,1203.0
2019-03-25 11:38:00,42.36,42.36,42.36,42.36,415.0
2019-03-25 11:41:00,42.32,42.32,42.32,42.32,300.0
2019-03-25 11:42:00,42.1101,42.1101,42.1101,42.1101,1184.0
2019-03-25 11:43:00,42.1077,42.205,42.1077,42.205,5029.0
2019-03-25 11:50:00,42.12,42.12,42.11,42.11,1260.0
2019-03-25 12:12:00,42.01,42.01,42.01,42.01,110.0
2019-03-25 12:15:00,42.0,42.0,42.0,42.0,511.0
2019-03-25 12:31:00,41.91,41.91,41.91,41.91,262.0
2019-03-25 12:32:00,41.78,41.78,41.78,41.78,105.0
2019-03-25 12:35:00,41.77,41.77,41.77,41.77,106.0
2019-03-25 12:44:00,41.76,41.76,41.76,41.76,414.0
2019-03-25 12:47:00,41.71,41.71,41.71,41.71,132.0
2019-03-25 12:55:00,41.69,41.69,41.69,41.69,112.0
2019-03-25 12:56:00,41.69,41.69,41.69,41.69,634.0
2019-03-25 13:14:00,41.625,41.625,41.625,41.625,461.0
2019-03-25 13:24:00,41.625,41.625,41.625,41.625,405.0
2019-03-25 13:27:00,41.615,41.615,41.615,41.615,488.0
2019-03-25 13:29:00,41.61,41.61,41.61,41.61,201.0
2019-03-25 13:30:00,41.605,41.605,41.605,41.605,625.0
2019-03-25 13:31:00,41.63,41.63,41.63,41.63,577.0
2019-03-25 13:32:00,41.635,41.635,41.6,41.6,1812.0
2019-03-25 13:33:00,41.635,41.635,41.635,41.635,826.0
2019-03-25 13:34:00,41.635,41.635,41.635,41.635,304.0
2019-03-25 13:35:00,41.67,41.67,41.67,41.67,395.0
2019-03-25 13:36:00,41.865,41.865,41.865,41.865,565.0
2019-03-25 13:37:00,42.04,42.05,42.04,42.05,1397.0
2019-03-25 13:39:00,41.955,41.955,41.955,41.955,980.0
2019-03-25 13:40:00,41.915,41.915,41.915,41.915,189.0
2019-03-25 13:42:00,42.04,42.04,41.97,42.02,3501.0
2019-03-25 13:43:00,41.97,41.97,41.97,41.97,444.0
2019-03-25 13:45:00,41.945,41.945,41.945,41.945,330.0
2019-03-25 13:49:00,41.84,41.84,41.84,41.84,1399.0
2019-03-25 13:51:00,41.77,41.77,41.77,41.77,269.0
2019-03-25 13:53:00,41.72,41.72,41.72,41.72,299.0
2019-03-25 13:55:00,41.68,41.68,41.68,41.68,681.0
2019-03-25 13:56:00,41.7,41.7,41.7,41.7,674.0
2019-03-25 13:58:00,41.71,41.81,41.71,41.81,525.0
2019-03-25 14:00:00,41.695,41.695,41.695,41.695,335.0
2019-03-25 14:02:00,41.7,41.7,41.7,41.7,371.0
2019-03-25 14:03:00,41.67,41.67,41.67,41.67,1135.0
2019-03-25 14:07:00,41.6405,41.6405,41.6405,41.6405,322.0
2019-03-25 14:15:00,41.675,41.7,41.675,41.7,530.0
2019-03-25 14:16:00,41.7,41.7,41.7,41.7,973.0
2019-03-25 14:17:00,41.7,41.7,41.65,41.65,820.0
2019-03-25 14:18:00,41.55,41.7,41.29,41.7,10382.0
2019-03-25 14:19:00,41.57,41.68,41.57,41.68,1170.0
2019-03-25 14:23:00,41.57,41.57,41.57,41.57,553.0
2019-03-25 14:24:00,41.69,41.69,41.57,41.57,618.0
2019-03-25 14:31:00,41.7,41.7,41.7,41.7,571.0
2019-03-25 14:33:00,41.75,41.75,41.75,41.75,236.0
2019-03-25 14:34:00,41.65,41.65,41.65,41.65,215.0
2019-03-25 14:35:00,41.62,41.62,41.62,41.62,502.0
2019-03-25 14:39:00,41.65,41.65,41.65,41.65,466.0
2019-03-25 14:45:00,41.645,41.645,41.645,41.645,285.0
2019-03-25 14:46:00,41.7,41.7,41.7,41.7,636.0
2019-03-25 14:51:00,41.7,41.71,41.7,41.71,421.0
2019-03-25 14:53:00,41.705,41.705,41.705,41.705,120.0
2019-03-25 14:55:00,41.7,41.7,41.7,41.7,236.0
2019-03-25 15:01:00,41.7,41.7,41.7,41.7,201.0
2019-03-25 15:02:00,41.7,41.7,41.7,41.7,200.0
2019-03-25 15:03:00,41.685,41.685,41.685,41.685,548.0
2019-03-25 15:08:00,41.7,41.7,41.7,41.7,1124.0
2019-03-25 15:09:00,41.65,41.65,41.65,41.65,208.0
2019-03-25 15:11:00,41.65,41.65,41.65,41.65,290.0
2019-03-25 15:21:00,41.63,41.63,41.63,41.63,447.0
2019-03-25 15:22:00,41.6,41.64,41.6,41.64,1431.0
2019-03-25 15:23:00,41.68,41.68,41.6,41.6,1254.0
2019-03-25 15:24:00,41.62,41.62,41.62,41.62,608.0
2019-03-25 15:25:00,41.7,41.7,41.7,41.7,921.0
2019-03-25 15:27:00,41.62,41.62,41.62,41.62,1154.0
2019-03-25 15:28:00,41.68,41.68,41.68,41.68,2318.0
2019-03-25 15:29:00,41.66,41.66,41.66,41.66,150.0
2019-03-25 15:30:00,41.65,41.65,41.65,41.65,518.0
2019-03-25 15:31:00,41.635,41.635,41.635,41.635,233.0
2019-03-25 15:33:00,41.635,41.635,41.635,41.635,110.0
2019-03-25 15:37:00,41.6,41.6,41.6,41.6,300.0
2019-03-25 15:38:00,41.6,41.64,41.6,41.64,6752.0
2019-03-25 15:39:00,41.635,41.635,41.635,41.635,761.0
2019-03-25 15:40:00,41.64,41.64,41.64,41.64,542.0
2019-03-25 15:41:00,41.61,41.61,41.61,41.61,347.0
2019-03-25 15:44:00,41.67,41.67,41.67,41.67,180.0
2019-03-25 15:45:00,41.61,41.61,41.61,41.61,950.0
2019-03-25 15:46:00,41.58,41.58,41.58,41.58,3451.0
2019-03-25 15:47:00,41.61,41.61,41.61,41.61,831.0
2019-03-25 15:48:00,41.6,41.6,41.6,41.6,849.0
2019-03-25 15:50:00,41.615,41.615,41.6,41.6,644.0
2019-03-25 15:51:00,41.6,41.6,41.6,41.6,761.0
2019-03-25 15:52:00,41.615,41.615,41.615,41.615,545.0
2019-03-25 15:53:00,41.585,41.585,41.585,41.585,910.0
2019-03-25 15:54:00,41.585,41.585,41.585,41.585,434.0
2019-03-25 15:55:00,41.6,41.6,41.6,41.6,1683.0
2019-03-25 15:56:00,41.76,41.76,41.6,41.6,6287.0
2019-03-25 15:57:00,41.615,41.615,41.615,41.615,1455.0
2019-03-25 15:59:00,41.6,41.6,41.6,41.6,4422.0
2019-03-25 16:00:00,41.64,41.64,41.61,41.61,10222.0
2019-03-26 09:31:00,41.96,41.96,41.96,41.96,573.0
2019-03-26 09:57:00,41.97,41.97,41.97,41.97,1298.0
2019-03-26 09:58:00,42.04,42.04,42.04,42.04,501.0
2019-03-26 09:59:00,42.07,42.07,42.07,42.07,447.0
2019-03-26 10:11:00,42.0301,42.0301,41.95,41.95,932.0
2019-03-26 10:13:00,41.8,41.8,41.8,41.8,793.0
2019-03-26 10:14:00,41.74,41.74,41.74,41.74,800.0
2019-03-26 10:15:00,41.88,41.88,41.88,41.88,611.0
2019-03-26 10:18:00,41.73,41.73,41.73,41.73,300.0
2019-03-26 10:19:00,41.85,41.85,41.85,41.85,409.0
2019-03-26 10:25:00,41.91,41.91,41.91,41.91,200.0
2019-03-26 10:26:00,41.825,41.825,41.825,41.825,1000.0
2019-03-26 10:30:00,41.875,41.875,41.875,41.875,100.0
2019-03-26 10:34:00,41.935,41.935,41.935,41.935,500.0
2019-03-26 10:36:00,41.94,41.94,41.94,41.94,200.0
2019-03-26 10:37:00,41.94,41.94,41.94,41.94,200.0
2019-03-26 10:41:00,41.95,41.95,41.95,41.95,300.0
2019-03-26 10:44:00,41.955,41.955,41.955,41.955,300.0
2019-03-26 10:47:00,41.96,41.96,41.96,41.96,142.0
2019-03-26 10:50:00,42.045,42.045,41.73,41.73,7290.0
2019-03-26 10:51:00,42.0,42.11,42.0,42.11,3628.0
2019-03-26 10:53:00,42.05,42.05,42.05,42.05,599.0
2019-03-26 11:01:00,42.15,42.15,42.15,42.15,100.0
2019-03-26 11:04:00,42.15,42.15,42.15,42.15,100.0
2019-03-26 11:05:00,42.15,42.15,42.15,42.15,209.0
2019-03-26 11:09:00,42.09,42.09,42.09,42.09,100.0
2019-03-26 11:11:00,42.09,42.09,42.09,42.09,100.0
2019-03-26 11:15:00,42.0493,42.0493,42.0493,42.0493,400.0
2019-03-26 11:24:00,42.14,42.14,42.14,42.14,109.0
2019-03-26 11:27:00,42.15,42.15,42.15,42.15,1125.0
2019-03-26 11:30:00,42.24,42.24,42.24,42.24,214.0
2019-03-26 11:33:00,42.13,42.13,42.125,42.125,1742.0
2019-03-26 11:37:00,42.145,42.145,42.145,42.145,100.0
2019-03-26 11:39:00,42.15,42.15,42.15,42.15,2210.0
2019-03-26 11:46:00,42.14,42.14,42.14,42.14,100.0
2019-03-26 11:47:00,42.14,42.14,42.14,42.14,449.0
2019-03-26 11:49:00,42.07,42.07,42.07,42.07,646.0
2019-03-26 11:50:00,42.02,42.02,42.02,42.02,258.0
2019-03-26 11:53:00,41.95,41.95,41.95,41.95,601.0
2019-03-26 11:57:00,41.945,41.945,41.945,41.945,210.0
2019-03-26 12:03:00,42.01,42.01,42.01,42.01,900.0
2019-03-26 12:09:00,42.055,42.055,42.055,42.055,100.0
2019-03-26 12:21:00,42.055,42.055,42.055,42.055,109.0
2019-03-26 12:24:00,42.055,42.055,42.055,42.055,100.0
2019-03-26 12:27:00,42.05,42.05,42.05,42.05,670.0
2019-03-26 12:28:00,42.05,42.05,42.05,42.05,259.0
2019-03-26 12:40:00,42.05,42.05,42.05,42.05,0.0
2019-03-26 12:49:00,41.99,41.99,41.99,41.99,306.0
2019-03-26 12:57:00,42.01,42.01,42.01,42.01,109.0
2019-03-26 13:04:00,42.05,42.05,42.05,42.05,1729.0
2019-03-26 13:15:00,42.05,42.1,42.05,42.1,1201.0
2019-03-26 13:19:00,42.16,42.16,42.16,42.16,100.0
2019-03-26 13:28:00,42.165,42.165,42.165,42.165,109.0
2019-03-26 13:32:00,42.165,42.165,42.165,42.165,204.0
2019-03-26 13:39:00,42.085,42.085,42.085,42.085,592.0
2019-03-26 13:40:00,42.085,42.085,42.085,42.085,209.0
2019-03-26 14:03:00,42.0,42.0,42.0,42.0,1047.0
2019-03-26 14:04:00,42.005,42.005,42.005,42.005,809.0
2019-03-26 14:07:00,42.0,42.0,42.0,42.0,200.0
2019-03-26 14:09:00,42.015,42.015,42.015,42.015,298.0
2019-03-26 14:15:00,42.035,42.035,42.035,42.035,209.0
2019-03-26 14:21:00,42.07,42.07,42.07,42.07,682.0
2019-03-26 14:26:00,42.15,42.2,42.15,42.2,0.0
2019-03-26 14:33:00,42.23,42.23,42.23,42.23,100.0
2019-03-26 14:34:00,42.24,42.24,42.2,42.2,983.0
2019-03-26 14:36:00,42.17,42.17,42.17,42.17,173.0
2019-03-26 14:37:00,42.23,42.23,42.23,42.23,104.0
2019-03-26 14:43:00,42.24,42.24,42.24,42.24,900.0
2019-03-26 14:50:00,42.36,42.36,42.36,42.36,200.0
2019-03-26 14:52:00,42.255,42.255,42.255,42.255,1500.0
2019-03-26 14:53:00,42.21,42.21,42.21,42.21,221.0
2019-03-26 14:58:00,42.21,42.21,42.21,42.21,345.0
2019-03-26 14:59:00,42.21,42.21,42.21,42.21,316.0
2019-03-26 15:01:00,42.215,42.215,42.215,42.215,200.0
2019-03-26 15:02:00,42.215,42.215,42.215,42.215,300.0
2019-03-26 15:05:00,42.245,42.245,42.245,42.245,1004.0
2019-03-26 15:06:00,42.245,42.245,42.245,42.245,286.0
2019-03-26 15:07:00,42.28,42.28,42.28,42.28,1009.0
2019-03-26 15:08:00,42.31,42.31,42.31,42.31,1237.0
2019-03-26 15:13:00,42.41,42.41,42.41,42.41,2212.0
2019-03-26 15:15:00,42.5,42.5,42.5,42.5,862.0
2019-03-26 15:22:00,42.47,42.47,42.47,42.47,322.0
2019-03-26 15:25:00,42.48,42.48,42.48,42.48,106.0
2019-03-26 15:27:00,42.415,42.415,42.415,42.415,203.0
2019-03-26 15:30:00,42.49,42.49,42.49,42.49,175.0
2019-03-26 15:32:00,42.4,42.4,42.4,42.4,866.0
2019-03-26 15:33:00,42.47,42.47,42.47,42.47,100.0
2019-03-26 15:36:00,42.49,42.49,42.49,42.49,200.0
2019-03-26 15:37:00,42.47,42.47,42.47,42.47,209.0
2019-03-26 15:38:00,42.48,42.48,42.48,42.48,331.0
2019-03-26 15:40:00,42.41,42.49,42.41,42.49,972.0
2019-03-26 15:43:00,42.48,42.48,42.48,42.48,303.0
2019-03-26 15:44:00,42.49,42.49,42.49,42.49,100.0
2019-03-26 15:46:00,42.49,42.49,42.49,42.49,100.0
2019-03-26 15:47:00,42.49,42.49,42.49,42.49,354.0
2019-03-26 15:48:00,42.5,42.5,42.5,42.5,1056.0
2019-03-26 15:50:00,42.49,42.49,42.49,42.49,428.0
2019-03-26 15:51:00,42.49,42.49,42.49,42.49,436.0
2019-03-26 15:52:00,42.49,42.5,42.49,42.5,1410.0
2019-03-26 15:53:00,42.63,42.63,42.63,42.63,1651.0
2019-03-26 15:55:00,42.63,42.63,42.63,42.63,160.0
2019-03-26 15:56:00,42.5425,42.5425,42.5425,42.5425,825.0
2019-03-26 15:57:00,42.575,42.575,42.575,42.575,684.0
2019-03-26 15:58:00,42.635,42.635,42.635,42.635,513.0
2019-03-26 15:59:00,42.62,42.62,42.62,42.62,569.0
2019-03-26 16:00:00,42.62,42.64,42.62,42.64,2495.0
2019-03-27 09:31:00,42.6,42.6,42.6,42.6,383.0
2019-03-27 10:01:00,42.17,42.29,42.15,42.29,1193.0
2019-03-27 10:11:00,42.26,42.26,42.02,42.08,655.0
2019-03-27 10:13:00,42.06,42.06,42.0,42.0,385.0
2019-03-27 10:14:00,42.0,42.0,42.0,42.0,346.0
2019-03-27 10:15:00,42.0,42.05,42.0,42.0,1737.0
2019-03-27 10:19:00,42.0,42.0,42.0,42.0,129.0
2019-03-27 10:20:00,42.0,42.035,42.0,42.035,1243.0
2019-03-27 10:23:00,42.0,42.0,42.0,42.0,396.0
2019-03-27 10:25:00,42.06,42.07,42.06,42.07,1093.0
2019-03-27 10:26:00,42.14,42.34,42.14,42.34,2224.0
2019-03-27 10:29:00,42.27,42.335,42.27,42.335,1251.0
2019-03-27 10:31:00,42.305,42.305,42.305,42.305,208.0
2019-03-27 10:33:00,42.27,42.27,42.27,42.27,600.0
2019-03-27 10:35:00,42.26,42.26,42.26,42.26,100.0
2019-03-27 10:36:00,42.24,42.33,42.24,42.33,336.0
2019-03-27 10:40:00,42.24,42.24,42.24,42.24,654.0
2019-03-27 10:57:00,42.15,42.15,42.15,42.15,105.0
2019-03-27 11:05:00,42.085,42.085,42.085,42.085,411.0
2019-03-27 11:06:00,42.03,42.11,42.0,42.0,1016.0
2019-03-27 11:18:00,41.905,41.905,41.905,41.905,347.0
2019-03-27 11:21:00,41.78,41.78,41.78,41.78,100.0
2019-03-27 11:22:00,41.92,41.92,41.92,41.92,100.0
2019-03-27 11:23:00,41.92,42.12,41.91,42.12,3191.0
2019-03-27 11:24:00,42.035,42.035,42.035,42.035,113.0
2019-03-27 11:27:00,42.03,42.03,42.03,42.03,309.0
2019-03-27 11:32:00,41.96,41.96,41.96,41.96,248.0
2019-03-27 11:36:00,41.9,42.02,41.9,42.02,301.0
2019-03-27 11:38:00,41.99,41.99,41.99,41.99,115.0
2019-03-27 11:39:00,42.0,42.0,42.0,42.0,330.0
2019-03-27 11:43:00,41.89,41.95,41.89,41.95,220.0
2019-03-27 11:44:00,41.95,41.95,41.95,41.95,195.0
2019-03-27 11:45:00,41.95,41.96,41.925,41.925,609.0
2019-03-27 11:51:00,41.95,41.95,41.95,41.95,100.0
2019-03-27 11:52:00,41.97,41.99,41.97,41.99,312.0
2019-03-27 11:53:00,42.0,42.0,42.0,42.0,150.0
2019-03-27 11:54:00,42.0,42.0,41.99,42.0,413.0
2019-03-27 11:59:00,42.01,42.14,42.01,42.14,532.0
2019-03-27 12:00:00,42.005,42.005,42.005,42.005,127.0
2019-03-27 12:06:00,42.0,42.06,42.0,42.06,781.0
2019-03-27 12:20:00,41.96,41.96,41.96,41.96,116.0
2019-03-27 12:22:00,41.97,42.05,41.9511,42.05,339.0
2019-03-27 12:27:00,42.04,42.04,42.04,42.04,318.0
2019-03-27 12:53:00,41.96,42.04,41.96,42.04,200.0
2019-03-27 12:55:00,41.975,42.03,41.975,42.03,620.0
2019-03-27 12:56:00,42.04,42.04,42.04,42.04,266.0
2019-03-27 13:03:00,41.93,42.03,41.93,42.03,500.0
2019-03-27 13:08:00,41.97,42.05,41.97,42.05,1060.0
2019-03-27 13:09:00,41.985,41.985,41.985,41.985,100.0
2019-03-27 13:11:00,41.99,41.99,41.99,41.99,410.0
2019-03-27 13:14:00,42.05,42.05,42.05,42.05,109.0
2019-03-27 13:15:00,42.05,42.06,42.05,42.06,399.0
2019-03-27 13:37:00,41.975,42.01,41.975,42.01,383.0
2019-03-27 13:46:00,42.07,42.07,42.07,42.07,776.0
2019-03-27 13:48:00,42.105,42.105,42.105,42.105,100.0
2019-03-27 13:50:00,42.13,42.13,42.13,42.13,288.0
2019-03-27 13:59:00,42.0,42.0,42.0,42.0,320.0
2019-03-27 14:09:00,41.995,42.03,41.995,42.03,445.0
2019-03-27 14:12:00,42.03,42.04,41.995,42.0,644.0
2019-03-27 14:19:00,41.995,42.09,41.995,42.09,2334.0
2019-03-27 14:23:00,42.1,42.1,42.06,42.075,1040.0
2019-03-27 14:30:00,42.051,42.051,42.051,42.051,201.0
2019-03-27 14:31:00,42.1,42.1,42.1,42.1,509.0
2019-03-27 14:33:00,42.08,42.08,42.08,42.08,200.0
2019-03-27 14:34:00,42.08,42.08,42.08,42.08,1086.0
2019-03-27 14:36:00,42.07,42.09,42.045,42.045,941.0
2019-03-27 14:40:00,42.04,42.04,42.04,42.04,144.0
2019-03-27 14:48:00,42.035,42.035,42.035,42.035,127.0
2019-03-27 14:54:00,42.1,42.1,42.04,42.04,17406.0
2019-03-27 14:57:00,42.04,42.04,42.04,42.04,173.0
2019-03-27 14:59:00,42.05,42.05,42.05,42.05,116.0
2019-03-27 15:01:00,42.025,42.06,42.025,42.06,1909.0
2019-03-27 15:02:00,42.08,42.08,42.05,42.075,520.0
2019-03-27 15:04:00,42.05,42.075,42.05,42.05,1804.0
2019-03-27 15:05:00,42.0,42.0,42.0,42.0,599.0
2019-03-27 15:09:00,42.03,42.06,42.0,42.06,2142.0
2019-03-27 15:13:00,42.03,42.03,42.03,42.03,314.0
2019-03-27 15:21:00,42.03,42.03,42.03,42.03,100.0
2019-03-27 15:23:00,42.03,42.065,42.03,42.065,518.0
2019-03-27 15:30:00,42.03,42.03,42.03,42.03,117.0
2019-03-27 15:31:00,42.03,42.03,42.03,42.03,224.0
2019-03-27 15:33:00,42.03,42.03,42.03,42.03,356.0
2019-03-27 15:35:00,42.03,42.03,42.03,42.03,100.0
2019-03-27 15:36:00,42.03,42.03,42.0,42.0,1352.0
2019-03-27 15:38:00,42.0,42.0,42.0,42.0,1210.0
2019-03-27 15:39:00,42.01,42.01,42.01,42.01,605.0
2019-03-27 15:42:00,42.02,42.03,42.0,42.0,549.0
2019-03-27 15:45:00,42.0,42.0,42.0,42.0,569.0
2019-03-27 15:49:00,42.0,42.0,42.0,42.0,100.0
2019-03-27 15:50:00,42.0,42.0,42.0,42.0,628.0
2019-03-27 15:53:00,42.0,42.0,42.0,42.0,995.0
2019-03-27 15:54:00,42.025,42.025,42.0,42.0,436.0
2019-03-27 15:55:00,42.0,42.0,42.0,42.0,4363.0
2019-03-27 15:56:00,42.005,42.01,42.0,42.0,1400.0
2019-03-27 15:57:00,42.0,42.05,42.0,42.05,7512.0
2019-03-27 15:59:00,42.01,42.01,42.01,42.01,461.0
2019-03-27 16:00:00,42.0,42.085,42.0,42.08,1521.0
2019-03-28 09:31:00,42.12,42.12,42.12,42.12,575.0
2019-03-28 09:39:00,42.21,42.21,42.21,42.21,102.0
2019-03-28 09:40:00,42.21,42.21,42.21,42.21,1455.0
2019-03-28 09:49:00,42.215,42.215,42.215,42.215,536.0
2019-03-28 09:51:00,42.235,42.235,42.235,42.235,335.0
2019-03-28 10:04:00,42.25,42.25,42.25,42.25,514.0
2019-03-28 10:10:00,42.3,42.3,42.3,42.3,103.0
2019-03-28 10:11:00,42.255,42.255,42.255,42.255,349.0
2019-03-28 10:15:00,42.17,42.17,42.17,42.17,743.0
2019-03-28 10:16:00,42.28,42.28,42.28,42.28,200.0
2019-03-28 10:22:00,42.26,42.26,42.26,42.26,409.0
2019-03-28 10:24:00,42.26,42.26,42.26,42.26,310.0
2019-03-28 10:37:00,42.23,42.23,42.23,42.23,505.0
2019-03-28 10:45:00,42.23,42.23,42.23,42.23,124.0
2019-03-28 10:51:00,42.08,42.08,42.08,42.08,634.0
2019-03-28 11:00:00,42.13,42.13,42.13,42.13,100.0
2019-03-28 11:03:00,42.02,42.02,42.02,42.02,481.0
2019-03-28 11:09:00,41.87,41.87,41.87,41.87,101.0
2019-03-28 11:13:00,41.93,41.93,41.93,41.93,100.0
2019-03-28 11:24:00,41.86,41.86,41.86,41.86,1484.0
2019-03-28 11:26:00,41.64,41.64,41.64,41.64,300.0
2019-03-28 11:32:00,41.64,41.64,41.64,41.64,100.0
2019-03-28 11:33:00,41.68,41.68,41.68,41.68,100.0
2019-03-28 11:38:00,41.73,41.73,41.73,41.73,100.0
2019-03-28 11:40:00,41.68,41.68,41.68,41.68,200.0
2019-03-28 11:42:00,41.79,41.83,41.69,41.69,1628.0
2019-03-28 11:50:00,41.91,41.91,41.91,41.91,220.0
2019-03-28 11:51:00,42.02,42.02,42.02,42.02,540.0
2019-03-28 12:06:00,42.01,42.01,42.01,42.01,100.0
2019-03-28 12:07:00,41.88,41.88,41.88,41.88,100.0
2019-03-28 12:17:00,41.92,41.92,41.92,41.92,505.0
2019-03-28 12:31:00,42.04,42.04,42.04,42.04,660.0
2019-03-28 12:52:00,41.97,41.97,41.97,41.97,392.0
2019-03-28 13:03:00,42.13,42.13,42.13,42.13,105.0
2019-03-28 13:16:00,42.01,42.01,42.01,42.01,100.0
2019-03-28 13:17:00,41.985,41.985,41.985,41.985,640.0
2019-03-28 13:22:00,41.986,41.986,41.986,41.986,154.0
2019-03-28 13:37:00,41.94,41.94,41.94,41.94,574.0
2019-03-28 13:51:00,41.9,41.9,41.9,41.9,854.0
2019-03-28 13:55:00,41.98,41.98,41.98,41.98,650.0
2019-03-28 14:07:00,41.94,41.94,41.94,41.94,346.0
2019-03-28 14:33:00,41.91,41.91,41.91,41.91,647.0
2019-03-28 14:36:00,41.89,41.89,41.89,41.89,302.0
2019-03-28 14:38:00,41.9,41.9,41.9,41.9,100.0
2019-03-28 14:40:00,41.81,41.81,41.81,41.81,100.0
2019-03-28 14:43:00,41.865,41.865,41.865,41.865,100.0
2019-03-28 14:48:00,41.92,41.92,41.92,41.92,116.0
2019-03-28 14:54:00,41.83,41.83,41.83,41.83,100.0
2019-03-28 14:56:00,41.82,41.86,41.8,41.86,1975.0
2019-03-28 15:01:00,41.8,41.8,41.8,41.8,100.0
2019-03-28 15:02:00,41.8,41.81,41.8,41.81,2988.0
2019-03-28 15:07:00,41.92,41.92,41.92,41.92,365.0
2019-03-28 15:17:00,41.82,41.82,41.82,41.82,326.0
2019-03-28 15:22:00,41.83,41.83,41.83,41.83,213.0
2019-03-28 15:30:00,41.87,41.87,41.87,41.87,500.0
2019-03-28 15:31:00,41.865,41.865,41.865,41.865,213.0
2019-03-28 15:34:00,41.89,41.89,41.89,41.89,187.0
2019-03-28 15:39:00,41.86,41.86,41.86,41.86,306.0
2019-03-28 15:40:00,41.86,41.86,41.86,41.86,582.0
2019-03-28 15:41:00,41.82,41.82,41.82,41.82,1385.0
2019-03-28 15:47:00,41.85,41.85,41.85,41.85,107.0
2019-03-28 15:48:00,41.85,41.85,41.85,41.85,100.0
2019-03-28 15:49:00,41.86,41.86,41.86,41.86,322.0
2019-03-28 15:52:00,41.85,41.85,41.85,41.85,175.0
2019-03-28 15:53:00,41.88,41.88,41.86,41.86,1486.0
2019-03-28 15:54:00,41.88,41.9,41.88,41.9,3531.0
2019-03-28 15:55:00,41.91,41.91,41.91,41.91,384.0
2019-03-28 15:56:00,41.94,41.94,41.94,41.94,702.0
2019-03-28 15:57:00,41.94,41.94,41.94,41.94,644.0
2019-03-28 15:58:00,41.89,41.89,41.89,41.89,500.0
2019-03-28 15:59:00,41.9,41.9,41.9,41.9,641.0
2019-03-28 16:00:00,41.9,41.94,41.9,41.94,2698.0
2019-03-29 09:31:00,42.3,42.3,42.3,42.3,1137.0
2019-03-29 09:54:00,42.25,42.25,42.25,42.25,180.0
2019-03-29 10:09:00,42.25,42.25,42.25,42.25,131.0
2019-03-29 10:25:00,42.06,42.06,42.06,42.06,100.0
2019-03-29 10:28:00,42.165,42.165,42.07,42.07,318.0
2019-03-29 10:30:00,42.07,42.07,42.07,42.07,286.0
2019-03-29 10:31:00,42.07,42.07,42.07,42.07,1441.0
2019-03-29 10:32:00,42.105,42.105,42.0825,42.0825,1062.0
2019-03-29 10:33:00,42.06,42.06,42.06,42.06,1696.0
2019-03-29 10:37:00,42.2,42.2,42.2,42.2,986.0
2019-03-29 10:38:00,42.26,42.295,42.26,42.295,2265.0
2019-03-29 10:39:00,42.295,42.295,42.295,42.295,100.0
2019-03-29 10:40:00,42.29,42.29,42.27,42.27,323.0
2019-03-29 10:41:00,42.29,42.29,42.29,42.29,523.0
2019-03-29 10:42:00,42.275,42.275,42.275,42.275,909.0
2019-03-29 10:43:00,42.26,42.28,42.26,42.28,2969.0
2019-03-29 10:44:00,42.28,42.28,42.28,42.28,594.0
2019-03-29 10:47:00,42.26,42.26,42.26,42.26,200.0
2019-03-29 10:48:00,42.26,42.26,42.26,42.26,220.0
2019-03-29 10:50:00,42.27,42.27,42.27,42.27,100.0
2019-03-29 10:51:00,42.26,42.26,42.26,42.26,278.0
2019-03-29 10:52:00,42.27,42.27,42.27,42.27,333.0
2019-03-29 10:54:00,42.3,42.3,42.3,42.3,100.0
2019-03-29 10:55:00,42.27,42.27,42.27,42.27,126.0
2019-03-29 10:58:00,42.31,42.31,42.31,42.31,334.0
2019-03-29 11:01:00,42.27,42.27,42.27,42.27,250.0
2019-03-29 11:15:00,42.26,42.26,42.26,42.26,100.0
2019-03-29 11:16:00,42.26,42.26,42.26,42.26,362.0
2019-03-29 11:19:00,42.26,42.26,42.26,42.26,249.0
2019-03-29 11:25:00,42.32,42.32,42.32,42.32,1307.0
2019-03-29 11:29:00,42.315,42.315,42.315,42.315,1836.0
2019-03-29 11:34:00,42.29,42.29,42.29,42.29,787.0
2019-03-29 11:38:00,42.31,42.31,42.31,42.31,310.0
2019-03-29 11:40:00,42.3,42.3,42.3,42.3,5445.0
2019-03-29 11:43:00,42.295,42.295,42.295,42.295,2478.0
2019-03-29 11:46:00,42.33,42.33,42.33,42.33,112.0
2019-03-29 11:47:00,42.28,42.28,42.28,42.28,212.0
2019-03-29 11:49:00,42.33,42.33,42.33,42.33,100.0
2019-03-29 11:51:00,42.26,42.26,42.26,42.26,200.0
2019-03-29 11:52:00,42.26,42.26,42.26,42.26,210.0
2019-03-29 11:55:00,42.26,42.285,42.26,42.285,2083.0
2019-03-29 11:56:00,42.31,42.31,42.31,42.31,546.0
2019-03-29 12:04:00,42.28,42.28,42.28,42.28,110.0
2019-03-29 12:06:00,42.28,42.28,42.28,42.28,132.0
2019-03-29 12:08:00,42.28,42.28,42.28,42.28,600.0
2019-03-29 12:11:00,42.29,42.29,42.29,42.29,700.0
2019-03-29 12:15:00,42.28,42.28,42.28,42.28,114.0
2019-03-29 12:18:00,42.3,42.3,42.3,42.3,200.0
2019-03-29 12:19:00,42.305,42.34,42.305,42.34,732.0
2019-03-29 12:20:00,42.35,42.35,42.35,42.35,282.0
2019-03-29 12:24:00,42.444,42.444,42.444,42.444,531.0
2019-03-29 12:26:00,42.38,42.38,42.38,42.38,810.0
2019-03-29 12:48:00,42.38,42.38,42.38,42.38,422.0
2019-03-29 12:55:00,42.42,42.42,42.42,42.42,100.0
2019-03-29 12:56:00,42.37,42.37,42.37,42.37,225.0
2019-03-29 13:19:00,42.3,42.3,42.3,42.3,524.0
2019-03-29 13:21:00,42.29,42.29,42.29,42.29,100.0
2019-03-29 13:22:00,42.315,42.315,42.315,42.315,713.0
2019-03-29 13:26:00,42.27,42.27,42.27,42.27,150.0
2019-03-29 13:32:00,42.27,42.27,42.27,42.27,0.0
2019-03-29 13:34:00,42.3,42.3,42.3,42.3,569.0
2019-03-29 13:41:00,42.3,42.3,42.3,42.3,105.0
2019-03-29 13:47:00,42.27,42.27,42.26,42.26,2925.0
2019-03-29 13:48:00,42.36,42.37,42.36,42.37,1572.0
2019-03-29 13:50:00,42.4,42.4,42.4,42.4,341.0
2019-03-29 13:52:00,42.47,42.47,42.47,42.47,859.0
2019-03-29 13:53:00,42.47,42.47,42.47,42.47,2390.0
2019-03-29 14:00:00,42.65,42.65,42.65,42.65,101.0
2019-03-29 14:04:00,42.6,42.6,42.6,42.6,150.0
2019-03-29 14:08:00,42.7,42.7,42.7,42.7,422.0
2019-03-29 14:11:00,42.6,42.6,42.6,42.6,202.0
2019-03-29 14:13:00,42.7,42.7,42.7,42.7,132.0
2019-03-29 14:17:00,42.74,42.75,42.74,42.75,1854.0
2019-03-29 14:24:00,42.75,42.75,42.75,42.75,1934.0
2019-03-29 14:25:00,42.79,42.8,42.79,42.8,1510.0
2019-03-29 14:32:00,42.75,42.75,42.75,42.75,144.0
2019-03-29 14:37:00,42.72,42.72,42.72,42.72,122.0
2019-03-29 14:39:00,42.79,42.79,42.79,42.79,105.0
2019-03-29 14:40:00,42.81,42.81,42.81,42.81,479.0
2019-03-29 14:44:00,42.84,42.87,42.84,42.87,1465.0
2019-03-29 14:48:00,42.88,42.88,42.88,42.88,482.0
2019-03-29 14:56:00,42.91,42.91,42.91,42.91,216.0
2019-03-29 14:59:00,42.93,43.06,42.93,43.06,1561.0
2019-03-29 15:07:00,42.975,42.975,42.975,42.975,244.0
2019-03-29 15:15:00,42.97,42.97,42.97,42.97,100.0
2019-03-29 15:16:00,42.965,42.965,42.965,42.965,222.0
2019-03-29 15:17:00,43.01,43.01,43.01,43.01,409.0
2019-03-29 15:18:00,42.97,42.97,42.97,42.97,411.0
2019-03-29 15:20:00,42.975,42.975,42.975,42.975,229.0
2019-03-29 15:21:00,43.04,43.06,43.04,43.06,1104.0
2019-03-29 15:23:00,43.025,43.025,43.025,43.025,150.0
2019-03-29 15:25:00,43.0,43.0,43.0,43.0,235.0
2019-03-29 15:28:00,42.98,42.98,42.98,42.98,282.0
2019-03-29 15:31:00,43.015,43.015,42.98,42.98,1925.0
2019-03-29 15:32:00,42.98,42.98,42.98,42.98,337.0
2019-03-29 15:33:00,43.03,43.03,43.03,43.03,861.0
2019-03-29 15:38:00,43.03,43.03,43.03,43.03,253.0
2019-03-29 15:39:00,43.03,43.03,43.03,43.03,196.0
2019-03-29 15:42:00,42.96,42.96,42.96,42.96,320.0
2019-03-29 15:44:00,42.95,42.95,42.95,42.95,501.0
2019-03-29 15:49:00,43.0,43.0,43.0,43.0,317.0
2019-03-29 15:50:00,43.08,43.08,43.0,43.0,1093.0
2019-03-29 15:52:00,43.08,43.08,43.08,43.08,108.0
2019-03-29 15:53:00,43.035,43.035,43.035,43.035,587.0
2019-03-29 15:54:00,43.04,43.04,43.04,43.04,335.0
2019-03-29 15:55:00,43.08,43.08,43.08,43.08,506.0
2019-03-29 15:56:00,43.09,43.17,43.09,43.17,1709.0
2019-03-29 15:57:00,43.1,43.1,43.1,43.1,413.0
2019-03-29 15:58:00,43.09,43.09,43.09,43.09,936.0
2019-03-29 15:59:00,43.04,43.04,43.04,43.04,896.0
2019-03-29 16:00:00,43.03,43.03,43.03,43.03,21184.0
2019-04-01 09:31:00,43.18,43.18,43.18,43.18,249.0
2019-04-01 09:34:00,43.31,43.31,43.31,43.31,190.0
2019-04-01 10:09:00,43.17,43.17,43.17,43.17,1287.0
2019-04-01 10:10:00,43.14,43.14,43.14,43.14,1002.0
2019-04-01 10:13:00,43.17,43.17,43.17,43.17,400.0
2019-04-01 10:19:00,43.21,43.21,43.21,43.21,202.0
2019-04-01 10:22:00,43.33,43.33,43.33,43.33,200.0
2019-04-01 10:30:00,43.17,43.17,43.14,43.14,1205.0
2019-04-01 11:09:00,43.26,43.26,43.26,43.26,506.0
2019-04-01 11:11:00,43.12,43.12,43.12,43.12,713.0
2019-04-01 11:35:00,43.07,43.07,43.07,43.07,240.0
2019-04-01 11:40:00,43.17,43.17,43.17,43.17,227.0
2019-04-01 11:55:00,43.08,43.08,43.08,43.08,112.0
2019-04-01 12:02:00,43.05,43.05,43.05,43.05,568.0
2019-04-01 12:11:00,42.95,42.95,42.935,42.935,1214.0
2019-04-01 12:22:00,42.81,42.81,42.81,42.81,313.0
2019-04-01 12:34:00,42.83,42.83,42.83,42.83,636.0
2019-04-01 12:44:00,42.88,42.88,42.88,42.88,309.0
2019-04-01 12:53:00,42.78,42.78,42.78,42.78,789.0
2019-04-01 12:55:00,42.78,42.78,42.78,42.78,700.0
2019-04-01 12:56:00,42.78,42.78,42.78,42.78,101.0
2019-04-01 12:58:00,42.825,42.825,42.825,42.825,399.0
2019-04-01 13:02:00,42.78,42.78,42.78,42.78,108.0
2019-04-01 13:05:00,42.86,42.86,42.86,42.86,1060.0
2019-04-01 13:07:00,42.88,42.88,42.79,42.79,907.0
2019-04-01 13:16:00,42.78,42.78,42.78,42.78,832.0
2019-04-01 13:37:00,42.86,42.86,42.86,42.86,909.0
2019-04-01 13:38:00,42.81,42.81,42.81,42.81,1113.0
2019-04-01 13:45:00,42.87,42.87,42.87,42.87,219.0
2019-04-01 13:56:00,42.78,42.78,42.78,42.78,1344.0
2019-04-01 14:17:00,42.78,42.78,42.78,42.78,401.0
2019-04-01 14:21:00,42.825,42.825,42.825,42.825,705.0
2019-04-01 14:32:00,42.82,42.82,42.82,42.82,628.0
2019-04-01 14:36:00,42.87,42.87,42.87,42.87,767.0
2019-04-01 14:37:00,42.99,42.99,42.99,42.99,1098.0
2019-04-01 14:46:00,43.1,43.1,43.1,43.1,130.0
2019-04-01 14:48:00,43.09,43.09,43.09,43.09,126.0
2019-04-01 15:03:00,43.01,43.01,43.01,43.01,101.0
2019-04-01 15:06:00,43.1,43.1,43.1,43.1,438.0
2019-04-01 15:07:00,43.1,43.1,43.1,43.1,453.0
2019-04-01 15:08:00,43.14,43.14,43.14,43.14,217.0
2019-04-01 15:09:00,43.14,43.14,43.14,43.14,301.0
2019-04-01 15:12:00,43.17,43.17,43.1,43.1,1052.0
2019-04-01 15:15:00,43.115,43.115,43.115,43.115,100.0
2019-04-01 15:20:00,43.0525,43.0525,43.0525,43.0525,434.0
2019-04-01 15:27:00,43.08,43.08,43.08,43.08,106.0
2019-04-01 15:31:00,43.07,43.07,43.07,43.07,104.0
2019-04-01 15:36:00,43.075,43.075,43.075,43.075,142.0
2019-04-01 15:41:00,43.03,43.03,43.03,43.03,280.0
2019-04-01 15:46:00,43.01,43.01,43.01,43.01,808.0
2019-04-01 15:49:00,43.0,43.0,43.0,43.0,1227.0
2019-04-01 15:52:00,43.01,43.01,43.01,43.01,615.0
2019-04-01 15:53:00,42.99,43.14,42.99,43.14,4928.0
2019-04-01 15:56:00,43.12,43.12,43.12,43.12,504.0
2019-04-01 15:57:00,43.14,43.14,43.14,43.14,1215.0
2019-04-01 15:58:00,43.21,43.21,43.21,43.21,566.0
2019-04-01 15:59:00,43.19,43.19,43.19,43.19,1155.0
2019-04-01 16:00:00,43.17,43.17,43.17,43.17,1389.0
2019-04-02 09:31:00,42.98,42.98,42.98,42.98,415.0
2019-04-02 09:45:00,42.85,42.85,42.73,42.73,473.0
2019-04-02 10:07:00,42.64,42.64,42.62,42.62,277.0
2019-04-02 10:11:00,42.6627,42.6627,42.6627,42.6627,203.0
2019-04-02 10:17:00,42.73,42.73,42.73,42.73,713.0
2019-04-02 10:20:00,42.73,42.73,42.73,42.73,219.0
2019-04-02 10:34:00,42.7,42.7,42.7,42.7,1060.0
2019-04-02 10:37:00,42.7,42.7,42.7,42.7,1053.0
2019-04-02 10:43:00,42.7975,42.7975,42.7975,42.7975,1000.0
2019-04-02 10:44:00,42.83,42.83,42.705,42.705,1911.0
2019-04-02 10:53:00,42.93,42.94,42.92,42.92,512.0
2019-04-02 11:02:00,42.83,42.83,42.75,42.83,1514.0
2019-04-02 11:05:00,42.89,42.89,42.89,42.89,900.0
2019-04-02 11:06:00,42.89,42.89,42.89,42.89,747.0
2019-04-02 11:08:00,42.89,42.89,42.89,42.89,300.0
2019-04-02 11:09:00,42.875,42.875,42.75,42.75,4051.0
2019-04-02 11:22:00,42.91,42.92,42.91,42.92,366.0
2019-04-02 11:23:00,42.94,42.94,42.94,42.94,225.0
2019-04-02 11:24:00,42.965,42.965,42.965,42.965,200.0
2019-04-02 11:25:00,42.97,42.97,42.97,42.97,200.0
2019-04-02 11:26:00,42.9,42.92,42.87,42.91,685.0
2019-04-02 11:38:00,42.88,42.88,42.88,42.88,455.0
2019-04-02 11:46:00,42.88,42.88,42.88,42.88,141.0
2019-04-02 11:47:00,42.93,42.93,42.93,42.93,100.0
2019-04-02 11:48:00,42.91,42.91,42.91,42.91,200.0
2019-04-02 11:52:00,42.94,42.94,42.94,42.94,100.0
2019-04-02 11:53:00,42.87,42.89,42.87,42.87,376.0
2019-04-02 12:07:00,42.88,42.88,42.88,42.88,346.0
2019-04-02 12:09:00,42.88,42.88,42.88,42.88,200.0
2019-04-02 12:11:00,42.87,42.87,42.8,42.8,1102.0
2019-04-02 12:12:00,42.73,42.73,42.73,42.73,161.0
2019-04-02 12:20:00,42.7677,42.7677,42.7677,42.7677,235.0
2019-04-02 12:25:00,42.71,42.71,42.7,42.7,721.0
2019-04-02 12:27:00,42.7,42.7,42.7,42.7,797.0
2019-04-02 12:32:00,42.79,42.82,42.79,42.82,1065.0
2019-04-02 12:48:00,42.72,42.72,42.72,42.72,205.0
2019-04-02 13:07:00,42.9,42.9,42.9,42.9,245.0
2019-04-02 13:20:00,42.87,42.89,42.87,42.89,1193.0
2019-04-02 13:25:00,42.81,42.81,42.81,42.81,344.0
2019-04-02 13:46:00,42.93,42.98,42.92,42.94,1911.0
2019-04-02 13:53:00,42.86,42.86,42.86,42.86,173.0
2019-04-02 13:57:00,42.94,42.94,42.94,42.94,207.0
2019-04-02 14:06:00,42.935,42.94,42.935,42.94,327.0
2019-04-02 14:07:00,42.96,42.96,42.96,42.96,100.0
2019-04-02 14:08:00,42.96,42.965,42.96,42.965,202.0
2019-04-02 14:09:00,42.96,42.965,42.96,42.965,480.0
2019-04-02 14:12:00,42.92,42.965,42.92,42.965,5511.0
2019-04-02 14:15:00,42.965,42.965,42.965,42.965,333.0
2019-04-02 14:16:00,42.92,42.92,42.92,42.92,244.0
2019-04-02 14:19:00,42.95,42.95,42.95,42.95,126.0
2019-04-02 14:22:00,42.89,43.01,42.89,42.95,3421.0
2019-04-02 14:23:00,42.995,42.995,42.995,42.995,1300.0
2019-04-02 14:24:00,42.985,42.985,42.985,42.985,512.0
2019-04-02 14:26:00,43.01,43.01,43.01,43.01,200.0
2019-04-02 14:29:00,42.94,42.94,42.94,42.94,110.0
2019-04-02 14:31:00,42.98,42.98,42.92,42.92,210.0
2019-04-02 14:34:00,42.85,42.85,42.85,42.85,210.0
2019-04-02 14:39:00,42.92,42.92,42.92,42.92,410.0
2019-04-02 14:41:00,42.91,42.91,42.9,42.9,200.0
2019-04-02 14:43:00,42.87,42.87,42.87,42.87,100.0
2019-04-02 14:44:00,42.88,42.88,42.88,42.88,123.0
2019-04-02 14:49:00,42.88,42.88,42.88,42.88,200.0
2019-04-02 14:51:00,42.925,42.97,42.925,42.97,1246.0
2019-04-02 14:55:00,42.995,42.995,42.995,42.995,100.0
2019-04-02 14:58:00,42.93,42.93,42.93,42.93,110.0
2019-04-02 15:00:00,43.04,43.04,43.04,43.04,147.0
2019-04-02 15:08:00,43.005,43.005,43.005,43.005,114.0
2019-04-02 15:09:00,42.96,42.96,42.95,42.95,463.0
2019-04-02 15:16:00,43.01,43.01,42.96,42.96,420.0
2019-04-02 15:19:00,43.0,43.0,43.0,43.0,233.0
2019-04-02 15:23:00,42.95,42.95,42.95,42.95,238.0
2019-04-02 15:36:00,42.95,42.97,42.95,42.97,1725.0
2019-04-02 15:38:00,42.95,42.95,42.95,42.95,110.0
2019-04-02 15:40:00,42.95,42.97,42.94,42.97,1237.0
2019-04-02 15:41:00,42.945,42.945,42.945,42.945,110.0
2019-04-02 15:43:00,42.95,42.95,42.95,42.95,530.0
2019-04-02 15:47:00,42.94,43.01,42.92,43.01,1355.0
2019-04-02 15:48:00,43.05,43.06,43.05,43.06,550.0
2019-04-02 15:51:00,43.08,43.08,43.07,43.08,472.0
2019-04-02 15:52:00,43.08,43.08,43.08,43.08,762.0
2019-04-02 15:57:00,43.15,43.15,43.15,43.15,160.0
2019-04-02 15:59:00,43.12,43.15,43.12,43.15,981.0
2019-04-02 16:00:00,43.15,43.15,43.14,43.14,1590.0
2019-04-03 09:31:00,43.23,43.23,43.23,43.23,622.0
2019-04-03 09:52:00,43.23,43.25,43.23,43.25,1279.0
2019-04-03 09:54:00,43.5,43.5,43.46,43.49,1300.0
2019-04-03 09:55:00,43.55,43.55,43.55,43.55,830.0
2019-04-03 09:57:00,43.48,43.51,43.48,43.51,200.0
2019-04-03 09:58:00,43.52,43.55,43.52,43.55,1032.0
2019-04-03 09:59:00,43.55,43.55,43.55,43.55,100.0
2019-04-03 10:04:00,43.555,43.555,43.51,43.51,336.0
2019-04-03 10:06:00,43.48,43.485,43.44,43.485,400.0
2019-04-03 10:07:00,43.41,43.41,43.4,43.4,200.0
2019-04-03 10:09:00,43.32,43.32,43.32,43.32,100.0
2019-04-03 10:10:00,43.4,43.4,43.25,43.25,1160.0
2019-04-03 10:11:00,43.4,43.4,43.4,43.4,1900.0
2019-04-03 10:17:00,43.5307,43.5307,43.5307,43.5307,220.0
2019-04-03 10:27:00,43.5,43.5,43.5,43.5,100.0
2019-04-03 10:30:00,43.5,43.5,43.5,43.5,206.0
2019-04-03 10:34:00,43.55,43.57,43.54,43.54,654.0
2019-04-03 10:36:00,43.55,43.55,43.55,43.55,210.0
2019-04-03 10:37:00,43.535,43.535,43.535,43.535,110.0
2019-04-03 10:46:00,43.53,43.53,43.53,43.53,389.0
2019-04-03 10:55:00,43.49,43.49,43.49,43.49,150.0
2019-04-03 10:58:00,43.42,43.42,43.36,43.36,984.0
2019-04-03 11:04:00,43.405,43.405,43.405,43.405,111.0
2019-04-03 11:05:00,43.405,43.405,43.405,43.405,1436.0
2019-04-03 11:09:00,43.31,43.31,43.3,43.3,270.0
2019-04-03 11:10:00,43.26,43.26,43.25,43.25,700.0
2019-04-03 11:11:00,43.18,43.18,43.16,43.16,314.0
2019-04-03 11:13:00,43.17,43.17,43.17,43.17,102.0
2019-04-03 11:15:00,43.025,43.025,43.025,43.025,101.0
2019-04-03 11:18:00,43.02,43.02,43.02,43.02,338.0
2019-04-03 11:24:00,43.01,43.06,43.01,43.06,536.0
2019-04-03 11:28:00,43.01,43.01,43.01,43.01,2203.0
2019-04-03 11:39:00,43.01,43.01,43.01,43.01,110.0
2019-04-03 11:41:00,43.03,43.0525,43.02,43.02,300.0
2019-04-03 11:43:00,43.0971,43.0971,43.0971,43.0971,1600.0
2019-04-03 11:47:00,43.1,43.11,43.01,43.07,4504.0
2019-04-03 11:52:00,43.12,43.13,43.12,43.13,313.0
2019-04-03 11:56:00,43.3,43.3,43.3,43.3,191.0
2019-04-03 12:01:00,43.22,43.22,43.22,43.22,100.0
2019-04-03 12:02:00,43.24,43.24,43.24,43.24,290.0
2019-04-03 12:03:00,43.25,43.33,43.23,43.3,1523.0
2019-04-03 12:07:00,43.24,43.24,43.24,43.24,100.0
2019-04-03 12:10:00,43.24,43.24,43.24,43.24,215.0
2019-04-03 12:17:00,43.31,43.31,43.31,43.31,110.0
2019-04-03 12:19:00,43.45,43.45,43.45,43.45,100.0
2019-04-03 12:21:00,43.28,43.28,43.27,43.27,517.0
2019-04-03 12:32:00,43.25,43.25,43.25,43.25,258.0
2019-04-03 12:36:00,43.29,43.3,43.29,43.3,516.0
2019-04-03 12:44:00,43.36,43.36,43.36,43.36,118.0
2019-04-03 12:47:00,43.3,43.3,43.3,43.3,100.0
2019-04-03 12:49:00,43.34,43.34,43.34,43.34,111.0
2019-04-03 12:52:00,43.28,43.28,43.27,43.28,430.0
2019-04-03 12:56:00,43.255,43.255,43.255,43.255,100.0
2019-04-03 12:57:00,43.255,43.255,43.255,43.255,205.0
2019-04-03 13:02:00,43.31,43.31,43.31,43.31,114.0
2019-04-03 13:15:00,43.2,43.2,43.2,43.2,221.0
2019-04-03 13:22:00,43.19,43.19,43.19,43.19,210.0
2019-04-03 13:29:00,43.27,43.27,43.27,43.27,104.0
2019-04-03 13:33:00,43.155,43.155,43.155,43.155,100.0
2019-04-03 13:37:00,43.28,43.28,43.28,43.28,104.0
2019-04-03 13:41:00,43.11,43.11,43.11,43.11,100.0
2019-04-03 13:44:00,43.27,43.27,43.27,43.27,216.0
2019-04-03 13:51:00,43.24,43.24,43.24,43.24,100.0
2019-04-03 13:53:00,43.12,43.12,43.12,43.12,203.0
2019-04-03 13:57:00,43.11,43.11,43.11,43.11,100.0
2019-04-03 13:59:00,43.155,43.155,43.155,43.155,100.0
2019-04-03 14:01:00,43.1,43.1,43.05,43.08,421.0
2019-04-03 14:06:00,43.01,43.01,43.01,43.01,1335.0
2019-04-03 14:18:00,43.02,43.05,43.01,43.05,889.0
2019-04-03 14:21:00,43.09,43.1,43.09,43.1,407.0
2019-04-03 14:22:00,43.075,43.075,43.075,43.075,200.0
2019-04-03 14:23:00,43.075,43.075,43.075,43.075,201.0
2019-04-03 14:24:00,43.13,43.13,43.1,43.1,501.0
2019-04-03 14:26:00,43.17,43.17,43.0552,43.0552,424.0
2019-04-03 14:32:00,43.12,43.12,43.12,43.12,403.0
2019-04-03 14:48:00,43.09,43.09,43.09,43.09,100.0
2019-04-03 14:50:00,43.03,43.075,43.03,43.075,429.0
2019-04-03 15:04:00,43.07,43.07,43.04,43.04,205.0
2019-04-03 15:05:00,43.07,43.11,43.07,43.11,417.0
2019-04-03 15:11:00,43.065,43.065,43.065,43.065,338.0
2019-04-03 15:13:00,43.02,43.035,43.01,43.01,6405.0
2019-04-03 15:14:00,43.02,43.05,43.02,43.05,713.0
2019-04-03 15:15:00,43.085,43.085,43.085,43.085,100.0
2019-04-03 15:16:00,43.04,43.04,43.04,43.04,131.0
2019-04-03 15:17:00,43.02,43.02,43.02,43.02,528.0
2019-04-03 15:20:00,43.06,43.06,43.06,43.06,100.0
2019-04-03 15:22:00,43.01,43.01,43.01,43.01,110.0
2019-04-03 15:24:00,43.01,43.01,43.01,43.01,105.0
2019-04-03 15:25:00,43.01,43.01,43.01,43.01,505.0
2019-04-03 15:30:00,43.01,43.01,43.01,43.01,386.0
2019-04-03 15:33:00,43.01,43.03,43.01,43.03,460.0
2019-04-03 15:36:00,43.05,43.05,43.03,43.05,889.0
2019-04-03 15:39:00,43.02,43.02,43.01,43.01,600.0
2019-04-03 15:40:00,43.0,43.0,43.0,43.0,683.0
2019-04-03 15:41:00,43.0,43.0,43.0,43.0,223.0
2019-04-03 15:42:00,43.0,43.03,43.0,43.0,844.0
2019-04-03 15:44:00,43.0,43.0,43.0,43.0,219.0
2019-04-03 15:45:00,43.0,43.0,43.0,43.0,100.0
2019-04-03 15:46:00,43.0,43.0,43.0,43.0,174.0
2019-04-03 15:47:00,43.0,43.0,43.0,43.0,562.0
2019-04-03 15:48:00,43.0,43.0,43.0,43.0,100.0
2019-04-03 15:50:00,43.0,43.0,43.0,43.0,224.0
2019-04-03 15:51:00,43.0,43.0,43.0,43.0,101.0
2019-04-03 15:53:00,43.0,43.03,43.0,43.03,432.0
2019-04-03 15:54:00,43.04,43.05,43.04,43.05,1418.0
2019-04-03 15:56:00,43.09,43.09,43.09,43.09,100.0
2019-04-03 15:57:00,43.12,43.12,43.07,43.12,2588.0
2019-04-03 15:58:00,43.15,43.15,43.15,43.15,264.0
2019-04-03 15:59:00,43.11,43.11,43.09,43.1,1233.0
2019-04-03 16:00:00,43.08,43.1,43.07,43.1,3398.0
