
2019-03-19 09:38:00,7.05,7.05,7.05,7.05,0.0
2019-03-19 09:40:00,7.05,7.05,7.05,7.05,500.0
2019-03-19 09:44:00,7.05,7.05,7.05,7.05,2801.0
2019-03-19 10:33:00,7.05,7.05,7.05,7.05,435.0
2019-03-19 11:57:00,7.05,7.05,7.05,7.05,2285.0
2019-03-19 12:35:00,7.0245,7.0245,7.0245,7.0245,601.0
2019-03-19 13:02:00,7.035,7.035,7.035,7.035,295.0
2019-03-19 13:10:00,7.0201,7.0201,7.0201,7.0201,535.0
2019-03-19 13:55:00,7.04,7.04,7.04,7.04,150.0
2019-03-19 13:59:00,7.02,7.02,7.02,7.02,200.0
2019-03-19 14:15:00,7.05,7.05,7.05,7.05,246.0
2019-03-19 14:44:00,7.0115,7.0115,7.0115,7.0115,404.0
2019-03-19 14:46:00,7.01,7.01,7.0,7.0,510.0
2019-03-19 14:50:00,7.01,7.01,7.01,7.01,333.0
2019-03-19 14:56:00,7.01,7.015,7.01,7.015,350.0
2019-03-19 15:11:00,7.01,7.01,7.01,7.01,219.0
2019-03-19 15:15:00,7.02,7.02,7.02,7.02,681.0
2019-03-19 15:23:00,7.01,7.01,7.01,7.01,100.0
2019-03-19 15:27:00,7.01,7.01,7.01,7.01,1410.0
2019-03-19 15:33:00,7.01,7.01,7.01,7.01,737.0
2019-03-19 15:45:00,7.0213,7.0213,7.0213,7.0213,520.0
2019-03-19 15:48:00,7.011,7.011,7.011,7.011,600.0
2019-03-19 15:51:00,7.04,7.04,7.04,7.04,840.0
2019-03-19 15:56:00,7.09,7.09,7.09,7.09,706.0
2019-03-19 15:57:00,7.04,7.04,7.04,7.04,505.0
2019-03-19 16:00:00,7.03,7.03,7.03,7.03,584.0
2019-03-20 09:31:00,7.08,7.08,7.08,7.08,1074.0
2019-03-20 09:37:00,7.01,7.01,7.0,7.0,1477.0
2019-03-20 09:39:00,7.01,7.045,7.01,7.045,2310.0
2019-03-20 09:48:00,7.01,7.01,7.01,7.01,200.0
2019-03-20 09:50:00,7.0425,7.0425,7.0425,7.0425,126.0
2019-03-20 09:52:00,7.01,7.01,7.01,7.01,120.0
2019-03-20 09:55:00,7.0209,7.0209,7.0209,7.0209,2400.0
2019-03-20 10:06:00,7.01,7.01,7.01,7.01,500.0
2019-03-20 10:31:00,7.0101,7.0101,7.0101,7.0101,220.0
2019-03-20 10:50:00,7.0211,7.0211,7.0211,7.0211,120.0
2019-03-20 10:59:00,7.0249,7.0249,7.0249,7.0249,222.0
2019-03-20 11:34:00,7.01,7.01,7.01,7.01,100.0
2019-03-20 11:36:00,7.0177,7.0177,7.0177,7.0177,1490.0
2019-03-20 11:59:00,7.0037,7.0037,7.0037,7.0037,268.0
2019-03-20 12:04:00,7.0201,7.0201,7.0201,7.0201,445.0
2019-03-20 12:21:00,7.0,7.0,7.0,7.0,1075.0
2019-03-20 12:32:00,7.0,7.0,7.0,7.0,535.0
2019-03-20 13:01:00,6.98,6.98,6.98,6.98,120.0
2019-03-20 13:08:00,6.9675,6.9675,6.9675,6.9675,819.0
2019-03-20 13:33:00,6.98,6.98,6.98,6.98,120.0
2019-03-20 13:40:00,6.91,6.91,6.91,6.91,3301.0
2019-03-20 13:46:00,6.89,6.89,6.89,6.89,100.0
2019-03-20 13:54:00,6.86,6.86,6.86,6.86,100.0
2019-03-20 13:59:00,6.86,6.86,6.86,6.86,405.0
2019-03-20 14:00:00,6.85,6.85,6.85,6.85,605.0
2019-03-20 14:03:00,6.8475,6.8475,6.8475,6.8475,1500.0
2019-03-20 14:04:00,6.8625,6.8625,6.8625,6.8625,1730.0
2019-03-20 14:39:00,6.869,6.869,6.8645,6.8645,513.0
2019-03-20 14:42:00,6.87,6.87,6.87,6.87,724.0
2019-03-20 14:49:00,6.85,6.88,6.85,6.877,900.0
2019-03-20 14:50:00,6.85,6.85,6.85,6.85,100.0
2019-03-20 14:52:00,6.88,6.88,6.88,6.88,1105.0
2019-03-20 15:01:00,6.88,6.88,6.8785,6.8785,1400.0
2019-03-20 15:02:00,6.88,6.88,6.88,6.88,1610.0
2019-03-20 15:30:00,6.88,6.88,6.88,6.88,300.0
2019-03-20 15:31:00,6.88,6.88,6.88,6.88,3315.0
2019-03-20 15:52:00,6.89,6.89,6.89,6.89,100.0
2019-03-20 15:53:00,6.9,6.9,6.9,6.9,310.0
2019-03-20 16:00:00,6.89,6.89,6.89,6.89,306.0
2019-03-21 09:31:00,6.89,6.89,6.89,6.89,1012.0
2019-03-21 09:59:00,6.78,6.8,6.78,6.8,640.0
2019-03-21 10:11:00,6.82,6.82,6.82,6.82,100.0
2019-03-21 10:14:00,6.8,6.8,6.8,6.8,620.0
2019-03-21 10:18:00,6.71,6.71,6.71,6.71,2018.0
2019-03-21 10:25:00,6.69,6.69,6.69,6.69,191.0
2019-03-21 10:30:00,6.7,6.7,6.7,6.7,3625.0
2019-03-21 10:47:00,6.79,6.79,6.75,6.75,1100.0
2019-03-21 10:58:00,6.79,6.79,6.79,6.79,700.0
2019-03-21 11:13:00,6.75,6.75,6.75,6.75,100.0
2019-03-21 11:19:00,6.75,6.75,6.738,6.738,400.0
2019-03-21 11:32:00,6.7224,6.7224,6.7224,6.7224,515.0
2019-03-21 12:03:00,6.8,6.8,6.8,6.8,1648.0
2019-03-21 12:11:00,6.8142,6.8142,6.8142,6.8142,210.0
2019-03-21 12:20:00,6.83,6.83,6.83,6.83,481.0
2019-03-21 12:30:00,6.82,6.82,6.82,6.82,586.0
2019-03-21 12:37:00,6.81,6.81,6.81,6.81,100.0
2019-03-21 12:42:00,6.81,6.81,6.81,6.81,105.0
2019-03-21 12:48:00,6.81,6.81,6.81,6.81,100.0
2019-03-21 12:52:00,6.82,6.83,6.82,6.83,500.0
2019-03-21 13:00:00,6.81,6.81,6.81,6.81,200.0
2019-03-21 13:06:00,6.81,6.81,6.81,6.81,100.0
2019-03-21 13:12:00,6.81,6.81,6.81,6.81,100.0
2019-03-21 13:13:00,6.79,6.79,6.79,6.79,1000.0
2019-03-21 13:19:00,6.79,6.79,6.79,6.79,100.0
2019-03-21 13:25:00,6.79,6.79,6.79,6.79,100.0
2019-03-21 13:32:00,6.8,6.8,6.8,6.8,100.0
2019-03-21 13:39:00,6.8,6.8,6.8,6.8,100.0
2019-03-21 13:45:00,6.8,6.8,6.8,6.8,103.0
2019-03-21 13:52:00,6.8,6.8,6.8,6.8,100.0
2019-03-21 13:57:00,6.81,6.81,6.81,6.81,459.0
2019-03-21 14:01:00,6.797,6.797,6.797,6.797,500.0
2019-03-21 14:05:00,6.75,6.75,6.75,6.75,600.0
2019-03-21 14:09:00,6.82,6.82,6.82,6.82,393.0
2019-03-21 15:15:00,6.76,6.76,6.76,6.76,100.0
2019-03-21 15:23:00,6.74,6.74,6.74,6.74,300.0
2019-03-21 15:26:00,6.75,6.754,6.75,6.754,663.0
2019-03-21 15:34:00,6.76,6.76,6.76,6.76,100.0
2019-03-21 15:36:00,6.74,6.74,6.74,6.74,100.0
2019-03-21 15:37:00,6.74,6.74,6.74,6.74,400.0
2019-03-21 15:43:00,6.74,6.74,6.65,6.65,1916.0
2019-03-21 15:45:00,6.6833,6.6833,6.6833,6.6833,106.0
2019-03-21 15:48:00,6.6855,6.6855,6.6855,6.6855,619.0
2019-03-21 15:51:00,6.65,6.65,6.65,6.65,626.0
2019-03-21 15:57:00,6.65,6.65,6.65,6.65,200.0
2019-03-21 16:00:00,6.69,6.69,6.69,6.69,789.0
2019-03-22 09:31:00,6.59,6.59,6.59,6.59,0.0
2019-03-22 09:56:00,6.68,6.68,6.68,6.68,800.0
2019-03-22 10:09:00,6.67,6.67,6.67,6.67,200.0
2019-03-22 10:11:00,6.6362,6.6362,6.6362,6.6362,500.0
2019-03-22 10:13:00,6.65,6.65,6.65,6.65,950.0
2019-03-22 10:21:00,6.62,6.62,6.62,6.62,1500.0
2019-03-22 10:39:00,6.6,6.6,6.6,6.6,200.0
2019-03-22 10:42:00,6.56,6.56,6.56,6.56,244.0
2019-03-22 10:45:00,6.579,6.579,6.572,6.572,744.0
2019-03-22 10:53:00,6.5269,6.5269,6.5269,6.5269,430.0
2019-03-22 10:57:00,6.5,6.5,6.5,6.5,100.0
2019-03-22 11:00:00,6.51,6.54,6.51,6.54,1100.0
2019-03-22 11:11:00,6.51,6.51,6.51,6.51,100.0
2019-03-22 11:14:00,6.53,6.53,6.53,6.53,250.0
2019-03-22 11:16:00,6.5373,6.54,6.5373,6.54,900.0
2019-03-22 11:18:00,6.58,6.58,6.58,6.58,101.0
2019-03-22 11:54:00,6.5601,6.5601,6.56,6.56,803.0
2019-03-22 12:02:00,6.5,6.5,6.5,6.5,1308.0
2019-03-22 12:25:00,6.5,6.5,6.5,6.5,200.0
2019-03-22 12:27:00,6.5,6.5,6.5,6.5,469.0
2019-03-22 12:44:00,6.4508,6.4508,6.4508,6.4508,115.0
2019-03-22 13:09:00,6.4501,6.4501,6.4501,6.4501,250.0
2019-03-22 13:15:00,6.44,6.44,6.44,6.44,100.0
2019-03-22 13:21:00,6.44,6.44,6.44,6.44,177.0
2019-03-22 13:40:00,6.46,6.46,6.46,6.46,200.0
2019-03-22 13:56:00,6.43,6.43,6.405,6.405,600.0
2019-03-22 13:59:00,6.4,6.445,6.4,6.445,1600.0
2019-03-22 14:04:00,6.425,6.425,6.425,6.425,100.0
2019-03-22 14:15:00,6.45,6.45,6.45,6.45,100.0
2019-03-22 14:16:00,6.45,6.46,6.45,6.46,903.0
2019-03-22 14:34:00,6.44,6.44,6.44,6.44,862.0
2019-03-22 14:47:00,6.4973,6.5,6.4973,6.5,1836.0
2019-03-22 14:50:00,6.5975,6.5975,6.5975,6.5975,855.0
2019-03-22 15:48:00,6.605,6.605,6.605,6.605,100.0
2019-03-22 15:49:00,6.66,6.66,6.66,6.66,200.0
2019-03-22 15:54:00,6.6,6.6,6.6,6.6,100.0
2019-03-22 15:59:00,6.61,6.61,6.6,6.6,1090.0
2019-03-22 16:00:00,6.53,6.66,6.53,6.66,1347.0
2019-03-25 09:31:00,6.66,6.66,6.66,6.66,0.0
2019-03-25 10:12:00,6.4937,6.4937,6.4937,6.4937,750.0
2019-03-25 10:24:00,6.4763,6.4763,6.4763,6.4763,300.0
2019-03-25 10:25:00,6.62,6.62,6.62,6.62,1600.0
2019-03-25 10:29:00,6.59,6.59,6.59,6.59,1001.0
2019-03-25 10:33:00,6.54,6.54,6.54,6.54,142.0
2019-03-25 10:44:00,6.63,6.63,6.63,6.63,1100.0
2019-03-25 10:45:00,6.62,6.62,6.62,6.62,205.0
2019-03-25 11:00:00,6.61,6.61,6.61,6.61,1995.0
2019-03-25 11:01:00,6.61,6.61,6.61,6.61,200.0
2019-03-25 11:08:00,6.6,6.65,6.6,6.65,1500.0
2019-03-25 11:18:00,6.73,6.73,6.73,6.73,1114.0
2019-03-25 11:27:00,6.61,6.61,6.61,6.61,100.0
2019-03-25 11:29:00,6.63,6.63,6.63,6.63,101.0
2019-03-25 11:31:00,6.65,6.65,6.65,6.65,100.0
2019-03-25 11:34:00,6.67,6.67,6.67,6.67,100.0
2019-03-25 11:36:00,6.7,6.7,6.7,6.7,123.0
2019-03-25 11:38:00,6.7201,6.7201,6.7201,6.7201,200.0
2019-03-25 11:40:00,6.72,6.72,6.72,6.72,229.0
2019-03-25 11:42:00,6.66,6.66,6.66,6.66,200.0
2019-03-25 11:44:00,6.65,6.65,6.65,6.65,200.0
2019-03-25 11:45:00,6.62,6.62,6.62,6.62,100.0
2019-03-25 11:47:00,6.61,6.61,6.61,6.61,100.0
2019-03-25 11:51:00,6.6,6.6,6.6,6.6,200.0
2019-03-25 11:55:00,6.55,6.55,6.55,6.55,200.0
2019-03-25 11:59:00,6.53,6.53,6.53,6.53,100.0
2019-03-25 12:01:00,6.56,6.56,6.56,6.56,100.0
2019-03-25 12:03:00,6.55,6.55,6.55,6.55,100.0
2019-03-25 12:05:00,6.53,6.53,6.53,6.53,450.0
2019-03-25 12:09:00,6.53,6.53,6.53,6.53,200.0
2019-03-25 12:11:00,6.52,6.52,6.52,6.52,100.0
2019-03-25 12:13:00,6.51,6.51,6.51,6.51,100.0
2019-03-25 12:14:00,6.5,6.5,6.5,6.5,599.0
2019-03-25 12:56:00,6.55,6.55,6.55,6.55,200.0
2019-03-25 13:39:00,6.6,6.6,6.53,6.53,2199.0
2019-03-25 13:40:00,6.61,6.65,6.61,6.65,2580.0
2019-03-25 13:50:00,6.48,6.48,6.48,6.48,100.0
2019-03-25 14:03:00,6.4794,6.4794,6.4794,6.4794,516.0
2019-03-25 14:26:00,6.58,6.59,6.58,6.59,900.0
2019-03-25 14:34:00,6.575,6.575,6.575,6.575,720.0
2019-03-25 14:58:00,6.7645,6.7645,6.625,6.625,600.0
2019-03-25 15:02:00,6.53,6.53,6.53,6.53,146.0
2019-03-25 15:09:00,6.54,6.54,6.54,6.54,100.0
2019-03-25 15:12:00,6.54,6.54,6.54,6.54,300.0
2019-03-25 15:17:00,6.74,6.74,6.74,6.74,100.0
2019-03-25 15:22:00,6.53,6.53,6.53,6.53,204.0
2019-03-25 15:24:00,6.52,6.52,6.52,6.52,400.0
2019-03-25 15:31:00,6.53,6.53,6.53,6.53,100.0
2019-03-25 15:35:00,6.61,6.61,6.61,6.61,246.0
2019-03-25 15:39:00,6.6,6.6,6.6,6.6,176.0
2019-03-25 15:40:00,6.565,6.565,6.565,6.565,13977.0
2019-03-25 15:42:00,6.51,6.51,6.51,6.51,300.0
2019-03-25 15:44:00,6.51,6.51,6.51,6.51,100.0
2019-03-25 15:46:00,6.5,6.5,6.5,6.5,100.0
2019-03-25 15:49:00,6.53,6.6,6.53,6.6,3500.0
2019-03-25 15:50:00,6.64,6.64,6.64,6.64,1080.0
2019-03-25 15:55:00,6.49,6.49,6.49,6.49,100.0
2019-03-25 15:56:00,6.65,6.65,6.65,6.65,100.0
2019-03-25 15:57:00,6.59,6.65,6.59,6.65,0.0
2019-03-25 16:00:00,6.585,6.7,6.585,6.7,273.0
2019-03-26 09:33:00,6.58,6.58,6.58,6.58,0.0
2019-03-26 09:34:00,6.6389,6.6389,6.6389,6.6389,200.0
2019-03-26 09:39:00,6.6551,6.6551,6.63,6.63,503.0
2019-03-26 09:43:00,6.62,6.62,6.62,6.62,213.0
2019-03-26 09:45:00,6.62,6.62,6.62,6.62,100.0
2019-03-26 09:46:00,6.61,6.61,6.61,6.61,100.0
2019-03-26 09:49:00,6.737,6.737,6.737,6.737,701.0
2019-03-26 09:50:00,6.5,6.5,6.5,6.5,200.0
2019-03-26 09:54:00,6.53,6.53,6.53,6.53,100.0
2019-03-26 09:55:00,6.5,6.5,6.5,6.5,1038.0
2019-03-26 10:02:00,6.4425,6.4425,6.4425,6.4425,653.0
2019-03-26 10:15:00,6.4769,6.4769,6.4769,6.4769,1000.0
2019-03-26 10:20:00,6.432,6.432,6.432,6.432,1900.0
2019-03-26 10:27:00,6.6606,6.6606,6.6606,6.6606,500.0
2019-03-26 10:29:00,6.59,6.59,6.59,6.59,2400.0
2019-03-26 10:32:00,6.5,6.5,6.5,6.5,200.0
2019-03-26 10:33:00,6.5,6.5,6.5,6.5,500.0
2019-03-26 10:46:00,6.59,6.59,6.545,6.545,1800.0
2019-03-26 10:57:00,6.53,6.615,6.53,6.615,2220.0
2019-03-26 10:58:00,6.57,6.57,6.57,6.57,1200.0
2019-03-26 10:59:00,6.63,6.63,6.63,6.63,120.0
2019-03-26 11:01:00,6.75,6.75,6.75,6.75,1868.0
2019-03-26 11:03:00,6.75,6.75,6.75,6.75,708.0
2019-03-26 11:10:00,6.7803,6.7803,6.7803,6.7803,1100.0
2019-03-26 11:12:00,6.77,6.77,6.75,6.75,1803.0
2019-03-26 11:24:00,6.76,6.76,6.76,6.76,803.0
2019-03-26 11:41:00,6.72,6.72,6.72,6.72,100.0
2019-03-26 11:51:00,6.8,6.8,6.8,6.8,520.0
2019-03-26 11:53:00,6.7426,6.7426,6.7426,6.7426,500.0
2019-03-26 12:03:00,6.8,6.8,6.8,6.8,480.0
2019-03-26 12:07:00,6.73,6.73,6.73,6.73,100.0
2019-03-26 12:12:00,6.711,6.711,6.711,6.711,300.0
2019-03-26 12:15:00,6.78,6.78,6.78,6.78,0.0
2019-03-26 12:54:00,6.8,6.8,6.8,6.8,164.0
2019-03-26 13:21:00,6.8,6.8,6.8,6.8,100.0
2019-03-26 13:36:00,6.7647,6.7647,6.7647,6.7647,190.0
2019-03-26 13:46:00,6.7661,6.7661,6.7661,6.7661,100.0
2019-03-26 13:48:00,6.8,6.8,6.8,6.8,541.0
2019-03-26 14:00:00,6.78,6.78,6.78,6.78,230.0
2019-03-26 14:06:00,6.76,6.76,6.76,6.76,1198.0
2019-03-26 14:21:00,6.7938,6.7938,6.7938,6.7938,0.0
2019-03-26 14:32:00,6.785,6.785,6.785,6.785,100.0
2019-03-26 14:33:00,6.8,6.8,6.8,6.8,1000.0
2019-03-26 14:44:00,6.84,6.8496,6.84,6.8496,400.0
2019-03-26 14:49:00,6.9,6.9,6.9,6.9,200.0
2019-03-26 14:58:00,6.9,6.9,6.9,6.9,102.0
2019-03-26 15:12:00,6.8681,6.8681,6.8681,6.8681,512.0
2019-03-26 15:15:00,6.86,6.885,6.86,6.885,1600.0
2019-03-26 15:20:00,6.8523,6.8523,6.85,6.85,1562.0
2019-03-26 15:32:00,6.76,6.8925,6.76,6.8925,600.0
2019-03-26 15:39:00,6.89,6.93,6.89,6.93,6140.0
2019-03-26 15:46:00,6.79,6.79,6.79,6.79,100.0
2019-03-26 15:48:00,6.79,6.79,6.79,6.79,100.0
2019-03-26 15:49:00,6.84,6.84,6.84,6.84,102.0
2019-03-26 15:52:00,6.79,6.79,6.79,6.79,100.0
2019-03-26 15:57:00,6.9,6.9,6.9,6.9,0.0
2019-03-26 16:00:00,6.77,6.9,6.77,6.9,351.0
2019-03-27 09:42:00,6.79,6.79,6.79,6.79,0.0
2019-03-27 09:47:00,6.78,6.78,6.771,6.771,370.0
2019-03-27 10:18:00,6.79,6.79,6.79,6.79,1333.0
2019-03-27 10:19:00,6.77,6.77,6.77,6.77,200.0
2019-03-27 10:37:00,6.63,6.63,6.63,6.63,100.0
2019-03-27 10:39:00,6.74,6.74,6.74,6.74,100.0
2019-03-27 10:47:00,6.66,6.66,6.65,6.65,367.0
2019-03-27 10:51:00,6.64,6.64,6.64,6.64,100.0
2019-03-27 10:52:00,6.64,6.64,6.64,6.64,200.0
2019-03-27 10:53:00,6.73,6.75,6.695,6.75,1000.0
2019-03-27 11:01:00,6.65,6.65,6.65,6.65,101.0
2019-03-27 11:04:00,6.64,6.64,6.64,6.64,100.0
2019-03-27 11:08:00,6.65,6.65,6.65,6.65,100.0
2019-03-27 11:11:00,6.65,6.65,6.65,6.65,100.0
2019-03-27 11:15:00,6.65,6.65,6.65,6.65,100.0
2019-03-27 11:19:00,6.65,6.65,6.64,6.64,200.0
2019-03-27 11:20:00,6.6129,6.6129,6.6129,6.6129,200.0
2019-03-27 11:23:00,6.6,6.6,6.6,6.6,100.0
2019-03-27 11:27:00,6.58,6.58,6.58,6.58,100.0
2019-03-27 11:29:00,6.665,6.665,6.665,6.665,100.0
2019-03-27 11:30:00,6.59,6.665,6.59,6.665,200.0
2019-03-27 11:35:00,6.6,6.6,6.6,6.6,100.0
2019-03-27 11:38:00,6.66,6.75,6.66,6.74,4700.0
2019-03-27 11:45:00,6.79,6.79,6.79,6.79,100.0
2019-03-27 11:52:00,6.62,6.62,6.62,6.62,100.0
2019-03-27 11:56:00,6.62,6.62,6.62,6.62,100.0
2019-03-27 12:01:00,6.62,6.62,6.62,6.62,100.0
2019-03-27 12:06:00,6.62,6.62,6.62,6.62,200.0
2019-03-27 12:10:00,6.6732,6.6732,6.65,6.65,400.0
2019-03-27 12:11:00,6.65,6.65,6.65,6.65,100.0
2019-03-27 12:17:00,6.65,6.65,6.65,6.65,100.0
2019-03-27 12:19:00,6.65,6.65,6.65,6.65,200.0
2019-03-27 12:21:00,6.65,6.65,6.65,6.65,100.0
2019-03-27 12:23:00,6.65,6.65,6.65,6.65,100.0
2019-03-27 12:26:00,6.65,6.65,6.65,6.65,100.0
2019-03-27 12:28:00,6.66,6.66,6.66,6.66,100.0
2019-03-27 12:30:00,6.65,6.65,6.65,6.65,100.0
2019-03-27 12:32:00,6.66,6.66,6.66,6.66,100.0
2019-03-27 12:34:00,6.66,6.66,6.66,6.66,100.0
2019-03-27 12:37:00,6.66,6.66,6.66,6.66,100.0
2019-03-27 12:39:00,6.65,6.65,6.65,6.65,100.0
2019-03-27 12:41:00,6.64,6.64,6.64,6.64,100.0
2019-03-27 12:43:00,6.63,6.63,6.63,6.63,100.0
2019-03-27 12:46:00,6.63,6.63,6.63,6.63,100.0
2019-03-27 12:48:00,6.58,6.88,6.58,6.61,5800.0
2019-03-27 12:50:00,6.725,6.725,6.725,6.725,100.0
2019-03-27 12:52:00,6.735,6.735,6.735,6.735,100.0
2019-03-27 12:55:00,6.695,6.695,6.695,6.695,100.0
2019-03-27 12:57:00,6.705,6.705,6.705,6.705,100.0
2019-03-27 12:59:00,6.705,6.705,6.705,6.705,100.0
2019-03-27 13:02:00,6.68,6.68,6.67,6.67,200.0
2019-03-27 13:03:00,6.76,6.76,6.76,6.76,289.0
2019-03-27 13:04:00,6.75,6.76,6.75,6.76,1020.0
2019-03-27 13:05:00,6.7453,6.7453,6.7453,6.7453,250.0
2019-03-27 13:06:00,6.67,6.67,6.67,6.67,100.0
2019-03-27 13:09:00,6.67,6.67,6.67,6.67,100.0
2019-03-27 13:11:00,6.67,6.67,6.67,6.67,100.0
2019-03-27 13:14:00,6.67,6.67,6.67,6.67,100.0
2019-03-27 13:16:00,6.67,6.67,6.67,6.67,100.0
2019-03-27 13:19:00,6.67,6.67,6.67,6.67,100.0
2019-03-27 13:22:00,6.67,6.67,6.67,6.67,100.0
2019-03-27 13:25:00,6.67,6.67,6.67,6.67,100.0
2019-03-27 13:28:00,6.68,6.7,6.67,6.7,700.0
2019-03-27 13:29:00,6.76,6.76,6.76,6.76,100.0
2019-03-27 13:31:00,6.67,6.67,6.67,6.67,100.0
2019-03-27 13:34:00,6.67,6.67,6.67,6.67,200.0
2019-03-27 13:37:00,6.67,6.67,6.67,6.67,100.0
2019-03-27 13:41:00,6.67,6.67,6.67,6.67,100.0
2019-03-27 13:44:00,6.67,6.67,6.67,6.67,100.0
2019-03-27 13:47:00,6.67,6.67,6.67,6.67,100.0
2019-03-27 13:50:00,6.68,6.68,6.68,6.68,100.0
2019-03-27 13:53:00,6.68,6.68,6.68,6.68,100.0
2019-03-27 13:56:00,6.68,6.68,6.68,6.68,100.0
2019-03-27 13:58:00,6.67,6.68,6.67,6.68,200.0
2019-03-27 14:01:00,6.67,6.67,6.67,6.67,100.0
2019-03-27 14:04:00,6.635,6.635,6.57,6.57,200.0
2019-03-27 14:07:00,6.55,6.55,6.55,6.55,100.0
2019-03-27 14:10:00,6.55,6.55,6.55,6.55,100.0
2019-03-27 14:13:00,6.55,6.55,6.55,6.55,100.0
2019-03-27 14:15:00,6.6,6.6,6.6,6.6,100.0
2019-03-27 14:18:00,6.6,6.6,6.6,6.6,100.0
2019-03-27 14:21:00,6.6,6.6,6.6,6.6,100.0
2019-03-27 14:24:00,6.6,6.6,6.6,6.6,100.0
2019-03-27 14:47:00,6.6,6.6,6.6,6.6,100.0
2019-03-27 14:57:00,6.66,6.73,6.66,6.73,994.0
2019-03-27 15:03:00,6.73,6.73,6.73,6.73,162.0
2019-03-27 15:14:00,6.81,6.81,6.81,6.81,200.0
2019-03-27 15:35:00,6.88,6.88,6.88,6.88,100.0
2019-03-27 15:37:00,6.7603,6.7603,6.7603,6.7603,200.0
2019-03-27 15:49:00,6.8,6.8,6.8,6.8,100.0
2019-03-27 15:53:00,6.8,6.89,6.75,6.88,2072.0
2019-03-28 09:31:00,6.73,6.73,6.73,6.73,554.0
2019-03-28 09:49:00,6.5697,6.5697,6.5697,6.5697,100.0
2019-03-28 09:50:00,6.6123,6.6123,6.6123,6.6123,200.0
2019-03-28 09:51:00,6.7,6.7,6.7,6.7,600.0
2019-03-28 09:54:00,6.7,6.7,6.6,6.6,1000.0
2019-03-28 09:56:00,6.65,6.7,6.65,6.67,1100.0
2019-03-28 09:59:00,6.7141,6.7141,6.68,6.68,1268.0
2019-03-28 10:15:00,6.7724,6.7724,6.75,6.75,575.0
2019-03-28 10:16:00,6.741,6.741,6.74,6.74,1200.0
2019-03-28 10:20:00,6.7701,6.7701,6.77,6.77,680.0
2019-03-28 10:21:00,6.76,6.761,6.75,6.75,1730.0
2019-03-28 10:39:00,6.75,6.8,6.75,6.75,1480.0
2019-03-28 10:47:00,6.8001,6.8001,6.72,6.72,480.0
2019-03-28 11:06:00,6.78,6.78,6.7,6.74,2628.0
2019-03-28 11:07:00,6.71,6.71,6.71,6.71,558.0
2019-03-28 11:16:00,6.7229,6.7229,6.71,6.71,500.0
2019-03-28 11:17:00,6.7473,6.75,6.71,6.71,1100.0
2019-03-28 11:26:00,6.7473,6.75,6.7473,6.75,370.0
2019-03-28 11:38:00,6.7302,6.7302,6.7302,6.7302,105.0
2019-03-28 11:54:00,6.75,6.75,6.73,6.75,1571.0
2019-03-28 12:20:00,6.75,6.75,6.75,6.75,3010.0
2019-03-28 12:57:00,6.75,6.75,6.75,6.75,240.0
2019-03-28 13:02:00,6.77,6.77,6.77,6.77,260.0
2019-03-28 13:07:00,6.75,6.75,6.72,6.72,1271.0
2019-03-28 13:47:00,6.7229,6.7229,6.7229,6.7229,418.0
2019-03-28 13:48:00,6.71,6.7301,6.71,6.7201,871.0
2019-03-28 14:01:00,6.7005,6.7005,6.7005,6.7005,200.0
2019-03-28 14:05:00,6.7,6.7,6.7,6.7,305.0
2019-03-28 14:25:00,6.7,6.7,6.7,6.7,1120.0
2019-03-28 14:32:00,6.74,6.74,6.74,6.74,106.0
2019-03-28 14:59:00,6.7499,6.75,6.74,6.74,1220.0
2019-03-28 15:00:00,6.745,6.79,6.7432,6.75,2800.0
2019-03-28 15:02:00,6.76,6.8,6.74,6.8,3399.0
2019-03-28 15:03:00,6.75,6.75,6.75,6.75,201.0
2019-03-28 15:04:00,6.745,6.75,6.745,6.75,1249.0
2019-03-28 15:05:00,6.75,6.75,6.75,6.75,350.0
2019-03-28 15:25:00,6.74,6.785,6.74,6.785,500.0
2019-03-28 15:26:00,6.72,6.75,6.72,6.75,200.0
2019-03-28 15:28:00,6.75,6.75,6.75,6.75,515.0
2019-03-28 15:52:00,6.759,6.759,6.7575,6.7575,601.0
2019-03-28 16:00:00,6.75,6.75,6.745,6.75,0.0
2019-03-29 09:43:00,6.75,6.7862,6.75,6.7862,301.0
2019-03-29 09:49:00,6.66,6.66,6.66,6.66,101.0
2019-03-29 09:52:00,6.66,6.66,6.66,6.66,200.0
2019-03-29 09:54:00,6.66,6.66,6.66,6.66,300.0
2019-03-29 10:12:00,6.7167,6.7167,6.7167,6.7167,200.0
2019-03-29 10:13:00,6.65,6.65,6.65,6.65,100.0
2019-03-29 10:20:00,6.7425,6.7425,6.7425,6.7425,500.0
2019-03-29 10:21:00,6.71,6.71,6.71,6.71,1313.0
2019-03-29 10:33:00,6.71,6.71,6.71,6.71,300.0
2019-03-29 10:41:00,6.75,6.75,6.75,6.75,200.0
2019-03-29 10:42:00,6.75,6.75,6.75,6.75,700.0
2019-03-29 10:45:00,6.75,6.75,6.75,6.75,1225.0
2019-03-29 10:47:00,6.75,6.75,6.75,6.75,100.0
2019-03-29 10:49:00,6.75,6.75,6.75,6.75,300.0
2019-03-29 10:51:00,6.75,6.75,6.75,6.75,100.0
2019-03-29 10:54:00,6.75,6.75,6.75,6.75,100.0
2019-03-29 10:56:00,6.75,6.75,6.75,6.75,100.0
2019-03-29 10:58:00,6.72,6.72,6.72,6.72,100.0
2019-03-29 11:02:00,6.71,6.71,6.71,6.71,200.0
2019-03-29 11:04:00,6.71,6.71,6.71,6.71,100.0
2019-03-29 11:08:00,6.7,6.7,6.7,6.7,200.0
2019-03-29 11:10:00,6.67,6.67,6.67,6.67,500.0
2019-03-29 11:12:00,6.67,6.67,6.67,6.67,200.0
2019-03-29 11:40:00,6.7112,6.7112,6.7112,6.7112,400.0
2019-03-29 11:41:00,6.66,6.66,6.66,6.66,600.0
2019-03-29 11:44:00,6.71,6.71,6.7,6.7,1200.0
2019-03-29 11:51:00,6.7,6.7,6.7,6.7,100.0
2019-03-29 11:53:00,6.7,6.7,6.7,6.7,400.0
2019-03-29 11:58:00,6.65,6.65,6.65,6.65,200.0
2019-03-29 12:03:00,6.65,6.65,6.65,6.65,200.0
2019-03-29 12:09:00,6.6875,6.6875,6.6875,6.6875,100.0
2019-03-29 12:10:00,6.61,6.61,6.61,6.61,1249.0
2019-03-29 12:42:00,6.6,6.6,6.6,6.6,100.0
2019-03-29 13:12:00,6.66,6.67,6.66,6.67,884.0
2019-03-29 13:24:00,6.67,6.67,6.67,6.67,100.0
2019-03-29 13:28:00,6.67,6.67,6.67,6.67,100.0
2019-03-29 13:31:00,6.71,6.71,6.71,6.71,100.0
2019-03-29 13:33:00,6.67,6.67,6.67,6.67,100.0
2019-03-29 13:37:00,6.67,6.67,6.67,6.67,100.0
2019-03-29 13:44:00,6.67,6.67,6.67,6.67,100.0
2019-03-29 13:48:00,6.67,6.67,6.67,6.67,100.0
2019-03-29 13:51:00,6.69,6.69,6.69,6.69,100.0
2019-03-29 13:52:00,6.67,6.67,6.67,6.67,500.0
2019-03-29 13:53:00,6.7,6.7,6.7,6.7,500.0
2019-03-29 14:02:00,6.7073,6.7073,6.7,6.7,1113.0
2019-03-29 14:05:00,6.755,6.755,6.755,6.755,103.0
2019-03-29 14:16:00,6.67,6.67,6.67,6.67,1195.0
2019-03-29 14:22:00,6.66,6.66,6.66,6.66,200.0
2019-03-29 14:26:00,6.66,6.66,6.66,6.66,100.0
2019-03-29 14:32:00,6.67,6.67,6.67,6.67,200.0
2019-03-29 14:36:00,6.67,6.67,6.67,6.67,100.0
2019-03-29 14:39:00,6.67,6.67,6.67,6.67,100.0
2019-03-29 14:47:00,6.68,6.68,6.68,6.68,200.0
2019-03-29 14:50:00,6.68,6.68,6.68,6.68,100.0
2019-03-29 14:54:00,6.68,6.68,6.68,6.68,100.0
2019-03-29 14:57:00,6.68,6.68,6.68,6.68,100.0
2019-03-29 15:02:00,6.66,6.66,6.66,6.66,200.0
2019-03-29 15:05:00,6.65,6.65,6.65,6.65,150.0
2019-03-29 15:16:00,6.74,6.74,6.74,6.74,100.0
2019-03-29 15:21:00,6.69,6.69,6.69,6.69,192.0
2019-03-29 15:24:00,6.75,6.75,6.75,6.75,106.0
2019-03-29 15:40:00,6.71,6.71,6.71,6.71,200.0
2019-03-29 15:53:00,6.7201,6.7201,6.7201,6.7201,166.0
2019-03-29 15:55:00,6.7266,6.7266,6.7266,6.7266,245.0
2019-04-01 09:31:00,6.69,6.69,6.69,6.69,523.0
2019-04-01 10:03:00,6.92,7.0,6.92,7.0,1999.0
2019-04-01 10:09:00,7.16,7.16,7.16,7.16,100.0
2019-04-01 10:10:00,7.1,7.1,7.1,7.1,200.0
2019-04-01 10:11:00,7.0601,7.0601,7.0601,7.0601,594.0
2019-04-01 10:16:00,7.04,7.04,7.04,7.04,1342.0
2019-04-01 10:19:00,7.12,7.12,7.12,7.12,1900.0
2019-04-01 10:20:00,7.09,7.09,7.09,7.09,801.0
2019-04-01 10:23:00,7.08,7.08,7.08,7.08,1945.0
2019-04-01 10:36:00,7.06,7.06,7.06,7.06,265.0
2019-04-01 10:39:00,7.085,7.085,7.085,7.085,184.0
2019-04-01 10:59:00,7.07,7.07,7.07,7.07,500.0
2019-04-01 11:01:00,7.05,7.05,7.05,7.05,100.0
2019-04-01 11:05:00,7.04,7.04,7.04,7.04,100.0
2019-04-01 11:06:00,7.01,7.01,7.01,7.01,200.0
2019-04-01 11:07:00,7.01,7.01,7.01,7.01,100.0
2019-04-01 11:12:00,7.0,7.0,7.0,7.0,554.0
2019-04-01 11:13:00,6.93,6.93,6.93,6.93,275.0
2019-04-01 11:20:00,6.83,6.83,6.83,6.83,3707.0
2019-04-01 11:22:00,6.82,6.82,6.82,6.82,1120.0
2019-04-01 11:36:00,6.87,6.87,6.87,6.87,218.0
2019-04-01 11:37:00,6.9,6.9,6.9,6.9,910.0
2019-04-01 11:59:00,6.91,6.91,6.91,6.91,100.0
2019-04-01 12:04:00,7.0754,7.0754,7.0754,7.0754,186.0
2019-04-01 12:25:00,7.08,7.08,7.08,7.08,100.0
2019-04-01 12:39:00,6.9508,6.9508,6.9508,6.9508,503.0
2019-04-01 13:08:00,7.04,7.04,7.04,7.04,100.0
2019-04-01 13:09:00,7.09,7.09,7.09,7.09,100.0
2019-04-01 13:12:00,7.02,7.02,7.02,7.02,300.0
2019-04-01 13:14:00,7.02,7.02,7.02,7.02,100.0
2019-04-01 13:15:00,7.02,7.02,7.02,7.02,124.0
2019-04-01 13:17:00,7.01,7.01,7.01,7.01,100.0
2019-04-01 13:21:00,6.96,6.96,6.96,6.96,524.0
2019-04-01 13:54:00,7.0,7.0,7.0,7.0,233.0
2019-04-01 14:14:00,7.0679,7.0679,7.0679,7.0679,1000.0
2019-04-01 14:15:00,6.97,6.97,6.97,6.97,100.0
2019-04-01 14:16:00,6.95,6.95,6.95,6.95,229.0
2019-04-01 14:30:00,6.8906,6.8906,6.8906,6.8906,113.0
2019-04-01 14:40:00,6.94,6.95,6.94,6.95,482.0
2019-04-01 14:52:00,6.92,6.92,6.92,6.92,100.0
2019-04-01 15:28:00,6.9107,6.9107,6.9107,6.9107,100.0
2019-04-01 15:30:00,6.9,6.9,6.88,6.88,4600.0
2019-04-01 15:32:00,6.94,6.94,6.94,6.94,2220.0
2019-04-01 15:34:00,6.94,6.94,6.94,6.94,200.0
2019-04-01 15:44:00,7.0,7.0,7.0,7.0,233.0
2019-04-02 09:51:00,6.8546,6.99,6.8546,6.99,0.0
2019-04-02 09:58:00,6.8001,6.8001,6.8001,6.8001,800.0
2019-04-02 10:01:00,6.94,6.94,6.81,6.81,534.0
2019-04-02 10:21:00,6.95,6.95,6.95,6.95,2104.0
2019-04-02 10:22:00,6.95,6.95,6.95,6.95,574.0
2019-04-02 11:05:00,6.9709,6.9709,6.9709,6.9709,2626.0
2019-04-02 11:06:00,7.09,7.1,7.09,7.1,802.0
2019-04-02 11:49:00,7.0609,7.064,7.0,7.0,4725.0
2019-04-02 12:02:00,7.16,7.16,7.16,7.16,100.0
2019-04-02 12:12:00,7.1154,7.1154,7.1154,7.1154,1333.0
2019-04-02 12:20:00,7.24,7.24,7.24,7.24,200.0
2019-04-02 12:27:00,7.15,7.15,7.15,7.15,100.0
2019-04-02 12:30:00,7.15,7.15,7.15,7.15,100.0
2019-04-02 12:37:00,7.1245,7.1245,7.1245,7.1245,100.0
2019-04-02 12:38:00,7.1,7.1,7.1,7.1,166.0
2019-04-02 12:41:00,7.1052,7.1052,7.1052,7.1052,900.0
2019-04-02 12:42:00,7.1089,7.1089,7.1089,7.1089,1000.0
2019-04-02 12:49:00,7.1067,7.1067,7.08,7.08,400.0
2019-04-02 12:52:00,7.1043,7.1043,7.08,7.08,4250.0
2019-04-02 13:19:00,7.1026,7.1026,7.1026,7.1026,200.0
2019-04-02 13:34:00,7.1,7.1,7.1,7.1,500.0
2019-04-02 13:37:00,7.13,7.13,7.13,7.13,792.0
2019-04-02 13:41:00,7.15,7.15,7.15,7.15,100.0
2019-04-02 13:45:00,7.14,7.15,7.14,7.15,550.0
2019-04-02 13:55:00,7.2499,7.2499,7.23,7.23,2303.0
2019-04-02 14:29:00,7.21,7.21,7.21,7.21,333.0
2019-04-02 14:30:00,7.18,7.18,7.18,7.18,422.0
2019-04-02 14:56:00,7.25,7.25,7.25,7.25,100.0
2019-04-02 14:59:00,7.2415,7.2415,7.2415,7.2415,1005.0
2019-04-02 15:00:00,7.25,7.25,7.25,7.25,1100.0
2019-04-02 15:01:00,7.26,7.26,7.26,7.26,1301.0
2019-04-02 15:02:00,7.27,7.27,7.23,7.23,2035.0
2019-04-02 15:35:00,7.25,7.25,7.25,7.25,260.0
2019-04-02 15:57:00,7.2,7.2,7.2,7.2,2139.0
2019-04-03 10:29:00,7.1338,7.1338,7.1338,7.1338,0.0
2019-04-03 10:48:00,7.2,7.2,7.2,7.2,121.0
2019-04-03 11:19:00,7.2,7.2,7.2,7.2,200.0
2019-04-03 11:33:00,7.24,7.25,7.24,7.25,1060.0
2019-04-03 11:34:00,7.25,7.25,7.25,7.25,246.0
2019-04-03 11:43:00,7.2007,7.2007,7.2007,7.2007,1100.0
2019-04-03 11:44:00,7.26,7.26,7.26,7.26,500.0
2019-04-03 11:50:00,7.4,7.4,7.4,7.4,313.0
2019-04-03 12:07:00,7.4,7.4,7.4,7.4,100.0
2019-04-03 12:55:00,7.4,7.4,7.4,7.4,101.0
2019-04-03 13:13:00,7.3999,7.3999,7.3999,7.3999,146.0
2019-04-03 13:22:00,7.3999,7.3999,7.3999,7.3999,488.0
2019-04-03 13:29:00,7.4,7.4,7.4,7.4,1136.0
2019-04-03 14:00:00,7.49,7.49,7.49,7.49,100.0
2019-04-03 14:04:00,7.4999,7.4999,7.43,7.43,1300.0
2019-04-03 14:17:00,7.495,7.495,7.495,7.495,400.0
2019-04-03 14:36:00,7.4999,7.4999,7.4999,7.4999,152.0
2019-04-03 14:43:00,7.4201,7.4201,7.4201,7.4201,260.0
2019-04-03 14:54:00,7.499,7.499,7.45,7.45,4800.0
2019-04-03 15:04:00,7.4539,7.4539,7.4539,7.4539,213.0
2019-04-03 15:11:00,7.475,7.475,7.475,7.475,100.0
2019-04-03 15:17:00,7.4724,7.4724,7.4724,7.4724,500.0
2019-04-03 15:29:00,7.5,7.5,7.5,7.5,100.0
2019-04-03 15:45:00,7.5,7.5,7.5,7.5,200.0
2019-04-03 15:46:00,7.495,7.495,7.495,7.495,829.0
2019-04-03 15:47:00,7.48,7.48,7.48,7.48,795.0
