
2019-03-19 09:31:00,41.31,41.31,41.31,41.31,0.0
2019-03-19 10:00:00,40.99,40.99,40.99,40.99,207.0
2019-03-19 10:06:00,41.13,41.13,41.13,41.13,726.0
2019-03-19 10:12:00,40.96,40.96,40.96,40.96,145.0
2019-03-19 10:59:00,40.615,40.615,40.615,40.615,212.0
2019-03-19 11:07:00,40.8664,40.8664,40.8664,40.8664,584.0
2019-03-19 13:01:00,40.785,40.785,40.785,40.785,309.0
2019-03-19 14:57:00,40.78,40.785,40.78,40.785,210.0
2019-03-19 15:01:00,40.86,40.86,40.78,40.78,509.0
2019-03-19 15:09:00,40.9888,40.9888,40.9888,40.9888,111.0
2019-03-19 15:29:00,40.98,40.98,40.98,40.98,975.0
2019-03-19 15:43:00,40.72,40.72,40.72,40.72,276.0
2019-03-19 16:00:00,41.01,41.14,41.01,41.14,530.0
2019-03-20 13:06:00,40.82,40.82,40.82,40.82,0.0
2019-03-20 13:38:00,41.17,41.17,41.17,41.17,121.0
2019-03-20 13:47:00,41.18,41.18,41.18,41.18,100.0
2019-03-20 13:53:00,41.22,41.22,41.22,41.22,184.0
2019-03-20 14:01:00,41.38,41.38,41.22,41.22,486.0
2019-03-20 14:11:00,41.47,41.49,41.47,41.49,286.0
2019-03-20 14:39:00,41.59,41.61,41.59,41.61,216.0
2019-03-20 14:47:00,41.62,41.62,41.62,41.62,164.0
2019-03-20 15:05:00,41.52,41.61,41.42,41.61,1216.0
2019-03-20 15:23:00,41.49,41.49,41.45,41.46,500.0
2019-03-20 15:27:00,41.45,41.45,41.45,41.45,664.0
2019-03-20 15:51:00,41.08,41.08,41.08,41.08,195.0
2019-03-21 09:31:00,41.09,41.09,41.09,41.09,0.0
2019-03-21 09:54:00,41.09,41.09,41.09,41.09,216.0
2019-03-21 10:16:00,40.92,40.92,40.92,40.92,260.0
2019-03-21 10:21:00,40.92,40.92,40.92,40.92,200.0
2019-03-21 10:22:00,40.93,40.93,40.93,40.93,285.0
2019-03-21 10:31:00,40.93,40.93,40.93,40.93,933.0
2019-03-21 11:05:00,41.71,41.71,41.71,41.71,216.0
2019-03-21 11:12:00,41.7,41.71,41.7,41.71,567.0
2019-03-21 11:54:00,41.73,41.73,41.73,41.73,129.0
2019-03-21 12:00:00,41.55,41.55,41.55,41.55,491.0
2019-03-21 12:11:00,41.6727,41.6727,41.6727,41.6727,130.0
2019-03-21 12:23:00,41.75,41.75,41.75,41.75,233.0
2019-03-21 13:37:00,41.54,41.57,41.54,41.57,1809.0
2019-03-21 13:38:00,41.57,41.57,41.57,41.57,420.0
2019-03-21 13:40:00,41.57,41.57,41.57,41.57,158.0
2019-03-21 13:49:00,41.57,41.57,41.57,41.57,378.0
2019-03-21 13:58:00,41.57,41.57,41.57,41.57,200.0
2019-03-21 14:01:00,41.57,41.57,41.57,41.57,273.0
2019-03-21 14:10:00,41.57,41.57,41.57,41.57,300.0
2019-03-21 14:31:00,41.06,41.54,41.06,41.54,3179.0
2019-03-21 14:52:00,41.39,41.39,41.39,41.39,133.0
2019-03-21 14:57:00,41.39,41.39,41.39,41.39,263.0
2019-03-21 15:56:00,41.47,41.47,41.47,41.47,259.0
2019-03-22 09:43:00,41.67,41.67,41.67,41.67,140.0
2019-03-22 09:44:00,41.165,41.165,41.165,41.165,103.0
2019-03-22 10:00:00,41.16,41.16,41.16,41.16,316.0
2019-03-22 11:20:00,40.86,40.86,40.86,40.86,116.0
2019-03-22 11:44:00,40.69,40.69,40.69,40.69,107.0
2019-03-22 11:58:00,40.61,40.61,40.61,40.61,105.0
2019-03-22 12:09:00,40.53,40.53,40.53,40.53,474.0
2019-03-22 12:44:00,40.36,40.5,40.36,40.5,289.0
2019-03-22 13:04:00,40.46,40.46,40.46,40.46,101.0
2019-03-22 13:40:00,40.49,40.49,40.49,40.49,436.0
2019-03-22 14:34:00,40.54,40.54,40.54,40.54,409.0
2019-03-22 15:01:00,40.55,40.73,40.55,40.73,296.0
2019-03-22 15:05:00,40.73,40.73,40.73,40.73,201.0
2019-03-22 15:18:00,40.69,40.7,40.69,40.7,399.0
2019-03-25 15:53:00,40.33,40.33,40.33,40.33,156.0
2019-03-25 15:55:00,40.51,40.51,40.51,40.51,201.0
2019-03-25 15:57:00,40.75,40.75,40.75,40.75,437.0
2019-03-25 16:00:00,40.75,40.75,40.75,40.75,726.0
2019-03-26 10:28:00,40.77,40.77,40.77,40.77,200.0
2019-03-26 10:36:00,40.595,40.595,40.595,40.595,135.0
2019-03-26 14:34:00,40.635,40.635,40.635,40.635,1019.0
2019-03-26 15:26:00,40.71,40.71,40.71,40.71,411.0
2019-03-26 15:30:00,40.71,40.71,40.71,40.71,466.0
2019-03-26 15:31:00,40.67,40.67,40.67,40.67,222.0
2019-03-26 15:41:00,40.54,40.54,40.54,40.54,103.0
2019-03-26 15:48:00,40.48,40.48,40.48,40.48,787.0
2019-03-26 16:00:00,40.62,40.84,40.62,40.84,0.0
2019-03-27 09:31:00,40.85,40.85,40.85,40.85,362.0
2019-03-27 11:39:00,40.85,40.85,40.85,40.85,300.0
2019-03-27 11:56:00,40.79,40.79,40.79,40.79,201.0
2019-03-27 12:21:00,40.76,40.76,40.76,40.76,383.0
2019-03-27 12:30:00,40.76,40.76,40.76,40.76,0.0
2019-03-27 12:45:00,40.9337,40.9337,40.9337,40.9337,268.0
2019-03-27 14:12:00,41.41,41.41,41.41,41.41,200.0
2019-03-27 14:22:00,41.39,41.39,41.39,41.39,600.0
2019-03-27 14:31:00,41.4,41.4,41.4,41.4,401.0
2019-03-27 14:37:00,41.65,41.65,41.65,41.65,466.0
2019-03-27 14:38:00,41.68,41.68,41.68,41.68,666.0
2019-03-27 14:47:00,41.66,41.66,41.66,41.66,100.0
2019-03-27 15:00:00,41.58,41.58,41.58,41.58,100.0
2019-03-27 15:07:00,41.54,41.54,41.54,41.54,200.0
2019-03-27 15:12:00,41.53,41.53,41.53,41.53,100.0
2019-03-27 15:28:00,41.52,41.52,41.52,41.52,384.0
2019-03-27 15:29:00,41.56,41.56,41.56,41.56,317.0
2019-03-27 16:00:00,41.39,41.39,41.3,41.3,0.0
2019-03-28 10:27:00,41.9,41.9,41.9,41.9,0.0
2019-03-28 10:29:00,41.89,41.89,41.89,41.89,188.0
2019-03-28 10:47:00,41.885,41.89,41.885,41.89,407.0
2019-03-28 10:51:00,41.58,41.58,41.58,41.58,207.0
2019-03-28 10:59:00,41.5,41.5,41.5,41.5,193.0
2019-03-28 11:02:00,41.54,41.54,41.54,41.54,414.0
2019-03-28 11:20:00,41.44,41.44,41.44,41.44,393.0
2019-03-28 11:27:00,41.45,41.45,41.45,41.45,101.0
2019-03-28 11:39:00,41.52,41.52,41.52,41.52,320.0
2019-03-28 14:53:00,41.74,41.74,41.74,41.74,113.0
2019-03-28 15:03:00,41.79,41.86,41.79,41.86,214.0
2019-03-28 15:23:00,41.86,41.86,41.86,41.86,300.0
2019-03-28 15:28:00,41.86,41.86,41.86,41.86,403.0
2019-03-28 15:29:00,41.86,41.86,41.86,41.86,593.0
2019-03-29 11:47:00,41.69,41.69,41.69,41.69,652.0
2019-03-29 12:09:00,41.61,41.61,41.61,41.61,212.0
2019-03-29 12:22:00,41.69,41.69,41.69,41.69,279.0
2019-03-29 12:25:00,41.75,41.75,41.75,41.75,1246.0
2019-03-29 12:28:00,41.75,41.75,41.75,41.75,1596.0
2019-03-29 12:38:00,41.745,41.745,41.745,41.745,151.0
2019-03-29 12:43:00,41.74,41.74,41.74,41.74,300.0
2019-03-29 12:44:00,41.73,41.73,41.66,41.66,453.0
2019-03-29 12:45:00,41.655,41.655,41.655,41.655,863.0
2019-03-29 12:47:00,41.54,41.54,41.54,41.54,111.0
2019-03-29 13:19:00,41.58,41.58,41.58,41.58,100.0
2019-03-29 13:20:00,41.56,41.56,41.56,41.56,200.0
2019-03-29 13:22:00,41.52,41.52,41.52,41.52,100.0
2019-03-29 13:47:00,41.52,41.52,41.51,41.51,240.0
2019-03-29 14:59:00,41.705,41.705,41.705,41.705,178.0
2019-03-29 15:31:00,41.7,41.7,41.58,41.58,525.0
2019-03-29 16:00:00,41.64,41.64,41.64,41.64,160.0
2019-04-01 10:52:00,42.09,42.09,42.09,42.09,0.0
2019-04-01 11:15:00,42.02,42.02,42.02,42.02,344.0
2019-04-01 12:48:00,42.1,42.1,42.1,42.1,204.0
2019-04-01 12:55:00,42.0,42.0,42.0,42.0,636.0
2019-04-01 13:18:00,42.0,42.0,42.0,42.0,157.0
2019-04-01 13:31:00,42.0,42.0,42.0,42.0,100.0
2019-04-01 13:37:00,42.0,42.0,42.0,42.0,239.0
2019-04-01 14:00:00,42.0,42.0,42.0,42.0,100.0
2019-04-01 14:08:00,42.0,42.0,42.0,42.0,260.0
2019-04-01 14:21:00,42.0,42.0,42.0,42.0,916.0
2019-04-01 14:28:00,42.0,42.0,42.0,42.0,159.0
2019-04-01 14:35:00,42.0,42.0,42.0,42.0,980.0
2019-04-01 14:37:00,42.0963,42.0963,42.0963,42.0963,1855.0
2019-04-01 15:05:00,41.99,41.99,41.99,41.99,1100.0
2019-04-01 15:08:00,42.0,42.0,42.0,42.0,300.0
2019-04-01 15:13:00,42.0,42.0,42.0,42.0,100.0
2019-04-01 15:16:00,42.0,42.0,42.0,42.0,300.0
2019-04-01 15:19:00,42.0,42.0,42.0,42.0,204.0
2019-04-01 15:28:00,42.0,42.0,42.0,42.0,100.0
2019-04-01 15:29:00,42.0,42.0,42.0,42.0,140.0
2019-04-01 15:34:00,42.0,42.0,41.96,41.96,331.0
2019-04-01 15:42:00,41.89,41.89,41.89,41.89,100.0
2019-04-01 15:43:00,41.88,41.88,41.88,41.88,300.0
2019-04-01 15:52:00,41.96,42.0,41.96,42.0,267.0
2019-04-01 15:54:00,42.0,42.0,42.0,42.0,470.0
2019-04-01 15:57:00,42.0,42.0,42.0,42.0,248.0
2019-04-01 16:00:00,41.955,41.955,41.955,41.955,188.0
2019-04-02 14:11:00,42.08,42.08,42.08,42.08,555.0
2019-04-02 14:16:00,42.04,42.04,42.04,42.04,0.0
2019-04-02 14:53:00,42.04,42.04,42.04,42.04,761.0
2019-04-02 15:29:00,42.08,42.08,42.08,42.08,100.0
2019-04-02 15:30:00,42.1184,42.1184,42.1184,42.1184,110.0
2019-04-02 15:40:00,42.12,42.12,42.12,42.12,102.0
2019-04-02 15:43:00,42.08,42.08,42.02,42.02,1235.0
