
2019-03-18 09:31:00,8.21,8.21,8.21,8.21,492.0
2019-03-18 09:37:00,8.15,8.15,8.15,8.15,165.0
2019-03-18 09:43:00,8.12,8.12,8.12,8.12,3262.0
2019-03-18 09:44:00,8.21,8.37,8.21,8.37,3042.0
2019-03-18 09:48:00,8.28,8.28,8.28,8.28,160.0
2019-03-18 09:49:00,8.23,8.23,8.23,8.23,5978.0
2019-03-18 09:53:00,8.25,8.25,8.25,8.25,100.0
2019-03-18 09:55:00,8.2473,8.2473,8.2473,8.2473,206.0
2019-03-18 10:08:00,8.24,8.24,8.24,8.24,133.0
2019-03-18 10:15:00,8.16,8.16,8.16,8.16,1123.0
2019-03-18 10:31:00,8.2,8.2,8.2,8.2,200.0
2019-03-18 10:42:00,8.19,8.19,8.19,8.19,100.0
2019-03-18 10:56:00,8.2,8.2,8.2,8.2,170.0
2019-03-18 10:57:00,8.23,8.23,8.23,8.23,330.0
2019-03-18 11:06:00,8.23,8.23,8.23,8.23,113.0
2019-03-18 11:14:00,8.22,8.22,8.22,8.22,800.0
2019-03-18 11:23:00,8.145,8.145,8.145,8.145,200.0
2019-03-18 11:25:00,8.155,8.155,8.155,8.155,600.0
2019-03-18 11:32:00,8.1499,8.1499,8.1499,8.1499,400.0
2019-03-18 11:38:00,8.15,8.15,8.15,8.15,200.0
2019-03-18 11:49:00,8.2,8.2,8.2,8.2,400.0
2019-03-18 11:54:00,8.15,8.18,8.15,8.18,459.0
2019-03-18 12:13:00,8.13,8.13,8.13,8.13,1386.0
2019-03-18 12:15:00,8.13,8.17,8.13,8.17,4475.0
2019-03-18 12:16:00,8.17,8.17,8.17,8.17,900.0
2019-03-18 12:19:00,8.12,8.12,8.12,8.12,584.0
2019-03-18 12:20:00,8.15,8.15,8.15,8.15,4989.0
2019-03-18 12:21:00,8.16,8.16,8.16,8.16,1585.0
2019-03-18 12:22:00,8.13,8.13,8.13,8.13,1815.0
2019-03-18 12:24:00,8.18,8.18,8.18,8.18,700.0
2019-03-18 12:25:00,8.16,8.16,8.16,8.16,930.0
2019-03-18 12:26:00,8.15,8.15,8.15,8.15,1535.0
2019-03-18 12:33:00,8.11,8.11,8.11,8.11,530.0
2019-03-18 12:35:00,8.13,8.13,8.13,8.13,600.0
2019-03-18 12:36:00,8.09,8.09,8.09,8.09,2819.0
2019-03-18 12:37:00,8.11,8.11,8.11,8.11,1600.0
2019-03-18 12:38:00,8.11,8.11,8.11,8.11,2720.0
2019-03-18 12:39:00,8.1,8.1,8.1,8.1,3400.0
2019-03-18 12:40:00,8.11,8.11,8.09,8.09,4250.0
2019-03-18 12:42:00,8.14,8.14,8.14,8.14,5020.0
2019-03-18 12:43:00,8.13,8.13,8.13,8.13,4470.0
2019-03-18 12:45:00,8.1501,8.1501,8.14,8.14,2246.0
2019-03-18 13:00:00,8.19,8.19,8.19,8.19,105.0
2019-03-18 13:22:00,8.19,8.19,8.19,8.19,165.0
2019-03-18 13:26:00,8.23,8.23,8.23,8.23,200.0
2019-03-18 13:29:00,8.23,8.23,8.23,8.23,200.0
2019-03-18 13:34:00,8.23,8.23,8.23,8.23,100.0
2019-03-18 14:10:00,8.24,8.24,8.24,8.24,100.0
2019-03-18 14:21:00,8.25,8.25,8.25,8.25,300.0
2019-03-18 14:24:00,8.25,8.25,8.25,8.25,100.0
2019-03-18 14:26:00,8.24,8.24,8.23,8.23,1288.0
2019-03-18 14:44:00,8.21,8.21,8.21,8.21,100.0
2019-03-18 14:45:00,8.17,8.17,8.17,8.17,300.0
2019-03-18 14:49:00,8.15,8.15,8.15,8.15,200.0
2019-03-18 15:09:00,8.16,8.16,8.16,8.16,821.0
2019-03-18 15:13:00,8.16,8.16,8.16,8.16,100.0
2019-03-18 15:23:00,8.18,8.18,8.18,8.18,123.0
2019-03-18 15:34:00,8.1495,8.1495,8.1495,8.1495,100.0
2019-03-18 15:44:00,8.17,8.17,8.17,8.17,129.0
2019-03-18 15:53:00,8.14,8.14,8.14,8.14,844.0
2019-03-18 15:56:00,8.11,8.11,8.11,8.11,462.0
2019-03-18 16:00:00,8.13,8.13,8.13,8.13,1306.0
2019-03-19 09:31:00,8.22,8.22,8.22,8.22,0.0
2019-03-19 09:39:00,8.12,8.12,8.12,8.12,1048.0
2019-03-19 09:50:00,8.11,8.15,8.11,8.15,4082.0
2019-03-19 09:51:00,8.12,8.12,8.12,8.12,4382.0
2019-03-19 09:52:00,8.12,8.12,8.12,8.12,663.0
2019-03-19 09:53:00,8.12,8.12,8.12,8.12,3520.0
2019-03-19 09:54:00,8.12,8.12,8.12,8.12,3938.0
2019-03-19 09:56:00,8.1163,8.1163,8.1163,8.1163,1366.0
2019-03-19 09:58:00,8.12,8.12,8.12,8.12,100.0
2019-03-19 10:05:00,8.12,8.14,8.12,8.14,15673.0
2019-03-19 10:07:00,8.14,8.145,8.14,8.145,30211.0
2019-03-19 10:08:00,8.215,8.215,8.215,8.215,2840.0
2019-03-19 10:12:00,8.21,8.22,8.21,8.22,200.0
2019-03-19 10:21:00,8.2092,8.2092,8.2092,8.2092,1000.0
2019-03-19 10:22:00,8.28,8.28,8.28,8.28,800.0
2019-03-19 10:27:00,8.2401,8.2401,8.2401,8.2401,2400.0
2019-03-19 10:29:00,8.25,8.25,8.25,8.25,3160.0
2019-03-19 10:44:00,8.26,8.26,8.26,8.26,400.0
2019-03-19 10:46:00,8.26,8.26,8.26,8.26,1248.0
2019-03-19 10:55:00,8.27,8.27,8.27,8.27,100.0
2019-03-19 10:59:00,8.27,8.27,8.27,8.27,399.0
2019-03-19 11:00:00,8.2709,8.2709,8.2709,8.2709,300.0
2019-03-19 11:01:00,8.25,8.25,8.25,8.25,909.0
2019-03-19 11:31:00,8.27,8.27,8.27,8.27,286.0
2019-03-19 11:33:00,8.28,8.28,8.28,8.28,986.0
2019-03-19 11:34:00,8.29,8.29,8.29,8.29,400.0
2019-03-19 11:40:00,8.35,8.35,8.35,8.35,2630.0
2019-03-19 11:46:00,8.36,8.36,8.36,8.36,147.0
2019-03-19 12:11:00,8.35,8.35,8.35,8.35,100.0
2019-03-19 12:12:00,8.3343,8.3343,8.3343,8.3343,600.0
2019-03-19 12:13:00,8.3366,8.3366,8.3366,8.3366,1600.0
2019-03-19 12:14:00,8.35,8.35,8.35,8.35,151.0
2019-03-19 12:16:00,8.33,8.33,8.33,8.33,497.0
2019-03-19 12:17:00,8.32,8.32,8.32,8.32,697.0
2019-03-19 12:27:00,8.31,8.31,8.31,8.31,100.0
2019-03-19 12:28:00,8.31,8.31,8.31,8.31,417.0
2019-03-19 12:40:00,8.31,8.31,8.31,8.31,500.0
2019-03-19 12:41:00,8.33,8.33,8.33,8.33,723.0
2019-03-19 12:45:00,8.31,8.31,8.31,8.31,804.0
2019-03-19 12:46:00,8.31,8.31,8.31,8.31,1115.0
2019-03-19 12:48:00,8.29,8.3,8.29,8.3,500.0
2019-03-19 12:49:00,8.3,8.3,8.29,8.29,4302.0
2019-03-19 12:52:00,8.24,8.24,8.24,8.24,852.0
2019-03-19 12:55:00,8.255,8.255,8.255,8.255,1242.0
2019-03-19 12:57:00,8.245,8.245,8.245,8.245,500.0
2019-03-19 12:58:00,8.27,8.27,8.27,8.27,753.0
2019-03-19 12:59:00,8.26,8.26,8.26,8.26,200.0
2019-03-19 13:01:00,8.24,8.24,8.24,8.24,900.0
2019-03-19 13:02:00,8.235,8.235,8.235,8.235,1410.0
2019-03-19 13:03:00,8.19,8.2,8.19,8.2,6177.0
2019-03-19 13:08:00,8.176,8.176,8.176,8.176,208.0
2019-03-19 13:29:00,8.21,8.21,8.21,8.21,277.0
2019-03-19 13:37:00,8.23,8.23,8.23,8.23,220.0
2019-03-19 14:01:00,8.24,8.24,8.24,8.24,100.0
2019-03-19 14:07:00,8.24,8.24,8.24,8.24,100.0
2019-03-19 14:10:00,8.24,8.24,8.24,8.24,100.0
2019-03-19 14:11:00,8.2456,8.2456,8.2456,8.2456,100.0
2019-03-19 14:14:00,8.25,8.25,8.25,8.25,300.0
2019-03-19 14:28:00,8.19,8.19,8.19,8.19,1732.0
2019-03-19 14:35:00,8.16,8.16,8.16,8.16,135.0
2019-03-19 14:48:00,8.12,8.12,8.12,8.12,3961.0
2019-03-19 15:05:00,8.16,8.16,8.16,8.16,100.0
2019-03-19 15:09:00,8.135,8.135,8.12,8.12,16402.0
2019-03-19 15:10:00,8.16,8.16,8.16,8.16,4400.0
2019-03-19 15:15:00,8.17,8.17,8.17,8.17,100.0
2019-03-19 15:18:00,8.19,8.19,8.19,8.19,100.0
2019-03-19 15:22:00,8.19,8.19,8.19,8.19,100.0
2019-03-19 15:24:00,8.19,8.19,8.19,8.19,100.0
2019-03-19 15:27:00,8.15,8.15,8.15,8.15,541.0
2019-03-19 15:29:00,8.17,8.17,8.17,8.17,100.0
2019-03-19 15:30:00,8.12,8.12,8.12,8.12,200.0
2019-03-19 15:31:00,8.1685,8.1685,8.1685,8.1685,224.0
2019-03-19 15:34:00,8.17,8.17,8.17,8.17,1259.0
2019-03-19 15:35:00,8.17,8.17,8.17,8.17,1385.0
2019-03-19 15:36:00,8.12,8.12,8.12,8.12,8726.0
2019-03-19 15:37:00,8.14,8.18,8.14,8.18,8164.0
2019-03-19 15:42:00,8.18,8.18,8.18,8.18,100.0
2019-03-19 15:44:00,8.19,8.19,8.19,8.19,100.0
2019-03-19 15:45:00,8.17,8.17,8.17,8.17,313.0
2019-03-19 15:46:00,8.2,8.2,8.2,8.2,631.0
2019-03-19 15:48:00,8.19,8.19,8.19,8.19,899.0
2019-03-19 15:49:00,8.15,8.15,8.15,8.15,495.0
2019-03-19 15:50:00,8.13,8.17,8.13,8.17,9914.0
2019-03-19 15:52:00,8.18,8.18,8.18,8.18,1091.0
2019-03-19 15:55:00,8.18,8.18,8.18,8.18,506.0
2019-03-19 15:56:00,8.18,8.18,8.18,8.18,1424.0
2019-03-19 15:57:00,8.135,8.135,8.135,8.135,2042.0
2019-03-19 15:58:00,8.16,8.16,8.16,8.16,121.0
2019-03-19 15:59:00,8.16,8.16,8.16,8.16,462.0
2019-03-19 16:00:00,8.14,8.14,8.14,8.14,1821.0
2019-03-20 09:31:00,8.17,8.17,8.17,8.17,1566.0
2019-03-20 09:32:00,8.17,8.17,8.17,8.17,3640.0
2019-03-20 09:40:00,8.1,8.1,8.1,8.1,817.0
2019-03-20 09:42:00,8.1,8.11,8.1,8.11,1375.0
2019-03-20 09:43:00,8.1,8.1,8.08,8.08,2694.0
2019-03-20 09:45:00,8.1,8.14,8.1,8.14,600.0
2019-03-20 09:46:00,8.1,8.1,8.1,8.1,100.0
2019-03-20 09:47:00,8.1,8.1,8.1,8.1,941.0
2019-03-20 09:50:00,8.12,8.12,8.12,8.12,344.0
2019-03-20 09:51:00,8.08,8.1,8.08,8.1,6485.0
2019-03-20 09:55:00,8.0799,8.0799,8.0799,8.0799,1139.0
2019-03-20 10:02:00,8.06,8.06,8.06,8.06,137.0
2019-03-20 10:03:00,8.09,8.1,8.09,8.1,3781.0
2019-03-20 10:11:00,8.0,8.0,8.0,8.0,9270.0
2019-03-20 10:12:00,8.0323,8.0323,8.0323,8.0323,3500.0
2019-03-20 10:21:00,8.05,8.05,8.05,8.05,245.0
2019-03-20 10:22:00,8.05,8.05,8.05,8.05,455.0
2019-03-20 10:23:00,8.02,8.02,8.02,8.02,800.0
2019-03-20 10:24:00,8.0,8.0,8.0,8.0,2100.0
2019-03-20 10:26:00,8.02,8.02,8.02,8.02,100.0
2019-03-20 10:27:00,8.02,8.02,8.01,8.01,400.0
2019-03-20 10:33:00,8.04,8.04,8.04,8.04,100.0
2019-03-20 10:46:00,8.02,8.02,8.02,8.02,166.0
2019-03-20 10:48:00,8.02,8.02,8.02,8.02,1621.0
2019-03-20 10:50:00,8.05,8.05,8.05,8.05,105.0
2019-03-20 11:01:00,8.03,8.03,8.03,8.03,400.0
2019-03-20 11:05:00,8.01,8.01,8.01,8.01,300.0
2019-03-20 11:08:00,8.0,8.0,8.0,8.0,1906.0
2019-03-20 11:26:00,8.01,8.01,8.01,8.01,100.0
2019-03-20 11:27:00,8.0248,8.04,8.0248,8.04,910.0
2019-03-20 11:33:00,8.04,8.04,8.04,8.04,261.0
2019-03-20 11:34:00,8.03,8.03,8.03,8.03,1567.0
2019-03-20 11:42:00,8.05,8.05,8.05,8.05,148.0
2019-03-20 11:44:00,8.02,8.02,8.02,8.02,300.0
2019-03-20 11:49:00,8.0,8.0,8.0,8.0,1089.0
2019-03-20 11:50:00,8.0,8.0,8.0,8.0,200.0
2019-03-20 11:51:00,8.0,8.01,8.0,8.01,1820.0
2019-03-20 11:57:00,8.0,8.0,8.0,8.0,1115.0
2019-03-20 11:58:00,8.0,8.0,8.0,8.0,1215.0
2019-03-20 11:59:00,8.0,8.0,8.0,8.0,3196.0
2019-03-20 12:10:00,8.0,8.0,8.0,8.0,107.0
2019-03-20 12:11:00,8.01,8.01,8.01,8.01,954.0
2019-03-20 12:16:00,8.02,8.02,8.02,8.02,606.0
2019-03-20 12:17:00,8.03,8.03,8.03,8.03,873.0
2019-03-20 12:18:00,8.0474,8.0474,8.0474,8.0474,340.0
2019-03-20 12:28:00,8.0499,8.0499,8.0499,8.0499,500.0
2019-03-20 12:32:00,8.02,8.02,8.02,8.02,200.0
2019-03-20 12:33:00,8.0,8.0,8.0,8.0,1400.0
2019-03-20 12:34:00,7.99,7.99,7.99,7.99,1119.0
2019-03-20 12:35:00,7.99,7.99,7.99,7.99,450.0
2019-03-20 12:36:00,7.99,7.99,7.99,7.99,1001.0
2019-03-20 12:37:00,7.99,7.99,7.99,7.99,200.0
2019-03-20 12:38:00,7.9962,7.9962,7.9962,7.9962,500.0
2019-03-20 12:41:00,8.0,8.0,8.0,8.0,424.0
2019-03-20 12:52:00,8.02,8.02,8.02,8.02,200.0
2019-03-20 13:01:00,8.03,8.1,8.03,8.1,10134.0
2019-03-20 13:02:00,8.07,8.07,8.07,8.07,10234.0
2019-03-20 13:03:00,8.07,8.07,8.07,8.07,859.0
2019-03-20 13:08:00,8.0952,8.0952,8.0952,8.0952,500.0
2019-03-20 13:31:00,8.07,8.07,8.07,8.07,1227.0
2019-03-20 13:51:00,8.0541,8.0541,8.0541,8.0541,500.0
2019-03-20 13:53:00,8.04,8.04,8.04,8.04,1164.0
2019-03-20 14:02:00,8.07,8.07,8.07,8.07,200.0
2019-03-20 14:05:00,8.07,8.07,8.07,8.07,200.0
2019-03-20 14:17:00,8.08,8.08,8.08,8.08,100.0
2019-03-20 14:24:00,8.08,8.08,8.08,8.08,100.0
2019-03-20 14:25:00,8.065,8.065,8.05,8.05,700.0
2019-03-20 14:35:00,8.05,8.05,8.05,8.05,100.0
2019-03-20 14:36:00,8.04,8.04,8.04,8.04,500.0
2019-03-20 14:41:00,8.07,8.07,8.07,8.07,500.0
2019-03-20 14:48:00,8.03,8.03,8.03,8.03,100.0
2019-03-20 14:50:00,8.05,8.05,8.05,8.05,2000.0
2019-03-20 14:59:00,8.0309,8.0309,8.0309,8.0309,137.0
2019-03-20 15:05:00,8.03,8.03,8.03,8.03,124.0
2019-03-20 15:06:00,8.03,8.03,8.02,8.02,2526.0
2019-03-20 15:07:00,8.04,8.04,8.04,8.04,2626.0
2019-03-20 15:08:00,8.0399,8.0399,8.0399,8.0399,462.0
2019-03-20 15:18:00,8.01,8.01,8.01,8.01,100.0
2019-03-20 15:22:00,8.01,8.01,8.01,8.01,200.0
2019-03-20 15:26:00,7.99,7.99,7.99,7.99,600.0
2019-03-20 15:31:00,8.0022,8.0022,8.0022,8.0022,100.0
2019-03-20 15:32:00,7.98,7.98,7.98,7.98,200.0
2019-03-20 15:34:00,7.98,7.98,7.97,7.97,430.0
2019-03-20 15:37:00,7.95,7.95,7.95,7.95,530.0
2019-03-20 15:38:00,7.96,7.96,7.96,7.96,914.0
2019-03-20 15:41:00,7.98,7.98,7.98,7.98,100.0
2019-03-20 15:42:00,7.98,8.0,7.98,8.0,1100.0
2019-03-20 15:43:00,7.99,7.99,7.99,7.99,1570.0
2019-03-20 15:46:00,7.9662,7.9662,7.94,7.94,2085.0
2019-03-20 15:49:00,7.95,7.97,7.95,7.96,1113.0
2019-03-20 15:50:00,7.99,7.99,7.99,7.99,1212.0
2019-03-20 15:51:00,7.94,7.94,7.94,7.94,1484.0
2019-03-20 15:52:00,7.905,7.95,7.905,7.95,9066.0
2019-03-20 15:56:00,7.92,7.92,7.92,7.92,635.0
2019-03-20 15:57:00,7.93,7.93,7.93,7.93,1104.0
2019-03-20 15:58:00,7.93,7.93,7.93,7.93,273.0
2019-03-20 15:59:00,7.9268,7.95,7.9268,7.95,1427.0
2019-03-20 16:00:00,7.93,7.93,7.93,7.93,2401.0
2019-03-21 09:31:00,7.89,7.89,7.89,7.89,1209.0
2019-03-21 09:32:00,7.88,7.88,7.85,7.88,1400.0
2019-03-21 09:33:00,7.89,7.89,7.8485,7.8485,8608.0
2019-03-21 09:34:00,7.782,7.782,7.78,7.78,400.0
2019-03-21 09:35:00,7.71,7.71,7.7,7.7,2957.0
2019-03-21 09:37:00,7.7,7.7,7.7,7.7,367.0
2019-03-21 09:39:00,7.7184,7.7184,7.7184,7.7184,100.0
2019-03-21 09:41:00,7.732,7.732,7.732,7.732,1100.0
2019-03-21 09:44:00,7.75,7.76,7.6801,7.74,8300.0
2019-03-21 09:46:00,7.74,7.74,7.74,7.74,8510.0
2019-03-21 09:47:00,7.74,7.74,7.64,7.64,4723.0
2019-03-21 09:51:00,7.65,7.65,7.65,7.65,200.0
2019-03-21 09:52:00,7.56,7.56,7.56,7.56,1960.0
2019-03-21 09:53:00,7.53,7.53,7.53,7.53,4000.0
2019-03-21 09:56:00,7.49,7.49,7.49,7.49,4103.0
2019-03-21 09:57:00,7.4699,7.4699,7.4699,7.4699,1469.0
2019-03-21 09:58:00,7.44,7.44,7.43,7.44,1762.0
2019-03-21 09:59:00,7.36,7.36,7.36,7.36,4482.0
2019-03-21 10:00:00,7.25,7.29,7.25,7.29,9317.0
2019-03-21 10:01:00,7.34,7.34,7.34,7.34,2079.0
2019-03-21 10:03:00,7.34,7.4,7.34,7.38,4198.0
2019-03-21 10:04:00,7.35,7.35,7.35,7.35,5198.0
2019-03-21 10:05:00,7.4164,7.4164,7.4164,7.4164,648.0
2019-03-21 10:08:00,7.3767,7.3767,7.3767,7.3767,500.0
2019-03-21 10:09:00,7.48,7.48,7.48,7.48,2174.0
2019-03-21 10:10:00,7.5,7.5,7.5,7.5,900.0
2019-03-21 10:11:00,7.5,7.545,7.5,7.545,26476.0
2019-03-21 10:12:00,7.525,7.525,7.525,7.525,70026.0
2019-03-21 10:13:00,7.57,7.57,7.57,7.57,22258.0
2019-03-21 10:15:00,7.5,7.5,7.5,7.5,10683.0
2019-03-21 10:17:00,7.56,7.56,7.56,7.56,6838.0
2019-03-21 10:18:00,7.675,7.675,7.675,7.675,1800.0
2019-03-21 10:19:00,7.79,7.79,7.79,7.79,1500.0
2019-03-21 10:20:00,7.71,7.71,7.71,7.71,3041.0
2019-03-21 10:23:00,7.6853,7.6853,7.6853,7.6853,2500.0
2019-03-21 10:24:00,7.67,7.68,7.62,7.62,3700.0
2019-03-21 10:25:00,7.63,7.69,7.63,7.69,10300.0
2019-03-21 10:28:00,7.86,7.86,7.86,7.86,2295.0
2019-03-21 10:29:00,7.83,7.83,7.83,7.83,1963.0
2019-03-21 10:31:00,7.72,7.72,7.72,7.72,3200.0
2019-03-21 10:32:00,7.61,7.61,7.61,7.61,2800.0
2019-03-21 10:33:00,7.55,7.55,7.55,7.55,5200.0
2019-03-21 10:34:00,7.55,7.595,7.52,7.55,3000.0
2019-03-21 10:35:00,7.5,7.5,7.5,7.5,11710.0
2019-03-21 10:36:00,7.4687,7.4687,7.4687,7.4687,1700.0
2019-03-21 10:38:00,7.5,7.54,7.5,7.54,3065.0
2019-03-21 10:40:00,7.59,7.59,7.59,7.59,2500.0
2019-03-21 10:41:00,7.7,7.7,7.7,7.7,1964.0
2019-03-21 10:42:00,7.7,7.78,7.69,7.78,900.0
2019-03-21 10:43:00,7.79,7.79,7.79,7.79,1000.0
2019-03-21 10:44:00,7.785,7.785,7.785,7.785,100.0
2019-03-21 10:45:00,7.785,7.785,7.785,7.785,3000.0
2019-03-21 10:46:00,7.79,7.8,7.79,7.8,800.0
2019-03-21 10:47:00,7.85,7.85,7.85,7.85,1200.0
2019-03-21 10:48:00,7.85,7.85,7.85,7.85,700.0
2019-03-21 10:49:00,7.8468,7.8468,7.8468,7.8468,500.0
2019-03-21 10:50:00,7.84,7.85,7.825,7.825,2100.0
2019-03-21 10:51:00,7.825,7.825,7.825,7.825,2215.0
2019-03-21 10:52:00,7.83,7.83,7.83,7.83,400.0
2019-03-21 10:53:00,7.82,7.825,7.82,7.825,300.0
2019-03-21 10:54:00,7.82,7.82,7.82,7.82,400.0
2019-03-21 10:55:00,7.92,7.92,7.92,7.92,3605.0
2019-03-21 10:56:00,7.95,7.95,7.95,7.95,700.0
2019-03-21 10:57:00,7.79,7.79,7.79,7.79,13379.0
2019-03-21 10:59:00,7.855,7.855,7.855,7.855,1300.0
2019-03-21 11:00:00,7.86,7.86,7.795,7.795,400.0
2019-03-21 11:01:00,7.855,7.855,7.855,7.855,600.0
2019-03-21 11:02:00,7.86,7.905,7.86,7.905,2310.0
2019-03-21 11:05:00,7.87,7.91,7.87,7.91,600.0
2019-03-21 11:06:00,7.89,7.89,7.89,7.89,1600.0
2019-03-21 11:18:00,7.92,7.93,7.92,7.93,200.0
2019-03-21 11:22:00,7.92,7.92,7.92,7.92,1278.0
2019-03-21 11:34:00,7.97,7.97,7.97,7.97,9100.0
2019-03-21 11:37:00,7.97,7.97,7.97,7.97,100.0
2019-03-21 11:48:00,7.95,7.95,7.95,7.95,3000.0
2019-03-21 11:52:00,7.87,7.87,7.87,7.87,2534.0
2019-03-21 12:05:00,7.935,7.935,7.935,7.935,200.0
2019-03-21 12:08:00,7.92,7.92,7.92,7.92,200.0
2019-03-21 12:11:00,7.92,7.92,7.92,7.92,400.0
2019-03-21 12:16:00,7.92,7.92,7.92,7.92,2852.0
2019-03-21 12:23:00,7.97,7.97,7.97,7.97,100.0
2019-03-21 12:25:00,7.95,7.95,7.95,7.95,2200.0
2019-03-21 12:31:00,7.96,7.96,7.96,7.96,1455.0
2019-03-21 12:33:00,7.96,7.96,7.96,7.96,500.0
2019-03-21 12:35:00,7.97,7.97,7.97,7.97,215.0
2019-03-21 12:49:00,7.98,7.98,7.98,7.98,500.0
2019-03-21 13:01:00,8.02,8.02,8.01,8.01,1668.0
2019-03-21 13:03:00,8.0,8.0,8.0,8.0,514.0
2019-03-21 13:04:00,7.98,7.98,7.98,7.98,1136.0
2019-03-21 13:07:00,8.04,8.04,8.04,8.04,2300.0
2019-03-21 13:08:00,8.05,8.05,8.05,8.05,2100.0
2019-03-21 13:09:00,8.075,8.075,8.075,8.075,3111.0
2019-03-21 13:10:00,8.075,8.075,8.075,8.075,2000.0
2019-03-21 13:20:00,8.05,8.05,8.04,8.04,900.0
2019-03-21 13:28:00,8.0383,8.0383,8.0383,8.0383,150.0
2019-03-21 13:31:00,8.0354,8.0354,8.0354,8.0354,100.0
2019-03-21 13:32:00,8.0193,8.0193,8.0193,8.0193,1118.0
2019-03-21 13:36:00,8.01,8.01,8.01,8.01,560.0
2019-03-21 13:42:00,8.03,8.03,8.03,8.03,1200.0
2019-03-21 13:45:00,8.02,8.02,8.02,8.02,200.0
2019-03-21 13:48:00,8.02,8.02,8.02,8.02,200.0
2019-03-21 13:59:00,8.0,8.0,8.0,8.0,2386.0
2019-03-21 14:00:00,8.01,8.01,8.01,8.01,1580.0
2019-03-21 14:01:00,8.0254,8.03,8.0254,8.03,981.0
2019-03-21 14:07:00,8.04,8.045,8.04,8.045,600.0
2019-03-21 14:15:00,8.03,8.03,8.03,8.03,1210.0
2019-03-21 14:26:00,8.05,8.05,8.05,8.05,100.0
2019-03-21 14:27:00,8.01,8.03,8.01,8.03,925.0
2019-03-21 14:31:00,8.045,8.045,8.045,8.045,618.0
2019-03-21 14:40:00,8.04,8.04,8.04,8.04,236.0
2019-03-21 14:52:00,8.01,8.01,8.01,8.01,100.0
2019-03-21 14:53:00,8.01,8.01,8.01,8.01,624.0
2019-03-21 14:54:00,8.01,8.01,8.01,8.01,200.0
2019-03-21 14:55:00,8.03,8.03,8.03,8.03,465.0
2019-03-21 15:01:00,8.035,8.035,8.035,8.035,617.0
2019-03-21 15:06:00,8.01,8.01,8.01,8.01,202.0
2019-03-21 15:13:00,8.04,8.04,8.04,8.04,100.0
2019-03-21 15:14:00,7.98,7.98,7.98,7.98,1038.0
2019-03-21 15:21:00,8.02,8.02,8.02,8.02,500.0
2019-03-21 15:22:00,8.01,8.01,8.01,8.01,246.0
2019-03-21 15:29:00,8.0,8.0,7.95,7.96,4704.0
2019-03-21 15:31:00,8.01,8.01,8.01,8.01,617.0
2019-03-21 15:40:00,8.05,8.05,8.05,8.05,1375.0
2019-03-21 15:43:00,8.08,8.08,8.07,8.07,3528.0
2019-03-21 15:46:00,8.14,8.14,8.14,8.14,3265.0
2019-03-21 15:52:00,8.15,8.15,8.15,8.15,1066.0
2019-03-21 15:53:00,8.17,8.17,8.17,8.17,1169.0
2019-03-21 15:54:00,8.17,8.17,8.17,8.17,1794.0
2019-03-21 15:55:00,8.16,8.16,8.16,8.16,2987.0
2019-03-21 15:57:00,8.14,8.14,8.14,8.14,1026.0
2019-03-21 15:59:00,8.16,8.16,8.16,8.16,933.0
2019-03-21 16:00:00,8.07,8.07,7.78,7.78,33196.0
2019-03-22 09:31:00,7.45,7.45,7.45,7.45,4200.0
2019-03-22 09:35:00,7.5,7.6,7.5,7.6,7104.0
2019-03-22 09:36:00,7.4917,7.4917,7.4917,7.4917,7424.0
2019-03-22 09:38:00,7.575,7.575,7.575,7.575,1299.0
2019-03-22 09:44:00,7.6,7.6,7.6,7.6,1560.0
2019-03-22 09:45:00,7.58,7.58,7.58,7.58,2469.0
2019-03-22 09:46:00,7.57,7.57,7.57,7.57,1500.0
2019-03-22 09:47:00,7.54,7.54,7.54,7.54,100.0
2019-03-22 09:48:00,7.56,7.56,7.56,7.56,300.0
2019-03-22 09:49:00,7.57,7.57,7.57,7.57,1143.0
2019-03-22 09:50:00,7.55,7.55,7.55,7.55,2606.0
2019-03-22 09:51:00,7.5,7.5,7.5,7.5,280.0
2019-03-22 09:52:00,7.5,7.5,7.5,7.5,742.0
2019-03-22 09:53:00,7.545,7.545,7.545,7.545,435.0
2019-03-22 09:54:00,7.5654,7.5654,7.5654,7.5654,1593.0
2019-03-22 09:55:00,7.54,7.54,7.54,7.54,1345.0
2019-03-22 09:56:00,7.55,7.55,7.55,7.55,1258.0
2019-03-22 10:02:00,7.53,7.53,7.53,7.53,100.0
2019-03-22 10:03:00,7.55,7.59,7.55,7.59,2240.0
2019-03-22 10:04:00,7.56,7.56,7.56,7.56,2003.0
2019-03-22 10:06:00,7.56,7.57,7.56,7.57,1477.0
2019-03-22 10:09:00,7.57,7.57,7.57,7.57,1043.0
2019-03-22 10:11:00,7.61,7.61,7.6048,7.6048,1220.0
2019-03-22 10:17:00,7.565,7.565,7.565,7.565,100.0
2019-03-22 10:18:00,7.5925,7.5925,7.5925,7.5925,100.0
2019-03-22 10:21:00,7.57,7.57,7.57,7.57,150.0
2019-03-22 10:24:00,7.56,7.56,7.56,7.56,550.0
2019-03-22 10:27:00,7.57,7.57,7.57,7.57,300.0
2019-03-22 10:28:00,7.56,7.56,7.56,7.56,1087.0
2019-03-22 10:34:00,7.56,7.56,7.56,7.56,400.0
2019-03-22 10:35:00,7.56,7.56,7.56,7.56,823.0
2019-03-22 10:39:00,7.575,7.575,7.575,7.575,100.0
2019-03-22 10:40:00,7.575,7.625,7.575,7.625,2100.0
2019-03-22 10:41:00,7.63,7.63,7.63,7.63,2300.0
2019-03-22 10:43:00,7.65,7.65,7.65,7.65,3999.0
2019-03-22 10:50:00,7.6682,7.6682,7.6682,7.6682,175.0
2019-03-22 10:54:00,7.67,7.67,7.67,7.67,600.0
2019-03-22 10:55:00,7.67,7.67,7.65,7.65,2121.0
2019-03-22 10:56:00,7.6625,7.6625,7.6625,7.6625,2221.0
2019-03-22 11:02:00,7.64,7.64,7.64,7.64,1900.0
2019-03-22 11:04:00,7.63,7.635,7.63,7.635,4300.0
2019-03-22 11:07:00,7.605,7.605,7.605,7.605,5030.0
2019-03-22 11:09:00,7.54,7.54,7.54,7.54,4600.0
2019-03-22 11:16:00,7.51,7.51,7.51,7.51,1050.0
2019-03-22 11:17:00,7.5,7.5,7.48,7.48,10668.0
2019-03-22 11:18:00,7.49,7.49,7.49,7.49,962.0
2019-03-22 11:20:00,7.4975,7.4989,7.4975,7.4975,360.0
2019-03-22 11:22:00,7.47,7.47,7.37,7.37,10322.0
2019-03-22 11:24:00,7.465,7.465,7.465,7.465,1572.0
2019-03-22 11:27:00,7.4361,7.4361,7.4361,7.4361,2800.0
2019-03-22 11:29:00,7.41,7.41,7.41,7.41,141.0
2019-03-22 11:30:00,7.42,7.42,7.42,7.42,820.0
2019-03-22 11:31:00,7.45,7.45,7.45,7.45,100.0
2019-03-22 11:36:00,7.41,7.41,7.41,7.41,1000.0
2019-03-22 11:37:00,7.4,7.4,7.4,7.4,700.0
2019-03-22 11:40:00,7.4,7.4,7.4,7.4,500.0
2019-03-22 11:48:00,7.38,7.38,7.37,7.37,2650.0
2019-03-22 11:57:00,7.41,7.425,7.41,7.425,1200.0
2019-03-22 11:58:00,7.38,7.38,7.38,7.38,1300.0
2019-03-22 12:01:00,7.38,7.38,7.38,7.38,1546.0
2019-03-22 12:02:00,7.3573,7.3573,7.3573,7.3573,3664.0
2019-03-22 12:03:00,7.31,7.31,7.3,7.3,5398.0
2019-03-22 12:05:00,7.28,7.28,7.28,7.28,840.0
2019-03-22 12:07:00,7.2669,7.28,7.2669,7.28,1000.0
2019-03-22 12:08:00,7.2847,7.2847,7.2847,7.2847,1100.0
2019-03-22 12:09:00,7.26,7.26,7.26,7.26,1160.0
2019-03-22 12:11:00,7.25,7.25,7.25,7.25,400.0
2019-03-22 12:14:00,7.26,7.26,7.26,7.26,2340.0
2019-03-22 12:15:00,7.29,7.29,7.29,7.29,560.0
2019-03-22 12:18:00,7.31,7.31,7.31,7.31,400.0
2019-03-22 12:19:00,7.28,7.28,7.28,7.28,841.0
2019-03-22 12:21:00,7.26,7.26,7.26,7.26,100.0
2019-03-22 12:28:00,7.27,7.27,7.27,7.27,100.0
2019-03-22 12:29:00,7.27,7.27,7.27,7.27,1072.0
2019-03-22 12:30:00,7.3,7.3,7.3,7.3,200.0
2019-03-22 12:34:00,7.3,7.3,7.3,7.3,500.0
2019-03-22 12:43:00,7.32,7.35,7.32,7.35,3136.0
2019-03-22 12:45:00,7.35,7.35,7.35,7.35,100.0
2019-03-22 12:51:00,7.35,7.35,7.35,7.35,1184.0
2019-03-22 13:00:00,7.37,7.37,7.37,7.37,800.0
2019-03-22 13:03:00,7.3868,7.3868,7.3868,7.3868,442.0
2019-03-22 13:05:00,7.35,7.35,7.35,7.35,247.0
2019-03-22 13:14:00,7.37,7.37,7.37,7.37,486.0
2019-03-22 13:15:00,7.37,7.37,7.37,7.37,586.0
2019-03-22 13:19:00,7.37,7.37,7.37,7.37,1335.0
2019-03-22 13:20:00,7.38,7.38,7.38,7.38,1435.0
2019-03-22 13:24:00,7.37,7.37,7.37,7.37,800.0
2019-03-22 13:31:00,7.39,7.39,7.39,7.39,900.0
2019-03-22 13:32:00,7.4,7.41,7.4,7.41,1720.0
2019-03-22 13:33:00,7.4,7.4,7.4,7.4,2584.0
2019-03-22 13:34:00,7.4,7.405,7.4,7.405,400.0
2019-03-22 13:35:00,7.4,7.4,7.4,7.4,2136.0
2019-03-22 13:37:00,7.29,7.29,7.28,7.28,8702.0
2019-03-22 13:43:00,7.33,7.33,7.33,7.33,1064.0
2019-03-22 13:47:00,7.325,7.325,7.32,7.32,883.0
2019-03-22 13:50:00,7.32,7.32,7.32,7.32,1083.0
2019-03-22 13:52:00,7.33,7.33,7.33,7.33,400.0
2019-03-22 13:53:00,7.34,7.34,7.33,7.33,1300.0
2019-03-22 13:57:00,7.31,7.31,7.31,7.31,250.0
2019-03-22 14:01:00,7.31,7.31,7.31,7.31,400.0
2019-03-22 14:04:00,7.33,7.33,7.33,7.33,1400.0
2019-03-22 14:12:00,7.3201,7.3201,7.32,7.32,2100.0
2019-03-22 14:19:00,7.33,7.33,7.33,7.33,600.0
2019-03-22 14:24:00,7.4,7.4,7.4,7.4,2300.0
2019-03-22 14:26:00,7.4,7.4,7.38,7.38,3642.0
2019-03-22 14:33:00,7.3731,7.3731,7.3731,7.3731,500.0
2019-03-22 14:36:00,7.37,7.37,7.37,7.37,1671.0
2019-03-22 14:38:00,7.39,7.39,7.39,7.39,3914.0
2019-03-22 14:40:00,7.38,7.38,7.38,7.38,480.0
2019-03-22 14:41:00,7.38,7.38,7.38,7.38,600.0
2019-03-22 14:42:00,7.39,7.39,7.39,7.39,1120.0
2019-03-22 14:46:00,7.39,7.39,7.39,7.39,2208.0
2019-03-22 14:48:00,7.4,7.4,7.4,7.4,606.0
2019-03-22 15:01:00,7.42,7.42,7.42,7.42,1300.0
2019-03-22 15:02:00,7.42,7.42,7.42,7.42,420.0
2019-03-22 15:03:00,7.42,7.42,7.38,7.38,2700.0
2019-03-22 15:05:00,7.38,7.38,7.38,7.38,200.0
2019-03-22 15:06:00,7.38,7.38,7.38,7.38,100.0
2019-03-22 15:07:00,7.37,7.37,7.37,7.37,170.0
2019-03-22 15:10:00,7.4,7.4,7.4,7.4,810.0
2019-03-22 15:13:00,7.38,7.38,7.38,7.38,330.0
2019-03-22 15:18:00,7.38,7.38,7.38,7.38,880.0
2019-03-22 15:30:00,7.36,7.36,7.36,7.36,2250.0
2019-03-22 15:31:00,7.32,7.32,7.32,7.32,400.0
2019-03-22 15:35:00,7.31,7.31,7.31,7.31,214.0
2019-03-22 15:36:00,7.295,7.295,7.27,7.27,5270.0
2019-03-22 15:37:00,7.25,7.25,7.25,7.25,200.0
2019-03-22 15:38:00,7.25,7.25,7.25,7.25,100.0
2019-03-22 15:39:00,7.253,7.253,7.253,7.253,843.0
2019-03-22 15:40:00,7.25,7.25,7.25,7.25,100.0
2019-03-22 15:41:00,7.25,7.25,7.25,7.25,825.0
2019-03-22 15:43:00,7.21,7.21,7.21,7.21,5192.0
2019-03-22 15:45:00,7.22,7.22,7.22,7.22,3309.0
2019-03-22 15:47:00,7.22,7.22,7.22,7.22,270.0
2019-03-22 15:49:00,7.22,7.22,7.2,7.2,3849.0
2019-03-22 15:50:00,7.21,7.21,7.19,7.19,1122.0
2019-03-22 15:51:00,7.2,7.2,7.2,7.2,1310.0
2019-03-22 15:52:00,7.2,7.2,7.19,7.19,1452.0
2019-03-22 15:53:00,7.1645,7.1645,7.1645,7.1645,1804.0
2019-03-22 15:54:00,7.16,7.16,7.16,7.16,200.0
2019-03-22 15:55:00,7.163,7.163,7.163,7.163,522.0
2019-03-22 15:56:00,7.17,7.17,7.17,7.17,2051.0
2019-03-22 15:57:00,7.1245,7.1245,7.1245,7.1245,1061.0
2019-03-22 15:58:00,7.15,7.15,7.15,7.15,1213.0
2019-03-22 15:59:00,7.12,7.12,7.12,7.12,1776.0
2019-03-22 16:00:00,7.1,7.1,7.1,7.1,6192.0
2019-03-25 09:32:00,7.1,7.1,7.1,7.1,2535.0
2019-03-25 09:36:00,7.11,7.11,7.11,7.11,551.0
2019-03-25 09:39:00,7.15,7.22,7.15,7.22,4700.0
2019-03-25 09:44:00,7.2379,7.2379,7.2379,7.2379,1800.0
2019-03-25 09:48:00,7.21,7.21,7.15,7.15,4700.0
2019-03-25 10:00:00,7.1145,7.1145,7.1145,7.1145,500.0
2019-03-25 10:04:00,7.1,7.1,7.1,7.1,200.0
2019-03-25 10:05:00,7.125,7.125,7.125,7.125,720.0
2019-03-25 10:10:00,7.125,7.125,7.125,7.125,131.0
2019-03-25 10:11:00,7.12,7.12,7.08,7.08,7974.0
2019-03-25 10:12:00,7.05,7.05,7.05,7.05,564.0
2019-03-25 10:13:00,7.03,7.03,7.03,7.03,462.0
2019-03-25 10:15:00,6.99,6.99,6.99,6.99,2517.0
2019-03-25 10:17:00,6.97,6.97,6.97,6.97,1927.0
2019-03-25 10:18:00,6.95,6.95,6.95,6.95,1500.0
2019-03-25 10:20:00,6.94,6.94,6.94,6.94,1228.0
2019-03-25 10:22:00,6.98,6.98,6.98,6.98,691.0
2019-03-25 10:25:00,6.9765,6.9765,6.9765,6.9765,1228.0
2019-03-25 10:28:00,6.98,6.98,6.98,6.98,214.0
2019-03-25 10:32:00,6.96,6.96,6.96,6.96,1735.0
2019-03-25 10:33:00,6.9568,6.9568,6.9568,6.9568,899.0
2019-03-25 10:42:00,6.96,6.96,6.96,6.96,800.0
2019-03-25 10:46:00,6.98,6.98,6.98,6.98,701.0
2019-03-25 10:47:00,7.01,7.01,7.01,7.01,400.0
2019-03-25 10:50:00,6.98,6.98,6.98,6.98,2480.0
2019-03-25 10:51:00,6.97,6.97,6.97,6.97,1177.0
2019-03-25 10:52:00,6.97,6.97,6.97,6.97,754.0
2019-03-25 10:55:00,6.98,6.98,6.98,6.98,1451.0
2019-03-25 10:56:00,6.9501,6.9501,6.9501,6.9501,12300.0
2019-03-25 10:59:00,6.95,6.95,6.95,6.95,794.0
2019-03-25 11:00:00,6.95,6.95,6.95,6.95,1915.0
2019-03-25 11:04:00,6.94,6.94,6.9375,6.9375,4100.0
2019-03-25 11:08:00,6.945,6.945,6.93,6.93,3715.0
2019-03-25 11:09:00,6.9101,6.9101,6.9101,6.9101,400.0
2019-03-25 11:14:00,6.9,6.9,6.9,6.9,700.0
2019-03-25 11:15:00,6.91,6.91,6.91,6.91,1500.0
2019-03-25 11:17:00,6.92,6.92,6.919,6.919,1627.0
2019-03-25 11:19:00,6.94,6.94,6.94,6.94,309.0
2019-03-25 11:24:00,6.96,6.96,6.96,6.96,8020.0
2019-03-25 11:26:00,6.95,6.95,6.95,6.95,1353.0
2019-03-25 11:29:00,6.98,6.98,6.98,6.98,100.0
2019-03-25 11:30:00,6.96,6.96,6.96,6.96,1996.0
2019-03-25 11:33:00,6.94,6.94,6.93,6.93,1997.0
2019-03-25 11:36:00,6.88,6.88,6.84,6.84,3880.0
2019-03-25 11:37:00,6.83,6.83,6.83,6.83,1315.0
2019-03-25 11:41:00,6.8431,6.8431,6.8431,6.8431,1000.0
2019-03-25 11:42:00,6.88,6.88,6.88,6.88,1705.0
2019-03-25 11:47:00,6.9,6.9,6.9,6.9,500.0
2019-03-25 11:54:00,6.88,6.88,6.88,6.88,3800.0
2019-03-25 11:55:00,6.8554,6.8554,6.8554,6.8554,365.0
2019-03-25 11:56:00,6.85,6.85,6.85,6.85,400.0
2019-03-25 12:05:00,6.85,6.85,6.85,6.85,1129.0
2019-03-25 12:14:00,6.8808,6.8854,6.8808,6.8854,1000.0
2019-03-25 12:16:00,6.9,6.9,6.8711,6.8711,4316.0
2019-03-25 12:23:00,6.88,6.88,6.88,6.88,500.0
2019-03-25 12:26:00,6.89,6.89,6.89,6.89,520.0
2019-03-25 12:30:00,6.8814,6.91,6.8814,6.91,910.0
2019-03-25 12:39:00,6.89,6.89,6.887,6.887,1660.0
2019-03-25 12:58:00,6.91,6.92,6.91,6.92,1025.0
2019-03-25 13:07:00,6.95,6.95,6.95,6.95,320.0
2019-03-25 13:19:00,6.94,7.0,6.94,7.0,4205.0
2019-03-25 13:26:00,6.97,6.97,6.97,6.97,205.0
2019-03-25 13:37:00,6.95,6.96,6.95,6.95,12300.0
2019-03-25 13:38:00,6.96,6.96,6.96,6.96,338.0
2019-03-25 13:41:00,6.96,6.96,6.89,6.89,9428.0
2019-03-25 13:53:00,6.89,6.89,6.89,6.89,405.0
2019-03-25 14:04:00,6.9,6.9,6.9,6.9,1222.0
2019-03-25 14:17:00,6.9,6.9,6.9,6.9,1649.0
2019-03-25 14:19:00,6.88,6.88,6.88,6.88,1300.0
2019-03-25 14:22:00,6.88,6.88,6.88,6.88,223.0
2019-03-25 14:25:00,6.88,6.88,6.88,6.88,300.0
2019-03-25 14:37:00,6.9,6.9,6.9,6.9,1362.0
2019-03-25 14:44:00,6.91,6.91,6.91,6.91,1038.0
2019-03-25 14:47:00,6.915,6.915,6.915,6.915,305.0
2019-03-25 14:54:00,6.91,6.91,6.91,6.91,6740.0
2019-03-25 14:56:00,6.88,6.88,6.88,6.88,905.0
2019-03-25 15:04:00,6.89,6.89,6.89,6.89,320.0
2019-03-25 15:14:00,6.89,6.89,6.89,6.89,1705.0
2019-03-25 15:18:00,6.89,6.89,6.89,6.89,1593.0
2019-03-25 15:22:00,6.89,6.89,6.89,6.89,106.0
2019-03-25 15:24:00,6.9,6.9,6.9,6.9,1789.0
2019-03-25 15:26:00,6.9,6.9,6.9,6.9,358.0
2019-03-25 15:27:00,6.9,6.9,6.9,6.9,558.0
2019-03-25 15:28:00,6.9,6.9,6.9,6.9,365.0
2019-03-25 15:29:00,6.89,6.89,6.89,6.89,380.0
2019-03-25 15:42:00,6.87,6.87,6.87,6.87,1291.0
2019-03-25 15:46:00,6.9,6.9,6.9,6.9,621.0
2019-03-25 15:47:00,6.88,6.88,6.88,6.88,1238.0
2019-03-25 15:53:00,6.87,6.87,6.87,6.87,4817.0
2019-03-25 15:58:00,6.86,6.86,6.86,6.86,2173.0
2019-03-25 16:00:00,6.85,6.85,6.81,6.81,6672.0
2019-03-26 09:31:00,6.875,6.875,6.875,6.875,0.0
2019-03-26 09:37:00,6.88,6.88,6.88,6.88,156.0
2019-03-26 09:41:00,6.89,6.92,6.89,6.92,1819.0
2019-03-26 09:43:00,6.93,6.93,6.93,6.93,300.0
2019-03-26 09:48:00,6.88,6.88,6.88,6.88,1000.0
2019-03-26 09:58:00,6.87,6.87,6.87,6.87,1100.0
2019-03-26 09:59:00,6.882,6.882,6.882,6.882,1784.0
2019-03-26 10:06:00,6.86,6.86,6.86,6.86,119.0
2019-03-26 10:09:00,6.86,6.86,6.8,6.8,6287.0
2019-03-26 10:10:00,6.7525,6.7525,6.7525,6.7525,4574.0
2019-03-26 10:12:00,6.75,6.75,6.75,6.75,947.0
2019-03-26 10:15:00,6.7,6.7,6.7,6.7,800.0
2019-03-26 10:18:00,6.729,6.729,6.729,6.729,1400.0
2019-03-26 10:19:00,6.76,6.8,6.76,6.8,1670.0
2019-03-26 10:24:00,6.8053,6.8053,6.8053,6.8053,200.0
2019-03-26 10:27:00,6.819,6.819,6.819,6.819,460.0
2019-03-26 10:28:00,6.82,6.82,6.82,6.82,400.0
2019-03-26 10:30:00,6.865,6.865,6.865,6.865,500.0
2019-03-26 10:34:00,6.85,6.85,6.85,6.85,3100.0
2019-03-26 10:36:00,6.81,6.81,6.81,6.81,1418.0
2019-03-26 10:37:00,6.82,6.82,6.82,6.82,300.0
2019-03-26 10:38:00,6.805,6.805,6.805,6.805,124.0
2019-03-26 10:40:00,6.8098,6.8098,6.8098,6.8098,1000.0
2019-03-26 10:45:00,6.8001,6.8001,6.8001,6.8001,1000.0
2019-03-26 10:46:00,6.82,6.835,6.77,6.77,4300.0
2019-03-26 10:47:00,6.75,6.75,6.75,6.75,200.0
2019-03-26 10:50:00,6.7507,6.7507,6.7507,6.7507,800.0
2019-03-26 10:53:00,6.79,6.79,6.78,6.78,2652.0
2019-03-26 11:04:00,6.765,6.765,6.765,6.765,100.0
2019-03-26 11:07:00,6.75,6.75,6.72,6.72,1922.0
2019-03-26 11:10:00,6.75,6.75,6.75,6.75,1700.0
2019-03-26 11:14:00,6.78,6.78,6.78,6.78,963.0
2019-03-26 11:30:00,6.8,6.8,6.8,6.8,400.0
2019-03-26 11:31:00,6.794,6.794,6.794,6.794,1100.0
2019-03-26 11:33:00,6.795,6.795,6.795,6.795,226.0
2019-03-26 11:34:00,6.795,6.795,6.795,6.795,115.0
2019-03-26 11:36:00,6.795,6.795,6.795,6.795,100.0
2019-03-26 11:38:00,6.79,6.79,6.79,6.79,100.0
2019-03-26 11:39:00,6.8,6.8,6.8,6.8,700.0
2019-03-26 11:41:00,6.82,6.82,6.78,6.78,4706.0
2019-03-26 11:44:00,6.73,6.73,6.73,6.73,659.0
2019-03-26 11:50:00,6.745,6.745,6.745,6.745,100.0
2019-03-26 11:55:00,6.745,6.745,6.745,6.745,142.0
2019-03-26 12:00:00,6.76,6.76,6.76,6.76,400.0
2019-03-26 12:05:00,6.79,6.79,6.79,6.79,100.0
2019-03-26 12:08:00,6.78,6.78,6.78,6.78,100.0
2019-03-26 12:10:00,6.76,6.76,6.76,6.76,100.0
2019-03-26 12:13:00,6.76,6.76,6.76,6.76,113.0
2019-03-26 12:15:00,6.76,6.76,6.76,6.76,106.0
2019-03-26 12:20:00,6.76,6.76,6.76,6.76,200.0
2019-03-26 12:22:00,6.76,6.76,6.76,6.76,100.0
2019-03-26 12:24:00,6.775,6.775,6.775,6.775,100.0
2019-03-26 12:26:00,6.79,6.79,6.79,6.79,100.0
2019-03-26 12:27:00,6.775,6.775,6.775,6.775,1106.0
2019-03-26 12:32:00,6.76,6.76,6.76,6.76,205.0
2019-03-26 12:35:00,6.76,6.76,6.76,6.76,205.0
2019-03-26 12:37:00,6.775,6.775,6.775,6.775,100.0
2019-03-26 12:40:00,6.76,6.76,6.76,6.76,100.0
2019-03-26 12:43:00,6.76,6.7797,6.76,6.7797,200.0
2019-03-26 12:44:00,6.7799,6.7799,6.7799,6.7799,1316.0
2019-03-26 12:45:00,6.79,6.82,6.79,6.82,0.0
2019-03-26 12:47:00,6.825,6.825,6.825,6.825,200.0
2019-03-26 12:49:00,6.83,6.86,6.83,6.86,724.0
2019-03-26 12:50:00,6.8,6.8,6.8,6.8,7986.0
2019-03-26 12:52:00,6.82,6.82,6.82,6.82,179.0
2019-03-26 12:57:00,6.83,6.84,6.83,6.84,608.0
2019-03-26 12:58:00,6.86,6.86,6.86,6.86,1700.0
2019-03-26 13:06:00,6.84,6.84,6.84,6.84,1197.0
2019-03-26 13:10:00,6.84,6.84,6.84,6.84,700.0
2019-03-26 13:15:00,6.86,6.865,6.86,6.865,885.0
2019-03-26 13:21:00,6.85,6.85,6.85,6.85,500.0
2019-03-26 13:23:00,6.86,6.86,6.86,6.86,500.0
2019-03-26 13:29:00,6.88,6.88,6.88,6.88,914.0
2019-03-26 13:30:00,6.88,6.88,6.88,6.88,2198.0
2019-03-26 13:31:00,6.89,6.89,6.89,6.89,1130.0
2019-03-26 13:37:00,6.88,6.88,6.88,6.88,200.0
2019-03-26 13:39:00,6.87,6.87,6.87,6.87,702.0
2019-03-26 13:49:00,6.85,6.85,6.82,6.82,2833.0
2019-03-26 13:50:00,6.82,6.82,6.82,6.82,200.0
2019-03-26 13:54:00,6.82,6.82,6.82,6.82,783.0
2019-03-26 14:01:00,6.79,6.79,6.79,6.79,100.0
2019-03-26 14:03:00,6.79,6.79,6.79,6.79,100.0
2019-03-26 14:06:00,6.79,6.79,6.79,6.79,100.0
2019-03-26 14:11:00,6.79,6.79,6.79,6.79,200.0
2019-03-26 14:14:00,6.79,6.79,6.79,6.79,100.0
2019-03-26 14:17:00,6.84,6.84,6.84,6.84,1100.0
2019-03-26 14:20:00,6.84,6.84,6.84,6.84,3073.0
2019-03-26 14:22:00,6.84,6.84,6.8,6.8,1088.0
2019-03-26 14:31:00,6.79,6.79,6.79,6.79,0.0
2019-03-26 14:33:00,6.83,6.83,6.76,6.76,2312.0
2019-03-26 14:34:00,6.77,6.77,6.77,6.77,100.0
2019-03-26 14:36:00,6.77,6.77,6.77,6.77,200.0
2019-03-26 14:41:00,6.76,6.76,6.76,6.76,200.0
2019-03-26 14:44:00,6.76,6.76,6.76,6.76,100.0
2019-03-26 14:51:00,6.76,6.76,6.76,6.76,300.0
2019-03-26 14:53:00,6.78,6.78,6.74,6.74,12144.0
2019-03-26 14:55:00,6.74,6.74,6.74,6.74,100.0
2019-03-26 14:57:00,6.75,6.75,6.75,6.75,945.0
2019-03-26 15:10:00,6.74,6.74,6.74,6.74,1084.0
2019-03-26 15:18:00,6.73,6.73,6.73,6.73,100.0
2019-03-26 15:22:00,6.745,6.745,6.745,6.745,200.0
2019-03-26 15:24:00,6.745,6.745,6.745,6.745,100.0
2019-03-26 15:27:00,6.7349,6.7349,6.7349,6.7349,2048.0
2019-03-26 15:30:00,6.72,6.72,6.72,6.72,1267.0
2019-03-26 15:32:00,6.7,6.7,6.7,6.7,183.0
2019-03-26 15:34:00,6.68,6.68,6.68,6.68,2900.0
2019-03-26 15:36:00,6.68,6.68,6.68,6.68,1158.0
2019-03-26 15:43:00,6.73,6.73,6.73,6.73,695.0
2019-03-26 15:45:00,6.71,6.71,6.71,6.71,101.0
2019-03-26 15:47:00,6.71,6.71,6.71,6.71,1568.0
2019-03-26 15:48:00,6.6992,6.6992,6.6992,6.6992,700.0
2019-03-26 15:51:00,6.71,6.71,6.71,6.71,827.0
2019-03-26 15:55:00,6.7,6.7,6.7,6.7,1000.0
2019-03-26 15:57:00,6.69,6.69,6.69,6.69,620.0
2019-03-26 15:58:00,6.68,6.68,6.68,6.68,632.0
2019-03-26 16:00:00,6.691,6.691,6.64,6.64,8133.0
2019-03-27 09:31:00,6.68,6.68,6.68,6.68,1700.0
2019-03-27 09:32:00,6.8,6.8,6.8,6.8,11988.0
2019-03-27 09:34:00,6.89,6.89,6.89,6.89,203.0
2019-03-27 09:36:00,6.88,6.88,6.8776,6.88,403.0
2019-03-27 09:37:00,6.8261,6.8261,6.8261,6.8261,2091.0
2019-03-27 09:42:00,6.85,6.85,6.85,6.85,1433.0
2019-03-27 09:43:00,6.86,6.86,6.86,6.86,2653.0
2019-03-27 09:45:00,6.87,6.87,6.87,6.87,220.0
2019-03-27 09:46:00,6.9,6.92,6.9,6.92,1720.0
2019-03-27 09:50:00,6.95,6.95,6.95,6.95,500.0
2019-03-27 09:51:00,7.0,7.01,6.94,6.94,7284.0
2019-03-27 09:53:00,6.97,6.98,6.97,6.98,700.0
2019-03-27 09:54:00,6.99,7.0,6.99,7.0,1368.0
2019-03-27 09:57:00,7.015,7.015,7.015,7.015,500.0
2019-03-27 09:59:00,7.0,7.0,7.0,7.0,1957.0
2019-03-27 10:05:00,6.96,6.96,6.96,6.96,150.0
2019-03-27 10:11:00,6.9627,6.9627,6.96,6.96,600.0
2019-03-27 10:15:00,7.0,7.0,7.0,7.0,1551.0
2019-03-27 10:21:00,7.0,7.0022,7.0,7.0022,6363.0
2019-03-27 10:23:00,6.92,6.92,6.92,6.92,100.0
2019-03-27 10:28:00,6.92,6.92,6.92,6.92,183.0
2019-03-27 10:38:00,6.91,6.91,6.91,6.91,380.0
2019-03-27 10:39:00,6.84,6.84,6.84,6.84,680.0
2019-03-27 10:40:00,6.915,6.915,6.915,6.915,700.0
2019-03-27 10:43:00,6.89,6.89,6.89,6.89,100.0
2019-03-27 10:44:00,6.86,6.86,6.86,6.86,2233.0
2019-03-27 10:45:00,6.85,6.85,6.85,6.85,531.0
2019-03-27 10:48:00,6.82,6.82,6.82,6.82,131.0
2019-03-27 10:53:00,6.83,6.83,6.83,6.83,100.0
2019-03-27 10:58:00,6.81,6.81,6.81,6.81,100.0
2019-03-27 10:59:00,6.8287,6.8287,6.8287,6.8287,614.0
2019-03-27 11:02:00,6.86,6.86,6.86,6.86,1074.0
2019-03-27 11:07:00,6.92,6.92,6.92,6.92,100.0
2019-03-27 11:09:00,6.89,6.89,6.89,6.89,300.0
2019-03-27 11:13:00,6.92,6.92,6.92,6.92,100.0
2019-03-27 11:14:00,6.91,6.91,6.91,6.91,200.0
2019-03-27 11:16:00,6.9,6.9,6.9,6.9,624.0
2019-03-27 11:20:00,6.92,6.92,6.92,6.92,200.0
2019-03-27 11:21:00,6.92,6.92,6.92,6.92,1300.0
2019-03-27 11:32:00,6.96,6.96,6.96,6.96,100.0
2019-03-27 11:34:00,6.91,6.91,6.91,6.91,100.0
2019-03-27 11:35:00,6.9344,6.9344,6.9344,6.9344,555.0
2019-03-27 11:40:00,6.86,6.86,6.86,6.86,100.0
2019-03-27 11:42:00,6.91,6.91,6.88,6.88,600.0
2019-03-27 12:01:00,6.91,6.91,6.91,6.91,200.0
2019-03-27 12:07:00,6.92,6.92,6.92,6.92,1846.0
2019-03-27 12:36:00,6.95,6.95,6.95,6.95,100.0
2019-03-27 12:45:00,6.92,6.92,6.92,6.92,100.0
2019-03-27 12:49:00,6.97,6.97,6.97,6.97,1300.0
2019-03-27 13:07:00,6.97,6.97,6.97,6.97,9710.0
2019-03-27 13:12:00,7.0,7.01,6.91,6.91,10959.0
2019-03-27 13:18:00,6.97,6.97,6.97,6.97,103.0
2019-03-27 13:21:00,7.0,7.0,7.0,7.0,700.0
2019-03-27 13:29:00,7.0,7.0,6.99,6.99,13731.0
2019-03-27 13:38:00,6.96,6.96,6.96,6.96,400.0
2019-03-27 13:41:00,6.98,6.98,6.98,6.98,100.0
2019-03-27 13:57:00,6.95,6.95,6.89,6.89,6203.0
2019-03-27 14:09:00,6.94,6.94,6.915,6.915,900.0
2019-03-27 14:17:00,6.93,6.93,6.93,6.93,400.0
2019-03-27 14:28:00,6.9297,6.9297,6.9297,6.9297,1451.0
2019-03-27 14:30:00,6.93,6.93,6.93,6.93,300.0
2019-03-27 14:37:00,6.94,6.94,6.94,6.94,100.0
2019-03-27 14:38:00,6.91,6.91,6.91,6.91,2779.0
2019-03-27 14:39:00,6.91,6.91,6.91,6.91,1700.0
2019-03-27 14:40:00,6.91,6.91,6.91,6.91,100.0
2019-03-27 14:41:00,6.93,6.93,6.93,6.93,4600.0
2019-03-27 14:43:00,6.93,6.93,6.93,6.93,100.0
2019-03-27 14:44:00,6.93,6.93,6.93,6.93,200.0
2019-03-27 14:51:00,6.93,6.93,6.93,6.93,383.0
2019-03-27 14:59:00,6.93,6.93,6.93,6.93,100.0
2019-03-27 15:01:00,6.93,6.93,6.93,6.93,1081.0
2019-03-27 15:06:00,6.93,6.93,6.93,6.93,200.0
2019-03-27 15:07:00,6.94,6.94,6.94,6.94,1300.0
2019-03-27 15:08:00,6.94,6.94,6.94,6.94,1400.0
2019-03-27 15:09:00,6.94,6.94,6.94,6.94,1802.0
2019-03-27 15:18:00,6.93,6.93,6.92,6.92,925.0
2019-03-27 15:23:00,6.92,6.92,6.92,6.92,100.0
2019-03-27 15:24:00,6.925,6.925,6.925,6.925,530.0
2019-03-27 15:27:00,6.93,6.93,6.93,6.93,100.0
2019-03-27 15:29:00,6.93,6.93,6.93,6.93,340.0
2019-03-27 15:30:00,6.93,6.93,6.93,6.93,300.0
2019-03-27 15:31:00,6.89,6.89,6.89,6.89,600.0
2019-03-27 15:32:00,6.9,6.92,6.9,6.92,500.0
2019-03-27 15:33:00,6.92,6.92,6.92,6.92,100.0
2019-03-27 15:34:00,6.92,6.92,6.92,6.92,700.0
2019-03-27 15:38:00,6.92,6.92,6.92,6.92,100.0
2019-03-27 15:41:00,6.92,6.92,6.92,6.92,100.0
2019-03-27 15:43:00,6.92,6.92,6.92,6.92,552.0
2019-03-27 15:45:00,6.92,6.92,6.92,6.92,652.0
2019-03-27 15:46:00,6.925,6.925,6.925,6.925,385.0
2019-03-27 15:48:00,6.92,6.92,6.92,6.92,184.0
2019-03-27 15:49:00,6.93,6.93,6.93,6.93,276.0
2019-03-27 15:50:00,6.9,6.9,6.89,6.89,2749.0
2019-03-27 15:54:00,6.89,6.89,6.89,6.89,322.0
2019-03-27 15:56:00,6.86,6.86,6.83,6.83,559.0
2019-03-27 15:57:00,6.83,6.83,6.83,6.83,653.0
2019-03-27 15:58:00,6.85,6.85,6.85,6.85,986.0
2019-03-27 15:59:00,6.81,6.81,6.81,6.81,1787.0
2019-03-27 16:00:00,6.82,6.85,6.81,6.85,1361.0
2019-03-28 09:31:00,6.53,6.53,6.5,6.5,4637.0
2019-03-28 09:32:00,6.53,6.53,6.53,6.53,119.0
2019-03-28 09:33:00,6.53,6.53,6.53,6.53,200.0
2019-03-28 09:34:00,6.41,6.45,6.41,6.41,8838.0
2019-03-28 09:35:00,6.63,6.64,6.43,6.4763,1063.0
2019-03-28 09:36:00,6.54,6.54,6.54,6.54,262.0
2019-03-28 09:38:00,6.615,6.62,6.6,6.615,700.0
2019-03-28 09:39:00,6.6,6.6,6.56,6.58,631.0
2019-03-28 09:40:00,6.58,6.58,6.58,6.58,675.0
2019-03-28 09:43:00,6.6,6.6,6.58,6.58,500.0
2019-03-28 09:45:00,6.6,6.6,6.6,6.6,900.0
2019-03-28 09:49:00,6.63,6.63,6.63,6.63,178.0
2019-03-28 09:50:00,6.64,6.65,6.64,6.65,794.0
2019-03-28 09:53:00,6.65,6.65,6.65,6.65,115.0
2019-03-28 09:54:00,6.65,6.65,6.65,6.65,133.0
2019-03-28 09:55:00,6.695,6.695,6.695,6.695,200.0
2019-03-28 09:56:00,6.665,6.68,6.66,6.66,504.0
2019-03-28 09:57:00,6.66,6.7,6.66,6.7,803.0
2019-03-28 09:58:00,6.7,6.7,6.65,6.65,4552.0
2019-03-28 09:59:00,6.6,6.6,6.6,6.6,721.0
2019-03-28 10:00:00,6.6,6.6,6.6,6.6,100.0
2019-03-28 10:01:00,6.6,6.6,6.6,6.6,200.0
2019-03-28 10:02:00,6.6,6.6,6.6,6.6,200.0
2019-03-28 10:03:00,6.6,6.6,6.6,6.6,200.0
2019-03-28 10:04:00,6.6,6.6,6.6,6.6,300.0
2019-03-28 10:05:00,6.6,6.6,6.6,6.6,200.0
2019-03-28 10:06:00,6.6,6.6,6.6,6.6,100.0
2019-03-28 10:07:00,6.6,6.6,6.6,6.6,326.0
2019-03-28 10:08:00,6.6,6.6,6.6,6.6,200.0
2019-03-28 10:09:00,6.6,6.6,6.6,6.6,300.0
2019-03-28 10:10:00,6.605,6.605,6.605,6.605,100.0
2019-03-28 10:11:00,6.6,6.65,6.6,6.65,700.0
2019-03-28 10:12:00,6.68,6.72,6.68,6.72,500.0
2019-03-28 10:20:00,6.73,6.74,6.72,6.73,4250.0
2019-03-28 10:21:00,6.77,6.77,6.74,6.74,4377.0
2019-03-28 10:23:00,6.75,6.75,6.7199,6.7199,6104.0
2019-03-28 10:28:00,6.72,6.72,6.72,6.72,345.0
2019-03-28 10:29:00,6.7358,6.75,6.7358,6.75,820.0
2019-03-28 10:32:00,6.78,6.78,6.78,6.78,413.0
2019-03-28 10:35:00,6.78,6.78,6.78,6.78,2800.0
2019-03-28 10:37:00,6.71,6.71,6.71,6.71,300.0
2019-03-28 10:40:00,6.71,6.71,6.64,6.65,5394.0
2019-03-28 10:43:00,6.66,6.66,6.65,6.65,2420.0
2019-03-28 10:44:00,6.65,6.65,6.65,6.65,3680.0
2019-03-28 10:45:00,6.65,6.65,6.61,6.61,500.0
2019-03-28 10:47:00,6.66,6.66,6.64,6.64,200.0
2019-03-28 10:48:00,6.65,6.65,6.65,6.65,955.0
2019-03-28 10:50:00,6.645,6.69,6.645,6.69,500.0
2019-03-28 10:51:00,6.7,6.7,6.7,6.7,100.0
2019-03-28 10:54:00,6.7,6.7,6.7,6.7,2358.0
2019-03-28 11:01:00,6.725,6.725,6.725,6.725,167.0
2019-03-28 11:03:00,6.72,6.72,6.72,6.72,300.0
2019-03-28 11:04:00,6.72,6.72,6.72,6.72,100.0
2019-03-28 11:05:00,6.72,6.72,6.72,6.72,400.0
2019-03-28 11:07:00,6.73,6.75,6.65,6.65,904.0
2019-03-28 11:10:00,6.67,6.67,6.67,6.67,100.0
2019-03-28 11:11:00,6.68,6.68,6.68,6.68,2180.0
2019-03-28 11:12:00,6.68,6.68,6.68,6.68,220.0
2019-03-28 11:14:00,6.695,6.695,6.695,6.695,549.0
2019-03-28 11:18:00,6.71,6.71,6.71,6.71,100.0
2019-03-28 11:19:00,6.66,6.66,6.66,6.66,100.0
2019-03-28 11:22:00,6.68,6.68,6.68,6.68,1140.0
2019-03-28 11:23:00,6.68,6.68,6.68,6.68,100.0
2019-03-28 11:27:00,6.68,6.68,6.68,6.68,1140.0
2019-03-28 11:32:00,6.68,6.68,6.68,6.68,100.0
2019-03-28 11:34:00,6.68,6.68,6.68,6.68,160.0
2019-03-28 11:35:00,6.68,6.6986,6.68,6.6986,1200.0
2019-03-28 11:40:00,6.71,6.71,6.69,6.69,3456.0
2019-03-28 11:49:00,6.72,6.72,6.72,6.72,549.0
2019-03-28 11:53:00,6.7354,6.7354,6.7352,6.7352,400.0
2019-03-28 11:57:00,6.74,6.74,6.74,6.74,200.0
2019-03-28 11:58:00,6.74,6.74,6.74,6.74,2800.0
2019-03-28 12:00:00,6.72,6.72,6.72,6.72,100.0
2019-03-28 12:01:00,6.75,6.76,6.75,6.76,200.0
2019-03-28 12:03:00,6.76,6.76,6.76,6.76,100.0
2019-03-28 12:05:00,6.7402,6.7402,6.7402,6.7402,500.0
2019-03-28 12:08:00,6.76,6.76,6.76,6.76,200.0
2019-03-28 12:14:00,6.75,6.78,6.75,6.78,200.0
2019-03-28 12:16:00,6.77,6.77,6.77,6.77,120.0
2019-03-28 12:17:00,6.77,6.77,6.77,6.77,300.0
2019-03-28 12:18:00,6.78,6.8,6.75,6.77,4066.0
2019-03-28 12:31:00,6.72,6.72,6.72,6.72,100.0
2019-03-28 12:34:00,6.76,6.76,6.76,6.76,100.0
2019-03-28 12:37:00,6.78,6.79,6.76,6.79,3420.0
2019-03-28 12:39:00,6.81,6.81,6.81,6.81,100.0
2019-03-28 12:44:00,6.77,6.77,6.77,6.77,190.0
2019-03-28 12:46:00,6.78,6.78,6.78,6.78,300.0
2019-03-28 12:47:00,6.85,6.85,6.85,6.85,100.0
2019-03-28 12:51:00,6.85,6.85,6.85,6.85,200.0
2019-03-28 12:57:00,6.81,6.87,6.81,6.87,6700.0
2019-03-28 12:58:00,6.87,6.87,6.87,6.87,100.0
2019-03-28 13:00:00,6.79,6.79,6.79,6.79,100.0
2019-03-28 13:01:00,6.86,6.86,6.86,6.86,100.0
2019-03-28 13:07:00,6.86,6.86,6.86,6.86,100.0
2019-03-28 13:09:00,6.791,6.85,6.79,6.845,700.0
2019-03-28 13:10:00,6.79,6.79,6.79,6.79,100.0
2019-03-28 13:11:00,6.84,6.84,6.84,6.84,100.0
2019-03-28 13:13:00,6.83,6.84,6.83,6.84,200.0
2019-03-28 13:15:00,6.87,6.87,6.82,6.82,4424.0
2019-03-28 13:16:00,6.81,6.83,6.81,6.83,400.0
2019-03-28 13:18:00,6.84,6.84,6.84,6.84,555.0
2019-03-28 13:19:00,6.84,6.84,6.84,6.84,100.0
2019-03-28 13:22:00,6.84,6.84,6.84,6.84,100.0
2019-03-28 13:27:00,6.89,6.89,6.89,6.89,100.0
2019-03-28 13:32:00,6.87,6.87,6.87,6.87,300.0
2019-03-28 13:34:00,6.89,6.89,6.89,6.89,132.0
2019-03-28 13:35:00,6.87,6.87,6.87,6.87,480.0
2019-03-28 13:39:00,6.87,6.87,6.87,6.87,520.0
2019-03-28 13:41:00,6.82,6.82,6.78,6.815,4202.0
2019-03-28 13:42:00,6.84,6.84,6.84,6.84,200.0
2019-03-28 13:44:00,6.78,6.78,6.78,6.78,100.0
2019-03-28 13:46:00,6.84,6.84,6.84,6.84,100.0
2019-03-28 13:49:00,6.79,6.79,6.79,6.79,205.0
2019-03-28 13:57:00,6.82,6.85,6.82,6.85,400.0
2019-03-28 14:02:00,6.86,6.86,6.86,6.86,100.0
2019-03-28 14:05:00,6.85,6.85,6.85,6.85,804.0
2019-03-28 14:09:00,6.85,6.85,6.85,6.85,200.0
2019-03-28 14:11:00,6.85,6.85,6.85,6.85,300.0
2019-03-28 14:12:00,6.85,6.85,6.85,6.85,100.0
2019-03-28 14:13:00,6.85,6.85,6.85,6.85,300.0
2019-03-28 14:14:00,6.85,6.85,6.85,6.85,100.0
2019-03-28 14:15:00,6.85,6.85,6.85,6.85,200.0
2019-03-28 14:16:00,6.85,6.85,6.85,6.85,104.0
2019-03-28 14:17:00,6.85,6.85,6.85,6.85,100.0
2019-03-28 14:18:00,6.85,6.85,6.85,6.85,200.0
2019-03-28 14:19:00,6.87,6.87,6.85,6.85,400.0
2019-03-28 14:21:00,6.84,6.87,6.84,6.87,520.0
2019-03-28 14:22:00,6.85,6.85,6.85,6.85,100.0
2019-03-28 14:23:00,6.85,6.85,6.85,6.85,100.0
2019-03-28 14:24:00,6.85,6.85,6.85,6.85,200.0
2019-03-28 14:25:00,6.85,6.85,6.85,6.85,200.0
2019-03-28 14:26:00,6.86,6.87,6.85,6.85,600.0
2019-03-28 14:27:00,6.8636,6.8636,6.85,6.85,200.0
2019-03-28 14:28:00,6.85,6.85,6.85,6.85,100.0
2019-03-28 14:29:00,6.85,6.85,6.85,6.85,200.0
2019-03-28 14:30:00,6.85,6.85,6.85,6.85,100.0
2019-03-28 14:31:00,6.85,6.85,6.85,6.85,200.0
2019-03-28 14:32:00,6.85,6.85,6.85,6.85,100.0
2019-03-28 14:33:00,6.85,6.85,6.85,6.85,200.0
2019-03-28 14:34:00,6.85,6.85,6.83,6.83,400.0
2019-03-28 14:37:00,6.82,6.82,6.82,6.82,200.0
2019-03-28 14:38:00,6.82,6.82,6.82,6.82,100.0
2019-03-28 14:39:00,6.82,6.82,6.81,6.81,800.0
2019-03-28 14:40:00,6.81,6.81,6.81,6.81,200.0
2019-03-28 14:41:00,6.81,6.81,6.8,6.8,1100.0
2019-03-28 14:42:00,6.8,6.8,6.8,6.8,300.0
2019-03-28 14:45:00,6.8,6.8,6.8,6.8,100.0
2019-03-28 14:46:00,6.8,6.8,6.8,6.8,300.0
2019-03-28 14:48:00,6.835,6.835,6.835,6.835,200.0
2019-03-28 14:49:00,6.8,6.8,6.8,6.8,200.0
2019-03-28 14:50:00,6.8,6.8,6.8,6.8,100.0
2019-03-28 14:51:00,6.8,6.8,6.79,6.79,261.0
2019-03-28 14:53:00,6.79,6.8,6.79,6.8,1200.0
2019-03-28 14:55:00,6.81,6.81,6.78,6.7975,500.0
2019-03-28 14:56:00,6.78,6.78,6.78,6.78,100.0
2019-03-28 14:57:00,6.78,6.78,6.77,6.77,600.0
2019-03-28 15:00:00,6.77,6.77,6.77,6.77,100.0
2019-03-28 15:01:00,6.77,6.77,6.77,6.77,200.0
2019-03-28 15:02:00,6.77,6.77,6.77,6.77,100.0
2019-03-28 15:03:00,6.77,6.81,6.77,6.77,400.0
2019-03-28 15:04:00,6.77,6.81,6.75,6.76,2100.0
2019-03-28 15:06:00,6.76,6.76,6.76,6.76,400.0
2019-03-28 15:07:00,6.75,6.75,6.75,6.75,221.0
2019-03-28 15:09:00,6.76,6.77,6.76,6.76,600.0
2019-03-28 15:10:00,6.76,6.76,6.76,6.76,4595.0
2019-03-28 15:11:00,6.75,6.75,6.75,6.75,400.0
2019-03-28 15:12:00,6.735,6.735,6.7,6.7,700.0
2019-03-28 15:16:00,6.7,6.7,6.7,6.7,200.0
2019-03-28 15:20:00,6.735,6.735,6.73,6.73,400.0
2019-03-28 15:22:00,6.72,6.72,6.72,6.72,100.0
2019-03-28 15:25:00,6.73,6.73,6.7,6.7,716.0
2019-03-28 15:31:00,6.7,6.7399,6.7,6.7399,1101.0
2019-03-28 15:33:00,6.73,6.73,6.73,6.73,100.0
2019-03-28 15:36:00,6.73,6.73,6.7,6.7,500.0
2019-03-28 15:37:00,6.74,6.74,6.74,6.74,100.0
2019-03-28 15:38:00,6.7399,6.7399,6.73,6.73,700.0
2019-03-28 15:40:00,6.73,6.73,6.73,6.73,120.0
2019-03-28 15:41:00,6.71,6.71,6.71,6.71,100.0
2019-03-28 15:42:00,6.725,6.74,6.725,6.74,703.0
2019-03-28 15:46:00,6.74,6.74,6.71,6.71,3134.0
2019-03-28 15:47:00,6.71,6.71,6.71,6.71,114.0
2019-03-28 15:49:00,6.6975,6.7,6.695,6.695,1567.0
2019-03-28 15:50:00,6.69,6.69,6.69,6.69,100.0
2019-03-28 15:51:00,6.7,6.7,6.7,6.7,100.0
2019-03-28 15:52:00,6.7,6.7,6.7,6.7,575.0
2019-03-28 15:54:00,6.69,6.69,6.69,6.69,400.0
2019-03-28 15:56:00,6.7,6.7,6.6975,6.7,1468.0
2019-03-28 15:57:00,6.69,6.69,6.67,6.68,12927.0
2019-03-28 15:58:00,6.68,6.7,6.66,6.7,3468.0
2019-03-28 15:59:00,6.7,6.71,6.6475,6.6475,3482.0
2019-03-28 16:00:00,6.65,6.65,6.63,6.63,9988.0
2019-03-29 09:31:00,6.702,6.702,6.702,6.702,1425.0
2019-03-29 09:33:00,6.65,6.65,6.65,6.65,1000.0
2019-03-29 09:34:00,6.65,6.78,6.65,6.78,328.0
2019-03-29 09:35:00,6.78,6.79,6.78,6.79,800.0
2019-03-29 09:36:00,6.79,6.79,6.79,6.79,100.0
2019-03-29 09:37:00,6.79,6.79,6.79,6.79,100.0
2019-03-29 09:38:00,6.79,6.79,6.78,6.79,400.0
2019-03-29 09:39:00,6.78,6.79,6.78,6.79,470.0
2019-03-29 09:41:00,6.78,6.78,6.78,6.78,210.0
2019-03-29 09:42:00,6.78,6.78,6.78,6.78,200.0
2019-03-29 09:43:00,6.78,6.78,6.78,6.78,364.0
2019-03-29 09:44:00,6.78,6.78,6.78,6.78,500.0
2019-03-29 09:45:00,6.77,6.77,6.77,6.77,400.0
2019-03-29 09:49:00,6.77,6.88,6.77,6.88,3717.0
2019-03-29 09:50:00,6.86,6.89,6.86,6.89,1000.0
2019-03-29 09:51:00,6.89,6.89,6.89,6.89,100.0
2019-03-29 09:53:00,6.92,6.92,6.92,6.92,100.0
2019-03-29 09:54:00,6.92,6.92,6.89,6.89,1620.0
2019-03-29 09:56:00,6.87,6.87,6.87,6.87,200.0
2019-03-29 09:57:00,6.87,6.87,6.87,6.87,900.0
2019-03-29 10:02:00,6.86,6.86,6.86,6.86,1000.0
2019-03-29 10:06:00,6.84,6.89,6.84,6.89,1200.0
2019-03-29 10:07:00,6.88,6.88,6.88,6.88,355.0
2019-03-29 10:12:00,6.885,6.89,6.88,6.89,4466.0
2019-03-29 10:14:00,6.89,6.89,6.875,6.875,2600.0
2019-03-29 10:15:00,6.88,6.88,6.88,6.88,100.0
2019-03-29 10:18:00,6.88,6.88,6.88,6.88,300.0
2019-03-29 10:19:00,6.85,6.85,6.85,6.85,100.0
2019-03-29 10:20:00,6.86,6.86,6.85,6.85,2222.0
2019-03-29 10:27:00,6.8473,6.8473,6.84,6.84,700.0
2019-03-29 10:28:00,6.85,6.85,6.85,6.85,322.0
2019-03-29 10:32:00,6.86,6.86,6.86,6.86,2405.0
2019-03-29 10:36:00,6.8377,6.8377,6.8377,6.8377,220.0
2019-03-29 10:38:00,6.81,6.81,6.81,6.81,700.0
2019-03-29 10:40:00,6.8234,6.8234,6.8234,6.8234,600.0
2019-03-29 10:41:00,6.85,6.89,6.84,6.89,800.0
2019-03-29 10:42:00,6.88,6.88,6.86,6.86,3120.0
2019-03-29 10:44:00,6.88,6.88,6.88,6.88,100.0
2019-03-29 10:48:00,6.88,6.88,6.88,6.88,800.0
2019-03-29 10:52:00,6.91,6.91,6.91,6.91,300.0
2019-03-29 10:53:00,6.91,6.91,6.91,6.91,2640.0
2019-03-29 11:00:00,6.91,6.92,6.91,6.92,470.0
2019-03-29 11:01:00,6.905,6.905,6.905,6.905,101.0
2019-03-29 11:03:00,6.89,6.89,6.89,6.89,2200.0
2019-03-29 11:07:00,6.91,6.91,6.91,6.91,693.0
2019-03-29 11:09:00,6.92,6.95,6.915,6.915,3512.0
2019-03-29 11:11:00,6.95,6.95,6.95,6.95,100.0
2019-03-29 11:13:00,6.93,6.93,6.93,6.93,2220.0
2019-03-29 11:14:00,6.92,6.92,6.92,6.92,100.0
2019-03-29 11:15:00,6.92,6.93,6.91,6.91,5692.0
2019-03-29 11:16:00,6.92,6.92,6.9,6.9,3639.0
2019-03-29 11:17:00,6.88,6.89,6.87,6.89,1800.0
2019-03-29 11:18:00,6.87,6.87,6.845,6.85,3830.0
2019-03-29 11:19:00,6.86,6.88,6.86,6.88,725.0
2019-03-29 11:20:00,6.88,6.89,6.86,6.86,3525.0
2019-03-29 11:21:00,6.86,6.86,6.86,6.86,1610.0
2019-03-29 11:22:00,6.87,6.87,6.87,6.87,1610.0
2019-03-29 11:24:00,6.87,6.87,6.82,6.82,3510.0
2019-03-29 11:25:00,6.82,6.82,6.76,6.79,2615.0
2019-03-29 11:26:00,6.81,6.82,6.79,6.8,2050.0
2019-03-29 11:27:00,6.8,6.8,6.79,6.79,234.0
2019-03-29 11:31:00,6.82,6.83,6.82,6.83,310.0
2019-03-29 11:35:00,6.84,6.84,6.84,6.84,300.0
2019-03-29 11:36:00,6.86,6.86,6.79,6.79,3260.0
2019-03-29 11:37:00,6.8,6.83,6.8,6.83,630.0
2019-03-29 11:38:00,6.85,6.85,6.84,6.84,710.0
2019-03-29 11:39:00,6.85,6.85,6.84,6.84,420.0
2019-03-29 11:40:00,6.84,6.86,6.84,6.86,1300.0
2019-03-29 11:41:00,6.86,6.86,6.86,6.86,2300.0
2019-03-29 11:43:00,6.85,6.85,6.82,6.82,2220.0
2019-03-29 11:44:00,6.82,6.82,6.81,6.81,2220.0
2019-03-29 11:45:00,6.81,6.83,6.81,6.82,1510.0
2019-03-29 11:46:00,6.81,6.83,6.8,6.8273,3058.0
2019-03-29 11:47:00,6.83,6.84,6.83,6.84,660.0
2019-03-29 11:48:00,6.84,6.87,6.82,6.82,2300.0
2019-03-29 11:51:00,6.8,6.81,6.8,6.81,200.0
2019-03-29 11:53:00,6.83,6.83,6.83,6.83,370.0
2019-03-29 12:07:00,6.85,6.85,6.85,6.85,1060.0
2019-03-29 12:11:00,6.85,6.85,6.85,6.85,500.0
2019-03-29 12:12:00,6.855,6.87,6.85,6.87,2921.0
2019-03-29 12:20:00,6.87,6.9,6.87,6.9,400.0
2019-03-29 12:24:00,6.9,6.9,6.9,6.9,300.0
2019-03-29 12:28:00,6.91,6.91,6.9,6.9,5211.0
2019-03-29 12:29:00,6.9,6.9,6.88,6.88,200.0
2019-03-29 12:35:00,6.875,6.89,6.875,6.89,505.0
2019-03-29 12:37:00,6.85,6.85,6.83,6.85,344.0
2019-03-29 12:39:00,6.8,6.8,6.8,6.8,2120.0
2019-03-29 12:40:00,6.82,6.85,6.805,6.85,1258.0
2019-03-29 12:42:00,6.82,6.82,6.81,6.81,2500.0
2019-03-29 12:58:00,6.81,6.81,6.81,6.81,300.0
2019-03-29 12:59:00,6.81,6.81,6.78,6.78,302.0
2019-03-29 13:01:00,6.77,6.77,6.77,6.77,900.0
2019-03-29 13:04:00,6.77,6.77,6.77,6.77,473.0
2019-03-29 13:06:00,6.77,6.77,6.77,6.77,200.0
2019-03-29 13:07:00,6.79,6.79,6.79,6.79,120.0
2019-03-29 13:09:00,6.79,6.79,6.75,6.79,3300.0
2019-03-29 13:20:00,6.77,6.77,6.75,6.77,2040.0
2019-03-29 13:31:00,6.75,6.75,6.75,6.75,315.0
2019-03-29 13:38:00,6.79,6.79,6.79,6.79,3100.0
2019-03-29 13:44:00,6.8,6.8,6.8,6.8,300.0
2019-03-29 13:47:00,6.8,6.8,6.8,6.8,100.0
2019-03-29 13:49:00,6.8,6.8,6.8,6.8,100.0
2019-03-29 13:50:00,6.8,6.8,6.8,6.8,200.0
2019-03-29 13:54:00,6.81,6.81,6.81,6.81,420.0
2019-03-29 14:12:00,6.84,6.84,6.84,6.84,100.0
2019-03-29 14:18:00,6.86,6.86,6.86,6.86,200.0
2019-03-29 14:19:00,6.86,6.86,6.86,6.86,600.0
2019-03-29 14:23:00,6.86,6.86,6.86,6.86,7900.0
2019-03-29 14:24:00,6.85,6.85,6.85,6.85,1020.0
2019-03-29 14:25:00,6.82,6.82,6.82,6.82,552.0
2019-03-29 14:26:00,6.81,6.81,6.79,6.79,448.0
2019-03-29 14:30:00,6.79,6.79,6.79,6.79,401.0
2019-03-29 14:39:00,6.79,6.79,6.79,6.79,100.0
2019-03-29 14:42:00,6.78,6.8,6.78,6.8,1120.0
2019-03-29 14:51:00,6.79,6.79,6.79,6.79,900.0
2019-03-29 14:52:00,6.78,6.78,6.77,6.78,2400.0
2019-03-29 14:53:00,6.78,6.78,6.78,6.78,100.0
2019-03-29 14:58:00,6.755,6.755,6.755,6.755,2710.0
2019-03-29 14:59:00,6.73,6.73,6.72,6.72,400.0
2019-03-29 15:01:00,6.72,6.72,6.71,6.72,1300.0
2019-03-29 15:02:00,6.72,6.72,6.72,6.72,100.0
2019-03-29 15:05:00,6.7,6.7,6.7,6.7,550.0
2019-03-29 15:09:00,6.6999,6.6999,6.69,6.69,658.0
2019-03-29 15:14:00,6.7,6.7,6.7,6.7,100.0
2019-03-29 15:17:00,6.69,6.69,6.69,6.69,1000.0
2019-03-29 15:20:00,6.709,6.709,6.6993,6.6993,2000.0
2019-03-29 15:22:00,6.71,6.71,6.71,6.71,320.0
2019-03-29 15:27:00,6.68,6.69,6.67,6.67,1300.0
2019-03-29 15:29:00,6.69,6.69,6.69,6.69,200.0
2019-03-29 15:30:00,6.69,6.69,6.68,6.68,1200.0
2019-03-29 15:32:00,6.68,6.68,6.68,6.68,100.0
2019-03-29 15:33:00,6.69,6.69,6.69,6.69,200.0
2019-03-29 15:34:00,6.69,6.7,6.69,6.7,1000.0
2019-03-29 15:35:00,6.66,6.66,6.645,6.65,5188.0
2019-03-29 15:36:00,6.62,6.64,6.6,6.6,2908.0
2019-03-29 15:37:00,6.6,6.615,6.6,6.6,900.0
2019-03-29 15:38:00,6.6,6.6,6.59,6.59,2513.0
2019-03-29 15:40:00,6.6,6.605,6.6,6.6,4225.0
2019-03-29 15:41:00,6.57,6.57,6.57,6.57,117.0
2019-03-29 15:45:00,6.58,6.58,6.58,6.58,119.0
2019-03-29 15:46:00,6.59,6.6,6.58,6.6,5677.0
2019-03-29 15:47:00,6.58,6.58,6.58,6.58,860.0
2019-03-29 15:50:00,6.589,6.59,6.57,6.57,2418.0
2019-03-29 15:51:00,6.58,6.59,6.57,6.59,813.0
2019-03-29 15:52:00,6.57,6.57,6.57,6.57,100.0
2019-03-29 15:53:00,6.57,6.5893,6.57,6.5893,1720.0
2019-03-29 15:54:00,6.5899,6.5899,6.5899,6.5899,1000.0
2019-03-29 15:55:00,6.59,6.59,6.57,6.58,2205.0
2019-03-29 15:56:00,6.59,6.59,6.59,6.59,100.0
2019-03-29 15:58:00,6.59,6.59,6.575,6.575,200.0
2019-03-29 15:59:00,6.59,6.6,6.58,6.6,4433.0
2019-03-29 16:00:00,6.6,6.6,6.6,6.6,868.0
2019-04-01 09:32:00,6.76,6.76,6.76,6.76,0.0
2019-04-01 09:35:00,6.75,6.75,6.75,6.75,591.0
2019-04-01 09:43:00,6.62,6.62,6.62,6.62,832.0
2019-04-01 09:58:00,6.67,6.67,6.67,6.67,205.0
2019-04-01 10:00:00,6.6673,6.6673,6.6673,6.6673,200.0
2019-04-01 10:07:00,6.61,6.61,6.55,6.55,14621.0
2019-04-01 10:08:00,6.57,6.57,6.57,6.57,3000.0
2019-04-01 10:09:00,6.545,6.545,6.545,6.545,1400.0
2019-04-01 10:11:00,6.52,6.52,6.52,6.52,1380.0
2019-04-01 10:12:00,6.5,6.5,6.5,6.5,1600.0
2019-04-01 10:13:00,6.5,6.5,6.5,6.5,1001.0
2019-04-01 10:15:00,6.51,6.51,6.51,6.51,1400.0
2019-04-01 10:17:00,6.54,6.54,6.5,6.5,3998.0
2019-04-01 10:18:00,6.5,6.5,6.5,6.5,1400.0
2019-04-01 10:23:00,6.5,6.5,6.5,6.5,650.0
2019-04-01 10:24:00,6.5,6.5,6.5,6.5,400.0
2019-04-01 10:25:00,6.545,6.545,6.545,6.545,1100.0
2019-04-01 10:27:00,6.5,6.54,6.5,6.54,4800.0
2019-04-01 10:28:00,6.5,6.5,6.5,6.5,4987.0
2019-04-01 10:29:00,6.45,6.45,6.45,6.45,5950.0
2019-04-01 10:30:00,6.46,6.46,6.46,6.46,1000.0
2019-04-01 10:31:00,6.46,6.46,6.46,6.46,778.0
2019-04-01 10:33:00,6.49,6.49,6.49,6.49,2400.0
2019-04-01 10:35:00,6.5,6.5,6.5,6.5,1300.0
2019-04-01 10:36:00,6.5,6.5,6.5,6.5,300.0
2019-04-01 10:38:00,6.49,6.49,6.49,6.49,1400.0
2019-04-01 10:39:00,6.435,6.435,6.435,6.435,1651.0
2019-04-01 10:42:00,6.47,6.47,6.47,6.47,1453.0
2019-04-01 10:45:00,6.48,6.48,6.48,6.48,2400.0
2019-04-01 10:47:00,6.5,6.5,6.5,6.5,4200.0
2019-04-01 10:48:00,6.47,6.47,6.47,6.47,2100.0
2019-04-01 10:52:00,6.455,6.455,6.455,6.455,1581.0
2019-04-01 10:54:00,6.42,6.42,6.42,6.42,1900.0
2019-04-01 10:56:00,6.42,6.42,6.42,6.42,400.0
2019-04-01 10:59:00,6.45,6.45,6.45,6.45,3500.0
2019-04-01 11:01:00,6.42,6.42,6.42,6.42,3500.0
2019-04-01 11:02:00,6.47,6.47,6.47,6.47,2540.0
2019-04-01 11:03:00,6.47,6.47,6.47,6.47,524.0
2019-04-01 11:06:00,6.49,6.49,6.49,6.49,1587.0
2019-04-01 11:07:00,6.535,6.535,6.535,6.535,1254.0
2019-04-01 11:08:00,6.535,6.535,6.535,6.535,200.0
2019-04-01 11:10:00,6.54,6.54,6.54,6.54,2300.0
2019-04-01 11:12:00,6.55,6.55,6.55,6.55,300.0
2019-04-01 11:13:00,6.5,6.5,6.5,6.5,400.0
2019-04-01 11:14:00,6.51,6.51,6.51,6.51,300.0
2019-04-01 11:16:00,6.5,6.5,6.5,6.5,1160.0
2019-04-01 11:18:00,6.5,6.5,6.5,6.5,700.0
2019-04-01 11:20:00,6.48,6.48,6.48,6.48,1600.0
2019-04-01 11:21:00,6.47,6.47,6.47,6.47,400.0
2019-04-01 11:24:00,6.48,6.48,6.48,6.48,500.0
2019-04-01 11:28:00,6.5,6.5,6.5,6.5,2500.0
2019-04-01 11:29:00,6.5,6.5,6.5,6.5,4000.0
2019-04-01 11:31:00,6.5,6.5,6.47,6.47,2100.0
2019-04-01 11:37:00,6.475,6.475,6.475,6.475,888.0
2019-04-01 11:39:00,6.49,6.49,6.46,6.46,7857.0
2019-04-01 11:43:00,6.46,6.46,6.46,6.46,1850.0
2019-04-01 11:45:00,6.4858,6.4858,6.4858,6.4858,220.0
2019-04-01 11:47:00,6.46,6.46,6.46,6.46,200.0
2019-04-01 11:48:00,6.47,6.47,6.47,6.47,1100.0
2019-04-01 11:52:00,6.4701,6.4701,6.4701,6.4701,500.0
2019-04-01 11:54:00,6.49,6.49,6.49,6.49,120.0
2019-04-01 11:56:00,6.47,6.47,6.47,6.47,1614.0
2019-04-01 12:01:00,6.5,6.5,6.5,6.5,1518.0
2019-04-01 12:12:00,6.5,6.5,6.5,6.5,1550.0
2019-04-01 12:18:00,6.52,6.52,6.52,6.52,1978.0
2019-04-01 12:19:00,6.5,6.5,6.5,6.5,500.0
2019-04-01 12:21:00,6.5,6.5,6.5,6.5,100.0
2019-04-01 12:28:00,6.515,6.515,6.515,6.515,1000.0
2019-04-01 12:29:00,6.515,6.515,6.515,6.515,100.0
2019-04-01 12:31:00,6.515,6.515,6.515,6.515,200.0
2019-04-01 12:32:00,6.515,6.515,6.515,6.515,100.0
2019-04-01 12:35:00,6.515,6.515,6.515,6.515,100.0
2019-04-01 12:37:00,6.53,6.53,6.53,6.53,500.0
2019-04-01 12:38:00,6.53,6.53,6.53,6.53,1500.0
2019-04-01 12:41:00,6.54,6.54,6.54,6.54,300.0
2019-04-01 12:44:00,6.54,6.54,6.54,6.54,2028.0
2019-04-01 12:45:00,6.52,6.52,6.52,6.52,700.0
2019-04-01 12:47:00,6.52,6.52,6.52,6.52,100.0
2019-04-01 12:52:00,6.52,6.52,6.52,6.52,700.0
2019-04-01 12:54:00,6.525,6.525,6.51,6.51,1300.0
2019-04-01 12:59:00,6.52,6.52,6.52,6.52,232.0
2019-04-01 13:04:00,6.55,6.55,6.55,6.55,3171.0
2019-04-01 13:14:00,6.53,6.53,6.53,6.53,100.0
2019-04-01 13:18:00,6.52,6.52,6.52,6.52,1144.0
2019-04-01 13:28:00,6.5,6.5,6.5,6.5,600.0
2019-04-01 13:30:00,6.5,6.5,6.5,6.5,700.0
2019-04-01 13:35:00,6.5,6.5,6.5,6.5,2700.0
2019-04-01 13:40:00,6.47,6.47,6.47,6.47,200.0
2019-04-01 13:41:00,6.47,6.47,6.47,6.47,500.0
2019-04-01 13:48:00,6.47,6.49,6.47,6.49,2700.0
2019-04-01 13:51:00,6.4844,6.4844,6.48,6.48,3200.0
2019-04-01 13:58:00,6.46,6.46,6.46,6.46,600.0
2019-04-01 14:06:00,6.49,6.49,6.49,6.49,310.0
2019-04-01 14:07:00,6.474,6.474,6.474,6.474,2100.0
2019-04-01 14:09:00,6.46,6.46,6.46,6.46,800.0
2019-04-01 14:14:00,6.46,6.46,6.46,6.46,400.0
2019-04-01 14:15:00,6.475,6.475,6.475,6.475,100.0
2019-04-01 14:22:00,6.465,6.465,6.465,6.465,1149.0
2019-04-01 14:26:00,6.4508,6.4508,6.42,6.42,16062.0
2019-04-01 14:31:00,6.47,6.47,6.47,6.47,2200.0
2019-04-01 14:36:00,6.48,6.48,6.48,6.48,204.0
2019-04-01 14:37:00,6.48,6.48,6.48,6.48,100.0
2019-04-01 14:38:00,6.48,6.48,6.48,6.48,400.0
2019-04-01 14:39:00,6.48,6.48,6.48,6.48,100.0
2019-04-01 14:40:00,6.5,6.5,6.49,6.49,3153.0
2019-04-01 14:44:00,6.5,6.5,6.5,6.5,600.0
2019-04-01 14:50:00,6.52,6.52,6.52,6.52,300.0
2019-04-01 14:53:00,6.5174,6.5174,6.5174,6.5174,3162.0
2019-04-01 14:54:00,6.54,6.54,6.54,6.54,9746.0
2019-04-01 14:57:00,6.6,6.6,6.57,6.57,19778.0
2019-04-01 14:59:00,6.6,6.6,6.6,6.6,822.0
2019-04-01 15:04:00,6.57,6.57,6.57,6.57,252.0
2019-04-01 15:07:00,6.57,6.57,6.57,6.57,100.0
2019-04-01 15:14:00,6.6,6.6,6.6,6.6,500.0
2019-04-01 15:15:00,6.58,6.58,6.58,6.58,600.0
2019-04-01 15:16:00,6.6,6.6,6.6,6.6,2245.0
2019-04-01 15:17:00,6.56,6.56,6.56,6.56,984.0
2019-04-01 15:22:00,6.57,6.57,6.57,6.57,100.0
2019-04-01 15:26:00,6.57,6.57,6.57,6.57,100.0
2019-04-01 15:27:00,6.57,6.57,6.57,6.57,850.0
2019-04-01 15:29:00,6.57,6.57,6.57,6.57,100.0
2019-04-01 15:30:00,6.57,6.57,6.57,6.57,1700.0
2019-04-01 15:32:00,6.545,6.55,6.545,6.55,4234.0
2019-04-01 15:38:00,6.5484,6.5484,6.5484,6.5484,715.0
2019-04-01 15:39:00,6.53,6.54,6.53,6.54,2670.0
2019-04-01 15:40:00,6.52,6.52,6.52,6.52,1100.0
2019-04-01 15:44:00,6.54,6.54,6.54,6.54,1221.0
2019-04-01 15:45:00,6.53,6.53,6.53,6.53,2256.0
2019-04-01 15:46:00,6.53,6.53,6.53,6.53,1235.0
2019-04-01 15:48:00,6.52,6.52,6.52,6.52,1203.0
2019-04-01 15:49:00,6.52,6.52,6.52,6.52,2600.0
2019-04-01 15:50:00,6.5,6.5,6.5,6.5,1100.0
2019-04-01 15:51:00,6.5,6.51,6.5,6.51,3729.0
2019-04-01 15:52:00,6.52,6.52,6.52,6.52,1000.0
2019-04-01 15:53:00,6.52,6.52,6.52,6.52,602.0
2019-04-01 15:54:00,6.52,6.545,6.52,6.545,8612.0
2019-04-01 15:56:00,6.55,6.55,6.55,6.55,1151.0
2019-04-01 15:57:00,6.55,6.55,6.53,6.53,3675.0
2019-04-01 15:58:00,6.53,6.53,6.53,6.53,1932.0
2019-04-01 16:00:00,6.52,6.52,6.5,6.5,8688.0
2019-04-02 09:32:00,6.52,6.52,6.52,6.52,458.0
2019-04-02 09:35:00,6.54,6.55,6.54,6.55,750.0
2019-04-02 09:43:00,6.5252,6.5252,6.5252,6.5252,100.0
2019-04-02 09:45:00,6.58,6.7,6.58,6.7,10323.0
2019-04-02 09:46:00,6.7,6.7,6.7,6.7,100.0
2019-04-02 09:49:00,6.67,6.67,6.67,6.67,116.0
2019-04-02 09:50:00,6.61,6.66,6.605,6.605,4890.0
2019-04-02 09:54:00,6.69,6.69,6.69,6.69,110.0
2019-04-02 09:55:00,6.555,6.555,6.555,6.555,6000.0
2019-04-02 09:56:00,6.6,6.6,6.6,6.6,1600.0
2019-04-02 09:57:00,6.6,6.6,6.6,6.6,908.0
2019-04-02 10:00:00,6.6,6.6,6.6,6.6,601.0
2019-04-02 10:02:00,6.61,6.61,6.61,6.61,200.0
2019-04-02 10:07:00,6.61,6.61,6.61,6.61,1906.0
2019-04-02 10:10:00,6.63,6.63,6.63,6.63,575.0
2019-04-02 10:14:00,6.64,6.64,6.64,6.64,500.0
2019-04-02 10:15:00,6.66,6.66,6.66,6.66,306.0
2019-04-02 10:17:00,6.64,6.64,6.64,6.64,1300.0
2019-04-02 10:18:00,6.67,6.67,6.6305,6.6305,1500.0
2019-04-02 10:24:00,6.65,6.65,6.65,6.65,3700.0
2019-04-02 10:33:00,6.65,6.675,6.65,6.675,2691.0
2019-04-02 10:41:00,6.6799,6.6799,6.67,6.67,800.0
2019-04-02 10:44:00,6.65,6.67,6.65,6.67,6321.0
2019-04-02 10:45:00,6.7,6.7,6.7,6.7,11300.0
2019-04-02 10:47:00,6.75,6.75,6.75,6.75,2200.0
2019-04-02 10:51:00,6.7504,6.78,6.7504,6.78,1100.0
2019-04-02 10:57:00,6.79,6.79,6.79,6.79,100.0
2019-04-02 11:08:00,6.8,6.8,6.8,6.8,1820.0
2019-04-02 11:10:00,6.8,6.8,6.78,6.78,2000.0
2019-04-02 11:11:00,6.7899,6.7899,6.7899,6.7899,1089.0
2019-04-02 11:17:00,6.79,6.79,6.79,6.79,500.0
2019-04-02 11:20:00,6.79,6.81,6.79,6.81,2300.0
2019-04-02 11:23:00,6.81,6.81,6.81,6.81,1200.0
2019-04-02 11:27:00,6.79,6.79,6.79,6.79,426.0
2019-04-02 11:29:00,6.84,6.84,6.84,6.84,4073.0
2019-04-02 11:30:00,6.82,6.83,6.82,6.83,2000.0
2019-04-02 11:39:00,6.79,6.79,6.79,6.79,3104.0
2019-04-02 11:40:00,6.79,6.79,6.79,6.79,758.0
2019-04-02 11:49:00,6.775,6.775,6.775,6.775,200.0
2019-04-02 11:52:00,6.76,6.76,6.66,6.66,4152.0
2019-04-02 11:57:00,6.68,6.68,6.68,6.68,1600.0
2019-04-02 12:01:00,6.69,6.69,6.69,6.69,100.0
2019-04-02 12:02:00,6.65,6.65,6.65,6.65,400.0
2019-04-02 12:03:00,6.67,6.67,6.67,6.67,1100.0
2019-04-02 12:05:00,6.6801,6.69,6.6801,6.69,2200.0
2019-04-02 12:11:00,6.69,6.69,6.69,6.69,600.0
2019-04-02 12:12:00,6.67,6.67,6.67,6.67,1560.0
2019-04-02 12:16:00,6.68,6.68,6.68,6.68,900.0
2019-04-02 12:17:00,6.68,6.68,6.68,6.68,1070.0
2019-04-02 12:23:00,6.67,6.67,6.67,6.67,400.0
2019-04-02 12:26:00,6.67,6.67,6.65,6.65,1800.0
2019-04-02 12:38:00,6.65,6.65,6.62,6.62,7848.0
2019-04-02 12:39:00,6.625,6.625,6.625,6.625,100.0
2019-04-02 12:43:00,6.61,6.6101,6.61,6.6101,2000.0
2019-04-02 12:47:00,6.633,6.633,6.61,6.61,2100.0
2019-04-02 12:48:00,6.58,6.58,6.55,6.55,3552.0
2019-04-02 12:51:00,6.61,6.61,6.61,6.61,137.0
2019-04-02 12:56:00,6.63,6.63,6.63,6.63,1000.0
2019-04-02 13:01:00,6.65,6.65,6.65,6.65,2500.0
2019-04-02 13:09:00,6.65,6.65,6.65,6.65,350.0
2019-04-02 13:34:00,6.66,6.66,6.65,6.65,5600.0
2019-04-02 13:47:00,6.65,6.65,6.65,6.65,2882.0
2019-04-02 13:50:00,6.65,6.65,6.65,6.65,1600.0
2019-04-02 13:59:00,6.6518,6.6518,6.6518,6.6518,340.0
2019-04-02 14:04:00,6.65,6.65,6.64,6.64,3111.0
2019-04-02 14:08:00,6.66,6.66,6.66,6.66,576.0
2019-04-02 14:25:00,6.67,6.67,6.67,6.67,4050.0
2019-04-02 14:28:00,6.67,6.67,6.67,6.67,100.0
2019-04-02 14:36:00,6.65,6.65,6.64,6.64,2000.0
2019-04-02 14:42:00,6.655,6.655,6.655,6.655,499.0
2019-04-02 14:47:00,6.67,6.67,6.67,6.67,100.0
2019-04-02 15:00:00,6.67,6.67,6.67,6.67,100.0
2019-04-02 15:01:00,6.65,6.65,6.65,6.65,3900.0
2019-04-02 15:14:00,6.65,6.65,6.65,6.65,900.0
2019-04-02 15:20:00,6.67,6.67,6.67,6.67,3503.0
2019-04-02 15:29:00,6.64,6.64,6.64,6.64,276.0
2019-04-02 15:38:00,6.67,6.67,6.67,6.67,247.0
2019-04-02 15:47:00,6.68,6.68,6.68,6.68,1962.0
2019-04-02 15:54:00,6.65,6.65,6.65,6.65,2681.0
2019-04-02 16:00:00,6.62,6.62,6.62,6.62,840.0
2019-04-03 09:31:00,6.71,6.71,6.71,6.71,0.0
2019-04-03 09:40:00,6.63,6.64,6.62,6.62,18120.0
2019-04-03 09:46:00,6.65,6.65,6.65,6.65,3050.0
2019-04-03 09:52:00,6.67,6.73,6.67,6.73,3200.0
2019-04-03 09:57:00,6.75,6.75,6.75,6.75,2640.0
2019-04-03 09:58:00,6.7,6.7,6.7,6.7,300.0
2019-04-03 10:02:00,6.7,6.7,6.7,6.7,488.0
2019-04-03 10:05:00,6.7,6.7,6.7,6.7,700.0
2019-04-03 10:06:00,6.72,6.72,6.72,6.72,328.0
2019-04-03 10:08:00,6.72,6.72,6.72,6.72,524.0
2019-04-03 10:10:00,6.73,6.73,6.73,6.73,600.0
2019-04-03 10:12:00,6.73,6.73,6.73,6.73,2300.0
2019-04-03 10:22:00,6.74,6.74,6.73,6.73,2438.0
2019-04-03 10:24:00,6.74,6.74,6.74,6.74,718.0
2019-04-03 10:29:00,6.76,6.76,6.76,6.76,750.0
2019-04-03 10:35:00,6.775,6.775,6.775,6.775,736.0
2019-04-03 10:37:00,6.77,6.77,6.77,6.77,1990.0
2019-04-03 10:38:00,6.769,6.769,6.769,6.769,1115.0
2019-04-03 10:40:00,6.77,6.77,6.77,6.77,300.0
2019-04-03 10:45:00,6.78,6.78,6.78,6.78,1904.0
2019-04-03 10:48:00,6.79,6.79,6.79,6.79,2000.0
2019-04-03 10:51:00,6.79,6.79,6.79,6.79,100.0
2019-04-03 10:53:00,6.74,6.74,6.74,6.74,1102.0
2019-04-03 10:55:00,6.72,6.74,6.72,6.74,2350.0
2019-04-03 10:59:00,6.72,6.72,6.71,6.71,4473.0
2019-04-03 11:13:00,6.695,6.695,6.695,6.695,2985.0
2019-04-03 11:14:00,6.69,6.69,6.69,6.69,3200.0
2019-04-03 11:16:00,6.7,6.7,6.7,6.7,1300.0
2019-04-03 11:17:00,6.7,6.7,6.7,6.7,100.0
2019-04-03 11:20:00,6.7,6.72,6.7,6.72,959.0
2019-04-03 11:22:00,6.73,6.73,6.73,6.73,204.0
2019-04-03 11:25:00,6.74,6.74,6.74,6.74,200.0
2019-04-03 11:28:00,6.72,6.72,6.72,6.72,703.0
2019-04-03 11:29:00,6.73,6.73,6.73,6.73,1700.0
2019-04-03 11:31:00,6.7,6.7,6.7,6.7,1600.0
2019-04-03 11:34:00,6.73,6.73,6.73,6.73,2400.0
2019-04-03 11:37:00,6.7098,6.7098,6.7098,6.7098,450.0
2019-04-03 11:38:00,6.73,6.73,6.73,6.73,200.0
2019-04-03 11:41:00,6.715,6.715,6.715,6.715,500.0
2019-04-03 11:43:00,6.72,6.72,6.72,6.72,500.0
2019-04-03 11:45:00,6.7,6.7,6.7,6.7,1700.0
2019-04-03 11:46:00,6.7068,6.7068,6.7068,6.7068,700.0
2019-04-03 11:48:00,6.71,6.71,6.71,6.71,200.0
2019-04-03 11:50:00,6.7,6.7,6.7,6.7,300.0
2019-04-03 11:51:00,6.71,6.71,6.71,6.71,700.0
2019-04-03 11:52:00,6.71,6.71,6.71,6.71,700.0
2019-04-03 11:54:00,6.73,6.73,6.73,6.73,200.0
2019-04-03 11:58:00,6.7,6.71,6.67,6.67,2400.0
2019-04-03 11:59:00,6.7,6.7,6.7,6.7,300.0
2019-04-03 12:04:00,6.7,6.7,6.7,6.7,400.0
2019-04-03 12:05:00,6.71,6.71,6.71,6.71,700.0
2019-04-03 12:06:00,6.7,6.7,6.7,6.7,493.0
2019-04-03 12:13:00,6.6968,6.6968,6.6968,6.6968,489.0
2019-04-03 12:21:00,6.69,6.69,6.69,6.69,300.0
2019-04-03 12:23:00,6.69,6.69,6.69,6.69,100.0
2019-04-03 12:26:00,6.699,6.699,6.699,6.699,1150.0
2019-04-03 12:29:00,6.7,6.72,6.7,6.72,2800.0
2019-04-03 12:40:00,6.7,6.7,6.7,6.7,1900.0
2019-04-03 12:42:00,6.7,6.7,6.7,6.7,100.0
2019-04-03 12:48:00,6.72,6.72,6.72,6.72,464.0
2019-04-03 12:50:00,6.7075,6.7075,6.7075,6.7075,450.0
2019-04-03 12:56:00,6.7,6.7,6.685,6.685,2200.0
2019-04-03 13:04:00,6.7,6.7,6.7,6.7,400.0
2019-04-03 13:09:00,6.708,6.708,6.708,6.708,400.0
2019-04-03 13:21:00,6.71,6.71,6.71,6.71,500.0
2019-04-03 13:49:00,6.72,6.72,6.7,6.715,9300.0
2019-04-03 13:51:00,6.73,6.73,6.73,6.73,1302.0
2019-04-03 13:55:00,6.73,6.73,6.71,6.71,2500.0
2019-04-03 13:58:00,6.6925,6.7025,6.6925,6.7025,2158.0
2019-04-03 14:05:00,6.7,6.7,6.7,6.7,1200.0
2019-04-03 14:09:00,6.7055,6.7055,6.7055,6.7055,1610.0
2019-04-03 14:28:00,6.7,6.7,6.7,6.7,3392.0
2019-04-03 14:31:00,6.6981,6.6981,6.6981,6.6981,1900.0
2019-04-03 14:37:00,6.72,6.72,6.72,6.72,127.0
2019-04-03 14:45:00,6.71,6.71,6.71,6.71,2100.0
2019-04-03 14:51:00,6.7,6.7,6.7,6.7,700.0
2019-04-03 14:58:00,6.68,6.68,6.68,6.68,100.0
2019-04-03 15:05:00,6.7,6.7,6.7,6.7,600.0
2019-04-03 15:07:00,6.7,6.7,6.7,6.7,100.0
2019-04-03 15:17:00,6.67,6.6701,6.67,6.6701,4459.0
2019-04-03 15:21:00,6.68,6.68,6.68,6.68,446.0
2019-04-03 15:24:00,6.69,6.69,6.69,6.69,200.0
2019-04-03 15:30:00,6.695,6.695,6.69,6.69,5850.0
2019-04-03 15:32:00,6.63,6.63,6.63,6.63,1150.0
2019-04-03 15:33:00,6.64,6.64,6.64,6.64,1021.0
2019-04-03 15:49:00,6.63,6.63,6.63,6.63,935.0
2019-04-03 15:52:00,6.62,6.62,6.62,6.62,125.0
2019-04-03 15:56:00,6.62,6.62,6.62,6.62,340.0
2019-04-03 15:59:00,6.62,6.62,6.62,6.62,361.0
2019-04-03 16:00:00,6.6,6.6,6.6,6.6,2159.0
