
2019-03-19 09:31:00,8.61,8.61,8.61,8.61,0.0
2019-03-19 09:40:00,8.65,8.65,8.58,8.58,200.0
2019-03-19 09:41:00,8.65,8.65,8.65,8.65,100.0
2019-03-19 09:45:00,8.64,8.64,8.64,8.64,200.0
2019-03-19 09:47:00,8.64,8.64,8.64,8.64,114.0
2019-03-19 09:58:00,8.625,8.625,8.625,8.625,0.0
2019-03-19 10:04:00,8.64,8.64,8.64,8.64,2627.0
2019-03-19 10:06:00,8.605,8.605,8.605,8.605,0.0
2019-03-19 10:07:00,8.58,8.58,8.57,8.57,4593.0
2019-03-19 10:08:00,8.58,8.58,8.58,8.58,200.0
2019-03-19 10:09:00,8.56,8.56,8.56,8.56,200.0
2019-03-19 10:13:00,8.54,8.54,8.54,8.54,100.0
2019-03-19 10:14:00,8.55,8.55,8.55,8.55,200.0
2019-03-19 10:16:00,8.55,8.55,8.55,8.55,700.0
2019-03-19 10:26:00,8.55,8.55,8.55,8.55,600.0
2019-03-19 10:28:00,8.48,8.48,8.46,8.46,775.0
2019-03-19 10:29:00,8.47,8.47,8.41,8.45,2400.0
2019-03-19 10:30:00,8.47,8.47,8.47,8.47,100.0
2019-03-19 10:31:00,8.47,8.47,8.47,8.47,700.0
2019-03-19 10:32:00,8.47,8.47,8.45,8.45,1005.0
2019-03-19 10:33:00,8.46,8.46,8.46,8.46,100.0
2019-03-19 10:35:00,8.45,8.45,8.45,8.45,100.0
2019-03-19 10:37:00,8.47,8.47,8.47,8.47,100.0
2019-03-19 10:38:00,8.47,8.47,8.47,8.47,2100.0
2019-03-19 10:40:00,8.48,8.4811,8.48,8.4811,200.0
2019-03-19 10:41:00,8.515,8.515,8.4908,8.4908,200.0
2019-03-19 10:47:00,8.5,8.5,8.5,8.5,142.0
2019-03-19 10:51:00,8.5,8.5,8.45,8.45,2970.0
2019-03-19 10:53:00,8.41,8.41,8.4,8.4,300.0
2019-03-19 10:54:00,8.4,8.4,8.4,8.4,100.0
2019-03-19 10:56:00,8.4,8.4,8.38,8.38,1100.0
2019-03-19 10:57:00,8.35,8.35,8.35,8.35,2100.0
2019-03-19 10:58:00,8.35,8.35,8.35,8.35,100.0
2019-03-19 10:59:00,8.35,8.35,8.35,8.35,200.0
2019-03-19 11:00:00,8.35,8.35,8.35,8.35,100.0
2019-03-19 11:01:00,8.35,8.35,8.35,8.35,100.0
2019-03-19 11:03:00,8.35,8.35,8.35,8.35,100.0
2019-03-19 11:04:00,8.39,8.39,8.36,8.36,200.0
2019-03-19 11:05:00,8.4,8.4,8.4,8.4,200.0
2019-03-19 11:09:00,8.3956,8.3956,8.3956,8.3956,100.0
2019-03-19 11:10:00,8.4,8.4,8.4,8.4,400.0
2019-03-19 11:16:00,8.41,8.41,8.41,8.41,100.0
2019-03-19 11:19:00,8.43,8.43,8.43,8.43,100.0
2019-03-19 11:25:00,8.41,8.41,8.41,8.41,100.0
2019-03-19 11:26:00,8.42,8.42,8.42,8.42,100.0
2019-03-19 11:31:00,8.4119,8.4119,8.4119,8.4119,324.0
2019-03-19 11:34:00,8.42,8.42,8.42,8.42,200.0
2019-03-19 11:37:00,8.44,8.44,8.44,8.44,100.0
2019-03-19 11:38:00,8.4369,8.4369,8.4369,8.4369,100.0
2019-03-19 11:39:00,8.44,8.44,8.44,8.44,374.0
2019-03-19 11:43:00,8.44,8.44,8.44,8.44,100.0
2019-03-19 11:45:00,8.48,8.48,8.48,8.48,132.0
2019-03-19 11:52:00,8.44,8.44,8.44,8.44,100.0
2019-03-19 11:57:00,8.45,8.46,8.44,8.45,2299.0
2019-03-19 12:02:00,8.4501,8.48,8.45,8.48,518.0
2019-03-19 12:10:00,8.465,8.465,8.45,8.45,496.0
2019-03-19 12:11:00,8.45,8.45,8.45,8.45,100.0
2019-03-19 12:12:00,8.46,8.46,8.46,8.46,100.0
2019-03-19 12:17:00,8.455,8.455,8.455,8.455,120.0
2019-03-19 12:18:00,8.45,8.45,8.45,8.45,1100.0
2019-03-19 12:21:00,8.45,8.45,8.45,8.45,110.0
2019-03-19 12:22:00,8.46,8.46,8.46,8.46,283.0
2019-03-19 12:26:00,8.45,8.45,8.45,8.45,100.0
2019-03-19 12:30:00,8.455,8.46,8.45,8.46,600.0
2019-03-19 12:31:00,8.47,8.47,8.46,8.46,200.0
2019-03-19 12:36:00,8.45,8.45,8.45,8.45,100.0
2019-03-19 12:38:00,8.46,8.46,8.46,8.46,100.0
2019-03-19 12:39:00,8.47,8.47,8.47,8.47,100.0
2019-03-19 12:48:00,8.47,8.47,8.47,8.47,290.0
2019-03-19 12:50:00,8.44,8.44,8.44,8.44,200.0
2019-03-19 12:54:00,8.43,8.43,8.4,8.4,1064.0
2019-03-19 12:58:00,8.42,8.42,8.42,8.42,100.0
2019-03-19 13:05:00,8.425,8.43,8.425,8.4299,1200.0
2019-03-19 13:06:00,8.46,8.46,8.46,8.46,200.0
2019-03-19 13:14:00,8.46,8.46,8.46,8.46,200.0
2019-03-19 13:19:00,8.45,8.45,8.44,8.44,300.0
2019-03-19 13:20:00,8.45,8.45,8.45,8.45,100.0
2019-03-19 13:23:00,8.45,8.45,8.45,8.45,142.0
2019-03-19 13:24:00,8.44,8.44,8.44,8.44,1050.0
2019-03-19 13:27:00,8.45,8.45,8.45,8.45,100.0
2019-03-19 13:30:00,8.44,8.44,8.44,8.44,1200.0
2019-03-19 13:31:00,8.45,8.45,8.45,8.45,100.0
2019-03-19 13:32:00,8.45,8.45,8.45,8.45,200.0
2019-03-19 13:33:00,8.4468,8.4468,8.4468,8.4468,236.0
2019-03-19 13:34:00,8.45,8.45,8.44,8.44,964.0
2019-03-19 13:35:00,8.44,8.44,8.41,8.41,1657.0
2019-03-19 13:36:00,8.42,8.42,8.42,8.42,100.0
2019-03-19 13:38:00,8.42,8.42,8.42,8.42,200.0
2019-03-19 13:46:00,8.425,8.43,8.425,8.43,224.0
2019-03-19 13:50:00,8.43,8.44,8.43,8.44,876.0
2019-03-19 13:52:00,8.43,8.43,8.43,8.43,380.0
2019-03-19 14:01:00,8.46,8.46,8.46,8.46,200.0
2019-03-19 14:03:00,8.446,8.446,8.446,8.446,100.0
2019-03-19 14:05:00,8.46,8.46,8.442,8.4531,1600.0
2019-03-19 14:08:00,8.47,8.47,8.47,8.47,200.0
2019-03-19 14:15:00,8.49,8.49,8.49,8.49,200.0
2019-03-19 14:16:00,8.46,8.46,8.44,8.44,830.0
2019-03-19 14:25:00,8.45,8.45,8.45,8.45,147.0
2019-03-19 14:33:00,8.46,8.46,8.46,8.46,100.0
2019-03-19 14:37:00,8.46,8.46,8.46,8.46,100.0
2019-03-19 14:38:00,8.45,8.45,8.45,8.45,400.0
2019-03-19 14:44:00,8.47,8.47,8.44,8.44,300.0
2019-03-19 14:45:00,8.43,8.46,8.43,8.46,400.0
2019-03-19 14:49:00,8.45,8.45,8.45,8.45,100.0
2019-03-19 14:52:00,8.45,8.45,8.4,8.4,6792.0
2019-03-19 14:53:00,8.4,8.4,8.38,8.38,1088.0
2019-03-19 14:54:00,8.3956,8.3956,8.3956,8.3956,500.0
2019-03-19 14:57:00,8.39,8.39,8.37,8.37,542.0
2019-03-19 15:00:00,8.37,8.379,8.36,8.36,1646.0
2019-03-19 15:01:00,8.36,8.36,8.36,8.36,100.0
2019-03-19 15:03:00,8.3636,8.3636,8.35,8.35,600.0
2019-03-19 15:04:00,8.36,8.36,8.36,8.36,500.0
2019-03-19 15:10:00,8.365,8.365,8.365,8.365,100.0
2019-03-19 15:13:00,8.365,8.365,8.365,8.365,100.0
2019-03-19 15:15:00,8.36,8.36,8.36,8.36,200.0
2019-03-19 15:17:00,8.37,8.37,8.35,8.35,1100.0
2019-03-19 15:22:00,8.36,8.36,8.36,8.36,200.0
2019-03-19 15:26:00,8.36,8.36,8.36,8.36,220.0
2019-03-19 15:27:00,8.35,8.35,8.35,8.35,416.0
2019-03-19 15:28:00,8.33,8.33,8.33,8.33,1320.0
2019-03-19 15:31:00,8.33,8.33,8.28,8.28,3276.0
2019-03-19 15:32:00,8.28,8.29,8.28,8.29,536.0
2019-03-19 15:36:00,8.28,8.28,8.28,8.28,600.0
2019-03-19 15:38:00,8.2701,8.2701,8.2701,8.2701,102.0
2019-03-19 15:39:00,8.29,8.29,8.29,8.29,200.0
2019-03-19 15:40:00,8.28,8.28,8.28,8.28,100.0
2019-03-19 15:42:00,8.29,8.29,8.29,8.29,100.0
2019-03-19 15:43:00,8.2723,8.2799,8.26,8.27,1990.0
2019-03-19 15:46:00,8.28,8.28,8.28,8.28,400.0
2019-03-19 15:48:00,8.28,8.28,8.28,8.28,604.0
2019-03-19 15:50:00,8.27,8.27,8.27,8.27,100.0
2019-03-19 15:51:00,8.28,8.28,8.27,8.28,848.0
2019-03-19 15:52:00,8.27,8.2799,8.21,8.22,7224.0
2019-03-19 15:53:00,8.22,8.27,8.2,8.2,11489.0
2019-03-19 15:54:00,8.2001,8.2001,8.2001,8.2001,100.0
2019-03-19 15:55:00,8.2099,8.2099,8.2,8.2,6080.0
2019-03-19 15:56:00,8.19,8.19,8.13,8.1501,5962.0
2019-03-19 15:57:00,8.18,8.28,8.15,8.22,6020.0
2019-03-19 15:58:00,8.22,8.23,8.21,8.23,796.0
2019-03-19 15:59:00,8.225,8.25,8.22,8.2201,2126.0
2019-03-19 16:00:00,8.22,8.28,8.18,8.18,15363.0
2019-03-20 09:31:00,8.17,8.17,8.17,8.17,574.0
2019-03-20 09:33:00,8.2813,8.2813,8.2813,8.2813,262.0
2019-03-20 09:39:00,8.22,8.22,8.17,8.17,5988.0
2019-03-20 09:40:00,8.109,8.1556,8.109,8.1556,1329.0
2019-03-20 09:41:00,8.12,8.13,8.12,8.12,703.0
2019-03-20 09:42:00,8.12,8.12,8.12,8.12,500.0
2019-03-20 09:43:00,8.09,8.09,8.04,8.04,703.0
2019-03-20 09:44:00,8.0673,8.0673,8.06,8.06,410.0
2019-03-20 09:45:00,8.08,8.08,8.08,8.08,500.0
2019-03-20 09:46:00,8.1,8.1,8.08,8.08,400.0
2019-03-20 09:47:00,8.08,8.08,8.03,8.03,5850.0
2019-03-20 09:48:00,8.03,8.03,8.03,8.03,0.0
2019-03-20 09:49:00,8.03,8.03,8.03,8.03,17419.0
2019-03-20 09:50:00,8.0,8.0,7.99,7.99,10144.0
2019-03-20 09:51:00,8.02,8.02,8.01,8.01,242.0
2019-03-20 09:52:00,7.99,7.99,7.99,7.99,200.0
2019-03-20 09:53:00,7.99,7.99,7.95,7.95,1243.0
2019-03-20 09:54:00,7.9367,7.9367,7.9,7.9,847.0
2019-03-20 09:55:00,7.9,7.9,7.88,7.88,457.0
2019-03-20 09:56:00,7.86,7.86,7.86,7.86,299.0
2019-03-20 09:57:00,7.88,7.88,7.88,7.88,200.0
2019-03-20 09:58:00,7.88,7.93,7.88,7.93,1878.0
2019-03-20 09:59:00,7.93,7.93,7.9,7.9,915.0
2019-03-20 10:00:00,7.9404,7.9404,7.9404,7.9404,509.0
2019-03-20 10:01:00,7.91,7.91,7.9,7.9,476.0
2019-03-20 10:02:00,7.92,7.92,7.92,7.92,200.0
2019-03-20 10:03:00,7.92,7.92,7.92,7.92,200.0
2019-03-20 10:04:00,7.9399,7.9399,7.9,7.9,200.0
2019-03-20 10:05:00,7.91,7.91,7.91,7.91,200.0
2019-03-20 10:06:00,7.92,7.93,7.92,7.93,321.0
2019-03-20 10:07:00,7.95,7.95,7.95,7.95,602.0
2019-03-20 10:08:00,7.955,7.9611,7.955,7.9611,335.0
2019-03-20 10:09:00,7.98,7.98,7.98,7.98,914.0
2019-03-20 10:10:00,8.01,8.01,7.96,7.97,500.0
2019-03-20 10:11:00,7.96,7.96,7.96,7.96,100.0
2019-03-20 10:12:00,7.9899,8.02,7.9874,8.02,2900.0
2019-03-20 10:14:00,8.0,8.0,8.0,8.0,510.0
2019-03-20 10:17:00,8.01,8.04,8.01,8.025,2800.0
2019-03-20 10:20:00,8.05,8.05,8.05,8.05,200.0
2019-03-20 10:21:00,8.05,8.06,8.05,8.06,900.0
2019-03-20 10:22:00,8.045,8.1,8.045,8.1,4370.0
2019-03-20 10:27:00,8.1248,8.16,8.1248,8.16,1618.0
2019-03-20 10:29:00,8.18,8.21,8.1782,8.1782,1098.0
2019-03-20 10:30:00,8.2,8.2,8.2,8.2,400.0
2019-03-20 10:31:00,8.2,8.2,8.19,8.19,900.0
2019-03-20 10:33:00,8.19,8.22,8.19,8.22,900.0
2019-03-20 10:37:00,8.245,8.245,8.21,8.21,800.0
2019-03-20 10:41:00,8.24,8.24,8.225,8.24,800.0
2019-03-20 10:42:00,8.24,8.25,8.24,8.25,1700.0
2019-03-20 10:45:00,8.24,8.24,8.24,8.24,600.0
2019-03-20 10:46:00,8.22,8.2252,8.22,8.2252,2365.0
2019-03-20 10:47:00,8.21,8.24,8.21,8.24,1200.0
2019-03-20 10:51:00,8.25,8.25,8.22,8.22,1150.0
2019-03-20 10:52:00,8.26,8.26,8.24,8.24,512.0
2019-03-20 10:53:00,8.26,8.26,8.26,8.26,100.0
2019-03-20 10:54:00,8.22,8.23,8.22,8.22,600.0
2019-03-20 10:57:00,8.22,8.22,8.22,8.22,100.0
2019-03-20 10:58:00,8.22,8.22,8.22,8.22,100.0
2019-03-20 10:59:00,8.22,8.22,8.22,8.22,1000.0
2019-03-20 11:00:00,8.22,8.24,8.2,8.2,3015.0
2019-03-20 11:02:00,8.2,8.2,8.2,8.2,100.0
2019-03-20 11:08:00,8.2,8.2,8.2,8.2,100.0
2019-03-20 11:09:00,8.24,8.27,8.24,8.26,1723.0
2019-03-20 11:12:00,8.27,8.3187,8.26,8.3187,3525.0
2019-03-20 11:20:00,8.3,8.31,8.26,8.27,6477.0
2019-03-20 11:21:00,8.2973,8.2973,8.26,8.2686,2143.0
2019-03-20 11:26:00,8.2601,8.3,8.25,8.3,4300.0
2019-03-20 11:35:00,8.2788,8.3,8.27,8.3,1600.0
2019-03-20 11:36:00,8.29,8.33,8.27,8.33,2900.0
2019-03-20 11:40:00,8.34,8.34,8.34,8.34,115.0
2019-03-20 11:47:00,8.31,8.31,8.3,8.3,301.0
2019-03-20 11:49:00,8.28,8.3,8.26,8.3,3400.0
2019-03-20 11:55:00,8.2758,8.2758,8.2758,8.2758,500.0
2019-03-20 11:58:00,8.27,8.28,8.25,8.25,30640.0
2019-03-20 11:59:00,8.23,8.23,8.23,8.23,230.0
2019-03-20 12:11:00,8.28,8.28,8.265,8.2754,929.0
2019-03-20 12:15:00,8.29,8.29,8.29,8.29,105.0
2019-03-20 12:19:00,8.299,8.299,8.299,8.299,0.0
2019-03-20 12:25:00,8.29,8.29,8.29,8.29,129477.0
2019-03-20 12:27:00,8.2831,8.2831,8.2831,8.2831,200.0
2019-03-20 12:30:00,8.29,8.31,8.29,8.31,1447.0
2019-03-20 12:33:00,8.28,8.28,8.28,8.28,1013.0
2019-03-20 12:35:00,8.28,8.28,8.28,8.28,1287.0
2019-03-20 12:36:00,8.25,8.25,8.2427,8.2427,771.0
2019-03-20 12:39:00,8.25,8.25,8.25,8.25,208.0
2019-03-20 12:44:00,8.26,8.26,8.26,8.26,500.0
2019-03-20 12:50:00,8.24,8.25,8.24,8.25,200.0
2019-03-20 12:53:00,8.24,8.24,8.24,8.24,1518.0
2019-03-20 12:57:00,8.235,8.235,8.235,8.235,1770.0
2019-03-20 12:58:00,8.235,8.235,8.235,8.235,120.0
2019-03-20 13:02:00,8.235,8.27,8.235,8.27,1015.0
2019-03-20 13:03:00,8.25,8.25,8.25,8.25,200.0
2019-03-20 13:12:00,8.27,8.27,8.27,8.27,253.0
2019-03-20 13:19:00,8.27,8.27,8.27,8.27,0.0
2019-03-20 13:25:00,8.25,8.25,8.25,8.25,200.0
2019-03-20 13:26:00,8.24,8.25,8.24,8.24,819.0
2019-03-20 13:30:00,8.2599,8.2599,8.2599,8.2599,500.0
2019-03-20 13:36:00,8.24,8.24,8.24,8.24,100.0
2019-03-20 13:38:00,8.26,8.27,8.25,8.25,2100.0
2019-03-20 13:39:00,8.25,8.25,8.245,8.245,200.0
2019-03-20 13:47:00,8.23,8.25,8.23,8.25,200.0
2019-03-20 13:58:00,8.24,8.24,8.24,8.24,120.0
2019-03-20 14:05:00,8.28,8.28,8.28,8.28,200.0
2019-03-20 14:09:00,8.3,8.3,8.3,8.3,123.0
2019-03-20 14:11:00,8.28,8.28,8.28,8.28,134.0
2019-03-20 14:13:00,8.35,8.35,8.35,8.35,109.0
2019-03-20 14:15:00,8.28,8.28,8.28,8.28,136.0
2019-03-20 14:16:00,8.3,8.3,8.3,8.3,189.0
2019-03-20 14:19:00,8.32,8.32,8.305,8.3085,1200.0
2019-03-20 14:20:00,8.32,8.32,8.32,8.32,224.0
2019-03-20 14:22:00,8.35,8.35,8.34,8.34,200.0
2019-03-20 14:24:00,8.35,8.35,8.35,8.35,316.0
2019-03-20 14:27:00,8.3999,8.4,8.3999,8.4,1398.0
2019-03-20 14:28:00,8.3862,8.3862,8.3862,8.3862,307.0
2019-03-20 14:33:00,8.4,8.4,8.39,8.39,231.0
2019-03-20 14:37:00,8.38,8.38,8.38,8.38,100.0
2019-03-20 14:41:00,8.3801,8.3801,8.38,8.38,2929.0
2019-03-20 14:48:00,8.37,8.37,8.37,8.37,102.0
2019-03-20 14:49:00,8.37,8.4,8.37,8.4,1944.0
2019-03-20 14:50:00,8.4,8.4,8.4,8.4,613.0
2019-03-20 14:51:00,8.4,8.4,8.39,8.39,753.0
2019-03-20 14:53:00,8.43,8.43,8.43,8.43,113.0
2019-03-20 14:54:00,8.415,8.415,8.415,8.415,104.0
2019-03-20 14:55:00,8.39,8.39,8.39,8.39,226.0
2019-03-20 14:59:00,8.36,8.36,8.36,8.36,100.0
2019-03-20 15:00:00,8.38,8.38,8.38,8.38,100.0
2019-03-20 15:01:00,8.39,8.39,8.3733,8.3899,900.0
2019-03-20 15:03:00,8.39,8.39,8.39,8.39,995.0
2019-03-20 15:13:00,8.31,8.31,8.31,8.31,100.0
2019-03-20 15:14:00,8.3415,8.3415,8.3415,8.3415,868.0
2019-03-20 15:17:00,8.38,8.38,8.38,8.38,100.0
2019-03-20 15:20:00,8.31,8.31,8.31,8.31,100.0
2019-03-20 15:22:00,8.3249,8.3249,8.3249,8.3249,400.0
2019-03-20 15:23:00,8.37,8.37,8.37,8.37,100.0
2019-03-20 15:27:00,8.32,8.32,8.32,8.32,100.0
2019-03-20 15:30:00,8.36,8.36,8.36,8.36,100.0
2019-03-20 15:32:00,8.32,8.33,8.32,8.33,549.0
2019-03-20 15:33:00,8.3,8.3,8.3,8.3,100.0
2019-03-20 15:35:00,8.3,8.35,8.3,8.35,306.0
2019-03-20 15:36:00,8.3,8.3,8.3,8.3,100.0
2019-03-20 15:37:00,8.34,8.34,8.34,8.34,100.0
2019-03-20 15:38:00,8.35,8.35,8.35,8.35,100.0
2019-03-20 15:39:00,8.3,8.3,8.3,8.3,100.0
2019-03-20 15:41:00,8.3,8.3,8.3,8.3,100.0
2019-03-20 15:43:00,8.3,8.3,8.3,8.3,200.0
2019-03-20 15:46:00,8.32,8.32,8.32,8.32,100.0
2019-03-20 15:47:00,8.34,8.34,8.32,8.32,300.0
2019-03-20 15:48:00,8.34,8.34,8.32,8.32,200.0
2019-03-20 15:49:00,8.33,8.33,8.33,8.33,100.0
2019-03-20 15:50:00,8.315,8.33,8.3025,8.315,1433.0
2019-03-20 15:51:00,8.3,8.3,8.3,8.3,100.0
2019-03-20 15:54:00,8.33,8.33,8.315,8.315,200.0
2019-03-20 15:56:00,8.315,8.34,8.31,8.33,1621.0
2019-03-20 15:57:00,8.34,8.35,8.33,8.35,536.0
2019-03-20 15:58:00,8.35,8.35,8.34,8.34,300.0
2019-03-20 15:59:00,8.36,8.37,8.35,8.37,1081.0
2019-03-20 16:00:00,8.35,8.39,8.35,8.39,1119.0
2019-03-21 09:31:00,8.4,8.42,8.4,8.42,0.0
2019-03-21 09:32:00,8.38,8.38,8.38,8.38,100.0
2019-03-21 09:36:00,8.48,8.48,8.46,8.46,698.0
2019-03-21 09:37:00,8.48,8.48,8.445,8.445,302.0
2019-03-21 09:38:00,8.5,8.5,8.5,8.5,301.0
2019-03-21 09:39:00,8.5,8.55,8.5,8.55,900.0
2019-03-21 09:40:00,8.55,8.59,8.55,8.59,200.0
2019-03-21 09:41:00,8.59,8.59,8.5873,8.5873,600.0
2019-03-21 09:42:00,8.59,8.59,8.525,8.525,1098.0
2019-03-21 09:43:00,8.56,8.64,8.56,8.64,337.0
2019-03-21 09:44:00,8.64,8.64,8.64,8.64,315.0
2019-03-21 09:45:00,8.64,8.64,8.64,8.64,300.0
2019-03-21 09:46:00,8.64,8.64,8.49,8.54,2100.0
2019-03-21 09:47:00,8.63,8.63,8.59,8.59,744.0
2019-03-21 09:48:00,8.65,8.65,8.46,8.65,1900.0
2019-03-21 09:49:00,8.64,8.64,8.61,8.64,338.0
2019-03-21 09:50:00,8.61,8.66,8.57,8.57,730.0
2019-03-21 09:51:00,8.6,8.6,8.6,8.6,229.0
2019-03-21 09:52:00,8.59,8.59,8.455,8.485,720.0
2019-03-21 09:53:00,8.59,8.59,8.51,8.52,600.0
2019-03-21 09:54:00,8.59,8.59,8.57,8.57,200.0
2019-03-21 09:55:00,8.57,8.57,8.57,8.57,400.0
2019-03-21 09:56:00,8.57,8.57,8.48,8.55,500.0
2019-03-21 09:57:00,8.55,8.58,8.55,8.57,1539.0
2019-03-21 09:58:00,8.59,8.59,8.57,8.57,200.0
2019-03-21 09:59:00,8.57,8.59,8.57,8.59,200.0
2019-03-21 10:00:00,8.59,8.59,8.57,8.58,600.0
2019-03-21 10:01:00,8.545,8.58,8.545,8.58,300.0
2019-03-21 10:02:00,8.58,8.58,8.545,8.55,967.0
2019-03-21 10:03:00,8.55,8.57,8.55,8.57,541.0
2019-03-21 10:04:00,8.57,8.58,8.57,8.57,300.0
2019-03-21 10:05:00,8.58,8.58,8.58,8.58,472.0
2019-03-21 10:06:00,8.58,8.58,8.58,8.58,200.0
2019-03-21 10:07:00,8.58,8.59,8.58,8.59,800.0
2019-03-21 10:08:00,8.59,8.6,8.59,8.6,913.0
2019-03-21 10:09:00,8.6,8.6,8.52,8.52,900.0
2019-03-21 10:10:00,8.59,8.59,8.55,8.58,300.0
2019-03-21 10:11:00,8.58,8.595,8.58,8.595,300.0
2019-03-21 10:12:00,8.63,8.63,8.62,8.62,200.0
2019-03-21 10:13:00,8.61,8.61,8.58,8.61,400.0
2019-03-21 10:14:00,8.63,8.7,8.63,8.7,600.0
2019-03-21 10:15:00,8.69,8.69,8.69,8.69,300.0
2019-03-21 10:16:00,8.69,8.7,8.69,8.7,200.0
2019-03-21 10:17:00,8.67,8.68,8.67,8.68,200.0
2019-03-21 10:18:00,8.69,8.69,8.6732,8.69,454.0
2019-03-21 10:19:00,8.68,8.68,8.68,8.68,200.0
2019-03-21 10:20:00,8.68,8.68,8.65,8.65,376.0
2019-03-21 10:21:00,8.64,8.64,8.64,8.64,215.0
2019-03-21 10:22:00,8.61,8.61,8.61,8.61,140.0
2019-03-21 10:23:00,8.64,8.64,8.64,8.64,200.0
2019-03-21 10:24:00,8.62,8.62,8.62,8.62,600.0
2019-03-21 10:25:00,8.64,8.64,8.64,8.64,202.0
2019-03-21 10:26:00,8.63,8.63,8.63,8.63,200.0
2019-03-21 10:27:00,8.64,8.64,8.64,8.64,321.0
2019-03-21 10:28:00,8.69,8.69,8.68,8.68,313.0
2019-03-21 10:29:00,8.645,8.67,8.645,8.67,217.0
2019-03-21 10:30:00,8.68,8.68,8.68,8.68,200.0
2019-03-21 10:31:00,8.68,8.68,8.68,8.68,200.0
2019-03-21 10:32:00,8.68,8.68,8.68,8.68,209.0
2019-03-21 10:33:00,8.68,8.68,8.66,8.66,326.0
2019-03-21 10:34:00,8.68,8.68,8.665,8.665,300.0
2019-03-21 10:35:00,8.68,8.69,8.68,8.69,213.0
2019-03-21 10:36:00,8.675,8.68,8.64,8.64,1200.0
2019-03-21 10:37:00,8.63,8.63,8.63,8.63,100.0
2019-03-21 10:38:00,8.63,8.63,8.63,8.63,200.0
2019-03-21 10:39:00,8.63,8.63,8.63,8.63,600.0
2019-03-21 10:40:00,8.63,8.66,8.63,8.66,348.0
2019-03-21 10:41:00,8.66,8.66,8.625,8.625,795.0
2019-03-21 10:42:00,8.64,8.64,8.64,8.64,300.0
2019-03-21 10:43:00,8.65,8.65,8.65,8.65,200.0
2019-03-21 10:44:00,8.66,8.66,8.66,8.66,201.0
2019-03-21 10:45:00,8.66,8.66,8.66,8.66,200.0
2019-03-21 10:46:00,8.67,8.67,8.67,8.67,100.0
2019-03-21 10:47:00,8.66,8.66,8.63,8.65,400.0
2019-03-21 10:48:00,8.65,8.65,8.65,8.65,200.0
2019-03-21 10:49:00,8.65,8.65,8.65,8.65,200.0
2019-03-21 10:50:00,8.65,8.66,8.63,8.66,400.0
2019-03-21 10:51:00,8.66,8.66,8.66,8.66,300.0
2019-03-21 10:52:00,8.69,8.69,8.66,8.66,200.0
2019-03-21 10:53:00,8.66,8.66,8.66,8.66,200.0
2019-03-21 10:54:00,8.635,8.69,8.635,8.69,600.0
2019-03-21 10:55:00,8.69,8.69,8.69,8.69,100.0
2019-03-21 10:56:00,8.69,8.69,8.62,8.65,800.0
2019-03-21 10:57:00,8.67,8.67,8.67,8.67,200.0
2019-03-21 10:58:00,8.67,8.67,8.67,8.67,200.0
2019-03-21 10:59:00,8.68,8.68,8.68,8.68,100.0
2019-03-21 11:00:00,8.68,8.68,8.68,8.68,200.0
2019-03-21 11:01:00,8.69,8.69,8.65,8.65,300.0
2019-03-21 11:02:00,8.68,8.68,8.68,8.68,200.0
2019-03-21 11:03:00,8.69,8.69,8.69,8.69,300.0
2019-03-21 11:04:00,8.7,8.7,8.7,8.7,100.0
2019-03-21 11:05:00,8.7,8.7,8.7,8.7,912.0
2019-03-21 11:06:00,8.75,8.75,8.71,8.71,200.0
2019-03-21 11:07:00,8.74,8.74,8.74,8.74,200.0
2019-03-21 11:08:00,8.74,8.74,8.74,8.74,100.0
2019-03-21 11:09:00,8.74,8.78,8.74,8.78,300.0
2019-03-21 11:10:00,8.77,8.77,8.77,8.77,200.0
2019-03-21 11:11:00,8.75,8.75,8.75,8.75,100.0
2019-03-21 11:12:00,8.75,8.75,8.75,8.75,310.0
2019-03-21 11:13:00,8.69,8.73,8.67,8.69,929.0
2019-03-21 11:14:00,8.72,8.75,8.72,8.75,301.0
2019-03-21 11:15:00,8.75,8.75,8.75,8.75,200.0
2019-03-21 11:16:00,8.7,8.73,8.7,8.73,220.0
2019-03-21 11:17:00,8.73,8.73,8.7,8.7,300.0
2019-03-21 11:18:00,8.72,8.72,8.72,8.72,100.0
2019-03-21 11:19:00,8.77,8.77,8.77,8.77,200.0
2019-03-21 11:20:00,8.76,8.76,8.76,8.76,350.0
2019-03-21 11:21:00,8.78,8.78,8.7137,8.76,400.0
2019-03-21 11:22:00,8.73,8.73,8.69,8.71,700.0
2019-03-21 11:23:00,8.72,8.72,8.71,8.71,200.0
2019-03-21 11:24:00,8.71,8.75,8.71,8.75,400.0
2019-03-21 11:25:00,8.75,8.75,8.75,8.75,100.0
2019-03-21 11:26:00,8.75,8.75,8.75,8.75,200.0
2019-03-21 11:27:00,8.75,8.75,8.72,8.75,400.0
2019-03-21 11:28:00,8.75,8.75,8.75,8.75,100.0
2019-03-21 11:29:00,8.715,8.74,8.715,8.715,300.0
2019-03-21 11:30:00,8.69,8.7,8.65,8.65,600.0
2019-03-21 11:31:00,8.69,8.69,8.655,8.655,200.0
2019-03-21 11:32:00,8.68,8.68,8.68,8.68,100.0
2019-03-21 11:33:00,8.68,8.68,8.68,8.68,571.0
2019-03-21 11:34:00,8.7,8.7,8.7,8.7,100.0
2019-03-21 11:35:00,8.7,8.7,8.7,8.7,200.0
2019-03-21 11:36:00,8.7,8.71,8.67,8.69,500.0
2019-03-21 11:37:00,8.69,8.69,8.69,8.69,100.0
2019-03-21 11:38:00,8.71,8.72,8.71,8.72,300.0
2019-03-21 11:39:00,8.72,8.72,8.72,8.72,100.0
2019-03-21 11:40:00,8.72,8.72,8.67,8.67,400.0
2019-03-21 11:41:00,8.67,8.69,8.67,8.67,400.0
2019-03-21 11:42:00,8.69,8.69,8.69,8.69,100.0
2019-03-21 11:43:00,8.69,8.69,8.69,8.69,163.0
2019-03-21 11:44:00,8.69,8.69,8.69,8.69,200.0
2019-03-21 11:45:00,8.69,8.69,8.69,8.69,100.0
2019-03-21 11:46:00,8.69,8.69,8.66,8.69,500.0
2019-03-21 11:47:00,8.69,8.69,8.66,8.66,400.0
2019-03-21 11:48:00,8.69,8.69,8.66,8.66,300.0
2019-03-21 11:49:00,8.67,8.67,8.655,8.655,300.0
2019-03-21 11:50:00,8.67,8.67,8.67,8.67,360.0
2019-03-21 11:51:00,8.645,8.66,8.6,8.61,1900.0
2019-03-21 11:52:00,8.59,8.62,8.59,8.62,900.0
2019-03-21 11:54:00,8.62,8.62,8.62,8.62,100.0
2019-03-21 11:55:00,8.62,8.625,8.62,8.625,703.0
2019-03-21 11:56:00,8.625,8.64,8.625,8.63,700.0
2019-03-21 11:57:00,8.615,8.615,8.615,8.615,300.0
2019-03-21 11:59:00,8.62,8.62,8.62,8.62,300.0
2019-03-21 12:01:00,8.61,8.61,8.61,8.61,2400.0
2019-03-21 12:03:00,8.61,8.61,8.61,8.61,300.0
2019-03-21 12:05:00,8.61,8.61,8.61,8.61,200.0
2019-03-21 12:07:00,8.61,8.61,8.61,8.61,600.0
2019-03-21 12:08:00,8.61,8.61,8.61,8.61,200.0
2019-03-21 12:10:00,8.61,8.61,8.61,8.61,200.0
2019-03-21 12:11:00,8.61,8.61,8.61,8.61,200.0
2019-03-21 12:13:00,8.6,8.6,8.6,8.6,1200.0
2019-03-21 12:15:00,8.6,8.6,8.6,8.6,300.0
2019-03-21 12:16:00,8.58,8.58,8.58,8.58,2405.0
2019-03-21 12:19:00,8.57,8.57,8.57,8.57,600.0
2019-03-21 12:21:00,8.56,8.56,8.56,8.56,500.0
2019-03-21 12:23:00,8.56,8.56,8.56,8.56,200.0
2019-03-21 12:24:00,8.56,8.56,8.56,8.56,200.0
2019-03-21 12:26:00,8.56,8.56,8.56,8.56,200.0
2019-03-21 12:27:00,8.58,8.58,8.58,8.58,1500.0
2019-03-21 12:29:00,8.59,8.59,8.59,8.59,1200.0
2019-03-21 12:30:00,8.6,8.6,8.6,8.6,300.0
2019-03-21 12:31:00,8.6,8.6,8.6,8.6,100.0
2019-03-21 12:33:00,8.65,8.65,8.65,8.65,300.0
2019-03-21 12:34:00,8.65,8.65,8.65,8.65,100.0
2019-03-21 12:36:00,8.62,8.62,8.62,8.62,500.0
2019-03-21 12:38:00,8.64,8.64,8.64,8.64,100.0
2019-03-21 12:39:00,8.64,8.64,8.64,8.64,100.0
2019-03-21 12:41:00,8.65,8.65,8.65,8.65,400.0
2019-03-21 12:43:00,8.67,8.67,8.67,8.67,200.0
2019-03-21 12:45:00,8.67,8.67,8.67,8.67,200.0
2019-03-21 12:46:00,8.66,8.66,8.66,8.66,200.0
2019-03-21 12:48:00,8.66,8.66,8.66,8.66,200.0
2019-03-21 12:50:00,8.65,8.65,8.65,8.65,300.0
2019-03-21 12:51:00,8.67,8.67,8.67,8.67,200.0
2019-03-21 12:53:00,8.65,8.65,8.65,8.65,500.0
2019-03-21 12:54:00,8.65,8.65,8.65,8.65,600.0
2019-03-21 12:56:00,8.66,8.66,8.66,8.66,500.0
2019-03-21 12:57:00,8.66,8.66,8.66,8.66,100.0
2019-03-21 13:00:00,8.65,8.65,8.65,8.65,300.0
2019-03-21 13:01:00,8.66,8.66,8.66,8.66,200.0
2019-03-21 13:03:00,8.65,8.65,8.65,8.65,500.0
2019-03-21 13:04:00,8.65,8.65,8.65,8.65,200.0
2019-03-21 13:06:00,8.64,8.64,8.64,8.64,700.0
2019-03-21 13:07:00,8.65,8.65,8.65,8.65,100.0
2019-03-21 13:09:00,8.66,8.66,8.66,8.66,400.0
2019-03-21 13:10:00,8.65,8.65,8.65,8.65,442.0
2019-03-21 13:13:00,8.66,8.66,8.64,8.64,1258.0
2019-03-21 13:16:00,8.65,8.65,8.65,8.65,100.0
2019-03-21 13:17:00,8.65,8.65,8.65,8.65,121.0
2019-03-21 13:19:00,8.65,8.65,8.65,8.65,502.0
2019-03-21 13:21:00,8.65,8.65,8.65,8.65,200.0
2019-03-21 13:22:00,8.64,8.64,8.64,8.64,500.0
2019-03-21 13:24:00,8.65,8.65,8.65,8.65,500.0
2019-03-21 13:26:00,8.66,8.66,8.655,8.655,1900.0
2019-03-21 13:28:00,8.67,8.67,8.67,8.67,200.0
2019-03-21 13:30:00,8.68,8.68,8.68,8.68,200.0
2019-03-21 13:32:00,8.67,8.67,8.67,8.67,700.0
2019-03-21 13:33:00,8.67,8.67,8.67,8.67,600.0
2019-03-21 13:35:00,8.68,8.68,8.68,8.68,200.0
2019-03-21 13:37:00,8.67,8.67,8.67,8.67,800.0
2019-03-21 13:38:00,8.63,8.63,8.63,8.63,600.0
2019-03-21 13:39:00,8.65,8.65,8.65,8.65,200.0
2019-03-21 13:42:00,8.63,8.63,8.63,8.63,500.0
2019-03-21 13:43:00,8.64,8.64,8.64,8.64,200.0
2019-03-21 13:45:00,8.64,8.64,8.64,8.64,200.0
2019-03-21 13:46:00,8.62,8.62,8.62,8.62,500.0
2019-03-21 13:48:00,8.59,8.59,8.59,8.59,610.0
2019-03-21 13:49:00,8.59,8.59,8.59,8.59,200.0
2019-03-21 13:50:00,8.61,8.61,8.61,8.61,600.0
2019-03-21 13:52:00,8.61,8.61,8.61,8.61,876.0
2019-03-21 13:54:00,8.63,8.63,8.63,8.63,300.0
2019-03-21 13:55:00,8.62,8.62,8.62,8.62,500.0
2019-03-21 13:56:00,8.62,8.62,8.62,8.62,110.0
2019-03-21 13:58:00,8.59,8.59,8.59,8.59,900.0
2019-03-21 13:59:00,8.61,8.61,8.61,8.61,1384.0
2019-03-21 14:02:00,8.65,8.65,8.65,8.65,416.0
2019-03-21 14:03:00,8.63,8.63,8.63,8.63,700.0
2019-03-21 14:05:00,8.62,8.65,8.62,8.65,2900.0
2019-03-21 14:06:00,8.65,8.65,8.65,8.65,209.0
2019-03-21 14:09:00,8.65,8.65,8.65,8.65,400.0
2019-03-21 14:10:00,8.64,8.64,8.64,8.64,600.0
2019-03-21 14:12:00,8.65,8.65,8.65,8.65,200.0
2019-03-21 14:13:00,8.63,8.63,8.63,8.63,300.0
2019-03-21 14:15:00,8.62,8.62,8.62,8.62,900.0
2019-03-21 14:16:00,8.61,8.61,8.61,8.61,800.0
2019-03-21 14:17:00,8.62,8.62,8.62,8.62,500.0
2019-03-21 14:19:00,8.63,8.63,8.63,8.63,300.0
2019-03-21 14:21:00,8.63,8.63,8.63,8.63,200.0
2019-03-21 14:22:00,8.62,8.62,8.62,8.62,612.0
2019-03-21 14:24:00,8.62,8.62,8.62,8.62,1400.0
2019-03-21 14:25:00,8.65,8.65,8.65,8.65,900.0
2019-03-21 14:27:00,8.65,8.65,8.65,8.65,200.0
2019-03-21 14:28:00,8.63,8.63,8.63,8.63,500.0
2019-03-21 14:30:00,8.64,8.64,8.64,8.64,200.0
2019-03-21 14:32:00,8.65,8.65,8.65,8.65,1000.0
2019-03-21 14:34:00,8.65,8.65,8.63,8.63,800.0
2019-03-21 14:35:00,8.67,8.67,8.67,8.67,1300.0
2019-03-21 14:36:00,8.67,8.67,8.67,8.67,2101.0
2019-03-21 14:38:00,8.67,8.67,8.67,8.67,299.0
2019-03-21 14:40:00,8.69,8.69,8.69,8.69,200.0
2019-03-21 14:41:00,8.69,8.69,8.69,8.69,201.0
2019-03-21 14:42:00,8.7,8.7,8.7,8.7,1780.0
2019-03-21 14:43:00,8.7,8.7,8.7,8.7,100.0
2019-03-21 14:45:00,8.73,8.73,8.73,8.73,400.0
2019-03-21 14:47:00,8.72,8.72,8.72,8.72,600.0
2019-03-21 14:48:00,8.73,8.73,8.73,8.73,1100.0
2019-03-21 14:50:00,8.76,8.76,8.76,8.76,600.0
2019-03-21 14:51:00,8.76,8.76,8.76,8.76,200.0
2019-03-21 14:53:00,8.755,8.755,8.755,8.755,200.0
2019-03-21 14:54:00,8.755,8.755,8.755,8.755,200.0
2019-03-21 14:55:00,8.72,8.72,8.72,8.72,400.0
2019-03-21 14:58:00,8.74,8.74,8.74,8.74,500.0
2019-03-21 15:00:00,8.74,8.74,8.74,8.74,500.0
2019-03-21 15:01:00,8.73,8.73,8.73,8.73,800.0
2019-03-21 15:03:00,8.73,8.73,8.73,8.73,400.0
2019-03-21 15:05:00,8.71,8.71,8.71,8.71,600.0
2019-03-21 15:06:00,8.76,8.76,8.76,8.76,200.0
2019-03-21 15:07:00,8.76,8.76,8.76,8.76,200.0
2019-03-21 15:09:00,8.75,8.75,8.75,8.75,600.0
2019-03-21 15:10:00,8.77,8.77,8.77,8.77,400.0
2019-03-21 15:11:00,8.77,8.77,8.77,8.77,200.0
2019-03-21 15:13:00,8.76,8.76,8.76,8.76,930.0
2019-03-21 15:14:00,8.74,8.74,8.74,8.74,700.0
2019-03-21 15:15:00,8.74,8.74,8.74,8.74,200.0
2019-03-21 15:17:00,8.725,8.725,8.725,8.725,600.0
2019-03-21 15:18:00,8.73,8.73,8.73,8.73,300.0
2019-03-21 15:20:00,8.75,8.75,8.75,8.75,723.0
2019-03-21 15:21:00,8.75,8.75,8.75,8.75,500.0
2019-03-21 15:22:00,8.77,8.77,8.77,8.77,300.0
2019-03-21 15:24:00,8.77,8.77,8.77,8.77,400.0
2019-03-21 15:25:00,8.78,8.78,8.78,8.78,210.0
2019-03-21 15:27:00,8.79,8.79,8.79,8.79,300.0
2019-03-21 15:28:00,8.76,8.76,8.76,8.76,800.0
2019-03-21 15:30:00,8.77,8.77,8.77,8.77,300.0
2019-03-21 15:31:00,8.75,8.75,8.75,8.75,600.0
2019-03-21 15:32:00,8.755,8.755,8.755,8.755,600.0
2019-03-21 15:34:00,8.77,8.77,8.77,8.77,590.0
2019-03-21 15:36:00,8.77,8.77,8.77,8.77,501.0
2019-03-21 15:37:00,8.77,8.77,8.77,8.77,984.0
2019-03-21 15:39:00,8.74,8.74,8.74,8.74,900.0
2019-03-21 15:40:00,8.71,8.71,8.71,8.71,800.0
2019-03-21 15:41:00,8.71,8.76,8.71,8.76,5800.0
2019-03-21 15:42:00,8.749,8.749,8.749,8.749,1500.0
2019-03-21 15:43:00,8.78,8.78,8.78,8.78,3181.0
2019-03-21 15:44:00,8.78,8.78,8.78,8.78,1000.0
2019-03-21 15:46:00,8.78,8.78,8.78,8.78,716.0
2019-03-21 15:47:00,8.79,8.79,8.79,8.79,800.0
2019-03-21 15:48:00,8.79,8.79,8.79,8.79,837.0
2019-03-21 15:49:00,8.79,8.79,8.79,8.79,4011.0
2019-03-21 15:50:00,8.78,8.78,8.78,8.78,3244.0
2019-03-21 15:51:00,8.79,8.79,8.79,8.79,1101.0
2019-03-21 15:53:00,8.78,8.78,8.78,8.78,600.0
2019-03-21 15:54:00,8.76,8.76,8.76,8.76,911.0
2019-03-21 15:55:00,8.79,8.79,8.79,8.79,1052.0
2019-03-21 15:56:00,8.785,8.785,8.785,8.785,1505.0
2019-03-21 15:57:00,8.7801,8.7801,8.7801,8.7801,754.0
2019-03-21 15:58:00,8.77,8.77,8.77,8.77,1941.0
2019-03-21 15:59:00,8.77,8.77,8.77,8.77,885.0
2019-03-21 16:00:00,8.8,8.8,8.78,8.78,6597.0
2019-03-22 09:31:00,8.8,8.8,8.8,8.8,611.0
2019-03-22 09:53:00,8.68,8.69,8.68,8.69,1166.0
2019-03-22 09:58:00,8.61,8.61,8.61,8.61,404.0
2019-03-22 10:00:00,8.6,8.6,8.6,8.6,201.0
2019-03-22 10:01:00,8.55,8.55,8.55,8.55,117.0
2019-03-22 10:06:00,8.5755,8.58,8.535,8.535,989.0
2019-03-22 10:09:00,8.5408,8.5408,8.5408,8.5408,102.0
2019-03-22 10:10:00,8.56,8.56,8.525,8.53,798.0
2019-03-22 10:11:00,8.55,8.61,8.55,8.6,1500.0
2019-03-22 10:13:00,8.58,8.6,8.54,8.56,2000.0
2019-03-22 10:14:00,8.57,8.57,8.54,8.54,500.0
2019-03-22 10:15:00,8.52,8.53,8.52,8.52,500.0
2019-03-22 10:16:00,8.5027,8.53,8.5027,8.52,1300.0
2019-03-22 10:17:00,8.51,8.54,8.51,8.54,700.0
2019-03-22 10:19:00,8.53,8.54,8.53,8.54,300.0
2019-03-22 10:20:00,8.53,8.575,8.53,8.575,300.0
2019-03-22 10:21:00,8.57,8.61,8.57,8.61,300.0
2019-03-22 10:22:00,8.62,8.62,8.59,8.6,500.0
2019-03-22 10:23:00,8.58,8.6,8.58,8.6,500.0
2019-03-22 10:24:00,8.6,8.6,8.6,8.6,100.0
2019-03-22 10:26:00,8.6,8.6,8.56,8.56,202.0
2019-03-22 10:29:00,8.575,8.6,8.57,8.6,1700.0
2019-03-22 10:30:00,8.6,8.6,8.6,8.6,600.0
2019-03-22 10:31:00,8.615,8.615,8.615,8.615,100.0
2019-03-22 10:32:00,8.615,8.615,8.615,8.615,100.0
2019-03-22 10:35:00,8.6126,8.6126,8.6126,8.6126,100.0
2019-03-22 10:36:00,8.59,8.59,8.58,8.58,500.0
2019-03-22 10:37:00,8.58,8.59,8.58,8.58,400.0
2019-03-22 10:38:00,8.6,8.6,8.585,8.5898,400.0
2019-03-22 10:40:00,8.59,8.6,8.59,8.59,700.0
2019-03-22 10:41:00,8.58,8.59,8.58,8.59,406.0
2019-03-22 10:43:00,8.58,8.6,8.58,8.59,769.0
2019-03-22 10:45:00,8.58,8.58,8.58,8.58,100.0
2019-03-22 10:47:00,8.58,8.6,8.58,8.58,1700.0
2019-03-22 10:48:00,8.57,8.6,8.57,8.6,700.0
2019-03-22 10:49:00,8.57,8.5795,8.57,8.5795,200.0
2019-03-22 10:50:00,8.58,8.58,8.55,8.57,1532.0
2019-03-22 10:51:00,8.57,8.6,8.55,8.6,2342.0
2019-03-22 10:52:00,8.5738,8.576,8.5738,8.576,200.0
2019-03-22 10:55:00,8.58,8.6,8.54,8.6,2607.0
2019-03-22 10:57:00,8.6056,8.6056,8.6056,8.6056,185.0
2019-03-22 11:06:00,8.58,8.58,8.55,8.58,624.0
2019-03-22 11:08:00,8.58,8.6,8.56,8.6,5824.0
2019-03-22 11:10:00,8.58,8.58,8.58,8.58,100.0
2019-03-22 11:11:00,8.58,8.58,8.58,8.58,300.0
2019-03-22 11:12:00,8.58,8.58,8.53,8.53,1500.0
2019-03-22 11:13:00,8.58,8.58,8.55,8.55,600.0
2019-03-22 11:14:00,8.55,8.6,8.55,8.6,1304.0
2019-03-22 11:15:00,8.58,8.581,8.485,8.485,3571.0
2019-03-22 11:16:00,8.46,8.48,8.46,8.48,1005.0
2019-03-22 11:19:00,8.51,8.52,8.51,8.52,200.0
2019-03-22 11:20:00,8.485,8.485,8.485,8.485,100.0
2019-03-22 11:21:00,8.4844,8.4844,8.4844,8.4844,104.0
2019-03-22 11:24:00,8.49,8.51,8.48,8.48,1300.0
2019-03-22 11:25:00,8.495,8.5,8.495,8.5,336.0
2019-03-22 11:26:00,8.47,8.47,8.47,8.47,105.0
2019-03-22 11:27:00,8.5,8.5,8.49,8.49,209.0
2019-03-22 11:30:00,8.485,8.5,8.485,8.5,704.0
2019-03-22 11:32:00,8.49,8.49,8.465,8.465,515.0
2019-03-22 11:35:00,8.48,8.48,8.479,8.48,400.0
2019-03-22 11:36:00,8.4521,8.49,8.4521,8.49,1637.0
2019-03-22 11:37:00,8.5,8.5,8.49,8.49,500.0
2019-03-22 11:42:00,8.48,8.48,8.41,8.48,2100.0
2019-03-22 11:43:00,8.48,8.48,8.48,8.48,510.0
2019-03-22 11:46:00,8.47,8.48,8.47,8.48,300.0
2019-03-22 11:47:00,8.465,8.5,8.465,8.5,1232.0
2019-03-22 11:48:00,8.5,8.5,8.475,8.48,1500.0
2019-03-22 11:49:00,8.48,8.49,8.47,8.49,1200.0
2019-03-22 11:50:00,8.49,8.49,8.48,8.49,700.0
2019-03-22 11:51:00,8.49,8.4999,8.49,8.4999,263.0
2019-03-22 11:55:00,8.5,8.5,8.5,8.5,374.0
2019-03-22 12:00:00,8.48,8.5,8.46,8.5,1500.0
2019-03-22 12:01:00,8.455,8.455,8.455,8.455,100.0
2019-03-22 12:02:00,8.48,8.48,8.48,8.48,100.0
2019-03-22 12:03:00,8.495,8.495,8.495,8.495,100.0
2019-03-22 12:11:00,8.48,8.51,8.47,8.5,1700.0
2019-03-22 12:12:00,8.51,8.51,8.51,8.51,100.0
2019-03-22 12:19:00,8.49,8.49,8.49,8.49,100.0
2019-03-22 12:20:00,8.48,8.5,8.465,8.5,900.0
2019-03-22 12:21:00,8.5,8.5,8.5,8.5,700.0
2019-03-22 12:24:00,8.5,8.51,8.5,8.5,1000.0
2019-03-22 12:25:00,8.48,8.495,8.48,8.49,400.0
2019-03-22 12:26:00,8.49,8.49,8.49,8.49,200.0
2019-03-22 12:28:00,8.49,8.49,8.47,8.47,500.0
2019-03-22 12:29:00,8.48,8.5,8.48,8.5,1733.0
2019-03-22 12:33:00,8.5,8.51,8.5,8.51,500.0
2019-03-22 12:38:00,8.52,8.52,8.49,8.51,500.0
2019-03-22 12:41:00,8.48,8.48,8.48,8.48,200.0
2019-03-22 12:43:00,8.48,8.485,8.48,8.485,540.0
2019-03-22 12:44:00,8.48,8.48,8.48,8.48,100.0
2019-03-22 12:45:00,8.48,8.48,8.48,8.48,500.0
2019-03-22 12:46:00,8.5,8.5,8.5,8.5,900.0
2019-03-22 12:48:00,8.49,8.49,8.49,8.49,200.0
2019-03-22 12:50:00,8.49,8.49,8.49,8.49,100.0
2019-03-22 12:56:00,8.49,8.49,8.49,8.49,105.0
2019-03-22 12:57:00,8.49,8.49,8.49,8.49,100.0
2019-03-22 12:58:00,8.49,8.49,8.49,8.49,371.0
2019-03-22 13:01:00,8.49,8.49,8.49,8.49,100.0
2019-03-22 13:04:00,8.49,8.4969,8.49,8.49,1224.0
2019-03-22 13:07:00,8.49,8.49,8.48,8.48,500.0
2019-03-22 13:08:00,8.47,8.5,8.47,8.49,2028.0
2019-03-22 13:09:00,8.48,8.48,8.48,8.48,100.0
2019-03-22 13:11:00,8.48,8.48,8.48,8.48,300.0
2019-03-22 13:12:00,8.48,8.5,8.47,8.5,2500.0
2019-03-22 13:21:00,8.495,8.495,8.495,8.495,400.0
2019-03-22 13:24:00,8.49,8.49,8.49,8.49,100.0
2019-03-22 13:27:00,8.49,8.5,8.49,8.5,800.0
2019-03-22 13:30:00,8.5,8.5,8.5,8.5,100.0
2019-03-22 13:33:00,8.5,8.5,8.5,8.5,100.0
2019-03-22 13:37:00,8.5,8.5,8.5,8.5,107.0
2019-03-22 13:38:00,8.5,8.5,8.5,8.5,101.0
2019-03-22 13:42:00,8.5,8.5,8.5,8.5,100.0
2019-03-22 13:45:00,8.5,8.5,8.5,8.5,270.0
2019-03-22 13:46:00,8.5,8.51,8.5,8.5,401.0
2019-03-22 13:47:00,8.485,8.485,8.485,8.485,100.0
2019-03-22 13:49:00,8.485,8.485,8.485,8.485,100.0
2019-03-22 13:50:00,8.48,8.51,8.45,8.5,2300.0
2019-03-22 13:51:00,8.5,8.5,8.495,8.5,1400.0
2019-03-22 13:53:00,8.49,8.49,8.49,8.49,200.0
2019-03-22 13:54:00,8.5,8.5,8.49,8.49,900.0
2019-03-22 13:55:00,8.5,8.5,8.5,8.5,252.0
2019-03-22 14:07:00,8.51,8.51,8.51,8.51,100.0
2019-03-22 14:08:00,8.5,8.5,8.5,8.5,100.0
2019-03-22 14:10:00,8.49,8.49,8.49,8.49,100.0
2019-03-22 14:11:00,8.5,8.5,8.5,8.5,100.0
2019-03-22 14:12:00,8.51,8.51,8.51,8.51,931.0
2019-03-22 14:14:00,8.52,8.52,8.52,8.52,300.0
2019-03-22 14:15:00,8.51,8.51,8.51,8.51,100.0
2019-03-22 14:17:00,8.52,8.55,8.52,8.55,400.0
2019-03-22 14:18:00,8.54,8.54,8.54,8.54,100.0
2019-03-22 14:28:00,8.525,8.525,8.525,8.525,105.0
2019-03-22 14:33:00,8.51,8.51,8.51,8.51,105.0
2019-03-22 14:34:00,8.5,8.5,8.5,8.5,709.0
2019-03-22 14:37:00,8.51,8.51,8.51,8.51,600.0
2019-03-22 14:38:00,8.51,8.52,8.51,8.52,900.0
2019-03-22 14:47:00,8.525,8.525,8.525,8.525,100.0
2019-03-22 14:49:00,8.54,8.54,8.54,8.54,100.0
2019-03-22 14:52:00,8.54,8.54,8.54,8.54,200.0
2019-03-22 14:54:00,8.54,8.58,8.54,8.55,1502.0
2019-03-22 15:07:00,8.51,8.51,8.51,8.51,100.0
2019-03-22 15:09:00,8.51,8.515,8.51,8.515,200.0
2019-03-22 15:11:00,8.515,8.515,8.515,8.515,800.0
2019-03-22 15:13:00,8.51,8.51,8.5,8.5,2194.0
2019-03-22 15:14:00,8.51,8.53,8.505,8.505,1000.0
2019-03-22 15:16:00,8.53,8.55,8.53,8.55,400.0
2019-03-22 15:20:00,8.535,8.535,8.535,8.535,100.0
2019-03-22 15:22:00,8.535,8.535,8.535,8.535,100.0
2019-03-22 15:23:00,8.525,8.53,8.525,8.53,300.0
2019-03-22 15:24:00,8.52,8.53,8.52,8.53,200.0
2019-03-22 15:25:00,8.5,8.5,8.5,8.5,100.0
2019-03-22 15:26:00,8.51,8.52,8.51,8.52,300.0
2019-03-22 15:27:00,8.53,8.53,8.53,8.53,100.0
2019-03-22 15:28:00,8.53,8.545,8.53,8.53,900.0
2019-03-22 15:30:00,8.5175,8.5175,8.5175,8.5175,300.0
2019-03-22 15:31:00,8.5,8.51,8.5,8.51,200.0
2019-03-22 15:32:00,8.51,8.52,8.51,8.51,406.0
2019-03-22 15:33:00,8.52,8.54,8.52,8.52,1016.0
2019-03-22 15:35:00,8.52,8.52,8.52,8.52,305.0
2019-03-22 15:36:00,8.52,8.55,8.52,8.55,2450.0
2019-03-22 15:38:00,8.53,8.53,8.515,8.515,340.0
2019-03-22 15:39:00,8.53,8.54,8.53,8.54,250.0
2019-03-22 15:41:00,8.53,8.53,8.53,8.53,479.0
2019-03-22 15:43:00,8.52,8.52,8.52,8.52,100.0
2019-03-22 15:44:00,8.52,8.565,8.5,8.565,4764.0
2019-03-22 15:45:00,8.58,8.6,8.58,8.5905,1552.0
2019-03-22 15:46:00,8.6,8.6,8.58,8.58,1455.0
2019-03-22 15:49:00,8.56,8.56,8.56,8.56,100.0
2019-03-22 15:50:00,8.55,8.56,8.5101,8.55,1546.0
2019-03-22 15:52:00,8.56,8.58,8.56,8.58,800.0
2019-03-22 15:53:00,8.58,8.64,8.58,8.58,3500.0
2019-03-22 15:54:00,8.58,8.586,8.58,8.586,701.0
2019-03-22 15:55:00,8.56,8.56,8.56,8.56,100.0
2019-03-22 15:56:00,8.56,8.575,8.56,8.575,500.0
2019-03-22 15:57:00,8.57,8.57,8.55,8.565,1038.0
2019-03-22 15:58:00,8.555,8.58,8.54,8.58,3112.0
2019-03-22 15:59:00,8.57,8.62,8.54,8.54,2521.0
2019-03-22 16:00:00,8.55,8.55,8.5,8.54,4928.0
2019-03-25 09:31:00,8.35,8.35,8.35,8.35,4416.0
2019-03-25 09:33:00,8.322,8.322,8.322,8.322,210.0
2019-03-25 09:37:00,8.28,8.28,8.28,8.28,201.0
2019-03-25 09:40:00,8.46,8.46,8.46,8.46,905.0
2019-03-25 09:42:00,8.47,8.47,8.47,8.47,500.0
2019-03-25 09:43:00,8.5,8.51,8.5,8.51,2326.0
2019-03-25 09:46:00,8.53,8.53,8.53,8.53,963.0
2019-03-25 09:50:00,8.5,8.5,8.44,8.44,2620.0
2019-03-25 09:51:00,8.465,8.48,8.44,8.48,15700.0
2019-03-25 09:52:00,8.49,8.5,8.49,8.5,3765.0
2019-03-25 09:53:00,8.5,8.5,8.5,8.5,1670.0
2019-03-25 09:54:00,8.485,8.485,8.485,8.485,700.0
2019-03-25 09:55:00,8.485,8.485,8.47,8.47,5300.0
2019-03-25 09:56:00,8.49,8.5,8.49,8.5,7741.0
2019-03-25 09:57:00,8.5,8.5,8.5,8.5,1600.0
2019-03-25 09:58:00,8.45,8.49,8.45,8.49,9600.0
2019-03-25 09:59:00,8.5,8.5,8.465,8.465,5124.0
2019-03-25 10:00:00,8.49,8.49,8.48,8.48,4100.0
2019-03-25 10:01:00,8.49,8.5,8.49,8.5,4100.0
2019-03-25 10:02:00,8.5,8.5,8.5,8.5,2600.0
2019-03-25 10:04:00,8.51,8.51,8.51,8.51,400.0
2019-03-25 10:05:00,8.52,8.52,8.52,8.52,700.0
2019-03-25 10:06:00,8.5425,8.5425,8.5425,8.5425,800.0
2019-03-25 10:09:00,8.535,8.535,8.535,8.535,500.0
2019-03-25 10:10:00,8.525,8.525,8.525,8.525,400.0
2019-03-25 10:12:00,8.495,8.495,8.495,8.495,200.0
2019-03-25 10:14:00,8.5,8.51,8.5,8.51,1764.0
2019-03-25 10:16:00,8.5,8.5,8.5,8.5,400.0
2019-03-25 10:17:00,8.51,8.51,8.51,8.51,905.0
2019-03-25 10:20:00,8.5,8.5,8.5,8.5,610.0
2019-03-25 10:24:00,8.5,8.5,8.5,8.5,100.0
2019-03-25 10:25:00,8.49,8.49,8.49,8.49,900.0
2019-03-25 10:26:00,8.49,8.49,8.49,8.49,105.0
2019-03-25 10:28:00,8.49,8.49,8.49,8.49,205.0
2019-03-25 10:30:00,8.49,8.49,8.49,8.49,200.0
2019-03-25 10:31:00,8.49,8.49,8.49,8.49,224.0
2019-03-25 10:33:00,8.49,8.49,8.49,8.49,200.0
2019-03-25 10:35:00,8.49,8.49,8.49,8.49,409.0
2019-03-25 10:37:00,8.49,8.49,8.49,8.49,500.0
2019-03-25 10:38:00,8.485,8.485,8.485,8.485,130.0
2019-03-25 10:40:00,8.51,8.51,8.51,8.51,900.0
2019-03-25 10:41:00,8.5,8.5,8.5,8.5,200.0
2019-03-25 10:43:00,8.49,8.49,8.49,8.49,200.0
2019-03-25 10:44:00,8.49,8.49,8.49,8.49,300.0
2019-03-25 10:46:00,8.49,8.49,8.49,8.49,300.0
2019-03-25 10:48:00,8.485,8.485,8.485,8.485,200.0
2019-03-25 10:49:00,8.485,8.485,8.485,8.485,100.0
2019-03-25 10:51:00,8.48,8.48,8.48,8.48,300.0
2019-03-25 10:53:00,8.48,8.48,8.48,8.48,200.0
2019-03-25 10:55:00,8.48,8.48,8.48,8.48,210.0
2019-03-25 10:56:00,8.4775,8.4775,8.4775,8.4775,500.0
2019-03-25 10:57:00,8.5,8.5,8.5,8.5,1800.0
2019-03-25 11:08:00,8.52,8.52,8.495,8.495,1600.0
2019-03-25 11:17:00,8.5,8.5,8.5,8.5,400.0
2019-03-25 11:18:00,8.513,8.513,8.513,8.513,800.0
2019-03-25 11:21:00,8.52,8.52,8.52,8.52,315.0
2019-03-25 11:34:00,8.52,8.52,8.52,8.52,200.0
2019-03-25 11:36:00,8.52,8.52,8.52,8.52,500.0
2019-03-25 11:39:00,8.52,8.52,8.52,8.52,100.0
2019-03-25 11:43:00,8.525,8.525,8.525,8.525,200.0
2019-03-25 11:44:00,8.525,8.525,8.525,8.525,800.0
2019-03-25 11:45:00,8.54,8.54,8.53,8.53,809.0
2019-03-25 11:47:00,8.525,8.525,8.525,8.525,100.0
2019-03-25 11:50:00,8.525,8.525,8.525,8.525,100.0
2019-03-25 11:52:00,8.51,8.51,8.51,8.51,763.0
2019-03-25 11:55:00,8.51,8.51,8.51,8.51,200.0
2019-03-25 11:56:00,8.55,8.55,8.55,8.55,2103.0
2019-03-25 12:03:00,8.54,8.54,8.54,8.54,200.0
2019-03-25 12:05:00,8.525,8.525,8.525,8.525,100.0
2019-03-25 12:07:00,8.525,8.525,8.525,8.525,100.0
2019-03-25 12:09:00,8.525,8.525,8.525,8.525,200.0
2019-03-25 12:11:00,8.525,8.525,8.525,8.525,200.0
2019-03-25 12:13:00,8.52,8.52,8.52,8.52,300.0
2019-03-25 12:15:00,8.54,8.54,8.54,8.54,100.0
2019-03-25 12:17:00,8.54,8.54,8.54,8.54,600.0
2019-03-25 12:21:00,8.55,8.55,8.55,8.55,595.0
2019-03-25 12:28:00,8.535,8.535,8.535,8.535,200.0
2019-03-25 12:31:00,8.57,8.57,8.57,8.57,100.0
2019-03-25 12:32:00,8.54,8.54,8.54,8.54,700.0
2019-03-25 12:41:00,8.535,8.535,8.535,8.535,100.0
2019-03-25 12:45:00,8.535,8.535,8.535,8.535,900.0
2019-03-25 12:47:00,8.58,8.58,8.58,8.58,100.0
2019-03-25 13:04:00,8.545,8.545,8.545,8.545,100.0
2019-03-25 13:08:00,8.52,8.52,8.52,8.52,400.0
2019-03-25 13:10:00,8.54,8.54,8.54,8.54,200.0
2019-03-25 13:15:00,8.55,8.55,8.55,8.55,217.0
2019-03-25 13:22:00,8.56,8.56,8.56,8.56,300.0
2019-03-25 13:35:00,8.56,8.56,8.56,8.56,400.0
2019-03-25 13:38:00,8.59,8.59,8.59,8.59,100.0
2019-03-25 13:54:00,8.55,8.56,8.55,8.56,201.0
2019-03-25 14:06:00,8.53,8.53,8.53,8.53,100.0
2019-03-25 14:16:00,8.6,8.6,8.6,8.6,100.0
2019-03-25 14:18:00,8.55,8.55,8.55,8.55,100.0
2019-03-25 14:24:00,8.53,8.53,8.53,8.53,280.0
2019-03-25 14:25:00,8.56,8.56,8.56,8.56,400.0
2019-03-25 14:32:00,8.5225,8.5225,8.5225,8.5225,2200.0
2019-03-25 14:35:00,8.55,8.55,8.55,8.55,300.0
2019-03-25 14:36:00,8.56,8.56,8.56,8.56,800.0
2019-03-25 14:42:00,8.59,8.59,8.56,8.56,730.0
2019-03-25 14:53:00,8.58,8.58,8.58,8.58,400.0
2019-03-25 15:01:00,8.59,8.61,8.59,8.61,650.0
2019-03-25 15:09:00,8.58,8.58,8.58,8.58,970.0
2019-03-25 15:17:00,8.57,8.57,8.57,8.57,225.0
2019-03-25 15:21:00,8.57,8.57,8.57,8.57,500.0
2019-03-25 15:25:00,8.58,8.619,8.58,8.619,2000.0
2019-03-25 15:33:00,8.56,8.56,8.56,8.56,300.0
2019-03-25 15:36:00,8.57,8.57,8.57,8.57,765.0
2019-03-25 15:42:00,8.55,8.55,8.55,8.55,715.0
2019-03-25 15:45:00,8.54,8.54,8.54,8.54,3482.0
2019-03-25 15:46:00,8.54,8.54,8.54,8.54,2807.0
2019-03-25 15:47:00,8.54,8.54,8.54,8.54,996.0
2019-03-25 15:50:00,8.525,8.525,8.525,8.525,215.0
2019-03-25 15:52:00,8.53,8.54,8.53,8.54,2873.0
2019-03-25 15:53:00,8.55,8.55,8.545,8.545,3618.0
2019-03-25 15:56:00,8.525,8.53,8.525,8.53,1608.0
2019-03-25 15:57:00,8.55,8.55,8.55,8.55,1592.0
2019-03-25 15:58:00,8.53,8.53,8.53,8.53,133.0
2019-03-25 16:00:00,8.515,8.515,8.515,8.515,623.0
2019-03-26 09:31:00,8.69,8.69,8.69,8.69,0.0
2019-03-26 09:34:00,8.69,8.69,8.69,8.69,1005.0
2019-03-26 09:35:00,8.7,8.7,8.7,8.7,3320.0
2019-03-26 09:37:00,8.59,8.59,8.59,8.59,143.0
2019-03-26 09:40:00,8.6,8.6,8.6,8.6,306.0
2019-03-26 09:41:00,8.555,8.555,8.555,8.555,1912.0
2019-03-26 09:43:00,8.58,8.58,8.58,8.58,400.0
2019-03-26 09:44:00,8.585,8.585,8.585,8.585,403.0
2019-03-26 09:45:00,8.6,8.615,8.6,8.615,1697.0
2019-03-26 09:49:00,8.595,8.595,8.595,8.595,200.0
2019-03-26 09:55:00,8.59,8.59,8.59,8.59,101.0
2019-03-26 09:56:00,8.61,8.61,8.61,8.61,201.0
2019-03-26 10:02:00,8.6,8.6,8.6,8.6,210.0
2019-03-26 10:08:00,8.6,8.6,8.6,8.6,900.0
2019-03-26 10:11:00,8.595,8.595,8.595,8.595,200.0
2019-03-26 10:17:00,8.58,8.58,8.58,8.58,200.0
2019-03-26 10:20:00,8.58,8.58,8.58,8.58,100.0
2019-03-26 10:25:00,8.5775,8.5775,8.5775,8.5775,1800.0
2019-03-26 10:27:00,8.595,8.595,8.595,8.595,100.0
2019-03-26 10:29:00,8.595,8.595,8.595,8.595,100.0
2019-03-26 10:32:00,8.6,8.6,8.6,8.6,100.0
2019-03-26 10:35:00,8.595,8.595,8.595,8.595,500.0
2019-03-26 10:36:00,8.59,8.59,8.59,8.59,230.0
2019-03-26 10:42:00,8.585,8.585,8.585,8.585,100.0
2019-03-26 10:43:00,8.59,8.59,8.59,8.59,200.0
2019-03-26 10:44:00,8.61,8.61,8.61,8.61,730.0
2019-03-26 10:48:00,8.57,8.57,8.57,8.57,100.0
2019-03-26 10:53:00,8.5928,8.5928,8.5928,8.5928,116.0
2019-03-26 10:55:00,8.575,8.575,8.575,8.575,201.0
2019-03-26 10:58:00,8.62,8.62,8.62,8.62,120.0
2019-03-26 10:59:00,8.575,8.575,8.575,8.575,500.0
2019-03-26 11:00:00,8.585,8.585,8.585,8.585,115.0
2019-03-26 11:06:00,8.585,8.585,8.585,8.585,400.0
2019-03-26 11:11:00,8.58,8.58,8.58,8.58,200.0
2019-03-26 11:12:00,8.58,8.58,8.58,8.58,106.0
2019-03-26 11:16:00,8.64,8.64,8.6375,8.6375,1720.0
2019-03-26 11:21:00,8.61,8.61,8.61,8.61,630.0
2019-03-26 11:23:00,8.6,8.6,8.6,8.6,310.0
2019-03-26 11:29:00,8.6,8.6,8.6,8.6,200.0
2019-03-26 11:31:00,8.6,8.61,8.6,8.61,300.0
2019-03-26 11:33:00,8.64,8.64,8.64,8.64,200.0
2019-03-26 11:38:00,8.6201,8.6201,8.6201,8.6201,1100.0
2019-03-26 11:39:00,8.62,8.62,8.62,8.62,240.0
2019-03-26 11:44:00,8.63,8.63,8.63,8.63,200.0
2019-03-26 11:46:00,8.63,8.63,8.63,8.63,200.0
2019-03-26 11:49:00,8.58,8.58,8.58,8.58,1748.0
2019-03-26 11:51:00,8.58,8.58,8.58,8.58,200.0
2019-03-26 11:52:00,8.565,8.565,8.565,8.565,305.0
2019-03-26 11:54:00,8.545,8.545,8.545,8.545,700.0
2019-03-26 11:55:00,8.6,8.6,8.59,8.59,2535.0
2019-03-26 12:01:00,8.59,8.59,8.59,8.59,200.0
2019-03-26 12:05:00,8.59,8.59,8.59,8.59,700.0
2019-03-26 12:08:00,8.59,8.59,8.59,8.59,449.0
2019-03-26 12:11:00,8.59,8.59,8.59,8.59,600.0
2019-03-26 12:16:00,8.59,8.595,8.59,8.595,2900.0
2019-03-26 12:18:00,8.65,8.65,8.65,8.65,424.0
2019-03-26 12:19:00,8.65,8.66,8.65,8.66,4624.0
2019-03-26 12:20:00,8.64,8.64,8.64,8.64,900.0
2019-03-26 12:21:00,8.65,8.65,8.65,8.65,2240.0
2019-03-26 12:22:00,8.62,8.62,8.62,8.62,986.0
2019-03-26 12:23:00,8.6,8.6,8.6,8.6,1512.0
2019-03-26 12:24:00,8.59,8.6,8.59,8.6,2037.0
2019-03-26 12:25:00,8.6,8.6,8.6,8.6,1810.0
2019-03-26 12:26:00,8.63,8.63,8.63,8.63,410.0
2019-03-26 12:27:00,8.63,8.63,8.63,8.63,1734.0
2019-03-26 12:28:00,8.61,8.61,8.6,8.6,2910.0
2019-03-26 12:29:00,8.6,8.6,8.6,8.6,1000.0
2019-03-26 12:30:00,8.6,8.6,8.6,8.6,1170.0
2019-03-26 12:32:00,8.61,8.61,8.61,8.61,1320.0
2019-03-26 12:38:00,8.6,8.6,8.6,8.6,100.0
2019-03-26 12:39:00,8.6,8.6,8.6,8.6,100.0
2019-03-26 12:40:00,8.6,8.6,8.6,8.6,104.0
2019-03-26 12:44:00,8.6,8.6,8.6,8.6,904.0
2019-03-26 12:45:00,8.595,8.595,8.595,8.595,200.0
2019-03-26 12:46:00,8.6,8.6,8.6,8.6,0.0
2019-03-26 12:49:00,8.6,8.6,8.6,8.6,100.0
2019-03-26 12:51:00,8.605,8.605,8.605,8.605,100.0
2019-03-26 12:52:00,8.605,8.605,8.605,8.605,200.0
2019-03-26 12:54:00,8.6,8.6,8.6,8.6,500.0
2019-03-26 13:00:00,8.6,8.6,8.6,8.6,100.0
2019-03-26 13:14:00,8.6084,8.6084,8.6084,8.6084,1250.0
2019-03-26 13:15:00,8.615,8.615,8.615,8.615,300.0
2019-03-26 13:16:00,8.6,8.6,8.6,8.6,221.0
2019-03-26 13:18:00,8.615,8.615,8.615,8.615,224.0
2019-03-26 13:19:00,8.6,8.6,8.6,8.6,105.0
2019-03-26 13:23:00,8.61,8.61,8.61,8.61,506.0
2019-03-26 13:26:00,8.6,8.6,8.6,8.6,294.0
2019-03-26 13:28:00,8.62,8.62,8.6,8.6,775.0
2019-03-26 13:31:00,8.6,8.6,8.6,8.6,209.0
2019-03-26 13:35:00,8.6,8.6,8.6,8.6,115.0
2019-03-26 13:45:00,8.64,8.64,8.64,8.64,200.0
2019-03-26 13:48:00,8.6,8.6,8.6,8.6,500.0
2019-03-26 13:49:00,8.6,8.6,8.6,8.6,1065.0
2019-03-26 13:54:00,8.6,8.6,8.6,8.6,109.0
2019-03-26 13:55:00,8.6,8.6,8.6,8.6,100.0
2019-03-26 13:57:00,8.6,8.6,8.6,8.6,400.0
2019-03-26 13:59:00,8.6,8.6,8.6,8.6,200.0
2019-03-26 14:00:00,8.6241,8.6241,8.6241,8.6241,725.0
2019-03-26 14:03:00,8.6,8.6,8.6,8.6,100.0
2019-03-26 14:07:00,8.6,8.6,8.6,8.6,100.0
2019-03-26 14:10:00,8.6,8.6,8.6,8.6,100.0
2019-03-26 14:16:00,8.57,8.57,8.57,8.57,876.0
2019-03-26 14:21:00,8.57,8.58,8.57,8.58,354.0
2019-03-26 14:30:00,8.58,8.58,8.58,8.58,300.0
2019-03-26 14:31:00,8.585,8.585,8.585,8.585,100.0
2019-03-26 14:32:00,8.5775,8.5775,8.5775,8.5775,0.0
2019-03-26 14:35:00,8.6,8.6,8.6,8.6,702.0
2019-03-26 14:44:00,8.6,8.6,8.6,8.6,115.0
2019-03-26 14:59:00,8.61,8.61,8.61,8.61,121.0
2019-03-26 15:10:00,8.61,8.61,8.61,8.61,105.0
2019-03-26 15:13:00,8.6,8.6,8.6,8.6,100.0
2019-03-26 15:14:00,8.6,8.6,8.6,8.6,100.0
2019-03-26 15:20:00,8.6,8.6,8.6,8.6,100.0
2019-03-26 15:21:00,8.6,8.6,8.6,8.6,300.0
2019-03-26 15:23:00,8.62,8.62,8.62,8.62,100.0
2019-03-26 15:29:00,8.595,8.595,8.595,8.595,600.0
2019-03-26 15:32:00,8.595,8.595,8.595,8.595,515.0
2019-03-26 15:38:00,8.595,8.595,8.595,8.595,200.0
2019-03-26 15:41:00,8.595,8.595,8.595,8.595,354.0
2019-03-26 15:43:00,8.595,8.595,8.595,8.595,100.0
2019-03-26 15:45:00,8.595,8.595,8.595,8.595,336.0
2019-03-26 15:48:00,8.595,8.595,8.595,8.595,101.0
2019-03-26 15:52:00,8.595,8.595,8.595,8.595,513.0
2019-03-26 15:55:00,8.595,8.595,8.595,8.595,200.0
2019-03-26 15:56:00,8.595,8.595,8.595,8.595,1619.0
2019-03-26 15:57:00,8.63,8.63,8.63,8.63,494.0
2019-03-26 15:59:00,8.63,8.63,8.63,8.63,120.0
2019-03-26 16:00:00,8.66,8.66,8.66,8.66,3672.0
2019-03-27 09:31:00,8.57,8.57,8.5638,8.5638,0.0
2019-03-27 09:43:00,8.6229,8.6229,8.6,8.6,1020.0
2019-03-27 09:44:00,8.6935,8.6935,8.6935,8.6935,500.0
2019-03-27 09:46:00,8.6,8.6,8.59,8.6,600.0
2019-03-27 09:47:00,8.6,8.6,8.59,8.59,700.0
2019-03-27 09:49:00,8.65,8.67,8.65,8.67,220.0
2019-03-27 09:58:00,8.63,8.65,8.61,8.65,1180.0
2019-03-27 09:59:00,8.63,8.65,8.63,8.64,1295.0
2019-03-27 10:01:00,8.62,8.62,8.57,8.57,1989.0
2019-03-27 10:02:00,8.595,8.595,8.595,8.595,500.0
2019-03-27 10:09:00,8.6,8.6,8.6,8.6,200.0
2019-03-27 10:11:00,8.605,8.605,8.605,8.605,200.0
2019-03-27 10:13:00,8.62,8.62,8.61,8.61,200.0
2019-03-27 10:16:00,8.6,8.6,8.6,8.6,100.0
2019-03-27 10:17:00,8.6,8.6,8.6,8.6,701.0
2019-03-27 10:31:00,8.6,8.6,8.6,8.6,400.0
2019-03-27 10:32:00,8.6,8.61,8.6,8.61,359.0
2019-03-27 10:36:00,8.6,8.61,8.585,8.61,2532.0
2019-03-27 10:37:00,8.6,8.6,8.6,8.6,107.0
2019-03-27 10:41:00,8.6,8.6,8.6,8.6,100.0
2019-03-27 10:44:00,8.6,8.6,8.59,8.6,1106.0
2019-03-27 10:48:00,8.59,8.59,8.59,8.59,100.0
2019-03-27 10:51:00,8.59,8.59,8.59,8.59,100.0
2019-03-27 10:52:00,8.6,8.61,8.59,8.6,7716.0
2019-03-27 10:53:00,8.59,8.59,8.59,8.59,145.0
2019-03-27 10:54:00,8.6,8.6,8.6,8.6,200.0
2019-03-27 11:01:00,8.6,8.6,8.55,8.6,31773.0
2019-03-27 11:02:00,8.6,8.6,8.6,8.6,200.0
2019-03-27 11:04:00,8.6,8.6,8.59,8.59,200.0
2019-03-27 11:05:00,8.6,8.6,8.595,8.595,1300.0
2019-03-27 11:08:00,8.6,8.62,8.6,8.6,10615.0
2019-03-27 11:09:00,8.6,8.6,8.6,8.6,387.0
2019-03-27 11:12:00,8.6,8.6,8.6,8.6,100.0
2019-03-27 11:13:00,8.6,8.6,8.58,8.6,32000.0
2019-03-27 11:14:00,8.59,8.6,8.59,8.6,571.0
2019-03-27 11:16:00,8.595,8.595,8.595,8.595,100.0
2019-03-27 11:17:00,8.6,8.6,8.59,8.59,400.0
2019-03-27 11:18:00,8.58,8.58,8.58,8.58,100.0
2019-03-27 11:20:00,8.6,8.6,8.6,8.6,100.0
2019-03-27 11:23:00,8.6,8.6,8.6,8.6,100.0
2019-03-27 11:24:00,8.6,8.6,8.58,8.6,4100.0
2019-03-27 11:25:00,8.6,8.6,8.6,8.6,200.0
2019-03-27 11:29:00,8.585,8.585,8.585,8.585,225.0
2019-03-27 11:30:00,8.58,8.58,8.58,8.58,600.0
2019-03-27 11:31:00,8.58,8.58,8.58,8.58,100.0
2019-03-27 11:32:00,8.56,8.565,8.55,8.56,1632.0
2019-03-27 11:33:00,8.58,8.6,8.575,8.585,1345.0
2019-03-27 11:35:00,8.585,8.585,8.58,8.58,319.0
2019-03-27 11:36:00,8.58,8.58,8.56,8.57,700.0
2019-03-27 11:37:00,8.58,8.595,8.58,8.595,1600.0
2019-03-27 11:38:00,8.59,8.6,8.59,8.6,800.0
2019-03-27 11:41:00,8.6,8.6,8.6,8.6,400.0
2019-03-27 11:44:00,8.59,8.59,8.59,8.59,200.0
2019-03-27 11:45:00,8.58,8.58,8.58,8.58,200.0
2019-03-27 11:46:00,8.58,8.58,8.58,8.58,300.0
2019-03-27 11:47:00,8.58,8.58,8.58,8.58,302.0
2019-03-27 11:48:00,8.58,8.58,8.58,8.58,100.0
2019-03-27 11:50:00,8.575,8.575,8.575,8.575,100.0
2019-03-27 11:52:00,8.59,8.6,8.59,8.6,600.0
2019-03-27 11:54:00,8.56,8.595,8.54,8.54,4301.0
2019-03-27 11:55:00,8.56,8.565,8.5301,8.555,1300.0
2019-03-27 11:56:00,8.56,8.56,8.54,8.55,700.0
2019-03-27 11:57:00,8.5725,8.575,8.57,8.57,1200.0
2019-03-27 12:01:00,8.58,8.58,8.58,8.58,0.0
2019-03-27 12:13:00,8.55,8.55,8.55,8.55,122370.0
2019-03-27 12:15:00,8.55,8.565,8.55,8.565,400.0
2019-03-27 12:16:00,8.55,8.55,8.55,8.55,179.0
2019-03-27 12:19:00,8.58,8.6,8.58,8.6,50776.0
2019-03-27 12:21:00,8.66,8.66,8.66,8.66,800.0
2019-03-27 12:28:00,8.66,8.67,8.62,8.66,800.0
2019-03-27 12:38:00,8.666,8.666,8.666,8.666,120.0
2019-03-27 12:47:00,8.65,8.675,8.65,8.675,300.0
2019-03-27 13:00:00,8.63,8.63,8.63,8.63,100.0
2019-03-27 13:03:00,8.62,8.62,8.59,8.59,1885.0
2019-03-27 13:05:00,8.59,8.59,8.57,8.57,3885.0
2019-03-27 13:14:00,8.59,8.59,8.59,8.59,100.0
2019-03-27 13:16:00,8.56,8.56,8.56,8.56,100.0
2019-03-27 13:17:00,8.64,8.65,8.59,8.64,7103.0
2019-03-27 13:18:00,8.68,8.7,8.68,8.7,400.0
2019-03-27 13:27:00,8.62,8.62,8.62,8.62,100.0
2019-03-27 13:32:00,8.65,8.65,8.65,8.65,100.0
2019-03-27 13:34:00,8.62,8.62,8.62,8.62,100.0
2019-03-27 13:47:00,8.61,8.61,8.61,8.61,500.0
2019-03-27 13:48:00,8.59,8.59,8.59,8.59,500.0
2019-03-27 13:51:00,8.6,8.6,8.59,8.59,20800.0
2019-03-27 13:52:00,8.6,8.6,8.6,8.6,200.0
2019-03-27 13:54:00,8.56,8.56,8.56,8.56,146.0
2019-03-27 14:00:00,8.585,8.61,8.585,8.61,700.0
2019-03-27 14:01:00,8.59,8.59,8.59,8.59,100.0
2019-03-27 14:02:00,8.62,8.65,8.6,8.65,1208.0
2019-03-27 14:10:00,8.6,8.6,8.6,8.6,720.0
2019-03-27 14:11:00,8.65,8.67,8.635,8.635,500.0
2019-03-27 14:12:00,8.61,8.61,8.61,8.61,1400.0
2019-03-27 14:17:00,8.61,8.61,8.61,8.61,100.0
2019-03-27 14:32:00,8.61,8.67,8.61,8.67,3110.0
2019-03-27 14:37:00,8.615,8.62,8.61,8.62,400.0
2019-03-27 14:38:00,8.61,8.61,8.61,8.61,179.0
2019-03-27 14:41:00,8.665,8.665,8.665,8.665,100.0
2019-03-27 14:43:00,8.66,8.665,8.62,8.62,1004.0
2019-03-27 14:44:00,8.63,8.63,8.61,8.61,336.0
2019-03-27 14:46:00,8.64,8.64,8.64,8.64,130.0
2019-03-27 14:47:00,8.61,8.61,8.61,8.61,200.0
2019-03-27 14:49:00,8.6,8.6,8.6,8.6,100.0
2019-03-27 14:50:00,8.6,8.6,8.6,8.6,100.0
2019-03-27 14:51:00,8.6,8.6,8.6,8.6,100.0
2019-03-27 14:52:00,8.64,8.67,8.64,8.67,900.0
2019-03-27 14:53:00,8.61,8.61,8.61,8.61,1900.0
2019-03-27 15:02:00,8.61,8.61,8.61,8.61,816.0
2019-03-27 15:03:00,8.61,8.61,8.61,8.61,218.0
2019-03-27 15:07:00,8.63,8.63,8.61,8.61,200.0
2019-03-27 15:08:00,8.645,8.65,8.645,8.65,2005.0
2019-03-27 15:16:00,8.61,8.61,8.61,8.61,235.0
2019-03-27 15:20:00,8.6,8.6,8.6,8.6,100.0
2019-03-27 15:22:00,8.6499,8.6499,8.6499,8.6499,614.0
2019-03-27 15:23:00,8.6268,8.6268,8.6268,8.6268,157.0
2019-03-27 15:24:00,8.61,8.63,8.61,8.63,1012.0
2019-03-27 15:27:00,8.61,8.61,8.61,8.61,1270.0
2019-03-27 15:29:00,8.6101,8.6101,8.6101,8.6101,545.0
2019-03-27 15:31:00,8.6399,8.6399,8.6,8.6,250.0
2019-03-27 15:32:00,8.61,8.61,8.61,8.61,107.0
2019-03-27 15:33:00,8.63,8.63,8.63,8.63,220.0
2019-03-27 15:34:00,8.6,8.64,8.6,8.61,1201.0
2019-03-27 15:35:00,8.6,8.61,8.6,8.61,800.0
2019-03-27 15:36:00,8.6,8.6,8.6,8.6,600.0
2019-03-27 15:37:00,8.6,8.6,8.58,8.58,14200.0
2019-03-27 15:42:00,8.59,8.59,8.59,8.59,159.0
2019-03-27 15:43:00,8.58,8.58,8.58,8.58,500.0
2019-03-27 15:44:00,8.58,8.58,8.58,8.58,106.0
2019-03-27 15:45:00,8.59,8.63,8.59,8.63,10081.0
2019-03-27 15:46:00,8.6,8.6,8.6,8.6,20000.0
2019-03-27 15:48:00,8.63,8.63,8.63,8.63,106.0
2019-03-27 15:49:00,8.63,8.63,8.63,8.63,2134.0
2019-03-27 15:50:00,8.63,8.63,8.63,8.63,107.0
2019-03-27 15:52:00,8.62,8.62,8.62,8.62,106.0
2019-03-27 15:53:00,8.61,8.61,8.6,8.6,250.0
2019-03-27 15:54:00,8.6,8.61,8.6,8.6,1113.0
2019-03-27 15:55:00,8.6,8.6,8.6,8.6,1300.0
2019-03-27 15:56:00,8.6,8.6,8.6,8.6,1800.0
2019-03-27 15:57:00,8.6,8.63,8.6,8.6,2465.0
2019-03-27 15:58:00,8.6,8.6,8.6,8.6,1300.0
2019-03-27 15:59:00,8.6,8.62,8.6,8.6,1631.0
2019-03-27 16:00:00,8.6,8.61,8.59,8.59,3258.0
2019-03-28 09:31:00,8.64,8.64,8.64,8.64,0.0
2019-03-28 09:37:00,8.74,8.74,8.74,8.74,100.0
2019-03-28 09:38:00,8.75,8.75,8.75,8.75,400.0
2019-03-28 09:40:00,8.775,8.775,8.775,8.775,920.0
2019-03-28 09:42:00,8.73,8.73,8.73,8.73,601.0
2019-03-28 09:46:00,8.68,8.68,8.68,8.68,200.0
2019-03-28 09:49:00,8.69,8.69,8.69,8.69,101.0
2019-03-28 09:51:00,8.69,8.69,8.69,8.69,126.0
2019-03-28 09:52:00,8.68,8.68,8.68,8.68,332.0
2019-03-28 09:53:00,8.7,8.72,8.7,8.72,410.0
2019-03-28 09:54:00,8.68,8.68,8.68,8.68,510.0
2019-03-28 09:55:00,8.68,8.68,8.68,8.68,100.0
2019-03-28 09:56:00,8.68,8.68,8.68,8.68,200.0
2019-03-28 09:57:00,8.65,8.65,8.59,8.59,1338.0
2019-03-28 09:58:00,8.59,8.59,8.59,8.59,1773.0
2019-03-28 10:01:00,8.59,8.59,8.59,8.59,111.0
2019-03-28 10:04:00,8.59,8.59,8.59,8.59,100.0
2019-03-28 10:05:00,8.625,8.625,8.625,8.625,200.0
2019-03-28 10:06:00,8.66,8.66,8.66,8.66,100.0
2019-03-28 10:07:00,8.625,8.625,8.625,8.625,400.0
2019-03-28 10:10:00,8.625,8.625,8.625,8.625,100.0
2019-03-28 10:11:00,8.5933,8.5933,8.5933,8.5933,845.0
2019-03-28 10:14:00,8.61,8.61,8.61,8.61,100.0
2019-03-28 10:15:00,8.595,8.595,8.595,8.595,300.0
2019-03-28 10:16:00,8.58,8.58,8.58,8.58,4800.0
2019-03-28 10:20:00,8.59,8.59,8.59,8.59,100.0
2019-03-28 10:21:00,8.5749,8.5749,8.5749,8.5749,875.0
2019-03-28 10:23:00,8.59,8.59,8.59,8.59,1175.0
2019-03-28 10:24:00,8.59,8.59,8.59,8.59,10831.0
2019-03-28 10:26:00,8.605,8.605,8.605,8.605,2078.0
2019-03-28 10:27:00,8.64,8.64,8.62,8.62,1113.0
2019-03-28 10:30:00,8.625,8.625,8.625,8.625,100.0
2019-03-28 10:31:00,8.64,8.64,8.64,8.64,207.0
2019-03-28 10:33:00,8.7,8.7,8.7,8.7,413.0
2019-03-28 10:37:00,8.67,8.67,8.67,8.67,100.0
2019-03-28 10:40:00,8.69,8.76,8.69,8.76,3201.0
2019-03-28 10:47:00,8.765,8.765,8.765,8.765,100.0
2019-03-28 10:48:00,8.8,8.8,8.8,8.8,550.0
2019-03-28 10:50:00,8.77,8.77,8.77,8.77,103.0
2019-03-28 10:53:00,8.8,8.8,8.8,8.8,100.0
2019-03-28 10:56:00,8.79,8.79,8.79,8.79,1008.0
2019-03-28 11:04:00,8.8,8.8,8.8,8.8,100.0
2019-03-28 11:07:00,8.79,8.79,8.79,8.79,1540.0
2019-03-28 11:12:00,8.78,8.78,8.75,8.75,205.0
2019-03-28 11:15:00,8.8,8.8,8.8,8.8,305.0
2019-03-28 11:16:00,8.8,8.8,8.8,8.8,200.0
2019-03-28 11:17:00,8.79,8.79,8.79,8.79,660.0
2019-03-28 11:18:00,8.8,8.8,8.8,8.8,500.0
2019-03-28 11:21:00,8.83,8.83,8.83,8.83,100.0
2019-03-28 11:22:00,8.8,8.8,8.8,8.8,200.0
2019-03-28 11:24:00,8.85,8.85,8.765,8.765,1003.0
2019-03-28 11:33:00,8.86,8.86,8.86,8.86,100.0
2019-03-28 11:35:00,8.82,8.85,8.82,8.85,205.0
2019-03-28 11:41:00,8.81,8.81,8.81,8.81,104.0
2019-03-28 11:47:00,8.8,8.86,8.8,8.86,400.0
2019-03-28 11:49:00,8.88,8.88,8.82,8.82,400.0
2019-03-28 11:52:00,8.82,8.82,8.82,8.82,501.0
2019-03-28 11:53:00,8.87,8.87,8.87,8.87,100.0
2019-03-28 11:58:00,8.82,8.82,8.82,8.82,100.0
2019-03-28 11:59:00,8.85,8.85,8.85,8.85,100.0
2019-03-28 12:02:00,8.85,8.85,8.85,8.85,341.0
2019-03-28 12:09:00,8.81,8.81,8.81,8.81,100.0
2019-03-28 12:11:00,8.85,8.85,8.85,8.85,500.0
2019-03-28 12:14:00,8.81,8.81,8.81,8.81,101.0
2019-03-28 12:19:00,8.83,8.83,8.83,8.83,153.0
2019-03-28 12:25:00,8.85,8.85,8.85,8.85,560.0
2019-03-28 12:37:00,8.83,8.83,8.83,8.83,100.0
2019-03-28 12:43:00,8.83,8.83,8.83,8.83,121.0
2019-03-28 12:49:00,8.83,8.83,8.83,8.83,200.0
2019-03-28 12:56:00,8.83,8.83,8.83,8.83,100.0
2019-03-28 13:02:00,8.83,8.83,8.83,8.83,107.0
2019-03-28 13:05:00,8.86,8.86,8.86,8.86,200.0
2019-03-28 13:08:00,8.83,8.83,8.83,8.83,370.0
2019-03-28 13:10:00,8.86,8.86,8.86,8.86,739.0
2019-03-28 13:20:00,8.84,8.84,8.84,8.84,100.0
2019-03-28 13:24:00,8.84,8.84,8.84,8.84,220.0
2019-03-28 13:40:00,8.83,8.83,8.83,8.83,100.0
2019-03-28 13:48:00,8.83,8.83,8.83,8.83,100.0
2019-03-28 13:55:00,8.83,8.83,8.83,8.83,100.0
2019-03-28 13:56:00,8.85,8.85,8.83,8.83,430.0
2019-03-28 14:02:00,8.83,8.83,8.83,8.83,100.0
2019-03-28 14:09:00,8.83,8.83,8.83,8.83,401.0
2019-03-28 14:15:00,8.85,8.86,8.83,8.83,787.0
2019-03-28 14:21:00,8.83,8.83,8.83,8.83,100.0
2019-03-28 14:23:00,8.85,8.86,8.85,8.86,456.0
2019-03-28 14:27:00,8.83,8.83,8.83,8.83,556.0
2019-03-28 14:33:00,8.83,8.83,8.83,8.83,100.0
2019-03-28 14:40:00,8.83,8.83,8.83,8.83,100.0
2019-03-28 14:42:00,8.82,8.82,8.8,8.8,1036.0
2019-03-28 14:47:00,8.8,8.8,8.8,8.8,100.0
2019-03-28 14:48:00,8.83,8.83,8.83,8.83,352.0
2019-03-28 14:51:00,8.83,8.83,8.83,8.83,500.0
2019-03-28 14:53:00,8.81,8.81,8.81,8.81,600.0
2019-03-28 15:00:00,8.81,8.81,8.81,8.81,100.0
2019-03-28 15:06:00,8.81,8.81,8.81,8.81,100.0
2019-03-28 15:09:00,8.825,8.825,8.825,8.825,300.0
2019-03-28 15:12:00,8.81,8.81,8.81,8.81,100.0
2019-03-28 15:13:00,8.83,8.83,8.83,8.83,412.0
2019-03-28 15:18:00,8.81,8.81,8.81,8.81,100.0
2019-03-28 15:20:00,8.84,8.84,8.83,8.83,387.0
2019-03-28 15:21:00,8.83,8.83,8.83,8.83,133.0
2019-03-28 15:25:00,8.85,8.85,8.835,8.835,720.0
2019-03-28 15:28:00,8.82,8.82,8.82,8.82,606.0
2019-03-28 15:38:00,8.81,8.81,8.81,8.81,133.0
2019-03-28 15:41:00,8.83,8.83,8.81,8.81,333.0
2019-03-28 15:44:00,8.82,8.82,8.82,8.82,1010.0
2019-03-28 15:45:00,8.82,8.8399,8.8,8.8,779.0
2019-03-28 15:46:00,8.82,8.82,8.81,8.81,1109.0
2019-03-28 15:48:00,8.8381,8.8381,8.8381,8.8381,117.0
2019-03-28 15:52:00,8.837,8.837,8.837,8.837,173.0
2019-03-28 15:54:00,8.81,8.8101,8.805,8.805,3823.0
2019-03-28 15:55:00,8.805,8.805,8.8,8.8,200.0
2019-03-28 15:56:00,8.805,8.805,8.8,8.8,1221.0
2019-03-28 15:57:00,8.8,8.8,8.8,8.8,2147.0
2019-03-28 15:59:00,8.8,8.81,8.8,8.81,1914.0
2019-03-28 16:00:00,8.81,8.8399,8.8,8.8,0.0
2019-03-29 09:31:00,8.84,8.84,8.84,8.84,0.0
2019-03-29 09:41:00,8.85,8.85,8.85,8.85,600.0
2019-03-29 09:42:00,8.71,8.71,8.7,8.7,1850.0
2019-03-29 09:45:00,8.7276,8.7276,8.7276,8.7276,632.0
2019-03-29 09:46:00,8.78,8.78,8.71,8.71,2526.0
2019-03-29 09:47:00,8.65,8.65,8.65,8.65,114.0
2019-03-29 09:48:00,8.64,8.64,8.64,8.64,579.0
2019-03-29 09:50:00,8.61,8.61,8.61,8.61,115.0
2019-03-29 09:51:00,8.63,8.63,8.63,8.63,100.0
2019-03-29 09:54:00,8.62,8.62,8.62,8.62,315.0
2019-03-29 09:58:00,8.73,8.73,8.73,8.73,827.0
2019-03-29 10:07:00,8.75,8.75,8.75,8.75,194.0
2019-03-29 10:09:00,8.69,8.69,8.69,8.69,175.0
2019-03-29 10:16:00,8.75,8.75,8.75,8.75,200.0
2019-03-29 10:17:00,8.69,8.69,8.69,8.69,200.0
2019-03-29 10:21:00,8.69,8.69,8.69,8.69,200.0
2019-03-29 10:29:00,8.68,8.68,8.68,8.68,214.0
2019-03-29 10:34:00,8.72,8.72,8.72,8.72,100.0
2019-03-29 10:37:00,8.7,8.7,8.7,8.7,201.0
2019-03-29 10:41:00,8.68,8.68,8.68,8.68,228.0
2019-03-29 10:46:00,8.65,8.65,8.65,8.65,900.0
2019-03-29 10:47:00,8.64,8.65,8.64,8.65,1333.0
2019-03-29 11:01:00,8.66,8.66,8.66,8.66,158.0
2019-03-29 11:03:00,8.7,8.7,8.69,8.69,800.0
2019-03-29 11:09:00,8.71,8.71,8.71,8.71,100.0
2019-03-29 11:29:00,8.725,8.725,8.725,8.725,260.0
2019-03-29 11:38:00,8.73,8.73,8.73,8.73,547.0
2019-03-29 11:46:00,8.7,8.72,8.7,8.72,1200.0
2019-03-29 11:47:00,8.71,8.71,8.71,8.71,1400.0
2019-03-29 11:59:00,8.7186,8.72,8.7186,8.72,600.0
2019-03-29 12:07:00,8.72,8.72,8.72,8.72,100.0
2019-03-29 12:09:00,8.725,8.725,8.725,8.725,1011.0
2019-03-29 12:13:00,8.725,8.725,8.725,8.725,100.0
2019-03-29 12:14:00,8.73,8.73,8.73,8.73,500.0
2019-03-29 12:18:00,8.715,8.715,8.715,8.715,200.0
2019-03-29 12:35:00,8.7169,8.7169,8.7169,8.7169,501.0
2019-03-29 12:39:00,8.7164,8.7164,8.7164,8.7164,125.0
2019-03-29 12:44:00,8.71,8.75,8.71,8.75,1101.0
2019-03-29 12:50:00,8.74,8.74,8.74,8.74,100.0
2019-03-29 12:51:00,8.74,8.74,8.74,8.74,200.0
2019-03-29 12:52:00,8.74,8.74,8.73,8.73,500.0
2019-03-29 13:03:00,8.75,8.75,8.74,8.74,200.0
2019-03-29 13:08:00,8.74,8.74,8.74,8.74,200.0
2019-03-29 13:17:00,8.73,8.73,8.73,8.73,200.0
2019-03-29 13:20:00,8.74,8.74,8.74,8.74,300.0
2019-03-29 13:34:00,8.75,8.75,8.75,8.75,100.0
2019-03-29 13:35:00,8.75,8.75,8.75,8.75,654.0
2019-03-29 14:01:00,8.75,8.75,8.75,8.75,112.0
2019-03-29 14:19:00,8.75,8.75,8.75,8.75,1800.0
2019-03-29 14:20:00,8.74,8.74,8.74,8.74,929.0
2019-03-29 14:31:00,8.75,8.75,8.75,8.75,100.0
2019-03-29 14:33:00,8.77,8.77,8.77,8.77,501.0
2019-03-29 14:49:00,8.78,8.83,8.78,8.83,1511.0
2019-03-29 15:04:00,8.83,8.83,8.83,8.83,200.0
2019-03-29 15:07:00,8.8078,8.8078,8.8078,8.8078,300.0
2019-03-29 15:16:00,8.8,8.8,8.8,8.8,224.0
2019-03-29 15:31:00,8.8,8.8,8.8,8.8,718.0
2019-03-29 15:43:00,8.81,8.81,8.81,8.81,100.0
2019-03-29 15:45:00,8.78,8.78,8.78,8.78,100.0
2019-03-29 15:46:00,8.77,8.77,8.77,8.77,200.0
2019-03-29 15:48:00,8.78,8.78,8.78,8.78,319.0
2019-03-29 15:50:00,8.77,8.77,8.77,8.77,112.0
2019-03-29 15:54:00,8.76,8.76,8.76,8.76,118.0
2019-03-29 15:56:00,8.76,8.77,8.76,8.77,423.0
2019-03-29 15:58:00,8.76,8.76,8.76,8.76,1205.0
2019-03-29 15:59:00,8.78,8.78,8.78,8.78,128.0
2019-03-29 16:00:00,8.75,8.75,8.75,8.75,779.0
2019-04-01 09:31:00,8.86,8.86,8.86,8.86,0.0
2019-04-01 09:35:00,8.915,9.03,8.915,9.03,3881.0
2019-04-01 09:37:00,9.0,9.0,9.0,9.0,204.0
2019-04-01 09:42:00,9.01,9.01,9.01,9.01,101.0
2019-04-01 09:45:00,9.0,9.0,9.0,9.0,1038.0
2019-04-01 09:49:00,8.95,8.95,8.95,8.95,105.0
2019-04-01 09:52:00,8.94,8.94,8.94,8.94,115.0
2019-04-01 09:57:00,8.99,8.99,8.99,8.99,3253.0
2019-04-01 09:58:00,8.9948,8.9948,8.9948,8.9948,740.0
2019-04-01 10:03:00,9.04,9.04,9.04,9.04,1207.0
2019-04-01 10:04:00,9.04,9.04,9.04,9.04,8521.0
2019-04-01 10:05:00,9.095,9.095,9.095,9.095,22200.0
2019-04-01 10:06:00,9.09,9.09,9.09,9.09,400.0
2019-04-01 10:09:00,9.14,9.14,9.14,9.14,2660.0
2019-04-01 10:10:00,9.15,9.15,9.15,9.15,311.0
2019-04-01 10:11:00,9.1074,9.1074,9.1074,9.1074,813.0
2019-04-01 10:13:00,9.2,9.2,9.2,9.2,801.0
2019-04-01 10:16:00,9.165,9.165,9.165,9.165,213.0
2019-04-01 10:18:00,9.21,9.21,9.21,9.21,100.0
2019-04-01 10:21:00,9.21,9.21,9.21,9.21,400.0
2019-04-01 10:22:00,9.23,9.23,9.23,9.23,502.0
2019-04-01 10:23:00,9.24,9.24,9.24,9.24,1073.0
2019-04-01 10:25:00,9.215,9.215,9.215,9.215,155.0
2019-04-01 10:36:00,9.19,9.19,9.19,9.19,218.0
2019-04-01 10:39:00,9.17,9.17,9.17,9.17,320.0
2019-04-01 10:41:00,9.1547,9.1547,9.1547,9.1547,26050.0
2019-04-01 10:44:00,9.15,9.16,9.15,9.16,1047.0
2019-04-01 10:54:00,9.2,9.27,9.2,9.27,5078.0
2019-04-01 10:57:00,9.2827,9.2827,9.2827,9.2827,485.0
2019-04-01 10:58:00,9.3,9.3,9.3,9.3,2105.0
2019-04-01 10:59:00,9.34,9.34,9.34,9.34,1024.0
2019-04-01 11:00:00,9.39,9.39,9.39,9.39,3325.0
2019-04-01 11:01:00,9.4,9.4,9.4,9.4,3387.0
2019-04-01 11:02:00,9.45,9.45,9.45,9.45,4250.0
2019-04-01 11:04:00,9.5,9.5,9.47,9.47,7051.0
2019-04-01 11:05:00,9.47,9.47,9.47,9.47,869.0
2019-04-01 11:08:00,9.395,9.395,9.395,9.395,1760.0
2019-04-01 11:11:00,9.38,9.38,9.34,9.34,1881.0
2019-04-01 11:14:00,9.29,9.29,9.29,9.29,100.0
2019-04-01 11:21:00,9.26,9.26,9.25,9.25,398.0
2019-04-01 11:26:00,9.29,9.29,9.29,9.29,853.0
2019-04-01 11:29:00,9.26,9.26,9.26,9.26,139.0
2019-04-01 11:31:00,9.25,9.25,9.25,9.25,363.0
2019-04-01 11:34:00,9.19,9.19,9.19,9.19,2048.0
2019-04-01 11:43:00,9.13,9.13,9.13,9.13,602.0
2019-04-01 11:50:00,9.155,9.155,9.155,9.155,100.0
2019-04-01 11:51:00,9.11,9.135,9.11,9.135,325.0
2019-04-01 11:54:00,9.14,9.14,9.14,9.14,25712.0
2019-04-01 11:55:00,9.14,9.14,9.11,9.11,37563.0
2019-04-01 12:00:00,9.1,9.11,9.1,9.11,3200.0
2019-04-01 12:05:00,9.13,9.13,9.13,9.13,100.0
2019-04-01 12:06:00,9.18,9.18,9.18,9.18,1821.0
2019-04-01 12:07:00,9.19,9.19,9.19,9.19,392.0
2019-04-01 12:12:00,9.185,9.185,9.185,9.185,147.0
2019-04-01 12:16:00,9.185,9.185,9.185,9.185,663.0
2019-04-01 12:28:00,9.11,9.11,9.11,9.11,2196.0
2019-04-01 12:34:00,9.12,9.12,9.12,9.12,300.0
2019-04-01 12:35:00,9.12,9.12,9.12,9.12,318.0
2019-04-01 12:41:00,9.1,9.1,9.1,9.1,749.0
2019-04-01 12:50:00,9.07,9.07,9.07,9.07,822.0
2019-04-01 12:52:00,9.07,9.07,9.07,9.07,143.0
2019-04-01 12:55:00,9.03,9.03,9.03,9.03,1518.0
2019-04-01 12:59:00,9.03,9.03,8.98,8.98,5898.0
2019-04-01 13:07:00,8.98,8.98,8.98,8.98,827.0
2019-04-01 13:14:00,8.99,8.99,8.99,8.99,202.0
2019-04-01 13:17:00,9.0,9.0,9.0,9.0,2257.0
2019-04-01 13:18:00,9.0,9.0,9.0,9.0,1797.0
2019-04-01 13:19:00,9.0,9.01,9.0,9.01,4509.0
2019-04-01 13:20:00,9.045,9.07,9.01,9.01,6072.0
2019-04-01 13:23:00,9.03,9.03,9.03,9.03,666.0
2019-04-01 13:31:00,9.02,9.02,9.02,9.02,200.0
2019-04-01 13:35:00,9.05,9.05,9.05,9.05,209.0
2019-04-01 13:39:00,9.05,9.05,9.05,9.05,800.0
2019-04-01 13:45:00,9.0182,9.0182,9.0,9.0,1425.0
2019-04-01 13:54:00,9.02,9.02,9.02,9.02,703.0
2019-04-01 13:57:00,9.02,9.02,9.02,9.02,301.0
2019-04-01 14:01:00,9.02,9.02,9.02,9.02,319.0
2019-04-01 14:04:00,8.99,9.0,8.99,9.0,1109.0
2019-04-01 14:07:00,8.9896,8.9896,8.9896,8.9896,1013.0
2019-04-01 14:12:00,8.97,8.97,8.97,8.97,800.0
2019-04-01 14:14:00,8.935,8.935,8.935,8.935,450.0
2019-04-01 14:21:00,8.96,8.96,8.96,8.96,834.0
2019-04-01 14:25:00,8.96,8.96,8.96,8.96,196.0
2019-04-01 14:28:00,8.98,8.98,8.98,8.98,100.0
2019-04-01 14:35:00,8.99,8.99,8.99,8.99,200.0
2019-04-01 14:38:00,8.99,8.99,8.99,8.99,200.0
2019-04-01 14:41:00,8.98,8.98,8.98,8.98,486.0
2019-04-01 14:44:00,8.97,8.97,8.97,8.97,277.0
2019-04-01 14:53:00,8.99,8.99,8.99,8.99,309.0
2019-04-01 14:55:00,9.0,9.0017,9.0,9.0017,2114.0
2019-04-01 14:58:00,9.03,9.03,9.03,9.03,774.0
2019-04-01 15:02:00,9.03,9.03,9.03,9.03,3405.0
2019-04-01 15:05:00,9.04,9.04,9.04,9.04,300.0
2019-04-01 15:06:00,8.98,8.98,8.98,8.98,871.0
2019-04-01 15:12:00,8.978,8.978,8.978,8.978,500.0
2019-04-01 15:20:00,9.0,9.0,9.0,9.0,100.0
2019-04-01 15:25:00,9.0,9.0,9.0,9.0,200.0
2019-04-01 15:28:00,9.0,9.0,9.0,9.0,165.0
2019-04-01 15:33:00,9.0,9.0,9.0,9.0,345.0
2019-04-01 15:34:00,8.99,8.99,8.99,8.99,458.0
2019-04-01 15:37:00,9.0,9.0,9.0,9.0,503.0
2019-04-01 15:38:00,9.0,9.0,9.0,9.0,6626.0
2019-04-01 15:40:00,8.96,8.96,8.96,8.96,94305.0
2019-04-01 15:43:00,8.965,8.965,8.965,8.965,100.0
2019-04-01 15:45:00,8.98,8.98,8.98,8.98,105.0
2019-04-01 15:47:00,8.96,8.99,8.96,8.99,447.0
2019-04-01 15:49:00,9.0,9.01,9.0,9.01,17990.0
2019-04-01 15:51:00,9.01,9.01,9.01,9.01,479.0
2019-04-01 15:54:00,9.04,9.04,9.04,9.04,920.0
2019-04-01 15:55:00,9.04,9.04,9.04,9.04,1013.0
2019-04-01 15:56:00,9.005,9.005,9.005,9.005,3388.0
2019-04-01 15:57:00,9.02,9.03,9.02,9.03,2452.0
2019-04-01 15:59:00,9.02,9.02,9.02,9.02,2088.0
2019-04-01 16:00:00,9.0299,9.0299,9.0,9.0,2378.0
2019-04-02 09:31:00,9.1,9.11,9.1,9.11,0.0
2019-04-02 09:33:00,9.1,9.1098,9.1,9.1098,0.0
2019-04-02 09:37:00,9.07,9.07,9.07,9.07,396.0
2019-04-02 09:43:00,9.07,9.07,9.07,9.07,1230.0
2019-04-02 09:45:00,9.08,9.08,9.08,9.08,200.0
2019-04-02 09:46:00,9.11,9.11,9.11,9.11,100.0
2019-04-02 09:47:00,9.11,9.11,9.08,9.08,450.0
2019-04-02 09:48:00,9.0555,9.0555,9.0555,9.0555,600.0
2019-04-02 09:49:00,9.03,9.05,9.03,9.05,220.0
2019-04-02 09:53:00,9.0,9.0,9.0,9.0,198.0
2019-04-02 09:54:00,9.0,9.0,9.0,9.0,608.0
2019-04-02 09:57:00,8.97,8.97,8.97,8.97,1176.0
2019-04-02 10:05:00,8.97,8.98,8.97,8.98,220.0
2019-04-02 10:08:00,9.005,9.005,9.005,9.005,100.0
2019-04-02 10:11:00,9.0,9.02,9.0,9.02,612.0
2019-04-02 10:15:00,9.02,9.02,9.02,9.02,143.0
2019-04-02 10:28:00,9.0,9.0,9.0,9.0,430.0
2019-04-02 10:32:00,9.025,9.06,9.025,9.0425,2341.0
2019-04-02 10:47:00,9.01,9.04,9.01,9.04,346.0
2019-04-02 10:52:00,9.02,9.02,9.02,9.02,200.0
2019-04-02 10:56:00,9.01,9.01,9.01,9.01,100.0
2019-04-02 11:01:00,9.01,9.01,9.01,9.01,229.0
2019-04-02 11:05:00,9.01,9.01,9.01,9.01,200.0
2019-04-02 11:06:00,9.0,9.0,9.0,9.0,100.0
2019-04-02 11:09:00,9.0,9.01,9.0,9.01,407.0
2019-04-02 11:10:00,8.98,8.98,8.98,8.98,1011.0
2019-04-02 11:20:00,8.9667,8.9667,8.9667,8.9667,300.0
2019-04-02 11:24:00,8.93,8.93,8.93,8.93,200.0
2019-04-02 11:25:00,8.9432,8.98,8.93,8.98,2800.0
2019-04-02 11:26:00,8.99,8.99,8.99,8.99,200.0
2019-04-02 11:27:00,8.93,8.94,8.93,8.94,301.0
2019-04-02 11:28:00,8.968,8.968,8.96,8.96,217.0
2019-04-02 11:38:00,8.93,8.93,8.93,8.93,181.0
2019-04-02 11:40:00,8.91,8.92,8.85,8.89,6680.0
2019-04-02 11:47:00,8.899,8.92,8.899,8.91,3909.0
2019-04-02 11:59:00,8.93,8.96,8.93,8.96,1300.0
2019-04-02 12:07:00,8.97,8.97,8.97,8.97,100.0
2019-04-02 12:14:00,8.99,8.99,8.99,8.99,100.0
2019-04-02 12:17:00,8.9301,8.98,8.9301,8.98,642.0
2019-04-02 12:20:00,8.99,8.99,8.99,8.99,100.0
2019-04-02 12:22:00,8.955,8.955,8.955,8.955,100.0
2019-04-02 12:26:00,8.96,8.96,8.96,8.96,100.0
2019-04-02 12:32:00,8.96,8.96,8.96,8.96,100.0
2019-04-02 12:35:00,8.9414,8.9414,8.9414,8.9414,500.0
2019-04-02 12:39:00,8.96,8.96,8.96,8.96,100.0
2019-04-02 12:46:00,8.95,8.95,8.935,8.935,1400.0
2019-04-02 12:48:00,8.935,8.97,8.935,8.97,948.0
2019-04-02 12:52:00,8.95,8.95,8.95,8.95,100.0
2019-04-02 12:56:00,8.96,8.975,8.955,8.97,1100.0
2019-04-02 12:57:00,8.97,8.99,8.97,8.97,1305.0
2019-04-02 13:01:00,8.98,8.99,8.98,8.99,300.0
2019-04-02 13:02:00,8.99,9.0,8.99,9.0,5215.0
2019-04-02 13:05:00,9.01,9.0462,9.005,9.01,6700.0
2019-04-02 13:06:00,9.025,9.025,9.025,9.025,600.0
2019-04-02 13:09:00,9.0175,9.0175,9.0175,9.0175,159.0
2019-04-02 13:21:00,9.03,9.03,9.03,9.03,641.0
2019-04-02 13:22:00,9.03,9.03,9.03,9.03,100.0
2019-04-02 13:23:00,9.04,9.04,9.04,9.04,740.0
2019-04-02 13:25:00,9.04,9.04,9.04,9.04,100.0
2019-04-02 13:26:00,9.04,9.04,9.025,9.04,1340.0
2019-04-02 13:27:00,9.04,9.04,9.025,9.025,1340.0
2019-04-02 13:30:00,9.03,9.03,9.01,9.015,2387.0
2019-04-02 13:35:00,9.03,9.03,9.03,9.03,144.0
2019-04-02 13:40:00,9.04,9.04,9.04,9.04,109.0
2019-04-02 13:42:00,9.035,9.035,9.035,9.035,100.0
2019-04-02 13:43:00,9.035,9.035,9.035,9.035,173.0
2019-04-02 13:48:00,9.03,9.03,9.03,9.03,115.0
2019-04-02 13:50:00,9.03,9.03,9.03,9.03,100.0
2019-04-02 13:53:00,9.02,9.02,9.0108,9.0108,356.0
2019-04-02 13:55:00,9.03,9.03,9.03,9.03,120.0
2019-04-02 14:15:00,9.01,9.01,9.01,9.01,224.0
2019-04-02 14:31:00,9.05,9.05,9.05,9.05,2577.0
2019-04-02 14:47:00,9.12,9.14,9.12,9.14,305.0
2019-04-02 14:50:00,9.12,9.12,9.12,9.12,106.0
2019-04-02 15:13:00,9.09,9.09,9.09,9.09,300.0
2019-04-02 15:16:00,9.06,9.06,9.06,9.06,100.0
2019-04-02 15:21:00,9.06,9.06,9.06,9.06,219.0
2019-04-02 15:52:00,9.05,9.05,9.05,9.05,204.0
2019-04-02 15:53:00,9.05,9.05,9.05,9.05,100.0
2019-04-02 15:54:00,9.05,9.05,9.05,9.05,119.0
2019-04-02 15:55:00,9.04,9.04,9.04,9.04,283.0
2019-04-02 15:57:00,9.02,9.02,9.02,9.02,363.0
2019-04-02 15:58:00,9.03,9.03,9.03,9.03,196.0
2019-04-02 16:00:00,9.05,9.05,9.02,9.02,607.0
2019-04-03 09:38:00,9.1742,9.1742,9.1742,9.1742,1000.0
2019-04-03 09:40:00,9.22,9.23,9.22,9.23,304.0
2019-04-03 09:46:00,9.24,9.27,9.24,9.27,396.0
2019-04-03 09:47:00,9.28,9.3,9.28,9.3,550.0
2019-04-03 09:48:00,9.29,9.3,9.265,9.265,955.0
2019-04-03 09:52:00,9.275,9.275,9.275,9.275,273.0
2019-04-03 09:53:00,9.28,9.28,9.265,9.265,414.0
2019-04-03 09:57:00,9.2562,9.29,9.2562,9.29,2166.0
2019-04-03 09:59:00,9.29,9.29,9.29,9.29,192.0
2019-04-03 10:01:00,9.255,9.29,9.25,9.29,1779.0
2019-04-03 10:02:00,9.29,9.38,9.29,9.38,5801.0
2019-04-03 10:04:00,9.3688,9.37,9.345,9.345,387.0
2019-04-03 10:06:00,9.2841,9.2841,9.2841,9.2841,1233.0
2019-04-03 10:13:00,9.32,9.345,9.32,9.345,206.0
2019-04-03 10:14:00,9.3418,9.3418,9.3418,9.3418,504.0
2019-04-03 10:17:00,9.3107,9.345,9.3107,9.345,2275.0
2019-04-03 10:24:00,9.343,9.343,9.343,9.343,475.0
2019-04-03 10:25:00,9.34,9.34,9.33,9.33,1211.0
2019-04-03 10:27:00,9.28,9.28,9.28,9.28,100.0
2019-04-03 10:28:00,9.27,9.28,9.27,9.28,958.0
2019-04-03 10:30:00,9.285,9.285,9.285,9.285,208.0
2019-04-03 10:34:00,9.32,9.32,9.32,9.32,128.0
2019-04-03 10:39:00,9.33,9.33,9.33,9.33,112.0
2019-04-03 10:43:00,9.345,9.345,9.345,9.345,500.0
2019-04-03 10:44:00,9.33,9.33,9.28,9.28,613.0
2019-04-03 10:46:00,9.31,9.32,9.31,9.32,1974.0
2019-04-03 10:47:00,9.305,9.305,9.3,9.3,1903.0
2019-04-03 10:51:00,9.295,9.295,9.295,9.295,101.0
2019-04-03 10:53:00,9.27,9.27,9.25,9.25,2119.0
2019-04-03 10:56:00,9.23,9.23,9.23,9.23,106.0
2019-04-03 11:04:00,9.23,9.2353,9.23,9.2353,400.0
2019-04-03 11:05:00,9.2012,9.27,9.2012,9.245,3854.0
2019-04-03 11:11:00,9.245,9.245,9.245,9.245,100.0
2019-04-03 11:15:00,9.265,9.27,9.2325,9.2325,1363.0
2019-04-03 11:16:00,9.245,9.27,9.245,9.27,1389.0
2019-04-03 11:20:00,9.265,9.29,9.265,9.29,541.0
2019-04-03 11:21:00,9.3,9.3,9.3,9.3,405.0
2019-04-03 11:22:00,9.3,9.3,9.275,9.275,416.0
2019-04-03 11:23:00,9.255,9.255,9.255,9.255,164.0
2019-04-03 11:34:00,9.29,9.29,9.29,9.29,107.0
2019-04-03 11:37:00,9.29,9.29,9.29,9.29,186.0
2019-04-03 11:38:00,9.241,9.27,9.241,9.27,1119.0
2019-04-03 11:40:00,9.29,9.29,9.29,9.29,100.0
2019-04-03 11:43:00,9.29,9.29,9.29,9.29,100.0
2019-04-03 11:45:00,9.24,9.24,9.24,9.24,100.0
2019-04-03 11:46:00,9.29,9.29,9.29,9.29,100.0
2019-04-03 11:50:00,9.29,9.29,9.29,9.29,100.0
2019-04-03 11:51:00,9.265,9.265,9.265,9.265,105.0
2019-04-03 11:53:00,9.29,9.29,9.29,9.29,204.0
2019-04-03 11:57:00,9.26,9.26,9.26,9.26,100.0
2019-04-03 12:00:00,9.3,9.3,9.2932,9.2932,815.0
2019-04-03 12:03:00,9.3,9.3,9.275,9.275,203.0
2019-04-03 12:04:00,9.29,9.29,9.28,9.29,400.0
2019-04-03 12:06:00,9.29,9.29,9.29,9.29,100.0
2019-04-03 12:07:00,9.29,9.29,9.29,9.29,105.0
2019-04-03 12:09:00,9.25,9.265,9.25,9.265,205.0
2019-04-03 12:10:00,9.28,9.28,9.27,9.27,308.0
2019-04-03 12:12:00,9.28,9.28,9.28,9.28,445.0
2019-04-03 12:15:00,9.285,9.285,9.285,9.285,322.0
2019-04-03 12:22:00,9.27,9.27,9.27,9.27,116.0
2019-04-03 12:24:00,9.3,9.3,9.3,9.3,101.0
2019-04-03 12:28:00,9.3,9.3,9.27,9.27,200.0
2019-04-03 12:31:00,9.27,9.27,9.27,9.27,730.0
2019-04-03 12:35:00,9.24,9.24,9.24,9.24,100.0
2019-04-03 12:39:00,9.24,9.24,9.24,9.24,500.0
2019-04-03 12:40:00,9.23,9.24,9.23,9.24,304.0
2019-04-03 12:45:00,9.23,9.23,9.23,9.23,410.0
2019-04-03 12:50:00,9.255,9.27,9.24,9.24,1976.0
2019-04-03 13:03:00,9.24,9.24,9.24,9.24,150.0
2019-04-03 13:06:00,9.27,9.27,9.27,9.27,100.0
2019-04-03 13:08:00,9.24,9.24,9.24,9.24,105.0
2019-04-03 13:10:00,9.26,9.26,9.26,9.26,100.0
2019-04-03 13:14:00,9.27,9.27,9.25,9.25,266.0
2019-04-03 13:18:00,9.2505,9.26,9.25,9.2501,1500.0
2019-04-03 13:20:00,9.22,9.22,9.22,9.22,200.0
2019-04-03 13:21:00,9.2143,9.2143,9.2143,9.2143,210.0
2019-04-03 13:24:00,9.21,9.21,9.2,9.2,202.0
2019-04-03 13:26:00,9.22,9.22,9.22,9.22,138.0
2019-04-03 13:27:00,9.22,9.22,9.22,9.22,300.0
2019-04-03 13:30:00,9.2,9.2,9.2,9.2,685.0
2019-04-03 13:33:00,9.18,9.18,9.18,9.18,391.0
2019-04-03 13:34:00,9.16,9.16,9.16,9.16,270.0
2019-04-03 13:42:00,9.15,9.15,9.15,9.15,109.0
2019-04-03 13:43:00,9.1501,9.1501,9.1501,9.1501,209.0
2019-04-03 13:44:00,9.18,9.18,9.18,9.18,105.0
2019-04-03 13:45:00,9.18,9.18,9.18,9.18,107.0
2019-04-03 13:49:00,9.18,9.18,9.18,9.18,100.0
2019-04-03 13:51:00,9.15,9.15,9.09,9.09,1917.0
2019-04-03 13:52:00,9.0932,9.0932,9.0932,9.0932,1063.0
2019-04-03 13:57:00,9.1,9.15,9.1,9.15,848.0
2019-04-03 14:00:00,9.16,9.16,9.16,9.16,110.0
2019-04-03 14:01:00,9.1392,9.1392,9.1392,9.1392,269.0
2019-04-03 14:06:00,9.16,9.16,9.16,9.16,115.0
2019-04-03 14:08:00,9.14,9.14,9.14,9.14,182.0
2019-04-03 14:12:00,9.13,9.13,9.1264,9.1264,999.0
2019-04-03 14:13:00,9.1353,9.1353,9.1353,9.1353,249.0
2019-04-03 14:14:00,9.135,9.135,9.135,9.135,105.0
2019-04-03 14:17:00,9.13,9.13,9.13,9.13,176.0
2019-04-03 14:20:00,9.16,9.16,9.16,9.16,100.0
2019-04-03 14:23:00,9.15,9.15,9.135,9.135,400.0
2019-04-03 14:25:00,9.1373,9.1373,9.1373,9.1373,101.0
2019-04-03 14:27:00,9.14,9.14,9.14,9.14,100.0
2019-04-03 14:30:00,9.14,9.14,9.14,9.14,174.0
2019-04-03 14:34:00,9.14,9.14,9.14,9.14,207.0
2019-04-03 14:37:00,9.18,9.18,9.18,9.18,196.0
2019-04-03 14:41:00,9.2,9.2,9.2,9.2,115.0
2019-04-03 14:44:00,9.2,9.2,9.2,9.2,117.0
2019-04-03 14:48:00,9.2,9.2,9.175,9.175,235.0
2019-04-03 14:51:00,9.2,9.2,9.19,9.19,420.0
2019-04-03 14:54:00,9.19,9.2,9.19,9.19,453.0
2019-04-03 14:56:00,9.18,9.18,9.18,9.18,140.0
2019-04-03 14:57:00,9.18,9.18,9.18,9.18,228.0
2019-04-03 14:58:00,9.18,9.19,9.18,9.19,554.0
2019-04-03 15:01:00,9.19,9.19,9.19,9.19,122.0
2019-04-03 15:05:00,9.19,9.19,9.185,9.185,200.0
2019-04-03 15:06:00,9.19,9.19,9.185,9.19,600.0
2019-04-03 15:08:00,9.19,9.19,9.185,9.185,223.0
2019-04-03 15:09:00,9.185,9.185,9.185,9.185,148.0
2019-04-03 15:11:00,9.185,9.185,9.18,9.18,275.0
2019-04-03 15:12:00,9.1836,9.185,9.18,9.18,672.0
2019-04-03 15:13:00,9.18,9.18,9.1,9.1,4623.0
2019-04-03 15:16:00,9.09,9.12,9.05,9.05,862.0
2019-04-03 15:19:00,9.06,9.06,9.06,9.06,194.0
2019-04-03 15:23:00,9.09,9.1,9.09,9.1,1850.0
2019-04-03 15:25:00,9.085,9.09,9.04,9.09,5608.0
2019-04-03 15:27:00,9.1193,9.1193,9.1193,9.1193,100.0
2019-04-03 15:28:00,9.1,9.1,9.1,9.1,113.0
2019-04-03 15:29:00,9.12,9.12,9.12,9.12,526.0
2019-04-03 15:32:00,9.07,9.09,9.07,9.09,838.0
2019-04-03 15:33:00,9.1,9.1,9.1,9.1,134.0
2019-04-03 15:35:00,9.1,9.1,9.09,9.09,370.0
2019-04-03 15:37:00,9.1,9.1,9.08,9.1,2339.0
2019-04-03 15:38:00,9.1,9.1,9.09,9.09,225.0
2019-04-03 15:39:00,9.0901,9.0901,9.09,9.09,825.0
2019-04-03 15:42:00,9.14,9.14,9.14,9.14,100.0
2019-04-03 15:43:00,9.13,9.14,9.11,9.11,2761.0
2019-04-03 15:44:00,9.14,9.23,9.13,9.2,9178.0
2019-04-03 15:45:00,9.195,9.195,9.195,9.195,108.0
2019-04-03 15:47:00,9.195,9.21,9.195,9.2,3490.0
2019-04-03 15:48:00,9.2,9.21,9.12,9.158,13110.0
2019-04-03 15:49:00,9.17,9.17,9.155,9.155,217.0
2019-04-03 15:50:00,9.1694,9.17,9.1694,9.17,299.0
2019-04-03 15:51:00,9.1699,9.17,9.15,9.155,2472.0
2019-04-03 15:52:00,9.14,9.17,9.14,9.165,1384.0
2019-04-03 15:53:00,9.2,9.23,9.2,9.22,1296.0
2019-04-03 15:54:00,9.2286,9.25,9.2286,9.24,3686.0
2019-04-03 15:55:00,9.24,9.25,9.24,9.25,535.0
2019-04-03 15:56:00,9.24,9.25,9.24,9.25,328.0
2019-04-03 15:57:00,9.24,9.24,9.2,9.21,4174.0
2019-04-03 15:58:00,9.225,9.25,9.225,9.25,6461.0
2019-04-03 15:59:00,9.23,9.24,9.2,9.21,2000.0
2019-04-03 16:00:00,9.24,9.24,9.21,9.21,699.0
