
2019-03-19 10:12:00,14.275,14.275,14.275,14.275,0.0
2019-03-19 10:14:00,14.3,14.3,14.3,14.3,101.0
2019-03-19 10:28:00,14.32,14.34,14.26,14.26,718.0
2019-03-19 10:33:00,14.34,14.35,14.34,14.35,400.0
2019-03-19 10:38:00,14.27,14.28,14.26,14.275,3794.0
2019-03-19 10:51:00,14.26,14.26,14.26,14.26,102.0
2019-03-19 11:11:00,14.31,14.31,14.31,14.31,100.0
2019-03-19 11:12:00,14.205,14.205,14.205,14.205,100.0
2019-03-19 11:39:00,14.215,14.215,14.215,14.215,103.0
2019-03-19 11:43:00,14.31,14.31,14.31,14.31,100.0
2019-03-19 11:46:00,14.22,14.22,14.22,14.22,101.0
2019-03-19 11:56:00,14.19,14.19,14.19,14.19,100.0
2019-03-19 12:06:00,14.29,14.29,14.29,14.29,100.0
2019-03-19 12:16:00,14.21,14.21,14.21,14.21,161.0
2019-03-19 12:40:00,14.28,14.28,14.28,14.28,300.0
2019-03-19 12:48:00,14.26,14.27,14.26,14.27,300.0
2019-03-19 12:58:00,14.225,14.23,14.225,14.23,300.0
2019-03-19 13:00:00,14.23,14.23,14.23,14.23,100.0
2019-03-19 13:01:00,14.23,14.23,14.23,14.23,100.0
2019-03-19 13:20:00,14.24,14.24,14.24,14.24,188.0
2019-03-19 14:29:00,14.22,14.22,14.22,14.22,303.0
2019-03-19 15:06:00,14.21,14.21,14.21,14.21,102.0
2019-03-19 15:11:00,14.21,14.21,14.21,14.21,503.0
2019-03-19 15:18:00,14.2,14.21,14.2,14.21,204.0
2019-03-19 15:20:00,14.2,14.2,14.2,14.2,606.0
2019-03-19 15:24:00,14.21,14.21,14.21,14.21,160.0
2019-03-19 15:30:00,14.2,14.2,14.2,14.2,104.0
2019-03-19 15:32:00,14.19,14.19,14.19,14.19,430.0
2019-03-19 15:41:00,14.19,14.19,14.15,14.15,328.0
2019-03-19 15:42:00,14.11,14.17,14.11,14.17,824.0
2019-03-19 15:47:00,14.16,14.16,14.12,14.12,710.0
2019-03-19 15:48:00,14.12,14.12,14.12,14.12,281.0
2019-03-19 16:00:00,14.105,14.14,14.105,14.125,778.0
2019-03-20 09:56:00,13.96,14.0,13.96,14.0,0.0
2019-03-20 10:00:00,13.96,14.025,13.96,14.025,400.0
2019-03-20 10:09:00,14.02,14.02,14.01,14.01,200.0
2019-03-20 10:12:00,14.01,14.01,13.97,13.97,500.0
2019-03-20 10:36:00,13.91,13.91,13.91,13.91,114.0
2019-03-20 11:18:00,13.87,13.87,13.87,13.87,392.0
2019-03-20 11:23:00,13.87,13.87,13.87,13.87,948.0
2019-03-20 11:25:00,13.86,13.86,13.86,13.86,924.0
2019-03-20 11:35:00,13.86,13.86,13.86,13.86,100.0
2019-03-20 11:55:00,13.8389,13.8389,13.77,13.77,2177.0
2019-03-20 11:56:00,13.77,13.77,13.77,13.77,300.0
2019-03-20 11:58:00,13.73,13.73,13.73,13.73,200.0
2019-03-20 12:37:00,13.85,13.85,13.85,13.85,100.0
2019-03-20 13:18:00,13.9,13.9,13.9,13.9,100.0
2019-03-20 13:39:00,13.91,13.91,13.91,13.91,100.0
2019-03-20 13:46:00,13.97,13.97,13.97,13.97,100.0
2019-03-20 13:55:00,14.02,14.02,14.02,14.02,100.0
2019-03-20 13:59:00,14.04,14.04,14.04,14.04,251.0
2019-03-20 14:01:00,13.96,13.96,13.96,13.96,100.0
2019-03-20 14:04:00,13.97,13.97,13.96,13.96,200.0
2019-03-20 14:05:00,13.96,13.96,13.9,13.9,1300.0
2019-03-20 14:07:00,13.98,13.98,13.98,13.98,177.0
2019-03-20 14:21:00,13.93,13.93,13.86,13.86,1000.0
2019-03-20 14:38:00,13.92,13.92,13.89,13.89,538.0
2019-03-20 14:43:00,13.89,13.89,13.88,13.89,917.0
2019-03-20 15:08:00,13.9,13.91,13.88,13.88,816.0
2019-03-20 15:12:00,14.03,14.03,14.03,14.03,100.0
2019-03-20 15:21:00,13.87,13.88,13.86,13.86,1098.0
2019-03-20 15:34:00,13.79,13.82,13.78,13.79,1219.0
2019-03-20 15:36:00,13.75,13.76,13.75,13.76,1118.0
2019-03-20 15:41:00,13.76,13.86,13.74,13.86,814.0
2019-03-20 15:43:00,13.74,13.74,13.74,13.74,100.0
2019-03-20 15:45:00,13.74,13.74,13.74,13.74,812.0
2019-03-20 15:55:00,13.66,13.66,13.66,13.66,113.0
2019-03-20 16:00:00,13.74,13.76,13.72,13.76,1643.0
2019-03-21 09:40:00,13.67,13.67,13.65,13.65,0.0
2019-03-21 09:48:00,13.58,13.58,13.58,13.58,209.0
2019-03-21 10:43:00,13.71,13.71,13.71,13.71,300.0
2019-03-21 11:27:00,13.72,13.72,13.72,13.72,302.0
2019-03-21 12:13:00,13.66,13.66,13.66,13.66,100.0
2019-03-21 12:15:00,13.65,13.65,13.65,13.65,1075.0
2019-03-21 12:35:00,13.57,13.57,13.55,13.55,1305.0
2019-03-21 12:39:00,13.565,13.565,13.565,13.565,597.0
2019-03-21 12:47:00,13.52,13.52,13.52,13.52,341.0
2019-03-21 12:55:00,13.52,13.52,13.52,13.52,602.0
2019-03-21 13:21:00,13.52,13.52,13.52,13.52,1100.0
2019-03-21 13:23:00,13.61,13.61,13.61,13.61,736.0
2019-03-21 13:39:00,13.52,13.52,13.52,13.52,929.0
2019-03-21 14:19:00,13.48,13.48,13.48,13.48,200.0
2019-03-21 14:59:00,13.52,13.52,13.46,13.46,1935.0
2019-03-21 15:01:00,13.44,13.44,13.44,13.44,915.0
2019-03-21 15:11:00,13.45,13.45,13.45,13.45,200.0
2019-03-21 15:12:00,13.43,13.43,13.43,13.43,911.0
2019-03-21 15:30:00,13.41,13.41,13.41,13.41,100.0
2019-03-21 15:31:00,13.4,13.4,13.4,13.4,1140.0
2019-03-21 15:37:00,13.38,13.38,13.38,13.38,2339.0
2019-03-21 15:46:00,13.4,13.4,13.39,13.39,325.0
2019-03-21 15:50:00,13.38,13.38,13.38,13.38,911.0
2019-03-21 15:52:00,13.35,13.35,13.35,13.35,386.0
2019-03-21 15:53:00,13.34,13.34,13.34,13.34,1200.0
2019-03-21 15:59:00,13.395,13.44,13.395,13.44,301.0
2019-03-21 16:00:00,13.45,13.45,13.45,13.45,3830.0
2019-03-22 09:47:00,13.1,13.1,13.1,13.1,418.0
2019-03-22 09:56:00,13.01,13.01,13.01,13.01,100.0
2019-03-22 09:57:00,12.98,13.02,12.97,12.97,320.0
2019-03-22 10:04:00,13.02,13.02,13.02,13.02,700.0
2019-03-22 10:25:00,12.84,12.84,12.82,12.82,1340.0
2019-03-22 10:26:00,12.85,12.85,12.85,12.85,125.0
2019-03-22 10:40:00,12.97,12.97,12.97,12.97,110.0
2019-03-22 10:48:00,12.96,12.96,12.96,12.96,100.0
2019-03-22 10:57:00,12.885,12.885,12.885,12.885,100.0
2019-03-22 10:59:00,12.81,12.81,12.79,12.79,1015.0
2019-03-22 11:00:00,12.81,12.81,12.76,12.76,200.0
2019-03-22 11:06:00,12.81,12.81,12.78,12.8,700.0
2019-03-22 11:09:00,12.8,12.8,12.8,12.8,200.0
2019-03-22 11:10:00,12.78,12.8,12.78,12.8,400.0
2019-03-22 11:11:00,12.79,12.79,12.76,12.76,2115.0
2019-03-22 11:23:00,12.75,12.75,12.75,12.75,400.0
2019-03-22 11:24:00,12.75,12.75,12.75,12.75,505.0
2019-03-22 11:26:00,12.74,12.74,12.74,12.74,100.0
2019-03-22 11:31:00,12.79,12.79,12.79,12.79,100.0
2019-03-22 11:51:00,12.66,12.66,12.66,12.66,300.0
2019-03-22 11:52:00,12.71,12.71,12.65,12.65,3425.0
2019-03-22 12:03:00,12.62,12.62,12.62,12.62,100.0
2019-03-22 12:09:00,12.63,12.63,12.63,12.63,200.0
2019-03-22 12:13:00,12.63,12.63,12.63,12.63,700.0
2019-03-22 12:14:00,12.62,12.62,12.62,12.62,800.0
2019-03-22 12:21:00,12.62,12.62,12.61,12.61,1402.0
2019-03-22 12:25:00,12.61,12.61,12.61,12.61,100.0
2019-03-22 12:26:00,12.61,12.61,12.61,12.61,100.0
2019-03-22 12:31:00,12.61,12.61,12.61,12.61,200.0
2019-03-22 12:35:00,12.68,12.68,12.68,12.68,100.0
2019-03-22 12:39:00,12.59,12.61,12.59,12.6,800.0
2019-03-22 12:41:00,12.6,12.6,12.6,12.6,201.0
2019-03-22 12:42:00,12.6368,12.6368,12.6368,12.6368,504.0
2019-03-22 12:44:00,12.6,12.6,12.59,12.59,1000.0
2019-03-22 12:45:00,12.58,12.59,12.58,12.59,600.0
2019-03-22 12:50:00,12.58,12.58,12.58,12.58,175.0
2019-03-22 13:21:00,12.6,12.6,12.6,12.6,300.0
2019-03-22 13:23:00,12.59,12.59,12.59,12.59,400.0
2019-03-22 13:27:00,12.58,12.58,12.58,12.58,100.0
2019-03-22 13:33:00,12.67,12.67,12.67,12.67,105.0
2019-03-22 13:37:00,12.67,12.67,12.67,12.67,200.0
2019-03-22 13:45:00,12.67,12.67,12.67,12.67,101.0
2019-03-22 13:46:00,12.67,12.67,12.67,12.67,360.0
2019-03-22 13:48:00,12.62,12.62,12.62,12.62,505.0
2019-03-22 13:51:00,12.62,12.62,12.62,12.62,300.0
2019-03-22 13:56:00,12.67,12.67,12.67,12.67,194.0
2019-03-22 14:04:00,12.68,12.68,12.68,12.68,120.0
2019-03-22 14:08:00,12.76,12.76,12.76,12.76,100.0
2019-03-22 14:12:00,12.82,12.82,12.82,12.82,100.0
2019-03-22 14:15:00,12.9,12.9,12.9,12.9,100.0
2019-03-22 14:18:00,12.9,12.9,12.9,12.9,200.0
2019-03-22 14:19:00,12.91,12.91,12.91,12.91,100.0
2019-03-22 14:24:00,12.91,12.91,12.91,12.91,100.0
2019-03-22 14:28:00,12.91,12.91,12.91,12.91,100.0
2019-03-22 14:32:00,12.91,12.91,12.91,12.91,100.0
2019-03-22 14:35:00,12.91,12.91,12.91,12.91,100.0
2019-03-22 14:36:00,12.845,12.845,12.845,12.845,200.0
2019-03-22 14:40:00,12.84,12.84,12.78,12.78,600.0
2019-03-22 14:43:00,12.79,12.79,12.78,12.78,700.0
2019-03-22 14:51:00,12.795,12.795,12.795,12.795,187.0
2019-03-22 14:54:00,12.85,12.85,12.85,12.85,100.0
2019-03-22 14:55:00,12.85,12.85,12.85,12.85,100.0
2019-03-22 14:57:00,12.85,12.85,12.85,12.85,100.0
2019-03-22 15:00:00,12.86,12.86,12.86,12.86,100.0
2019-03-22 15:03:00,12.86,12.86,12.86,12.86,100.0
2019-03-22 15:04:00,12.85,12.86,12.85,12.86,614.0
2019-03-22 15:06:00,12.86,12.86,12.86,12.86,100.0
2019-03-22 15:09:00,12.86,12.86,12.86,12.86,100.0
2019-03-22 15:10:00,12.82,12.82,12.82,12.82,100.0
2019-03-22 15:15:00,12.87,12.87,12.87,12.87,104.0
2019-03-22 15:17:00,12.86,12.86,12.86,12.86,102.0
2019-03-22 15:20:00,12.86,12.86,12.86,12.86,100.0
2019-03-22 15:23:00,12.86,12.86,12.825,12.825,300.0
2019-03-22 15:28:00,12.87,12.87,12.87,12.87,210.0
2019-03-22 15:29:00,12.79,12.79,12.78,12.78,1107.0
2019-03-22 15:46:00,12.775,12.775,12.775,12.775,1005.0
2019-03-22 15:55:00,12.7635,12.7635,12.71,12.71,700.0
2019-03-22 15:58:00,12.72,12.72,12.72,12.72,305.0
2019-03-22 16:00:00,12.69,12.7,12.64,12.65,788.0
2019-03-25 09:35:00,12.96,12.96,12.96,12.96,229.0
2019-03-25 10:12:00,12.56,12.56,12.53,12.53,650.0
2019-03-25 10:15:00,12.53,12.53,12.53,12.53,1049.0
2019-03-25 10:21:00,12.6,12.6,12.6,12.6,410.0
2019-03-25 10:37:00,12.63,12.63,12.63,12.63,196.0
2019-03-25 11:10:00,12.64,12.64,12.64,12.64,418.0
2019-03-25 11:17:00,12.65,12.65,12.65,12.65,175.0
2019-03-25 11:24:00,12.7,12.7,12.7,12.7,303.0
2019-03-25 11:35:00,12.7,12.7,12.7,12.7,401.0
2019-03-25 11:41:00,12.63,12.63,12.63,12.63,804.0
2019-03-25 11:55:00,12.63,12.63,12.63,12.63,100.0
2019-03-25 11:59:00,12.665,12.665,12.665,12.665,100.0
2019-03-25 12:01:00,12.665,12.665,12.665,12.665,600.0
2019-03-25 12:11:00,12.64,12.64,12.64,12.64,400.0
2019-03-25 12:14:00,12.665,12.665,12.665,12.665,700.0
2019-03-25 12:22:00,12.63,12.63,12.63,12.63,200.0
2019-03-25 12:36:00,12.62,12.62,12.62,12.62,400.0
2019-03-25 12:40:00,12.62,12.62,12.62,12.62,200.0
2019-03-25 13:11:00,12.64,12.64,12.64,12.64,400.0
2019-03-25 13:14:00,12.65,12.65,12.65,12.65,100.0
2019-03-25 13:41:00,12.57,12.57,12.57,12.57,332.0
2019-03-25 14:10:00,12.57,12.57,12.57,12.57,1122.0
2019-03-25 14:24:00,12.56,12.56,12.56,12.56,841.0
2019-03-25 14:27:00,12.55,12.55,12.55,12.55,1632.0
2019-03-25 14:58:00,12.62,12.62,12.62,12.62,345.0
2019-03-25 15:48:00,12.6,12.6,12.6,12.6,102.0
2019-03-25 15:56:00,12.6,12.6,12.6,12.6,100.0
2019-03-25 15:57:00,12.61,12.61,12.61,12.61,201.0
2019-03-25 16:00:00,12.58,12.58,12.58,12.58,200.0
2019-03-26 09:51:00,12.67,12.67,12.67,12.67,380.0
2019-03-26 11:04:00,12.767,12.767,12.767,12.767,726.0
2019-03-26 11:38:00,12.8,12.8,12.8,12.8,100.0
2019-03-26 11:46:00,12.73,12.73,12.73,12.73,472.0
2019-03-26 12:33:00,12.7733,12.7733,12.69,12.77,6076.0
2019-03-26 12:38:00,12.77,12.77,12.77,12.77,300.0
2019-03-26 12:41:00,12.76,12.76,12.76,12.76,0.0
2019-03-26 12:46:00,12.73,12.73,12.73,12.73,105.0
2019-03-26 12:51:00,12.76,12.76,12.76,12.76,100.0
2019-03-26 12:52:00,12.76,12.76,12.76,12.76,200.0
2019-03-26 13:00:00,12.7633,12.7633,12.7633,12.7633,200.0
2019-03-26 13:02:00,12.74,12.74,12.74,12.74,105.0
2019-03-26 13:12:00,12.79,12.79,12.79,12.79,100.0
2019-03-26 13:33:00,12.8,12.8,12.8,12.8,1044.0
2019-03-26 14:06:00,12.86,12.86,12.86,12.86,0.0
2019-03-26 14:34:00,12.8,12.8,12.8,12.8,105.0
2019-03-26 15:02:00,12.9,12.9,12.9,12.9,200.0
2019-03-26 15:07:00,12.99,12.99,12.99,12.99,117.0
2019-03-26 15:19:00,12.91,12.91,12.91,12.91,211.0
2019-03-26 15:34:00,12.98,12.98,12.98,12.98,102.0
2019-03-26 15:43:00,12.98,12.98,12.98,12.98,153.0
2019-03-26 15:45:00,12.92,12.92,12.92,12.92,319.0
2019-03-26 15:51:00,12.99,12.99,12.99,12.99,338.0
2019-03-26 15:57:00,13.03,13.03,13.03,13.03,167.0
2019-03-26 16:00:00,13.05,13.05,13.05,13.05,990.0
2019-03-27 09:52:00,12.96,12.96,12.96,12.96,154.0
2019-03-27 09:54:00,12.93,12.93,12.93,12.93,290.0
2019-03-27 10:04:00,12.97,12.98,12.97,12.98,250.0
2019-03-27 11:09:00,13.03,13.04,13.02,13.04,597.0
2019-03-27 14:51:00,13.06,13.06,13.06,13.06,100.0
2019-03-27 14:53:00,13.06,13.06,13.035,13.035,800.0
2019-03-27 14:54:00,13.05,13.05,13.03,13.03,700.0
2019-03-27 14:56:00,13.02,13.02,13.02,13.02,300.0
2019-03-27 14:57:00,12.99,12.99,12.99,12.99,144.0
2019-03-27 15:12:00,13.04,13.04,13.04,13.04,225.0
2019-03-27 15:21:00,13.02,13.02,13.02,13.02,128.0
2019-03-27 15:55:00,13.03,13.03,13.03,13.03,102.0
2019-03-27 15:58:00,13.01,13.0101,13.01,13.0101,610.0
2019-03-27 16:00:00,13.0,13.0,13.0,13.0,304.0
2019-03-28 09:59:00,13.09,13.09,13.09,13.09,0.0
2019-03-28 13:02:00,13.05,13.05,13.02,13.02,307.0
2019-03-28 13:47:00,13.04,13.09,13.04,13.0751,784.0
2019-03-28 15:01:00,13.01,13.01,13.01,13.01,1107.0
2019-03-28 15:13:00,12.97,12.97,12.97,12.97,433.0
2019-03-28 15:27:00,13.04,13.04,13.04,13.04,127.0
2019-03-28 15:42:00,13.08,13.15,13.08,13.14,1089.0
2019-03-28 15:47:00,13.14,13.14,13.14,13.14,353.0
2019-03-28 16:00:00,13.09,13.09,13.09,13.09,349.0
2019-03-29 09:41:00,13.13,13.13,13.11,13.11,0.0
2019-03-29 10:17:00,13.18,13.18,13.18,13.18,110.0
2019-03-29 10:24:00,13.11,13.11,13.11,13.11,264.0
2019-03-29 10:37:00,13.1,13.1,13.1,13.1,300.0
2019-03-29 10:42:00,13.1,13.1,13.06,13.06,405.0
2019-03-29 10:54:00,13.05,13.05,13.05,13.05,103.0
2019-03-29 11:16:00,12.93,12.93,12.93,12.93,182.0
2019-03-29 11:40:00,12.98,12.98,12.98,12.98,400.0
2019-03-29 11:46:00,13.01,13.01,13.01,13.01,111.0
2019-03-29 12:32:00,12.99,12.99,12.99,12.99,124.0
2019-03-29 12:58:00,12.97,12.97,12.97,12.97,123.0
2019-03-29 12:59:00,12.97,12.97,12.97,12.97,189.0
2019-03-29 13:23:00,12.95,12.95,12.95,12.95,100.0
2019-03-29 13:47:00,12.94,12.95,12.89,12.89,400.0
2019-03-29 14:08:00,12.95,12.95,12.95,12.95,170.0
2019-03-29 14:24:00,13.02,13.02,13.02,13.02,120.0
2019-03-29 14:40:00,12.97,12.97,12.97,12.97,130.0
2019-03-29 14:50:00,12.99,12.99,12.99,12.99,100.0
2019-03-29 14:52:00,13.0,13.0,13.0,13.0,100.0
2019-03-29 14:56:00,13.07,13.07,13.07,13.07,342.0
2019-03-29 15:40:00,13.04,13.04,13.04,13.04,232.0
2019-03-29 15:49:00,12.97,12.97,12.97,12.97,102.0
2019-03-29 15:52:00,13.01,13.01,13.01,13.01,113.0
2019-04-01 09:31:00,12.94,12.94,12.94,12.94,0.0
2019-04-01 09:35:00,12.94,12.94,12.94,12.94,713.0
2019-04-01 09:41:00,13.02,13.02,13.02,13.02,700.0
2019-04-01 09:45:00,13.01,13.01,13.0,13.0,302.0
2019-04-01 09:57:00,13.09,13.09,13.09,13.09,658.0
2019-04-01 10:03:00,13.13,13.13,13.13,13.13,270.0
2019-04-01 10:06:00,13.18,13.18,13.18,13.18,300.0
2019-04-01 10:07:00,13.2,13.2,13.2,13.2,100.0
2019-04-01 10:16:00,13.2,13.2,13.2,13.2,102.0
2019-04-01 10:20:00,13.23,13.23,13.23,13.23,306.0
2019-04-01 10:21:00,13.25,13.25,13.25,13.25,512.0
2019-04-01 10:35:00,13.27,13.27,13.27,13.27,100.0
2019-04-01 10:37:00,13.24,13.24,13.24,13.24,1501.0
2019-04-01 10:38:00,13.26,13.26,13.26,13.26,303.0
2019-04-01 10:42:00,13.22,13.22,13.22,13.22,100.0
2019-04-01 11:05:00,13.11,13.11,13.11,13.11,115.0
2019-04-01 11:12:00,13.18,13.18,13.18,13.18,101.0
2019-04-01 11:27:00,13.12,13.12,13.12,13.12,507.0
2019-04-01 11:44:00,13.11,13.11,13.11,13.11,200.0
2019-04-01 11:57:00,13.15,13.15,13.15,13.15,225.0
2019-04-01 11:59:00,13.16,13.16,13.16,13.16,110.0
2019-04-01 12:07:00,13.1554,13.1554,13.07,13.07,4958.0
2019-04-01 12:09:00,13.12,13.12,13.12,13.12,100.0
2019-04-01 12:12:00,13.18,13.18,13.18,13.18,400.0
2019-04-01 12:15:00,13.19,13.19,13.15,13.15,200.0
2019-04-01 12:20:00,13.165,13.165,13.165,13.165,200.0
2019-04-01 12:28:00,13.19,13.19,13.19,13.19,120.0
2019-04-01 12:46:00,13.23,13.23,13.23,13.23,420.0
2019-04-01 12:48:00,13.24,13.24,13.24,13.24,150.0
2019-04-01 12:53:00,13.29,13.29,13.26,13.26,330.0
2019-04-01 12:56:00,13.28,13.28,13.28,13.28,200.0
2019-04-01 13:04:00,13.3,13.3,13.3,13.3,400.0
2019-04-01 13:43:00,13.3,13.3,13.3,13.3,120.0
2019-04-01 13:53:00,13.3,13.3,13.3,13.3,105.0
2019-04-01 14:00:00,13.27,13.27,13.27,13.27,100.0
2019-04-01 14:03:00,13.3,13.3,13.3,13.3,120.0
2019-04-01 14:10:00,13.295,13.295,13.295,13.295,100.0
2019-04-01 14:15:00,13.3,13.3,13.3,13.3,100.0
2019-04-01 14:17:00,13.3,13.3,13.3,13.3,200.0
2019-04-01 14:20:00,13.3,13.3,13.3,13.3,200.0
2019-04-01 14:30:00,13.26,13.26,13.26,13.26,345.0
2019-04-01 14:59:00,13.2,13.2,13.2,13.2,122.0
2019-04-01 15:22:00,13.2,13.2,13.2,13.2,127.0
2019-04-01 15:25:00,13.2,13.2,13.2,13.2,290.0
2019-04-01 15:28:00,13.23,13.23,13.23,13.23,792.0
2019-04-02 09:31:00,13.24,13.24,13.24,13.24,0.0
2019-04-02 09:36:00,13.21,13.21,13.2,13.2,419.0
2019-04-02 10:41:00,13.29,13.29,13.29,13.29,100.0
2019-04-02 11:13:00,13.1801,13.21,13.1801,13.21,638.0
2019-04-02 11:21:00,13.24,13.24,13.24,13.24,200.0
2019-04-02 11:32:00,13.28,13.28,13.28,13.28,155.0
2019-04-02 12:16:00,13.299,13.299,13.299,13.299,1008.0
2019-04-02 12:21:00,13.29,13.29,13.29,13.29,134.0
2019-04-02 13:06:00,13.28,13.28,13.28,13.28,100.0
2019-04-02 14:31:00,13.17,13.17,13.17,13.17,100.0
2019-04-02 14:53:00,13.16,13.16,13.16,13.16,700.0
2019-04-02 15:51:00,13.22,13.22,13.22,13.22,341.0
2019-04-03 09:31:00,13.3,13.3,13.3,13.3,0.0
2019-04-03 09:38:00,13.37,13.37,13.37,13.37,206.0
2019-04-03 09:49:00,13.49,13.49,13.49,13.49,110.0
2019-04-03 09:52:00,13.42,13.42,13.42,13.42,500.0
2019-04-03 10:01:00,13.36,13.36,13.35,13.35,6011.0
2019-04-03 10:43:00,13.41,13.41,13.41,13.41,130.0
2019-04-03 10:53:00,13.43,13.43,13.43,13.43,100.0
2019-04-03 10:55:00,13.44,13.44,13.38,13.38,5230.0
2019-04-03 11:13:00,13.39,13.39,13.39,13.39,607.0
2019-04-03 11:28:00,13.3,13.3,13.3,13.3,105.0
2019-04-03 11:37:00,13.3,13.3,13.3,13.3,605.0
2019-04-03 11:52:00,13.27,13.27,13.27,13.27,415.0
2019-04-03 12:27:00,13.32,13.32,13.32,13.32,105.0
2019-04-03 12:38:00,13.3254,13.3254,13.3254,13.3254,130.0
2019-04-03 13:38:00,13.35,13.35,13.35,13.35,100.0
2019-04-03 13:41:00,13.34,13.34,13.34,13.34,215.0
2019-04-03 14:12:00,13.31,13.31,13.31,13.31,230.0
2019-04-03 15:01:00,13.3,13.3,13.3,13.3,199.0
2019-04-03 15:03:00,13.25,13.25,13.25,13.25,108.0
2019-04-03 15:05:00,13.21,13.21,13.21,13.21,112.0
2019-04-03 15:23:00,13.1962,13.1962,13.1962,13.1962,222.0
2019-04-03 15:29:00,13.19,13.19,13.19,13.19,433.0
2019-04-03 15:57:00,13.19,13.19,13.19,13.19,130.0
2019-04-03 16:00:00,13.19,13.21,13.19,13.21,0.0
