
2019-03-19 09:31:00,1.35,1.35,1.33,1.33,7775.0
2019-03-19 09:32:00,1.3429,1.3429,1.33,1.33,700.0
2019-03-19 09:35:00,1.33,1.3301,1.33,1.33,2647.0
2019-03-19 09:38:00,1.35,1.35,1.33,1.33,200.0
2019-03-19 09:39:00,1.35,1.35,1.35,1.35,100.0
2019-03-19 09:42:00,1.3301,1.3341,1.33,1.33,2120.0
2019-03-19 09:44:00,1.3303,1.3303,1.33,1.33,500.0
2019-03-19 09:46:00,1.34,1.3467,1.34,1.34,1600.0
2019-03-19 09:49:00,1.34,1.34,1.34,1.34,1000.0
2019-03-19 09:50:00,1.3401,1.3401,1.34,1.34,558.0
2019-03-19 09:53:00,1.34,1.34,1.34,1.34,100.0
2019-03-19 09:55:00,1.3447,1.3447,1.33,1.33,2900.0
2019-03-19 09:57:00,1.35,1.35,1.33,1.33,1540.0
2019-03-19 10:04:00,1.33,1.33,1.33,1.33,4843.0
2019-03-19 10:11:00,1.33,1.33,1.33,1.33,950.0
2019-03-19 10:12:00,1.34,1.34,1.33,1.33,1100.0
2019-03-19 10:14:00,1.35,1.35,1.35,1.35,200.0
2019-03-19 10:15:00,1.331,1.331,1.32,1.32,10100.0
2019-03-19 10:16:00,1.3372,1.35,1.3372,1.35,200.0
2019-03-19 10:18:00,1.3433,1.3433,1.3433,1.3433,1045.0
2019-03-19 10:23:00,1.3301,1.3301,1.32,1.33,2750.0
2019-03-19 10:27:00,1.32,1.32,1.32,1.32,2915.0
2019-03-19 10:29:00,1.32,1.33,1.31,1.33,4359.0
2019-03-19 10:30:00,1.33,1.33,1.31,1.31,4953.0
2019-03-19 10:32:00,1.31,1.31,1.31,1.31,175.0
2019-03-19 10:33:00,1.31,1.31,1.31,1.31,410.0
2019-03-19 10:39:00,1.31,1.31,1.31,1.31,125.0
2019-03-19 10:40:00,1.32,1.32,1.32,1.32,3500.0
2019-03-19 10:42:00,1.3199,1.32,1.315,1.316,7100.0
2019-03-19 10:44:00,1.32,1.32,1.32,1.32,500.0
2019-03-19 10:48:00,1.33,1.33,1.33,1.33,195.0
2019-03-19 10:57:00,1.32,1.32,1.3122,1.3122,4660.0
2019-03-19 10:58:00,1.315,1.32,1.315,1.32,4290.0
2019-03-19 11:04:00,1.34,1.34,1.34,1.34,150.0
2019-03-19 11:07:00,1.33,1.33,1.33,1.33,400.0
2019-03-19 11:09:00,1.33,1.33,1.33,1.33,5866.0
2019-03-19 11:12:00,1.34,1.34,1.34,1.34,100.0
2019-03-19 11:13:00,1.33,1.33,1.32,1.32,900.0
2019-03-19 11:16:00,1.3342,1.3342,1.32,1.32,378.0
2019-03-19 11:23:00,1.3348,1.3348,1.3348,1.3348,4040.0
2019-03-19 11:29:00,1.34,1.34,1.34,1.34,180.0
2019-03-19 11:31:00,1.3327,1.3327,1.3327,1.3327,4455.0
2019-03-19 11:33:00,1.33,1.33,1.33,1.33,100.0
2019-03-19 11:42:00,1.33,1.33,1.33,1.33,200.0
2019-03-19 11:46:00,1.34,1.34,1.34,1.34,100.0
2019-03-19 11:47:00,1.33,1.33,1.33,1.33,1352.0
2019-03-19 11:48:00,1.33,1.33,1.33,1.33,175.0
2019-03-19 11:54:00,1.3387,1.34,1.33,1.33,3530.0
2019-03-19 11:56:00,1.34,1.34,1.33,1.33,450.0
2019-03-19 12:05:00,1.33,1.33,1.33,1.33,100.0
2019-03-19 12:12:00,1.35,1.35,1.35,1.35,12200.0
2019-03-19 12:14:00,1.3499,1.35,1.33,1.33,3600.0
2019-03-19 12:16:00,1.3302,1.3302,1.33,1.33,2300.0
2019-03-19 12:17:00,1.35,1.35,1.35,1.35,102.0
2019-03-19 12:20:00,1.33,1.331,1.31,1.31,16090.0
2019-03-19 12:21:00,1.31,1.31,1.31,1.31,200.0
2019-03-19 12:22:00,1.33,1.33,1.33,1.33,200.0
2019-03-19 12:24:00,1.31,1.31,1.31,1.31,200.0
2019-03-19 12:25:00,1.31,1.31,1.31,1.31,100.0
2019-03-19 12:29:00,1.31,1.31,1.31,1.31,100.0
2019-03-19 12:30:00,1.3271,1.3271,1.31,1.31,1210.0
2019-03-19 12:33:00,1.33,1.33,1.31,1.31,200.0
2019-03-19 12:38:00,1.31,1.31,1.31,1.31,100.0
2019-03-19 12:39:00,1.31,1.31,1.31,1.31,181.0
2019-03-19 12:42:00,1.31,1.31,1.31,1.31,100.0
2019-03-19 12:43:00,1.33,1.33,1.31,1.31,1188.0
2019-03-19 12:46:00,1.3101,1.3101,1.31,1.31,1136.0
2019-03-19 12:50:00,1.3222,1.3222,1.3222,1.3222,1200.0
2019-03-19 12:51:00,1.32,1.32,1.32,1.32,300.0
2019-03-19 12:53:00,1.33,1.33,1.33,1.33,100.0
2019-03-19 13:00:00,1.32,1.32,1.32,1.32,100.0
2019-03-19 13:01:00,1.32,1.32,1.32,1.32,400.0
2019-03-19 13:14:00,1.32,1.32,1.32,1.32,1400.0
2019-03-19 13:17:00,1.31,1.31,1.31,1.31,100.0
2019-03-19 13:23:00,1.33,1.33,1.31,1.31,4725.0
2019-03-19 13:26:00,1.31,1.31,1.31,1.31,100.0
2019-03-19 13:30:00,1.31,1.31,1.31,1.31,100.0
2019-03-19 13:33:00,1.31,1.31,1.31,1.31,100.0
2019-03-19 13:36:00,1.3271,1.3271,1.3242,1.3242,1450.0
2019-03-19 13:37:00,1.3299,1.3299,1.31,1.31,13078.0
2019-03-19 13:39:00,1.31,1.31,1.31,1.31,210.0
2019-03-19 13:41:00,1.31,1.31,1.31,1.31,152.0
2019-03-19 13:43:00,1.3299,1.3299,1.31,1.31,1300.0
2019-03-19 13:45:00,1.33,1.33,1.31,1.31,200.0
2019-03-19 13:47:00,1.31,1.31,1.31,1.31,100.0
2019-03-19 13:49:00,1.31,1.31,1.31,1.31,100.0
2019-03-19 13:51:00,1.31,1.3263,1.31,1.3263,300.0
2019-03-19 13:52:00,1.31,1.31,1.31,1.31,100.0
2019-03-19 13:54:00,1.31,1.31,1.31,1.31,100.0
2019-03-19 13:59:00,1.3299,1.3299,1.31,1.31,1200.0
2019-03-19 14:00:00,1.3234,1.3234,1.31,1.31,664.0
2019-03-19 14:01:00,1.31,1.31,1.31,1.31,301.0
2019-03-19 14:04:00,1.31,1.31,1.31,1.31,505.0
2019-03-19 14:16:00,1.31,1.31,1.31,1.31,704.0
2019-03-19 14:19:00,1.31,1.3299,1.31,1.3299,5300.0
2019-03-19 14:20:00,1.31,1.31,1.31,1.31,200.0
2019-03-19 14:21:00,1.31,1.33,1.31,1.33,201.0
2019-03-19 14:23:00,1.31,1.31,1.31,1.31,103.0
2019-03-19 14:25:00,1.31,1.31,1.31,1.31,100.0
2019-03-19 14:27:00,1.32,1.32,1.32,1.32,169.0
2019-03-19 14:37:00,1.33,1.33,1.33,1.33,100.0
2019-03-19 14:41:00,1.32,1.32,1.32,1.32,200.0
2019-03-19 14:42:00,1.32,1.32,1.32,1.32,750.0
2019-03-19 14:48:00,1.32,1.32,1.32,1.32,4193.0
2019-03-19 14:49:00,1.33,1.33,1.33,1.33,105.0
2019-03-19 14:54:00,1.32,1.32,1.32,1.32,1102.0
2019-03-19 15:08:00,1.33,1.33,1.33,1.33,400.0
2019-03-19 15:09:00,1.33,1.33,1.33,1.33,1125.0
2019-03-19 15:10:00,1.325,1.325,1.3218,1.3218,544.0
2019-03-19 15:16:00,1.32,1.32,1.32,1.32,901.0
2019-03-19 15:29:00,1.33,1.33,1.33,1.33,700.0
2019-03-19 15:30:00,1.33,1.33,1.33,1.33,100.0
2019-03-19 15:34:00,1.32,1.32,1.32,1.32,900.0
2019-03-19 15:36:00,1.33,1.33,1.33,1.33,100.0
2019-03-19 15:37:00,1.3299,1.3299,1.3299,1.3299,384.0
2019-03-19 15:40:00,1.325,1.33,1.325,1.325,2450.0
2019-03-19 15:41:00,1.3218,1.3218,1.3218,1.3218,134.0
2019-03-19 15:45:00,1.3238,1.3238,1.32,1.32,977.0
2019-03-19 15:52:00,1.325,1.33,1.325,1.33,200.0
2019-03-19 15:53:00,1.33,1.33,1.32,1.32,1700.0
2019-03-19 15:54:00,1.329,1.33,1.32,1.32,10300.0
2019-03-19 15:55:00,1.3333,1.3333,1.32,1.33,2400.0
2019-03-19 15:56:00,1.3361,1.3361,1.33,1.33,1205.0
2019-03-19 15:58:00,1.3399,1.3399,1.33,1.33,2777.0
2019-03-19 16:00:00,1.34,1.34,1.34,1.34,400.0
2019-03-20 09:31:00,1.32,1.32,1.32,1.32,2331.0
2019-03-20 09:33:00,1.3335,1.3335,1.32,1.32,1225.0
2019-03-20 09:35:00,1.33,1.3366,1.32,1.32,1250.0
2019-03-20 09:38:00,1.33,1.33,1.32,1.32,900.0
2019-03-20 09:41:00,1.33,1.33,1.33,1.33,100.0
2019-03-20 09:42:00,1.32,1.32,1.32,1.32,100.0
2019-03-20 09:46:00,1.3306,1.3306,1.32,1.32,2300.0
2019-03-20 09:47:00,1.32,1.32,1.32,1.32,105.0
2019-03-20 09:49:00,1.33,1.33,1.33,1.33,605.0
2019-03-20 09:50:00,1.33,1.33,1.33,1.33,2100.0
2019-03-20 09:52:00,1.3326,1.3326,1.33,1.33,1300.0
2019-03-20 09:53:00,1.3301,1.3301,1.3301,1.3301,1115.0
2019-03-20 09:55:00,1.3301,1.34,1.33,1.33,593.0
2019-03-20 09:56:00,1.335,1.34,1.33,1.33,11400.0
2019-03-20 09:58:00,1.34,1.34,1.34,1.34,800.0
2019-03-20 10:00:00,1.3341,1.3341,1.33,1.3318,1746.0
2019-03-20 10:09:00,1.3301,1.3301,1.33,1.33,1300.0
2019-03-20 10:10:00,1.34,1.34,1.335,1.335,605.0
2019-03-20 10:13:00,1.33,1.33,1.32,1.32,2300.0
2019-03-20 10:14:00,1.32,1.32,1.32,1.32,199.0
2019-03-20 10:17:00,1.3333,1.3333,1.33,1.33,1100.0
2019-03-20 10:18:00,1.33,1.33,1.33,1.33,200.0
2019-03-20 10:20:00,1.3343,1.3343,1.3343,1.3343,400.0
2019-03-20 10:22:00,1.33,1.33,1.33,1.33,100.0
2019-03-20 10:25:00,1.3333,1.3333,1.33,1.33,1100.0
2019-03-20 10:26:00,1.32,1.3399,1.32,1.3399,433.0
2019-03-20 10:30:00,1.32,1.32,1.32,1.32,105.0
2019-03-20 10:33:00,1.3266,1.3266,1.32,1.32,1245.0
2019-03-20 10:34:00,1.32,1.32,1.32,1.32,869.0
2019-03-20 10:36:00,1.34,1.34,1.32,1.32,300.0
2019-03-20 10:37:00,1.3397,1.3397,1.3397,1.3397,500.0
2019-03-20 10:40:00,1.3201,1.3201,1.32,1.32,744.0
2019-03-20 10:46:00,1.321,1.321,1.32,1.32,400.0
2019-03-20 10:50:00,1.32,1.32,1.32,1.32,100.0
2019-03-20 10:53:00,1.3203,1.3203,1.32,1.32,1100.0
2019-03-20 10:54:00,1.32,1.32,1.32,1.32,200.0
2019-03-20 10:56:00,1.32,1.32,1.32,1.32,175.0
2019-03-20 10:57:00,1.34,1.34,1.32,1.32,3204.0
2019-03-20 10:59:00,1.33,1.34,1.33,1.34,200.0
2019-03-20 11:04:00,1.34,1.34,1.34,1.34,100.0
2019-03-20 11:05:00,1.33,1.34,1.33,1.34,6802.0
2019-03-20 11:06:00,1.34,1.34,1.33,1.33,300.0
2019-03-20 11:07:00,1.335,1.34,1.335,1.34,200.0
2019-03-20 11:09:00,1.34,1.34,1.33,1.34,1100.0
2019-03-20 11:11:00,1.34,1.34,1.34,1.34,300.0
2019-03-20 11:15:00,1.34,1.34,1.34,1.34,501.0
2019-03-20 11:16:00,1.335,1.34,1.335,1.34,1499.0
2019-03-20 11:17:00,1.35,1.35,1.34,1.34,201.0
2019-03-20 11:19:00,1.35,1.35,1.35,1.35,200.0
2019-03-20 11:20:00,1.345,1.345,1.345,1.345,100.0
2019-03-20 11:21:00,1.345,1.35,1.34,1.34,841.0
2019-03-20 11:26:00,1.345,1.35,1.34,1.34,3625.0
2019-03-20 11:27:00,1.35,1.35,1.34,1.345,1587.0
2019-03-20 11:31:00,1.3401,1.3401,1.34,1.34,1100.0
2019-03-20 11:32:00,1.3431,1.35,1.34,1.34,3504.0
2019-03-20 11:34:00,1.3499,1.3499,1.34,1.34,1801.0
2019-03-20 11:38:00,1.342,1.342,1.34,1.34,399.0
2019-03-20 11:40:00,1.3487,1.3487,1.34,1.34,1146.0
2019-03-20 11:41:00,1.3465,1.3465,1.3465,1.3465,170.0
2019-03-20 11:43:00,1.34,1.34,1.34,1.34,100.0
2019-03-20 11:47:00,1.34,1.34,1.33,1.33,8169.0
2019-03-20 12:00:00,1.3366,1.3366,1.3366,1.3366,124.0
2019-03-20 12:03:00,1.3334,1.3334,1.3334,1.3334,156.0
2019-03-20 12:14:00,1.33,1.331,1.33,1.33,805.0
2019-03-20 12:22:00,1.33,1.3334,1.33,1.3334,470.0
2019-03-20 12:24:00,1.34,1.34,1.34,1.34,280.0
2019-03-20 12:29:00,1.33,1.33,1.33,1.33,100.0
2019-03-20 12:33:00,1.34,1.34,1.34,1.34,200.0
2019-03-20 12:41:00,1.33,1.33,1.33,1.33,500.0
2019-03-20 12:49:00,1.34,1.34,1.34,1.34,100.0
2019-03-20 12:54:00,1.33,1.34,1.33,1.34,500.0
2019-03-20 12:55:00,1.3368,1.3368,1.3368,1.3368,230.0
2019-03-20 13:01:00,1.33,1.33,1.33,1.33,100.0
2019-03-20 13:02:00,1.335,1.335,1.335,1.335,105.0
2019-03-20 13:10:00,1.3309,1.3309,1.33,1.33,1300.0
2019-03-20 13:16:00,1.34,1.34,1.34,1.34,526.0
2019-03-20 13:17:00,1.33,1.33,1.33,1.33,100.0
2019-03-20 13:20:00,1.34,1.34,1.335,1.335,439.0
2019-03-20 13:23:00,1.335,1.335,1.335,1.335,100.0
2019-03-20 13:24:00,1.335,1.34,1.33,1.33,3200.0
2019-03-20 13:26:00,1.335,1.335,1.335,1.335,100.0
2019-03-20 13:30:00,1.34,1.34,1.33,1.33,1600.0
2019-03-20 13:35:00,1.3333,1.3333,1.33,1.33,1733.0
2019-03-20 13:38:00,1.339,1.339,1.33,1.33,2300.0
2019-03-20 13:39:00,1.3332,1.3332,1.3332,1.3332,200.0
2019-03-20 13:40:00,1.34,1.35,1.34,1.35,3000.0
2019-03-20 13:53:00,1.35,1.35,1.35,1.35,600.0
2019-03-20 13:55:00,1.3431,1.3431,1.33,1.33,12900.0
2019-03-20 13:56:00,1.34,1.34,1.34,1.34,450.0
2019-03-20 13:58:00,1.3307,1.34,1.33,1.34,1700.0
2019-03-20 13:59:00,1.33,1.33,1.33,1.33,233.0
2019-03-20 14:05:00,1.34,1.34,1.33,1.33,700.0
2019-03-20 14:10:00,1.33,1.34,1.33,1.34,309.0
2019-03-20 14:21:00,1.3395,1.34,1.32,1.3357,9484.0
2019-03-20 14:22:00,1.3305,1.3305,1.3305,1.3305,200.0
2019-03-20 14:24:00,1.34,1.34,1.34,1.34,105.0
2019-03-20 14:34:00,1.34,1.34,1.33,1.34,3776.0
2019-03-20 14:35:00,1.34,1.34,1.335,1.335,2800.0
2019-03-20 14:49:00,1.34,1.34,1.34,1.34,150.0
2019-03-20 15:04:00,1.35,1.35,1.35,1.35,0.0
2019-03-20 15:07:00,1.3532,1.3535,1.34,1.34,167336.0
2019-03-20 15:26:00,1.36,1.36,1.34,1.34,3203.0
2019-03-20 15:28:00,1.34,1.34,1.34,1.34,140.0
2019-03-20 15:31:00,1.36,1.36,1.3528,1.3528,250.0
2019-03-20 15:33:00,1.36,1.36,1.35,1.36,4301.0
2019-03-20 15:35:00,1.3596,1.3596,1.35,1.35,7720.0
2019-03-20 15:37:00,1.35,1.35,1.33,1.33,8642.0
2019-03-20 15:40:00,1.3301,1.3301,1.33,1.33,1400.0
2019-03-20 15:42:00,1.331,1.331,1.33,1.33,2930.0
2019-03-20 15:44:00,1.33,1.33,1.33,1.33,300.0
2019-03-20 15:45:00,1.34,1.34,1.335,1.335,2400.0
2019-03-20 15:47:00,1.3315,1.3315,1.3315,1.3315,150.0
2019-03-20 15:50:00,1.34,1.34,1.34,1.34,100.0
2019-03-20 15:51:00,1.3399,1.3399,1.3399,1.3399,500.0
2019-03-20 15:52:00,1.33,1.335,1.33,1.335,500.0
2019-03-20 15:54:00,1.3391,1.3391,1.3391,1.3391,500.0
2019-03-20 15:56:00,1.3308,1.3308,1.33,1.33,2800.0
2019-03-20 15:58:00,1.3333,1.3333,1.3333,1.3333,1000.0
2019-03-20 15:59:00,1.33,1.33,1.33,1.33,165.0
2019-03-20 16:00:00,1.33,1.34,1.33,1.335,14078.0
2019-03-21 09:31:00,1.32,1.32,1.32,1.32,5829.0
2019-03-21 09:34:00,1.32,1.32,1.32,1.32,100.0
2019-03-21 09:37:00,1.33,1.33,1.32,1.32,2455.0
2019-03-21 09:38:00,1.33,1.33,1.33,1.33,102.0
2019-03-21 09:40:00,1.33,1.333,1.32,1.32,3034.0
2019-03-21 09:43:00,1.32,1.32,1.31,1.31,5788.0
2019-03-21 09:44:00,1.31,1.31,1.31,1.31,2997.0
2019-03-21 09:47:00,1.31,1.31,1.31,1.31,110.0
2019-03-21 09:49:00,1.3199,1.3199,1.3199,1.3199,5000.0
2019-03-21 09:50:00,1.31,1.31,1.31,1.31,300.0
2019-03-21 09:51:00,1.3135,1.3135,1.3135,1.3135,100.0
2019-03-21 09:52:00,1.32,1.32,1.31,1.31,200.0
2019-03-21 09:54:00,1.3199,1.32,1.31,1.31,8022.0
2019-03-21 09:55:00,1.33,1.33,1.31,1.31,222.0
2019-03-21 10:00:00,1.3346,1.3346,1.3346,1.3346,100.0
2019-03-21 10:01:00,1.32,1.32,1.32,1.32,100.0
2019-03-21 10:05:00,1.32,1.32,1.32,1.32,400.0
2019-03-21 10:06:00,1.3266,1.3266,1.32,1.32,5881.0
2019-03-21 10:07:00,1.32,1.32,1.32,1.32,725.0
2019-03-21 10:10:00,1.32,1.32,1.32,1.32,100.0
2019-03-21 10:12:00,1.32,1.33,1.32,1.33,200.0
2019-03-21 10:13:00,1.3349,1.3349,1.3349,1.3349,1160.0
2019-03-21 10:16:00,1.34,1.34,1.33,1.33,3131.0
2019-03-21 10:18:00,1.32,1.32,1.32,1.32,300.0
2019-03-21 10:19:00,1.32,1.3201,1.32,1.3201,6100.0
2019-03-21 10:22:00,1.32,1.32,1.32,1.32,135.0
2019-03-21 10:26:00,1.32,1.32,1.32,1.32,200.0
2019-03-21 10:27:00,1.32,1.32,1.32,1.32,2608.0
2019-03-21 10:34:00,1.32,1.32,1.32,1.32,200.0
2019-03-21 10:35:00,1.3167,1.3167,1.31,1.31,925.0
2019-03-21 10:38:00,1.31,1.31,1.31,1.31,132.0
2019-03-21 10:43:00,1.3171,1.3171,1.3171,1.3171,400.0
2019-03-21 10:45:00,1.33,1.33,1.33,1.33,145.0
2019-03-21 10:47:00,1.31,1.31,1.31,1.31,400.0
2019-03-21 10:49:00,1.32,1.32,1.32,1.32,100.0
2019-03-21 10:52:00,1.3299,1.3299,1.3299,1.3299,1000.0
2019-03-21 10:53:00,1.33,1.33,1.31,1.31,750.0
2019-03-21 10:56:00,1.33,1.33,1.31,1.31,675.0
2019-03-21 10:57:00,1.3276,1.3276,1.3276,1.3276,100.0
2019-03-21 10:58:00,1.3134,1.3134,1.31,1.31,275.0
2019-03-21 11:02:00,1.31,1.31,1.31,1.31,100.0
2019-03-21 11:06:00,1.31,1.31,1.31,1.31,133.0
2019-03-21 11:10:00,1.32,1.32,1.32,1.32,102.0
2019-03-21 11:12:00,1.32,1.32,1.32,1.32,500.0
2019-03-21 11:14:00,1.32,1.32,1.32,1.32,1204.0
2019-03-21 11:19:00,1.31,1.3108,1.31,1.31,5331.0
2019-03-21 11:24:00,1.31,1.31,1.31,1.31,479.0
2019-03-21 11:30:00,1.3188,1.3188,1.3188,1.3188,100.0
2019-03-21 11:33:00,1.31,1.31,1.31,1.31,975.0
2019-03-21 11:34:00,1.31,1.31,1.31,1.31,10602.0
2019-03-21 11:43:00,1.32,1.326,1.31,1.326,4750.0
2019-03-21 11:44:00,1.32,1.32,1.32,1.32,202.0
2019-03-21 11:45:00,1.32,1.32,1.32,1.32,100.0
2019-03-21 11:46:00,1.3201,1.3201,1.3201,1.3201,4950.0
2019-03-21 11:48:00,1.32,1.32,1.32,1.32,100.0
2019-03-21 11:50:00,1.32,1.32,1.32,1.32,100.0
2019-03-21 11:52:00,1.32,1.32,1.32,1.32,100.0
2019-03-21 11:53:00,1.3374,1.3374,1.3374,1.3374,1000.0
2019-03-21 11:54:00,1.32,1.32,1.32,1.32,300.0
2019-03-21 11:57:00,1.32,1.32,1.32,1.32,100.0
2019-03-21 11:58:00,1.32,1.32,1.32,1.32,3000.0
2019-03-21 12:03:00,1.32,1.32,1.32,1.32,774.0
2019-03-21 12:10:00,1.32,1.32,1.32,1.32,552.0
2019-03-21 12:17:00,1.32,1.32,1.32,1.32,803.0
2019-03-21 12:23:00,1.31,1.31,1.31,1.31,18101.0
2019-03-21 12:26:00,1.31,1.31,1.31,1.31,26940.0
2019-03-21 12:28:00,1.31,1.31,1.31,1.31,400.0
2019-03-21 12:29:00,1.31,1.31,1.31,1.31,400.0
2019-03-21 12:30:00,1.31,1.31,1.31,1.31,300.0
2019-03-21 12:31:00,1.31,1.31,1.31,1.31,200.0
2019-03-21 12:37:00,1.3101,1.3101,1.3101,1.3101,3145.0
2019-03-21 12:41:00,1.31,1.31,1.31,1.31,740.0
2019-03-21 12:49:00,1.31,1.31,1.31,1.31,20760.0
2019-03-21 12:50:00,1.3,1.3,1.3,1.3,14080.0
2019-03-21 12:53:00,1.3,1.3,1.3,1.3,125.0
2019-03-21 12:55:00,1.31,1.31,1.31,1.31,500.0
2019-03-21 12:57:00,1.3,1.3,1.3,1.3,110.0
2019-03-21 13:05:00,1.3,1.3,1.3,1.3,102.0
2019-03-21 13:08:00,1.315,1.315,1.3,1.3,11330.0
2019-03-21 13:13:00,1.31,1.31,1.31,1.31,1700.0
2019-03-21 13:21:00,1.31,1.31,1.31,1.31,100.0
2019-03-21 13:25:00,1.31,1.31,1.31,1.31,100.0
2019-03-21 13:49:00,1.33,1.33,1.33,1.33,200.0
2019-03-21 13:52:00,1.329,1.329,1.329,1.329,1100.0
2019-03-21 13:53:00,1.31,1.31,1.31,1.31,3450.0
2019-03-21 14:05:00,1.31,1.31,1.31,1.31,180.0
2019-03-21 14:09:00,1.31,1.31,1.31,1.31,13000.0
2019-03-21 14:13:00,1.31,1.31,1.31,1.31,103.0
2019-03-21 14:20:00,1.3199,1.3199,1.3199,1.3199,500.0
2019-03-21 14:21:00,1.31,1.31,1.31,1.31,100.0
2019-03-21 14:29:00,1.31,1.31,1.31,1.31,225.0
2019-03-21 14:33:00,1.31,1.31,1.31,1.31,340.0
2019-03-21 14:45:00,1.31,1.31,1.31,1.31,200.0
2019-03-21 14:49:00,1.31,1.31,1.31,1.31,100.0
2019-03-21 14:53:00,1.31,1.31,1.31,1.31,300.0
2019-03-21 14:58:00,1.32,1.32,1.32,1.32,100.0
2019-03-21 15:05:00,1.31,1.31,1.31,1.31,400.0
2019-03-21 15:11:00,1.31,1.31,1.31,1.31,2300.0
2019-03-21 15:19:00,1.3178,1.3178,1.31,1.31,1815.0
2019-03-21 15:23:00,1.3199,1.3199,1.3199,1.3199,922.0
2019-03-21 15:29:00,1.31,1.31,1.31,1.31,1242.0
2019-03-21 15:33:00,1.31,1.31,1.31,1.31,200.0
2019-03-21 15:37:00,1.31,1.31,1.31,1.31,100.0
2019-03-21 15:41:00,1.31,1.31,1.31,1.31,358.0
2019-03-21 15:48:00,1.315,1.315,1.315,1.315,100.0
2019-03-21 15:49:00,1.315,1.32,1.315,1.32,2846.0
2019-03-21 15:53:00,1.33,1.33,1.33,1.33,200.0
2019-03-21 15:56:00,1.33,1.33,1.33,1.33,822.0
2019-03-21 15:59:00,1.34,1.34,1.34,1.34,100.0
2019-03-21 16:00:00,1.325,1.325,1.325,1.325,200.0
2019-03-22 09:31:00,1.27,1.27,1.24,1.24,38470.0
2019-03-22 09:32:00,1.2401,1.25,1.23,1.23,29170.0
2019-03-22 09:33:00,1.22,1.25,1.21,1.22,52321.0
2019-03-22 09:34:00,1.22,1.22,1.21,1.21,3320.0
2019-03-22 09:35:00,1.21,1.2199,1.21,1.2197,2905.0
2019-03-22 09:36:00,1.2174,1.22,1.21,1.2178,16896.0
2019-03-22 09:37:00,1.2,1.2095,1.2,1.2,17188.0
2019-03-22 09:38:00,1.2,1.2079,1.1662,1.1662,36668.0
2019-03-22 09:39:00,1.17,1.17,1.1603,1.1658,8300.0
2019-03-22 09:40:00,1.16,1.17,1.14,1.1457,40769.0
2019-03-22 09:41:00,1.16,1.16,1.13,1.13,28915.0
2019-03-22 09:42:00,1.1367,1.1616,1.13,1.13,11800.0
2019-03-22 09:43:00,1.1615,1.17,1.1615,1.17,832.0
2019-03-22 09:44:00,1.17,1.17,1.14,1.14,8225.0
2019-03-22 09:45:00,1.1607,1.1667,1.15,1.1667,2725.0
2019-03-22 09:46:00,1.1677,1.1699,1.15,1.15,6550.0
2019-03-22 09:47:00,1.1505,1.1964,1.14,1.1964,8242.0
2019-03-22 09:48:00,1.1873,1.1933,1.1873,1.1933,2100.0
2019-03-22 09:49:00,1.1984,1.1984,1.19,1.19,1505.0
2019-03-22 09:50:00,1.1954,1.1954,1.18,1.18,3202.0
2019-03-22 09:51:00,1.18,1.1888,1.18,1.1888,2460.0
2019-03-22 09:52:00,1.18,1.2,1.18,1.18,68644.0
2019-03-22 09:53:00,1.1805,1.1867,1.18,1.18,3100.0
2019-03-22 09:55:00,1.18,1.18,1.18,1.18,5104.0
2019-03-22 09:56:00,1.2,1.2,1.2,1.2,200.0
2019-03-22 09:57:00,1.1859,1.1859,1.18,1.18,1200.0
2019-03-22 09:58:00,1.1853,1.1853,1.1853,1.1853,340.0
2019-03-22 09:59:00,1.19,1.22,1.18,1.18,11700.0
2019-03-22 10:00:00,1.1941,1.1941,1.1941,1.1941,156.0
2019-03-22 10:01:00,1.1941,1.1941,1.1941,1.1941,700.0
2019-03-22 10:03:00,1.19,1.19,1.13,1.1301,26420.0
2019-03-22 10:04:00,1.13,1.157,1.13,1.15,5725.0
2019-03-22 10:05:00,1.159,1.159,1.13,1.13,16801.0
2019-03-22 10:06:00,1.1599,1.1599,1.14,1.14,902.0
2019-03-22 10:07:00,1.1592,1.1592,1.14,1.14,10500.0
2019-03-22 10:08:00,1.14,1.1567,1.14,1.14,1980.0
2019-03-22 10:09:00,1.15,1.1599,1.14,1.14,5900.0
2019-03-22 10:10:00,1.15,1.15,1.15,1.15,400.0
2019-03-22 10:11:00,1.1595,1.16,1.15,1.15,6498.0
2019-03-22 10:13:00,1.1577,1.16,1.15,1.15,8407.0
2019-03-22 10:14:00,1.15,1.15,1.15,1.15,1000.0
2019-03-22 10:15:00,1.1599,1.16,1.15,1.16,5400.0
2019-03-22 10:16:00,1.1736,1.1736,1.16,1.16,2009.0
2019-03-22 10:17:00,1.1702,1.1702,1.15,1.15,2600.0
2019-03-22 10:20:00,1.1634,1.18,1.16,1.16,1565.0
2019-03-22 10:25:00,1.1778,1.1778,1.16,1.16,3764.0
2019-03-22 10:30:00,1.1799,1.1799,1.1799,1.1799,100.0
2019-03-22 10:31:00,1.18,1.18,1.17,1.17,4950.0
2019-03-22 10:32:00,1.174,1.1799,1.174,1.1799,205.0
2019-03-22 10:35:00,1.17,1.17,1.17,1.17,200.0
2019-03-22 10:36:00,1.1701,1.1741,1.17,1.17,2841.0
2019-03-22 10:38:00,1.17,1.17,1.17,1.17,217.0
2019-03-22 10:39:00,1.1763,1.18,1.17,1.18,3290.0
2019-03-22 10:40:00,1.175,1.175,1.175,1.175,100.0
2019-03-22 10:42:00,1.1765,1.179,1.175,1.179,1400.0
2019-03-22 10:43:00,1.1765,1.18,1.175,1.175,2009.0
2019-03-22 10:44:00,1.1791,1.1791,1.175,1.175,499.0
2019-03-22 10:47:00,1.18,1.18,1.1741,1.1741,270.0
2019-03-22 10:48:00,1.1799,1.1799,1.1799,1.1799,300.0
2019-03-22 10:49:00,1.18,1.18,1.175,1.175,5257.0
2019-03-22 10:51:00,1.18,1.18,1.175,1.175,415.0
2019-03-22 10:52:00,1.18,1.1899,1.175,1.18,4620.0
2019-03-22 10:56:00,1.185,1.185,1.185,1.185,100.0
2019-03-22 10:57:00,1.1807,1.1807,1.18,1.18,4000.0
2019-03-22 11:00:00,1.1859,1.1891,1.18,1.18,5671.0
2019-03-22 11:01:00,1.1829,1.1829,1.1829,1.1829,150.0
2019-03-22 11:03:00,1.1887,1.1899,1.18,1.18,1500.0
2019-03-22 11:05:00,1.1827,1.1827,1.17,1.17,3415.0
2019-03-22 11:06:00,1.1701,1.1701,1.17,1.17,838.0
2019-03-22 11:09:00,1.17,1.1749,1.17,1.17,1117.0
2019-03-22 11:10:00,1.1799,1.1799,1.17,1.1778,5801.0
2019-03-22 11:12:00,1.1782,1.1782,1.17,1.17,1150.0
2019-03-22 11:13:00,1.1785,1.1785,1.17,1.1741,4200.0
2019-03-22 11:14:00,1.1711,1.1711,1.17,1.17,2401.0
2019-03-22 11:15:00,1.17,1.17,1.17,1.17,100.0
2019-03-22 11:16:00,1.18,1.18,1.18,1.18,329.0
2019-03-22 11:17:00,1.18,1.18,1.18,1.18,125.0
2019-03-22 11:18:00,1.1701,1.1701,1.17,1.17,3500.0
2019-03-22 11:19:00,1.1789,1.1789,1.17,1.17,3700.0
2019-03-22 11:22:00,1.1701,1.1701,1.17,1.17,1200.0
2019-03-22 11:26:00,1.1756,1.1756,1.17,1.17,2300.0
2019-03-22 11:27:00,1.17,1.17,1.17,1.17,2700.0
2019-03-22 11:28:00,1.18,1.18,1.18,1.18,160.0
2019-03-22 11:29:00,1.17,1.17,1.17,1.17,1200.0
2019-03-22 11:31:00,1.17,1.17,1.17,1.17,130.0
2019-03-22 11:33:00,1.17,1.17,1.16,1.168,6250.0
2019-03-22 11:34:00,1.1615,1.17,1.16,1.17,2700.0
2019-03-22 11:36:00,1.17,1.17,1.16,1.16,9280.0
2019-03-22 11:37:00,1.1699,1.1699,1.1699,1.1699,1000.0
2019-03-22 11:38:00,1.16,1.16,1.16,1.16,7002.0
2019-03-22 11:42:00,1.17,1.17,1.17,1.17,500.0
2019-03-22 11:44:00,1.17,1.17,1.16,1.16,3750.0
2019-03-22 11:45:00,1.1601,1.1601,1.16,1.16,12600.0
2019-03-22 11:46:00,1.1666,1.1666,1.16,1.16,2303.0
2019-03-22 11:47:00,1.1688,1.1688,1.16,1.16,2395.0
2019-03-22 11:54:00,1.17,1.17,1.16,1.16,3500.0
2019-03-22 11:55:00,1.1615,1.1615,1.1615,1.1615,100.0
2019-03-22 11:57:00,1.1699,1.1699,1.16,1.1689,2385.0
2019-03-22 11:58:00,1.1699,1.1699,1.1699,1.1699,938.0
2019-03-22 11:59:00,1.16,1.16,1.16,1.16,210.0
2019-03-22 12:02:00,1.1689,1.1689,1.1689,1.1689,1200.0
2019-03-22 12:03:00,1.1642,1.165,1.16,1.16,300.0
2019-03-22 12:04:00,1.17,1.175,1.16,1.16,5814.0
2019-03-22 12:10:00,1.1699,1.1699,1.1699,1.1699,500.0
2019-03-22 12:12:00,1.1699,1.17,1.166,1.17,2221.0
2019-03-22 12:16:00,1.18,1.18,1.17,1.17,8501.0
2019-03-22 12:17:00,1.17,1.17,1.16,1.16,8499.0
2019-03-22 12:18:00,1.1681,1.1681,1.16,1.16,2300.0
2019-03-22 12:19:00,1.163,1.1699,1.16,1.1699,5850.0
2019-03-22 12:21:00,1.1675,1.1675,1.16,1.16,4475.0
2019-03-22 12:25:00,1.1645,1.1645,1.1645,1.1645,400.0
2019-03-22 12:26:00,1.1699,1.1699,1.16,1.16,2102.0
2019-03-22 12:34:00,1.16,1.16,1.16,1.16,151.0
2019-03-22 12:36:00,1.17,1.179,1.165,1.165,8660.0
2019-03-22 12:42:00,1.17,1.17,1.1699,1.17,500.0
2019-03-22 12:43:00,1.1799,1.1799,1.17,1.17,1236.0
2019-03-22 13:04:00,1.1799,1.1799,1.1799,1.1799,150.0
2019-03-22 13:05:00,1.175,1.175,1.175,1.175,103.0
2019-03-22 13:11:00,1.175,1.18,1.17,1.17,6610.0
2019-03-22 13:16:00,1.1722,1.1722,1.17,1.17,500.0
2019-03-22 13:17:00,1.1759,1.1759,1.17,1.17,1200.0
2019-03-22 13:19:00,1.1778,1.1778,1.17,1.17,200.0
2019-03-22 13:22:00,1.1722,1.1722,1.17,1.17,1800.0
2019-03-22 13:23:00,1.1776,1.1776,1.17,1.17,647.0
2019-03-22 13:24:00,1.1735,1.1735,1.1735,1.1735,453.0
2019-03-22 13:25:00,1.173,1.1799,1.17,1.17,828.0
2019-03-22 13:26:00,1.1759,1.1759,1.17,1.17,1100.0
2019-03-22 13:27:00,1.1741,1.1741,1.1741,1.1741,200.0
2019-03-22 13:28:00,1.1748,1.1799,1.17,1.17,2600.0
2019-03-22 13:31:00,1.18,1.18,1.17,1.17,2300.0
2019-03-22 13:32:00,1.175,1.18,1.175,1.18,200.0
2019-03-22 13:34:00,1.18,1.18,1.17,1.17,3400.0
2019-03-22 13:35:00,1.17,1.17,1.17,1.17,100.0
2019-03-22 13:42:00,1.175,1.19,1.17,1.17,17237.0
2019-03-22 13:43:00,1.17,1.17,1.17,1.17,200.0
2019-03-22 13:44:00,1.17,1.17,1.17,1.17,300.0
2019-03-22 13:45:00,1.17,1.17,1.17,1.17,200.0
2019-03-22 13:46:00,1.17,1.17,1.17,1.17,300.0
2019-03-22 13:47:00,1.17,1.17,1.17,1.17,100.0
2019-03-22 13:48:00,1.17,1.17,1.17,1.17,400.0
2019-03-22 13:49:00,1.17,1.17,1.17,1.17,200.0
2019-03-22 13:51:00,1.17,1.17,1.17,1.17,400.0
2019-03-22 13:53:00,1.1799,1.1799,1.1799,1.1799,1000.0
2019-03-22 13:57:00,1.1799,1.1799,1.17,1.17,2600.0
2019-03-22 14:11:00,1.17,1.175,1.17,1.175,4893.0
2019-03-22 14:15:00,1.17,1.17,1.17,1.17,16100.0
2019-03-22 14:16:00,1.17,1.17,1.17,1.17,1900.0
2019-03-22 14:20:00,1.17,1.17,1.17,1.17,225.0
2019-03-22 14:25:00,1.17,1.17,1.17,1.17,100.0
2019-03-22 14:26:00,1.1799,1.1799,1.17,1.17,1195.0
2019-03-22 14:29:00,1.17,1.17,1.17,1.17,110.0
2019-03-22 14:33:00,1.17,1.17,1.17,1.17,100.0
2019-03-22 14:34:00,1.1799,1.1799,1.17,1.17,1062.0
2019-03-22 14:35:00,1.171,1.171,1.171,1.171,1021.0
2019-03-22 14:37:00,1.165,1.165,1.16,1.16,325.0
2019-03-22 14:38:00,1.16,1.16,1.15,1.15,62100.0
2019-03-22 14:40:00,1.15,1.15,1.14,1.14,1100.0
2019-03-22 14:41:00,1.14,1.145,1.14,1.14,8000.0
2019-03-22 14:42:00,1.14,1.145,1.14,1.14,4667.0
2019-03-22 14:46:00,1.14,1.14,1.14,1.14,5825.0
2019-03-22 14:47:00,1.15,1.15,1.15,1.15,100.0
2019-03-22 14:48:00,1.14,1.145,1.14,1.14,8561.0
2019-03-22 14:53:00,1.14,1.14,1.14,1.14,380.0
2019-03-22 14:55:00,1.15,1.15,1.14,1.14,23150.0
2019-03-22 15:01:00,1.141,1.141,1.14,1.14,6000.0
2019-03-22 15:02:00,1.1401,1.1499,1.14,1.14,13637.0
2019-03-22 15:05:00,1.14,1.15,1.14,1.15,564.0
2019-03-22 15:06:00,1.15,1.15,1.14,1.14,3500.0
2019-03-22 15:07:00,1.1442,1.15,1.1442,1.145,1510.0
2019-03-22 15:09:00,1.1471,1.1471,1.1449,1.1449,700.0
2019-03-22 15:10:00,1.15,1.15,1.14,1.14,700.0
2019-03-22 15:12:00,1.15,1.15,1.15,1.15,100.0
2019-03-22 15:13:00,1.15,1.15,1.15,1.15,1683.0
2019-03-22 15:16:00,1.1523,1.1523,1.15,1.15,950.0
2019-03-22 15:17:00,1.16,1.16,1.15,1.15,3442.0
2019-03-22 15:18:00,1.15,1.16,1.15,1.15,3300.0
2019-03-22 15:20:00,1.1501,1.1501,1.15,1.15,1200.0
2019-03-22 15:21:00,1.155,1.16,1.14,1.14,23075.0
2019-03-22 15:22:00,1.15,1.15,1.14,1.14,2300.0
2019-03-22 15:26:00,1.1401,1.1401,1.14,1.14,2300.0
2019-03-22 15:28:00,1.1401,1.1401,1.1401,1.1401,500.0
2019-03-22 15:30:00,1.1499,1.1499,1.14,1.14,200.0
2019-03-22 15:31:00,1.1487,1.16,1.1487,1.159,20276.0
2019-03-22 15:32:00,1.145,1.145,1.14,1.14,2900.0
2019-03-22 15:35:00,1.1443,1.1443,1.14,1.14,1100.0
2019-03-22 15:36:00,1.15,1.15,1.14,1.14,9200.0
2019-03-22 15:40:00,1.1499,1.1499,1.14,1.14,300.0
2019-03-22 15:42:00,1.14,1.14,1.14,1.14,1100.0
2019-03-22 15:43:00,1.1493,1.1499,1.14,1.14,605.0
2019-03-22 15:45:00,1.15,1.15,1.15,1.15,7900.0
2019-03-22 15:47:00,1.15,1.15,1.15,1.15,106.0
2019-03-22 15:52:00,1.1599,1.1599,1.1599,1.1599,107.0
2019-03-22 15:53:00,1.15,1.15,1.15,1.15,1200.0
2019-03-22 15:54:00,1.1599,1.1599,1.15,1.15,2300.0
2019-03-22 15:55:00,1.16,1.16,1.15,1.15,22470.0
2019-03-22 15:57:00,1.1552,1.1599,1.15,1.15,4492.0
2019-03-22 15:58:00,1.16,1.16,1.1587,1.16,2626.0
2019-03-22 16:00:00,1.1599,1.1599,1.15,1.15,2312.0
2019-03-25 09:32:00,1.1673,1.1673,1.1673,1.1673,15902.0
2019-03-25 09:34:00,1.15,1.15,1.15,1.15,1431.0
2019-03-25 09:36:00,1.1507,1.1513,1.1507,1.1513,4266.0
2019-03-25 09:38:00,1.15,1.15,1.15,1.15,250.0
2019-03-25 09:45:00,1.15,1.15,1.15,1.15,1820.0
2019-03-25 09:46:00,1.15,1.15,1.15,1.15,700.0
2019-03-25 09:48:00,1.15,1.15,1.15,1.15,2080.0
2019-03-25 09:49:00,1.14,1.14,1.14,1.14,4919.0
2019-03-25 09:50:00,1.14,1.14,1.14,1.14,5019.0
2019-03-25 09:54:00,1.14,1.14,1.14,1.14,250.0
2019-03-25 09:58:00,1.14,1.14,1.14,1.14,150.0
2019-03-25 10:00:00,1.15,1.15,1.14,1.14,16301.0
2019-03-25 10:03:00,1.1499,1.1499,1.1499,1.1499,843.0
2019-03-25 10:07:00,1.1493,1.1493,1.1493,1.1493,223.0
2019-03-25 10:09:00,1.1499,1.1499,1.1499,1.1499,401.0
2019-03-25 10:10:00,1.14,1.14,1.14,1.14,1300.0
2019-03-25 10:12:00,1.1499,1.1499,1.1499,1.1499,2450.0
2019-03-25 10:16:00,1.1461,1.1461,1.1461,1.1461,1150.0
2019-03-25 10:18:00,1.14,1.14,1.14,1.14,375.0
2019-03-25 10:20:00,1.1499,1.1499,1.1499,1.1499,350.0
2019-03-25 10:22:00,1.14,1.14,1.14,1.14,1700.0
2019-03-25 10:23:00,1.1415,1.1415,1.1415,1.1415,100.0
2019-03-25 10:25:00,1.1413,1.1413,1.14,1.14,8202.0
2019-03-25 10:29:00,1.1415,1.1415,1.1415,1.1415,400.0
2019-03-25 10:31:00,1.1487,1.1487,1.1487,1.1487,600.0
2019-03-25 10:34:00,1.14,1.14,1.14,1.14,304.0
2019-03-25 10:37:00,1.1486,1.1486,1.14,1.14,577.0
2019-03-25 10:41:00,1.1499,1.1499,1.1499,1.1499,5412.0
2019-03-25 10:43:00,1.1435,1.1435,1.1435,1.1435,2600.0
2019-03-25 10:44:00,1.15,1.15,1.15,1.15,5000.0
2019-03-25 10:45:00,1.14,1.14,1.14,1.14,1281.0
2019-03-25 10:46:00,1.1499,1.1499,1.1499,1.1499,3522.0
2019-03-25 10:51:00,1.14,1.14,1.14,1.14,712.0
2019-03-25 10:52:00,1.13,1.14,1.13,1.14,44160.0
2019-03-25 10:56:00,1.1301,1.1301,1.13,1.13,13946.0
2019-03-25 11:01:00,1.13,1.13,1.13,1.13,3280.0
2019-03-25 11:10:00,1.1301,1.1301,1.1301,1.1301,357.0
2019-03-25 11:15:00,1.1301,1.1301,1.1301,1.1301,357.0
2019-03-25 11:17:00,1.1387,1.1387,1.1387,1.1387,600.0
2019-03-25 11:19:00,1.14,1.14,1.13,1.13,1396.0
2019-03-25 11:23:00,1.1316,1.1316,1.13,1.13,4080.0
2019-03-25 11:30:00,1.1309,1.1309,1.1309,1.1309,1000.0
2019-03-25 11:33:00,1.13,1.13,1.13,1.13,102.0
2019-03-25 11:37:00,1.13,1.13,1.13,1.13,100.0
2019-03-25 11:40:00,1.1388,1.1388,1.1388,1.1388,890.0
2019-03-25 11:41:00,1.13,1.13,1.13,1.13,301.0
2019-03-25 11:42:00,1.13,1.13,1.13,1.13,271.0
2019-03-25 11:47:00,1.13,1.13,1.13,1.13,373.0
2019-03-25 11:52:00,1.13,1.13,1.13,1.13,237.0
2019-03-25 12:00:00,1.13,1.13,1.13,1.13,100.0
2019-03-25 12:04:00,1.13,1.13,1.13,1.13,503.0
2019-03-25 12:16:00,1.1333,1.1333,1.13,1.13,1280.0
2019-03-25 12:30:00,1.1334,1.1334,1.13,1.13,1200.0
2019-03-25 12:34:00,1.13,1.13,1.13,1.13,1330.0
2019-03-25 12:40:00,1.13,1.13,1.13,1.13,350.0
2019-03-25 12:42:00,1.13,1.13,1.13,1.13,422.0
2019-03-25 12:55:00,1.13,1.13,1.13,1.13,215.0
2019-03-25 13:02:00,1.1287,1.1287,1.1287,1.1287,28243.0
2019-03-25 13:03:00,1.12,1.12,1.12,1.12,3500.0
2019-03-25 13:07:00,1.12,1.12,1.12,1.12,100.0
2019-03-25 13:10:00,1.12,1.12,1.1,1.1,36287.0
2019-03-25 13:11:00,1.09,1.09,1.065,1.07,36001.0
2019-03-25 13:12:00,1.06,1.06,1.06,1.06,2900.0
2019-03-25 13:13:00,1.05,1.05,1.05,1.05,16330.0
2019-03-25 13:14:00,1.0501,1.0501,1.0501,1.0501,16019.0
2019-03-25 13:15:00,1.055,1.059,1.051,1.059,64321.0
2019-03-25 13:16:00,1.05,1.05,1.04,1.04,21437.0
2019-03-25 13:18:00,1.025,1.03,1.02,1.02,75961.0
2019-03-25 13:19:00,1.01,1.01,1.01,1.01,12905.0
2019-03-25 13:20:00,1.0188,1.0188,1.0101,1.0101,6464.0
2019-03-25 13:21:00,1.02,1.02,1.02,1.02,6479.0
2019-03-25 13:22:00,1.02,1.02,1.01,1.01,12010.0
2019-03-25 13:23:00,1.02,1.02,1.02,1.02,366.0
2019-03-25 13:24:00,1.0151,1.0151,1.0121,1.0121,3611.0
2019-03-25 13:25:00,1.01,1.0169,1.0,1.0169,54400.0
2019-03-25 13:27:00,1.0,1.0,1.0,1.0,2972.0
2019-03-25 13:28:00,1.02,1.02,0.99,0.99,17799.0
2019-03-25 13:29:00,0.9885,0.9885,0.9885,0.9885,4709.0
2019-03-25 13:30:00,0.9893,0.9893,0.98,0.98,21455.0
2019-03-25 13:31:00,0.9803,0.9803,0.98,0.98,20156.0
2019-03-25 13:32:00,0.97,0.97,0.97,0.97,8463.0
2019-03-25 13:33:00,0.9615,0.9615,0.9615,0.9615,5103.0
2019-03-25 13:34:00,0.96,0.96,0.9597,0.9597,35038.0
2019-03-25 13:35:00,0.9509,0.9597,0.94,0.94,35785.0
2019-03-25 13:36:00,0.9499,0.9499,0.9499,0.9499,9450.0
2019-03-25 13:37:00,0.95,0.954,0.95,0.954,6512.0
2019-03-25 13:38:00,0.9701,0.9994,0.9701,0.9994,21128.0
2019-03-25 13:39:00,0.9999,0.9999,0.99,0.99,13220.0
2019-03-25 13:40:00,0.9863,0.9863,0.9863,0.9863,1975.0
2019-03-25 13:41:00,0.99,0.99,0.99,0.99,5910.0
2019-03-25 13:42:00,0.99,0.99,0.99,0.99,2830.0
2019-03-25 13:43:00,0.9841,0.9841,0.9841,0.9841,1800.0
2019-03-25 13:44:00,0.98,0.9824,0.98,0.9824,1743.0
2019-03-25 13:45:00,0.9855,0.9855,0.9855,0.9855,5956.0
2019-03-25 13:46:00,0.985,0.985,0.985,0.985,1718.0
2019-03-25 13:47:00,0.987,0.987,0.987,0.987,4366.0
2019-03-25 13:48:00,0.9857,0.9857,0.9857,0.9857,10267.0
2019-03-25 13:49:00,0.9893,0.99,0.9893,0.99,7500.0
2019-03-25 13:50:00,0.9899,0.99,0.9899,0.99,9141.0
2019-03-25 13:51:00,0.99,0.99,0.99,0.99,316.0
2019-03-25 13:52:00,0.98,0.98,0.9725,0.9725,37696.0
2019-03-25 13:54:00,0.9726,0.9726,0.9726,0.9726,1201.0
2019-03-25 13:57:00,0.9751,0.9751,0.9751,0.9751,770.0
2019-03-25 13:58:00,0.9793,0.9793,0.9793,0.9793,5050.0
2019-03-25 13:59:00,0.975,0.975,0.975,0.975,10484.0
2019-03-25 14:00:00,0.9725,0.9725,0.9725,0.9725,2400.0
2019-03-25 14:01:00,0.9725,0.9725,0.95,0.95,34171.0
2019-03-25 14:02:00,0.95,0.95,0.95,0.95,9682.0
2019-03-25 14:03:00,0.94,0.94,0.9399,0.9399,7403.0
2019-03-25 14:04:00,0.93,0.93,0.93,0.93,1617.0
2019-03-25 14:05:00,0.9347,0.9347,0.9347,0.9347,1899.0
2019-03-25 14:06:00,0.9462,0.9462,0.9462,0.9462,1508.0
2019-03-25 14:07:00,0.9964,0.9964,0.9964,0.9964,2060.0
2019-03-25 14:08:00,0.9281,0.9281,0.9281,0.9281,1515.0
2019-03-25 14:09:00,0.935,0.935,0.935,0.935,350.0
2019-03-25 14:12:00,0.9442,0.965,0.9442,0.965,2971.0
2019-03-25 14:13:00,0.9598,0.9598,0.9597,0.9597,14047.0
2019-03-25 14:15:00,0.9592,0.9592,0.9592,0.9592,2145.0
2019-03-25 14:16:00,0.9449,0.9449,0.9449,0.9449,1001.0
2019-03-25 14:17:00,0.9401,0.9401,0.9299,0.9299,28150.0
2019-03-25 14:19:00,0.9251,0.9274,0.9251,0.9274,2672.0
2019-03-25 14:20:00,0.925,0.925,0.925,0.925,605.0
2019-03-25 14:21:00,0.92,0.9292,0.92,0.9292,6700.0
2019-03-25 14:22:00,0.9201,0.97,0.9201,0.9628,34985.0
2019-03-25 14:23:00,0.941,0.969,0.941,0.96,40803.0
2019-03-25 14:24:00,0.94,0.95,0.94,0.95,38390.0
2019-03-25 14:25:00,0.95,0.95,0.9402,0.9499,12680.0
2019-03-25 14:26:00,0.9498,0.9499,0.9412,0.9412,11037.0
2019-03-25 14:27:00,0.95,0.95,0.9469,0.9498,10505.0
2019-03-25 14:28:00,0.9498,0.9498,0.9498,0.9498,190.0
2019-03-25 14:29:00,0.9497,0.9497,0.9497,0.9497,1830.0
2019-03-25 14:30:00,0.9501,0.9501,0.9401,0.9401,10244.0
2019-03-25 14:31:00,0.94,0.94,0.9399,0.9399,19100.0
2019-03-25 14:32:00,0.94,0.94,0.94,0.94,16293.0
2019-03-25 14:33:00,0.93,0.93,0.93,0.93,4402.0
2019-03-25 14:34:00,0.9302,0.9302,0.9302,0.9302,675.0
2019-03-25 14:39:00,0.9351,0.9351,0.9351,0.9351,100.0
2019-03-25 14:40:00,0.9351,0.9351,0.9351,0.9351,10064.0
2019-03-25 14:41:00,0.93,0.93,0.93,0.93,10611.0
2019-03-25 14:42:00,0.9337,0.9337,0.925,0.925,9940.0
2019-03-25 14:43:00,0.9275,0.9301,0.9274,0.93,30686.0
2019-03-25 14:45:00,0.93,0.93,0.93,0.93,1225.0
2019-03-25 14:46:00,0.9311,0.9311,0.9311,0.9311,2381.0
2019-03-25 14:49:00,0.932,0.932,0.932,0.932,1300.0
2019-03-25 14:51:00,0.933,0.933,0.933,0.933,800.0
2019-03-25 14:52:00,0.935,0.935,0.935,0.935,100.0
2019-03-25 14:54:00,0.9463,0.9463,0.9401,0.9401,3055.0
2019-03-25 14:55:00,0.935,0.9374,0.935,0.9351,19075.0
2019-03-25 14:56:00,0.9351,0.9351,0.9351,0.9351,3539.0
2019-03-25 14:57:00,0.9498,0.9498,0.9498,0.9498,6300.0
2019-03-25 14:58:00,0.9489,0.9499,0.9489,0.9498,16633.0
2019-03-25 14:59:00,0.9496,0.9496,0.9496,0.9496,6841.0
2019-03-25 15:00:00,0.9664,0.9664,0.96,0.96,7295.0
2019-03-25 15:01:00,0.96,0.96,0.96,0.96,4745.0
2019-03-25 15:02:00,0.9678,0.98,0.9678,0.98,5110.0
2019-03-25 15:03:00,0.9862,0.9862,0.975,0.9836,30676.0
2019-03-25 15:04:00,0.9799,0.9799,0.9799,0.9799,2300.0
2019-03-25 15:05:00,0.975,0.975,0.975,0.975,5053.0
2019-03-25 15:06:00,0.98,0.98,0.98,0.98,3451.0
2019-03-25 15:07:00,0.9828,0.9828,0.9828,0.9828,9525.0
2019-03-25 15:08:00,0.9857,0.9857,0.9855,0.9855,7215.0
2019-03-25 15:09:00,0.9581,0.9581,0.9581,0.9581,4883.0
2019-03-25 15:10:00,0.9799,0.9799,0.9799,0.9799,3223.0
2019-03-25 15:11:00,0.97,0.97,0.97,0.97,1001.0
2019-03-25 15:13:00,0.962,0.962,0.962,0.962,1100.0
2019-03-25 15:14:00,0.9774,0.9774,0.9774,0.9774,1584.0
2019-03-25 15:18:00,0.9675,0.9675,0.9675,0.9675,905.0
2019-03-25 15:21:00,0.96,0.96,0.96,0.96,10100.0
2019-03-25 15:23:00,0.97,0.97,0.97,0.97,100.0
2019-03-25 15:25:00,0.9601,0.9601,0.9601,0.9601,1450.0
2019-03-25 15:26:00,0.9629,0.9629,0.9629,0.9629,5072.0
2019-03-25 15:30:00,0.96,0.96,0.95,0.95,46352.0
2019-03-25 15:31:00,0.9499,0.9499,0.9499,0.9499,1100.0
2019-03-25 15:33:00,0.9499,0.9499,0.9499,0.9499,2782.0
2019-03-25 15:35:00,0.9499,0.9499,0.9499,0.9499,100.0
2019-03-25 15:36:00,0.95,0.95,0.95,0.95,300.0
2019-03-25 15:37:00,0.95,0.95,0.95,0.95,2730.0
2019-03-25 15:38:00,0.95,0.95,0.95,0.95,2607.0
2019-03-25 15:41:00,0.96,0.96,0.96,0.96,2804.0
2019-03-25 15:42:00,0.9501,0.9501,0.9501,0.9501,4013.0
2019-03-25 15:43:00,0.9592,0.9592,0.9592,0.9592,8546.0
2019-03-25 15:44:00,0.9501,0.9501,0.9501,0.9501,7546.0
2019-03-25 15:45:00,0.9599,0.9599,0.9599,0.9599,1102.0
2019-03-25 15:46:00,0.9599,0.9599,0.9599,0.9599,1110.0
2019-03-25 15:47:00,0.9511,0.9511,0.9511,0.9511,2250.0
2019-03-25 15:48:00,0.9512,0.9599,0.9512,0.9599,7506.0
2019-03-25 15:53:00,0.96,0.96,0.96,0.96,329.0
2019-03-25 15:54:00,0.96,0.96,0.96,0.96,1700.0
2019-03-25 15:55:00,0.9585,0.96,0.9585,0.96,4495.0
2019-03-25 15:58:00,0.96,0.96,0.96,0.96,656.0
2019-03-25 15:59:00,0.9702,0.9702,0.9702,0.9702,5250.0
2019-03-25 16:00:00,0.96,0.96,0.96,0.96,5410.0
2019-03-26 09:31:00,0.9901,0.9901,0.9901,0.9901,8828.0
2019-03-26 09:32:00,0.9801,0.9801,0.9801,0.9801,7221.0
2019-03-26 09:34:00,0.99,0.99,0.99,0.99,700.0
2019-03-26 09:35:00,0.9901,0.9901,0.9901,0.9901,3350.0
2019-03-26 09:36:00,0.9901,0.9901,0.99,0.99,8622.0
2019-03-26 09:37:00,0.9849,0.9849,0.9849,0.9849,3576.0
2019-03-26 09:38:00,0.9801,0.9801,0.9801,0.9801,4337.0
2019-03-26 09:39:00,0.97,0.97,0.97,0.97,1340.0
2019-03-26 09:42:00,0.97,0.97,0.97,0.97,3900.0
2019-03-26 09:43:00,0.9798,0.9798,0.9798,0.9798,8606.0
2019-03-26 09:44:00,0.9836,0.9836,0.9836,0.9836,670.0
2019-03-26 09:47:00,0.97,0.97,0.97,0.97,703.0
2019-03-26 09:51:00,0.9701,0.9701,0.9701,0.9701,2501.0
2019-03-26 09:52:00,0.97,0.97,0.97,0.97,3688.0
2019-03-26 09:53:00,0.9508,0.9508,0.9508,0.9508,787.0
2019-03-26 09:55:00,0.9508,0.9508,0.9508,0.9508,880.0
2019-03-26 09:58:00,0.9508,0.9508,0.9508,0.9508,100.0
2019-03-26 09:59:00,0.9664,0.9664,0.9664,0.9664,1204.0
2019-03-26 10:00:00,0.96,0.96,0.96,0.96,1601.0
2019-03-26 10:01:00,0.96,0.96,0.96,0.96,2250.0
2019-03-26 10:03:00,0.9508,0.9508,0.9508,0.9508,725.0
2019-03-26 10:06:00,0.9509,0.9509,0.9509,0.9509,3100.0
2019-03-26 10:08:00,0.9508,0.9508,0.9501,0.9501,4894.0
2019-03-26 10:09:00,0.95,0.95,0.95,0.95,3000.0
2019-03-26 10:12:00,0.95,0.95,0.95,0.95,100.0
2019-03-26 10:14:00,0.965,0.965,0.965,0.965,1901.0
2019-03-26 10:18:00,0.9705,0.9705,0.9705,0.9705,1000.0
2019-03-26 10:22:00,0.9652,0.9652,0.9652,0.9652,921.0
2019-03-26 10:23:00,0.9651,0.9651,0.95,0.95,5643.0
2019-03-26 10:26:00,0.965,0.965,0.9562,0.9562,3100.0
2019-03-26 10:29:00,0.9562,0.9562,0.9501,0.9501,5300.0
2019-03-26 10:30:00,0.9501,0.9501,0.9501,0.9501,614.0
2019-03-26 10:31:00,0.9454,0.9454,0.9454,0.9454,3561.0
2019-03-26 10:34:00,0.95,0.95,0.95,0.95,1000.0
2019-03-26 10:35:00,0.94,0.94,0.94,0.94,2404.0
2019-03-26 10:36:00,0.9401,0.9401,0.9401,0.9401,1300.0
2019-03-26 10:39:00,0.95,0.95,0.95,0.95,1226.0
2019-03-26 10:40:00,0.9401,0.9401,0.9401,0.9401,600.0
2019-03-26 10:42:00,0.9402,0.9402,0.9402,0.9402,1300.0
2019-03-26 10:43:00,0.9403,0.9403,0.9403,0.9403,1000.0
2019-03-26 10:44:00,0.9403,0.9403,0.9403,0.9403,802.0
2019-03-26 10:51:00,0.9404,0.9404,0.9404,0.9404,200.0
2019-03-26 10:54:00,0.9482,0.9482,0.9482,0.9482,137.0
2019-03-26 11:00:00,0.9403,0.9403,0.9403,0.9403,300.0
2019-03-26 11:01:00,0.9403,0.9403,0.9403,0.9403,11501.0
2019-03-26 11:02:00,0.9403,0.9403,0.9403,0.9403,1710.0
2019-03-26 11:06:00,0.9403,0.9403,0.9403,0.9403,1700.0
2019-03-26 11:09:00,0.9571,0.9571,0.9571,0.9571,4140.0
2019-03-26 11:17:00,0.9451,0.9451,0.9451,0.9451,300.0
2019-03-26 11:19:00,0.9451,0.9451,0.9451,0.9451,1200.0
2019-03-26 11:25:00,0.9477,0.9477,0.9451,0.9451,4600.0
2019-03-26 11:31:00,0.9477,0.9477,0.9477,0.9477,300.0
2019-03-26 11:32:00,0.9455,0.9455,0.9455,0.9455,500.0
2019-03-26 11:38:00,0.95,0.95,0.95,0.95,450.0
2019-03-26 11:39:00,0.95,0.95,0.95,0.95,701.0
2019-03-26 11:43:00,0.9501,0.9501,0.9501,0.9501,5300.0
2019-03-26 11:44:00,0.955,0.955,0.955,0.955,1100.0
2019-03-26 11:47:00,0.9501,0.9501,0.9501,0.9501,469.0
2019-03-26 11:49:00,0.9502,0.9502,0.9502,0.9502,219.0
2019-03-26 11:51:00,0.9502,0.9502,0.9502,0.9502,250.0
2019-03-26 11:54:00,0.9501,0.9501,0.9501,0.9501,200.0
2019-03-26 11:58:00,0.9502,0.9502,0.9502,0.9502,101.0
2019-03-26 12:05:00,0.9531,0.9531,0.9531,0.9531,1400.0
2019-03-26 12:07:00,0.9502,0.9502,0.9502,0.9502,1725.0
2019-03-26 12:08:00,0.953,0.9531,0.953,0.9531,2450.0
2019-03-26 12:09:00,0.9558,0.9558,0.9558,0.9558,2804.0
2019-03-26 12:11:00,0.9576,0.9576,0.9558,0.9558,8600.0
2019-03-26 12:14:00,0.9568,0.9568,0.9568,0.9568,2629.0
2019-03-26 12:16:00,0.96,0.96,0.96,0.96,700.0
2019-03-26 12:19:00,0.96,0.96,0.96,0.96,1000.0
2019-03-26 12:21:00,0.9558,0.9558,0.9558,0.9558,10100.0
2019-03-26 12:24:00,0.9562,0.9562,0.9562,0.9562,500.0
2019-03-26 12:28:00,0.9558,0.9558,0.9558,0.9558,503.0
2019-03-26 12:29:00,0.9598,0.9598,0.9558,0.9558,845.0
2019-03-26 12:33:00,0.9595,0.9595,0.9595,0.9595,210.0
2019-03-26 12:36:00,0.9595,0.9596,0.9595,0.9596,301.0
2019-03-26 12:40:00,0.9635,0.9635,0.9635,0.9635,248.0
2019-03-26 12:43:00,0.957,0.9571,0.957,0.9571,0.0
2019-03-26 12:44:00,0.9585,0.9585,0.9585,0.9585,1400.0
2019-03-26 12:47:00,0.9579,0.9579,0.9579,0.9579,2703.0
2019-03-26 12:49:00,0.9571,0.9571,0.9571,0.9571,100.0
2019-03-26 12:55:00,0.957,0.957,0.957,0.957,300.0
2019-03-26 13:00:00,0.957,0.9571,0.957,0.9571,400.0
2019-03-26 13:08:00,0.9598,0.9598,0.9598,0.9598,847.0
2019-03-26 13:09:00,0.958,0.958,0.958,0.958,100.0
2019-03-26 13:13:00,0.958,0.958,0.958,0.958,100.0
2019-03-26 13:18:00,0.9581,0.9581,0.9581,0.9581,400.0
2019-03-26 13:22:00,0.958,0.958,0.958,0.958,500.0
2019-03-26 13:25:00,0.9695,0.9695,0.9695,0.9695,2755.0
2019-03-26 13:26:00,0.958,0.958,0.958,0.958,500.0
2019-03-26 13:29:00,0.9635,0.9635,0.9635,0.9635,700.0
2019-03-26 13:30:00,0.9584,0.9584,0.9584,0.9584,201.0
2019-03-26 13:31:00,0.958,0.958,0.958,0.958,320.0
2019-03-26 13:35:00,0.958,0.958,0.958,0.958,235.0
2019-03-26 13:39:00,0.958,0.958,0.958,0.958,400.0
2019-03-26 13:40:00,0.9695,0.9695,0.9695,0.9695,153.0
2019-03-26 13:44:00,0.9585,0.9585,0.9585,0.9585,100.0
2019-03-26 13:48:00,0.959,0.959,0.959,0.959,100.0
2019-03-26 13:51:00,0.97,0.97,0.97,0.97,100.0
2019-03-26 13:52:00,0.959,0.959,0.959,0.959,251.0
2019-03-26 13:57:00,0.959,0.959,0.959,0.959,105.0
2019-03-26 14:01:00,0.959,0.959,0.959,0.959,424.0
2019-03-26 14:15:00,0.9677,0.9677,0.9677,0.9677,1100.0
2019-03-26 14:16:00,0.969,0.969,0.969,0.969,814.0
2019-03-26 14:19:00,0.9601,0.9601,0.9601,0.9601,300.0
2019-03-26 14:21:00,0.9621,0.9621,0.9621,0.9621,2100.0
2019-03-26 14:23:00,0.9601,0.9602,0.9601,0.9602,0.0
2019-03-26 14:26:00,0.9602,0.9602,0.9602,0.9602,103.0
2019-03-26 14:34:00,0.9601,0.9601,0.9601,0.9601,366.0
2019-03-26 14:35:00,0.9606,0.9606,0.9606,0.9606,100.0
2019-03-26 14:39:00,0.9611,0.9611,0.9611,0.9611,100.0
2019-03-26 14:42:00,0.9693,0.9693,0.9693,0.9693,465.0
2019-03-26 14:43:00,0.9611,0.9612,0.9611,0.9612,665.0
2019-03-26 14:50:00,0.9691,0.9691,0.9691,0.9691,931.0
2019-03-26 14:51:00,0.9611,0.9611,0.9611,0.9611,600.0
2019-03-26 14:53:00,0.9612,0.9612,0.9612,0.9612,300.0
2019-03-26 14:54:00,0.9611,0.9611,0.9611,0.9611,1225.0
2019-03-26 14:56:00,0.9616,0.9616,0.9616,0.9616,210.0
2019-03-26 14:57:00,0.9617,0.9617,0.9617,0.9617,490.0
2019-03-26 14:59:00,0.9618,0.9618,0.9618,0.9618,1525.0
2019-03-26 15:03:00,0.9697,0.9697,0.9651,0.9651,620.0
2019-03-26 15:10:00,0.9652,0.9674,0.9652,0.9674,2000.0
2019-03-26 15:11:00,0.97,0.97,0.97,0.97,200.0
2019-03-26 15:18:00,0.9651,0.9651,0.9651,0.9651,7770.0
2019-03-26 15:22:00,0.9658,0.9658,0.9658,0.9658,677.0
2019-03-26 15:23:00,0.9652,0.9652,0.9652,0.9652,301.0
2019-03-26 15:27:00,0.9652,0.9652,0.9652,0.9652,1020.0
2019-03-26 15:29:00,0.9651,0.9651,0.9651,0.9651,500.0
2019-03-26 15:36:00,0.9724,0.9724,0.965,0.965,1463.0
2019-03-26 15:37:00,0.9652,0.9652,0.9652,0.9652,693.0
2019-03-26 15:42:00,0.9791,0.9791,0.9791,0.9791,500.0
2019-03-26 15:46:00,0.965,0.965,0.965,0.965,713.0
2019-03-26 15:49:00,0.965,0.965,0.965,0.965,411.0
2019-03-26 15:51:00,0.965,0.965,0.965,0.965,365.0
2019-03-26 15:54:00,0.9652,0.9652,0.9652,0.9652,4000.0
2019-03-26 15:56:00,0.9655,0.9655,0.9655,0.9655,500.0
2019-03-26 15:57:00,0.9655,0.9655,0.9655,0.9655,114.0
2019-03-26 15:59:00,0.9655,0.9655,0.9655,0.9655,100.0
2019-03-26 16:00:00,0.965,0.965,0.965,0.965,15400.0
2019-03-27 09:31:00,0.98,0.98,0.98,0.98,4571.0
2019-03-27 09:32:00,0.9755,0.9755,0.9755,0.9755,5493.0
2019-03-27 09:33:00,0.9724,0.9724,0.9724,0.9724,450.0
2019-03-27 09:36:00,0.9567,0.9567,0.9567,0.9567,3014.0
2019-03-27 09:37:00,0.9548,0.9548,0.9548,0.9548,1004.0
2019-03-27 09:38:00,0.95,0.95,0.95,0.95,1576.0
2019-03-27 09:39:00,0.95,0.95,0.95,0.95,2588.0
2019-03-27 09:43:00,0.9537,0.9537,0.9537,0.9537,400.0
2019-03-27 09:46:00,0.9634,0.986,0.951,0.986,8100.0
2019-03-27 09:47:00,0.9699,0.9699,0.9699,0.9699,10550.0
2019-03-27 09:48:00,0.9558,0.9558,0.9558,0.9558,2305.0
2019-03-27 09:50:00,0.9855,0.9855,0.9849,0.9849,1120.0
2019-03-27 09:52:00,0.9705,0.9705,0.9705,0.9705,1340.0
2019-03-27 09:54:00,0.951,0.951,0.951,0.951,2880.0
2019-03-27 09:55:00,0.9711,0.9711,0.9711,0.9711,416.0
2019-03-27 09:57:00,0.958,0.958,0.958,0.958,292.0
2019-03-27 09:59:00,0.958,0.9634,0.951,0.951,3100.0
2019-03-27 10:01:00,0.9579,0.9579,0.95,0.95,8582.0
2019-03-27 10:04:00,0.9579,0.9579,0.9579,0.9579,2031.0
2019-03-27 10:05:00,0.95,0.95,0.95,0.95,3631.0
2019-03-27 10:06:00,0.95,0.95,0.95,0.95,1200.0
2019-03-27 10:10:00,0.955,0.955,0.955,0.955,326.0
2019-03-27 10:12:00,0.9589,0.9589,0.9589,0.9589,526.0
2019-03-27 10:21:00,0.9628,0.9628,0.9628,0.9628,24240.0
2019-03-27 10:25:00,0.9377,0.9377,0.9377,0.9377,1000.0
2019-03-27 10:29:00,0.9501,0.9501,0.9501,0.9501,100.0
2019-03-27 10:30:00,0.9501,0.9501,0.9501,0.9501,739.0
2019-03-27 10:31:00,0.9549,0.9549,0.9549,0.9549,300.0
2019-03-27 10:33:00,0.9503,0.9503,0.9503,0.9503,900.0
2019-03-27 10:34:00,0.9504,0.9504,0.9504,0.9504,1159.0
2019-03-27 10:37:00,0.9551,0.9551,0.9551,0.9551,200.0
2019-03-27 10:38:00,0.9503,0.9503,0.9503,0.9503,410.0
2019-03-27 10:44:00,0.9503,0.9503,0.95,0.95,16720.0
2019-03-27 10:45:00,0.9498,0.9498,0.945,0.945,5250.0
2019-03-27 10:46:00,0.9398,0.9398,0.9398,0.9398,10250.0
2019-03-27 10:47:00,0.9398,0.9598,0.9398,0.9399,10200.0
2019-03-27 10:49:00,0.9578,0.9578,0.9578,0.9578,15206.0
2019-03-27 10:51:00,0.937,0.9397,0.937,0.9397,466.0
2019-03-27 10:52:00,0.9397,0.9397,0.9397,0.9397,666.0
2019-03-27 10:54:00,0.937,0.9508,0.925,0.9508,42929.0
2019-03-27 10:57:00,0.9498,0.9498,0.9498,0.9498,109.0
2019-03-27 10:58:00,0.9277,0.9277,0.9277,0.9277,5800.0
2019-03-27 10:59:00,0.9277,0.9277,0.9277,0.9277,200.0
2019-03-27 11:00:00,0.925,0.925,0.925,0.925,1000.0
2019-03-27 11:01:00,0.9304,0.9304,0.9277,0.9277,2850.0
2019-03-27 11:04:00,0.9483,0.9483,0.925,0.9277,350.0
2019-03-27 11:05:00,0.925,0.925,0.925,0.925,450.0
2019-03-27 11:06:00,0.925,0.925,0.925,0.925,300.0
2019-03-27 11:07:00,0.925,0.925,0.92,0.92,6000.0
2019-03-27 11:10:00,0.925,0.925,0.925,0.925,6200.0
2019-03-27 11:14:00,0.9283,0.9283,0.9283,0.9283,1200.0
2019-03-27 11:16:00,0.925,0.925,0.925,0.925,101.0
2019-03-27 11:18:00,0.925,0.925,0.925,0.925,100.0
2019-03-27 11:21:00,0.9286,0.9286,0.9286,0.9286,599.0
2019-03-27 11:24:00,0.925,0.925,0.925,0.925,1219.0
2019-03-27 11:26:00,0.925,0.9367,0.925,0.9367,3119.0
2019-03-27 11:30:00,0.925,0.925,0.925,0.925,100.0
2019-03-27 11:32:00,0.925,0.925,0.925,0.925,500.0
2019-03-27 11:35:00,0.925,0.925,0.925,0.925,134.0
2019-03-27 11:43:00,0.925,0.925,0.925,0.925,100.0
2019-03-27 11:45:00,0.925,0.925,0.925,0.925,520.0
2019-03-27 11:46:00,0.9297,0.9297,0.9297,0.9297,1100.0
2019-03-27 11:47:00,0.9294,0.9294,0.9294,0.9294,1212.0
2019-03-27 11:50:00,0.925,0.925,0.925,0.925,125.0
2019-03-27 11:53:00,0.925,0.925,0.925,0.925,100.0
2019-03-27 11:54:00,0.9278,0.9278,0.9278,0.9278,1031.0
2019-03-27 11:56:00,0.925,0.925,0.925,0.925,2413.0
2019-03-27 11:57:00,0.925,0.925,0.925,0.925,17669.0
2019-03-27 12:01:00,0.925,0.925,0.925,0.925,2104.0
2019-03-27 12:06:00,0.925,0.925,0.925,0.925,207586.0
2019-03-27 12:07:00,0.925,0.925,0.925,0.925,4200.0
2019-03-27 12:08:00,0.9257,0.9257,0.9257,0.9257,2402.0
2019-03-27 12:10:00,0.9267,0.9267,0.9267,0.9267,900.0
2019-03-27 12:15:00,0.925,0.925,0.925,0.925,101.0
2019-03-27 12:16:00,0.9245,0.9245,0.9245,0.9245,301.0
2019-03-27 12:17:00,0.9269,0.9269,0.9253,0.9269,2002.0
2019-03-27 12:18:00,0.92,0.92,0.92,0.92,2102.0
2019-03-27 12:21:00,0.9268,0.9268,0.9268,0.9268,483.0
2019-03-27 12:22:00,0.925,0.925,0.925,0.925,680.0
2019-03-27 12:24:00,0.926,0.926,0.926,0.926,100.0
2019-03-27 12:26:00,0.9539,0.9539,0.9539,0.9539,5050.0
2019-03-27 12:28:00,0.9275,0.9275,0.9275,0.9275,100.0
2019-03-27 12:30:00,0.9269,0.9269,0.9269,0.9269,300.0
2019-03-27 12:31:00,0.9269,0.9269,0.926,0.926,1449.0
2019-03-27 12:49:00,0.9261,0.9261,0.9261,0.9261,600.0
2019-03-27 12:52:00,0.9519,0.9519,0.9519,0.9519,1300.0
2019-03-27 12:56:00,0.926,0.926,0.926,0.926,100.0
2019-03-27 12:59:00,0.9307,0.9307,0.9307,0.9307,600.0
2019-03-27 13:00:00,0.9503,0.9503,0.9503,0.9503,531.0
2019-03-27 13:01:00,0.9517,0.9517,0.9517,0.9517,831.0
2019-03-27 13:03:00,0.93,0.93,0.93,0.93,1000.0
2019-03-27 13:08:00,0.93,0.93,0.93,0.93,100.0
2019-03-27 13:09:00,0.95,0.95,0.95,0.95,300.0
2019-03-27 13:11:00,0.9514,0.9514,0.9514,0.9514,200.0
2019-03-27 13:14:00,0.926,0.926,0.926,0.926,9960.0
2019-03-27 13:15:00,0.9516,0.9516,0.9516,0.9516,10610.0
2019-03-27 13:16:00,0.95,0.95,0.95,0.95,2100.0
2019-03-27 13:19:00,0.926,0.926,0.926,0.926,520.0
2019-03-27 13:21:00,0.92,0.92,0.92,0.92,800.0
2019-03-27 13:26:00,0.9227,0.9227,0.9227,0.9227,120.0
2019-03-27 13:29:00,0.9454,0.9454,0.9454,0.9454,515.0
2019-03-27 13:41:00,0.92,0.9227,0.92,0.9227,329.0
2019-03-27 13:53:00,0.9478,0.9478,0.9478,0.9478,5700.0
2019-03-27 13:56:00,0.9399,0.9399,0.9399,0.9399,1500.0
2019-03-27 13:58:00,0.932,0.932,0.932,0.932,700.0
2019-03-27 14:03:00,0.932,0.932,0.932,0.932,103.0
2019-03-27 14:16:00,0.946,0.946,0.946,0.946,1216.0
2019-03-27 14:17:00,0.9351,0.9351,0.9351,0.9351,1816.0
2019-03-27 14:21:00,0.9402,0.9438,0.9402,0.9438,310.0
2019-03-27 14:24:00,0.9393,0.9393,0.9393,0.9393,230.0
2019-03-27 14:26:00,0.935,0.935,0.935,0.935,200.0
2019-03-27 14:27:00,0.935,0.935,0.935,0.935,620.0
2019-03-27 14:31:00,0.94,0.94,0.94,0.94,200.0
2019-03-27 14:39:00,0.942,0.942,0.942,0.942,100.0
2019-03-27 14:40:00,0.942,0.942,0.942,0.942,100.0
2019-03-27 14:47:00,0.9401,0.9401,0.9401,0.9401,100.0
2019-03-27 14:48:00,0.9401,0.9418,0.9401,0.9418,300.0
2019-03-27 14:49:00,0.9418,0.9418,0.9418,0.9418,400.0
2019-03-27 14:50:00,0.9401,0.95,0.9401,0.95,5901.0
2019-03-27 14:56:00,0.9517,0.9517,0.95,0.95,9494.0
2019-03-27 14:57:00,0.9501,0.9501,0.9501,0.9501,9594.0
2019-03-27 14:58:00,0.9501,0.9501,0.9501,0.9501,300.0
2019-03-27 14:59:00,0.9501,0.9501,0.9501,0.9501,200.0
2019-03-27 15:00:00,0.9501,0.9501,0.9501,0.9501,394.0
2019-03-27 15:01:00,0.9501,0.9501,0.94,0.94,899.0
2019-03-27 15:02:00,0.94,0.94,0.94,0.94,1099.0
2019-03-27 15:03:00,0.94,0.94,0.94,0.94,100.0
2019-03-27 15:04:00,0.94,0.94,0.94,0.94,400.0
2019-03-27 15:05:00,0.94,0.94,0.94,0.94,200.0
2019-03-27 15:06:00,0.94,0.94,0.94,0.94,300.0
2019-03-27 15:07:00,0.94,0.94,0.94,0.94,100.0
2019-03-27 15:08:00,0.94,0.94,0.94,0.94,800.0
2019-03-27 15:09:00,0.94,0.94,0.94,0.94,100.0
2019-03-27 15:10:00,0.94,0.94,0.94,0.94,700.0
2019-03-27 15:11:00,0.94,0.94,0.94,0.94,9994.0
2019-03-27 15:12:00,0.94,0.9457,0.94,0.9457,9400.0
2019-03-27 15:13:00,0.94,0.94,0.94,0.94,11500.0
2019-03-27 15:14:00,0.9428,0.9428,0.9428,0.9428,600.0
2019-03-27 15:15:00,0.94,0.94,0.94,0.94,447.0
2019-03-27 15:16:00,0.935,0.935,0.935,0.935,2300.0
2019-03-27 15:17:00,0.935,0.935,0.935,0.935,1420.0
2019-03-27 15:18:00,0.9437,0.9437,0.9437,0.9437,1700.0
2019-03-27 15:19:00,0.938,0.938,0.938,0.938,3500.0
2019-03-27 15:22:00,0.9375,0.9375,0.9375,0.9375,5000.0
2019-03-27 15:24:00,0.9383,0.9383,0.9383,0.9383,610.0
2019-03-27 15:29:00,0.9351,0.9351,0.9351,0.9351,310.0
2019-03-27 15:30:00,0.9331,0.9331,0.9331,0.9331,300.0
2019-03-27 15:31:00,0.9394,0.9394,0.9394,0.9394,2628.0
2019-03-27 15:34:00,0.933,0.933,0.933,0.933,100.0
2019-03-27 15:35:00,0.933,0.933,0.933,0.933,374.0
2019-03-27 15:36:00,0.932,0.932,0.932,0.932,600.0
2019-03-27 15:37:00,0.9321,0.9321,0.9321,0.9321,300.0
2019-03-27 15:38:00,0.9321,0.9321,0.9321,0.9321,500.0
2019-03-27 15:39:00,0.9321,0.9321,0.9321,0.9321,200.0
2019-03-27 15:40:00,0.9321,0.9321,0.9321,0.9321,400.0
2019-03-27 15:41:00,0.9321,0.9321,0.9321,0.9321,300.0
2019-03-27 15:42:00,0.9332,0.9332,0.9321,0.9321,200.0
2019-03-27 15:43:00,0.9321,0.9321,0.9321,0.9321,400.0
2019-03-27 15:44:00,0.934,0.934,0.934,0.934,2500.0
2019-03-27 15:45:00,0.932,0.932,0.932,0.932,200.0
2019-03-27 15:46:00,0.932,0.932,0.932,0.932,600.0
2019-03-27 15:48:00,0.93,0.93,0.93,0.93,1150.0
2019-03-27 15:49:00,0.933,0.933,0.933,0.933,1000.0
2019-03-27 15:51:00,0.93,0.93,0.93,0.93,203.0
2019-03-27 15:54:00,0.9329,0.9329,0.9329,0.9329,600.0
2019-03-27 15:55:00,0.9301,0.9301,0.9301,0.9301,1800.0
2019-03-27 15:57:00,0.9328,0.9328,0.9303,0.9303,1300.0
2019-03-27 15:58:00,0.9329,0.9329,0.9303,0.9303,1100.0
2019-03-27 15:59:00,0.9329,0.9329,0.9329,0.9329,1200.0
2019-03-27 16:00:00,0.9329,0.933,0.93,0.93,0.0
2019-03-28 09:31:00,0.9301,0.9301,0.9301,0.9301,4226.0
2019-03-28 09:35:00,0.9327,0.9327,0.93,0.93,13697.0
2019-03-28 09:36:00,0.94,0.94,0.94,0.94,2000.0
2019-03-28 09:37:00,0.94,0.94,0.93,0.93,10014.0
2019-03-28 09:38:00,0.9556,0.9556,0.9556,0.9556,5059.0
2019-03-28 09:39:00,0.9245,0.958,0.9245,0.958,2971.0
2019-03-28 09:40:00,0.958,0.958,0.958,0.958,200.0
2019-03-28 09:42:00,0.9579,0.9579,0.9556,0.9556,9155.0
2019-03-28 09:46:00,0.933,0.933,0.933,0.933,100.0
2019-03-28 09:48:00,0.94,0.94,0.94,0.94,100.0
2019-03-28 09:49:00,0.948,0.95,0.948,0.95,2690.0
2019-03-28 09:50:00,0.948,0.948,0.948,0.948,153.0
2019-03-28 09:59:00,0.948,0.948,0.948,0.948,100.0
2019-03-28 10:00:00,0.948,0.948,0.948,0.948,1100.0
2019-03-28 10:02:00,0.9498,0.9498,0.9498,0.9498,100.0
2019-03-28 10:04:00,0.9499,0.9499,0.9499,0.9499,1200.0
2019-03-28 10:06:00,0.9498,0.9498,0.9498,0.9498,800.0
2019-03-28 10:09:00,0.948,0.948,0.948,0.948,100.0
2019-03-28 10:10:00,0.948,0.9493,0.948,0.9493,1100.0
2019-03-28 10:12:00,0.948,0.948,0.948,0.948,100.0
2019-03-28 10:13:00,0.948,0.948,0.948,0.948,202.0
2019-03-28 10:15:00,0.948,0.948,0.948,0.948,100.0
2019-03-28 10:18:00,0.948,0.948,0.948,0.948,103.0
2019-03-28 10:20:00,0.948,0.948,0.948,0.948,800.0
2019-03-28 10:21:00,0.948,0.948,0.948,0.948,100.0
2019-03-28 10:23:00,0.9481,0.9481,0.9481,0.9481,200.0
2019-03-28 10:24:00,0.948,0.948,0.948,0.948,100.0
2019-03-28 10:25:00,0.948,0.948,0.948,0.948,102.0
2019-03-28 10:28:00,0.9496,0.9496,0.9496,0.9496,400.0
2019-03-28 10:33:00,0.9496,0.9496,0.9496,0.9496,200.0
2019-03-28 10:35:00,0.9494,0.9494,0.9494,0.9494,125.0
2019-03-28 10:38:00,0.9496,0.9496,0.9496,0.9496,104.0
2019-03-28 10:43:00,0.9498,0.9498,0.9491,0.9491,200.0
2019-03-28 10:44:00,0.9499,0.9499,0.9499,0.9499,210.0
2019-03-28 10:47:00,0.9482,0.9482,0.9481,0.9481,4990.0
2019-03-28 10:51:00,0.9482,0.9495,0.9482,0.9482,3200.0
2019-03-28 10:52:00,0.9486,0.9486,0.9482,0.9482,462.0
2019-03-28 10:53:00,0.9481,0.9481,0.9481,0.9481,100.0
2019-03-28 10:55:00,0.9482,0.9482,0.9482,0.9482,400.0
2019-03-28 10:56:00,0.9481,0.9481,0.9481,0.9481,380.0
2019-03-28 10:58:00,0.9482,0.9482,0.9482,0.9482,612.0
2019-03-28 10:59:00,0.9482,0.9482,0.9482,0.9482,100.0
2019-03-28 11:00:00,0.9483,0.9483,0.9483,0.9483,100.0
2019-03-28 11:03:00,0.9483,0.9483,0.9483,0.9483,112.0
2019-03-28 11:04:00,0.9483,0.9483,0.9483,0.9483,200.0
2019-03-28 11:05:00,0.9483,0.9483,0.9483,0.9483,2250.0
2019-03-28 11:06:00,0.9483,0.9484,0.9483,0.9483,650.0
2019-03-28 11:07:00,0.9483,0.9483,0.9483,0.9483,452.0
2019-03-28 11:10:00,0.9483,0.9483,0.9483,0.9483,100.0
2019-03-28 11:11:00,0.9483,0.9483,0.9483,0.9483,100.0
2019-03-28 11:13:00,0.9423,0.9424,0.9423,0.9424,290.0
2019-03-28 11:17:00,0.9425,0.9425,0.9425,0.9425,100.0
2019-03-28 11:21:00,0.9427,0.9427,0.9427,0.9427,100.0
2019-03-28 11:23:00,0.9483,0.9483,0.9431,0.9431,420.0
2019-03-28 11:29:00,0.9497,0.9497,0.9497,0.9497,3100.0
2019-03-28 11:37:00,0.945,0.945,0.9449,0.9449,1905.0
2019-03-28 11:40:00,0.9449,0.9449,0.9449,0.9449,100.0
2019-03-28 11:42:00,0.9448,0.9448,0.9448,0.9448,100.0
2019-03-28 11:43:00,0.9448,0.9449,0.9448,0.9449,673.0
2019-03-28 11:46:00,0.9449,0.9449,0.9449,0.9449,3002.0
2019-03-28 11:48:00,0.9449,0.9449,0.9448,0.9448,458.0
2019-03-28 11:51:00,0.9449,0.9449,0.9448,0.9448,500.0
2019-03-28 11:52:00,0.9448,0.9448,0.9448,0.9448,100.0
2019-03-28 11:55:00,0.9448,0.9448,0.9448,0.9448,104.0
2019-03-28 11:56:00,0.9448,0.9448,0.9448,0.9448,100.0
2019-03-28 12:01:00,0.9449,0.9449,0.9449,0.9449,1010.0
2019-03-28 12:03:00,0.9448,0.9448,0.9448,0.9448,7100.0
2019-03-28 12:04:00,0.9448,0.9448,0.9448,0.9448,100.0
2019-03-28 12:07:00,0.9448,0.9449,0.9448,0.9449,655.0
2019-03-28 12:09:00,0.9449,0.9449,0.9449,0.9449,2645.0
2019-03-28 12:10:00,0.9448,0.9448,0.9448,0.9448,200.0
2019-03-28 12:11:00,0.9448,0.9448,0.9448,0.9448,1200.0
2019-03-28 12:12:00,0.9448,0.9448,0.9448,0.9448,400.0
2019-03-28 12:13:00,0.9448,0.9448,0.9448,0.9448,200.0
2019-03-28 12:14:00,0.9448,0.9448,0.9448,0.9448,200.0
2019-03-28 12:15:00,0.9448,0.9448,0.9448,0.9448,200.0
2019-03-28 12:16:00,0.9449,0.9449,0.9448,0.9448,200.0
2019-03-28 12:17:00,0.9448,0.9448,0.9448,0.9448,100.0
2019-03-28 12:19:00,0.9448,0.9448,0.9448,0.9448,140.0
2019-03-28 12:20:00,0.9448,0.9448,0.9448,0.9448,100.0
2019-03-28 12:22:00,0.9448,0.9448,0.9448,0.9448,100.0
2019-03-28 12:23:00,0.9448,0.9448,0.9448,0.9448,113.0
2019-03-28 12:27:00,0.9448,0.9448,0.9448,0.9448,100.0
2019-03-28 12:29:00,0.9449,0.9449,0.9449,0.9449,100.0
2019-03-28 12:30:00,0.9449,0.9449,0.9448,0.9448,800.0
2019-03-28 12:31:00,0.945,0.945,0.945,0.945,602.0
2019-03-28 12:35:00,0.945,0.945,0.945,0.945,100.0
2019-03-28 12:36:00,0.9458,0.9458,0.9458,0.9458,206.0
2019-03-28 12:42:00,0.9474,0.9479,0.9474,0.9479,860.0
2019-03-28 12:43:00,0.945,0.945,0.945,0.945,100.0
2019-03-28 12:45:00,0.945,0.945,0.945,0.945,100.0
2019-03-28 12:49:00,0.9458,0.9467,0.9458,0.9467,2145.0
2019-03-28 12:50:00,0.945,0.9473,0.945,0.9473,500.0
2019-03-28 12:54:00,0.9451,0.9451,0.9451,0.9451,200.0
2019-03-28 12:56:00,0.9451,0.9451,0.9451,0.9451,102.0
2019-03-28 12:58:00,0.9451,0.9451,0.9451,0.9451,100.0
2019-03-28 13:00:00,0.9452,0.9494,0.9452,0.9494,2250.0
2019-03-28 13:02:00,0.9493,0.9493,0.9451,0.9451,200.0
2019-03-28 13:05:00,0.9451,0.9451,0.9451,0.9451,200.0
2019-03-28 13:08:00,0.9452,0.9452,0.9452,0.9452,160.0
2019-03-28 13:14:00,0.9456,0.9456,0.9451,0.9451,200.0
2019-03-28 13:16:00,0.9459,0.9459,0.9459,0.9459,100.0
2019-03-28 13:20:00,0.9453,0.9453,0.9453,0.9453,120.0
2019-03-28 13:26:00,0.9454,0.9454,0.9454,0.9454,100.0
2019-03-28 13:28:00,0.9454,0.9456,0.9454,0.9456,430.0
2019-03-28 13:32:00,0.9451,0.9451,0.9451,0.9451,120.0
2019-03-28 13:36:00,0.9454,0.9454,0.9451,0.9451,420.0
2019-03-28 13:38:00,0.9454,0.9454,0.9453,0.9453,1220.0
2019-03-28 13:40:00,0.9453,0.9454,0.9453,0.9454,999.0
2019-03-28 13:43:00,0.9451,0.9451,0.9451,0.9451,120.0
2019-03-28 13:47:00,0.9451,0.9451,0.9451,0.9451,160.0
2019-03-28 13:48:00,0.9452,0.9452,0.9452,0.9452,100.0
2019-03-28 13:53:00,0.9454,0.9454,0.9454,0.9454,470.0
2019-03-28 14:00:00,0.9451,0.9451,0.9451,0.9451,884.0
2019-03-28 14:03:00,0.9451,0.9451,0.9451,0.9451,189.0
2019-03-28 14:08:00,0.9453,0.9453,0.9453,0.9453,100.0
2019-03-28 14:14:00,0.9453,0.9453,0.9453,0.9453,811.0
2019-03-28 14:15:00,0.9451,0.9451,0.9451,0.9451,199.0
2019-03-28 14:17:00,0.9453,0.9453,0.9453,0.9453,1003.0
2019-03-28 14:21:00,0.9451,0.9452,0.9451,0.9452,1700.0
2019-03-28 14:22:00,0.9451,0.9451,0.9451,0.9451,300.0
2019-03-28 14:25:00,0.9451,0.9451,0.9451,0.9451,200.0
2019-03-28 14:26:00,0.9452,0.9452,0.9451,0.9451,400.0
2019-03-28 14:39:00,0.9454,0.9499,0.9453,0.9493,6795.0
2019-03-28 14:40:00,0.95,0.95,0.95,0.95,100.0
2019-03-28 14:42:00,0.9501,0.9526,0.9501,0.9501,3269.0
2019-03-28 14:44:00,0.9597,0.9598,0.9597,0.9598,249.0
2019-03-28 14:47:00,0.9501,0.9595,0.9501,0.9595,1702.0
2019-03-28 14:49:00,0.9596,0.9596,0.9596,0.9596,100.0
2019-03-28 14:51:00,0.9596,0.9596,0.9501,0.9501,394.0
2019-03-28 14:54:00,0.9501,0.9501,0.9501,0.9501,100.0
2019-03-28 14:55:00,0.9579,0.9579,0.9579,0.9579,8000.0
2019-03-28 15:01:00,0.9549,0.9549,0.9549,0.9549,225.0
2019-03-28 15:02:00,0.9517,0.9547,0.9517,0.9547,1650.0
2019-03-28 15:04:00,0.9502,0.9548,0.9502,0.9548,200.0
2019-03-28 15:05:00,0.9594,0.9594,0.9594,0.9594,10000.0
2019-03-28 15:08:00,0.9595,0.9595,0.9595,0.9595,1001.0
2019-03-28 15:11:00,0.953,0.953,0.953,0.953,200.0
2019-03-28 15:17:00,0.9569,0.9569,0.9569,0.9569,1200.0
2019-03-28 15:19:00,0.9503,0.9503,0.9503,0.9503,203.0
2019-03-28 15:20:00,0.9594,0.9596,0.9594,0.9594,333.0
2019-03-28 15:21:00,0.9597,0.9597,0.9597,0.9597,100.0
2019-03-28 15:22:00,0.9597,0.9597,0.9597,0.9597,472.0
2019-03-28 15:24:00,0.9601,0.9601,0.9601,0.9601,100.0
2019-03-28 15:25:00,0.9649,0.9649,0.9649,0.9649,101.0
2019-03-28 15:31:00,0.9643,0.9646,0.9643,0.9646,2140.0
2019-03-28 15:32:00,0.9646,0.9646,0.9646,0.9646,330.0
2019-03-28 15:34:00,0.9639,0.9639,0.9639,0.9639,500.0
2019-03-28 15:35:00,0.9601,0.9601,0.9601,0.9601,1840.0
2019-03-28 15:36:00,0.9647,0.9795,0.9647,0.9795,2854.0
2019-03-28 15:37:00,0.9835,0.9869,0.9801,0.9801,871.0
2019-03-28 15:39:00,0.9869,0.9869,0.9869,0.9869,175.0
2019-03-28 15:41:00,0.9869,0.9988,0.9869,0.9988,10608.0
2019-03-28 15:43:00,0.9869,0.9989,0.9869,0.9989,837.0
2019-03-28 15:44:00,0.9989,0.999,0.996,0.9987,9510.0
2019-03-28 15:45:00,0.9985,0.9985,0.9954,0.9954,1410.0
2019-03-28 15:46:00,0.9897,0.9897,0.9897,0.9897,407.0
2019-03-28 15:47:00,0.9873,0.9873,0.9873,0.9873,105.0
2019-03-28 15:49:00,0.987,0.987,0.985,0.985,445.0
2019-03-28 15:51:00,0.9904,0.9904,0.9904,0.9904,391.0
2019-03-28 15:52:00,0.9881,0.9881,0.9881,0.9881,500.0
2019-03-28 15:53:00,0.9851,0.9851,0.9851,0.9851,122.0
2019-03-28 15:57:00,0.9947,0.9947,0.9859,0.9879,3310.0
2019-03-28 15:58:00,0.9879,0.9879,0.9879,0.9879,100.0
2019-03-28 15:59:00,0.987,0.9879,0.987,0.9879,560.0
2019-03-28 16:00:00,0.9879,1.0,0.9851,0.9851,20255.0
2019-03-29 09:31:00,0.999,1.0,0.999,1.0,9962.0
2019-03-29 09:33:00,1.011,1.011,1.011,1.011,100.0
2019-03-29 09:34:00,1.0152,1.0152,1.01,1.01,3300.0
2019-03-29 09:35:00,1.0373,1.05,1.02,1.02,2859.0
2019-03-29 09:36:00,1.03,1.04,1.03,1.04,1736.0
2019-03-29 09:37:00,1.04,1.04,1.03,1.0399,1100.0
2019-03-29 09:39:00,1.04,1.04,1.03,1.03,1200.0
2019-03-29 09:40:00,1.0399,1.0399,1.03,1.03,2207.0
2019-03-29 09:41:00,1.04,1.04,1.03,1.03,11636.0
2019-03-29 09:42:00,1.05,1.05,1.05,1.05,104.0
2019-03-29 09:43:00,1.05,1.05,1.05,1.05,100.0
2019-03-29 09:44:00,1.0401,1.05,1.04,1.0459,6675.0
2019-03-29 09:45:00,1.0401,1.0448,1.04,1.04,7579.0
2019-03-29 09:46:00,1.05,1.05,1.03,1.03,1771.0
2019-03-29 09:48:00,1.04,1.04,1.02,1.0201,9476.0
2019-03-29 09:49:00,1.02,1.02,1.0,1.0,745.0
2019-03-29 09:51:00,1.0,1.0,1.0,1.0,201.0
2019-03-29 09:53:00,1.0002,1.0002,1.0,1.0,2200.0
2019-03-29 09:54:00,1.0071,1.0071,1.0,1.0,12401.0
2019-03-29 09:55:00,1.0097,1.0097,1.0097,1.0097,500.0
2019-03-29 09:58:00,1.012,1.012,1.012,1.012,6004.0
2019-03-29 09:59:00,1.0,1.0,1.0,1.0,1001.0
2019-03-29 10:01:00,1.0,1.0,0.99,1.0,2597.0
2019-03-29 10:02:00,1.0,1.0,1.0,1.0,4000.0
2019-03-29 10:03:00,0.99,0.99,0.9851,0.9851,6010.0
2019-03-29 10:07:00,0.98,0.98,0.98,0.98,2200.0
2019-03-29 10:08:00,0.9803,0.9803,0.9803,0.9803,645.0
2019-03-29 10:09:00,0.98,0.98,0.98,0.98,900.0
2019-03-29 10:13:00,0.985,0.985,0.985,0.985,1000.0
2019-03-29 10:14:00,0.98,0.9897,0.98,0.9897,5840.0
2019-03-29 10:19:00,0.98,0.98,0.98,0.98,1173.0
2019-03-29 10:21:00,0.9887,0.9887,0.9868,0.9868,1731.0
2019-03-29 10:24:00,0.9896,0.9896,0.989,0.9896,10200.0
2019-03-29 10:27:00,0.985,0.985,0.985,0.985,100.0
2019-03-29 10:28:00,0.9845,0.9845,0.9845,0.9845,200.0
2019-03-29 10:30:00,0.98,0.98,0.98,0.98,402.0
2019-03-29 10:31:00,0.9801,0.9801,0.9801,0.9801,500.0
2019-03-29 10:34:00,0.98,0.9847,0.98,0.98,11930.0
2019-03-29 10:37:00,0.98,0.98,0.98,0.98,200.0
2019-03-29 10:39:00,0.9801,0.9801,0.9801,0.9801,400.0
2019-03-29 10:41:00,0.988,0.9892,0.988,0.9892,4501.0
2019-03-29 10:45:00,0.9801,0.9801,0.9801,0.9801,1050.0
2019-03-29 10:47:00,0.9851,0.9851,0.9851,0.9851,1000.0
2019-03-29 10:48:00,0.985,0.9889,0.985,0.9888,2450.0
2019-03-29 10:49:00,0.9889,1.01,0.9889,1.01,5433.0
2019-03-29 10:54:00,0.9888,0.9888,0.9888,0.9888,400.0
2019-03-29 10:58:00,0.9888,0.9888,0.9888,0.9888,100.0
2019-03-29 11:01:00,0.9979,1.01,0.9979,1.01,2506.0
2019-03-29 11:05:00,1.0,1.0,1.0,1.0,500.0
2019-03-29 11:06:00,1.007,1.01,1.0059,1.0071,3849.0
2019-03-29 11:07:00,1.0,1.0091,1.0,1.0091,1101.0
2019-03-29 11:08:00,1.0,1.0,0.9999,0.9999,1362.0
2019-03-29 11:09:00,0.9999,0.9999,0.9998,0.9999,14161.0
2019-03-29 11:10:00,0.9999,1.0,0.9999,1.0,952.0
2019-03-29 11:13:00,1.0,1.0014,1.0,1.0014,625.0
2019-03-29 11:14:00,1.01,1.01,1.01,1.01,7591.0
2019-03-29 11:15:00,1.01,1.01,1.01,1.01,10050.0
2019-03-29 11:20:00,1.0101,1.0101,1.01,1.01,1100.0
2019-03-29 11:21:00,1.01,1.01,1.01,1.01,1700.0
2019-03-29 11:22:00,1.02,1.02,1.01,1.01,13929.0
2019-03-29 11:23:00,1.0166,1.0166,1.0166,1.0166,525.0
2019-03-29 11:24:00,1.0165,1.02,1.0165,1.02,6089.0
2019-03-29 11:25:00,1.03,1.03,1.0101,1.02,1350.0
2019-03-29 11:26:00,1.0258,1.0258,1.02,1.025,10900.0
2019-03-29 11:27:00,1.025,1.025,1.01,1.01,2000.0
2019-03-29 11:28:00,1.01,1.01,1.01,1.01,1400.0
2019-03-29 11:29:00,1.0027,1.0027,1.0,1.0027,10000.0
2019-03-29 11:30:00,1.0146,1.0146,1.0146,1.0146,4260.0
2019-03-29 11:37:00,1.025,1.025,1.02,1.02,11000.0
2019-03-29 11:38:00,1.01,1.01,1.01,1.01,4800.0
2019-03-29 11:39:00,1.03,1.03,1.03,1.03,7400.0
2019-03-29 11:40:00,1.01,1.01,1.0003,1.0003,7770.0
2019-03-29 11:41:00,1.0003,1.0003,1.0003,1.0003,3600.0
2019-03-29 11:42:00,1.0027,1.0027,1.0,1.0,4000.0
2019-03-29 11:43:00,1.0027,1.0027,1.0,1.0,1577.0
2019-03-29 11:44:00,1.0,1.0,1.0,1.0,100.0
2019-03-29 11:45:00,1.0,1.005,1.0,1.005,1400.0
2019-03-29 11:46:00,1.0,1.0,1.0,1.0,5500.0
2019-03-29 11:47:00,1.0,1.0,1.0,1.0,1000.0
2019-03-29 11:50:00,1.0,1.0,1.0,1.0,2000.0
2019-03-29 11:55:00,1.0,1.0,1.0,1.0,510.0
2019-03-29 12:00:00,1.02,1.05,1.02,1.0202,5700.0
2019-03-29 12:01:00,1.04,1.04,1.04,1.04,100.0
2019-03-29 12:02:00,1.0426,1.0426,1.0426,1.0426,7000.0
2019-03-29 12:03:00,1.0101,1.0365,1.0101,1.0349,13225.0
2019-03-29 12:04:00,1.0108,1.04,1.0108,1.04,25101.0
2019-03-29 12:07:00,1.0333,1.0333,1.0333,1.0333,500.0
2019-03-29 12:08:00,1.04,1.04,1.0201,1.0314,14300.0
2019-03-29 12:09:00,1.04,1.05,1.04,1.04,21620.0
2019-03-29 12:13:00,1.04,1.043,1.04,1.043,2360.0
2019-03-29 12:14:00,1.0401,1.0401,1.04,1.04,1900.0
2019-03-29 12:15:00,1.05,1.05,1.0399,1.0399,21700.0
2019-03-29 12:16:00,1.03,1.03,1.03,1.03,153.0
2019-03-29 12:19:00,1.03,1.03,1.03,1.03,400.0
2019-03-29 12:20:00,1.04,1.04,1.04,1.04,1203.0
2019-03-29 12:21:00,1.0491,1.05,1.0491,1.05,11205.0
2019-03-29 12:22:00,1.06,1.0648,1.0591,1.0648,4248.0
2019-03-29 12:23:00,1.06,1.06,1.06,1.06,315.0
2019-03-29 12:24:00,1.0681,1.0681,1.0681,1.0681,452.0
2019-03-29 12:27:00,1.05,1.05,1.05,1.05,10000.0
2019-03-29 12:28:00,1.062,1.062,1.062,1.062,415.0
2019-03-29 12:32:00,1.05,1.07,1.05,1.07,6621.0
2019-03-29 12:33:00,1.0531,1.0531,1.0531,1.0531,6100.0
2019-03-29 12:34:00,1.0584,1.0584,1.0584,1.0584,305.0
2019-03-29 12:35:00,1.05,1.05,1.05,1.05,1110.0
2019-03-29 12:38:00,1.04,1.04,1.04,1.04,400.0
2019-03-29 12:39:00,1.04,1.04,1.03,1.03,800.0
2019-03-29 12:40:00,1.0315,1.0315,1.0315,1.0315,100.0
2019-03-29 12:42:00,1.03,1.03,1.03,1.03,701.0
2019-03-29 12:46:00,1.03,1.03,1.03,1.03,100.0
2019-03-29 12:47:00,1.0348,1.0348,1.0348,1.0348,1100.0
2019-03-29 12:48:00,1.04,1.04,1.04,1.04,900.0
2019-03-29 12:49:00,1.05,1.05,1.049,1.05,11500.0
2019-03-29 12:50:00,1.0465,1.0465,1.0465,1.0465,388.0
2019-03-29 12:53:00,1.0423,1.0423,1.0423,1.0423,1000.0
2019-03-29 12:54:00,1.0415,1.0415,1.0415,1.0415,1000.0
2019-03-29 12:55:00,1.05,1.05,1.05,1.05,8100.0
2019-03-29 12:56:00,1.06,1.06,1.05,1.05,10800.0
2019-03-29 12:58:00,1.06,1.0601,1.0588,1.06,35390.0
2019-03-29 13:00:00,1.05,1.05,1.05,1.05,1400.0
2019-03-29 13:01:00,1.055,1.06,1.0515,1.0515,800.0
2019-03-29 13:02:00,1.06,1.06,1.06,1.06,4200.0
2019-03-29 13:03:00,1.0623,1.08,1.0623,1.08,7500.0
2019-03-29 13:07:00,1.0605,1.0605,1.0605,1.0605,2500.0
2019-03-29 13:08:00,1.0626,1.0626,1.0626,1.0626,100.0
2019-03-29 13:11:00,1.06,1.0633,1.06,1.06,1600.0
2019-03-29 13:12:00,1.07,1.07,1.07,1.07,100.0
2019-03-29 13:14:00,1.06,1.06,1.06,1.06,700.0
2019-03-29 13:15:00,1.06,1.06,1.06,1.06,100.0
2019-03-29 13:18:00,1.06,1.06,1.06,1.06,100.0
2019-03-29 13:19:00,1.0615,1.0615,1.0615,1.0615,1000.0
2019-03-29 13:21:00,1.06,1.06,1.06,1.06,400.0
2019-03-29 13:22:00,1.06,1.065,1.06,1.06,8800.0
2019-03-29 13:23:00,1.0584,1.0584,1.0584,1.0584,200.0
2019-03-29 13:25:00,1.0441,1.0599,1.0441,1.0599,4025.0
2019-03-29 13:27:00,1.06,1.06,1.0434,1.0434,11000.0
2019-03-29 13:28:00,1.0402,1.0402,1.04,1.04,300.0
2019-03-29 13:29:00,1.04,1.04,1.04,1.04,410.0
2019-03-29 13:30:00,1.045,1.05,1.0403,1.0403,1200.0
2019-03-29 13:32:00,1.0403,1.0403,1.0403,1.0403,1500.0
2019-03-29 13:33:00,1.0499,1.0499,1.0499,1.0499,400.0
2019-03-29 13:34:00,1.04,1.04,1.04,1.04,100.0
2019-03-29 13:35:00,1.0491,1.05,1.0491,1.05,2009.0
2019-03-29 13:38:00,1.04,1.0427,1.04,1.0427,800.0
2019-03-29 13:39:00,1.05,1.05,1.05,1.05,200.0
2019-03-29 13:40:00,1.06,1.06,1.06,1.06,300.0
2019-03-29 13:41:00,1.06,1.06,1.04,1.06,11723.0
2019-03-29 13:44:00,1.0583,1.0583,1.0583,1.0583,1500.0
2019-03-29 13:46:00,1.0427,1.0427,1.04,1.0427,2600.0
2019-03-29 13:47:00,1.04,1.04,1.04,1.04,100.0
2019-03-29 13:48:00,1.0648,1.0648,1.0648,1.0648,104.0
2019-03-29 13:49:00,1.07,1.07,1.07,1.07,998.0
2019-03-29 13:52:00,1.04,1.0427,1.04,1.0427,710.0
2019-03-29 13:56:00,1.0403,1.0403,1.0403,1.0403,202.0
2019-03-29 14:04:00,1.05,1.05,1.05,1.05,100.0
2019-03-29 14:06:00,1.05,1.05,1.05,1.05,100.0
2019-03-29 14:08:00,1.07,1.07,1.0403,1.0403,200.0
2019-03-29 14:09:00,1.04,1.04,1.04,1.04,100.0
2019-03-29 14:11:00,1.04,1.04,1.04,1.04,100.0
2019-03-29 14:14:00,1.05,1.05,1.05,1.05,100.0
2019-03-29 14:16:00,1.05,1.05,1.05,1.05,202.0
2019-03-29 14:19:00,1.07,1.07,1.05,1.07,300.0
2019-03-29 14:22:00,1.07,1.07,1.07,1.07,500.0
2019-03-29 14:25:00,1.05,1.05,1.05,1.05,500.0
2019-03-29 14:26:00,1.04,1.04,1.04,1.04,100.0
2019-03-29 14:29:00,1.04,1.05,1.04,1.05,5550.0
2019-03-29 14:31:00,1.04,1.04,1.04,1.04,100.0
2019-03-29 14:34:00,1.04,1.04,1.04,1.04,1402.0
2019-03-29 14:35:00,1.0499,1.0499,1.0499,1.0499,100.0
2019-03-29 14:36:00,1.04,1.04,1.04,1.04,105.0
2019-03-29 14:39:00,1.04,1.0448,1.04,1.04,2351.0
2019-03-29 14:42:00,1.03,1.04,1.03,1.03,1236.0
2019-03-29 14:46:00,1.02,1.025,1.02,1.025,400.0
2019-03-29 14:50:00,1.02,1.0252,1.02,1.02,3402.0
2019-03-29 14:53:00,1.0295,1.0295,1.02,1.02,6600.0
2019-03-29 14:56:00,1.02,1.02,1.02,1.02,100.0
2019-03-29 14:57:00,1.02,1.02,1.02,1.02,2300.0
2019-03-29 15:02:00,1.0102,1.0102,1.0048,1.0048,700.0
2019-03-29 15:07:00,1.0102,1.0102,1.0102,1.0102,107.0
2019-03-29 15:13:00,1.0147,1.0147,1.0147,1.0147,662.0
2019-03-29 15:15:00,1.0102,1.0102,1.01,1.01,400.0
2019-03-29 15:21:00,1.028,1.05,1.01,1.0446,11000.0
2019-03-29 15:23:00,1.04,1.04,1.04,1.04,100.0
2019-03-29 15:26:00,1.02,1.02,1.02,1.02,1300.0
2019-03-29 15:30:00,1.02,1.02,1.02,1.02,830.0
2019-03-29 15:35:00,1.02,1.02,1.02,1.02,100.0
2019-03-29 15:37:00,1.02,1.02,1.02,1.02,464.0
2019-03-29 15:40:00,1.03,1.03,1.03,1.03,104.0
2019-03-29 15:44:00,1.03,1.03,1.02,1.02,4756.0
2019-03-29 15:46:00,1.03,1.03,1.03,1.03,500.0
2019-03-29 15:50:00,1.03,1.03,1.03,1.03,278.0
2019-03-29 15:51:00,1.0227,1.0398,1.02,1.02,1500.0
2019-03-29 15:53:00,1.04,1.04,1.02,1.0227,4300.0
2019-03-29 15:55:00,1.02,1.02,1.02,1.02,200.0
2019-03-29 15:56:00,1.02,1.02,1.02,1.02,453.0
2019-03-29 15:58:00,1.03,1.0354,1.02,1.02,4335.0
2019-03-29 15:59:00,1.04,1.04,1.04,1.04,1000.0
2019-03-29 16:00:00,1.02,1.02,1.02,1.02,300.0
2019-04-01 09:34:00,1.0448,1.0448,1.0448,1.0448,36002.0
2019-04-01 09:35:00,1.03,1.03,1.03,1.03,221.0
2019-04-01 09:38:00,1.048,1.048,1.048,1.048,7000.0
2019-04-01 09:41:00,1.05,1.05,1.05,1.05,700.0
2019-04-01 09:42:00,1.0498,1.0498,1.0498,1.0498,1651.0
2019-04-01 09:45:00,1.0302,1.0302,1.0302,1.0302,7107.0
2019-04-01 09:47:00,1.0,1.0,1.0,1.0,13482.0
2019-04-01 09:49:00,1.0,1.0,1.0,1.0,13439.0
2019-04-01 09:52:00,1.01,1.01,1.01,1.01,4439.0
2019-04-01 09:56:00,1.0269,1.0269,1.0269,1.0269,2100.0
2019-04-01 10:01:00,1.0,1.0,1.0,1.0,1302.0
2019-04-01 10:03:00,1.0027,1.0027,1.0027,1.0027,100.0
2019-04-01 10:04:00,1.02,1.02,1.02,1.02,2065.0
2019-04-01 10:10:00,1.02,1.02,1.02,1.02,3128.0
2019-04-01 10:12:00,1.025,1.025,1.025,1.025,125.0
2019-04-01 10:14:00,1.02,1.02,1.02,1.02,706.0
2019-04-01 10:18:00,1.0251,1.0251,1.0251,1.0251,3100.0
2019-04-01 10:20:00,1.02,1.02,1.02,1.02,500.0
2019-04-01 10:21:00,1.02,1.02,1.02,1.02,200.0
2019-04-01 10:30:00,1.02,1.02,1.02,1.02,505.0
2019-04-01 10:34:00,1.02,1.02,1.02,1.02,111.0
2019-04-01 10:37:00,1.02,1.02,1.02,1.02,100.0
2019-04-01 10:40:00,1.0305,1.0305,1.0305,1.0305,800.0
2019-04-01 10:41:00,1.02,1.02,1.02,1.02,501.0
2019-04-01 10:45:00,1.02,1.02,1.02,1.02,102.0
2019-04-01 10:48:00,1.02,1.02,1.02,1.02,201.0
2019-04-01 10:49:00,1.02,1.02,1.02,1.02,266.0
2019-04-01 10:52:00,1.02,1.02,1.02,1.02,101.0
2019-04-01 10:56:00,1.0201,1.0201,1.02,1.02,1556.0
2019-04-01 11:00:00,1.025,1.025,1.025,1.025,3581.0
2019-04-01 11:04:00,1.0234,1.03,1.0234,1.03,2849.0
2019-04-01 11:08:00,1.0227,1.0227,1.0227,1.0227,374.0
2019-04-01 11:13:00,1.02,1.02,1.02,1.02,301.0
2019-04-01 11:17:00,1.02,1.02,1.02,1.02,1266.0
2019-04-01 11:21:00,1.02,1.02,1.02,1.02,300.0
2019-04-01 11:26:00,1.02,1.02,1.02,1.02,101.0
2019-04-01 11:30:00,1.02,1.02,1.02,1.02,254.0
2019-04-01 11:35:00,1.02,1.02,1.02,1.02,2300.0
2019-04-01 11:39:00,1.02,1.02,1.02,1.02,200.0
2019-04-01 11:44:00,1.02,1.02,1.02,1.02,100.0
2019-04-01 11:51:00,1.03,1.03,1.03,1.03,535.0
2019-04-01 11:52:00,1.0201,1.0201,1.0201,1.0201,1000.0
2019-04-01 11:53:00,1.02,1.02,1.02,1.02,1100.0
2019-04-01 11:55:00,1.0156,1.0156,1.01,1.01,906.0
2019-04-01 12:04:00,1.01,1.01,1.01,1.01,200.0
2019-04-01 12:08:00,1.0182,1.0182,1.0182,1.0182,500.0
2019-04-01 12:11:00,1.02,1.02,1.02,1.02,500.0
2019-04-01 12:14:00,1.01,1.01,1.01,1.01,2200.0
2019-04-01 12:19:00,1.01,1.01,1.01,1.01,148.0
2019-04-01 12:24:00,1.01,1.01,1.01,1.01,150.0
2019-04-01 12:30:00,1.01,1.0102,1.01,1.0102,302.0
2019-04-01 12:33:00,1.01,1.01,1.01,1.01,2398.0
2019-04-01 12:34:00,1.0151,1.0151,1.0151,1.0151,1000.0
2019-04-01 12:38:00,1.01,1.01,1.01,1.01,1409.0
2019-04-01 12:41:00,1.01,1.01,1.01,1.01,100.0
2019-04-01 12:43:00,1.01,1.01,1.01,1.01,1610.0
2019-04-01 12:46:00,1.015,1.015,1.015,1.015,100.0
2019-04-01 12:47:00,1.01,1.01,1.01,1.01,305.0
2019-04-01 12:51:00,1.0149,1.0149,1.0149,1.0149,2000.0
2019-04-01 12:53:00,1.015,1.015,1.015,1.015,700.0
2019-04-01 12:56:00,1.01,1.01,1.01,1.01,400.0
2019-04-01 12:58:00,1.01,1.01,1.01,1.01,100.0
2019-04-01 13:00:00,1.01,1.01,1.01,1.01,102.0
2019-04-01 13:04:00,1.01,1.01,1.01,1.01,197.0
2019-04-01 13:09:00,1.01,1.01,1.01,1.01,200.0
2019-04-01 13:11:00,1.01,1.01,1.01,1.01,101.0
2019-04-01 13:15:00,1.01,1.01,1.01,1.01,100.0
2019-04-01 13:18:00,1.02,1.02,1.02,1.02,100.0
2019-04-01 13:20:00,1.0192,1.0192,1.0192,1.0192,2000.0
2019-04-01 13:23:00,1.01,1.01,1.01,1.01,2850.0
2019-04-01 13:25:00,1.01,1.01,1.01,1.01,950.0
2019-04-01 13:30:00,1.01,1.01,1.01,1.01,573.0
2019-04-01 13:33:00,1.01,1.01,1.01,1.01,280.0
2019-04-01 13:38:00,1.01,1.01,1.01,1.01,1100.0
2019-04-01 13:43:00,1.01,1.01,1.01,1.01,1965.0
2019-04-01 13:47:00,1.02,1.02,1.02,1.02,704.0
2019-04-01 13:49:00,1.0195,1.0195,1.0195,1.0195,11700.0
2019-04-01 13:50:00,1.0199,1.0199,1.0199,1.0199,7577.0
2019-04-01 13:53:00,1.02,1.02,1.02,1.02,1154.0
2019-04-01 13:54:00,1.0111,1.015,1.0111,1.015,3500.0
2019-04-01 13:56:00,1.018,1.018,1.018,1.018,5800.0
2019-04-01 13:59:00,1.01,1.01,1.01,1.01,417.0
2019-04-01 14:00:00,1.01,1.01,1.01,1.01,1660.0
2019-04-01 14:02:00,1.01,1.01,1.01,1.01,100.0
2019-04-01 14:04:00,1.01,1.01,1.01,1.01,101.0
2019-04-01 14:05:00,1.01,1.01,1.01,1.01,1401.0
2019-04-01 14:08:00,1.01,1.01,1.01,1.01,200.0
2019-04-01 14:09:00,1.01,1.01,1.01,1.01,100.0
2019-04-01 14:11:00,1.015,1.03,1.015,1.0202,22984.0
2019-04-01 14:12:00,1.02,1.02,1.02,1.02,2081.0
2019-04-01 14:15:00,1.03,1.03,1.03,1.03,2518.0
2019-04-01 14:17:00,1.02,1.02,1.02,1.02,1233.0
2019-04-01 14:19:00,1.02,1.02,1.02,1.02,5523.0
2019-04-01 14:21:00,1.02,1.02,1.02,1.02,100.0
2019-04-01 14:22:00,1.03,1.03,1.03,1.03,778.0
2019-04-01 14:23:00,1.03,1.03,1.03,1.03,1228.0
2019-04-01 14:29:00,1.02,1.02,1.02,1.02,1731.0
2019-04-01 14:30:00,1.03,1.03,1.03,1.03,500.0
2019-04-01 14:35:00,1.03,1.03,1.03,1.03,838.0
2019-04-01 14:39:00,1.05,1.05,1.05,1.05,700.0
2019-04-01 14:40:00,1.03,1.03,1.03,1.03,301.0
2019-04-01 14:42:00,1.0313,1.0313,1.03,1.03,15000.0
2019-04-01 14:48:00,1.02,1.02,1.02,1.02,3040.0
2019-04-01 14:53:00,1.02,1.02,1.02,1.02,2092.0
2019-04-01 14:57:00,1.03,1.03,1.03,1.03,503.0
2019-04-01 15:02:00,1.03,1.03,1.03,1.03,200.0
2019-04-01 15:06:00,1.03,1.03,1.03,1.03,200.0
2019-04-01 15:08:00,1.03,1.03,1.03,1.03,634.0
2019-04-01 15:12:00,1.04,1.04,1.04,1.04,1500.0
2019-04-01 15:14:00,1.03,1.03,1.03,1.03,350.0
2019-04-01 15:19:00,1.03,1.03,1.03,1.03,200.0
2019-04-01 15:21:00,1.0305,1.0305,1.0305,1.0305,2000.0
2019-04-01 15:23:00,1.035,1.035,1.03,1.03,3801.0
2019-04-01 15:26:00,1.03,1.03,1.03,1.03,1100.0
2019-04-01 15:30:00,1.03,1.03,1.03,1.03,110.0
2019-04-01 15:31:00,1.03,1.03,1.03,1.03,201.0
2019-04-01 15:34:00,1.03,1.03,1.03,1.03,100.0
2019-04-01 15:36:00,1.04,1.04,1.04,1.04,2000.0
2019-04-01 15:37:00,1.04,1.04,1.04,1.04,2600.0
2019-04-01 15:40:00,1.035,1.035,1.035,1.035,4905.0
2019-04-01 15:41:00,1.03,1.03,1.03,1.03,1651.0
2019-04-01 15:43:00,1.03,1.03,1.03,1.03,491.0
2019-04-01 15:44:00,1.04,1.04,1.04,1.04,300.0
2019-04-01 15:47:00,1.0311,1.0311,1.0311,1.0311,348.0
2019-04-01 15:48:00,1.03,1.03,1.03,1.03,12800.0
2019-04-01 15:50:00,1.0366,1.0366,1.0366,1.0366,313.0
2019-04-01 15:52:00,1.02,1.02,1.02,1.02,805.0
2019-04-01 15:55:00,1.03,1.03,1.03,1.03,206.0
2019-04-01 15:58:00,1.03,1.03,1.03,1.03,740.0
2019-04-01 15:59:00,1.03,1.03,1.03,1.03,3350.0
2019-04-01 16:00:00,1.02,1.02,1.02,1.02,946.0
2019-04-02 09:31:00,1.03,1.03,1.02,1.02,0.0
2019-04-02 09:32:00,1.0201,1.0201,1.0201,1.0201,5823.0
2019-04-02 09:34:00,1.02,1.02,1.01,1.01,1577.0
2019-04-02 09:35:00,1.02,1.02,1.01,1.01,1340.0
2019-04-02 09:39:00,1.01,1.01,1.01,1.01,100.0
2019-04-02 09:41:00,1.02,1.02,1.02,1.02,5106.0
2019-04-02 09:43:00,1.01,1.01,1.01,1.01,805.0
2019-04-02 09:45:00,1.01,1.01,1.01,1.01,1500.0
2019-04-02 09:46:00,1.015,1.0173,1.015,1.0173,3301.0
2019-04-02 09:53:00,1.0199,1.0199,1.0199,1.0199,2300.0
2019-04-02 09:56:00,1.01,1.01,1.01,1.01,1410.0
2019-04-02 09:58:00,1.01,1.01,1.01,1.01,2900.0
2019-04-02 10:01:00,1.01,1.01,1.01,1.01,100.0
2019-04-02 10:03:00,1.01,1.01,1.01,1.01,160.0
2019-04-02 10:05:00,1.01,1.01,1.01,1.01,100.0
2019-04-02 10:08:00,1.01,1.01,1.01,1.01,278.0
2019-04-02 10:10:00,1.01,1.01,1.01,1.01,110.0
2019-04-02 10:13:00,1.01,1.01,1.01,1.01,1218.0
2019-04-02 10:16:00,1.01,1.01,1.01,1.01,2300.0
2019-04-02 10:18:00,1.01,1.01,1.01,1.01,250.0
2019-04-02 10:20:00,1.0151,1.0151,1.0151,1.0151,5211.0
2019-04-02 10:24:00,1.01,1.01,1.01,1.01,2200.0
2019-04-02 10:28:00,1.01,1.01,1.01,1.01,475.0
2019-04-02 10:29:00,1.0,1.0,1.0,1.0,346.0
2019-04-02 10:30:00,1.01,1.01,1.01,1.01,600.0
2019-04-02 10:32:00,1.01,1.01,1.01,1.01,3200.0
2019-04-02 10:34:00,1.0198,1.0198,1.0198,1.0198,1300.0
2019-04-02 10:36:00,1.0199,1.0199,1.0199,1.0199,2901.0
2019-04-02 10:39:00,1.01,1.01,1.01,1.01,213.0
2019-04-02 10:40:00,1.01,1.01,1.01,1.01,400.0
2019-04-02 10:42:00,1.0,1.0,1.0,1.0,400.0
2019-04-02 10:50:00,1.0015,1.0015,1.0015,1.0015,7300.0
2019-04-02 10:51:00,1.0,1.0,1.0,1.0,601.0
2019-04-02 10:53:00,1.005,1.005,1.005,1.005,849.0
2019-04-02 10:55:00,1.0,1.0,1.0,1.0,2805.0
2019-04-02 10:59:00,1.0,1.0,1.0,1.0,100.0
2019-04-02 11:01:00,1.0,1.005,1.0,1.005,8833.0
2019-04-02 11:03:00,1.0,1.0,1.0,1.0,629.0
2019-04-02 11:06:00,1.0,1.0,1.0,1.0,1800.0
2019-04-02 11:10:00,1.005,1.005,1.005,1.005,836.0
2019-04-02 11:11:00,1.0,1.0,1.0,1.0,500.0
2019-04-02 11:15:00,1.0,1.0,1.0,1.0,300.0
2019-04-02 11:17:00,1.0001,1.0001,1.0001,1.0001,5500.0
2019-04-02 11:20:00,1.0,1.0,1.0,1.0,301.0
2019-04-02 11:22:00,1.0,1.0,1.0,1.0,1800.0
2019-04-02 11:23:00,1.01,1.01,1.01,1.01,200.0
2019-04-02 11:24:00,1.0154,1.0154,1.01,1.01,3200.0
2019-04-02 11:28:00,1.005,1.005,1.005,1.005,171.0
2019-04-02 11:29:00,1.0,1.0,1.0,1.0,100.0
2019-04-02 11:33:00,1.0002,1.0002,1.0002,1.0002,906.0
2019-04-02 11:37:00,1.0,1.0,1.0,1.0,200.0
2019-04-02 11:39:00,1.0,1.0,1.0,1.0,305.0
2019-04-02 11:42:00,1.01,1.01,1.01,1.01,500.0
2019-04-02 11:55:00,1.01,1.01,1.01,1.01,143.0
2019-04-02 12:00:00,1.01,1.01,1.01,1.01,100.0
2019-04-02 12:05:00,1.01,1.01,1.01,1.01,100.0
2019-04-02 12:07:00,1.016,1.016,1.016,1.016,1500.0
2019-04-02 12:09:00,1.0101,1.0101,1.0101,1.0101,2296.0
2019-04-02 12:11:00,1.01,1.01,1.01,1.01,100.0
2019-04-02 12:15:00,1.01,1.01,1.01,1.01,1395.0
2019-04-02 12:19:00,1.015,1.015,1.015,1.015,200.0
2019-04-02 12:20:00,1.01,1.01,1.01,1.01,200.0
2019-04-02 12:26:00,1.01,1.01,1.01,1.01,400.0
2019-04-02 12:32:00,1.015,1.015,1.015,1.015,100.0
2019-04-02 12:38:00,1.01,1.01,1.01,1.01,205.0
2019-04-02 12:43:00,1.01,1.01,1.01,1.01,100.0
2019-04-02 12:49:00,1.01,1.01,1.01,1.01,100.0
2019-04-02 12:55:00,1.01,1.01,1.01,1.01,300.0
2019-04-02 13:00:00,1.01,1.01,1.01,1.01,100.0
2019-04-02 13:06:00,1.01,1.01,1.01,1.01,100.0
2019-04-02 13:11:00,1.01,1.01,1.01,1.01,100.0
2019-04-02 13:16:00,1.01,1.0135,1.01,1.0135,513.0
2019-04-02 13:22:00,1.01,1.01,1.01,1.01,300.0
2019-04-02 13:26:00,1.01,1.01,1.01,1.01,104.0
2019-04-02 13:31:00,1.01,1.01,1.01,1.01,102.0
2019-04-02 13:36:00,1.0101,1.0101,1.01,1.01,304.0
2019-04-02 13:37:00,1.01,1.01,1.01,1.01,100.0
2019-04-02 13:42:00,1.01,1.01,1.01,1.01,2900.0
2019-04-02 13:51:00,1.01,1.01,1.01,1.01,900.0
2019-04-02 13:52:00,1.01,1.01,1.01,1.01,200.0
2019-04-02 13:58:00,1.01,1.01,1.01,1.01,100.0
2019-04-02 14:05:00,1.0113,1.0113,1.0113,1.0113,1000.0
2019-04-02 14:09:00,1.01,1.01,1.01,1.01,202.0
2019-04-02 14:14:00,1.015,1.015,1.015,1.015,298.0
2019-04-02 14:19:00,1.01,1.01,1.01,1.01,100.0
2019-04-02 14:20:00,1.01,1.01,1.01,1.01,342.0
2019-04-02 14:23:00,1.01,1.01,1.01,1.01,1500.0
2019-04-02 14:24:00,1.01,1.01,1.01,1.01,6900.0
2019-04-02 14:25:00,1.01,1.01,1.01,1.01,0.0
2019-04-02 14:28:00,1.01,1.01,1.01,1.01,100.0
2019-04-02 14:29:00,1.01,1.01,1.01,1.01,400.0
2019-04-02 14:30:00,1.01,1.01,1.01,1.01,300.0
2019-04-02 14:31:00,1.01,1.01,1.01,1.01,211.0
2019-04-02 14:32:00,1.01,1.01,1.01,1.01,300.0
2019-04-02 14:34:00,1.01,1.01,1.01,1.01,300.0
2019-04-02 14:35:00,1.01,1.01,1.01,1.01,300.0
2019-04-02 14:36:00,1.01,1.01,1.01,1.01,800.0
2019-04-02 14:37:00,1.015,1.015,1.015,1.015,1336.0
2019-04-02 14:42:00,1.0111,1.0111,1.0111,1.0111,100.0
2019-04-02 14:49:00,1.01,1.01,1.01,1.01,600.0
2019-04-02 14:50:00,1.01,1.01,1.01,1.01,100.0
2019-04-02 14:51:00,1.01,1.01,1.01,1.01,166.0
2019-04-02 14:54:00,1.01,1.01,1.01,1.01,3260.0
2019-04-02 14:58:00,1.01,1.01,1.01,1.01,100.0
2019-04-02 15:03:00,1.01,1.01,1.01,1.01,1200.0
2019-04-02 15:05:00,1.01,1.01,1.01,1.01,100.0
2019-04-02 15:07:00,1.01,1.01,1.01,1.01,120.0
2019-04-02 15:12:00,1.01,1.01,1.01,1.01,1103.0
2019-04-02 15:18:00,1.01,1.01,1.01,1.01,200.0
2019-04-02 15:22:00,1.01,1.01,1.01,1.01,503.0
2019-04-02 15:26:00,1.01,1.01,1.01,1.01,203.0
2019-04-02 15:32:00,1.01,1.01,1.01,1.01,660.0
2019-04-02 15:33:00,1.01,1.01,1.01,1.01,100.0
2019-04-02 15:35:00,1.01,1.01,1.01,1.01,300.0
2019-04-02 15:37:00,1.01,1.01,1.01,1.01,100.0
2019-04-02 15:38:00,1.01,1.01,1.01,1.01,100.0
2019-04-02 15:42:00,1.01,1.01,1.01,1.01,200.0
2019-04-02 15:45:00,1.01,1.01,1.01,1.01,100.0
2019-04-02 15:47:00,1.01,1.01,1.01,1.01,200.0
2019-04-02 15:49:00,1.011,1.011,1.01,1.01,5850.0
2019-04-02 15:50:00,1.01,1.01,1.01,1.01,1300.0
2019-04-02 15:51:00,1.01,1.01,1.01,1.01,1400.0
2019-04-02 15:52:00,1.0149,1.0149,1.0149,1.0149,1300.0
2019-04-02 15:53:00,1.01,1.01,1.01,1.01,909.0
2019-04-02 15:55:00,1.02,1.02,1.0199,1.0199,3800.0
2019-04-02 15:57:00,1.01,1.01,1.01,1.01,691.0
2019-04-02 15:58:00,1.01,1.01,1.01,1.01,509.0
2019-04-02 15:59:00,1.01,1.01,1.01,1.01,1000.0
2019-04-03 09:31:00,1.02,1.02,1.02,1.02,0.0
2019-04-03 09:32:00,1.0296,1.0296,1.0296,1.0296,1360.0
2019-04-03 09:38:00,1.0157,1.0157,1.0157,1.0157,1100.0
2019-04-03 09:39:00,1.01,1.01,1.01,1.01,100.0
2019-04-03 09:41:00,1.0101,1.0101,1.0101,1.0101,300.0
2019-04-03 09:44:00,1.01,1.01,1.01,1.01,400.0
2019-04-03 09:46:00,1.01,1.01,1.01,1.01,100.0
2019-04-03 09:47:00,1.0088,1.0088,1.0088,1.0088,10985.0
2019-04-03 09:50:00,1.0,1.0,1.0,1.0,178.0
2019-04-03 09:52:00,1.0,1.0,1.0,1.0,100.0
2019-04-03 09:54:00,1.0,1.0,1.0,1.0,100.0
2019-04-03 09:56:00,1.0,1.0,1.0,1.0,700.0
2019-04-03 09:58:00,1.0,1.0,1.0,1.0,1300.0
2019-04-03 10:00:00,1.0099,1.0099,1.0099,1.0099,10000.0
2019-04-03 10:02:00,1.0,1.0,1.0,1.0,16708.0
2019-04-03 10:03:00,0.99,0.99,0.99,0.99,3700.0
2019-04-03 10:06:00,0.9951,0.9951,0.9951,0.9951,4030.0
2019-04-03 10:08:00,0.9901,0.9901,0.9901,0.9901,176.0
2019-04-03 10:09:00,1.0,1.0,1.0,1.0,2625.0
2019-04-03 10:10:00,0.9901,0.9901,0.9901,0.9901,101.0
2019-04-03 10:13:00,0.9901,0.9901,0.9901,0.9901,138.0
2019-04-03 10:16:00,0.9901,0.9901,0.9901,0.9901,104.0
2019-04-03 10:18:00,0.9901,0.9901,0.9901,0.9901,100.0
2019-04-03 10:20:00,0.9999,0.9999,0.9999,0.9999,3525.0
2019-04-03 10:24:00,0.9903,0.9903,0.9903,0.9903,205.0
2019-04-03 10:30:00,0.9903,0.9903,0.9903,0.9903,200.0
2019-04-03 10:31:00,0.9945,0.9945,0.9945,0.9945,2500.0
2019-04-03 10:33:00,0.9946,0.9946,0.9946,0.9946,101.0
2019-04-03 10:36:00,0.9946,0.9946,0.9946,0.9946,100.0
2019-04-03 10:39:00,0.9999,0.9999,0.9999,0.9999,210.0
2019-04-03 10:41:00,0.9999,0.9999,0.9999,0.9999,1600.0
2019-04-03 10:43:00,0.9951,0.9951,0.9951,0.9951,141.0
2019-04-03 10:45:00,0.9984,0.9984,0.9984,0.9984,4230.0
2019-04-03 10:47:00,0.9951,0.9951,0.9951,0.9951,604.0
2019-04-03 10:54:00,0.9946,0.9946,0.9946,0.9946,236.0
2019-04-03 11:02:00,0.9946,0.9946,0.9946,0.9946,200.0
2019-04-03 11:05:00,0.9946,0.9946,0.9946,0.9946,1200.0
2019-04-03 11:06:00,0.9946,0.9946,0.9946,0.9946,313.0
2019-04-03 11:10:00,0.9946,0.9946,0.9946,0.9946,103.0
2019-04-03 11:14:00,0.9946,0.9946,0.9946,0.9946,100.0
2019-04-03 11:19:00,0.9946,0.9946,0.9946,0.9946,100.0
2019-04-03 11:23:00,0.9946,0.9946,0.9946,0.9946,101.0
2019-04-03 11:26:00,0.9989,0.9989,0.9989,0.9989,3955.0
2019-04-03 11:27:00,0.9946,0.9946,0.9946,0.9946,600.0
2019-04-03 11:32:00,0.9946,0.9946,0.9946,0.9946,100.0
2019-04-03 11:36:00,1.01,1.01,1.01,1.01,1973.0
2019-04-03 11:45:00,1.0,1.0,1.0,1.0,100.0
2019-04-03 11:47:00,1.0,1.0,1.0,1.0,2900.0
2019-04-03 11:49:00,0.9946,0.9946,0.9946,0.9946,700.0
2019-04-03 11:54:00,1.0,1.0,1.0,1.0,599.0
2019-04-03 11:58:00,1.01,1.01,1.01,1.01,4101.0
2019-04-03 12:01:00,1.0,1.0,1.0,1.0,610.0
2019-04-03 12:03:00,1.0,1.0,1.0,1.0,913.0
2019-04-03 12:11:00,1.005,1.005,1.005,1.005,200.0
2019-04-03 12:14:00,1.0,1.0,1.0,1.0,214.0
2019-04-03 12:18:00,1.0099,1.0099,1.0099,1.0099,6500.0
2019-04-03 12:19:00,1.0,1.0,1.0,1.0,3900.0
2019-04-03 12:25:00,1.0,1.0,1.0,1.0,1400.0
2019-04-03 12:30:00,1.0,1.0,1.0,1.0,100.0
2019-04-03 12:31:00,1.0,1.0,1.0,1.0,104.0
2019-04-03 12:36:00,1.0,1.0,1.0,1.0,100.0
2019-04-03 12:41:00,1.0,1.0,1.0,1.0,121.0
2019-04-03 12:47:00,1.0,1.0,1.0,1.0,101.0
2019-04-03 12:53:00,1.0,1.0,1.0,1.0,100.0
2019-04-03 12:58:00,1.0,1.0,1.0,1.0,100.0
2019-04-03 12:59:00,1.0,1.0,1.0,1.0,200.0
2019-04-03 13:04:00,1.0,1.0,1.0,1.0,101.0
2019-04-03 13:09:00,1.0,1.0,1.0,1.0,103.0
2019-04-03 13:14:00,1.0,1.0,1.0,1.0,400.0
2019-04-03 13:15:00,1.0042,1.0042,1.0042,1.0042,5680.0
2019-04-03 13:16:00,1.0,1.0,1.0,1.0,1023.0
2019-04-03 13:19:00,1.0,1.0,1.0,1.0,702.0
2019-04-03 13:24:00,1.0,1.0,1.0,1.0,100.0
2019-04-03 13:29:00,1.0,1.0,1.0,1.0,110.0
2019-04-03 13:34:00,0.9946,0.9946,0.9946,0.9946,150.0
2019-04-03 13:40:00,1.0,1.0,1.0,1.0,100.0
2019-04-03 13:45:00,1.0,1.0,1.0,1.0,100.0
2019-04-03 13:48:00,1.0,1.0,1.0,1.0,2201.0
2019-04-03 13:51:00,1.0,1.0,1.0,1.0,100.0
2019-04-03 13:56:00,0.9946,0.9946,0.9946,0.9946,1210.0
2019-04-03 14:01:00,0.9946,0.9946,0.9946,0.9946,100.0
2019-04-03 14:04:00,0.9946,1.0,0.9946,1.0,1650.0
2019-04-03 14:07:00,0.9948,0.9948,0.9948,0.9948,2436.0
2019-04-03 14:12:00,0.9948,0.9948,0.9948,0.9948,101.0
2019-04-03 14:17:00,0.9948,0.9948,0.9948,0.9948,300.0
2019-04-03 14:22:00,0.9949,0.9949,0.9949,0.9949,100.0
2019-04-03 14:27:00,0.9949,0.9949,0.9949,0.9949,100.0
2019-04-03 14:32:00,0.9949,0.9949,0.9949,0.9949,100.0
2019-04-03 14:35:00,1.0,1.01,1.0,1.01,3300.0
2019-04-03 14:36:00,1.0,1.0,1.0,1.0,2300.0
2019-04-03 14:38:00,1.01,1.01,1.01,1.01,1646.0
2019-04-03 14:39:00,1.01,1.01,1.01,1.01,1419.0
2019-04-03 14:40:00,1.0,1.0,1.0,1.0,300.0
2019-04-03 14:44:00,1.0,1.0,1.0,1.0,11181.0
2019-04-03 14:45:00,1.0,1.0,1.0,1.0,5702.0
2019-04-03 14:47:00,0.9999,1.0,0.9999,1.0,5800.0
2019-04-03 14:48:00,1.0,1.0,1.0,1.0,6105.0
2019-04-03 15:00:00,1.0032,1.0032,1.0032,1.0032,1000.0
2019-04-03 15:01:00,1.0,1.0,1.0,1.0,2900.0
2019-04-03 15:09:00,1.0,1.0,1.0,1.0,600.0
2019-04-03 15:11:00,1.0,1.0,1.0,1.0,100.0
2019-04-03 15:13:00,1.0028,1.0028,1.0028,1.0028,3405.0
2019-04-03 15:20:00,1.0,1.0,1.0,1.0,700.0
2019-04-03 15:22:00,1.0,1.0,1.0,1.0,100.0
2019-04-03 15:27:00,1.0,1.0,1.0,1.0,200.0
2019-04-03 15:31:00,1.0,1.0,1.0,1.0,200.0
2019-04-03 15:35:00,1.0,1.0,1.0,1.0,100.0
2019-04-03 15:38:00,1.0,1.0,1.0,1.0,396.0
2019-04-03 15:44:00,1.0,1.0,1.0,1.0,304.0
2019-04-03 15:47:00,1.0,1.0,1.0,1.0,100.0
2019-04-03 15:50:00,1.0,1.0,1.0,1.0,2404.0
2019-04-03 15:52:00,1.0097,1.0097,1.0,1.0,810.0
2019-04-03 15:57:00,1.0,1.0,1.0,1.0,400.0
2019-04-03 15:59:00,1.0099,1.0099,1.0099,1.0099,1050.0
