
2019-03-19 09:32:00,1.13,1.13,1.13,1.13,0.0
2019-03-19 09:33:00,1.1483,1.1483,1.1483,1.1483,7040.0
2019-03-19 09:35:00,1.15,1.15,1.15,1.15,100.0
2019-03-19 09:37:00,1.188,1.188,1.188,1.188,23035.0
2019-03-19 09:38:00,1.1799,1.1799,1.1799,1.1799,1100.0
2019-03-19 09:40:00,1.17,1.17,1.17,1.17,1150.0
2019-03-19 09:42:00,1.165,1.165,1.165,1.165,100.0
2019-03-19 09:43:00,1.137,1.137,1.137,1.137,14906.0
2019-03-19 09:45:00,1.1301,1.1301,1.1301,1.1301,23300.0
2019-03-19 09:47:00,1.15,1.15,1.15,1.15,8475.0
2019-03-19 09:50:00,1.15,1.15,1.15,1.15,300.0
2019-03-19 09:57:00,1.13,1.13,1.13,1.13,8744.0
2019-03-19 10:02:00,1.1288,1.1288,1.1288,1.1288,400.0
2019-03-19 10:10:00,1.1057,1.1057,1.1057,1.1057,2784.0
2019-03-19 10:11:00,1.1,1.1,1.1,1.1,300.0
2019-03-19 10:21:00,1.1099,1.1099,1.1099,1.1099,5000.0
2019-03-19 10:22:00,1.11,1.12,1.11,1.12,20000.0
2019-03-19 10:33:00,1.12,1.12,1.12,1.12,435.0
2019-03-19 10:40:00,1.11,1.11,1.11,1.11,300.0
2019-03-19 10:43:00,1.1,1.12,1.1,1.12,1250.0
2019-03-19 10:48:00,1.12,1.12,1.12,1.12,2500.0
2019-03-19 10:49:00,1.12,1.12,1.12,1.12,14900.0
2019-03-19 10:54:00,1.12,1.12,1.12,1.12,100.0
2019-03-19 11:09:00,1.12,1.14,1.12,1.14,10270.0
2019-03-19 11:19:00,1.1299,1.13,1.1299,1.13,4400.0
2019-03-19 11:24:00,1.13,1.13,1.13,1.13,2120.0
2019-03-19 11:34:00,1.13,1.13,1.13,1.13,100.0
2019-03-19 11:37:00,1.1201,1.13,1.12,1.13,29100.0
2019-03-19 11:48:00,1.12,1.12,1.12,1.12,100.0
2019-03-19 11:59:00,1.1206,1.1206,1.1206,1.1206,200.0
2019-03-19 12:17:00,1.13,1.13,1.13,1.13,101.0
2019-03-19 12:21:00,1.12,1.12,1.12,1.12,500.0
2019-03-19 12:31:00,1.1101,1.1101,1.1101,1.1101,701.0
2019-03-19 12:34:00,1.1105,1.1105,1.1105,1.1105,704.0
2019-03-19 12:46:00,1.13,1.14,1.13,1.135,48600.0
2019-03-19 13:27:00,1.14,1.14,1.14,1.14,150.0
2019-03-19 13:32:00,1.135,1.139,1.135,1.139,951.0
2019-03-19 13:59:00,1.13,1.14,1.13,1.14,12700.0
2019-03-19 14:27:00,1.12,1.12,1.12,1.12,1130.0
2019-03-19 14:31:00,1.13,1.13,1.13,1.13,10750.0
2019-03-19 14:58:00,1.12,1.12,1.12,1.12,6500.0
2019-03-19 14:59:00,1.12,1.12,1.12,1.12,9669.0
2019-03-19 15:03:00,1.13,1.13,1.13,1.13,4665.0
2019-03-19 15:04:00,1.13,1.13,1.13,1.13,1234.0
2019-03-19 15:16:00,1.12,1.12,1.12,1.12,300.0
2019-03-19 15:17:00,1.12,1.12,1.12,1.12,200.0
2019-03-19 15:26:00,1.1257,1.1257,1.1256,1.1256,1850.0
2019-03-19 15:28:00,1.13,1.13,1.12,1.12,8599.0
2019-03-19 15:29:00,1.12,1.1225,1.12,1.1225,10051.0
2019-03-19 15:30:00,1.12,1.12,1.12,1.12,1437.0
2019-03-19 15:35:00,1.12,1.12,1.12,1.12,5863.0
2019-03-19 15:45:00,1.13,1.13,1.13,1.13,174.0
2019-03-20 09:31:00,1.14,1.14,1.14,1.14,0.0
2019-03-20 09:33:00,1.15,1.15,1.14,1.14,0.0
2019-03-20 09:44:00,1.138,1.138,1.138,1.138,1000.0
2019-03-20 09:47:00,1.1344,1.1344,1.1344,1.1344,1000.0
2019-03-20 09:55:00,1.1343,1.1343,1.13,1.13,5000.0
2019-03-20 09:56:00,1.13,1.14,1.13,1.14,21842.0
2019-03-20 09:57:00,1.1399,1.1399,1.1399,1.1399,10000.0
2019-03-20 09:58:00,1.12,1.12,1.12,1.12,12800.0
2019-03-20 10:25:00,1.123,1.123,1.123,1.123,500.0
2019-03-20 10:47:00,1.12,1.12,1.12,1.12,520.0
2019-03-20 10:50:00,1.12,1.12,1.12,1.12,505.0
2019-03-20 10:56:00,1.14,1.14,1.12,1.12,1410.0
2019-03-20 11:01:00,1.12,1.12,1.12,1.12,425.0
2019-03-20 11:18:00,1.12,1.12,1.12,1.12,300.0
2019-03-20 11:19:00,1.12,1.12,1.12,1.12,455.0
2019-03-20 11:40:00,1.12,1.12,1.12,1.12,310.0
2019-03-20 11:47:00,1.12,1.12,1.12,1.12,218.0
2019-03-20 12:04:00,1.12,1.12,1.12,1.12,110.0
2019-03-20 12:07:00,1.13,1.13,1.13,1.13,4400.0
2019-03-20 12:11:00,1.12,1.1205,1.12,1.1205,11210.0
2019-03-20 12:14:00,1.12,1.12,1.12,1.12,300.0
2019-03-20 12:20:00,1.12,1.12,1.12,1.12,310.0
2019-03-20 12:24:00,1.12,1.12,1.12,1.12,610.0
2019-03-20 12:27:00,1.12,1.12,1.12,1.12,600.0
2019-03-20 12:33:00,1.12,1.12,1.12,1.12,110.0
2019-03-20 12:36:00,1.12,1.12,1.12,1.12,100.0
2019-03-20 12:40:00,1.12,1.12,1.12,1.12,110.0
2019-03-20 12:44:00,1.12,1.12,1.12,1.12,100.0
2019-03-20 12:47:00,1.13,1.13,1.13,1.13,395.0
2019-03-20 12:48:00,1.12,1.12,1.12,1.12,400.0
2019-03-20 12:52:00,1.12,1.12,1.12,1.12,100.0
2019-03-20 12:56:00,1.12,1.12,1.12,1.12,110.0
2019-03-20 13:00:00,1.12,1.12,1.12,1.12,110.0
2019-03-20 13:04:00,1.12,1.12,1.12,1.12,100.0
2019-03-20 13:07:00,1.13,1.13,1.13,1.13,300.0
2019-03-20 13:08:00,1.13,1.13,1.13,1.13,410.0
2019-03-20 13:12:00,1.13,1.13,1.13,1.13,100.0
2019-03-20 13:16:00,1.13,1.13,1.13,1.13,200.0
2019-03-20 13:20:00,1.13,1.13,1.13,1.13,110.0
2019-03-20 13:24:00,1.13,1.13,1.13,1.13,100.0
2019-03-20 13:27:00,1.13,1.13,1.13,1.13,100.0
2019-03-20 13:31:00,1.13,1.13,1.13,1.13,110.0
2019-03-20 13:35:00,1.13,1.13,1.13,1.13,100.0
2019-03-20 13:36:00,1.13,1.13,1.13,1.13,100.0
2019-03-20 13:37:00,1.14,1.14,1.14,1.14,10200.0
2019-03-20 13:38:00,1.13,1.13,1.13,1.13,500.0
2019-03-20 13:39:00,1.1325,1.1325,1.1325,1.1325,4610.0
2019-03-20 13:43:00,1.13,1.13,1.13,1.13,910.0
2019-03-20 13:46:00,1.1333,1.1333,1.1333,1.1333,4385.0
2019-03-20 13:47:00,1.13,1.13,1.13,1.13,4505.0
2019-03-20 13:55:00,1.13,1.13,1.13,1.13,180.0
2019-03-20 13:57:00,1.13,1.13,1.13,1.13,110.0
2019-03-20 14:00:00,1.13,1.13,1.13,1.13,100.0
2019-03-20 14:02:00,1.13,1.13,1.13,1.13,105.0
2019-03-20 14:04:00,1.13,1.13,1.13,1.13,100.0
2019-03-20 14:05:00,1.13,1.13,1.13,1.13,225.0
2019-03-20 14:07:00,1.13,1.135,1.13,1.135,6885.0
2019-03-20 14:08:00,1.135,1.135,1.135,1.135,100.0
2019-03-20 14:10:00,1.135,1.135,1.135,1.135,1000.0
2019-03-20 14:15:00,1.135,1.135,1.135,1.135,92259.0
2019-03-20 14:16:00,1.1301,1.1301,1.1301,1.1301,600.0
2019-03-20 14:17:00,1.135,1.135,1.135,1.135,200.0
2019-03-20 14:22:00,1.135,1.135,1.135,1.135,130.0
2019-03-20 14:24:00,1.135,1.135,1.135,1.135,190.0
2019-03-20 14:32:00,1.135,1.135,1.135,1.135,310.0
2019-03-20 14:37:00,1.1381,1.1381,1.1381,1.1381,2300.0
2019-03-20 14:40:00,1.135,1.135,1.135,1.135,2510.0
2019-03-20 14:44:00,1.135,1.135,1.135,1.135,100.0
2019-03-20 14:47:00,1.135,1.135,1.135,1.135,200.0
2019-03-20 14:52:00,1.135,1.135,1.135,1.135,110.0
2019-03-20 14:54:00,1.135,1.135,1.135,1.135,210.0
2019-03-20 14:59:00,1.135,1.135,1.135,1.135,100.0
2019-03-20 15:01:00,1.135,1.135,1.135,1.135,210.0
2019-03-20 15:05:00,1.135,1.135,1.135,1.135,100.0
2019-03-20 15:07:00,1.135,1.14,1.135,1.14,440.0
2019-03-20 15:17:00,1.13,1.13,1.13,1.13,100.0
2019-03-20 15:19:00,1.13,1.13,1.13,1.13,115.0
2019-03-20 15:21:00,1.13,1.13,1.13,1.13,100.0
2019-03-20 15:23:00,1.13,1.13,1.13,1.13,210.0
2019-03-20 15:26:00,1.13,1.13,1.13,1.13,105.0
2019-03-20 15:28:00,1.13,1.13,1.13,1.13,105.0
2019-03-20 15:30:00,1.13,1.13,1.13,1.13,100.0
2019-03-20 15:32:00,1.13,1.13,1.13,1.13,200.0
2019-03-20 15:33:00,1.13,1.13,1.13,1.13,205.0
2019-03-20 15:34:00,1.13,1.13,1.13,1.13,100.0
2019-03-20 15:36:00,1.13,1.13,1.13,1.13,100.0
2019-03-20 15:37:00,1.1233,1.1233,1.1233,1.1233,5505.0
2019-03-20 15:38:00,1.12,1.12,1.12,1.12,100.0
2019-03-20 15:39:00,1.1258,1.1258,1.1258,1.1258,200.0
2019-03-20 15:40:00,1.12,1.12,1.12,1.12,100.0
2019-03-20 15:41:00,1.12,1.12,1.12,1.12,205.0
2019-03-20 15:43:00,1.1173,1.1173,1.1173,1.1173,12968.0
2019-03-20 15:44:00,1.1173,1.1184,1.1173,1.1173,300.0
2019-03-20 15:46:00,1.11,1.11,1.11,1.11,400.0
2019-03-20 15:48:00,1.11,1.11,1.11,1.11,200.0
2019-03-20 15:49:00,1.11,1.11,1.11,1.11,100.0
2019-03-20 15:50:00,1.11,1.11,1.11,1.11,100.0
2019-03-20 15:51:00,1.11,1.11,1.11,1.11,100.0
2019-03-20 15:52:00,1.1,1.1,1.1,1.1,1047.0
2019-03-20 15:53:00,1.1,1.1,1.1,1.1,5105.0
2019-03-20 15:54:00,1.1,1.1,1.1,1.1,5210.0
2019-03-20 15:55:00,1.1,1.1,1.1,1.1,105.0
2019-03-20 15:56:00,1.11,1.11,1.11,1.11,390.0
2019-03-20 15:57:00,1.11,1.12,1.11,1.12,390.0
2019-03-20 15:58:00,1.12,1.12,1.12,1.12,410.0
2019-03-20 15:59:00,1.12,1.12,1.12,1.12,385.0
2019-03-20 16:00:00,1.12,1.12,1.11,1.11,600.0
2019-03-21 09:31:00,1.13,1.13,1.13,1.13,0.0
2019-03-21 09:33:00,1.1276,1.1276,1.1276,1.1276,0.0
2019-03-21 09:39:00,1.13,1.13,1.13,1.13,275.0
2019-03-21 10:09:00,1.13,1.13,1.13,1.13,200.0
2019-03-21 10:12:00,1.13,1.13,1.13,1.13,2560.0
2019-03-21 10:14:00,1.13,1.13,1.13,1.13,503.0
2019-03-21 10:16:00,1.13,1.13,1.13,1.13,200.0
2019-03-21 10:17:00,1.14,1.14,1.14,1.14,100.0
2019-03-21 10:19:00,1.13,1.13,1.13,1.13,500.0
2019-03-21 10:23:00,1.13,1.13,1.13,1.13,400.0
2019-03-21 10:25:00,1.13,1.13,1.13,1.13,400.0
2019-03-21 10:26:00,1.13,1.13,1.13,1.13,1300.0
2019-03-21 10:28:00,1.13,1.13,1.13,1.13,900.0
2019-03-21 10:30:00,1.13,1.13,1.13,1.13,300.0
2019-03-21 10:44:00,1.13,1.13,1.13,1.13,302.0
2019-03-21 10:45:00,1.13,1.13,1.13,1.13,1720.0
2019-03-21 10:46:00,1.14,1.15,1.13,1.13,5700.0
2019-03-21 10:47:00,1.13,1.13,1.13,1.13,6600.0
2019-03-21 10:57:00,1.15,1.15,1.15,1.15,15976.0
2019-03-21 11:05:00,1.145,1.145,1.145,1.145,100.0
2019-03-21 11:06:00,1.15,1.15,1.15,1.15,2700.0
2019-03-21 11:12:00,1.15,1.15,1.15,1.15,700.0
2019-03-21 11:15:00,1.145,1.145,1.145,1.145,800.0
2019-03-21 11:16:00,1.17,1.17,1.17,1.17,17839.0
2019-03-21 11:22:00,1.16,1.16,1.16,1.16,2200.0
2019-03-21 11:31:00,1.16,1.16,1.16,1.16,400.0
2019-03-21 11:33:00,1.1527,1.1527,1.1527,1.1527,1500.0
2019-03-21 11:37:00,1.1531,1.1531,1.1531,1.1531,500.0
2019-03-21 11:38:00,1.1598,1.1598,1.1598,1.1598,750.0
2019-03-21 11:40:00,1.17,1.17,1.1603,1.1603,1060.0
2019-03-21 11:43:00,1.15,1.15,1.15,1.15,1160.0
2019-03-21 11:48:00,1.16,1.164,1.16,1.164,4000.0
2019-03-21 11:52:00,1.165,1.165,1.165,1.165,100.0
2019-03-21 11:53:00,1.17,1.17,1.17,1.17,5400.0
2019-03-21 11:54:00,1.18,1.18,1.18,1.18,1900.0
2019-03-21 11:55:00,1.1701,1.175,1.1701,1.175,2000.0
2019-03-21 11:56:00,1.17,1.17,1.17,1.17,2335.0
2019-03-21 12:04:00,1.1742,1.1742,1.1742,1.1742,1200.0
2019-03-21 12:09:00,1.17,1.17,1.17,1.17,100.0
2019-03-21 12:14:00,1.18,1.2,1.18,1.2,14300.0
2019-03-21 12:18:00,1.1861,1.1861,1.1861,1.1861,18000.0
2019-03-21 12:21:00,1.2,1.2,1.2,1.2,100.0
2019-03-21 12:22:00,1.18,1.18,1.18,1.18,10900.0
2019-03-21 12:27:00,1.2,1.2,1.2,1.2,400.0
2019-03-21 12:29:00,1.1925,1.2,1.1925,1.2,4000.0
2019-03-21 12:35:00,1.1859,1.1859,1.18,1.18,5100.0
2019-03-21 12:41:00,1.1811,1.1811,1.1811,1.1811,3190.0
2019-03-21 12:44:00,1.1777,1.1777,1.1777,1.1777,3550.0
2019-03-21 12:47:00,1.175,1.175,1.175,1.175,385.0
2019-03-21 12:49:00,1.17,1.17,1.17,1.17,100.0
2019-03-21 12:53:00,1.1642,1.1642,1.1642,1.1642,10325.0
2019-03-21 12:54:00,1.16,1.16,1.16,1.16,100.0
2019-03-21 12:57:00,1.1639,1.1639,1.1639,1.1639,816.0
2019-03-21 12:58:00,1.1618,1.1618,1.1618,1.1618,100.0
2019-03-21 12:59:00,1.16,1.16,1.16,1.16,800.0
2019-03-21 13:01:00,1.1535,1.1535,1.1535,1.1535,400.0
2019-03-21 13:06:00,1.15,1.15,1.15,1.15,2500.0
2019-03-21 13:12:00,1.1591,1.1591,1.1591,1.1591,5100.0
2019-03-21 13:13:00,1.16,1.16,1.16,1.16,110.0
2019-03-21 13:20:00,1.17,1.17,1.17,1.17,4162.0
2019-03-21 13:38:00,1.16,1.16,1.16,1.16,100.0
2019-03-21 13:43:00,1.165,1.165,1.16,1.16,7290.0
2019-03-21 13:54:00,1.15,1.15,1.15,1.15,7464.0
2019-03-21 14:00:00,1.1643,1.1643,1.1643,1.1643,869.0
2019-03-21 14:07:00,1.14,1.14,1.14,1.14,100.0
2019-03-21 14:36:00,1.15,1.15,1.15,1.15,100.0
2019-03-21 14:47:00,1.1642,1.1642,1.1642,1.1642,1500.0
2019-03-21 15:06:00,1.15,1.15,1.15,1.15,5000.0
2019-03-21 15:13:00,1.1603,1.1603,1.15,1.15,4100.0
2019-03-21 15:36:00,1.17,1.17,1.15,1.15,5100.0
2019-03-21 15:41:00,1.1664,1.1664,1.1664,1.1664,300.0
2019-03-21 15:44:00,1.1674,1.1674,1.1674,1.1674,200.0
2019-03-21 15:46:00,1.17,1.17,1.17,1.17,250.0
2019-03-21 15:50:00,1.1765,1.178,1.1765,1.178,2482.0
2019-03-21 15:52:00,1.17,1.17,1.17,1.17,4450.0
2019-03-21 15:59:00,1.17,1.17,1.17,1.17,1683.0
2019-03-22 09:31:00,1.18,1.18,1.18,1.18,6744.0
2019-03-22 09:32:00,1.18,1.18,1.18,1.18,300.0
2019-03-22 09:33:00,1.18,1.18,1.18,1.18,1145.0
2019-03-22 09:34:00,1.18,1.18,1.18,1.18,600.0
2019-03-22 09:35:00,1.18,1.18,1.18,1.18,400.0
2019-03-22 09:36:00,1.18,1.18,1.18,1.18,200.0
2019-03-22 09:37:00,1.18,1.18,1.18,1.18,600.0
2019-03-22 09:38:00,1.18,1.18,1.18,1.18,700.0
2019-03-22 09:39:00,1.18,1.18,1.18,1.18,700.0
2019-03-22 09:40:00,1.18,1.18,1.18,1.18,1300.0
2019-03-22 09:41:00,1.18,1.18,1.18,1.18,1500.0
2019-03-22 09:42:00,1.1799,1.1799,1.1799,1.1799,1700.0
2019-03-22 09:44:00,1.18,1.18,1.18,1.18,2669.0
2019-03-22 09:46:00,1.185,1.19,1.185,1.19,250.0
2019-03-22 09:49:00,1.19,1.19,1.19,1.19,350.0
2019-03-22 09:50:00,1.193,1.193,1.193,1.193,6608.0
2019-03-22 10:03:00,1.1999,1.2,1.1999,1.2,1433.0
2019-03-22 10:06:00,1.195,1.195,1.195,1.195,5000.0
2019-03-22 10:10:00,1.195,1.195,1.195,1.195,5100.0
2019-03-22 10:11:00,1.2,1.2,1.195,1.195,1754.0
2019-03-22 10:16:00,1.2,1.2,1.2,1.2,24650.0
2019-03-22 10:17:00,1.2,1.2,1.2,1.2,24830.0
2019-03-22 10:19:00,1.1951,1.1951,1.1951,1.1951,5000.0
2019-03-22 10:21:00,1.1922,1.1922,1.1922,1.1922,3000.0
2019-03-22 10:23:00,1.1997,1.1997,1.1997,1.1997,1000.0
2019-03-22 10:24:00,1.2,1.2,1.2,1.2,5000.0
2019-03-22 10:29:00,1.1988,1.1988,1.1988,1.1988,150.0
2019-03-22 10:30:00,1.195,1.195,1.195,1.195,10151.0
2019-03-22 10:39:00,1.1985,1.1985,1.1985,1.1985,500.0
2019-03-22 10:42:00,1.1901,1.1901,1.1901,1.1901,2000.0
2019-03-22 10:43:00,1.19,1.19,1.19,1.19,105.0
2019-03-22 10:44:00,1.1981,1.1981,1.1981,1.1981,8105.0
2019-03-22 10:47:00,1.19,1.19,1.19,1.19,100.0
2019-03-22 10:52:00,1.195,1.195,1.195,1.195,1000.0
2019-03-22 10:53:00,1.1986,1.1986,1.1986,1.1986,9600.0
2019-03-22 10:54:00,1.19,1.19,1.19,1.19,100.0
2019-03-22 10:56:00,1.195,1.195,1.195,1.195,2100.0
2019-03-22 10:58:00,1.195,1.195,1.19,1.195,50200.0
2019-03-22 10:59:00,1.19,1.19,1.19,1.19,9550.0
2019-03-22 11:02:00,1.198,1.198,1.19,1.19,400.0
2019-03-22 11:07:00,1.2,1.2,1.2,1.2,102.0
2019-03-22 11:10:00,1.19,1.19,1.19,1.19,200.0
2019-03-22 11:21:00,1.19,1.19,1.19,1.19,100.0
2019-03-22 11:24:00,1.1999,1.1999,1.19,1.19,1100.0
2019-03-22 11:34:00,1.19,1.19,1.19,1.19,100.0
2019-03-22 11:36:00,1.1901,1.1901,1.1901,1.1901,3000.0
2019-03-22 11:37:00,1.19,1.19,1.19,1.19,2000.0
2019-03-22 11:39:00,1.1901,1.1901,1.1901,1.1901,4900.0
2019-03-22 11:43:00,1.19,1.19,1.19,1.19,3700.0
2019-03-22 11:45:00,1.19,1.19,1.19,1.19,1299.0
2019-03-22 11:49:00,1.19,1.19,1.19,1.19,6299.0
2019-03-22 11:52:00,1.17,1.17,1.17,1.17,5150.0
2019-03-22 12:02:00,1.17,1.17,1.17,1.17,460.0
2019-03-22 12:03:00,1.16,1.16,1.16,1.16,2060.0
2019-03-22 12:17:00,1.17,1.17,1.17,1.17,100.0
2019-03-22 12:20:00,1.17,1.17,1.17,1.17,200.0
2019-03-22 12:34:00,1.1841,1.1841,1.17,1.17,1600.0
2019-03-22 12:46:00,1.17,1.17,1.17,1.17,100.0
2019-03-22 12:49:00,1.1701,1.1701,1.17,1.17,13801.0
2019-03-22 12:51:00,1.18,1.18,1.18,1.18,100.0
2019-03-22 12:55:00,1.18,1.18,1.18,1.18,200.0
2019-03-22 12:59:00,1.18,1.18,1.18,1.18,100.0
2019-03-22 13:10:00,1.18,1.18,1.18,1.18,200.0
2019-03-22 13:15:00,1.183,1.183,1.183,1.183,500.0
2019-03-22 13:19:00,1.1841,1.1841,1.1841,1.1841,700.0
2019-03-22 13:23:00,1.17,1.17,1.17,1.17,498.0
2019-03-22 13:25:00,1.17,1.17,1.17,1.17,100.0
2019-03-22 13:33:00,1.17,1.17,1.17,1.17,100.0
2019-03-22 13:42:00,1.17,1.17,1.17,1.17,100.0
2019-03-22 13:50:00,1.17,1.17,1.17,1.17,100.0
2019-03-22 13:53:00,1.1741,1.1741,1.1741,1.1741,1600.0
2019-03-22 13:54:00,1.18,1.18,1.18,1.18,1000.0
2019-03-22 13:57:00,1.17,1.17,1.17,1.17,1100.0
2019-03-22 14:02:00,1.1779,1.1779,1.1779,1.1779,250.0
2019-03-22 14:06:00,1.17,1.17,1.17,1.17,100.0
2019-03-22 14:12:00,1.1767,1.1767,1.17,1.17,600.0
2019-03-22 14:22:00,1.17,1.17,1.17,1.17,110.0
2019-03-22 14:35:00,1.17,1.17,1.17,1.17,100.0
2019-03-22 14:44:00,1.175,1.175,1.17,1.1725,2100.0
2019-03-22 14:51:00,1.175,1.175,1.17,1.17,6200.0
2019-03-22 14:54:00,1.17,1.17,1.17,1.17,6000.0
2019-03-22 14:55:00,1.17,1.17,1.17,1.17,200.0
2019-03-22 14:56:00,1.17,1.17,1.17,1.17,689.0
2019-03-22 14:57:00,1.17,1.17,1.17,1.17,700.0
2019-03-22 14:58:00,1.17,1.17,1.17,1.17,300.0
2019-03-22 15:00:00,1.17,1.17,1.17,1.17,5300.0
2019-03-22 15:01:00,1.17,1.17,1.17,1.17,4000.0
2019-03-22 15:02:00,1.17,1.17,1.17,1.17,6700.0
2019-03-22 15:09:00,1.17,1.17,1.17,1.17,1200.0
2019-03-22 15:12:00,1.1699,1.1699,1.1699,1.1699,10947.0
2019-03-22 15:17:00,1.15,1.15,1.15,1.15,150.0
2019-03-22 15:21:00,1.15,1.15,1.15,1.15,100.0
2019-03-22 15:25:00,1.15,1.15,1.15,1.15,200.0
2019-03-22 15:27:00,1.15,1.15,1.15,1.15,100.0
2019-03-22 15:33:00,1.15,1.15,1.15,1.15,100.0
2019-03-22 15:39:00,1.15,1.15,1.15,1.15,100.0
2019-03-22 15:50:00,1.16,1.16,1.16,1.16,684.0
2019-03-22 15:58:00,1.1699,1.1699,1.1699,1.1699,350.0
2019-03-25 09:31:00,1.15,1.15,1.15,1.15,0.0
2019-03-25 09:35:00,1.1501,1.1501,1.1501,1.1501,8266.0
2019-03-25 09:42:00,1.14,1.14,1.14,1.14,400.0
2019-03-25 09:48:00,1.13,1.13,1.13,1.13,5911.0
2019-03-25 10:38:00,1.11,1.11,1.11,1.11,3300.0
2019-03-25 10:40:00,1.11,1.11,1.11,1.11,6000.0
2019-03-25 10:45:00,1.11,1.11,1.11,1.11,105.0
2019-03-25 10:59:00,1.11,1.11,1.11,1.11,1500.0
2019-03-25 11:05:00,1.11,1.11,1.11,1.11,20712.0
2019-03-25 11:07:00,1.11,1.11,1.11,1.11,2000.0
2019-03-25 11:27:00,1.11,1.11,1.1,1.1,63160.0
2019-03-25 11:33:00,1.119,1.119,1.119,1.119,101.0
2019-03-25 11:34:00,1.1055,1.1055,1.1055,1.1055,4886.0
2019-03-25 11:42:00,1.11,1.11,1.1,1.1,27000.0
2019-03-25 11:47:00,1.1055,1.1055,1.1055,1.1055,1698.0
2019-03-25 11:48:00,1.11,1.11,1.11,1.11,820.0
2019-03-25 11:50:00,1.11,1.11,1.11,1.11,5400.0
2019-03-25 11:58:00,1.11,1.11,1.11,1.11,100.0
2019-03-25 12:00:00,1.1145,1.1145,1.1145,1.1145,6000.0
2019-03-25 12:19:00,1.11,1.11,1.11,1.11,2700.0
2019-03-25 12:32:00,1.1001,1.1001,1.1001,1.1001,1810.0
2019-03-25 13:37:00,1.1117,1.1117,1.1117,1.1117,290.0
2019-03-25 13:41:00,1.11,1.11,1.11,1.11,5400.0
2019-03-25 14:46:00,1.11,1.11,1.11,1.11,500.0
2019-03-25 14:59:00,1.11,1.11,1.11,1.11,3300.0
2019-03-25 15:01:00,1.11,1.11,1.11,1.11,1737.0
2019-03-25 15:04:00,1.1133,1.1133,1.1133,1.1133,1700.0
2019-03-25 15:22:00,1.1055,1.1055,1.1055,1.1055,2000.0
2019-03-25 15:24:00,1.11,1.11,1.11,1.11,6600.0
2019-03-25 15:34:00,1.113,1.113,1.113,1.113,5400.0
2019-03-25 15:39:00,1.12,1.12,1.12,1.12,5300.0
2019-03-25 15:48:00,1.1144,1.1144,1.1144,1.1144,500.0
2019-03-25 15:50:00,1.11,1.11,1.11,1.11,1500.0
2019-03-26 09:31:00,1.1,1.1,1.1,1.1,100.0
2019-03-26 09:38:00,1.1,1.1,1.1,1.1,100.0
2019-03-26 10:13:00,1.1027,1.1027,1.1,1.1,3700.0
2019-03-26 10:21:00,1.1199,1.1199,1.1199,1.1199,1200.0
2019-03-26 10:30:00,1.1194,1.1194,1.1194,1.1194,2520.0
2019-03-26 10:43:00,1.1132,1.1132,1.1132,1.1132,1000.0
2019-03-26 10:44:00,1.1199,1.1199,1.1199,1.1199,5000.0
2019-03-26 10:55:00,1.1149,1.1149,1.1149,1.1149,355.0
2019-03-26 11:21:00,1.1055,1.1055,1.1055,1.1055,500.0
2019-03-26 11:57:00,1.1171,1.1171,1.1171,1.1171,100.0
2019-03-26 12:00:00,1.1104,1.1104,1.1104,1.1104,6600.0
2019-03-26 12:07:00,1.11,1.11,1.11,1.11,15000.0
2019-03-26 12:08:00,1.11,1.11,1.11,1.11,5400.0
2019-03-26 12:13:00,1.11,1.11,1.11,1.11,4700.0
2019-03-26 12:19:00,1.12,1.12,1.12,1.12,100.0
2019-03-26 12:24:00,1.1199,1.1199,1.1199,1.1199,600.0
2019-03-26 12:27:00,1.1104,1.1104,1.1104,1.1104,450.0
2019-03-26 12:28:00,1.12,1.12,1.12,1.12,100.0
2019-03-26 12:36:00,1.12,1.12,1.12,1.12,100.0
2019-03-26 12:43:00,1.11,1.11,1.11,1.11,100.0
2019-03-26 12:46:00,1.1055,1.1055,1.1055,1.1055,1200.0
2019-03-26 12:51:00,1.11,1.11,1.11,1.11,400.0
2019-03-26 13:13:00,1.11,1.11,1.11,1.11,400.0
2019-03-26 13:20:00,1.1055,1.1055,1.1055,1.1055,350.0
2019-03-26 13:25:00,1.11,1.11,1.11,1.11,7844.0
2019-03-26 13:26:00,1.11,1.11,1.11,1.11,7300.0
2019-03-26 13:27:00,1.11,1.11,1.11,1.11,2200.0
2019-03-26 13:28:00,1.11,1.11,1.11,1.11,1600.0
2019-03-26 13:32:00,1.11,1.11,1.11,1.11,4656.0
2019-03-26 13:40:00,1.11,1.11,1.11,1.11,300.0
2019-03-26 13:50:00,1.1176,1.1176,1.1176,1.1176,1100.0
2019-03-26 13:54:00,1.12,1.12,1.11,1.115,52300.0
2019-03-26 14:15:00,1.115,1.115,1.11,1.115,79592.0
2019-03-26 14:27:00,1.1099,1.1099,1.1099,1.1099,4520.0
2019-03-26 14:34:00,1.1034,1.1034,1.1034,1.1034,0.0
2019-03-26 14:43:00,1.11,1.11,1.11,1.11,200.0
2019-03-26 14:57:00,1.11,1.11,1.11,1.11,100.0
2019-03-26 15:00:00,1.11,1.11,1.11,1.11,100.0
2019-03-26 15:03:00,1.11,1.11,1.11,1.11,100.0
2019-03-26 15:08:00,1.11,1.11,1.11,1.11,200.0
2019-03-26 15:10:00,1.1068,1.11,1.1068,1.11,4100.0
2019-03-26 15:33:00,1.11,1.11,1.11,1.11,10748.0
2019-03-26 15:34:00,1.11,1.11,1.11,1.11,10038.0
2019-03-26 15:42:00,1.11,1.11,1.11,1.11,100.0
2019-03-26 15:54:00,1.11,1.111,1.11,1.11,0.0
2019-03-27 09:31:00,1.12,1.12,1.11,1.11,0.0
2019-03-27 09:47:00,1.13,1.13,1.1263,1.1263,5020.0
2019-03-27 10:16:00,1.1274,1.1274,1.1274,1.1274,4001.0
2019-03-27 10:22:00,1.11,1.11,1.11,1.11,25000.0
2019-03-27 10:24:00,1.1101,1.1101,1.1101,1.1101,1000.0
2019-03-27 10:56:00,1.11,1.11,1.11,1.11,10140.0
2019-03-27 10:58:00,1.1225,1.1225,1.1225,1.1225,1000.0
2019-03-27 11:03:00,1.11,1.11,1.11,1.11,100.0
2019-03-27 11:05:00,1.1105,1.1105,1.1105,1.1105,2500.0
2019-03-27 11:07:00,1.118,1.118,1.118,1.118,109.0
2019-03-27 11:17:00,1.11,1.11,1.11,1.11,100.0
2019-03-27 11:24:00,1.12,1.12,1.12,1.12,250.0
2019-03-27 11:30:00,1.11,1.11,1.11,1.11,1700.0
2019-03-27 11:31:00,1.12,1.12,1.11,1.115,23300.0
2019-03-27 11:32:00,1.12,1.12,1.12,1.12,101.0
2019-03-27 11:48:00,1.12,1.12,1.12,1.12,100.0
2019-03-27 11:52:00,1.12,1.12,1.12,1.12,185.0
2019-03-27 12:03:00,1.12,1.12,1.12,1.12,100.0
2019-03-27 12:06:00,1.12,1.12,1.11,1.12,26700.0
2019-03-27 12:14:00,1.11,1.11,1.11,1.11,1500.0
2019-03-27 12:19:00,1.11,1.11,1.11,1.11,100.0
2019-03-27 12:35:00,1.11,1.11,1.11,1.11,100.0
2019-03-27 12:52:00,1.11,1.11,1.11,1.11,100.0
2019-03-27 13:09:00,1.11,1.11,1.11,1.11,100.0
2019-03-27 13:16:00,1.12,1.12,1.12,1.12,100.0
2019-03-27 13:26:00,1.11,1.11,1.11,1.11,100.0
2019-03-27 13:38:00,1.1256,1.1256,1.1256,1.1256,5000.0
2019-03-27 13:42:00,1.11,1.11,1.11,1.11,300.0
2019-03-27 14:09:00,1.1134,1.1134,1.1134,1.1134,140.0
2019-03-27 14:11:00,1.11,1.11,1.1,1.1,1400.0
2019-03-27 14:26:00,1.1,1.1,1.1,1.1,100.0
2019-03-27 14:41:00,1.1,1.1,1.1,1.1,100.0
2019-03-27 14:44:00,1.11,1.12,1.11,1.11,2100.0
2019-03-27 14:55:00,1.11,1.11,1.1,1.1,10100.0
2019-03-27 15:01:00,1.1001,1.1001,1.1001,1.1001,2000.0
2019-03-27 15:08:00,1.1,1.1,1.1,1.1,100.0
2019-03-27 15:20:00,1.1,1.1,1.1,1.1,100.0
2019-03-27 15:31:00,1.1,1.1,1.1,1.1,100.0
2019-03-27 15:35:00,1.1001,1.1001,1.1001,1.1001,1000.0
2019-03-27 15:41:00,1.1,1.1,1.1,1.1,100.0
2019-03-27 15:51:00,1.1,1.1,1.1,1.1,100.0
2019-03-27 15:52:00,1.1,1.1055,1.1,1.1055,1282.0
2019-03-27 15:56:00,1.109,1.109,1.103,1.103,1500.0
2019-03-27 16:00:00,1.1,1.1,1.1,1.1,200.0
2019-03-28 09:31:00,1.14,1.14,1.13,1.13,0.0
2019-03-28 09:32:00,1.139,1.139,1.139,1.139,0.0
2019-03-28 09:36:00,1.135,1.135,1.135,1.135,136.0
2019-03-28 09:50:00,1.1399,1.1399,1.1399,1.1399,315.0
2019-03-28 09:53:00,1.131,1.131,1.131,1.131,1100.0
2019-03-28 09:54:00,1.1399,1.1399,1.1399,1.1399,400.0
2019-03-28 10:17:00,1.13,1.13,1.13,1.13,15906.0
2019-03-28 10:40:00,1.14,1.14,1.14,1.14,200.0
2019-03-28 10:54:00,1.13,1.13,1.13,1.13,200.0
2019-03-28 10:55:00,1.11,1.11,1.11,1.11,4426.0
2019-03-28 11:00:00,1.1,1.1,1.1,1.1,100.0
2019-03-28 11:02:00,1.1039,1.1039,1.1039,1.1039,2100.0
2019-03-28 11:11:00,1.1001,1.1001,1.1001,1.1001,2400.0
2019-03-28 11:12:00,1.1,1.1,1.1,1.1,2500.0
2019-03-28 11:21:00,1.1,1.1,1.1,1.1,2500.0
2019-03-28 11:25:00,1.11,1.11,1.1,1.1,390.0
2019-03-28 11:42:00,1.11,1.11,1.11,1.11,100.0
2019-03-28 11:43:00,1.1,1.1,1.1,1.1,600.0
2019-03-28 11:44:00,1.11,1.11,1.11,1.11,7000.0
2019-03-28 11:51:00,1.1102,1.1102,1.1,1.1,5099.0
2019-03-28 11:56:00,1.12,1.12,1.12,1.12,200.0
2019-03-28 12:17:00,1.12,1.12,1.12,1.12,200.0
2019-03-28 12:55:00,1.11,1.11,1.11,1.11,27308.0
2019-03-28 12:58:00,1.11,1.11,1.11,1.11,200.0
2019-03-28 13:01:00,1.11,1.11,1.11,1.11,100.0
2019-03-28 13:11:00,1.11,1.1114,1.11,1.1114,1100.0
2019-03-28 13:17:00,1.11,1.11,1.11,1.11,100.0
2019-03-28 13:20:00,1.11,1.11,1.11,1.11,100.0
2019-03-28 13:25:00,1.11,1.11,1.11,1.11,22227.0
2019-03-28 13:33:00,1.11,1.11,1.11,1.11,100.0
2019-03-28 13:42:00,1.11,1.11,1.11,1.11,100.0
2019-03-28 13:55:00,1.11,1.11,1.11,1.11,100.0
2019-03-28 14:03:00,1.12,1.12,1.11,1.11,300.0
2019-03-28 14:12:00,1.11,1.11,1.11,1.11,100.0
2019-03-28 14:19:00,1.11,1.11,1.11,1.11,100.0
2019-03-28 14:29:00,1.11,1.11,1.11,1.11,102.0
2019-03-28 14:38:00,1.11,1.11,1.11,1.11,100.0
2019-03-28 14:50:00,1.11,1.11,1.11,1.11,100.0
2019-03-28 15:00:00,1.1,1.11,1.1,1.11,410.0
2019-03-28 15:05:00,1.11,1.11,1.11,1.11,100.0
2019-03-28 15:09:00,1.11,1.11,1.11,1.11,100.0
2019-03-28 15:18:00,1.1,1.1,1.1,1.1,900.0
2019-03-28 15:42:00,1.11,1.11,1.11,1.11,100.0
2019-03-28 15:44:00,1.1054,1.1054,1.1,1.1,4094.0
2019-03-28 15:49:00,1.1099,1.1099,1.1099,1.1099,1000.0
2019-03-28 15:51:00,1.1055,1.1055,1.1055,1.1055,2000.0
2019-03-28 15:56:00,1.11,1.11,1.11,1.11,6679.0
2019-03-28 15:57:00,1.1,1.1,1.1,1.1,205.0
2019-03-29 09:31:00,1.12,1.12,1.09,1.1001,0.0
2019-03-29 09:44:00,1.1056,1.1056,1.1056,1.1056,1000.0
2019-03-29 09:48:00,1.1056,1.1056,1.1056,1.1056,2000.0
2019-03-29 09:56:00,1.1066,1.1066,1.1,1.1,7000.0
2019-03-29 10:02:00,1.1061,1.1061,1.1061,1.1061,2000.0
2019-03-29 10:05:00,1.1,1.1,1.1,1.1,2500.0
2019-03-29 10:11:00,1.1001,1.1001,1.1001,1.1001,2000.0
2019-03-29 10:19:00,1.12,1.12,1.12,1.12,100.0
2019-03-29 10:20:00,1.11,1.11,1.11,1.11,1661.0
2019-03-29 11:14:00,1.11,1.11,1.11,1.11,100.0
2019-03-29 11:24:00,1.105,1.105,1.105,1.105,520.0
2019-03-29 11:47:00,1.1049,1.1049,1.1049,1.1049,500.0
2019-03-29 11:50:00,1.11,1.11,1.11,1.11,100.0
2019-03-29 12:04:00,1.11,1.11,1.11,1.11,111.0
2019-03-29 12:13:00,1.11,1.11,1.1073,1.1073,1000.0
2019-03-29 12:19:00,1.11,1.11,1.1,1.1,10100.0
2019-03-29 12:38:00,1.1082,1.1082,1.1,1.1,8200.0
2019-03-29 13:56:00,1.11,1.11,1.11,1.11,200.0
2019-03-29 14:19:00,1.1,1.1014,1.1,1.1014,5000.0
2019-03-29 14:26:00,1.11,1.11,1.11,1.11,100.0
2019-03-29 14:30:00,1.1003,1.1003,1.1003,1.1003,101.0
2019-03-29 14:58:00,1.11,1.11,1.11,1.11,100.0
2019-03-29 15:01:00,1.1045,1.1045,1.1045,1.1045,1000.0
2019-03-29 15:06:00,1.1035,1.1035,1.1035,1.1035,545.0
2019-03-29 15:29:00,1.1017,1.1017,1.1017,1.1017,500.0
2019-04-01 09:31:00,1.11,1.11,1.11,1.11,0.0
2019-04-01 09:37:00,1.1045,1.1045,1.1045,1.1045,1500.0
2019-04-01 09:38:00,1.0883,1.0883,1.0883,1.0883,7800.0
2019-04-01 09:41:00,1.1,1.1,1.1,1.1,303.0
2019-04-01 09:45:00,1.1,1.1,1.1,1.1,4800.0
2019-04-01 09:47:00,1.1,1.1,1.1,1.1,140.0
2019-04-01 09:49:00,1.1,1.1,1.1,1.1,1100.0
2019-04-01 09:56:00,1.0923,1.0923,1.0923,1.0923,5000.0
2019-04-01 09:58:00,1.1,1.1,1.1,1.1,18200.0
2019-04-01 10:03:00,1.1,1.1,1.1,1.1,700.0
2019-04-01 10:04:00,1.095,1.095,1.095,1.095,4300.0
2019-04-01 10:07:00,1.1,1.1,1.1,1.1,3500.0
2019-04-01 10:09:00,1.1,1.1,1.1,1.1,4000.0
2019-04-01 10:10:00,1.1178,1.1178,1.1178,1.1178,14000.0
2019-04-01 10:13:00,1.14,1.14,1.14,1.14,8600.0
2019-04-01 10:33:00,1.13,1.13,1.13,1.13,100.0
2019-04-01 10:41:00,1.1299,1.1299,1.1299,1.1299,5900.0
2019-04-01 10:42:00,1.1264,1.1264,1.1264,1.1264,250.0
2019-04-01 10:51:00,1.13,1.13,1.12,1.12,5200.0
2019-04-01 12:37:00,1.1273,1.1273,1.12,1.12,7700.0
2019-04-01 12:41:00,1.13,1.13,1.13,1.13,100.0
2019-04-01 12:42:00,1.12,1.12,1.12,1.12,26000.0
2019-04-01 12:49:00,1.125,1.125,1.125,1.125,900.0
2019-04-01 12:50:00,1.12,1.12,1.12,1.12,1475.0
2019-04-01 12:52:00,1.13,1.13,1.13,1.13,300.0
2019-04-01 12:54:00,1.12,1.12,1.12,1.12,2700.0
2019-04-01 12:55:00,1.13,1.13,1.13,1.13,7900.0
2019-04-01 12:57:00,1.12,1.12,1.12,1.12,1125.0
2019-04-01 12:58:00,1.13,1.13,1.13,1.13,175.0
2019-04-01 13:01:00,1.13,1.13,1.13,1.13,4975.0
2019-04-01 13:04:00,1.13,1.13,1.13,1.13,500.0
2019-04-01 13:05:00,1.12,1.12,1.12,1.12,100.0
2019-04-01 13:06:00,1.13,1.13,1.13,1.13,200.0
2019-04-01 13:12:00,1.13,1.13,1.13,1.13,400.0
2019-04-01 13:15:00,1.13,1.13,1.13,1.13,200.0
2019-04-01 13:18:00,1.13,1.13,1.13,1.13,227.0
2019-04-01 13:21:00,1.13,1.13,1.13,1.13,300.0
2019-04-01 13:24:00,1.13,1.13,1.13,1.13,275.0
2019-04-01 13:29:00,1.13,1.13,1.13,1.13,225.0
2019-04-01 13:32:00,1.13,1.14,1.13,1.14,300.0
2019-04-01 13:35:00,1.13,1.13,1.13,1.13,3000.0
2019-04-01 13:38:00,1.13,1.13,1.13,1.13,400.0
2019-04-01 13:41:00,1.13,1.13,1.13,1.13,200.0
2019-04-01 13:42:00,1.12,1.12,1.12,1.12,8500.0
2019-04-01 13:43:00,1.12,1.12,1.12,1.12,2800.0
2019-04-01 13:44:00,1.13,1.13,1.13,1.13,500.0
2019-04-01 13:46:00,1.12,1.13,1.12,1.13,1100.0
2019-04-01 13:52:00,1.13,1.13,1.12,1.12,2100.0
2019-04-01 13:58:00,1.12,1.12,1.12,1.12,1100.0
2019-04-01 13:59:00,1.12,1.12,1.12,1.12,100.0
2019-04-01 14:00:00,1.12,1.12,1.12,1.12,500.0
2019-04-01 14:03:00,1.13,1.13,1.13,1.13,11625.0
2019-04-01 14:06:00,1.14,1.14,1.13,1.13,12000.0
2019-04-01 14:09:00,1.14,1.15,1.14,1.15,22899.0
2019-04-01 14:12:00,1.14,1.14,1.14,1.14,2300.0
2019-04-01 14:17:00,1.17,1.17,1.17,1.17,700.0
2019-04-01 14:18:00,1.14,1.14,1.14,1.14,4700.0
2019-04-01 14:21:00,1.17,1.17,1.17,1.17,300.0
2019-04-01 14:24:00,1.17,1.17,1.17,1.17,300.0
2019-04-01 14:29:00,1.17,1.17,1.17,1.17,600.0
2019-04-01 14:32:00,1.17,1.17,1.17,1.17,900.0
2019-04-01 14:34:00,1.1558,1.1558,1.1558,1.1558,4000.0
2019-04-01 14:35:00,1.16,1.16,1.16,1.16,400.0
2019-04-01 14:38:00,1.16,1.16,1.16,1.16,200.0
2019-04-01 14:41:00,1.16,1.16,1.16,1.16,200.0
2019-04-01 14:44:00,1.17,1.17,1.17,1.17,8360.0
2019-04-01 14:46:00,1.17,1.17,1.17,1.17,700.0
2019-04-01 14:49:00,1.17,1.17,1.17,1.17,200.0
2019-04-01 14:52:00,1.17,1.17,1.17,1.17,260.0
2019-04-01 15:02:00,1.16,1.16,1.16,1.16,1260.0
2019-04-01 15:12:00,1.15,1.15,1.15,1.15,1599.0
2019-04-01 15:35:00,1.1446,1.15,1.1446,1.15,2200.0
2019-04-01 15:44:00,1.14,1.14,1.14,1.14,1100.0
2019-04-01 15:47:00,1.14,1.14,1.14,1.14,2600.0
2019-04-01 15:50:00,1.14,1.14,1.14,1.14,8774.0
2019-04-01 15:53:00,1.14,1.14,1.14,1.14,15000.0
2019-04-01 15:59:00,1.13,1.13,1.13,1.13,7500.0
2019-04-02 09:31:00,1.13,1.13,1.13,1.13,4820.0
2019-04-02 09:47:00,1.1291,1.13,1.1291,1.13,2007.0
2019-04-02 09:50:00,1.12,1.12,1.12,1.12,2000.0
2019-04-02 09:53:00,1.12,1.12,1.12,1.12,1100.0
2019-04-02 09:56:00,1.1222,1.1222,1.1222,1.1222,3400.0
2019-04-02 10:00:00,1.12,1.12,1.12,1.12,200.0
2019-04-02 10:07:00,1.12,1.12,1.12,1.12,200.0
2019-04-02 10:18:00,1.129,1.129,1.129,1.129,2000.0
2019-04-02 10:34:00,1.12,1.12,1.12,1.12,26266.0
2019-04-02 10:36:00,1.12,1.12,1.12,1.12,100.0
2019-04-02 10:40:00,1.12,1.12,1.12,1.12,200.0
2019-04-02 10:49:00,1.1125,1.1125,1.1125,1.1125,5000.0
2019-04-02 10:50:00,1.1163,1.1163,1.1163,1.1163,1950.0
2019-04-02 10:55:00,1.11,1.11,1.11,1.11,200.0
2019-04-02 10:58:00,1.1123,1.1123,1.1123,1.1123,7000.0
2019-04-02 11:24:00,1.1193,1.1193,1.1193,1.1193,1356.0
2019-04-02 11:27:00,1.11,1.11,1.11,1.11,200.0
2019-04-02 12:10:00,1.11,1.11,1.11,1.11,200.0
2019-04-02 12:22:00,1.12,1.12,1.12,1.12,500.0
2019-04-02 12:47:00,1.1174,1.1174,1.1174,1.1174,100.0
2019-04-02 12:54:00,1.11,1.11,1.11,1.11,200.0
2019-04-02 13:06:00,1.13,1.13,1.13,1.13,100.0
2019-04-02 13:41:00,1.11,1.11,1.11,1.11,400.0
2019-04-02 13:42:00,1.1284,1.1284,1.1284,1.1284,5000.0
2019-04-02 13:46:00,1.11,1.11,1.09,1.09,22144.0
2019-04-02 14:03:00,1.09,1.09,1.09,1.09,2580.0
2019-04-02 14:07:00,1.095,1.095,1.095,1.095,135.0
2019-04-02 14:14:00,1.09,1.09,1.09,1.09,100.0
2019-04-02 14:15:00,1.09,1.09,1.09,1.09,100.0
2019-04-02 14:17:00,1.09,1.09,1.09,1.09,100.0
2019-04-02 14:18:00,1.09,1.09,1.09,1.09,100.0
2019-04-02 14:25:00,1.09,1.09,1.09,1.09,200.0
2019-04-02 15:00:00,1.09,1.09,1.09,1.09,169.0
2019-04-02 15:01:00,1.1,1.1,1.1,1.1,100.0
2019-04-02 15:14:00,1.099,1.099,1.09,1.09,844.0
2019-04-02 15:15:00,1.0901,1.0901,1.0901,1.0901,750.0
2019-04-02 15:26:00,1.09,1.09,1.09,1.09,100.0
2019-04-02 15:37:00,1.095,1.095,1.095,1.095,100.0
2019-04-02 15:39:00,1.09,1.09,1.09,1.09,100.0
2019-04-02 15:40:00,1.09,1.09,1.09,1.09,300.0
2019-04-02 15:42:00,1.09,1.09,1.09,1.09,100.0
2019-04-02 15:44:00,1.09,1.09,1.09,1.09,100.0
2019-04-02 15:45:00,1.09,1.09,1.09,1.09,100.0
2019-04-02 15:47:00,1.09,1.09,1.09,1.09,200.0
2019-04-02 15:48:00,1.09,1.09,1.09,1.09,100.0
2019-04-02 15:49:00,1.09,1.09,1.09,1.09,100.0
2019-04-02 15:51:00,1.09,1.09,1.09,1.09,200.0
2019-04-02 15:52:00,1.09,1.09,1.09,1.09,100.0
2019-04-02 15:53:00,1.09,1.09,1.09,1.09,100.0
2019-04-02 15:54:00,1.09,1.09,1.09,1.09,100.0
2019-04-02 15:55:00,1.09,1.09,1.09,1.09,100.0
2019-04-02 15:56:00,1.09,1.0999,1.09,1.099,1200.0
2019-04-02 15:57:00,1.0987,1.0987,1.09,1.09,300.0
2019-04-02 15:58:00,1.09,1.09,1.09,1.09,100.0
2019-04-02 15:59:00,1.09,1.09,1.09,1.09,200.0
2019-04-02 16:00:00,1.09,1.09,1.09,1.09,345.0
2019-04-03 09:31:00,1.1,1.1,1.1,1.1,0.0
2019-04-03 09:43:00,1.1196,1.1196,1.1196,1.1196,250.0
2019-04-03 09:49:00,1.1055,1.1055,1.1055,1.1055,300.0
2019-04-03 09:50:00,1.1055,1.1055,1.1055,1.1055,600.0
2019-04-03 10:01:00,1.1001,1.1001,1.1001,1.1001,1200.0
2019-04-03 10:12:00,1.1186,1.1186,1.1,1.1167,7550.0
2019-04-03 10:13:00,1.1167,1.1167,1.1167,1.1167,1510.0
2019-04-03 10:24:00,1.12,1.12,1.12,1.12,100.0
2019-04-03 10:27:00,1.1,1.1,1.1,1.1,1300.0
2019-04-03 10:32:00,1.1,1.1,1.1,1.1,600.0
2019-04-03 10:42:00,1.1,1.1,1.1,1.1,600.0
2019-04-03 10:43:00,1.099,1.1,1.099,1.1,600.0
2019-04-03 10:53:00,1.1,1.1,1.1,1.1,100.0
2019-04-03 10:54:00,1.09,1.09,1.09,1.09,100.0
2019-04-03 10:56:00,1.09,1.09,1.09,1.09,300.0
2019-04-03 11:02:00,1.095,1.095,1.095,1.095,248.0
2019-04-03 11:22:00,1.09,1.09,1.08,1.08,1413.0
2019-04-03 11:24:00,1.09,1.09,1.09,1.09,1000.0
2019-04-03 11:25:00,1.08,1.08,1.08,1.08,200.0
2019-04-03 11:26:00,1.09,1.09,1.09,1.09,100.0
2019-04-03 11:40:00,1.1,1.1,1.09,1.09,1192.0
2019-04-03 11:54:00,1.08,1.087,1.08,1.087,5700.0
2019-04-03 11:55:00,1.08,1.08,1.08,1.08,100.0
2019-04-03 11:58:00,1.09,1.09,1.09,1.09,5000.0
2019-04-03 12:02:00,1.0935,1.0935,1.0935,1.0935,2500.0
2019-04-03 12:06:00,1.09,1.09,1.08,1.08,15800.0
2019-04-03 12:07:00,1.081,1.081,1.081,1.081,2500.0
2019-04-03 12:09:00,1.0822,1.0822,1.0822,1.0822,2500.0
2019-04-03 12:10:00,1.085,1.085,1.0736,1.0736,6620.0
2019-04-03 12:32:00,1.0899,1.0899,1.0899,1.0899,6500.0
2019-04-03 12:43:00,1.07,1.07,1.07,1.07,100.0
2019-04-03 12:47:00,1.0754,1.0754,1.0754,1.0754,670.0
2019-04-03 12:48:00,1.0846,1.0846,1.0846,1.0846,100.0
2019-04-03 12:57:00,1.08,1.08,1.08,1.08,200.0
2019-04-03 13:04:00,1.07,1.07,1.07,1.07,100.0
2019-04-03 13:20:00,1.08,1.08,1.08,1.08,4200.0
2019-04-03 13:26:00,1.07,1.07,1.07,1.07,100.0
2019-04-03 13:38:00,1.07,1.07,1.07,1.07,200.0
2019-04-03 13:44:00,1.075,1.075,1.07,1.07,10460.0
2019-04-03 13:47:00,1.07,1.07,1.07,1.07,100.0
2019-04-03 13:56:00,1.0747,1.0747,1.0747,1.0747,1000.0
2019-04-03 14:00:00,1.0627,1.0627,1.0627,1.0627,4000.0
2019-04-03 14:07:00,1.06,1.06,1.06,1.06,4050.0
2019-04-03 14:10:00,1.06,1.06,1.06,1.06,200.0
2019-04-03 14:15:00,1.0653,1.0653,1.0653,1.0653,1000.0
2019-04-03 14:19:00,1.07,1.07,1.07,1.07,100.0
2019-04-03 14:25:00,1.06,1.06,1.06,1.06,100.0
2019-04-03 14:44:00,1.06,1.06,1.06,1.06,100.0
2019-04-03 14:46:00,1.06,1.06,1.06,1.06,200.0
2019-04-03 14:49:00,1.07,1.07,1.07,1.07,10000.0
2019-04-03 14:50:00,1.0653,1.0653,1.0653,1.0653,250.0
2019-04-03 15:01:00,1.06,1.06,1.06,1.06,100.0
2019-04-03 15:10:00,1.07,1.07,1.07,1.07,169.0
2019-04-03 15:16:00,1.06,1.06,1.06,1.06,200.0
2019-04-03 15:22:00,1.065,1.065,1.06,1.06,2741.0
2019-04-03 15:32:00,1.055,1.055,1.055,1.055,100.0
2019-04-03 15:40:00,1.05,1.0513,1.05,1.05,17687.0
2019-04-03 15:41:00,1.05,1.05,1.05,1.05,1214.0
2019-04-03 15:42:00,1.055,1.055,1.055,1.055,100.0
2019-04-03 15:43:00,1.054,1.054,1.05,1.05,6000.0
2019-04-03 15:46:00,1.055,1.055,1.055,1.055,100.0
2019-04-03 15:49:00,1.06,1.06,1.06,1.06,100.0
2019-04-03 15:51:00,1.055,1.055,1.055,1.055,200.0
2019-04-03 15:56:00,1.055,1.07,1.055,1.07,2200.0
2019-04-03 15:57:00,1.065,1.09,1.065,1.09,12097.0
2019-04-03 15:58:00,1.09,1.09,1.09,1.09,1995.0
