
2019-03-19 09:32:00,1.0007,1.0007,1.0007,1.0007,15833.0
2019-03-19 09:33:00,1.03,1.03,1.03,1.03,6295.0
2019-03-19 09:35:00,1.03,1.03,1.03,1.03,447.0
2019-03-19 09:49:00,1.029,1.029,1.029,1.029,4755.0
2019-03-19 10:08:00,1.03,1.03,1.03,1.03,269.0
2019-03-19 10:38:00,1.03,1.03,1.03,1.03,389.0
2019-03-19 10:44:00,1.0201,1.0201,1.0201,1.0201,160.0
2019-03-19 11:20:00,1.02,1.02,1.02,1.02,1900.0
2019-03-19 11:21:00,1.01,1.01,1.01,1.01,2020.0
2019-03-19 12:01:00,1.02,1.02,1.02,1.02,1200.0
2019-03-19 12:07:00,1.02,1.02,1.01,1.01,11473.0
2019-03-19 12:10:00,1.01,1.01,1.01,1.01,103.0
2019-03-19 12:15:00,1.0,1.0,1.0,1.0,170.0
2019-03-19 12:19:00,1.0,1.0,1.0,1.0,782.0
2019-03-19 12:25:00,1.01,1.01,1.01,1.01,510.0
2019-03-19 12:31:00,1.01,1.01,1.01,1.01,101.0
2019-03-19 12:41:00,1.01,1.01,1.01,1.01,181.0
2019-03-19 12:52:00,1.015,1.015,1.015,1.015,100.0
2019-03-19 12:53:00,1.01,1.015,1.01,1.015,1400.0
2019-03-19 13:05:00,1.02,1.02,1.02,1.02,243.0
2019-03-19 13:29:00,1.02,1.02,1.02,1.02,543.0
2019-03-19 13:32:00,1.01,1.01,1.01,1.01,6657.0
2019-03-19 13:44:00,1.0104,1.0104,1.0104,1.0104,204.0
2019-03-19 13:51:00,1.01,1.01,1.01,1.01,100.0
2019-03-19 14:00:00,1.02,1.02,1.02,1.02,10010.0
2019-03-19 14:09:00,1.01,1.01,1.01,1.01,100.0
2019-03-19 14:10:00,1.0101,1.0101,1.0101,1.0101,1090.0
2019-03-19 14:24:00,1.019,1.02,1.019,1.02,10665.0
2019-03-19 14:29:00,1.017,1.017,1.017,1.017,2500.0
2019-03-19 14:31:00,1.02,1.02,1.02,1.02,100.0
2019-03-19 14:43:00,1.02,1.025,1.02,1.025,5376.0
2019-03-19 14:51:00,1.0221,1.0221,1.0221,1.0221,2419.0
2019-03-19 15:08:00,1.02,1.02,1.02,1.02,3200.0
2019-03-19 15:19:00,1.02,1.02,1.02,1.02,250.0
2019-03-19 15:32:00,1.02,1.03,1.02,1.03,370.0
2019-03-19 15:47:00,1.02,1.02,1.02,1.02,102.0
2019-03-19 15:56:00,1.025,1.025,1.025,1.025,109.0
2019-03-20 09:31:00,1.02,1.02,1.02,1.02,1323.0
2019-03-20 09:59:00,1.05,1.05,1.05,1.05,800.0
2019-03-20 10:07:00,1.019,1.019,1.01,1.01,1191.0
2019-03-20 10:19:00,1.0201,1.0201,1.0201,1.0201,135.0
2019-03-20 10:27:00,1.02,1.02,1.02,1.02,493.0
2019-03-20 11:03:00,1.03,1.03,1.03,1.03,200.0
2019-03-20 11:22:00,1.03,1.03,1.01,1.01,13302.0
2019-03-20 11:25:00,1.02,1.02,1.02,1.02,25201.0
2019-03-20 11:26:00,1.02,1.02,1.02,1.02,200.0
2019-03-20 11:31:00,1.02,1.02,1.02,1.02,101.0
2019-03-20 11:51:00,1.04,1.04,1.04,1.04,100.0
2019-03-20 12:03:00,1.04,1.04,1.04,1.04,100.0
2019-03-20 12:06:00,1.04,1.04,1.04,1.04,772.0
2019-03-20 12:13:00,1.04,1.04,1.04,1.04,2000.0
2019-03-20 12:21:00,1.0399,1.0399,1.0399,1.0399,723.0
2019-03-20 13:09:00,1.0367,1.0367,1.03,1.03,1452.0
2019-03-20 13:36:00,1.04,1.04,1.04,1.04,100.0
2019-03-20 13:40:00,1.0348,1.0348,1.0348,1.0348,400.0
2019-03-20 13:42:00,1.0336,1.0336,1.0336,1.0336,1283.0
2019-03-20 13:58:00,1.04,1.04,1.04,1.04,141.0
2019-03-20 14:18:00,1.04,1.04,1.04,1.04,150.0
2019-03-20 14:22:00,1.0352,1.0352,1.0352,1.0352,340.0
2019-03-20 14:38:00,1.0352,1.0352,1.0352,1.0352,329.0
2019-03-20 16:00:00,1.0368,1.04,1.0368,1.04,456.0
2019-03-21 09:31:00,1.05,1.05,1.05,1.05,152.0
2019-03-21 10:00:00,1.01,1.01,1.01,1.01,200.0
2019-03-21 10:01:00,1.0313,1.0313,1.0313,1.0313,1430.0
2019-03-21 10:07:00,1.03,1.03,1.03,1.03,250.0
2019-03-21 10:16:00,1.0381,1.0381,1.0381,1.0381,1034.0
2019-03-21 10:48:00,1.0365,1.0365,1.0365,1.0365,126.0
2019-03-21 11:17:00,1.0301,1.0301,1.0301,1.0301,1024.0
2019-03-21 11:18:00,1.0301,1.0301,1.03,1.03,4550.0
2019-03-21 11:23:00,1.03,1.03,1.03,1.03,747.0
2019-03-21 11:26:00,1.035,1.035,1.035,1.035,100.0
2019-03-21 11:29:00,1.0352,1.0352,1.0352,1.0352,3100.0
2019-03-21 11:31:00,1.03,1.03,1.02,1.02,1485.0
2019-03-21 11:32:00,1.03,1.03,1.03,1.03,600.0
2019-03-21 11:35:00,1.03,1.03,1.03,1.03,836.0
2019-03-21 11:48:00,1.0385,1.0385,1.0385,1.0385,200.0
2019-03-21 11:53:00,1.03,1.03,1.03,1.03,100.0
2019-03-21 11:54:00,1.0307,1.0307,1.0307,1.0307,1221.0
2019-03-21 12:01:00,1.03,1.03,1.03,1.03,330.0
2019-03-21 12:08:00,1.03,1.03,1.03,1.03,1820.0
2019-03-21 12:09:00,1.04,1.04,1.04,1.04,8580.0
2019-03-21 12:13:00,1.03,1.05,1.03,1.05,12684.0
2019-03-21 12:19:00,1.0417,1.0417,1.0417,1.0417,1030.0
2019-03-21 12:20:00,1.04,1.04,1.04,1.04,300.0
2019-03-21 12:23:00,1.0409,1.0409,1.0409,1.0409,5000.0
2019-03-21 12:25:00,1.045,1.045,1.045,1.045,400.0
2019-03-21 12:27:00,1.03,1.03,1.03,1.03,1700.0
2019-03-21 12:28:00,1.0208,1.0208,1.0208,1.0208,700.0
2019-03-21 12:45:00,1.02,1.02,1.02,1.02,100.0
2019-03-21 12:48:00,1.02,1.02,1.02,1.02,200.0
2019-03-21 12:52:00,1.0208,1.0208,1.0208,1.0208,200.0
2019-03-21 12:56:00,1.0253,1.0253,1.0253,1.0253,1000.0
2019-03-21 13:04:00,1.0365,1.04,1.0365,1.04,600.0
2019-03-21 13:19:00,1.03,1.03,1.03,1.03,112.0
2019-03-21 13:28:00,1.0343,1.0343,1.03,1.03,588.0
2019-03-21 13:35:00,1.03,1.03,1.03,1.03,100.0
2019-03-21 13:50:00,1.03,1.03,1.03,1.03,100.0
2019-03-21 13:51:00,1.03,1.03,1.03,1.03,4360.0
2019-03-21 14:04:00,1.02,1.02,1.02,1.02,100.0
2019-03-21 14:19:00,1.02,1.02,1.02,1.02,126.0
2019-03-21 14:30:00,1.02,1.02,1.02,1.02,100.0
2019-03-21 14:31:00,1.02,1.02,1.02,1.02,3120.0
2019-03-21 14:34:00,1.015,1.015,1.015,1.015,3304.0
2019-03-21 14:52:00,1.01,1.02,1.01,1.02,203.0
2019-03-21 15:08:00,1.01,1.01,1.01,1.01,110.0
2019-03-21 15:20:00,1.01,1.01,1.01,1.01,219.0
2019-03-21 15:31:00,1.01,1.01,1.01,1.01,100.0
2019-03-21 15:32:00,1.02,1.02,1.02,1.02,100.0
2019-03-21 15:35:00,1.02,1.02,1.02,1.02,245.0
2019-03-21 15:47:00,1.01,1.01,1.01,1.01,100.0
2019-03-21 15:48:00,1.0151,1.0151,1.0151,1.0151,111.0
2019-03-21 15:56:00,1.02,1.02,1.02,1.02,573.0
2019-03-22 09:32:00,1.05,1.05,1.03,1.03,0.0
2019-03-22 09:33:00,1.02,1.02,1.02,1.02,0.0
2019-03-22 09:40:00,1.01,1.01,1.01,1.01,2031.0
2019-03-22 09:41:00,1.0256,1.0256,1.0256,1.0256,2161.0
2019-03-22 09:44:00,1.03,1.03,1.03,1.03,100.0
2019-03-22 09:48:00,1.02,1.02,1.01,1.01,3110.0
2019-03-22 10:12:00,1.03,1.03,1.03,1.03,101.0
2019-03-22 10:32:00,1.03,1.03,1.03,1.03,203.0
2019-03-22 10:53:00,1.03,1.03,1.03,1.03,188.0
2019-03-22 11:14:00,1.03,1.03,1.03,1.03,194.0
2019-03-22 11:36:00,1.03,1.03,1.03,1.03,112.0
2019-03-22 11:43:00,1.0134,1.0134,1.0134,1.0134,3000.0
2019-03-22 11:45:00,1.0151,1.0151,1.0151,1.0151,3201.0
2019-03-22 11:47:00,1.01,1.01,1.01,1.01,105.0
2019-03-22 11:57:00,1.01,1.01,1.01,1.01,100.0
2019-03-22 11:58:00,1.02,1.02,1.02,1.02,100.0
2019-03-22 12:20:00,1.02,1.02,1.01,1.01,310.0
2019-03-22 12:25:00,1.02,1.02,1.02,1.02,200.0
2019-03-22 12:27:00,1.02,1.02,1.02,1.02,100.0
2019-03-22 12:42:00,1.015,1.015,1.015,1.015,138.0
2019-03-22 13:06:00,1.02,1.02,1.02,1.02,100.0
2019-03-22 13:09:00,1.0199,1.0199,1.0199,1.0199,4503.0
2019-03-22 13:13:00,1.0119,1.0119,1.0119,1.0119,11523.0
2019-03-22 13:23:00,1.01,1.01,1.01,1.01,100.0
2019-03-22 13:24:00,1.015,1.015,1.015,1.015,200.0
2019-03-22 13:25:00,1.01,1.01,1.01,1.01,400.0
2019-03-22 13:29:00,1.01,1.01,1.01,1.01,200.0
2019-03-22 13:31:00,1.01,1.01,1.01,1.01,10195.0
2019-03-22 13:34:00,1.0,1.0,1.0,1.0,10433.0
2019-03-22 13:36:00,0.99,0.99,0.99,0.99,10533.0
2019-03-22 13:40:00,0.99,0.99,0.99,0.99,1011.0
2019-03-22 13:42:00,0.992,0.992,0.992,0.992,3010.0
2019-03-22 13:43:00,0.99,0.99,0.99,0.99,100.0
2019-03-22 13:50:00,0.99,0.99,0.99,0.99,100.0
2019-03-22 13:51:00,0.99,0.99,0.99,0.99,2000.0
2019-03-22 13:52:00,1.0,1.0,1.0,1.0,101.0
2019-03-22 13:56:00,0.98,0.98,0.98,0.98,211.0
2019-03-22 14:03:00,0.98,0.98,0.98,0.98,100.0
2019-03-22 14:04:00,0.99,0.99,0.99,0.99,2600.0
2019-03-22 14:05:00,0.9998,0.9998,0.9998,0.9998,7600.0
2019-03-22 14:06:00,0.9996,0.9996,0.9996,0.9996,5000.0
2019-03-22 14:07:00,0.9998,0.9998,0.9998,0.9998,10000.0
2019-03-22 14:08:00,0.9962,0.9962,0.99,0.99,5100.0
2019-03-22 14:09:00,0.9999,1.0,0.9999,1.0,16138.0
2019-03-22 14:14:00,1.005,1.005,1.005,1.005,105.0
2019-03-22 14:19:00,1.0,1.0,1.0,1.0,200.0
2019-03-22 14:24:00,1.0,1.0,1.0,1.0,223.0
2019-03-22 14:30:00,1.01,1.01,1.01,1.01,100.0
2019-03-22 14:31:00,1.0,1.005,1.0,1.0,6981.0
2019-03-22 14:41:00,1.0,1.0,1.0,1.0,109.0
2019-03-22 14:50:00,1.0,1.0,1.0,1.0,101.0
2019-03-22 14:56:00,1.005,1.005,1.005,1.005,200.0
2019-03-22 15:00:00,1.0,1.0,1.0,1.0,105.0
2019-03-22 15:06:00,1.01,1.01,1.01,1.01,165.0
2019-03-22 15:09:00,1.0,1.0,1.0,1.0,265.0
2019-03-22 15:14:00,1.005,1.005,1.005,1.005,200.0
2019-03-22 15:17:00,1.0,1.0,1.0,1.0,310.0
2019-03-22 15:25:00,1.0,1.0,1.0,1.0,110.0
2019-03-22 15:31:00,1.0,1.0,1.0,1.0,100.0
2019-03-22 15:35:00,1.0,1.0,1.0,1.0,100.0
2019-03-22 15:43:00,1.0065,1.0065,1.0,1.0,300.0
2019-03-22 15:45:00,1.005,1.005,1.005,1.005,100.0
2019-03-22 15:48:00,1.0,1.0,1.0,1.0,201.0
2019-03-22 15:52:00,1.0,1.0,1.0,1.0,100.0
2019-03-22 15:56:00,1.0,1.0,1.0,1.0,201.0
2019-03-22 15:58:00,1.005,1.005,1.005,1.005,201.0
2019-03-22 16:00:00,1.005,1.005,1.005,1.005,101.0
2019-03-25 09:31:00,0.99,0.99,0.99,0.99,1144.0
2019-03-25 09:53:00,0.9999,0.9999,0.9999,0.9999,100.0
2019-03-25 09:59:00,1.0,1.0,1.0,1.0,800.0
2019-03-25 10:18:00,0.98,0.98,0.98,0.98,100.0
2019-03-25 10:19:00,0.9805,0.9805,0.9805,0.9805,932.0
2019-03-25 10:28:00,1.0,1.0,1.0,1.0,201.0
2019-03-25 10:44:00,0.9901,0.9901,0.9901,0.9901,857.0
2019-03-25 10:55:00,0.9998,0.9998,0.9998,0.9998,190.0
2019-03-25 11:00:00,0.9949,0.9949,0.9949,0.9949,105.0
2019-03-25 11:05:00,0.9901,0.9901,0.9901,0.9901,100.0
2019-03-25 11:11:00,0.9995,0.9995,0.9995,0.9995,2098.0
2019-03-25 12:08:00,0.9934,0.9934,0.9934,0.9934,711.0
2019-03-25 12:49:00,0.99,0.99,0.99,0.99,1399.0
2019-03-25 12:50:00,0.9899,0.99,0.9899,0.99,3865.0
2019-03-25 12:55:00,1.0,1.0,1.0,1.0,100.0
2019-03-25 13:08:00,0.988,0.988,0.988,0.988,1200.0
2019-03-25 13:30:00,0.9915,0.9915,0.9915,0.9915,150.0
2019-03-25 13:35:00,0.99,0.99,0.989,0.989,2600.0
2019-03-25 13:59:00,0.995,0.995,0.995,0.995,331.0
2019-03-25 14:06:00,0.9915,0.9915,0.9915,0.9915,3145.0
2019-03-25 14:16:00,1.0,1.0,1.0,1.0,469.0
2019-03-25 14:36:00,1.0,1.0,1.0,1.0,132.0
2019-03-25 14:55:00,0.98,0.98,0.98,0.98,200.0
2019-03-25 15:05:00,1.0,1.0,1.0,1.0,315.0
2019-03-25 15:37:00,0.993,0.993,0.993,0.993,179.0
2019-03-26 09:45:00,0.9851,0.9851,0.9851,0.9851,2380.0
2019-03-26 09:54:00,0.9829,0.9829,0.9829,0.9829,1500.0
2019-03-26 09:57:00,0.9849,0.9849,0.9849,0.9849,502.0
2019-03-26 09:58:00,0.9849,0.9849,0.9849,0.9849,702.0
2019-03-26 10:01:00,0.9849,0.9849,0.9849,0.9849,400.0
2019-03-26 10:04:00,0.98,0.98,0.98,0.98,100.0
2019-03-26 10:11:00,0.9886,0.9886,0.9886,0.9886,5014.0
2019-03-26 10:26:00,0.9898,0.9898,0.9898,0.9898,325.0
2019-03-26 10:35:00,0.9899,0.9899,0.9899,0.9899,815.0
2019-03-26 10:37:00,0.9899,0.9899,0.9899,0.9899,850.0
2019-03-26 10:40:00,0.9863,0.9863,0.9863,0.9863,750.0
2019-03-26 10:41:00,0.983,0.983,0.983,0.983,157.0
2019-03-26 10:58:00,0.9898,0.9898,0.9898,0.9898,107.0
2019-03-26 11:09:00,0.9849,0.9849,0.9849,0.9849,6000.0
2019-03-26 11:10:00,0.9899,0.9899,0.9899,0.9899,104.0
2019-03-26 11:21:00,0.9898,0.9898,0.9898,0.9898,231.0
2019-03-26 11:41:00,0.9835,0.9835,0.9835,0.9835,100.0
2019-03-26 11:48:00,0.9899,0.9899,0.9899,0.9899,123.0
2019-03-26 12:27:00,0.9889,0.9889,0.9889,0.9889,102.0
2019-03-26 12:51:00,0.9889,0.9889,0.9889,0.9889,200.0
2019-03-26 12:53:00,0.9889,0.9889,0.9889,0.9889,200.0
2019-03-26 13:17:00,0.98,0.9889,0.98,0.9889,450.0
2019-03-26 13:31:00,0.9889,0.99,0.9889,0.99,10000.0
2019-03-26 13:33:00,0.98,0.98,0.98,0.98,2010.0
2019-03-26 13:42:00,0.9887,0.9887,0.9887,0.9887,100.0
2019-03-26 13:51:00,0.983,0.9887,0.983,0.9887,2121.0
2019-03-26 14:12:00,0.9885,0.9885,0.9885,0.9885,100.0
2019-03-26 14:17:00,0.98,0.98,0.98,0.98,550.0
2019-03-26 14:20:00,0.98,0.98,0.98,0.98,1930.0
2019-03-26 14:33:00,0.9801,0.9801,0.9801,0.9801,0.0
2019-03-26 14:38:00,0.98,0.98,0.98,0.98,4000.0
2019-03-26 14:55:00,0.9868,0.9868,0.9868,0.9868,210.0
2019-03-26 15:02:00,0.9844,0.9844,0.9844,0.9844,2238.0
2019-03-26 15:13:00,0.98,0.98,0.98,0.98,24253.0
2019-03-26 15:14:00,0.98,0.98,0.98,0.98,8194.0
2019-03-26 15:16:00,0.9683,0.981,0.9683,0.981,11278.0
2019-03-26 15:19:00,0.985,0.985,0.985,0.985,113.0
2019-03-26 15:24:00,0.9817,0.9817,0.9817,0.9817,1000.0
2019-03-26 15:39:00,0.9766,0.9766,0.9766,0.9766,270.0
2019-03-26 15:49:00,0.9839,0.9839,0.9839,0.9839,100.0
2019-03-26 15:52:00,0.9731,0.9731,0.9731,0.9731,601.0
2019-03-26 16:00:00,0.983,0.983,0.983,0.983,100.0
2019-03-27 09:31:00,1.02,1.02,0.9772,0.9772,0.0
2019-03-27 09:33:00,1.02,1.02,1.02,1.02,0.0
2019-03-27 09:55:00,0.9899,0.9899,0.9899,0.9899,200.0
2019-03-27 09:57:00,0.9801,0.9801,0.9801,0.9801,1090.0
2019-03-27 10:17:00,0.9849,0.9849,0.98,0.98,4800.0
2019-03-27 10:20:00,0.98,0.98,0.98,0.98,520.0
2019-03-27 10:21:00,0.976,0.976,0.976,0.976,1520.0
2019-03-27 10:22:00,0.9849,0.9849,0.9849,0.9849,3376.0
2019-03-27 10:23:00,0.98,0.98,0.957,0.958,10300.0
2019-03-27 10:24:00,0.955,0.955,0.955,0.955,10400.0
2019-03-27 10:25:00,0.955,0.955,0.955,0.955,400.0
2019-03-27 10:28:00,0.955,0.955,0.955,0.955,1568.0
2019-03-27 10:30:00,0.9601,0.9601,0.9601,0.9601,1743.0
2019-03-27 10:32:00,0.96,0.96,0.96,0.96,105.0
2019-03-27 10:40:00,0.96,0.96,0.96,0.96,100.0
2019-03-27 10:48:00,0.96,0.96,0.96,0.96,100.0
2019-03-27 10:56:00,0.96,0.96,0.96,0.96,100.0
2019-03-27 11:03:00,0.9696,0.9696,0.9696,0.9696,9278.0
2019-03-27 11:04:00,0.96,0.96,0.96,0.96,210.0
2019-03-27 11:06:00,0.9697,0.9697,0.9697,0.9697,100.0
2019-03-27 11:10:00,0.9696,0.9696,0.9696,0.9696,208.0
2019-03-27 11:11:00,0.96,0.96,0.96,0.96,100.0
2019-03-27 11:19:00,0.96,0.96,0.96,0.96,100.0
2019-03-27 11:22:00,0.9696,0.9696,0.9696,0.9696,100.0
2019-03-27 11:27:00,0.96,0.96,0.96,0.96,139.0
2019-03-27 11:35:00,0.96,0.96,0.96,0.96,100.0
2019-03-27 11:39:00,0.9695,0.9695,0.9695,0.9695,505.0
2019-03-27 11:40:00,0.9695,0.9695,0.9695,0.9695,11000.0
2019-03-27 11:42:00,0.9632,0.9632,0.9632,0.9632,11478.0
2019-03-27 11:43:00,0.9679,0.9679,0.9679,0.9679,100.0
2019-03-27 11:44:00,0.96,0.96,0.96,0.96,201.0
2019-03-27 11:52:00,0.9639,0.9639,0.9639,0.9639,100.0
2019-03-27 11:53:00,0.9639,0.9639,0.9639,0.9639,200.0
2019-03-27 11:54:00,0.96,0.96,0.96,0.96,310.0
2019-03-27 11:57:00,0.9659,0.9659,0.9659,0.9659,100.0
2019-03-27 12:00:00,0.96,0.9659,0.96,0.9659,10100.0
2019-03-27 12:08:00,0.96,0.96,0.96,0.96,59590.0
2019-03-27 12:10:00,0.9629,0.9629,0.9629,0.9629,200.0
2019-03-27 12:14:00,0.9629,0.9629,0.9629,0.9629,100.0
2019-03-27 12:15:00,0.96,0.96,0.96,0.96,514.0
2019-03-27 12:16:00,0.96,0.96,0.96,0.96,193.0
2019-03-27 12:17:00,0.9658,0.9658,0.9658,0.9658,293.0
2019-03-27 12:20:00,0.955,0.9588,0.955,0.9588,500.0
2019-03-27 12:21:00,0.955,0.955,0.955,0.955,940.0
2019-03-27 12:25:00,0.9604,0.9604,0.9604,0.9604,111.0
2019-03-27 12:32:00,0.9658,0.9658,0.9658,0.9658,100.0
2019-03-27 12:33:00,0.955,0.955,0.955,0.955,100.0
2019-03-27 12:41:00,0.955,0.955,0.955,0.955,100.0
2019-03-27 12:45:00,0.96,0.96,0.96,0.96,410.0
2019-03-27 12:49:00,0.955,0.955,0.955,0.955,200.0
2019-03-27 12:57:00,0.955,0.955,0.955,0.955,100.0
2019-03-27 13:04:00,0.955,0.955,0.955,0.955,100.0
2019-03-27 13:06:00,0.9647,0.9647,0.9647,0.9647,100.0
2019-03-27 13:08:00,0.9646,0.9646,0.9646,0.9646,100.0
2019-03-27 13:18:00,0.9551,0.9551,0.9551,0.9551,5000.0
2019-03-27 13:20:00,0.955,0.955,0.955,0.955,100.0
2019-03-27 13:21:00,0.955,0.955,0.955,0.955,5000.0
2019-03-27 13:23:00,0.9645,0.9645,0.9645,0.9645,101.0
2019-03-27 13:27:00,0.9597,0.9597,0.9597,0.9597,100.0
2019-03-27 13:34:00,0.9597,0.9597,0.9597,0.9597,100.0
2019-03-27 13:38:00,0.9629,0.9629,0.9629,0.9629,100.0
2019-03-27 13:40:00,0.955,0.955,0.955,0.955,200.0
2019-03-27 13:47:00,0.96,0.96,0.96,0.96,100.0
2019-03-27 13:52:00,0.9628,0.9628,0.9628,0.9628,201.0
2019-03-27 13:59:00,0.9589,0.9589,0.9589,0.9589,100.0
2019-03-27 14:05:00,0.955,0.9623,0.955,0.9623,209.0
2019-03-27 14:11:00,0.955,0.955,0.955,0.955,183.0
2019-03-27 14:17:00,0.9623,0.9623,0.955,0.955,250.0
2019-03-27 14:26:00,0.9622,0.9622,0.9622,0.9622,150.0
2019-03-27 14:37:00,0.955,0.955,0.955,0.955,100.0
2019-03-27 14:45:00,0.955,0.955,0.955,0.955,100.0
2019-03-27 14:52:00,0.955,0.955,0.955,0.955,100.0
2019-03-27 14:53:00,0.955,0.955,0.955,0.955,416.0
2019-03-27 14:59:00,0.95,0.95,0.95,0.95,570.0
2019-03-27 15:05:00,0.95,0.95,0.95,0.95,100.0
2019-03-27 15:10:00,0.9531,0.9531,0.9531,0.9531,2000.0
2019-03-27 15:11:00,0.95,0.95,0.95,0.95,100.0
2019-03-27 15:16:00,0.95,0.95,0.95,0.95,100.0
2019-03-27 15:19:00,0.9593,0.9593,0.9593,0.9593,100.0
2019-03-27 15:21:00,0.95,0.95,0.95,0.95,100.0
2019-03-27 15:26:00,0.95,0.95,0.95,0.95,100.0
2019-03-27 15:30:00,0.95,0.95,0.95,0.95,200.0
2019-03-27 15:32:00,0.959,0.959,0.959,0.959,1299.0
2019-03-27 15:34:00,0.9505,0.9505,0.9505,0.9505,3100.0
2019-03-27 15:35:00,0.9554,0.9554,0.9554,0.9554,3006.0
2019-03-27 15:36:00,0.95,0.95,0.95,0.95,106.0
2019-03-27 15:40:00,0.95,0.95,0.95,0.95,100.0
2019-03-27 15:41:00,0.9574,0.9574,0.9574,0.9574,100.0
2019-03-27 15:43:00,0.95,0.95,0.95,0.95,300.0
2019-03-27 15:51:00,0.9536,0.9536,0.9536,0.9536,5015.0
2019-03-27 15:54:00,0.95,0.95,0.95,0.95,100.0
2019-03-27 15:57:00,0.95,0.95,0.95,0.95,100.0
2019-03-27 15:58:00,0.9566,0.9566,0.9566,0.9566,228.0
2019-03-27 15:59:00,0.95,0.95,0.95,0.95,303.0
2019-03-27 16:00:00,0.95,0.9566,0.95,0.9566,306.0
2019-03-28 09:31:00,0.95,0.95,0.95,0.95,0.0
2019-03-28 09:52:00,0.9547,0.9547,0.9547,0.9547,162.0
2019-03-28 09:55:00,0.9546,0.9546,0.9546,0.9546,1000.0
2019-03-28 10:01:00,0.953,0.953,0.953,0.953,123.0
2019-03-28 10:10:00,0.9524,0.9524,0.9524,0.9524,2400.0
2019-03-28 10:26:00,0.95,0.9548,0.95,0.9548,1043.0
2019-03-28 10:36:00,0.9598,0.9598,0.9598,0.9598,1000.0
2019-03-28 10:40:00,0.9587,0.9587,0.9587,0.9587,217.0
2019-03-28 10:45:00,0.9554,0.9554,0.9554,0.9554,100.0
2019-03-28 10:51:00,0.9599,0.9599,0.9599,0.9599,150.0
2019-03-28 10:56:00,0.954,0.954,0.954,0.954,100.0
2019-03-28 10:58:00,0.9599,0.9599,0.9599,0.9599,1700.0
2019-03-28 11:01:00,0.96,0.96,0.96,0.96,326.0
2019-03-28 11:13:00,0.95,0.95,0.95,0.95,5622.0
2019-03-28 11:17:00,0.9501,0.9501,0.9501,0.9501,126.0
2019-03-28 11:34:00,0.9549,0.9549,0.9549,0.9549,101.0
2019-03-28 12:00:00,0.9553,0.9553,0.9553,0.9553,100.0
2019-03-28 12:04:00,0.9596,0.9596,0.9596,0.9596,205.0
2019-03-28 12:24:00,0.9571,0.9571,0.9571,0.9571,500.0
2019-03-28 12:25:00,0.9587,0.9587,0.9587,0.9587,1100.0
2019-03-28 12:52:00,0.9595,0.9595,0.9595,0.9595,116.0
2019-03-28 12:57:00,0.9559,0.9559,0.9559,0.9559,640.0
2019-03-28 13:05:00,0.9559,0.9559,0.9559,0.9559,100.0
2019-03-28 13:07:00,0.9559,0.9559,0.9559,0.9559,201.0
2019-03-28 13:08:00,0.9577,0.98,0.9577,0.961,42462.0
2019-03-28 13:09:00,0.961,0.961,0.961,0.961,100.0
2019-03-28 13:19:00,0.97,0.97,0.97,0.97,100.0
2019-03-28 13:21:00,0.98,0.98,0.98,0.98,200.0
2019-03-28 13:22:00,0.98,0.98,0.98,0.98,203.0
2019-03-28 13:33:00,0.9705,0.9705,0.9705,0.9705,100.0
2019-03-28 13:36:00,0.9775,0.9775,0.9775,0.9775,100.0
2019-03-28 13:42:00,0.982,0.982,0.982,0.982,100.0
2019-03-28 13:43:00,0.99,0.99,0.981,0.981,21837.0
2019-03-28 13:45:00,0.985,0.985,0.985,0.985,1340.0
2019-03-28 14:00:00,0.987,0.987,0.987,0.987,260.0
2019-03-28 14:05:00,0.982,0.982,0.982,0.982,100.0
2019-03-28 14:09:00,0.9944,0.9944,0.9944,0.9944,100.0
2019-03-28 14:16:00,0.982,0.982,0.982,0.982,100.0
2019-03-28 14:22:00,0.998,0.998,0.998,0.998,100.0
2019-03-28 14:37:00,0.9899,0.9899,0.9899,0.9899,1000.0
2019-03-28 14:38:00,0.9898,0.9898,0.9898,0.9898,2540.0
2019-03-28 14:39:00,0.982,0.982,0.982,0.982,1880.0
2019-03-28 14:40:00,0.97,0.97,0.97,0.97,140.0
2019-03-28 14:44:00,0.9798,0.9798,0.9798,0.9798,3060.0
2019-03-28 14:53:00,0.97,0.97,0.97,0.97,179.0
2019-03-28 15:01:00,0.97,0.97,0.97,0.97,161.0
2019-03-28 15:05:00,0.97,0.97,0.97,0.97,109.0
2019-03-28 15:15:00,0.97,0.97,0.97,0.97,100.0
2019-03-28 15:17:00,0.9796,0.9796,0.9796,0.9796,11005.0
2019-03-28 15:24:00,0.97,0.97,0.97,0.97,100.0
2019-03-28 15:29:00,0.9796,0.9796,0.9796,0.9796,10000.0
2019-03-28 15:32:00,0.97,0.97,0.97,0.97,100.0
2019-03-28 15:36:00,0.9785,0.9785,0.9785,0.9785,5000.0
2019-03-28 15:40:00,0.97,0.97,0.97,0.97,100.0
2019-03-28 15:46:00,0.9737,0.9737,0.9737,0.9737,1000.0
2019-03-28 15:47:00,0.98,0.98,0.98,0.98,15754.0
2019-03-28 15:59:00,0.9795,0.9795,0.9795,0.9795,102.0
2019-03-28 16:00:00,0.9795,0.9795,0.9795,0.9795,1020.0
2019-03-29 09:31:00,1.015,1.015,1.015,1.015,7419.0
2019-03-29 09:52:00,1.02,1.02,1.02,1.02,506.0
2019-03-29 10:04:00,1.0071,1.0071,1.0071,1.0071,403.0
2019-03-29 10:08:00,1.0,1.0,1.0,1.0,14000.0
2019-03-29 10:09:00,0.99,0.99,0.99,0.99,14000.0
2019-03-29 10:10:00,0.99,0.99,0.99,0.99,24203.0
2019-03-29 10:11:00,1.0,1.0,1.0,1.0,100.0
2019-03-29 10:12:00,1.0,1.0,1.0,1.0,24200.0
2019-03-29 10:21:00,0.99,0.99,0.99,0.99,758.0
2019-03-29 10:27:00,1.01,1.01,1.01,1.01,400.0
2019-03-29 10:28:00,1.01,1.01,1.01,1.01,12111.0
2019-03-29 10:29:00,1.006,1.006,1.006,1.006,7652.0
2019-03-29 10:43:00,1.01,1.01,1.0077,1.01,11610.0
2019-03-29 10:44:00,1.0,1.0,1.0,1.0,11985.0
2019-03-29 10:46:00,1.01,1.0193,1.01,1.0193,20300.0
2019-03-29 10:47:00,1.02,1.02,1.02,1.02,20400.0
2019-03-29 10:48:00,1.0233,1.0233,1.0233,1.0233,5188.0
2019-03-29 10:49:00,1.03,1.03,1.03,1.03,1724.0
2019-03-29 10:58:00,1.02,1.02,1.02,1.02,302.0
2019-03-29 11:05:00,1.04,1.04,1.04,1.04,150.0
2019-03-29 11:06:00,1.04,1.04,1.04,1.04,700.0
2019-03-29 11:08:00,1.03,1.03,1.03,1.03,3002.0
2019-03-29 11:09:00,1.04,1.04,1.04,1.04,300.0
2019-03-29 11:14:00,1.03,1.03,1.03,1.03,100.0
2019-03-29 11:18:00,1.0356,1.04,1.0356,1.04,2700.0
2019-03-29 11:19:00,1.05,1.05,1.05,1.05,4900.0
2019-03-29 11:20:00,1.05,1.05,1.04,1.04,18560.0
2019-03-29 11:26:00,1.05,1.05,1.045,1.045,900.0
2019-03-29 11:27:00,1.05,1.07,1.05,1.07,31302.0
2019-03-29 11:28:00,1.09,1.09,1.09,1.09,900.0
2019-03-29 11:29:00,1.09,1.09,1.09,1.09,2000.0
2019-03-29 11:30:00,1.09,1.09,1.09,1.09,100.0
2019-03-29 11:33:00,1.0706,1.0706,1.0706,1.0706,1078.0
2019-03-29 11:34:00,1.0729,1.0729,1.0729,1.0729,1178.0
2019-03-29 11:37:00,1.0749,1.0749,1.0749,1.0749,2108.0
2019-03-29 11:41:00,1.0706,1.0706,1.0706,1.0706,200.0
2019-03-29 11:45:00,1.07,1.07,1.07,1.07,188.0
2019-03-29 11:48:00,1.07,1.07,1.07,1.07,100.0
2019-03-29 11:51:00,1.0894,1.0894,1.0894,1.0894,400.0
2019-03-29 11:52:00,1.07,1.07,1.07,1.07,406.0
2019-03-29 11:59:00,1.07,1.07,1.07,1.07,100.0
2019-03-29 12:00:00,1.07,1.07,1.07,1.07,736.0
2019-03-29 12:05:00,1.06,1.06,1.06,1.06,100.0
2019-03-29 12:07:00,1.0653,1.0653,1.06,1.06,5408.0
2019-03-29 12:14:00,1.0501,1.0501,1.0501,1.0501,500.0
2019-03-29 12:16:00,1.03,1.03,1.03,1.03,3375.0
2019-03-29 12:17:00,1.0301,1.0301,1.0301,1.0301,4863.0
2019-03-29 12:21:00,1.01,1.01,1.01,1.01,12324.0
2019-03-29 12:31:00,1.0101,1.0101,1.0101,1.0101,115.0
2019-03-29 12:34:00,1.01,1.01,1.01,1.01,101.0
2019-03-29 12:38:00,1.03,1.03,1.03,1.03,400.0
2019-03-29 12:40:00,1.03,1.03,1.03,1.03,530.0
2019-03-29 12:41:00,1.05,1.05,1.05,1.05,1200.0
2019-03-29 13:08:00,1.04,1.04,1.04,1.04,100.0
2019-03-29 13:11:00,1.06,1.06,1.04,1.04,300.0
2019-03-29 13:19:00,1.06,1.08,1.06,1.08,20712.0
2019-03-29 13:34:00,1.04,1.04,1.04,1.04,125.0
2019-03-29 13:42:00,1.04,1.04,1.04,1.04,100.0
2019-03-29 13:50:00,1.0528,1.0528,1.04,1.04,200.0
2019-03-29 14:02:00,1.04,1.04,1.04,1.04,102.0
2019-03-29 14:12:00,1.04,1.04,1.04,1.04,102.0
2019-03-29 14:22:00,1.04,1.04,1.04,1.04,112.0
2019-03-29 14:27:00,1.04,1.04,1.04,1.04,2400.0
2019-03-29 14:28:00,1.0548,1.0548,1.0548,1.0548,7698.0
2019-03-29 14:29:00,1.06,1.06,1.06,1.06,100.0
2019-03-29 14:32:00,1.0428,1.0428,1.0428,1.0428,5300.0
2019-03-29 14:35:00,1.04,1.04,1.03,1.03,20000.0
2019-03-29 14:41:00,1.03,1.03,1.03,1.03,100.0
2019-03-29 14:46:00,1.03,1.03,1.03,1.03,7300.0
2019-03-29 14:49:00,1.01,1.01,1.01,1.01,5423.0
2019-03-29 14:51:00,1.0,1.0,1.0,1.0,3477.0
2019-03-29 14:52:00,1.0,1.0,1.0,1.0,100.0
2019-03-29 15:01:00,1.01,1.01,1.01,1.01,200.0
2019-03-29 15:05:00,1.02,1.04,1.02,1.04,900.0
2019-03-29 15:06:00,1.05,1.05,1.05,1.05,1201.0
2019-03-29 15:14:00,1.05,1.05,1.05,1.05,122.0
2019-03-29 15:19:00,1.06,1.07,1.06,1.07,17200.0
2019-03-29 15:20:00,1.07,1.07,1.07,1.07,100.0
2019-03-29 15:22:00,1.0402,1.0402,1.0402,1.0402,5211.0
2019-03-29 15:24:00,1.0352,1.0352,1.0352,1.0352,5564.0
2019-03-29 15:27:00,1.03,1.03,1.03,1.03,100.0
2019-03-29 15:36:00,1.05,1.05,1.05,1.05,100.0
2019-03-29 15:37:00,1.0492,1.0492,1.0492,1.0492,552.0
2019-03-29 15:41:00,1.0548,1.0548,1.0548,1.0548,4306.0
2019-03-29 15:45:00,1.05,1.0518,1.04,1.04,7111.0
2019-03-29 15:46:00,1.0352,1.0352,1.03,1.03,7511.0
2019-03-29 15:53:00,1.03,1.03,1.03,1.03,100.0
2019-03-29 15:55:00,1.01,1.01,1.01,1.01,100.0
2019-03-29 15:57:00,1.02,1.02,1.02,1.02,100.0
2019-03-29 15:58:00,1.02,1.02,1.02,1.02,100.0
2019-03-29 15:59:00,1.02,1.02,1.02,1.02,128.0
2019-04-01 09:32:00,1.03,1.03,1.03,1.03,0.0
2019-04-01 09:47:00,1.0305,1.0305,1.0305,1.0305,419.0
2019-04-01 10:04:00,1.0458,1.0458,1.0458,1.0458,2000.0
2019-04-01 10:07:00,1.04,1.04,1.04,1.04,12489.0
2019-04-01 10:21:00,1.0401,1.0401,1.0401,1.0401,161.0
2019-04-01 10:31:00,1.0401,1.0401,1.0401,1.0401,100.0
2019-04-01 10:33:00,1.049,1.049,1.049,1.049,300.0
2019-04-01 10:35:00,1.04,1.04,1.04,1.04,2324.0
2019-04-01 10:39:00,1.0401,1.0401,1.0401,1.0401,312.0
2019-04-01 10:51:00,1.04,1.04,1.04,1.04,100.0
2019-04-01 10:55:00,1.05,1.05,1.05,1.05,200.0
2019-04-01 10:59:00,1.045,1.045,1.045,1.045,179.0
2019-04-01 11:21:00,1.04,1.04,1.04,1.04,501.0
2019-04-01 11:31:00,1.02,1.02,1.02,1.02,25187.0
2019-04-01 11:36:00,1.02,1.02,1.02,1.02,100.0
2019-04-01 11:38:00,1.0199,1.0199,1.0199,1.0199,1815.0
2019-04-01 11:40:00,1.01,1.01,1.01,1.01,100.0
2019-04-01 11:44:00,1.0,1.015,1.0,1.015,2105.0
2019-04-01 11:48:00,1.0,1.0,1.0,1.0,1100.0
2019-04-01 11:53:00,0.98,0.98,0.98,0.98,4637.0
2019-04-01 12:04:00,0.98,0.98,0.98,0.98,307.0
2019-04-01 12:08:00,0.98,0.98,0.98,0.98,120.0
2019-04-01 12:10:00,0.9998,0.9998,0.9998,0.9998,1100.0
2019-04-01 12:11:00,0.98,0.98,0.98,0.98,1810.0
2019-04-01 12:15:00,0.98,0.98,0.98,0.98,220.0
2019-04-01 12:18:00,0.98,0.98,0.98,0.98,100.0
2019-04-01 12:22:00,0.98,0.98,0.98,0.98,200.0
2019-04-01 12:27:00,0.9999,0.9999,0.9999,0.9999,10206.0
2019-04-01 12:32:00,0.9999,0.9999,0.9999,0.9999,100.0
2019-04-01 12:39:00,0.9987,0.9987,0.9987,0.9987,10220.0
2019-04-01 12:41:00,0.99,0.99,0.99,0.99,100.0
2019-04-01 12:45:00,0.99,0.99,0.99,0.99,111.0
2019-04-01 12:49:00,0.99,0.99,0.99,0.99,150.0
2019-04-01 12:53:00,0.99,0.99,0.99,0.99,100.0
2019-04-01 12:57:00,0.9985,0.9985,0.9985,0.9985,3200.0
2019-04-01 13:01:00,0.982,0.982,0.982,0.982,5105.0
2019-04-01 13:05:00,0.982,0.982,0.982,0.982,120.0
2019-04-01 13:09:00,0.982,0.982,0.982,0.982,100.0
2019-04-01 13:13:00,0.982,0.982,0.982,0.982,100.0
2019-04-01 13:16:00,0.982,0.982,0.982,0.982,100.0
2019-04-01 13:20:00,0.9898,0.9898,0.9898,0.9898,1115.0
2019-04-01 13:31:00,0.98,0.98,0.98,0.98,100.0
2019-04-01 13:39:00,0.98,0.98,0.98,0.98,6322.0
2019-04-01 13:43:00,0.99,0.99,0.99,0.99,402.0
2019-04-01 13:45:00,0.9901,0.9901,0.9901,0.9901,6600.0
2019-04-01 13:48:00,0.9999,1.0,0.9999,1.0,5566.0
2019-04-01 14:01:00,1.0,1.0,1.0,1.0,100.0
2019-04-01 14:07:00,1.0099,1.0099,1.0099,1.0099,2600.0
2019-04-01 14:09:00,1.005,1.005,1.005,1.005,100.0
2019-04-01 14:12:00,1.0,1.0,1.0,1.0,200.0
2019-04-01 14:15:00,1.005,1.005,1.005,1.005,2100.0
2019-04-01 14:19:00,1.005,1.005,1.0,1.0,1301.0
2019-04-01 14:22:00,1.0,1.0,1.0,1.0,102.0
2019-04-01 14:27:00,1.0,1.0,1.0,1.0,100.0
2019-04-01 14:33:00,1.0,1.0,1.0,1.0,110.0
2019-04-01 14:39:00,1.0,1.0,1.0,1.0,123.0
2019-04-01 14:53:00,1.005,1.005,1.005,1.005,500.0
2019-04-01 14:59:00,1.0,1.0,1.0,1.0,5500.0
2019-04-01 15:28:00,1.01,1.01,1.01,1.01,102.0
2019-04-01 15:38:00,1.005,1.005,1.005,1.005,100.0
2019-04-01 15:42:00,1.0,1.0,1.0,1.0,5300.0
2019-04-01 15:46:00,1.0,1.0,1.0,1.0,203.0
2019-04-01 15:48:00,1.0,1.0,1.0,1.0,120.0
2019-04-02 09:31:00,1.01,1.01,1.01,1.01,0.0
2019-04-02 09:33:00,1.02,1.02,1.02,1.02,0.0
2019-04-02 09:59:00,1.02,1.02,1.02,1.02,100.0
2019-04-02 10:01:00,1.0299,1.0299,1.0299,1.0299,100.0
2019-04-02 10:02:00,1.0236,1.0236,1.0236,1.0236,323.0
2019-04-02 10:19:00,1.0217,1.0217,1.0217,1.0217,4100.0
2019-04-02 10:23:00,1.0283,1.0283,1.0283,1.0283,5990.0
2019-04-02 10:29:00,1.0202,1.0202,1.0202,1.0202,555.0
2019-04-02 10:47:00,1.03,1.03,1.03,1.03,193.0
2019-04-02 11:03:00,1.02,1.02,1.02,1.02,100.0
2019-04-02 11:05:00,1.03,1.03,1.03,1.03,307.0
2019-04-02 11:37:00,1.0277,1.0277,1.0277,1.0277,493.0
2019-04-02 11:42:00,1.03,1.03,1.03,1.03,107.0
2019-04-02 11:49:00,1.04,1.04,1.04,1.04,101.0
2019-04-02 12:01:00,1.0299,1.03,1.02,1.02,11600.0
2019-04-02 12:04:00,1.0101,1.0101,1.0101,1.0101,11813.0
2019-04-02 12:13:00,1.01,1.01,1.01,1.01,100.0
2019-04-02 12:26:00,1.02,1.02,1.02,1.02,100.0
2019-04-02 12:28:00,1.0,1.0,1.0,1.0,200.0
2019-04-02 12:34:00,1.0052,1.0052,1.0,1.0,200.0
2019-04-02 12:42:00,1.0,1.0,1.0,1.0,100.0
2019-04-02 12:56:00,1.0,1.0,1.0,1.0,104.0
2019-04-02 13:41:00,1.0,1.0,1.0,1.0,110.0
2019-04-02 14:06:00,1.01,1.01,1.01,1.01,179.0
2019-04-02 14:21:00,1.02,1.02,1.02,1.02,250.0
2019-04-02 14:36:00,1.015,1.015,1.015,1.015,100.0
2019-04-02 14:48:00,1.02,1.02,1.02,1.02,1118.0
2019-04-02 15:08:00,1.0135,1.0135,1.0135,1.0135,324.0
2019-04-02 15:24:00,1.015,1.015,1.015,1.015,250.0
2019-04-02 15:39:00,1.01,1.01,1.01,1.01,702.0
2019-04-02 15:49:00,1.02,1.02,1.02,1.02,1103.0
2019-04-02 15:50:00,1.01,1.01,1.01,1.01,426.0
2019-04-03 09:42:00,1.03,1.03,1.03,1.03,0.0
2019-04-03 09:49:00,1.03,1.03,1.03,1.03,2654.0
2019-04-03 10:06:00,1.0399,1.0399,1.0399,1.0399,150.0
2019-04-03 10:28:00,1.0346,1.0346,1.0346,1.0346,506.0
2019-04-03 10:49:00,1.0201,1.0201,1.0201,1.0201,2680.0
2019-04-03 11:09:00,1.04,1.04,1.04,1.04,1909.0
2019-04-03 12:07:00,1.04,1.04,1.04,1.04,200.0
2019-04-03 12:17:00,1.0399,1.0399,1.0399,1.0399,2003.0
2019-04-03 12:21:00,1.0257,1.0257,1.0257,1.0257,2450.0
2019-04-03 12:25:00,1.04,1.04,1.04,1.04,100.0
2019-04-03 12:36:00,1.0251,1.0251,1.0251,1.0251,1000.0
2019-04-03 12:44:00,1.0267,1.0267,1.0267,1.0267,1000.0
2019-04-03 12:46:00,1.04,1.04,1.03,1.03,211.0
2019-04-03 12:50:00,1.0383,1.0383,1.0383,1.0383,200.0
2019-04-03 13:12:00,1.0201,1.0201,1.0201,1.0201,200.0
2019-04-03 13:43:00,1.01,1.01,1.01,1.01,1008.0
2019-04-03 14:18:00,1.0155,1.0199,1.0155,1.0199,4290.0
2019-04-03 15:04:00,1.0136,1.0136,1.0136,1.0136,500.0
2019-04-03 15:06:00,1.0294,1.0294,1.0294,1.0294,100.0
2019-04-03 15:07:00,1.0151,1.0151,1.0151,1.0151,537.0
2019-04-03 15:28:00,1.02,1.02,1.02,1.02,161.0
2019-04-03 15:41:00,1.02,1.02,1.02,1.02,208.0
2019-04-03 15:51:00,1.01,1.01,1.01,1.01,897.0
