
2019-03-19 09:31:00,10.3,10.3,10.3,10.3,0.0
2019-03-19 09:38:00,10.285,10.285,10.285,10.285,188.0
2019-03-19 09:42:00,10.26,10.26,10.26,10.26,705.0
2019-03-19 09:50:00,10.19,10.19,10.19,10.19,1204.0
2019-03-19 09:51:00,10.21,10.21,10.21,10.21,1110.0
2019-03-19 09:58:00,10.215,10.215,10.19,10.19,417.0
2019-03-19 10:00:00,10.19,10.19,10.19,10.19,300.0
2019-03-19 10:03:00,10.177,10.177,10.14,10.14,1550.0
2019-03-19 10:06:00,10.135,10.135,10.135,10.135,800.0
2019-03-19 10:10:00,10.165,10.165,10.165,10.165,1115.0
2019-03-19 10:11:00,10.17,10.17,10.17,10.17,11212.0
2019-03-19 10:15:00,10.15,10.15,10.15,10.15,100.0
2019-03-19 10:17:00,10.15,10.15,10.15,10.15,1100.0
2019-03-19 10:19:00,10.14,10.14,10.14,10.14,512.0
2019-03-19 10:24:00,10.145,10.145,10.145,10.145,700.0
2019-03-19 10:25:00,10.13,10.13,10.13,10.13,100.0
2019-03-19 10:28:00,10.135,10.135,10.135,10.135,1295.0
2019-03-19 10:31:00,10.12,10.12,10.12,10.12,395.0
2019-03-19 10:32:00,10.09,10.09,10.09,10.09,1218.0
2019-03-19 10:37:00,10.1,10.1,10.1,10.1,200.0
2019-03-19 10:38:00,10.105,10.105,10.09,10.09,1106.0
2019-03-19 10:41:00,10.1,10.1,10.1,10.1,106.0
2019-03-19 10:42:00,10.1,10.1,10.1,10.1,252.0
2019-03-19 10:45:00,10.1,10.1,10.1,10.1,1502.0
2019-03-19 10:46:00,10.11,10.11,10.11,10.11,2092.0
2019-03-19 10:48:00,10.115,10.115,10.115,10.115,633.0
2019-03-19 10:51:00,10.1,10.1,10.1,10.1,224.0
2019-03-19 10:52:00,10.1,10.1,10.1,10.1,1169.0
2019-03-19 10:57:00,10.11,10.11,10.11,10.11,255.0
2019-03-19 11:01:00,10.1,10.1,10.1,10.1,442.0
2019-03-19 11:03:00,10.11,10.11,10.11,10.11,491.0
2019-03-19 11:04:00,10.13,10.13,10.13,10.13,1672.0
2019-03-19 11:05:00,10.12,10.12,10.12,10.12,817.0
2019-03-19 11:06:00,10.105,10.105,10.105,10.105,2573.0
2019-03-19 11:07:00,10.12,10.12,10.12,10.12,949.0
2019-03-19 11:08:00,10.12,10.12,10.12,10.12,565.0
2019-03-19 11:09:00,10.115,10.115,10.115,10.115,458.0
2019-03-19 11:13:00,10.13,10.13,10.13,10.13,829.0
2019-03-19 11:14:00,10.13,10.13,10.13,10.13,189.0
2019-03-19 11:19:00,10.1233,10.1233,10.1233,10.1233,598.0
2019-03-19 11:22:00,10.11,10.11,10.11,10.11,376.0
2019-03-19 11:24:00,10.13,10.13,10.13,10.13,200.0
2019-03-19 11:25:00,10.13,10.13,10.13,10.13,300.0
2019-03-19 11:30:00,10.14,10.14,10.14,10.14,205.0
2019-03-19 11:34:00,10.14,10.14,10.14,10.14,1003.0
2019-03-19 11:40:00,10.13,10.13,10.13,10.13,205.0
2019-03-19 11:42:00,10.13,10.14,10.13,10.14,3032.0
2019-03-19 11:43:00,10.14,10.14,10.14,10.14,704.0
2019-03-19 11:54:00,10.15,10.15,10.15,10.15,100.0
2019-03-19 11:55:00,10.1473,10.1473,10.1473,10.1473,153.0
2019-03-19 11:57:00,10.14,10.14,10.14,10.14,200.0
2019-03-19 11:59:00,10.15,10.15,10.15,10.15,1275.0
2019-03-19 12:03:00,10.16,10.18,10.16,10.16,5818.0
2019-03-19 12:04:00,10.18,10.18,10.18,10.18,100.0
2019-03-19 12:07:00,10.25,10.25,10.25,10.25,2799.0
2019-03-19 12:09:00,10.24,10.24,10.24,10.24,1536.0
2019-03-19 12:10:00,10.23,10.23,10.23,10.23,1629.0
2019-03-19 12:15:00,10.23,10.23,10.23,10.23,200.0
2019-03-19 12:17:00,10.22,10.22,10.21,10.21,600.0
2019-03-19 12:22:00,10.23,10.23,10.23,10.23,100.0
2019-03-19 12:24:00,10.23,10.23,10.23,10.23,437.0
2019-03-19 12:26:00,10.23,10.23,10.23,10.23,801.0
2019-03-19 12:31:00,10.23,10.23,10.23,10.23,842.0
2019-03-19 12:32:00,10.23,10.23,10.23,10.23,100.0
2019-03-19 12:34:00,10.2,10.2,10.2,10.2,1000.0
2019-03-19 12:36:00,10.19,10.19,10.19,10.19,100.0
2019-03-19 12:39:00,10.19,10.19,10.19,10.19,400.0
2019-03-19 12:43:00,10.19,10.19,10.19,10.19,1035.0
2019-03-19 12:47:00,10.18,10.18,10.18,10.18,295.0
2019-03-19 12:49:00,10.18,10.18,10.18,10.18,1067.0
2019-03-19 12:50:00,10.16,10.16,10.16,10.16,387.0
2019-03-19 12:53:00,10.13,10.13,10.13,10.13,1021.0
2019-03-19 13:00:00,10.13,10.13,10.13,10.13,197.0
2019-03-19 13:03:00,10.12,10.12,10.12,10.12,905.0
2019-03-19 13:12:00,10.135,10.135,10.135,10.135,403.0
2019-03-19 13:13:00,10.135,10.135,10.135,10.135,706.0
2019-03-19 13:17:00,10.135,10.135,10.135,10.135,100.0
2019-03-19 13:18:00,10.135,10.135,10.135,10.135,300.0
2019-03-19 13:19:00,10.14,10.18,10.14,10.18,2610.0
2019-03-19 13:22:00,10.18,10.18,10.18,10.18,642.0
2019-03-19 13:30:00,10.145,10.145,10.145,10.145,726.0
2019-03-19 13:31:00,10.13,10.14,10.13,10.14,2000.0
2019-03-19 13:34:00,10.135,10.135,10.135,10.135,1600.0
2019-03-19 13:38:00,10.1298,10.1298,10.1298,10.1298,810.0
2019-03-19 13:40:00,10.13,10.13,10.12,10.13,33303.0
2019-03-19 13:48:00,10.1319,10.1319,10.1319,10.1319,1301.0
2019-03-19 13:52:00,10.13,10.14,10.13,10.14,7369.0
2019-03-19 13:56:00,10.135,10.15,10.135,10.15,1703.0
2019-03-19 13:58:00,10.145,10.145,10.145,10.145,1197.0
2019-03-19 14:00:00,10.175,10.175,10.175,10.175,2030.0
2019-03-19 14:01:00,10.165,10.165,10.165,10.165,785.0
2019-03-19 14:06:00,10.16,10.16,10.16,10.16,831.0
2019-03-19 14:07:00,10.17,10.17,10.17,10.17,936.0
2019-03-19 14:11:00,10.18,10.18,10.18,10.18,120.0
2019-03-19 14:12:00,10.175,10.175,10.17,10.17,1646.0
2019-03-19 14:19:00,10.16,10.16,10.16,10.16,205.0
2019-03-19 14:21:00,10.15,10.15,10.15,10.15,955.0
2019-03-19 14:22:00,10.15,10.15,10.15,10.15,1365.0
2019-03-19 14:28:00,10.16,10.16,10.16,10.16,596.0
2019-03-19 14:30:00,10.15,10.15,10.15,10.15,100.0
2019-03-19 14:31:00,10.16,10.16,10.16,10.16,100.0
2019-03-19 14:33:00,10.16,10.16,10.13,10.13,3407.0
2019-03-19 14:34:00,10.14,10.14,10.14,10.14,2257.0
2019-03-19 14:35:00,10.12,10.13,10.12,10.13,261.0
2019-03-19 14:37:00,10.135,10.135,10.135,10.135,215.0
2019-03-19 14:39:00,10.14,10.14,10.14,10.14,321.0
2019-03-19 14:42:00,10.135,10.135,10.135,10.135,200.0
2019-03-19 14:43:00,10.13,10.13,10.13,10.13,1100.0
2019-03-19 14:45:00,10.135,10.135,10.135,10.135,1100.0
2019-03-19 14:48:00,10.13,10.13,10.13,10.13,1675.0
2019-03-19 14:57:00,10.13,10.13,10.13,10.13,882.0
2019-03-19 15:01:00,10.13,10.13,10.13,10.13,318.0
2019-03-19 15:02:00,10.13,10.13,10.13,10.13,2113.0
2019-03-19 15:03:00,10.13,10.13,10.13,10.13,500.0
2019-03-19 15:04:00,10.135,10.135,10.135,10.135,205.0
2019-03-19 15:05:00,10.13,10.13,10.13,10.13,434.0
2019-03-19 15:08:00,10.14,10.14,10.14,10.14,2151.0
2019-03-19 15:09:00,10.165,10.165,10.165,10.165,1187.0
2019-03-19 15:11:00,10.16,10.16,10.16,10.16,417.0
2019-03-19 15:21:00,10.145,10.145,10.145,10.145,804.0
2019-03-19 15:22:00,10.15,10.15,10.15,10.15,410.0
2019-03-19 15:23:00,10.14,10.14,10.14,10.14,1118.0
2019-03-19 15:27:00,10.14,10.14,10.14,10.14,300.0
2019-03-19 15:29:00,10.13,10.13,10.13,10.13,607.0
2019-03-19 15:33:00,10.14,10.14,10.14,10.14,211.0
2019-03-19 15:37:00,10.14,10.14,10.11,10.11,5117.0
2019-03-19 15:41:00,10.15,10.15,10.15,10.15,1750.0
2019-03-19 15:43:00,10.13,10.13,10.13,10.13,211.0
2019-03-19 15:45:00,10.11,10.11,10.11,10.11,893.0
2019-03-19 15:46:00,10.11,10.11,10.11,10.11,905.0
2019-03-19 15:47:00,10.1,10.1,10.1,10.1,1276.0
2019-03-19 15:49:00,10.1,10.1,10.1,10.1,225.0
2019-03-19 15:51:00,10.1,10.12,10.1,10.12,5100.0
2019-03-19 15:52:00,10.11,10.13,10.11,10.13,3618.0
2019-03-19 15:53:00,10.13,10.13,10.12,10.12,5100.0
2019-03-19 15:54:00,10.12,10.12,10.11,10.12,9980.0
2019-03-19 15:55:00,10.125,10.125,10.125,10.125,2467.0
2019-03-19 15:56:00,10.12,10.12,10.12,10.12,2000.0
2019-03-19 15:57:00,10.12,10.12,10.12,10.12,2028.0
2019-03-19 15:58:00,10.11,10.11,10.11,10.11,1703.0
2019-03-19 15:59:00,10.11,10.11,10.11,10.11,3907.0
2019-03-19 16:00:00,10.11,10.11,10.11,10.11,7754.0
2019-03-20 09:31:00,10.09,10.09,10.09,10.09,660.0
2019-03-20 09:37:00,10.1,10.1,10.1,10.1,461.0
2019-03-20 09:40:00,10.09,10.09,10.09,10.09,300.0
2019-03-20 09:41:00,10.1,10.11,10.08,10.11,2435.0
2019-03-20 09:43:00,10.11,10.11,10.11,10.11,2838.0
2019-03-20 09:46:00,10.1,10.1,10.1,10.1,100.0
2019-03-20 09:47:00,10.11,10.11,10.11,10.11,3696.0
2019-03-20 09:54:00,10.11,10.11,10.11,10.11,100.0
2019-03-20 09:55:00,10.09,10.09,10.09,10.09,600.0
2019-03-20 09:56:00,10.12,10.12,10.12,10.12,9985.0
2019-03-20 09:57:00,10.11,10.11,10.1,10.1,2465.0
2019-03-20 09:59:00,10.1,10.1,10.085,10.095,2867.0
2019-03-20 10:00:00,10.1,10.1,10.1,10.1,4041.0
2019-03-20 10:05:00,10.13,10.13,10.13,10.13,686.0
2019-03-20 10:08:00,10.13,10.15,10.12,10.12,1910.0
2019-03-20 10:09:00,10.13,10.13,10.12,10.12,4075.0
2019-03-20 10:11:00,10.095,10.095,10.095,10.095,7920.0
2019-03-20 10:12:00,10.1,10.1,10.1,10.1,2586.0
2019-03-20 10:16:00,10.11,10.11,10.1,10.1,811.0
2019-03-20 10:17:00,10.095,10.115,10.095,10.115,6231.0
2019-03-20 10:19:00,10.115,10.13,10.115,10.13,681.0
2019-03-20 10:20:00,10.13,10.13,10.13,10.13,1000.0
2019-03-20 10:23:00,10.1,10.1,10.1,10.1,200.0
2019-03-20 10:29:00,10.115,10.115,10.115,10.115,191.0
2019-03-20 10:35:00,10.1,10.105,10.1,10.105,4639.0
2019-03-20 10:36:00,10.1,10.1,10.1,10.1,239.0
2019-03-20 10:39:00,10.1,10.1,10.1,10.1,1810.0
2019-03-20 10:40:00,10.1,10.11,10.1,10.11,725.0
2019-03-20 10:41:00,10.1,10.1,10.1,10.1,988.0
2019-03-20 10:44:00,10.11,10.11,10.11,10.11,529.0
2019-03-20 10:45:00,10.11,10.11,10.095,10.095,6950.0
2019-03-20 10:46:00,10.1,10.1,10.1,10.1,700.0
2019-03-20 10:51:00,10.11,10.11,10.11,10.11,2408.0
2019-03-20 10:52:00,10.1,10.1,10.095,10.095,1704.0
2019-03-20 10:54:00,10.1,10.1,10.1,10.1,2514.0
2019-03-20 10:58:00,10.1,10.1,10.1,10.1,719.0
2019-03-20 11:09:00,10.1,10.1,10.1,10.1,135.0
2019-03-20 11:11:00,10.11,10.11,10.11,10.11,100.0
2019-03-20 11:15:00,10.1,10.1,10.1,10.1,200.0
2019-03-20 11:16:00,10.1,10.1,10.1,10.1,4698.0
2019-03-20 11:17:00,10.1,10.1,10.1,10.1,600.0
2019-03-20 11:18:00,10.1,10.1,10.1,10.1,710.0
2019-03-20 11:22:00,10.11,10.11,10.11,10.11,2531.0
2019-03-20 11:23:00,10.115,10.115,10.115,10.115,1031.0
2019-03-20 11:24:00,10.11,10.11,10.11,10.11,100.0
2019-03-20 11:28:00,10.11,10.11,10.11,10.11,201.0
2019-03-20 11:33:00,10.11,10.11,10.11,10.11,301.0
2019-03-20 11:34:00,10.1,10.1,10.1,10.1,1684.0
2019-03-20 11:36:00,10.1,10.1,10.1,10.1,5506.0
2019-03-20 11:37:00,10.1,10.1,10.1,10.1,4510.0
2019-03-20 11:38:00,10.1,10.1,10.1,10.1,1100.0
2019-03-20 11:42:00,10.1,10.1,10.1,10.1,100.0
2019-03-20 11:43:00,10.1,10.1,10.1,10.1,800.0
2019-03-20 11:44:00,10.1,10.105,10.1,10.105,600.0
2019-03-20 11:45:00,10.105,10.105,10.1,10.1,1220.0
2019-03-20 11:49:00,10.1,10.1,10.1,10.1,100.0
2019-03-20 11:50:00,10.1,10.1,10.1,10.1,332.0
2019-03-20 11:53:00,10.1,10.1,10.1,10.1,907.0
2019-03-20 11:54:00,10.1,10.1,10.1,10.1,1707.0
2019-03-20 11:57:00,10.1,10.1,10.09,10.09,7234.0
2019-03-20 11:58:00,10.1,10.1,10.1,10.1,2580.0
2019-03-20 11:59:00,10.1,10.1,10.1,10.1,500.0
2019-03-20 12:00:00,10.1,10.1,10.1,10.1,201.0
2019-03-20 12:02:00,10.1,10.1,10.1,10.1,701.0
2019-03-20 12:03:00,10.1,10.1,10.1,10.1,626.0
2019-03-20 12:05:00,10.1,10.1,10.1,10.1,500.0
2019-03-20 12:06:00,10.1,10.1,10.1,10.1,749.0
2019-03-20 12:07:00,10.1,10.11,10.1,10.1,3194.0
2019-03-20 12:08:00,10.1,10.1,10.1,10.1,3294.0
2019-03-20 12:09:00,10.1,10.1,10.1,10.1,200.0
2019-03-20 12:10:00,10.1,10.1,10.1,10.1,300.0
2019-03-20 12:11:00,10.1,10.1,10.1,10.1,100.0
2019-03-20 12:12:00,10.1,10.1,10.1,10.1,1365.0
2019-03-20 12:14:00,10.09,10.09,10.09,10.09,100.0
2019-03-20 12:15:00,10.1,10.1,10.1,10.1,600.0
2019-03-20 12:16:00,10.11,10.11,10.11,10.11,100.0
2019-03-20 12:18:00,10.1,10.1,10.1,10.1,934.0
2019-03-20 12:22:00,10.1,10.1,10.1,10.1,297.0
2019-03-20 12:23:00,10.1,10.1,10.1,10.1,564.0
2019-03-20 12:30:00,10.11,10.11,10.11,10.11,100.0
2019-03-20 12:31:00,10.1,10.1,10.1,10.1,200.0
2019-03-20 12:32:00,10.1,10.1,10.1,10.1,300.0
2019-03-20 12:33:00,10.09,10.09,10.08,10.08,3040.0
2019-03-20 12:34:00,10.08,10.09,10.08,10.09,1329.0
2019-03-20 12:35:00,10.09,10.09,10.09,10.09,1529.0
2019-03-20 12:36:00,10.1,10.1,10.1,10.1,1210.0
2019-03-20 12:37:00,10.1,10.1,10.1,10.1,100.0
2019-03-20 12:39:00,10.1,10.1,10.1,10.1,436.0
2019-03-20 12:41:00,10.11,10.11,10.11,10.11,200.0
2019-03-20 12:42:00,10.11,10.11,10.11,10.11,1074.0
2019-03-20 12:52:00,10.1,10.1,10.1,10.1,120.0
2019-03-20 13:02:00,10.11,10.11,10.11,10.11,238.0
2019-03-20 13:15:00,10.1,10.1,10.1,10.1,100.0
2019-03-20 13:16:00,10.11,10.11,10.11,10.11,5912.0
2019-03-20 13:17:00,10.08,10.08,10.05,10.05,4167.0
2019-03-20 13:19:00,10.04,10.04,10.04,10.04,204.0
2019-03-20 13:21:00,10.055,10.055,10.055,10.055,300.0
2019-03-20 13:22:00,10.055,10.055,10.055,10.055,100.0
2019-03-20 13:26:00,10.065,10.065,10.065,10.065,1038.0
2019-03-20 13:31:00,10.065,10.065,10.065,10.065,2010.0
2019-03-20 13:37:00,10.05,10.05,10.05,10.05,100.0
2019-03-20 13:38:00,10.065,10.065,10.065,10.065,140.0
2019-03-20 13:39:00,10.08,10.08,10.07,10.07,1120.0
2019-03-20 13:40:00,10.08,10.08,10.07,10.07,1620.0
2019-03-20 13:46:00,10.08,10.08,10.08,10.08,100.0
2019-03-20 13:47:00,10.08,10.08,10.06,10.06,768.0
2019-03-20 13:50:00,10.06,10.06,10.05,10.05,1068.0
2019-03-20 13:52:00,10.04,10.05,10.03,10.03,1343.0
2019-03-20 13:53:00,10.03,10.03,10.03,10.03,1444.0
2019-03-20 13:54:00,10.03,10.03,10.03,10.03,1110.0
2019-03-20 13:55:00,10.03,10.03,10.03,10.03,1051.0
2019-03-20 13:56:00,10.05,10.05,10.05,10.05,502.0
2019-03-20 13:57:00,10.055,10.055,10.055,10.055,410.0
2019-03-20 14:01:00,10.04,10.04,10.04,10.04,257.0
2019-03-20 14:06:00,10.05,10.05,10.05,10.05,410.0
2019-03-20 14:07:00,10.08,10.08,10.08,10.08,1260.0
2019-03-20 14:10:00,10.095,10.095,10.095,10.095,800.0
2019-03-20 14:12:00,10.11,10.11,10.11,10.11,100.0
2019-03-20 14:13:00,10.125,10.125,10.11,10.11,440.0
2019-03-20 14:17:00,10.11,10.11,10.06,10.06,1142.0
2019-03-20 14:20:00,10.09,10.09,10.09,10.09,100.0
2019-03-20 14:21:00,10.09,10.09,10.09,10.09,200.0
2019-03-20 14:22:00,10.105,10.105,10.105,10.105,617.0
2019-03-20 14:30:00,10.09,10.09,10.09,10.09,1300.0
2019-03-20 14:31:00,10.09,10.09,10.09,10.09,4510.0
2019-03-20 14:32:00,10.105,10.105,10.105,10.105,510.0
2019-03-20 14:35:00,10.12,10.12,10.12,10.12,120.0
2019-03-20 14:38:00,10.09,10.09,10.09,10.09,288.0
2019-03-20 14:40:00,10.09,10.105,10.09,10.09,432.0
2019-03-20 14:41:00,10.09,10.09,10.09,10.09,315.0
2019-03-20 14:42:00,10.11,10.11,10.11,10.11,947.0
2019-03-20 14:44:00,10.1,10.1,10.1,10.1,1610.0
2019-03-20 14:45:00,10.11,10.11,10.11,10.11,1310.0
2019-03-20 14:47:00,10.12,10.14,10.12,10.14,1310.0
2019-03-20 14:48:00,10.16,10.16,10.16,10.16,138.0
2019-03-20 14:54:00,10.12,10.12,10.12,10.12,762.0
2019-03-20 14:57:00,10.09,10.09,10.09,10.09,500.0
2019-03-20 15:02:00,10.13,10.145,10.13,10.145,2868.0
2019-03-20 15:03:00,10.13,10.13,10.13,10.13,2695.0
2019-03-20 15:04:00,10.11,10.11,10.11,10.11,400.0
2019-03-20 15:06:00,10.09,10.09,10.09,10.09,169928.0
2019-03-20 15:10:00,10.07,10.07,10.07,10.07,220.0
2019-03-20 15:11:00,10.06,10.06,10.06,10.06,1565.0
2019-03-20 15:16:00,10.06,10.06,10.05,10.05,2058.0
2019-03-20 15:21:00,10.04,10.04,10.04,10.04,110.0
2019-03-20 15:22:00,10.06,10.06,10.06,10.06,1558.0
2019-03-20 15:27:00,10.03,10.04,10.03,10.03,867.0
2019-03-20 15:29:00,10.02,10.04,10.02,10.04,12292.0
2019-03-20 15:30:00,10.06,10.06,10.05,10.05,5872.0
2019-03-20 15:34:00,10.03,10.03,10.02,10.02,1649.0
2019-03-20 15:39:00,10.0181,10.02,10.0181,10.02,8035.0
2019-03-20 15:40:00,10.01,10.01,10.0,10.0,586.0
2019-03-20 15:41:00,10.01,10.01,10.01,10.01,855.0
2019-03-20 15:43:00,9.99,9.99,9.99,9.99,4242.0
2019-03-20 15:44:00,9.97,9.97,9.97,9.97,150.0
2019-03-20 15:45:00,9.96,9.96,9.96,9.96,360.0
2019-03-20 15:46:00,9.96,9.96,9.96,9.96,700.0
2019-03-20 15:47:00,9.96,9.96,9.96,9.96,1100.0
2019-03-20 15:48:00,9.96,9.96,9.96,9.96,912.0
2019-03-20 15:49:00,9.97,9.97,9.97,9.97,3082.0
2019-03-20 15:50:00,9.97,9.97,9.97,9.97,731.0
2019-03-20 15:51:00,9.9646,9.9646,9.9646,9.9646,1010.0
2019-03-20 15:52:00,9.97,9.97,9.97,9.97,1900.0
2019-03-20 15:53:00,9.97,9.97,9.97,9.97,2030.0
2019-03-20 15:54:00,9.98,9.98,9.98,9.98,9317.0
2019-03-20 15:56:00,9.97,9.97,9.97,9.97,2500.0
2019-03-20 15:57:00,9.97,9.97,9.97,9.97,387.0
2019-03-20 15:59:00,9.97,9.97,9.97,9.97,854.0
2019-03-20 16:00:00,9.97,9.97,9.97,9.97,4607.0
2019-03-21 09:31:00,9.95,9.98,9.95,9.98,1085.0
2019-03-21 09:32:00,10.03,10.03,10.03,10.03,1185.0
2019-03-21 09:34:00,9.95,9.95,9.95,9.95,280.0
2019-03-21 09:36:00,10.0,10.0,10.0,10.0,492.0
2019-03-21 09:37:00,10.01,10.01,10.01,10.01,1273.0
2019-03-21 09:43:00,9.96,9.96,9.96,9.96,100.0
2019-03-21 09:49:00,10.0,10.0,10.0,10.0,700.0
2019-03-21 09:50:00,10.02,10.02,10.02,10.02,100.0
2019-03-21 09:52:00,10.05,10.05,10.05,10.05,400.0
2019-03-21 09:53:00,10.02,10.02,10.02,10.02,972.0
2019-03-21 10:01:00,10.04,10.04,10.04,10.04,279.0
2019-03-21 10:06:00,10.05,10.05,10.04,10.04,300.0
2019-03-21 10:10:00,10.03,10.03,10.03,10.03,800.0
2019-03-21 10:13:00,10.02,10.02,10.02,10.02,220.0
2019-03-21 10:14:00,10.015,10.04,10.015,10.04,401.0
2019-03-21 10:15:00,10.02,10.02,10.02,10.02,721.0
2019-03-21 10:16:00,10.01,10.01,10.01,10.01,305.0
2019-03-21 10:27:00,10.0,10.0,10.0,10.0,100.0
2019-03-21 10:28:00,10.0,10.0,10.0,10.0,200.0
2019-03-21 10:29:00,10.0,10.0,10.0,10.0,100.0
2019-03-21 10:30:00,10.0,10.01,10.0,10.01,9877.0
2019-03-21 10:32:00,10.04,10.04,10.04,10.04,860.0
2019-03-21 10:40:00,10.045,10.045,10.045,10.045,400.0
2019-03-21 10:54:00,10.05,10.05,10.05,10.05,203.0
2019-03-21 10:56:00,10.05,10.05,10.04,10.04,413.0
2019-03-21 10:59:00,10.04,10.04,10.04,10.04,400.0
2019-03-21 11:00:00,10.05,10.05,10.05,10.05,105.0
2019-03-21 11:01:00,10.05,10.05,10.05,10.05,3105.0
2019-03-21 11:02:00,10.045,10.045,10.045,10.045,600.0
2019-03-21 11:03:00,10.045,10.045,10.045,10.045,1100.0
2019-03-21 11:04:00,10.045,10.045,10.045,10.045,1422.0
2019-03-21 11:05:00,10.05,10.06,10.05,10.06,300.0
2019-03-21 11:06:00,10.04,10.04,10.04,10.04,1500.0
2019-03-21 11:07:00,10.06,10.06,10.04,10.04,300.0
2019-03-21 11:09:00,10.04,10.04,10.04,10.04,400.0
2019-03-21 11:10:00,10.04,10.04,10.03,10.03,660.0
2019-03-21 11:11:00,10.02,10.02,10.02,10.02,1665.0
2019-03-21 11:12:00,10.02,10.02,10.02,10.02,200.0
2019-03-21 11:13:00,10.02,10.02,10.02,10.02,800.0
2019-03-21 11:15:00,10.015,10.015,10.015,10.015,100.0
2019-03-21 11:17:00,10.02,10.02,10.02,10.02,1000.0
2019-03-21 11:18:00,10.035,10.035,10.035,10.035,2001.0
2019-03-21 11:23:00,10.02,10.02,10.02,10.02,100.0
2019-03-21 11:24:00,10.02,10.02,10.02,10.02,100.0
2019-03-21 11:25:00,10.05,10.05,10.05,10.05,1000.0
2019-03-21 11:26:00,10.06,10.07,10.06,10.07,400.0
2019-03-21 11:27:00,10.08,10.08,10.08,10.08,600.0
2019-03-21 11:31:00,10.07,10.07,10.07,10.07,675.0
2019-03-21 11:33:00,10.08,10.08,10.08,10.08,307.0
2019-03-21 11:40:00,10.09,10.09,10.09,10.09,200.0
2019-03-21 11:44:00,10.11,10.11,10.11,10.11,300.0
2019-03-21 11:47:00,10.095,10.095,10.095,10.095,200.0
2019-03-21 11:48:00,10.08,10.08,10.08,10.08,103.0
2019-03-21 11:57:00,10.095,10.095,10.095,10.095,100.0
2019-03-21 11:58:00,10.095,10.095,10.095,10.095,120.0
2019-03-21 12:00:00,10.075,10.075,10.075,10.075,1230.0
2019-03-21 12:01:00,10.06,10.06,10.06,10.06,104.0
2019-03-21 12:06:00,10.04,10.04,10.04,10.04,100.0
2019-03-21 12:14:00,10.045,10.045,10.045,10.045,200.0
2019-03-21 12:16:00,10.06,10.06,10.06,10.06,200.0
2019-03-21 12:18:00,10.0498,10.0498,10.0498,10.0498,840.0
2019-03-21 12:19:00,10.04,10.04,10.04,10.04,240.0
2019-03-21 12:24:00,10.05,10.05,10.05,10.05,348.0
2019-03-21 12:26:00,10.05,10.05,10.05,10.05,300.0
2019-03-21 12:34:00,10.04,10.04,10.04,10.04,1675.0
2019-03-21 12:35:00,10.05,10.05,10.05,10.05,218.0
2019-03-21 12:55:00,10.06,10.06,10.06,10.06,500.0
2019-03-21 13:01:00,10.04,10.04,10.04,10.04,108.0
2019-03-21 13:03:00,10.06,10.06,10.06,10.06,1075.0
2019-03-21 13:05:00,10.07,10.07,10.07,10.07,650.0
2019-03-21 13:08:00,10.08,10.08,10.08,10.08,350.0
2019-03-21 13:09:00,10.08,10.08,10.08,10.08,450.0
2019-03-21 13:15:00,10.07,10.07,10.07,10.07,1046.0
2019-03-21 13:22:00,10.05,10.05,10.05,10.05,1173.0
2019-03-21 13:32:00,10.05,10.05,10.05,10.05,0.0
2019-03-21 13:38:00,10.03,10.03,10.03,10.03,238.0
2019-03-21 13:40:00,10.035,10.035,10.035,10.035,301.0
2019-03-21 13:44:00,10.03,10.03,10.03,10.03,299.0
2019-03-21 13:47:00,10.01,10.01,10.01,10.01,394.0
2019-03-21 13:49:00,10.01,10.01,9.99,9.99,1160.0
2019-03-21 13:53:00,10.01,10.01,10.01,10.01,557.0
2019-03-21 13:54:00,10.01,10.02,10.01,10.02,1977.0
2019-03-21 13:55:00,10.03,10.03,10.03,10.03,900.0
2019-03-21 13:58:00,10.0,10.015,10.0,10.015,700.0
2019-03-21 14:02:00,10.02,10.02,10.02,10.02,500.0
2019-03-21 14:03:00,10.01,10.01,10.01,10.01,490.0
2019-03-21 14:08:00,10.01,10.01,10.01,10.01,100.0
2019-03-21 14:09:00,10.01,10.01,10.01,10.01,421.0
2019-03-21 14:13:00,10.03,10.03,10.03,10.03,300.0
2019-03-21 14:15:00,10.03,10.03,10.03,10.03,100.0
2019-03-21 14:26:00,10.05,10.05,10.05,10.05,400.0
2019-03-21 14:30:00,10.045,10.045,10.045,10.045,364.0
2019-03-21 14:33:00,10.06,10.06,10.06,10.06,1234.0
2019-03-21 14:47:00,10.0456,10.0456,10.0456,10.0456,500.0
2019-03-21 14:48:00,10.045,10.045,10.045,10.045,204.0
2019-03-21 14:51:00,10.045,10.045,10.045,10.045,617.0
2019-03-21 14:58:00,10.02,10.02,10.01,10.01,3514.0
2019-03-21 15:01:00,10.0,10.0,10.0,10.0,600.0
2019-03-21 15:02:00,9.99,10.0,9.99,10.0,4858.0
2019-03-21 15:03:00,10.0,10.0,9.995,9.995,4200.0
2019-03-21 15:04:00,9.995,9.995,9.995,9.995,1300.0
2019-03-21 15:05:00,10.0,10.0,10.0,10.0,2541.0
2019-03-21 15:06:00,10.0,10.0,10.0,10.0,300.0
2019-03-21 15:07:00,10.01,10.01,10.01,10.01,1000.0
2019-03-21 15:09:00,10.01,10.01,10.01,10.01,1200.0
2019-03-21 15:11:00,10.0,10.0,10.0,10.0,100.0
2019-03-21 15:13:00,10.0,10.0,10.0,10.0,2420.0
2019-03-21 15:14:00,9.99,9.99,9.99,9.99,2500.0
2019-03-21 15:15:00,10.0,10.0,10.0,10.0,1920.0
2019-03-21 15:21:00,10.016,10.016,10.016,10.016,8100.0
2019-03-21 15:22:00,10.01,10.01,10.01,10.01,1500.0
2019-03-21 15:23:00,10.015,10.015,10.015,10.015,1500.0
2019-03-21 15:24:00,10.0,10.0,10.0,10.0,200.0
2019-03-21 15:26:00,10.0,10.0,10.0,10.0,100.0
2019-03-21 15:27:00,10.0,10.0,9.9975,10.0,13618.0
2019-03-21 15:28:00,10.0,10.0,10.0,10.0,1445.0
2019-03-21 15:29:00,9.99,9.99,9.99,9.99,300.0
2019-03-21 15:31:00,9.99,9.99,9.99,9.99,500.0
2019-03-21 15:32:00,10.0,10.0,10.0,10.0,444.0
2019-03-21 15:34:00,10.0,10.0,10.0,10.0,300.0
2019-03-21 15:35:00,10.0,10.0,10.0,10.0,260.0
2019-03-21 15:36:00,9.99,9.99,9.99,9.99,2213.0
2019-03-21 15:37:00,10.01,10.01,10.01,10.01,2022.0
2019-03-21 15:38:00,10.01,10.01,10.01,10.01,400.0
2019-03-21 15:39:00,10.03,10.03,10.03,10.03,943.0
2019-03-21 15:42:00,10.025,10.025,10.025,10.025,1200.0
2019-03-21 15:44:00,10.03,10.03,10.03,10.03,334.0
2019-03-21 15:45:00,10.035,10.035,10.035,10.035,1600.0
2019-03-21 15:46:00,10.03,10.03,10.03,10.03,925.0
2019-03-21 15:47:00,10.01,10.01,10.01,10.01,400.0
2019-03-21 15:48:00,10.01,10.01,10.01,10.01,505.0
2019-03-21 15:49:00,10.01,10.01,10.01,10.01,733.0
2019-03-21 15:50:00,10.01,10.01,10.01,10.01,828.0
2019-03-21 15:51:00,10.01,10.01,10.01,10.01,1100.0
2019-03-21 15:52:00,10.03,10.03,10.03,10.03,1235.0
2019-03-21 15:53:00,10.01,10.01,10.01,10.01,3108.0
2019-03-21 15:54:00,10.0,10.0,10.0,10.0,706.0
2019-03-21 15:55:00,10.0,10.0,10.0,10.0,1336.0
2019-03-21 15:56:00,10.0,10.0,10.0,10.0,1700.0
2019-03-21 15:57:00,10.01,10.01,10.01,10.01,1936.0
2019-03-21 15:58:00,10.0,10.0,10.0,10.0,1144.0
2019-03-21 15:59:00,10.01,10.01,10.0,10.0,4177.0
2019-03-21 16:00:00,10.0,10.0,9.99,9.99,19405.0
2019-03-22 09:31:00,10.02,10.02,10.02,10.02,1749.0
2019-03-22 09:33:00,10.01,10.01,10.01,10.01,1949.0
2019-03-22 09:38:00,10.02,10.02,10.02,10.02,963.0
2019-03-22 10:02:00,10.0278,10.0278,10.0278,10.0278,267.0
2019-03-22 10:04:00,10.04,10.04,10.04,10.04,300.0
2019-03-22 10:07:00,10.02,10.02,10.02,10.02,200.0
2019-03-22 10:08:00,10.02,10.02,10.0,10.0,200.0
2019-03-22 10:11:00,10.015,10.015,10.015,10.015,500.0
2019-03-22 10:12:00,10.025,10.025,10.025,10.025,733.0
2019-03-22 10:15:00,9.97,9.97,9.97,9.97,1409.0
2019-03-22 10:18:00,10.0,10.0,10.0,10.0,605.0
2019-03-22 10:26:00,9.96,9.96,9.96,9.96,652.0
2019-03-22 10:28:00,9.96,9.96,9.96,9.96,1200.0
2019-03-22 10:30:00,9.96,9.96,9.95,9.95,350.0
2019-03-22 10:31:00,9.93,9.93,9.93,9.93,451.0
2019-03-22 10:35:00,9.96,9.96,9.95,9.95,900.0
2019-03-22 10:36:00,9.95,9.95,9.95,9.95,1600.0
2019-03-22 10:37:00,9.95,9.95,9.95,9.95,165.0
2019-03-22 10:42:00,9.95,9.95,9.95,9.95,300.0
2019-03-22 10:46:00,9.945,9.96,9.945,9.96,13944.0
2019-03-22 10:48:00,9.9508,9.9508,9.9508,9.9508,301.0
2019-03-22 10:51:00,9.96,9.96,9.96,9.96,159.0
2019-03-22 10:52:00,9.94,9.94,9.94,9.94,359.0
2019-03-22 10:54:00,9.94,9.95,9.94,9.95,4423.0
2019-03-22 10:56:00,9.95,9.95,9.95,9.95,709.0
2019-03-22 11:00:00,9.945,9.95,9.945,9.95,3344.0
2019-03-22 11:02:00,9.94,9.94,9.94,9.94,100.0
2019-03-22 11:03:00,9.95,9.95,9.95,9.95,200.0
2019-03-22 11:04:00,9.94,9.94,9.93,9.93,2900.0
2019-03-22 11:07:00,9.93,9.93,9.93,9.93,100.0
2019-03-22 11:08:00,9.93,9.93,9.93,9.93,2200.0
2019-03-22 11:09:00,9.95,9.95,9.94,9.94,2576.0
2019-03-22 11:15:00,9.95,9.95,9.95,9.95,230.0
2019-03-22 11:16:00,9.95,9.95,9.95,9.95,129.0
2019-03-22 11:18:00,9.92,9.935,9.92,9.935,1122.0
2019-03-22 11:22:00,9.935,9.935,9.935,9.935,1973.0
2019-03-22 11:23:00,9.93,9.93,9.93,9.93,437.0
2019-03-22 11:30:00,9.93,9.93,9.93,9.93,232.0
2019-03-22 11:31:00,9.94,9.94,9.94,9.94,200.0
2019-03-22 11:32:00,9.935,9.935,9.935,9.935,1120.0
2019-03-22 11:33:00,9.94,9.94,9.94,9.94,217.0
2019-03-22 11:40:00,9.94,9.94,9.94,9.94,330.0
2019-03-22 11:42:00,9.9406,9.9406,9.9406,9.9406,373.0
2019-03-22 11:45:00,9.92,9.92,9.92,9.92,2242.0
2019-03-22 11:46:00,9.92,9.92,9.92,9.92,100.0
2019-03-22 11:47:00,9.92,9.92,9.92,9.92,1000.0
2019-03-22 11:48:00,9.92,9.92,9.92,9.92,205.0
2019-03-22 11:50:00,9.9,9.9,9.89,9.89,11835.0
2019-03-22 11:51:00,9.87,9.87,9.87,9.87,1800.0
2019-03-22 11:53:00,9.87,9.87,9.87,9.87,100.0
2019-03-22 11:54:00,9.86,9.86,9.86,9.86,1420.0
2019-03-22 11:55:00,9.85,9.85,9.85,9.85,400.0
2019-03-22 11:58:00,9.86,9.86,9.86,9.86,100.0
2019-03-22 11:59:00,9.86,9.86,9.86,9.86,200.0
2019-03-22 12:00:00,9.855,9.855,9.855,9.855,300.0
2019-03-22 12:01:00,9.86,9.86,9.86,9.86,1141.0
2019-03-22 12:06:00,9.84,9.86,9.84,9.86,515.0
2019-03-22 12:07:00,9.86,9.86,9.86,9.86,616.0
2019-03-22 12:09:00,9.84,9.84,9.84,9.84,300.0
2019-03-22 12:10:00,9.84,9.85,9.84,9.85,1748.0
2019-03-22 12:11:00,9.83,9.83,9.83,9.83,1093.0
2019-03-22 12:13:00,9.83,9.83,9.83,9.83,100.0
2019-03-22 12:14:00,9.83,9.83,9.81,9.81,710.0
2019-03-22 12:15:00,9.81,9.81,9.81,9.81,2595.0
2019-03-22 12:16:00,9.82,9.82,9.82,9.82,1568.0
2019-03-22 12:18:00,9.82,9.82,9.82,9.82,2514.0
2019-03-22 12:24:00,9.81,9.81,9.81,9.81,200.0
2019-03-22 12:25:00,9.83,9.83,9.83,9.83,5100.0
2019-03-22 12:26:00,9.81,9.815,9.81,9.815,760.0
2019-03-22 12:29:00,9.8,9.8,9.79,9.79,3691.0
2019-03-22 12:32:00,9.75,9.75,9.75,9.75,1857.0
2019-03-22 12:33:00,9.71,9.71,9.71,9.71,260.0
2019-03-22 12:34:00,9.73,9.73,9.73,9.73,2089.0
2019-03-22 12:38:00,9.72,9.72,9.72,9.72,140.0
2019-03-22 12:41:00,9.7,9.7,9.7,9.7,281.0
2019-03-22 12:44:00,9.7,9.7,9.7,9.7,200.0
2019-03-22 12:46:00,9.7,9.7,9.68,9.68,410.0
2019-03-22 12:47:00,9.699,9.699,9.699,9.699,915.0
2019-03-22 12:48:00,9.72,9.72,9.72,9.72,911.0
2019-03-22 12:50:00,9.68,9.68,9.68,9.68,200.0
2019-03-22 12:52:00,9.68,9.68,9.65,9.65,326.0
2019-03-22 12:54:00,9.68,9.68,9.68,9.68,826.0
2019-03-22 12:56:00,9.655,9.6631,9.655,9.6631,2501.0
2019-03-22 12:58:00,9.66,9.66,9.66,9.66,340.0
2019-03-22 13:07:00,9.63,9.63,9.63,9.63,120.0
2019-03-22 13:09:00,9.63,9.63,9.63,9.63,974.0
2019-03-22 13:12:00,9.6,9.6,9.6,9.6,100.0
2019-03-22 13:13:00,9.58,9.5896,9.58,9.58,5925.0
2019-03-22 13:14:00,9.61,9.625,9.61,9.625,2510.0
2019-03-22 13:15:00,9.629,9.629,9.629,9.629,1100.0
2019-03-22 13:16:00,9.63,9.63,9.63,9.63,210.0
2019-03-22 13:17:00,9.62,9.62,9.62,9.62,400.0
2019-03-22 13:18:00,9.64,9.64,9.64,9.64,710.0
2019-03-22 13:19:00,9.659,9.7,9.659,9.7,1570.0
2019-03-22 13:21:00,9.67,9.67,9.67,9.67,220.0
2019-03-22 13:23:00,9.67,9.67,9.67,9.67,400.0
2019-03-22 13:32:00,9.64,9.64,9.64,9.64,162.0
2019-03-22 13:33:00,9.6654,9.6654,9.66,9.66,200.0
2019-03-22 13:34:00,9.669,9.669,9.669,9.669,100.0
2019-03-22 13:35:00,9.65,9.65,9.65,9.65,400.0
2019-03-22 13:38:00,9.64,9.64,9.64,9.64,900.0
2019-03-22 13:39:00,9.655,9.6569,9.65,9.6569,300.0
2019-03-22 13:44:00,9.6569,9.6569,9.6569,9.6569,500.0
2019-03-22 13:45:00,9.66,9.66,9.66,9.66,519.0
2019-03-22 13:46:00,9.665,9.665,9.665,9.665,630.0
2019-03-22 13:47:00,9.66,9.6669,9.66,9.6669,409.0
2019-03-22 13:51:00,9.65,9.65,9.65,9.65,101.0
2019-03-22 13:53:00,9.65,9.65,9.65,9.65,900.0
2019-03-22 13:54:00,9.65,9.65,9.65,9.65,800.0
2019-03-22 13:55:00,9.65,9.65,9.65,9.65,590.0
2019-03-22 13:56:00,9.65,9.65,9.65,9.65,810.0
2019-03-22 13:57:00,9.65,9.65,9.65,9.65,200.0
2019-03-22 13:58:00,9.65,9.65,9.65,9.65,1000.0
2019-03-22 13:59:00,9.65,9.65,9.65,9.65,746.0
2019-03-22 14:00:00,9.65,9.65,9.65,9.65,100.0
2019-03-22 14:02:00,9.64,9.64,9.64,9.64,200.0
2019-03-22 14:03:00,9.65,9.65,9.65,9.65,200.0
2019-03-22 14:04:00,9.65,9.66,9.65,9.65,1464.0
2019-03-22 14:05:00,9.65,9.65,9.65,9.65,1564.0
2019-03-22 14:06:00,9.65,9.65,9.65,9.65,541.0
2019-03-22 14:08:00,9.65,9.66,9.65,9.66,408.0
2019-03-22 14:09:00,9.65,9.66,9.65,9.66,1024.0
2019-03-22 14:13:00,9.669,9.669,9.669,9.669,120.0
2019-03-22 14:14:00,9.665,9.665,9.665,9.665,320.0
2019-03-22 14:15:00,9.669,9.669,9.669,9.669,210.0
2019-03-22 14:16:00,9.67,9.68,9.67,9.68,1872.0
2019-03-22 14:17:00,9.6998,9.6998,9.6998,9.6998,400.0
2019-03-22 14:23:00,9.685,9.685,9.685,9.685,131.0
2019-03-22 14:24:00,9.69,9.69,9.69,9.69,100.0
2019-03-22 14:26:00,9.69,9.69,9.69,9.69,1105.0
2019-03-22 14:29:00,9.67,9.67,9.67,9.67,100.0
2019-03-22 14:30:00,9.68,9.68,9.68,9.68,300.0
2019-03-22 14:31:00,9.68,9.68,9.68,9.68,100.0
2019-03-22 14:33:00,9.68,9.68,9.68,9.68,200.0
2019-03-22 14:34:00,9.69,9.69,9.69,9.69,500.0
2019-03-22 14:36:00,9.67,9.69,9.67,9.69,300.0
2019-03-22 14:37:00,9.69,9.69,9.69,9.69,440.0
2019-03-22 14:38:00,9.68,9.69,9.68,9.69,200.0
2019-03-22 14:39:00,9.69,9.69,9.69,9.69,300.0
2019-03-22 14:40:00,9.69,9.69,9.69,9.69,697.0
2019-03-22 14:41:00,9.71,9.71,9.71,9.71,1504.0
2019-03-22 14:42:00,9.7,9.7,9.7,9.7,400.0
2019-03-22 14:43:00,9.71,9.71,9.71,9.71,100.0
2019-03-22 14:44:00,9.6999,9.6999,9.6999,9.6999,200.0
2019-03-22 14:45:00,9.71,9.71,9.71,9.71,100.0
2019-03-22 14:46:00,9.71,9.71,9.71,9.71,300.0
2019-03-22 14:47:00,9.72,9.72,9.72,9.72,500.0
2019-03-22 14:48:00,9.73,9.73,9.73,9.73,1030.0
2019-03-22 14:49:00,9.725,9.725,9.725,9.725,705.0
2019-03-22 14:50:00,9.72,9.73,9.71,9.73,9704.0
2019-03-22 14:51:00,9.77,9.78,9.77,9.78,3944.0
2019-03-22 14:55:00,9.79,9.79,9.79,9.79,900.0
2019-03-22 14:56:00,9.8,9.8,9.79,9.79,700.0
2019-03-22 14:57:00,9.78,9.78,9.78,9.78,1100.0
2019-03-22 14:58:00,9.79,9.81,9.79,9.81,1939.0
2019-03-22 15:05:00,9.815,9.815,9.815,9.815,200.0
2019-03-22 15:07:00,9.815,9.815,9.815,9.815,100.0
2019-03-22 15:09:00,9.83,9.83,9.83,9.83,500.0
2019-03-22 15:10:00,9.8,9.8,9.8,9.8,579.0
2019-03-22 15:14:00,9.78,9.78,9.78,9.78,1100.0
2019-03-22 15:16:00,9.77,9.77,9.77,9.77,727.0
2019-03-22 15:17:00,9.79,9.79,9.79,9.79,1514.0
2019-03-22 15:23:00,9.805,9.805,9.805,9.805,100.0
2019-03-22 15:24:00,9.79,9.79,9.79,9.79,675.0
2019-03-22 15:27:00,9.805,9.805,9.805,9.805,100.0
2019-03-22 15:28:00,9.82,9.82,9.82,9.82,235.0
2019-03-22 15:29:00,9.79,9.79,9.79,9.79,415.0
2019-03-22 15:30:00,9.79,9.79,9.79,9.79,615.0
2019-03-22 15:31:00,9.755,9.755,9.755,9.755,1554.0
2019-03-22 15:32:00,9.75,9.75,9.75,9.75,660.0
2019-03-22 15:33:00,9.75,9.75,9.75,9.75,850.0
2019-03-22 15:34:00,9.74,9.74,9.74,9.74,100.0
2019-03-22 15:35:00,9.74,9.74,9.74,9.74,795.0
2019-03-22 15:37:00,9.73,9.73,9.73,9.73,500.0
2019-03-22 15:38:00,9.73,9.73,9.73,9.73,700.0
2019-03-22 15:39:00,9.72,9.72,9.72,9.72,1075.0
2019-03-22 15:40:00,9.7,9.7,9.7,9.7,500.0
2019-03-22 15:41:00,9.69,9.69,9.69,9.69,310.0
2019-03-22 15:43:00,9.67,9.67,9.67,9.67,410.0
2019-03-22 15:44:00,9.67,9.67,9.67,9.67,542.0
2019-03-22 15:45:00,9.67,9.67,9.67,9.67,1471.0
2019-03-22 15:47:00,9.66,9.68,9.66,9.68,1667.0
2019-03-22 15:48:00,9.68,9.68,9.68,9.68,823.0
2019-03-22 15:49:00,9.69,9.69,9.68,9.68,1672.0
2019-03-22 15:50:00,9.69,9.69,9.69,9.69,693.0
2019-03-22 15:51:00,9.68,9.68,9.68,9.68,410.0
2019-03-22 15:52:00,9.68,9.68,9.68,9.68,402.0
2019-03-22 15:53:00,9.69,9.69,9.69,9.69,1400.0
2019-03-22 15:54:00,9.68,9.68,9.68,9.68,1658.0
2019-03-22 15:55:00,9.67,9.67,9.67,9.67,1014.0
2019-03-22 15:56:00,9.67,9.67,9.67,9.67,2103.0
2019-03-22 15:57:00,9.67,9.67,9.67,9.67,1215.0
2019-03-22 15:58:00,9.68,9.68,9.66,9.66,2300.0
2019-03-22 15:59:00,9.67,9.67,9.67,9.67,811.0
2019-03-22 16:00:00,9.66,9.68,9.66,9.66,9094.0
2019-03-25 09:31:00,9.67,9.67,9.67,9.67,618.0
2019-03-25 09:35:00,9.57,9.57,9.57,9.57,105.0
2019-03-25 09:41:00,9.61,9.61,9.61,9.61,766.0
2019-03-25 09:45:00,9.64,9.64,9.64,9.64,158.0
2019-03-25 09:54:00,9.65,9.65,9.65,9.65,454.0
2019-03-25 09:55:00,9.7,9.7,9.7,9.7,988.0
2019-03-25 10:03:00,9.66,9.66,9.64,9.64,2582.0
2019-03-25 10:16:00,9.5956,9.5956,9.5956,9.5956,358.0
2019-03-25 10:19:00,9.58,9.58,9.58,9.58,438.0
2019-03-25 10:21:00,9.59,9.59,9.59,9.59,707.0
2019-03-25 10:29:00,9.64,9.64,9.64,9.64,403.0
2019-03-25 10:30:00,9.63,9.63,9.63,9.63,664.0
2019-03-25 10:33:00,9.645,9.645,9.645,9.645,103.0
2019-03-25 10:34:00,9.625,9.625,9.625,9.625,731.0
2019-03-25 10:35:00,9.61,9.61,9.605,9.605,2767.0
2019-03-25 10:37:00,9.63,9.63,9.62,9.62,659.0
2019-03-25 10:42:00,9.65,9.65,9.65,9.65,1058.0
2019-03-25 10:44:00,9.63,9.63,9.63,9.63,563.0
2019-03-25 10:45:00,9.635,9.635,9.635,9.635,309.0
2019-03-25 10:48:00,9.63,9.63,9.63,9.63,332.0
2019-03-25 10:53:00,9.65,9.65,9.65,9.65,663.0
2019-03-25 10:59:00,9.685,9.685,9.66,9.66,1220.0
2019-03-25 11:00:00,9.64,9.64,9.64,9.64,415.0
2019-03-25 11:07:00,9.685,9.685,9.685,9.685,410.0
2019-03-25 11:11:00,9.695,9.7,9.695,9.7,1056.0
2019-03-25 11:15:00,9.735,9.735,9.735,9.735,503.0
2019-03-25 11:16:00,9.74,9.74,9.74,9.74,614.0
2019-03-25 11:19:00,9.76,9.76,9.76,9.76,650.0
2019-03-25 11:22:00,9.77,9.77,9.77,9.77,1033.0
2019-03-25 11:26:00,9.81,9.81,9.81,9.81,296.0
2019-03-25 11:29:00,9.82,9.82,9.79,9.79,1864.0
2019-03-25 11:30:00,9.82,9.82,9.82,9.82,246.0
2019-03-25 11:34:00,9.7849,9.7849,9.7849,9.7849,208.0
2019-03-25 11:35:00,9.78,9.78,9.78,9.78,604.0
2019-03-25 11:37:00,9.75,9.75,9.75,9.75,374.0
2019-03-25 11:52:00,9.76,9.76,9.76,9.76,309.0
2019-03-25 11:54:00,9.75,9.75,9.75,9.75,400.0
2019-03-25 11:55:00,9.755,9.755,9.755,9.755,296.0
2019-03-25 11:57:00,9.75,9.75,9.75,9.75,143.0
2019-03-25 12:01:00,9.75,9.75,9.74,9.74,1787.0
2019-03-25 12:02:00,9.73,9.73,9.73,9.73,667.0
2019-03-25 12:04:00,9.75,9.75,9.75,9.75,482.0
2019-03-25 12:05:00,9.78,9.78,9.78,9.78,109.0
2019-03-25 12:08:00,9.765,9.765,9.765,9.765,362.0
2019-03-25 12:14:00,9.75,9.75,9.75,9.75,388.0
2019-03-25 12:18:00,9.73,9.73,9.73,9.73,200.0
2019-03-25 12:19:00,9.755,9.755,9.755,9.755,581.0
2019-03-25 12:23:00,9.77,9.77,9.77,9.77,816.0
2019-03-25 12:29:00,9.76,9.76,9.76,9.76,1405.0
2019-03-25 12:30:00,9.77,9.77,9.77,9.77,2403.0
2019-03-25 12:31:00,9.82,9.82,9.78,9.78,1916.0
2019-03-25 12:33:00,9.8,9.8,9.8,9.8,145.0
2019-03-25 12:45:00,9.77,9.77,9.77,9.77,212.0
2019-03-25 12:46:00,9.76,9.76,9.76,9.76,235.0
2019-03-25 12:51:00,9.77,9.77,9.77,9.77,545.0
2019-03-25 12:54:00,9.77,9.77,9.77,9.77,402.0
2019-03-25 12:55:00,9.77,9.77,9.77,9.77,165.0
2019-03-25 12:58:00,9.78,9.78,9.78,9.78,455.0
2019-03-25 12:59:00,9.78,9.78,9.78,9.78,329.0
2019-03-25 13:01:00,9.78,9.78,9.78,9.78,252.0
2019-03-25 13:02:00,9.78,9.78,9.78,9.78,347.0
2019-03-25 13:06:00,9.77,9.77,9.77,9.77,110.0
2019-03-25 13:07:00,9.77,9.77,9.77,9.77,243.0
2019-03-25 13:09:00,9.76,9.76,9.76,9.76,1041.0
2019-03-25 13:10:00,9.76,9.76,9.76,9.76,107.0
2019-03-25 13:14:00,9.78,9.78,9.78,9.78,347.0
2019-03-25 13:17:00,9.77,9.77,9.77,9.77,105.0
2019-03-25 13:18:00,9.76,9.76,9.76,9.76,713.0
2019-03-25 13:22:00,9.76,9.76,9.76,9.76,137.0
2019-03-25 13:24:00,9.76,9.76,9.76,9.76,305.0
2019-03-25 13:27:00,9.76,9.76,9.76,9.76,242.0
2019-03-25 13:32:00,9.75,9.75,9.75,9.75,1125.0
2019-03-25 13:37:00,9.78,9.78,9.78,9.78,403.0
2019-03-25 13:38:00,9.78,9.78,9.78,9.78,505.0
2019-03-25 13:40:00,9.78,9.78,9.78,9.78,615.0
2019-03-25 13:42:00,9.77,9.77,9.77,9.77,307.0
2019-03-25 13:45:00,9.77,9.77,9.77,9.77,210.0
2019-03-25 13:49:00,9.75,9.75,9.75,9.75,895.0
2019-03-25 13:52:00,9.76,9.76,9.76,9.76,503.0
2019-03-25 13:53:00,9.75,9.75,9.75,9.75,307.0
2019-03-25 13:55:00,9.74,9.74,9.74,9.74,119.0
2019-03-25 13:56:00,9.75,9.75,9.75,9.75,644.0
2019-03-25 14:00:00,9.75,9.75,9.75,9.75,198.0
2019-03-25 14:01:00,9.76,9.76,9.76,9.76,342.0
2019-03-25 14:05:00,9.75,9.75,9.74,9.74,1905.0
2019-03-25 14:12:00,9.72,9.72,9.72,9.72,223.0
2019-03-25 14:13:00,9.725,9.725,9.725,9.725,306.0
2019-03-25 14:14:00,9.72,9.72,9.72,9.72,192.0
2019-03-25 14:17:00,9.72,9.72,9.72,9.72,322.0
2019-03-25 14:20:00,9.699,9.699,9.699,9.699,577.0
2019-03-25 14:21:00,9.7,9.7,9.7,9.7,792.0
2019-03-25 14:26:00,9.695,9.695,9.695,9.695,102.0
2019-03-25 14:28:00,9.7,9.7,9.7,9.7,526.0
2019-03-25 14:31:00,9.71,9.71,9.71,9.71,491.0
2019-03-25 14:32:00,9.69,9.69,9.69,9.69,500.0
2019-03-25 14:33:00,9.72,9.72,9.69,9.69,1084.0
2019-03-25 14:40:00,9.68,9.68,9.68,9.68,405.0
2019-03-25 14:41:00,9.7,9.7,9.7,9.7,700.0
2019-03-25 14:42:00,9.7,9.7,9.7,9.7,1006.0
2019-03-25 14:43:00,9.72,9.72,9.72,9.72,305.0
2019-03-25 14:46:00,9.73,9.73,9.73,9.73,204.0
2019-03-25 14:47:00,9.73,9.73,9.73,9.73,106.0
2019-03-25 14:49:00,9.73,9.73,9.73,9.73,500.0
2019-03-25 14:50:00,9.74,9.74,9.74,9.74,403.0
2019-03-25 14:52:00,9.73,9.73,9.73,9.73,953.0
2019-03-25 14:53:00,9.74,9.74,9.74,9.74,400.0
2019-03-25 14:54:00,9.74,9.77,9.74,9.75,1585.0
2019-03-25 14:56:00,9.78,9.78,9.78,9.78,399.0
2019-03-25 14:58:00,9.78,9.78,9.78,9.78,1000.0
2019-03-25 15:01:00,9.78,9.78,9.78,9.78,1595.0
2019-03-25 15:03:00,9.8,9.8,9.8,9.8,198.0
2019-03-25 15:04:00,9.77,9.77,9.77,9.77,557.0
2019-03-25 15:07:00,9.76,9.76,9.76,9.76,306.0
2019-03-25 15:09:00,9.77,9.77,9.77,9.77,927.0
2019-03-25 15:12:00,9.78,9.78,9.78,9.78,109.0
2019-03-25 15:16:00,9.78,9.78,9.78,9.78,303.0
2019-03-25 15:17:00,9.77,9.77,9.77,9.77,412.0
2019-03-25 15:21:00,9.77,9.77,9.77,9.77,218.0
2019-03-25 15:23:00,9.78,9.78,9.78,9.78,210.0
2019-03-25 15:25:00,9.785,9.785,9.785,9.785,506.0
2019-03-25 15:27:00,9.8,9.8,9.78,9.78,1857.0
2019-03-25 15:30:00,9.775,9.775,9.775,9.775,1245.0
2019-03-25 15:31:00,9.765,9.765,9.765,9.765,439.0
2019-03-25 15:35:00,9.74,9.74,9.74,9.74,1309.0
2019-03-25 15:36:00,9.73,9.73,9.73,9.73,576.0
2019-03-25 15:37:00,9.72,9.72,9.72,9.72,405.0
2019-03-25 15:38:00,9.72,9.72,9.72,9.72,1437.0
2019-03-25 15:41:00,9.715,9.715,9.715,9.715,500.0
2019-03-25 15:42:00,9.72,9.72,9.72,9.72,599.0
2019-03-25 15:43:00,9.71,9.71,9.71,9.71,354.0
2019-03-25 15:44:00,9.71,9.71,9.71,9.71,703.0
2019-03-25 15:46:00,9.715,9.715,9.715,9.715,302.0
2019-03-25 15:47:00,9.71,9.71,9.71,9.71,202.0
2019-03-25 15:48:00,9.71,9.71,9.71,9.71,443.0
2019-03-25 15:49:00,9.7,9.7,9.7,9.7,1603.0
2019-03-25 15:50:00,9.7,9.7,9.68,9.68,3803.0
2019-03-25 15:51:00,9.69,9.69,9.69,9.69,4099.0
2019-03-25 15:54:00,9.695,9.695,9.695,9.695,302.0
2019-03-25 15:55:00,9.69,9.69,9.69,9.69,1030.0
2019-03-25 15:56:00,9.685,9.685,9.685,9.685,905.0
2019-03-25 15:57:00,9.68,9.7,9.68,9.7,4588.0
2019-03-25 15:58:00,9.7,9.7,9.7,9.7,533.0
2019-03-25 15:59:00,9.7,9.7,9.7,9.7,513.0
2019-03-25 16:00:00,9.7,9.7,9.69,9.69,2228.0
2019-03-26 09:31:00,9.69,9.69,9.69,9.69,1215.0
2019-03-26 09:33:00,9.64,9.64,9.64,9.64,629.0
2019-03-26 09:43:00,9.75,9.75,9.74,9.74,613.0
2019-03-26 09:45:00,9.76,9.76,9.76,9.76,790.0
2019-03-26 09:50:00,9.76,9.76,9.76,9.76,106.0
2019-03-26 09:51:00,9.72,9.72,9.72,9.72,105.0
2019-03-26 09:53:00,9.72,9.72,9.72,9.72,506.0
2019-03-26 09:56:00,9.71,9.71,9.71,9.71,404.0
2019-03-26 09:58:00,9.72,9.72,9.72,9.72,518.0
2019-03-26 10:01:00,9.71,9.71,9.71,9.71,512.0
2019-03-26 10:02:00,9.71,9.71,9.71,9.71,421.0
2019-03-26 10:08:00,9.73,9.73,9.73,9.73,208.0
2019-03-26 10:11:00,9.76,9.76,9.76,9.76,511.0
2019-03-26 10:12:00,9.74,9.74,9.74,9.74,203.0
2019-03-26 10:14:00,9.77,9.77,9.77,9.77,156.0
2019-03-26 10:16:00,9.74,9.74,9.74,9.74,793.0
2019-03-26 10:19:00,9.74,9.74,9.74,9.74,403.0
2019-03-26 10:20:00,9.73,9.73,9.73,9.73,180.0
2019-03-26 10:25:00,9.72,9.72,9.72,9.72,128.0
2019-03-26 10:28:00,9.72,9.72,9.72,9.72,453.0
2019-03-26 10:30:00,9.69,9.69,9.69,9.69,130.0
2019-03-26 10:39:00,9.7304,9.7304,9.7304,9.7304,805.0
2019-03-26 10:40:00,9.73,9.73,9.73,9.73,114.0
2019-03-26 10:42:00,9.73,9.73,9.72,9.72,1418.0
2019-03-26 10:46:00,9.735,9.735,9.735,9.735,230.0
2019-03-26 10:49:00,9.72,9.72,9.72,9.72,812.0
2019-03-26 10:51:00,9.77,9.77,9.77,9.77,485.0
2019-03-26 10:52:00,9.72,9.72,9.72,9.72,1206.0
2019-03-26 10:54:00,9.75,9.75,9.75,9.75,103.0
2019-03-26 10:56:00,9.71,9.71,9.71,9.71,2019.0
2019-03-26 11:03:00,9.72,9.72,9.72,9.72,232.0
2019-03-26 11:05:00,9.74,9.74,9.74,9.74,279.0
2019-03-26 11:10:00,9.71,9.71,9.71,9.71,665.0
2019-03-26 11:12:00,9.69,9.69,9.69,9.69,176.0
2019-03-26 11:18:00,9.71,9.71,9.71,9.71,332.0
2019-03-26 11:19:00,9.72,9.72,9.72,9.72,207.0
2019-03-26 11:20:00,9.72,9.72,9.72,9.72,602.0
2019-03-26 11:21:00,9.71,9.71,9.71,9.71,400.0
2019-03-26 11:22:00,9.69,9.69,9.69,9.69,733.0
2019-03-26 11:25:00,9.67,9.67,9.67,9.67,246.0
2019-03-26 11:30:00,9.68,9.68,9.68,9.68,793.0
2019-03-26 11:33:00,9.69,9.69,9.69,9.69,338.0
2019-03-26 11:35:00,9.66,9.69,9.66,9.69,785.0
2019-03-26 11:37:00,9.68,9.68,9.68,9.68,156.0
2019-03-26 11:38:00,9.69,9.69,9.69,9.69,305.0
2019-03-26 11:47:00,9.69,9.69,9.69,9.69,731.0
2019-03-26 11:49:00,9.67,9.67,9.67,9.67,392.0
2019-03-26 11:52:00,9.67,9.67,9.67,9.67,180.0
2019-03-26 11:57:00,9.67,9.67,9.67,9.67,712.0
2019-03-26 11:59:00,9.67,9.67,9.67,9.67,385.0
2019-03-26 12:05:00,9.68,9.68,9.68,9.68,332.0
2019-03-26 12:08:00,9.68,9.68,9.67,9.67,888.0
2019-03-26 12:10:00,9.67,9.67,9.67,9.67,643.0
2019-03-26 12:15:00,9.6659,9.6659,9.6659,9.6659,196.0
2019-03-26 12:16:00,9.69,9.69,9.69,9.69,288.0
2019-03-26 12:18:00,9.68,9.68,9.68,9.68,327.0
2019-03-26 12:22:00,9.68,9.68,9.68,9.68,106.0
2019-03-26 12:23:00,9.7,9.7,9.7,9.7,218.0
2019-03-26 12:25:00,9.655,9.655,9.655,9.655,1502.0
2019-03-26 12:26:00,9.65,9.65,9.65,9.65,948.0
2019-03-26 12:29:00,9.66,9.66,9.66,9.66,540.0
2019-03-26 12:32:00,9.67,9.67,9.67,9.67,268.0
2019-03-26 12:35:00,9.6641,9.6641,9.6641,9.6641,1130.0
2019-03-26 12:40:00,9.64,9.64,9.64,9.64,222.0
2019-03-26 12:42:00,9.65,9.65,9.65,9.65,131.0
2019-03-26 12:43:00,9.66,9.66,9.66,9.66,4691.0
2019-03-26 12:45:00,9.67,9.67,9.67,9.67,222.0
2019-03-26 12:46:00,9.6697,9.6697,9.6697,9.6697,1214.0
2019-03-26 12:47:00,9.66,9.66,9.66,9.66,260.0
2019-03-26 12:48:00,9.66,9.66,9.66,9.66,213.0
2019-03-26 12:50:00,9.65,9.65,9.65,9.65,2457.0
2019-03-26 12:51:00,9.67,9.67,9.67,9.67,0.0
2019-03-26 12:59:00,9.67,9.67,9.64,9.64,1261.0
2019-03-26 13:10:00,9.68,9.68,9.68,9.68,449.0
2019-03-26 13:17:00,9.66,9.66,9.66,9.66,280.0
2019-03-26 13:21:00,9.66,9.66,9.66,9.66,126.0
2019-03-26 13:24:00,9.68,9.68,9.68,9.68,1084.0
2019-03-26 13:30:00,9.66,9.66,9.66,9.66,423.0
2019-03-26 13:33:00,9.65,9.65,9.65,9.65,264.0
2019-03-26 13:37:00,9.65,9.65,9.65,9.65,819.0
2019-03-26 13:39:00,9.65,9.65,9.65,9.65,1747.0
2019-03-26 13:40:00,9.65,9.65,9.65,9.65,204.0
2019-03-26 13:41:00,9.65,9.65,9.65,9.65,263.0
2019-03-26 13:46:00,9.65,9.65,9.65,9.65,703.0
2019-03-26 14:01:00,9.65,9.65,9.64,9.64,968.0
2019-03-26 14:02:00,9.65,9.65,9.65,9.65,375.0
2019-03-26 14:05:00,9.664,9.664,9.664,9.664,208.0
2019-03-26 14:07:00,9.65,9.65,9.65,9.65,581.0
2019-03-26 14:10:00,9.65,9.65,9.65,9.65,335.0
2019-03-26 14:11:00,9.65,9.65,9.65,9.65,132.0
2019-03-26 14:13:00,9.65,9.65,9.65,9.65,452.0
2019-03-26 14:16:00,9.659,9.659,9.659,9.659,193.0
2019-03-26 14:17:00,9.65,9.65,9.65,9.65,485.0
2019-03-26 14:22:00,9.69,9.69,9.69,9.69,163.0
2019-03-26 14:23:00,9.67,9.67,9.67,9.67,808.0
2019-03-26 14:24:00,9.65,9.65,9.65,9.65,506.0
2019-03-26 14:27:00,9.68,9.68,9.68,9.68,8094.0
2019-03-26 14:31:00,9.69,9.69,9.69,9.69,131.0
2019-03-26 14:33:00,9.68,9.68,9.68,9.68,579.0
2019-03-26 14:35:00,9.68,9.68,9.68,9.68,231.0
2019-03-26 14:42:00,9.68,9.68,9.68,9.68,0.0
2019-03-26 14:43:00,9.69,9.69,9.69,9.69,503.0
2019-03-26 14:44:00,9.69,9.69,9.69,9.69,679.0
2019-03-26 14:47:00,9.67,9.67,9.67,9.67,174.0
2019-03-26 14:50:00,9.7,9.7,9.7,9.7,467.0
2019-03-26 14:51:00,9.72,9.72,9.72,9.72,336.0
2019-03-26 14:53:00,9.7,9.7,9.7,9.7,574.0
2019-03-26 14:53:36,9.7,9.7,9.7,9.7,0.0
2019-03-26 14:58:00,9.72,9.72,9.72,9.72,132.0
2019-03-26 14:59:00,9.73,9.73,9.73,9.73,736.0
2019-03-26 15:02:00,9.74,9.74,9.74,9.74,323.0
2019-03-26 15:03:00,9.74,9.74,9.74,9.74,243.0
2019-03-26 15:09:00,9.73,9.73,9.73,9.73,369.0
2019-03-26 15:16:00,9.7,9.7,9.7,9.7,424.0
2019-03-26 15:17:00,9.71,9.71,9.71,9.71,800.0
2019-03-26 15:18:00,9.74,9.74,9.74,9.74,691.0
2019-03-26 15:19:00,9.75,9.75,9.7485,9.75,3181.0
2019-03-26 15:21:00,9.75,9.75,9.75,9.75,724.0
2019-03-26 15:22:00,9.75,9.755,9.75,9.755,1004.0
2019-03-26 15:25:00,9.78,9.78,9.78,9.78,406.0
2019-03-26 15:27:00,9.77,9.77,9.77,9.77,442.0
2019-03-26 15:28:00,9.775,9.775,9.775,9.775,448.0
2019-03-26 15:29:00,9.79,9.79,9.79,9.79,950.0
2019-03-26 15:31:00,9.81,9.81,9.81,9.81,1001.0
2019-03-26 15:33:00,9.8,9.8,9.8,9.8,593.0
2019-03-26 15:34:00,9.81,9.82,9.81,9.82,1712.0
2019-03-26 15:36:00,9.82,9.82,9.82,9.82,412.0
2019-03-26 15:37:00,9.82,9.82,9.82,9.82,961.0
2019-03-26 15:38:00,9.83,9.83,9.83,9.83,961.0
2019-03-26 15:39:00,9.83,9.84,9.83,9.84,2449.0
2019-03-26 15:40:00,9.8375,9.8375,9.8375,9.8375,1381.0
2019-03-26 15:41:00,9.84,9.84,9.84,9.84,3798.0
2019-03-26 15:42:00,9.86,9.8775,9.86,9.8775,6785.0
2019-03-26 15:43:00,9.88,9.88,9.88,9.88,1250.0
2019-03-26 15:45:00,9.87,9.88,9.86,9.87,5983.0
2019-03-26 15:46:00,9.88,9.88,9.88,9.88,2602.0
2019-03-26 15:47:00,9.875,9.875,9.875,9.875,640.0
2019-03-26 15:48:00,9.88,9.9,9.88,9.9,4232.0
2019-03-26 15:49:00,9.9,9.9,9.9,9.9,4890.0
2019-03-26 15:50:00,9.91,9.91,9.91,9.91,2523.0
2019-03-26 15:51:00,9.905,9.905,9.905,9.905,1601.0
2019-03-26 15:52:00,9.91,9.91,9.91,9.91,2120.0
2019-03-26 15:53:00,9.91,9.91,9.91,9.91,392.0
2019-03-26 15:54:00,9.91,9.91,9.91,9.91,1700.0
2019-03-26 15:55:00,9.91,9.91,9.91,9.91,910.0
2019-03-26 15:56:00,9.92,9.92,9.91,9.91,3006.0
2019-03-26 15:57:00,9.9,9.92,9.9,9.92,6587.0
2019-03-26 15:58:00,9.92,9.94,9.92,9.94,3672.0
2019-03-26 15:59:00,9.93,9.94,9.93,9.94,8599.0
2019-03-26 16:00:00,9.96,9.96,9.95,9.95,10336.0
2019-03-27 09:31:00,9.91,9.91,9.91,9.91,1635.0
2019-03-27 09:33:00,9.98,9.98,9.98,9.98,403.0
2019-03-27 09:34:00,9.98,9.98,9.98,9.98,563.0
2019-03-27 09:35:00,9.96,9.96,9.96,9.96,1002.0
2019-03-27 09:36:00,9.96,9.96,9.96,9.96,1104.0
2019-03-27 09:37:00,9.95,9.96,9.95,9.96,305.0
2019-03-27 09:38:00,9.96,9.96,9.96,9.96,507.0
2019-03-27 09:39:00,9.96,9.96,9.96,9.96,1084.0
2019-03-27 09:40:00,9.97,9.97,9.97,9.97,5547.0
2019-03-27 09:41:00,10.02,10.02,10.02,10.02,1111.0
2019-03-27 09:44:00,10.0088,10.0088,10.0088,10.0088,591.0
2019-03-27 09:45:00,9.96,9.96,9.96,9.96,364.0
2019-03-27 10:05:00,9.94,9.94,9.94,9.94,104.0
2019-03-27 10:06:00,9.95,9.95,9.95,9.95,103.0
2019-03-27 10:07:00,9.92,9.92,9.92,9.92,379.0
2019-03-27 10:09:00,9.91,9.91,9.9,9.9,1361.0
2019-03-27 10:17:00,9.89,9.89,9.89,9.89,265.0
2019-03-27 10:25:00,9.91,9.91,9.91,9.91,128.0
2019-03-27 10:30:00,9.89,9.89,9.89,9.89,570.0
2019-03-27 10:33:00,9.8501,9.88,9.8501,9.88,360.0
2019-03-27 10:36:00,9.86,9.86,9.86,9.86,103.0
2019-03-27 10:38:00,9.84,9.84,9.84,9.84,260.0
2019-03-27 10:46:00,9.78,9.78,9.78,9.78,1836.0
2019-03-27 10:47:00,9.78,9.78,9.78,9.78,403.0
2019-03-27 10:48:00,9.7627,9.7627,9.7627,9.7627,903.0
2019-03-27 10:49:00,9.75,9.75,9.75,9.75,955.0
2019-03-27 10:50:00,9.75,9.76,9.75,9.76,1844.0
2019-03-27 10:51:00,9.795,9.795,9.795,9.795,1357.0
2019-03-27 11:01:00,9.81,9.81,9.81,9.81,390.0
2019-03-27 11:02:00,9.82,9.82,9.82,9.82,412.0
2019-03-27 11:03:00,9.83,9.83,9.83,9.83,239.0
2019-03-27 11:19:00,9.7715,9.7715,9.7715,9.7715,1003.0
2019-03-27 11:20:00,9.77,9.77,9.77,9.77,1205.0
2019-03-27 11:21:00,9.76,9.77,9.76,9.77,2016.0
2019-03-27 11:35:00,9.75,9.75,9.75,9.75,200.0
2019-03-27 11:36:00,9.74,9.74,9.74,9.74,2030.0
2019-03-27 11:40:00,9.75,9.75,9.75,9.75,340.0
2019-03-27 11:44:00,9.73,9.73,9.73,9.73,128.0
2019-03-27 11:45:00,9.74,9.74,9.74,9.74,750.0
2019-03-27 11:48:00,9.75,9.75,9.75,9.75,441.0
2019-03-27 11:57:00,9.78,9.78,9.78,9.78,393.0
2019-03-27 11:58:00,9.78,9.78,9.78,9.78,305.0
2019-03-27 12:00:00,9.77,9.77,9.77,9.77,0.0
2019-03-27 12:01:00,9.76,9.76,9.745,9.75,22578.0
2019-03-27 12:02:00,9.75,9.75,9.75,9.75,4921.0
2019-03-27 12:03:00,9.74,9.76,9.74,9.76,2714.0
2019-03-27 12:05:00,9.8,9.8,9.8,9.8,1246.0
2019-03-27 12:10:00,9.85,9.85,9.85,9.85,507.0
2019-03-27 12:14:00,9.87,9.87,9.87,9.87,202.0
2019-03-27 12:15:00,9.87,9.87,9.87,9.87,913.0
2019-03-27 12:21:00,9.89,9.89,9.89,9.89,211.0
2019-03-27 12:25:00,9.86,9.86,9.86,9.86,309.0
2019-03-27 12:27:00,9.88,9.88,9.88,9.88,305.0
2019-03-27 12:29:00,9.89,9.89,9.89,9.89,230.0
2019-03-27 12:30:00,9.9048,9.9048,9.9048,9.9048,601.0
2019-03-27 12:31:00,9.89,9.89,9.89,9.89,570.0
2019-03-27 12:45:00,9.88,9.88,9.88,9.88,207.0
2019-03-27 12:49:00,9.89,9.89,9.89,9.89,233.0
2019-03-27 12:50:00,9.89,9.89,9.89,9.89,632.0
2019-03-27 12:51:00,9.91,9.91,9.91,9.91,506.0
2019-03-27 12:52:00,9.91,9.91,9.91,9.91,608.0
2019-03-27 12:53:00,9.915,9.915,9.915,9.915,206.0
2019-03-27 12:55:00,9.9,9.91,9.9,9.91,669.0
2019-03-27 13:08:00,9.89,9.89,9.89,9.89,426.0
2019-03-27 13:10:00,9.89,9.89,9.89,9.89,200.0
2019-03-27 13:12:00,9.91,9.91,9.91,9.91,226.0
2019-03-27 13:15:00,9.91,9.92,9.91,9.92,1563.0
2019-03-27 13:27:00,9.91,9.91,9.91,9.91,112.0
2019-03-27 13:31:00,9.89,9.89,9.89,9.89,400.0
2019-03-27 13:32:00,9.89,9.89,9.89,9.89,110.0
2019-03-27 13:33:00,9.88,9.88,9.88,9.88,497.0
2019-03-27 13:34:00,9.87,9.87,9.87,9.87,522.0
2019-03-27 13:43:00,9.875,9.875,9.875,9.875,985.0
2019-03-27 13:45:00,9.89,9.89,9.89,9.89,274.0
2019-03-27 13:53:00,9.89,9.89,9.89,9.89,116.0
2019-03-27 13:55:00,9.89,9.89,9.89,9.89,222.0
2019-03-27 13:57:00,9.88,9.88,9.88,9.88,494.0
2019-03-27 14:00:00,9.86,9.86,9.86,9.86,667.0
2019-03-27 14:01:00,9.8797,9.8797,9.8797,9.8797,248.0
2019-03-27 14:12:00,9.89,9.89,9.89,9.89,721.0
2019-03-27 14:13:00,9.88,9.88,9.88,9.88,391.0
2019-03-27 14:24:00,9.86,9.86,9.86,9.86,213.0
2019-03-27 14:29:00,9.86,9.86,9.86,9.86,324.0
2019-03-27 14:31:00,9.86,9.86,9.86,9.86,475.0
2019-03-27 14:34:00,9.85,9.85,9.85,9.85,103.0
2019-03-27 14:35:00,9.85,9.85,9.85,9.85,310.0
2019-03-27 14:40:00,9.83,9.83,9.83,9.83,669.0
2019-03-27 14:49:00,9.82,9.82,9.82,9.82,706.0
2019-03-27 14:51:00,9.83,9.83,9.83,9.83,1208.0
2019-03-27 14:52:00,9.84,9.84,9.84,9.84,102.0
2019-03-27 14:54:00,9.84,9.84,9.84,9.84,108.0
2019-03-27 14:55:00,9.83,9.83,9.83,9.83,800.0
2019-03-27 15:01:00,9.82,9.82,9.82,9.82,114.0
2019-03-27 15:06:00,9.82,9.82,9.82,9.82,210.0
2019-03-27 15:09:00,9.8,9.8,9.8,9.8,637.0
2019-03-27 15:11:00,9.8,9.8,9.8,9.8,238.0
2019-03-27 15:12:00,9.79,9.79,9.79,9.79,444.0
2019-03-27 15:13:00,9.81,9.81,9.81,9.81,523.0
2019-03-27 15:16:00,9.81,9.81,9.81,9.81,105.0
2019-03-27 15:17:00,9.81,9.81,9.81,9.81,414.0
2019-03-27 15:18:00,9.82,9.82,9.82,9.82,339.0
2019-03-27 15:19:00,9.82,9.82,9.82,9.82,409.0
2019-03-27 15:24:00,9.82,9.82,9.82,9.82,847.0
2019-03-27 15:26:00,9.82,9.82,9.82,9.82,106.0
2019-03-27 15:28:00,9.8281,9.8281,9.8281,9.8281,404.0
2019-03-27 15:29:00,9.83,9.83,9.83,9.83,504.0
2019-03-27 15:30:00,9.84,9.84,9.84,9.84,433.0
2019-03-27 15:31:00,9.84,9.84,9.84,9.84,894.0
2019-03-27 15:34:00,9.83,9.83,9.83,9.83,805.0
2019-03-27 15:35:00,9.815,9.815,9.815,9.815,1110.0
2019-03-27 15:36:00,9.77,9.77,9.77,9.77,3200.0
2019-03-27 15:37:00,9.78,9.78,9.78,9.78,1346.0
2019-03-27 15:38:00,9.8,9.805,9.8,9.805,793.0
2019-03-27 15:39:00,9.805,9.805,9.805,9.805,203.0
2019-03-27 15:40:00,9.8,9.8,9.8,9.8,339.0
2019-03-27 15:42:00,9.8,9.8,9.8,9.8,208.0
2019-03-27 15:43:00,9.8,9.8,9.8,9.8,344.0
2019-03-27 15:44:00,9.8,9.8,9.8,9.8,216.0
2019-03-27 15:45:00,9.8,9.8,9.8,9.8,1357.0
2019-03-27 15:46:00,9.8,9.8,9.8,9.8,2234.0
2019-03-27 15:48:00,9.8,9.8,9.8,9.8,310.0
2019-03-27 15:49:00,9.8,9.8,9.8,9.8,423.0
2019-03-27 15:50:00,9.8,9.8,9.8,9.8,253.0
2019-03-27 15:51:00,9.8,9.8,9.79,9.79,369.0
2019-03-27 15:52:00,9.79,9.79,9.79,9.79,478.0
2019-03-27 15:53:00,9.79,9.79,9.79,9.79,3872.0
2019-03-27 15:54:00,9.79,9.79,9.79,9.79,200.0
2019-03-27 15:55:00,9.79,9.79,9.79,9.79,226.0
2019-03-27 15:56:00,9.79,9.79,9.79,9.79,583.0
2019-03-27 15:57:00,9.79,9.79,9.79,9.79,739.0
2019-03-27 15:58:00,9.79,9.79,9.79,9.79,944.0
2019-03-27 15:59:00,9.79,9.79,9.78,9.78,1920.0
2019-03-27 16:00:00,9.78,9.78,9.77,9.77,5838.0
2019-03-28 09:31:00,9.77,9.77,9.77,9.77,1236.0
2019-03-28 09:38:00,9.85,9.85,9.85,9.85,483.0
2019-03-28 09:42:00,9.86,9.86,9.86,9.86,2750.0
2019-03-28 09:44:00,9.86,9.86,9.86,9.86,263.0
2019-03-28 09:48:00,9.93,9.93,9.93,9.93,105.0
2019-03-28 09:49:00,9.94,9.94,9.94,9.94,1685.0
2019-03-28 09:51:00,9.91,9.91,9.91,9.91,513.0
2019-03-28 09:53:00,9.86,9.86,9.86,9.86,311.0
2019-03-28 09:54:00,9.84,9.84,9.84,9.84,148.0
2019-03-28 10:13:00,9.81,9.81,9.81,9.81,110.0
2019-03-28 10:17:00,9.86,9.86,9.835,9.86,1305.0
2019-03-28 10:18:00,9.86,9.91,9.86,9.91,2558.0
2019-03-28 10:19:00,9.91,9.91,9.91,9.91,373.0
2019-03-28 10:23:00,9.9,9.9,9.9,9.9,1043.0
2019-03-28 10:24:00,9.9,9.9,9.9,9.9,258.0
2019-03-28 10:25:00,9.9,9.9,9.9,9.9,2879.0
2019-03-28 10:26:00,9.92,9.92,9.92,9.92,2995.0
2019-03-28 10:33:00,9.96,9.96,9.96,9.96,207.0
2019-03-28 10:36:00,9.94,9.94,9.94,9.94,112.0
2019-03-28 10:39:00,9.91,9.91,9.91,9.91,200.0
2019-03-28 10:40:00,9.925,9.9254,9.925,9.9254,3647.0
2019-03-28 10:42:00,9.92,9.95,9.92,9.95,10741.0
2019-03-28 10:43:00,9.98,9.98,9.98,9.98,404.0
2019-03-28 10:45:00,9.96,9.96,9.94,9.96,1007.0
2019-03-28 10:46:00,9.96,9.96,9.96,9.96,1324.0
2019-03-28 10:53:00,9.95,9.95,9.95,9.95,727.0
2019-03-28 10:57:00,9.98,9.99,9.98,9.99,5655.0
2019-03-28 10:58:00,10.0,10.0,10.0,10.0,170.0
2019-03-28 11:00:00,10.0,10.0,10.0,10.0,1133.0
2019-03-28 11:07:00,10.0,10.0,10.0,10.0,764.0
2019-03-28 11:08:00,10.005,10.005,10.005,10.005,109.0
2019-03-28 11:09:00,10.0,10.0,10.0,10.0,1205.0
2019-03-28 11:10:00,10.0,10.0,10.0,10.0,1512.0
2019-03-28 11:12:00,10.01,10.01,10.0,10.0,1990.0
2019-03-28 11:16:00,10.02,10.02,10.02,10.02,205.0
2019-03-28 11:18:00,10.02,10.02,10.02,10.02,307.0
2019-03-28 11:21:00,10.015,10.015,10.015,10.015,3302.0
2019-03-28 11:23:00,10.015,10.015,10.01,10.01,1814.0
2019-03-28 11:25:00,10.0,10.0,10.0,10.0,1305.0
2019-03-28 11:26:00,9.99,10.0,9.99,10.0,560.0
2019-03-28 11:27:00,10.0,10.0,10.0,10.0,1322.0
2019-03-28 11:28:00,10.0,10.0,10.0,10.0,200.0
2019-03-28 11:29:00,9.99,9.99,9.99,9.99,1228.0
2019-03-28 11:30:00,9.99,9.99,9.99,9.99,1709.0
2019-03-28 11:31:00,10.01,10.01,10.01,10.01,1519.0
2019-03-28 11:32:00,10.02,10.02,10.005,10.02,2538.0
2019-03-28 11:34:00,10.0,10.0,10.0,10.0,295.0
2019-03-28 11:35:00,9.99,9.99,9.99,9.99,403.0
2019-03-28 11:36:00,9.98,9.98,9.98,9.98,913.0
2019-03-28 11:37:00,9.945,9.975,9.945,9.975,7006.0
2019-03-28 11:39:00,9.99,9.99,9.99,9.99,103.0
2019-03-28 11:40:00,10.0,10.0,10.0,10.0,203.0
2019-03-28 11:41:00,10.0,10.0,10.0,10.0,230.0
2019-03-28 11:44:00,9.97,9.97,9.97,9.97,233.0
2019-03-28 11:45:00,10.0,10.0,10.0,10.0,1450.0
2019-03-28 11:46:00,10.0,10.0,10.0,10.0,1610.0
2019-03-28 11:47:00,10.0,10.0,10.0,10.0,502.0
2019-03-28 11:48:00,10.0,10.0,10.0,10.0,722.0
2019-03-28 11:49:00,10.0,10.0,10.0,10.0,122.0
2019-03-28 11:50:00,10.0,10.0,10.0,10.0,225.0
2019-03-28 11:51:00,10.0,10.0,10.0,10.0,102.0
2019-03-28 11:52:00,9.99,9.99,9.99,9.99,241.0
2019-03-28 11:54:00,9.995,9.995,9.995,9.995,108.0
2019-03-28 11:55:00,10.0,10.0,10.0,10.0,258.0
2019-03-28 11:56:00,10.0,10.0,10.0,10.0,535.0
2019-03-28 11:57:00,10.02,10.02,10.015,10.015,964.0
2019-03-28 11:59:00,10.015,10.015,10.015,10.015,245.0
2019-03-28 12:00:00,10.03,10.03,10.03,10.03,505.0
2019-03-28 12:01:00,10.03,10.03,10.03,10.03,196.0
2019-03-28 12:02:00,10.03,10.03,10.03,10.03,108.0
2019-03-28 12:03:00,10.03,10.03,10.03,10.03,408.0
2019-03-28 12:04:00,10.03,10.03,10.03,10.03,303.0
2019-03-28 12:05:00,10.03,10.03,10.03,10.03,815.0
2019-03-28 12:06:00,10.03,10.03,10.025,10.025,400.0
2019-03-28 12:07:00,10.02,10.02,10.02,10.02,698.0
2019-03-28 12:08:00,10.01,10.01,10.01,10.01,454.0
2019-03-28 12:09:00,10.025,10.025,10.025,10.025,203.0
2019-03-28 12:10:00,10.025,10.025,10.025,10.025,312.0
2019-03-28 12:14:00,10.04,10.04,10.04,10.04,172.0
2019-03-28 12:15:00,10.025,10.025,10.025,10.025,234.0
2019-03-28 12:18:00,10.03,10.04,10.03,10.04,1103.0
2019-03-28 12:19:00,10.04,10.04,10.04,10.04,561.0
2019-03-28 12:21:00,10.035,10.035,10.035,10.035,206.0
2019-03-28 12:22:00,10.0301,10.0301,10.0301,10.0301,1203.0
2019-03-28 12:23:00,10.05,10.05,10.05,10.05,913.0
2019-03-28 12:24:00,10.07,10.07,10.07,10.07,1287.0
2019-03-28 12:25:00,10.08,10.08,10.08,10.08,316.0
2019-03-28 12:28:00,10.09,10.09,10.09,10.09,103.0
2019-03-28 12:29:00,10.09,10.09,10.09,10.09,303.0
2019-03-28 12:30:00,10.075,10.075,10.075,10.075,403.0
2019-03-28 12:32:00,10.06,10.06,10.06,10.06,302.0
2019-03-28 12:33:00,10.05,10.05,10.05,10.05,105.0
2019-03-28 12:35:00,10.03,10.03,10.03,10.03,303.0
2019-03-28 12:36:00,10.05,10.05,10.05,10.05,900.0
2019-03-28 12:37:00,10.035,10.035,10.035,10.035,513.0
2019-03-28 12:39:00,10.05,10.05,10.05,10.05,103.0
2019-03-28 12:40:00,10.03,10.03,10.03,10.03,206.0
2019-03-28 12:41:00,10.03,10.03,10.03,10.03,1639.0
2019-03-28 12:42:00,10.02,10.025,10.02,10.025,512.0
2019-03-28 12:44:00,10.025,10.025,10.025,10.025,205.0
2019-03-28 12:45:00,10.02,10.02,10.02,10.02,100.0
2019-03-28 12:46:00,10.025,10.025,10.025,10.025,397.0
2019-03-28 12:48:00,10.025,10.025,10.02,10.02,212.0
2019-03-28 12:51:00,10.02,10.02,10.02,10.02,205.0
2019-03-28 12:53:00,10.025,10.025,10.025,10.025,149.0
2019-03-28 12:55:00,10.025,10.025,10.025,10.025,125.0
2019-03-28 12:56:00,10.03,10.03,10.03,10.03,372.0
2019-03-28 12:57:00,10.025,10.025,10.025,10.025,103.0
2019-03-28 12:58:00,10.025,10.025,10.025,10.025,203.0
2019-03-28 12:59:00,10.03,10.03,10.03,10.03,407.0
2019-03-28 13:00:00,10.03,10.03,10.03,10.03,523.0
2019-03-28 13:01:00,10.03,10.03,10.03,10.03,298.0
2019-03-28 13:02:00,10.03,10.03,10.03,10.03,106.0
2019-03-28 13:03:00,10.03,10.03,10.03,10.03,100.0
2019-03-28 13:04:00,10.04,10.04,10.04,10.04,1403.0
2019-03-28 13:07:00,10.055,10.055,10.055,10.055,100.0
2019-03-28 13:08:00,10.055,10.055,10.055,10.055,208.0
2019-03-28 13:10:00,10.055,10.055,10.055,10.055,118.0
2019-03-28 13:14:00,10.055,10.055,10.055,10.055,303.0
2019-03-28 13:15:00,10.055,10.055,10.055,10.055,419.0
2019-03-28 13:17:00,10.05,10.05,10.05,10.05,202.0
2019-03-28 13:18:00,10.05,10.05,10.05,10.05,302.0
2019-03-28 13:19:00,10.055,10.055,10.055,10.055,308.0
2019-03-28 13:20:00,10.055,10.055,10.055,10.055,208.0
2019-03-28 13:21:00,10.055,10.055,10.055,10.055,208.0
2019-03-28 13:23:00,10.055,10.055,10.055,10.055,303.0
2019-03-28 13:24:00,10.06,10.06,10.06,10.06,203.0
2019-03-28 13:25:00,10.055,10.055,10.055,10.055,510.0
2019-03-28 13:32:00,10.06,10.06,10.06,10.06,572.0
2019-03-28 13:35:00,10.085,10.085,10.085,10.085,108.0
2019-03-28 13:36:00,10.08,10.08,10.08,10.08,606.0
2019-03-28 13:38:00,10.08,10.08,10.08,10.08,203.0
2019-03-28 13:39:00,10.08,10.08,10.08,10.08,428.0
2019-03-28 13:40:00,10.08,10.08,10.08,10.08,528.0
2019-03-28 13:41:00,10.09,10.09,10.09,10.09,108.0
2019-03-28 13:42:00,10.08,10.08,10.08,10.08,103.0
2019-03-28 13:45:00,10.09,10.09,10.09,10.09,106.0
2019-03-28 13:47:00,10.08,10.08,10.08,10.08,107.0
2019-03-28 13:50:00,10.09,10.09,10.09,10.09,149.0
2019-03-28 13:53:00,10.08,10.08,10.08,10.08,296.0
2019-03-28 13:54:00,10.09,10.09,10.09,10.09,1043.0
2019-03-28 13:55:00,10.09,10.09,10.09,10.09,416.0
2019-03-28 13:56:00,10.11,10.11,10.11,10.11,204.0
2019-03-28 13:57:00,10.1,10.1,10.1,10.1,501.0
2019-03-28 13:58:00,10.09,10.09,10.09,10.09,108.0
2019-03-28 13:59:00,10.1,10.1,10.1,10.1,202.0
2019-03-28 14:00:00,10.09,10.09,10.09,10.09,233.0
2019-03-28 14:01:00,10.09,10.09,10.09,10.09,100.0
2019-03-28 14:02:00,10.08,10.08,10.08,10.08,808.0
2019-03-28 14:03:00,10.07,10.07,10.07,10.07,403.0
2019-03-28 14:05:00,10.08,10.08,10.08,10.08,303.0
2019-03-28 14:06:00,10.06,10.06,10.06,10.06,406.0
2019-03-28 14:07:00,10.06,10.06,10.06,10.06,103.0
2019-03-28 14:08:00,10.06,10.06,10.04,10.04,805.0
2019-03-28 14:10:00,10.04,10.04,10.04,10.04,288.0
2019-03-28 14:12:00,10.055,10.055,10.055,10.055,102.0
2019-03-28 14:13:00,10.05,10.05,10.05,10.05,761.0
2019-03-28 14:16:00,10.05,10.05,10.05,10.05,103.0
2019-03-28 14:17:00,10.05,10.05,10.05,10.05,107.0
2019-03-28 14:18:00,10.05,10.05,10.05,10.05,100.0
2019-03-28 14:19:00,10.05,10.05,10.05,10.05,205.0
2019-03-28 14:21:00,10.04,10.045,10.04,10.045,200.0
2019-03-28 14:22:00,10.04,10.04,10.035,10.035,413.0
2019-03-28 14:25:00,10.04,10.04,10.04,10.04,317.0
2019-03-28 14:27:00,10.035,10.04,10.035,10.035,303.0
2019-03-28 14:28:00,10.035,10.035,10.035,10.035,407.0
2019-03-28 14:30:00,10.0314,10.0314,10.0314,10.0314,103.0
2019-03-28 14:31:00,10.035,10.035,10.035,10.035,203.0
2019-03-28 14:33:00,10.035,10.035,10.035,10.035,106.0
2019-03-28 14:34:00,10.03,10.03,10.03,10.03,204.0
2019-03-28 14:35:00,10.02,10.02,10.02,10.02,1234.0
2019-03-28 14:36:00,10.01,10.0233,10.01,10.0233,421.0
2019-03-28 14:38:00,9.98,9.98,9.98,9.98,689.0
2019-03-28 14:39:00,9.96,9.96,9.96,9.96,365.0
2019-03-28 14:40:00,9.97,9.97,9.97,9.97,631.0
2019-03-28 14:42:00,9.98,9.98,9.98,9.98,300.0
2019-03-28 14:44:00,9.97,9.97,9.97,9.97,601.0
2019-03-28 14:45:00,9.98,9.98,9.98,9.98,299.0
2019-03-28 14:46:00,9.96,9.96,9.96,9.96,203.0
2019-03-28 14:47:00,9.96,9.96,9.96,9.96,200.0
2019-03-28 14:48:00,9.96,9.96,9.96,9.96,600.0
2019-03-28 14:49:00,9.98,9.98,9.98,9.98,100.0
2019-03-28 14:50:00,9.98,9.98,9.95,9.95,930.0
2019-03-28 14:51:00,9.95,9.95,9.95,9.95,100.0
2019-03-28 14:52:00,9.97,9.97,9.96,9.96,605.0
2019-03-28 14:53:00,9.955,9.955,9.95,9.95,200.0
2019-03-28 14:54:00,9.95,9.95,9.95,9.95,403.0
2019-03-28 14:55:00,9.955,9.955,9.955,9.955,429.0
2019-03-28 14:56:00,9.97,9.97,9.97,9.97,122.0
2019-03-28 14:57:00,9.97,9.97,9.97,9.97,222.0
2019-03-28 14:58:00,9.95,9.95,9.95,9.95,222.0
2019-03-28 14:59:00,9.97,9.97,9.97,9.97,725.0
2019-03-28 15:00:00,9.96,9.96,9.96,9.96,750.0
2019-03-28 15:01:00,9.98,9.98,9.98,9.98,607.0
2019-03-28 15:02:00,10.0,10.0,10.0,10.0,1584.0
2019-03-28 15:03:00,10.0,10.0,10.0,10.0,605.0
2019-03-28 15:04:00,10.0,10.0,10.0,10.0,203.0
2019-03-28 15:05:00,10.0,10.0,10.0,10.0,432.0
2019-03-28 15:07:00,10.0,10.0,10.0,10.0,203.0
2019-03-28 15:08:00,10.0,10.0,10.0,10.0,100.0
2019-03-28 15:09:00,10.0,10.0,9.98,9.98,1441.0
2019-03-28 15:10:00,9.97,9.98,9.97,9.98,843.0
2019-03-28 15:12:00,9.96,9.96,9.96,9.96,100.0
2019-03-28 15:13:00,9.96,9.96,9.96,9.96,400.0
2019-03-28 15:14:00,9.96,9.96,9.96,9.96,303.0
2019-03-28 15:15:00,9.97,9.97,9.97,9.97,305.0
2019-03-28 15:16:00,9.97,9.97,9.97,9.97,389.0
2019-03-28 15:17:00,9.96,9.96,9.96,9.96,100.0
2019-03-28 15:18:00,9.96,9.96,9.95,9.95,913.0
2019-03-28 15:19:00,9.97,9.97,9.95,9.95,300.0
2019-03-28 15:20:00,9.96,9.96,9.95,9.95,808.0
2019-03-28 15:21:00,9.97,9.97,9.97,9.97,420.0
2019-03-28 15:22:00,9.98,9.98,9.98,9.98,1827.0
2019-03-28 15:23:00,10.0,10.0,10.0,10.0,812.0
2019-03-28 15:24:00,10.0,10.0,10.0,10.0,612.0
2019-03-28 15:25:00,10.005,10.005,10.005,10.005,403.0
2019-03-28 15:26:00,10.005,10.005,10.005,10.005,206.0
2019-03-28 15:27:00,10.005,10.005,10.005,10.005,673.0
2019-03-28 15:28:00,10.015,10.015,10.015,10.015,1000.0
2019-03-28 15:29:00,10.015,10.015,10.015,10.015,206.0
2019-03-28 15:30:00,10.01,10.01,10.01,10.01,1119.0
2019-03-28 15:31:00,10.0,10.0,10.0,10.0,103.0
2019-03-28 15:32:00,10.0,10.0,10.0,10.0,207.0
2019-03-28 15:33:00,10.005,10.005,10.005,10.005,334.0
2019-03-28 15:34:00,10.005,10.005,10.005,10.005,529.0
2019-03-28 15:35:00,9.98,9.98,9.98,9.98,587.0
2019-03-28 15:36:00,9.99,9.99,9.99,9.99,405.0
2019-03-28 15:37:00,9.98,9.98,9.98,9.98,898.0
2019-03-28 15:38:00,9.99,9.99,9.99,9.99,400.0
2019-03-28 15:39:00,9.99,10.0,9.99,9.99,2674.0
2019-03-28 15:40:00,9.995,9.995,9.99,9.99,426.0
2019-03-28 15:41:00,10.0,10.0,10.0,10.0,728.0
2019-03-28 15:42:00,10.0,10.0,10.0,10.0,402.0
2019-03-28 15:43:00,10.0,10.0,10.0,10.0,698.0
2019-03-28 15:44:00,9.995,10.005,9.995,10.005,1563.0
2019-03-28 15:45:00,10.005,10.005,10.005,10.005,410.0
2019-03-28 15:46:00,10.01,10.01,10.01,10.01,916.0
2019-03-28 15:47:00,10.02,10.02,10.02,10.02,1082.0
2019-03-28 15:48:00,10.01,10.015,10.01,10.015,910.0
2019-03-28 15:49:00,10.01,10.015,10.01,10.015,1176.0
2019-03-28 15:50:00,10.01,10.01,10.01,10.01,681.0
2019-03-28 15:51:00,10.02,10.02,10.02,10.02,889.0
2019-03-28 15:52:00,10.01,10.01,10.01,10.01,731.0
2019-03-28 15:53:00,10.02,10.02,10.02,10.02,1214.0
2019-03-28 15:54:00,10.01,10.01,10.01,10.01,518.0
2019-03-28 15:55:00,10.02,10.02,10.01,10.01,1322.0
2019-03-28 15:56:00,10.01,10.01,10.0,10.0,2382.0
2019-03-28 15:57:00,9.99,10.0,9.99,10.0,2100.0
2019-03-28 15:58:00,10.0,10.01,10.0,10.005,5579.0
2019-03-28 15:59:00,10.005,10.005,10.005,10.005,2977.0
2019-03-28 16:00:00,10.0,10.005,9.99,9.99,22175.0
2019-03-29 09:31:00,10.06,10.06,10.06,10.06,14392.0
2019-03-29 09:39:00,10.05,10.06,9.98,9.98,4334.0
2019-03-29 09:45:00,9.955,9.955,9.955,9.955,143.0
2019-03-29 09:47:00,9.99,9.99,9.99,9.99,516.0
2019-03-29 09:48:00,9.95,9.95,9.95,9.95,1050.0
2019-03-29 09:50:00,9.94,9.94,9.92,9.92,355.0
2019-03-29 09:52:00,9.95,9.95,9.95,9.95,106.0
2019-03-29 09:53:00,9.95,9.96,9.95,9.96,3685.0
2019-03-29 09:54:00,9.945,9.945,9.945,9.945,100.0
2019-03-29 09:55:00,9.96,9.96,9.96,9.96,201.0
2019-03-29 09:58:00,9.945,9.945,9.945,9.945,100.0
2019-03-29 09:59:00,9.93,9.93,9.93,9.93,363.0
2019-03-29 10:07:00,9.93,9.93,9.93,9.93,306.0
2019-03-29 10:08:00,9.94,9.94,9.94,9.94,121.0
2019-03-29 10:09:00,9.9472,9.9472,9.945,9.945,1011.0
2019-03-29 10:12:00,9.92,9.92,9.91,9.91,353.0
2019-03-29 10:13:00,9.9,9.9,9.9,9.9,500.0
2019-03-29 10:15:00,9.93,9.95,9.93,9.95,839.0
2019-03-29 10:16:00,9.95,9.95,9.95,9.95,217.0
2019-03-29 10:18:00,9.93,9.935,9.93,9.935,759.0
2019-03-29 10:19:00,9.95,9.95,9.95,9.95,517.0
2019-03-29 10:20:00,9.935,9.935,9.935,9.935,1173.0
2019-03-29 10:22:00,9.935,9.935,9.935,9.935,177.0
2019-03-29 10:23:00,9.93,9.93,9.925,9.925,265.0
2019-03-29 10:24:00,9.93,9.94,9.9299,9.94,2266.0
2019-03-29 10:27:00,9.95,9.95,9.95,9.95,282.0
2019-03-29 10:30:00,9.95,9.95,9.95,9.95,1000.0
2019-03-29 10:31:00,9.95,9.95,9.93,9.93,4821.0
2019-03-29 10:33:00,9.91,9.925,9.87,9.87,846.0
2019-03-29 10:34:00,9.9,9.9,9.9,9.9,1040.0
2019-03-29 10:38:00,9.89,9.89,9.89,9.89,184.0
2019-03-29 10:39:00,9.915,9.915,9.9,9.9,200.0
2019-03-29 10:40:00,9.93,9.93,9.93,9.93,1000.0
2019-03-29 10:42:00,9.915,9.915,9.915,9.915,260.0
2019-03-29 10:43:00,9.9,9.9,9.9,9.9,1000.0
2019-03-29 10:44:00,9.9,9.9,9.9,9.9,300.0
2019-03-29 10:45:00,9.9,9.92,9.9,9.92,1994.0
2019-03-29 10:47:00,9.94,9.95,9.94,9.95,203.0
2019-03-29 10:49:00,9.94,9.94,9.94,9.94,1388.0
2019-03-29 10:50:00,9.94,9.94,9.94,9.94,463.0
2019-03-29 10:56:00,9.92,9.92,9.92,9.92,105.0
2019-03-29 11:00:00,9.9,9.9,9.9,9.9,101.0
2019-03-29 11:01:00,9.9,9.9,9.9,9.9,100.0
2019-03-29 11:02:00,9.9,9.92,9.895,9.92,2876.0
2019-03-29 11:09:00,9.91,9.91,9.91,9.91,318.0
2019-03-29 11:12:00,9.9,9.92,9.9,9.92,441.0
2019-03-29 11:17:00,9.9,9.9,9.9,9.9,109.0
2019-03-29 11:19:00,9.9,9.9,9.9,9.9,122.0
2019-03-29 11:21:00,9.9,9.9,9.9,9.9,354.0
2019-03-29 11:22:00,9.9,9.91,9.9,9.91,2073.0
2019-03-29 11:23:00,9.9,9.905,9.9,9.905,625.0
2019-03-29 11:24:00,9.9,9.9,9.9,9.9,100.0
2019-03-29 11:25:00,9.905,9.905,9.9,9.9,487.0
2019-03-29 11:28:00,9.91,9.91,9.91,9.91,100.0
2019-03-29 11:32:00,9.9,9.9,9.9,9.9,300.0
2019-03-29 11:33:00,9.89,9.92,9.89,9.92,1973.0
2019-03-29 11:34:00,9.91,9.91,9.91,9.91,400.0
2019-03-29 11:35:00,9.9,9.9,9.9,9.9,200.0
2019-03-29 11:37:00,9.9011,9.9011,9.9011,9.9011,200.0
2019-03-29 11:39:00,9.89,9.905,9.89,9.905,205.0
2019-03-29 11:41:00,9.92,9.92,9.92,9.92,772.0
2019-03-29 11:42:00,9.915,9.915,9.915,9.915,209.0
2019-03-29 11:46:00,9.91,9.92,9.91,9.92,300.0
2019-03-29 11:47:00,9.9,9.9,9.9,9.9,257.0
2019-03-29 11:51:00,9.9,9.9,9.89,9.9,2100.0
2019-03-29 11:52:00,9.91,9.92,9.91,9.92,460.0
2019-03-29 11:54:00,9.9,9.9,9.9,9.9,409.0
2019-03-29 11:56:00,9.9,9.9,9.9,9.9,195.0
2019-03-29 11:58:00,9.9,9.9,9.9,9.9,528.0
2019-03-29 11:59:00,9.9,9.9,9.9,9.9,126.0
2019-03-29 12:00:00,9.9,9.9,9.9,9.9,289.0
2019-03-29 12:07:00,9.9,9.92,9.89,9.9,1300.0
2019-03-29 12:08:00,9.9,9.91,9.9,9.91,696.0
2019-03-29 12:11:00,9.91,9.92,9.91,9.92,767.0
2019-03-29 12:14:00,9.91,9.91,9.91,9.91,160.0
2019-03-29 12:22:00,9.915,9.915,9.915,9.915,642.0
2019-03-29 12:23:00,9.915,9.915,9.915,9.915,200.0
2019-03-29 12:27:00,9.92,9.92,9.92,9.92,300.0
2019-03-29 12:28:00,9.92,9.92,9.92,9.92,732.0
2019-03-29 12:29:00,9.9164,9.9164,9.9164,9.9164,200.0
2019-03-29 12:30:00,9.91,9.92,9.91,9.91,1478.0
2019-03-29 12:31:00,9.9,9.92,9.9,9.92,300.0
2019-03-29 12:32:00,9.91,9.91,9.91,9.91,100.0
2019-03-29 12:33:00,9.905,9.905,9.905,9.905,101.0
2019-03-29 12:34:00,9.92,9.92,9.92,9.92,140.0
2019-03-29 12:36:00,9.9,9.93,9.9,9.93,746.0
2019-03-29 12:38:00,9.93,9.95,9.93,9.95,2114.0
2019-03-29 12:39:00,9.95,9.965,9.95,9.965,804.0
2019-03-29 12:40:00,9.965,9.965,9.965,9.965,121.0
2019-03-29 12:41:00,9.965,9.965,9.965,9.965,100.0
2019-03-29 12:43:00,9.965,9.965,9.965,9.965,644.0
2019-03-29 12:46:00,9.98,9.98,9.97,9.97,467.0
2019-03-29 12:49:00,9.98,9.98,9.98,9.98,542.0
2019-03-29 12:51:00,9.97,9.97,9.97,9.97,203.0
2019-03-29 12:52:00,9.98,9.98,9.98,9.98,129.0
2019-03-29 12:53:00,9.97,9.97,9.97,9.97,100.0
2019-03-29 12:55:00,9.975,9.995,9.975,9.995,933.0
2019-03-29 12:58:00,10.01,10.025,10.01,10.025,508.0
2019-03-29 13:00:00,10.01,10.02,10.01,10.02,747.0
2019-03-29 13:01:00,10.03,10.04,10.03,10.04,441.0
2019-03-29 13:02:00,10.03,10.03,10.03,10.03,632.0
2019-03-29 13:04:00,10.04,10.04,10.04,10.04,428.0
2019-03-29 13:06:00,10.025,10.03,10.025,10.03,535.0
2019-03-29 13:07:00,10.03,10.03,10.03,10.03,432.0
2019-03-29 13:10:00,10.03,10.05,10.03,10.04,2745.0
2019-03-29 13:11:00,10.045,10.045,10.045,10.045,100.0
2019-03-29 13:12:00,10.045,10.045,10.045,10.045,645.0
2019-03-29 13:14:00,10.05,10.065,10.05,10.06,3873.0
2019-03-29 13:15:00,10.06,10.07,10.04,10.05,2616.0
2019-03-29 13:17:00,10.04,10.04,10.03,10.03,860.0
2019-03-29 13:18:00,10.02,10.03,10.02,10.03,300.0
2019-03-29 13:19:00,10.03,10.03,10.03,10.03,100.0
2019-03-29 13:20:00,10.03,10.03,10.03,10.03,322.0
2019-03-29 13:27:00,9.96,9.98,9.96,9.98,273.0
2019-03-29 13:33:00,9.97,9.97,9.97,9.97,128.0
2019-03-29 13:34:00,9.93,9.93,9.93,9.93,123.0
2019-03-29 13:38:00,9.92,9.92,9.92,9.92,108.0
2019-03-29 13:39:00,9.91,9.91,9.9,9.9,231.0
2019-03-29 13:40:00,9.93,9.93,9.93,9.93,1340.0
2019-03-29 13:42:00,9.92,9.92,9.92,9.92,229.0
2019-03-29 13:43:00,9.91,9.91,9.91,9.91,103.0
2019-03-29 13:46:00,9.92,9.92,9.92,9.92,114.0
2019-03-29 13:47:00,9.91,9.91,9.88,9.9,2627.0
2019-03-29 13:48:00,9.895,9.98,9.895,9.942,4081.0
2019-03-29 13:49:00,9.96,9.97,9.96,9.97,746.0
2019-03-29 13:53:00,9.975,9.975,9.975,9.975,100.0
2019-03-29 13:57:00,9.96,9.975,9.96,9.97,738.0
2019-03-29 14:00:00,9.99,9.99,9.99,9.99,100.0
2019-03-29 14:01:00,9.97,9.97,9.97,9.97,451.0
2019-03-29 14:05:00,9.97,9.97,9.97,9.97,259.0
2019-03-29 14:09:00,9.98,9.99,9.97,9.97,784.0
2019-03-29 14:13:00,9.98,9.98,9.98,9.98,200.0
2019-03-29 14:15:00,9.97,9.98,9.97,9.98,1193.0
2019-03-29 14:18:00,9.98,9.98,9.97,9.97,200.0
2019-03-29 14:20:00,9.975,9.975,9.975,9.975,100.0
2019-03-29 14:21:00,9.96,9.96,9.955,9.955,413.0
2019-03-29 14:23:00,9.96,9.97,9.96,9.97,1167.0
2019-03-29 14:24:00,9.96,9.96,9.96,9.96,590.0
2019-03-29 14:25:00,9.965,9.965,9.965,9.965,256.0
2019-03-29 14:27:00,9.975,9.975,9.96,9.97,400.0
2019-03-29 14:28:00,9.96,9.96,9.96,9.96,152.0
2019-03-29 14:30:00,9.965,9.965,9.965,9.965,156.0
2019-03-29 14:34:00,9.95,9.95,9.95,9.95,160.0
2019-03-29 14:35:00,9.95,9.97,9.95,9.97,600.0
2019-03-29 14:37:00,9.965,9.965,9.965,9.965,240.0
2019-03-29 14:40:00,9.95,9.965,9.95,9.965,298.0
2019-03-29 14:45:00,9.95,9.95,9.95,9.95,100.0
2019-03-29 14:47:00,9.97,9.98,9.97,9.98,200.0
2019-03-29 14:48:00,9.965,9.965,9.965,9.965,185.0
2019-03-29 14:49:00,9.95,9.95,9.95,9.95,200.0
2019-03-29 14:50:00,9.95,9.95,9.95,9.95,100.0
2019-03-29 14:52:00,9.97,9.97,9.97,9.97,162.0
2019-03-29 14:54:00,9.97,9.97,9.96,9.96,300.0
2019-03-29 14:56:00,9.96,9.96,9.96,9.96,100.0
2019-03-29 14:58:00,9.96,9.965,9.96,9.965,406.0
2019-03-29 14:59:00,9.96,9.96,9.96,9.96,512.0
2019-03-29 15:00:00,9.95,9.955,9.95,9.955,1401.0
2019-03-29 15:02:00,9.95,9.95,9.95,9.95,100.0
2019-03-29 15:03:00,9.95,9.95,9.95,9.95,100.0
2019-03-29 15:04:00,9.95,9.95,9.95,9.95,500.0
2019-03-29 15:05:00,9.95,9.96,9.95,9.96,945.0
2019-03-29 15:07:00,9.96,9.96,9.96,9.96,500.0
2019-03-29 15:08:00,9.96,9.96,9.96,9.96,602.0
2019-03-29 15:15:00,9.95,9.95,9.95,9.95,896.0
2019-03-29 15:16:00,9.95,9.95,9.95,9.95,513.0
2019-03-29 15:17:00,9.96,9.96,9.95,9.95,425.0
2019-03-29 15:20:00,9.95,9.95,9.95,9.95,804.0
2019-03-29 15:21:00,9.95,9.95,9.95,9.95,201.0
2019-03-29 15:22:00,9.95,9.95,9.95,9.95,447.0
2019-03-29 15:23:00,9.95,9.95,9.93,9.935,4957.0
2019-03-29 15:24:00,9.94,9.95,9.935,9.95,763.0
2019-03-29 15:25:00,9.945,9.945,9.945,9.945,600.0
2019-03-29 15:26:00,9.93,9.93,9.93,9.93,100.0
2019-03-29 15:27:00,9.93,9.96,9.93,9.96,323.0
2019-03-29 15:28:00,9.945,9.945,9.945,9.945,100.0
2019-03-29 15:31:00,9.94,9.95,9.94,9.94,925.0
2019-03-29 15:32:00,9.93,9.93,9.92,9.92,628.0
2019-03-29 15:33:00,9.925,9.925,9.925,9.925,100.0
2019-03-29 15:34:00,9.92,9.93,9.92,9.93,2044.0
2019-03-29 15:36:00,9.93,9.93,9.93,9.93,500.0
2019-03-29 15:37:00,9.935,9.935,9.93,9.935,1329.0
2019-03-29 15:38:00,9.94,9.94,9.94,9.94,700.0
2019-03-29 15:39:00,9.94,9.94,9.94,9.94,100.0
2019-03-29 15:42:00,9.94,9.945,9.94,9.94,2600.0
2019-03-29 15:43:00,9.945,9.98,9.94,9.96,5227.0
2019-03-29 15:44:00,9.96,9.96,9.95,9.96,1041.0
2019-03-29 15:46:00,9.965,9.98,9.965,9.98,2089.0
2019-03-29 15:47:00,9.985,9.99,9.98,9.985,1000.0
2019-03-29 15:48:00,9.985,10.0,9.985,10.0,6488.0
2019-03-29 15:49:00,10.0,10.01,9.99,9.99,3600.0
2019-03-29 15:50:00,9.995,9.995,9.995,9.995,1700.0
2019-03-29 15:51:00,9.99,9.99,9.98,9.98,600.0
2019-03-29 15:52:00,9.98,9.99,9.98,9.99,2427.0
2019-03-29 15:53:00,9.985,10.0,9.98,10.0,6255.0
2019-03-29 15:55:00,9.98,9.985,9.97,9.98,3136.0
2019-03-29 15:56:00,9.97,9.975,9.87,9.95,128951.0
2019-03-29 15:57:00,9.94,9.98,9.93,9.97,26044.0
2019-03-29 15:58:00,9.975,10.02,9.95,9.95,56924.0
2019-03-29 15:59:00,9.96,10.01,9.96,9.99,27887.0
2019-03-29 16:00:00,9.99,10.02,9.98,10.0,251044.0
2019-04-01 09:31:00,9.99,9.99,9.99,9.99,1404.0
2019-04-01 09:34:00,9.99,9.99,9.99,9.99,1225.0
2019-04-01 09:37:00,9.99,9.99,9.99,9.99,1787.0
2019-04-01 09:39:00,10.04,10.04,10.04,10.04,900.0
2019-04-01 09:40:00,10.04,10.04,10.04,10.04,1032.0
2019-04-01 09:45:00,10.07,10.07,10.07,10.07,2593.0
2019-04-01 09:47:00,10.07,10.07,10.07,10.07,2977.0
2019-04-01 09:53:00,10.09,10.09,10.09,10.09,243.0
2019-04-01 09:55:00,10.09,10.09,10.09,10.09,528.0
2019-04-01 09:57:00,10.12,10.12,10.12,10.12,920.0
2019-04-01 10:01:00,10.11,10.11,10.11,10.11,2096.0
2019-04-01 10:02:00,10.1,10.1,10.1,10.1,1387.0
2019-04-01 10:05:00,10.115,10.115,10.115,10.115,210.0
2019-04-01 10:07:00,10.1,10.1,10.1,10.1,330.0
2019-04-01 10:09:00,10.105,10.105,10.105,10.105,737.0
2019-04-01 10:11:00,10.09,10.09,10.09,10.09,788.0
2019-04-01 10:12:00,10.1,10.1,10.1,10.1,1669.0
2019-04-01 10:13:00,10.09,10.09,10.09,10.09,1096.0
2019-04-01 10:14:00,10.095,10.095,10.095,10.095,830.0
2019-04-01 10:16:00,10.09,10.09,10.09,10.09,486.0
2019-04-01 10:17:00,10.06,10.06,10.06,10.06,301.0
2019-04-01 10:21:00,10.09,10.09,10.09,10.09,270.0
2019-04-01 10:27:00,10.06,10.06,10.06,10.06,300.0
2019-04-01 10:29:00,10.02,10.02,10.02,10.02,856.0
2019-04-01 10:36:00,10.02,10.02,10.02,10.02,1414.0
2019-04-01 10:37:00,10.02,10.02,10.02,10.02,260.0
2019-04-01 10:40:00,10.035,10.035,10.035,10.035,860.0
2019-04-01 10:42:00,10.06,10.06,10.06,10.06,1126.0
2019-04-01 10:45:00,10.075,10.075,10.075,10.075,1415.0
2019-04-01 10:46:00,10.06,10.06,10.06,10.06,320.0
2019-04-01 10:48:00,10.05,10.05,10.05,10.05,1750.0
2019-04-01 10:49:00,10.08,10.08,10.08,10.08,2432.0
2019-04-01 10:53:00,10.055,10.055,10.055,10.055,1600.0
2019-04-01 10:57:00,10.06,10.06,10.06,10.06,302.0
2019-04-01 11:00:00,10.085,10.085,10.085,10.085,692.0
2019-04-01 11:05:00,10.0997,10.0997,10.0997,10.0997,1000.0
2019-04-01 11:08:00,10.07,10.0999,10.07,10.0999,1245.0
2019-04-01 11:11:00,10.08,10.08,10.08,10.08,1893.0
2019-04-01 11:12:00,10.08,10.08,10.08,10.08,505.0
2019-04-01 11:16:00,10.09,10.09,10.09,10.09,1430.0
2019-04-01 11:21:00,10.08,10.08,10.08,10.08,111.0
2019-04-01 11:28:00,10.09,10.09,10.09,10.09,501.0
2019-04-01 11:29:00,10.09,10.09,10.09,10.09,205.0
2019-04-01 11:32:00,10.08,10.08,10.08,10.08,542.0
2019-04-01 11:36:00,10.05,10.05,10.05,10.05,1101.0
2019-04-01 11:38:00,10.06,10.06,10.06,10.06,605.0
2019-04-01 11:44:00,10.08,10.08,10.08,10.08,1155.0
2019-04-01 11:45:00,10.08,10.08,10.08,10.08,1346.0
2019-04-01 11:50:00,10.08,10.08,10.08,10.08,1587.0
2019-04-01 11:55:00,10.08,10.08,10.08,10.08,451.0
2019-04-01 11:59:00,10.09,10.09,10.09,10.09,502.0
2019-04-01 12:13:00,10.09,10.09,10.09,10.09,200.0
2019-04-01 12:15:00,10.08,10.08,10.08,10.08,100.0
2019-04-01 12:17:00,10.08,10.08,10.08,10.08,100.0
2019-04-01 12:21:00,10.09,10.09,10.09,10.09,104.0
2019-04-01 12:27:00,10.08,10.08,10.08,10.08,500.0
2019-04-01 12:29:00,10.09,10.09,10.04,10.04,1815.0
2019-04-01 12:33:00,10.08,10.08,10.08,10.08,300.0
2019-04-01 12:34:00,10.07,10.07,10.07,10.07,705.0
2019-04-01 12:38:00,10.08,10.08,10.08,10.08,1373.0
2019-04-01 12:40:00,10.08,10.08,10.08,10.08,342.0
2019-04-01 12:45:00,10.09,10.1,10.09,10.1,6695.0
2019-04-01 12:46:00,10.09,10.09,10.09,10.09,500.0
2019-04-01 12:49:00,10.09,10.09,10.09,10.09,472.0
2019-04-01 12:52:00,10.08,10.08,10.08,10.08,600.0
2019-04-01 12:54:00,10.08,10.08,10.07,10.07,1900.0
2019-04-01 12:56:00,10.07,10.07,10.07,10.07,200.0
2019-04-01 12:57:00,10.075,10.075,10.075,10.075,300.0
2019-04-01 12:58:00,10.08,10.08,10.08,10.08,300.0
2019-04-01 12:59:00,10.07,10.07,10.07,10.07,1041.0
2019-04-01 13:01:00,10.07,10.07,10.07,10.07,655.0
2019-04-01 13:02:00,10.07,10.07,10.07,10.07,100.0
2019-04-01 13:03:00,10.07,10.07,10.07,10.07,200.0
2019-04-01 13:04:00,10.08,10.08,10.08,10.08,591.0
2019-04-01 13:05:00,10.09,10.09,10.09,10.09,1735.0
2019-04-01 13:07:00,10.09,10.09,10.09,10.09,1600.0
2019-04-01 13:12:00,10.08,10.08,10.08,10.08,200.0
2019-04-01 13:13:00,10.08,10.08,10.08,10.08,370.0
2019-04-01 13:16:00,10.08,10.08,10.08,10.08,105.0
2019-04-01 13:19:00,10.08,10.08,10.08,10.08,295.0
2019-04-01 13:22:00,10.065,10.065,10.06,10.06,2266.0
2019-04-01 13:23:00,10.04,10.04,10.04,10.04,712.0
2019-04-01 13:25:00,10.04,10.04,10.04,10.04,900.0
2019-04-01 13:28:00,10.05,10.05,10.04,10.04,1400.0
2019-04-01 13:32:00,10.04,10.04,10.04,10.04,300.0
2019-04-01 13:33:00,10.04,10.04,10.04,10.04,200.0
2019-04-01 13:36:00,10.05,10.05,10.05,10.05,3327.0
2019-04-01 13:38:00,10.05,10.05,10.05,10.05,127.0
2019-04-01 13:41:00,10.055,10.055,10.055,10.055,705.0
2019-04-01 13:44:00,10.06,10.06,10.06,10.06,500.0
2019-04-01 13:49:00,10.085,10.085,10.06,10.06,4042.0
2019-04-01 13:50:00,10.05,10.05,10.02,10.04,8030.0
2019-04-01 13:51:00,10.03,10.03,10.02,10.02,7740.0
2019-04-01 13:52:00,10.035,10.07,10.035,10.07,9232.0
2019-04-01 13:53:00,10.08,10.08,10.08,10.08,1512.0
2019-04-01 13:54:00,10.09,10.09,10.09,10.09,400.0
2019-04-01 13:55:00,10.09,10.09,10.09,10.09,337.0
2019-04-01 14:00:00,10.09,10.09,10.09,10.09,101.0
2019-04-01 14:03:00,10.08,10.08,10.08,10.08,2954.0
2019-04-01 14:06:00,10.07,10.07,10.07,10.07,1500.0
2019-04-01 14:07:00,10.05,10.05,10.05,10.05,300.0
2019-04-01 14:10:00,10.0608,10.0608,10.0608,10.0608,748.0
2019-04-01 14:19:00,10.06,10.06,10.06,10.06,430.0
2019-04-01 14:21:00,10.06,10.06,10.06,10.06,100.0
2019-04-01 14:24:00,10.04,10.04,10.04,10.04,1105.0
2019-04-01 14:27:00,10.05,10.05,10.05,10.05,668.0
2019-04-01 14:28:00,10.04,10.04,10.04,10.04,1237.0
2019-04-01 14:34:00,10.05,10.05,10.05,10.05,582.0
2019-04-01 14:40:00,10.05,10.05,10.04,10.04,550.0
2019-04-01 14:55:00,10.03,10.03,10.03,10.03,500.0
2019-04-01 15:01:00,10.03,10.03,10.03,10.03,115.0
2019-04-01 15:02:00,10.0389,10.0389,10.02,10.02,3450.0
2019-04-01 15:05:00,10.02,10.03,10.02,10.03,786.0
2019-04-01 15:08:00,10.0,10.0,10.0,10.0,1600.0
2019-04-01 15:16:00,10.0001,10.0001,10.0001,10.0001,551.0
2019-04-01 15:20:00,10.02,10.02,10.02,10.02,1115.0
2019-04-01 15:21:00,10.03,10.03,10.03,10.03,520.0
2019-04-01 15:26:00,10.04,10.04,10.04,10.04,924.0
2019-04-01 15:32:00,10.02,10.02,10.02,10.02,311.0
2019-04-01 15:37:00,10.04,10.04,10.04,10.04,838.0
2019-04-01 15:38:00,10.05,10.05,10.05,10.05,1040.0
2019-04-01 15:39:00,10.06,10.07,10.06,10.07,2496.0
2019-04-01 15:43:00,10.05,10.05,10.05,10.05,100.0
2019-04-01 15:45:00,10.07,10.07,10.07,10.07,506.0
2019-04-01 15:47:00,10.05,10.05,10.05,10.05,354.0
2019-04-01 15:49:00,10.05,10.05,10.05,10.05,750.0
2019-04-01 15:51:00,10.05,10.05,10.05,10.05,454.0
2019-04-01 15:53:00,10.05,10.05,10.05,10.05,395.0
2019-04-01 15:54:00,10.05,10.05,10.05,10.05,635.0
2019-04-01 15:56:00,10.055,10.07,10.055,10.07,4360.0
2019-04-01 15:57:00,10.07,10.07,10.07,10.07,820.0
2019-04-01 15:58:00,10.07,10.07,10.07,10.07,2005.0
2019-04-01 15:59:00,10.07,10.07,10.07,10.07,1226.0
2019-04-01 16:00:00,10.07,10.07,10.05,10.05,5725.0
2019-04-02 09:31:00,10.03,10.03,10.03,10.03,1333.0
2019-04-02 09:34:00,10.05,10.0551,10.05,10.0551,0.0
2019-04-02 09:35:00,10.05,10.05,10.05,10.05,550.0
2019-04-02 09:36:00,10.05,10.05,10.04,10.04,906.0
2019-04-02 09:37:00,10.06,10.06,10.05,10.05,576.0
2019-04-02 09:38:00,10.05,10.05,10.04,10.04,896.0
2019-04-02 09:39:00,10.04,10.04,10.04,10.04,741.0
2019-04-02 09:42:00,10.05,10.0525,10.04,10.04,1025.0
2019-04-02 09:43:00,10.05,10.05,10.04,10.04,960.0
2019-04-02 09:44:00,10.05,10.05,10.04,10.04,848.0
2019-04-02 09:46:00,10.05,10.05,10.05,10.05,640.0
2019-04-02 09:48:00,10.07,10.07,10.07,10.07,100.0
2019-04-02 09:49:00,10.07,10.07,10.07,10.07,391.0
2019-04-02 09:50:00,10.09,10.095,10.09,10.095,330.0
2019-04-02 09:51:00,10.095,10.095,10.09,10.095,510.0
2019-04-02 09:52:00,10.095,10.095,10.095,10.095,200.0
2019-04-02 09:53:00,10.095,10.095,10.095,10.095,141.0
2019-04-02 09:54:00,10.095,10.095,10.095,10.095,247.0
2019-04-02 09:55:00,10.1,10.11,10.09,10.09,2105.0
2019-04-02 09:59:00,10.08,10.08,10.08,10.08,801.0
2019-04-02 10:03:00,10.07,10.08,10.04,10.07,1431.0
2019-04-02 10:05:00,10.09,10.09,10.09,10.09,100.0
2019-04-02 10:07:00,10.09,10.09,10.09,10.09,853.0
2019-04-02 10:11:00,10.08,10.08,10.08,10.08,236.0
2019-04-02 10:24:00,10.07,10.07,10.06,10.06,843.0
2019-04-02 10:33:00,10.07,10.07,10.07,10.07,111.0
2019-04-02 10:35:00,10.07,10.07,10.05,10.06,1294.0
2019-04-02 10:37:00,10.05,10.05,10.05,10.05,399.0
2019-04-02 10:40:00,10.06,10.06,10.06,10.06,128.0
2019-04-02 10:41:00,10.05,10.06,10.035,10.035,863.0
2019-04-02 10:42:00,10.06,10.07,10.06,10.07,436.0
2019-04-02 10:43:00,10.07,10.07,10.07,10.07,712.0
2019-04-02 10:49:00,10.07,10.07,10.06,10.06,1303.0
2019-04-02 10:53:00,10.055,10.055,10.055,10.055,1245.0
2019-04-02 10:57:00,10.07,10.08,10.06,10.08,3224.0
2019-04-02 10:58:00,10.07,10.08,10.07,10.08,1218.0
2019-04-02 10:59:00,10.08,10.08,10.08,10.08,142.0
2019-04-02 11:01:00,10.09,10.09,10.08,10.08,1362.0
2019-04-02 11:02:00,10.07,10.07,10.07,10.07,305.0
2019-04-02 11:05:00,10.07,10.07,10.07,10.07,200.0
2019-04-02 11:07:00,10.07,10.07,10.07,10.07,200.0
2019-04-02 11:08:00,10.07,10.07,10.07,10.07,156.0
2019-04-02 11:10:00,10.07,10.07,10.05,10.05,1212.0
2019-04-02 11:11:00,10.06,10.06,10.05,10.05,505.0
2019-04-02 11:14:00,10.06,10.06,10.05,10.06,609.0
2019-04-02 11:16:00,10.05,10.05,10.05,10.05,100.0
2019-04-02 11:17:00,10.05,10.05,10.04,10.045,1024.0
2019-04-02 11:20:00,10.045,10.045,10.045,10.045,105.0
2019-04-02 11:21:00,10.05,10.06,10.05,10.055,1113.0
2019-04-02 11:22:00,10.06,10.06,10.06,10.06,305.0
2019-04-02 11:23:00,10.065,10.07,10.065,10.07,500.0
2019-04-02 11:24:00,10.07,10.07,10.07,10.07,300.0
2019-04-02 11:25:00,10.07,10.07,10.07,10.07,100.0
2019-04-02 11:26:00,10.07,10.07,10.06,10.06,1101.0
2019-04-02 11:27:00,10.06,10.06,10.06,10.06,125.0
2019-04-02 11:30:00,10.06,10.06,10.05,10.05,220.0
2019-04-02 11:31:00,10.055,10.055,10.05,10.05,516.0
2019-04-02 11:35:00,10.04,10.05,10.04,10.05,605.0
2019-04-02 11:39:00,10.04,10.05,10.04,10.05,594.0
2019-04-02 11:41:00,10.04,10.04,10.04,10.04,225.0
2019-04-02 11:43:00,10.035,10.035,10.03,10.03,200.0
2019-04-02 11:44:00,10.04,10.04,10.04,10.04,1227.0
2019-04-02 11:46:00,10.05,10.05,10.045,10.05,709.0
2019-04-02 11:47:00,10.06,10.06,10.05,10.055,440.0
2019-04-02 11:49:00,10.05,10.05,10.05,10.05,211.0
2019-04-02 11:50:00,10.06,10.07,10.055,10.07,504.0
2019-04-02 11:51:00,10.06,10.06,10.06,10.06,100.0
2019-04-02 11:54:00,10.07,10.07,10.07,10.07,300.0
2019-04-02 11:55:00,10.06,10.06,10.06,10.06,100.0
2019-04-02 11:57:00,10.06,10.06,10.05,10.05,1236.0
2019-04-02 11:59:00,10.05,10.05,10.05,10.05,105.0
2019-04-02 12:01:00,10.055,10.06,10.055,10.06,543.0
2019-04-02 12:03:00,10.06,10.06,10.06,10.06,100.0
2019-04-02 12:04:00,10.05,10.05,10.05,10.05,100.0
2019-04-02 12:05:00,10.06,10.06,10.06,10.06,504.0
2019-04-02 12:07:00,10.05,10.05,10.05,10.05,204.0
2019-04-02 12:08:00,10.05,10.05,10.05,10.05,609.0
2019-04-02 12:10:00,10.05,10.05,10.05,10.05,442.0
2019-04-02 12:15:00,10.06,10.06,10.05,10.05,518.0
2019-04-02 12:17:00,10.05,10.05,10.05,10.05,300.0
2019-04-02 12:18:00,10.05,10.05,10.05,10.05,370.0
2019-04-02 12:20:00,10.03,10.03,10.03,10.03,135.0
2019-04-02 12:21:00,10.03,10.03,10.01,10.01,782.0
2019-04-02 12:23:00,10.01,10.01,10.0,10.005,1037.0
2019-04-02 12:24:00,10.0,10.0,10.0,10.0,225.0
2019-04-02 12:25:00,10.0,10.0,10.0,10.0,352.0
2019-04-02 12:28:00,10.0,10.0,10.0,10.0,238.0
2019-04-02 12:29:00,10.0,10.0,10.0,10.0,380.0
2019-04-02 12:31:00,10.0,10.0,10.0,10.0,525.0
2019-04-02 12:32:00,10.005,10.005,10.005,10.005,100.0
2019-04-02 12:33:00,10.0,10.0,10.0,10.0,479.0
2019-04-02 12:35:00,10.01,10.01,10.005,10.01,1400.0
2019-04-02 12:36:00,10.01,10.02,10.01,10.015,829.0
2019-04-02 12:38:00,10.02,10.04,10.02,10.02,300.0
2019-04-02 12:39:00,10.04,10.04,10.02,10.04,636.0
2019-04-02 12:40:00,10.035,10.035,10.035,10.035,384.0
2019-04-02 12:41:00,10.03,10.03,10.03,10.03,200.0
2019-04-02 12:42:00,10.035,10.035,10.035,10.035,179.0
2019-04-02 12:43:00,10.03,10.03,10.03,10.03,386.0
2019-04-02 12:46:00,10.02,10.02,10.01,10.02,668.0
2019-04-02 12:47:00,10.01,10.01,10.01,10.01,773.0
2019-04-02 12:49:00,10.005,10.005,10.005,10.005,100.0
2019-04-02 12:51:00,10.01,10.01,10.01,10.01,188.0
2019-04-02 12:52:00,10.0,10.0,10.0,10.0,210.0
2019-04-02 12:54:00,10.0,10.0,10.0,10.0,316.0
2019-04-02 12:58:00,10.01,10.01,9.99,9.99,289.0
2019-04-02 13:01:00,10.0,10.0,9.99,9.99,1015.0
2019-04-02 13:03:00,10.0,10.0,10.0,10.0,100.0
2019-04-02 13:05:00,9.995,10.0,9.995,10.0,2336.0
2019-04-02 13:07:00,10.005,10.005,10.005,10.005,100.0
2019-04-02 13:09:00,10.01,10.02,10.01,10.02,1416.0
2019-04-02 13:12:00,10.01,10.01,10.01,10.01,157.0
2019-04-02 13:13:00,10.01,10.01,10.01,10.01,730.0
2019-04-02 13:15:00,10.015,10.015,10.01,10.01,566.0
2019-04-02 13:16:00,10.02,10.04,10.015,10.04,2425.0
2019-04-02 13:18:00,10.04,10.04,10.04,10.04,100.0
2019-04-02 13:20:00,10.04,10.04,10.035,10.04,1200.0
2019-04-02 13:24:00,10.04,10.045,10.04,10.04,1182.0
2019-04-02 13:27:00,10.04,10.04,10.04,10.04,553.0
2019-04-02 13:31:00,10.05,10.05,10.05,10.05,100.0
2019-04-02 13:32:00,10.04,10.04,10.04,10.04,300.0
2019-04-02 13:35:00,10.05,10.05,10.045,10.045,211.0
2019-04-02 13:37:00,10.04,10.04,10.04,10.04,142.0
2019-04-02 13:38:00,10.04,10.04,10.04,10.04,1058.0
2019-04-02 13:41:00,10.04,10.04,10.04,10.04,300.0
2019-04-02 13:42:00,10.03,10.03,10.03,10.03,100.0
2019-04-02 13:43:00,10.035,10.035,10.035,10.035,100.0
2019-04-02 13:45:00,10.04,10.04,10.04,10.04,470.0
2019-04-02 13:47:00,10.035,10.035,10.02,10.02,2598.0
2019-04-02 13:48:00,10.01,10.01,10.01,10.01,1700.0
2019-04-02 13:50:00,10.01,10.01,9.995,9.995,1405.0
2019-04-02 13:51:00,9.99,9.99,9.99,9.99,400.0
2019-04-02 13:52:00,9.99,9.99,9.99,9.99,300.0
2019-04-02 13:54:00,9.99,9.99,9.99,9.99,105.0
2019-04-02 13:56:00,9.99,9.99,9.99,9.99,110.0
2019-04-02 13:57:00,9.98,9.98,9.98,9.98,251.0
2019-04-02 14:04:00,9.98,9.98,9.98,9.98,519.0
2019-04-02 14:06:00,9.98,9.98,9.98,9.98,2415.0
2019-04-02 14:09:00,9.99,9.99,9.99,9.99,100.0
2019-04-02 14:13:00,9.96,9.96,9.96,9.96,202.0
2019-04-02 14:18:00,9.95,9.95,9.95,9.95,149.0
2019-04-02 14:21:00,9.965,9.965,9.965,9.965,399.0
2019-04-02 14:25:00,9.95,9.95,9.95,9.95,317.0
2019-04-02 14:27:00,9.94,9.94,9.94,9.94,100.0
2019-04-02 14:30:00,9.94,9.94,9.94,9.94,0.0
2019-04-02 14:31:00,9.91,9.91,9.91,9.91,86546.0
2019-04-02 14:32:00,9.89,9.95,9.89,9.94,8933.0
2019-04-02 14:33:00,9.95,9.98,9.94,9.98,3235.0
2019-04-02 14:34:00,9.97,9.995,9.97,9.995,900.0
2019-04-02 14:38:00,9.99,9.99,9.99,9.99,1174.0
2019-04-02 14:39:00,9.985,9.99,9.985,9.99,2187.0
2019-04-02 14:40:00,9.985,9.99,9.985,9.99,310.0
2019-04-02 14:42:00,9.99,9.99,9.99,9.99,300.0
2019-04-02 14:44:00,10.007,10.007,10.007,10.007,115.0
2019-04-02 14:45:00,9.99,9.99,9.99,9.99,100.0
2019-04-02 14:49:00,9.99,9.99,9.99,9.99,192.0
2019-04-02 14:51:00,10.0,10.0,10.0,10.0,100.0
2019-04-02 14:52:00,10.0,10.0,10.0,10.0,100.0
2019-04-02 14:53:00,10.02,10.02,10.02,10.02,215.0
2019-04-02 14:55:00,10.0,10.0,10.0,10.0,1301.0
2019-04-02 14:56:00,9.99,9.99,9.99,9.99,564.0
2019-04-02 14:59:00,9.98,9.98,9.98,9.98,200.0
2019-04-02 15:00:00,9.99,9.99,9.99,9.99,100.0
2019-04-02 15:02:00,9.98,9.98,9.98,9.98,100.0
2019-04-02 15:03:00,9.98,9.98,9.98,9.98,432.0
2019-04-02 15:05:00,9.98,9.98,9.98,9.98,110.0
2019-04-02 15:08:00,9.98,9.99,9.98,9.99,441.0
2019-04-02 15:13:00,9.99,10.0,9.99,9.99,410.0
2019-04-02 15:14:00,9.99,9.99,9.98,9.98,200.0
2019-04-02 15:15:00,9.98,9.99,9.98,9.99,1523.0
2019-04-02 15:18:00,9.98,9.98,9.98,9.98,300.0
2019-04-02 15:20:00,9.98,9.98,9.98,9.98,322.0
2019-04-02 15:25:00,9.98,9.98,9.98,9.98,405.0
2019-04-02 15:27:00,9.98,9.98,9.98,9.98,105.0
2019-04-02 15:28:00,9.98,9.99,9.98,9.99,793.0
2019-04-02 15:29:00,9.98,9.98,9.98,9.98,211.0
2019-04-02 15:30:00,9.989,9.989,9.989,9.989,260.0
2019-04-02 15:32:00,9.99,9.99,9.99,9.99,422.0
2019-04-02 15:36:00,9.98,9.9823,9.98,9.98,911.0
2019-04-02 15:37:00,9.9837,9.9837,9.95,9.95,3042.0
2019-04-02 15:38:00,9.95,9.96,9.95,9.95,410.0
2019-04-02 15:39:00,9.95,9.95,9.95,9.95,190.0
2019-04-02 15:40:00,9.95,9.95,9.95,9.95,500.0
2019-04-02 15:41:00,9.955,9.96,9.95,9.95,2400.0
2019-04-02 15:42:00,9.95,9.955,9.95,9.955,215.0
2019-04-02 15:43:00,9.955,9.955,9.95,9.95,300.0
2019-04-02 15:44:00,9.95,9.95,9.95,9.95,100.0
2019-04-02 15:45:00,9.95,9.955,9.95,9.95,1724.0
2019-04-02 15:46:00,9.95,9.95,9.95,9.95,100.0
2019-04-02 15:47:00,9.955,9.955,9.95,9.955,1929.0
2019-04-02 15:48:00,9.955,9.955,9.95,9.95,1290.0
2019-04-02 15:49:00,9.95,9.955,9.95,9.955,356.0
2019-04-02 15:50:00,9.955,9.96,9.95,9.95,1018.0
2019-04-02 15:51:00,9.955,9.965,9.95,9.965,3669.0
2019-04-02 15:52:00,9.97,9.99,9.965,9.99,4022.0
2019-04-02 15:53:00,9.985,9.99,9.985,9.99,221.0
2019-04-02 15:54:00,9.99,9.99,9.98,9.98,700.0
2019-04-02 15:55:00,9.98,9.99,9.98,9.98,800.0
2019-04-02 15:56:00,9.99,9.99,9.985,9.985,415.0
2019-04-02 15:57:00,9.98,9.985,9.97,9.97,3869.0
2019-04-02 15:58:00,9.97,9.97,9.97,9.97,752.0
2019-04-02 15:59:00,9.96,9.98,9.96,9.97,2113.0
2019-04-02 16:00:00,9.98,10.0,9.975,9.98,6930.0
2019-04-03 09:31:00,10.01,10.01,10.01,10.01,677.0
2019-04-03 09:40:00,9.95,9.95,9.95,9.95,114.0
2019-04-03 09:48:00,10.0,10.0,10.0,10.0,340.0
2019-04-03 09:50:00,9.9601,9.9601,9.96,9.96,460.0
2019-04-03 09:51:00,9.95,9.98,9.95,9.98,374.0
2019-04-03 09:53:00,9.98,9.98,9.98,9.98,762.0
2019-04-03 09:55:00,9.95,9.95,9.95,9.95,102.0
2019-04-03 09:59:00,9.97,9.97,9.97,9.97,100.0
2019-04-03 10:01:00,9.95,10.03,9.95,10.03,2964.0
2019-04-03 10:02:00,9.97,10.02,9.97,9.98,800.0
2019-04-03 10:06:00,9.97,9.97,9.97,9.97,100.0
2019-04-03 10:08:00,9.96,9.96,9.95,9.95,214.0
2019-04-03 10:16:00,9.95,9.97,9.95,9.97,400.0
2019-04-03 10:20:00,9.95,9.95,9.945,9.945,602.0
2019-04-03 10:22:00,9.95,9.96,9.95,9.96,1522.0
2019-04-03 10:24:00,9.95,9.97,9.94,9.96,3666.0
2019-04-03 10:25:00,9.97,9.98,9.97,9.98,700.0
2019-04-03 10:26:00,9.99,9.99,9.99,9.99,500.0
2019-04-03 10:27:00,9.99,10.02,9.98,10.0,3500.0
2019-04-03 10:28:00,10.0,10.02,9.995,9.995,1000.0
2019-04-03 10:29:00,10.0,10.0,10.0,10.0,200.0
2019-04-03 10:30:00,10.0,10.0,10.0,10.0,686.0
2019-04-03 10:31:00,10.0,10.0,10.0,10.0,200.0
2019-04-03 10:32:00,10.0,10.0,10.0,10.0,200.0
2019-04-03 10:36:00,10.02,10.02,10.02,10.02,112.0
2019-04-03 10:43:00,10.0,10.0,10.0,10.0,616.0
2019-04-03 10:44:00,10.0,10.0,10.0,10.0,100.0
2019-04-03 10:45:00,10.0,10.0,10.0,10.0,200.0
2019-04-03 10:47:00,10.0,10.005,10.0,10.0,882.0
2019-04-03 10:48:00,10.0,10.0,10.0,10.0,450.0
2019-04-03 10:49:00,10.01,10.01,10.01,10.01,247.0
2019-04-03 10:53:00,10.01,10.01,10.01,10.01,415.0
2019-04-03 11:02:00,10.02,10.02,10.02,10.02,141.0
2019-04-03 11:04:00,10.02,10.03,10.02,10.02,1317.0
2019-04-03 11:07:00,10.03,10.03,10.03,10.03,100.0
2019-04-03 11:08:00,10.01,10.01,10.01,10.01,100.0
2019-04-03 11:10:00,10.01,10.02,10.01,10.01,1385.0
2019-04-03 11:13:00,10.0,10.0,10.0,10.0,808.0
2019-04-03 11:14:00,10.0,10.0,10.0,10.0,219.0
2019-04-03 11:18:00,10.0,10.0,10.0,10.0,603.0
2019-04-03 11:20:00,10.0,10.0,10.0,10.0,395.0
2019-04-03 11:21:00,10.0,10.0,10.0,10.0,100.0
2019-04-03 11:22:00,10.0,10.0,10.0,10.0,1500.0
2019-04-03 11:24:00,10.0,10.0,10.0,10.0,3497.0
2019-04-03 11:25:00,10.0,10.0,10.0,10.0,208.0
2019-04-03 11:26:00,10.0,10.0,10.0,10.0,702.0
2019-04-03 11:28:00,9.99,9.99,9.98,9.98,1008.0
2019-04-03 11:29:00,9.98,9.98,9.98,9.98,471.0
2019-04-03 11:33:00,9.9723,9.98,9.96,9.98,3300.0
2019-04-03 11:34:00,9.97,9.97,9.97,9.97,200.0
2019-04-03 11:38:00,9.96,9.96,9.96,9.96,100.0
2019-04-03 11:40:00,9.97,9.97,9.97,9.97,405.0
2019-04-03 11:41:00,9.98,9.98,9.98,9.98,705.0
2019-04-03 11:42:00,9.99,10.0,9.99,10.0,1500.0
2019-04-03 11:47:00,10.01,10.01,10.01,10.01,161.0
2019-04-03 11:58:00,9.99,9.99,9.99,9.99,1127.0
2019-04-03 12:00:00,9.9833,9.9833,9.9833,9.9833,100.0
2019-04-03 12:04:00,9.99,9.99,9.99,9.99,604.0
2019-04-03 12:09:00,9.98,9.98,9.98,9.98,605.0
2019-04-03 12:14:00,10.0,10.0,10.0,10.0,105.0
2019-04-03 12:16:00,9.98,9.98,9.98,9.98,110.0
2019-04-03 12:22:00,9.99,9.99,9.99,9.99,240.0
2019-04-03 12:26:00,10.0,10.0,10.0,10.0,100.0
2019-04-03 12:28:00,9.99,9.99,9.99,9.99,140.0
2019-04-03 12:31:00,9.98,9.98,9.98,9.98,907.0
2019-04-03 12:32:00,9.985,9.985,9.985,9.985,114.0
2019-04-03 12:40:00,9.98,9.98,9.97,9.97,934.0
2019-04-03 12:41:00,9.94,9.955,9.94,9.955,301.0
2019-04-03 12:49:00,9.95,9.95,9.95,9.95,111.0
2019-04-03 12:59:00,9.92,9.93,9.92,9.92,1033.0
2019-04-03 13:05:00,9.91,9.93,9.91,9.93,305.0
2019-04-03 13:09:00,9.92,9.92,9.92,9.92,100.0
2019-04-03 13:11:00,9.92,9.93,9.91,9.92,1911.0
2019-04-03 13:18:00,9.9233,9.9233,9.9233,9.9233,307.0
2019-04-03 13:26:00,9.91,9.92,9.91,9.915,712.0
2019-04-03 13:27:00,9.91,9.91,9.91,9.91,130.0
2019-04-03 13:30:00,9.91,9.91,9.91,9.91,435.0
2019-04-03 13:37:00,9.906,9.92,9.906,9.92,2913.0
2019-04-03 13:40:00,9.92,9.92,9.92,9.92,103.0
2019-04-03 13:41:00,9.92,9.935,9.92,9.925,1207.0
2019-04-03 13:42:00,9.915,9.915,9.91,9.91,317.0
2019-04-03 13:49:00,9.88,9.88,9.88,9.88,413.0
2019-04-03 13:53:00,9.85,9.85,9.8431,9.8431,732.0
2019-04-03 13:59:00,9.82,9.82,9.82,9.82,101.0
2019-04-03 14:02:00,9.835,9.85,9.835,9.85,2266.0
2019-04-03 14:03:00,9.84,9.86,9.84,9.86,1838.0
2019-04-03 14:07:00,9.86,9.865,9.86,9.86,561.0
2019-04-03 14:08:00,9.86,9.86,9.86,9.86,203.0
2019-04-03 14:11:00,9.8617,9.8617,9.8617,9.8617,502.0
2019-04-03 14:16:00,9.85,9.8698,9.85,9.8698,600.0
2019-04-03 14:17:00,9.85,9.85,9.85,9.85,106.0
2019-04-03 14:22:00,9.86,9.86,9.86,9.86,114.0
2019-04-03 14:24:00,9.86,9.86,9.86,9.86,104.0
2019-04-03 14:27:00,9.865,9.88,9.865,9.87,3040.0
2019-04-03 14:31:00,9.89,9.89,9.89,9.89,102.0
2019-04-03 14:34:00,9.885,9.885,9.88,9.885,409.0
2019-04-03 14:39:00,9.885,9.885,9.885,9.885,201.0
2019-04-03 14:40:00,9.88,9.885,9.88,9.885,303.0
2019-04-03 14:41:00,9.88,9.885,9.88,9.885,503.0
2019-04-03 14:44:00,9.885,9.885,9.885,9.885,108.0
2019-04-03 14:47:00,9.885,9.885,9.8825,9.8825,2120.0
2019-04-03 14:49:00,9.885,9.91,9.8825,9.91,2708.0
2019-04-03 14:50:00,9.92,9.92,9.92,9.92,200.0
2019-04-03 14:52:00,9.92,9.92,9.92,9.92,123.0
2019-04-03 14:56:00,9.915,9.915,9.91,9.915,1308.0
2019-04-03 15:02:00,9.91,9.91,9.91,9.91,202.0
2019-04-03 15:05:00,9.91,9.91,9.91,9.91,526.0
2019-04-03 15:09:00,9.91,9.91,9.91,9.91,318.0
2019-04-03 15:10:00,9.92,9.92,9.92,9.92,400.0
2019-04-03 15:11:00,9.91,9.91,9.91,9.91,100.0
2019-04-03 15:13:00,9.9,9.9,9.9,9.9,107.0
2019-04-03 15:16:00,9.9,9.9,9.9,9.9,228.0
2019-04-03 15:19:00,9.9,9.9,9.9,9.9,100.0
2019-04-03 15:20:00,9.9,9.9,9.9,9.9,202.0
2019-04-03 15:21:00,9.9,9.91,9.9,9.9,501.0
2019-04-03 15:23:00,9.9,9.9,9.9,9.9,684.0
2019-04-03 15:29:00,9.9,9.91,9.9,9.9,525.0
2019-04-03 15:30:00,9.9,9.9,9.9,9.9,200.0
2019-04-03 15:31:00,9.91,9.91,9.91,9.91,100.0
2019-04-03 15:33:00,9.91,9.91,9.9,9.9,2202.0
2019-04-03 15:35:00,9.9,9.9,9.9,9.9,205.0
2019-04-03 15:36:00,9.9,9.9,9.9,9.9,100.0
2019-04-03 15:37:00,9.91,9.91,9.91,9.91,200.0
2019-04-03 15:38:00,9.9,9.9,9.9,9.9,813.0
2019-04-03 15:40:00,9.9,9.9,9.9,9.9,394.0
2019-04-03 15:41:00,9.9,9.91,9.9,9.9,400.0
2019-04-03 15:43:00,9.91,9.91,9.91,9.91,620.0
2019-04-03 15:44:00,9.91,9.91,9.91,9.91,603.0
2019-04-03 15:45:00,9.91,9.91,9.91,9.91,615.0
2019-04-03 15:46:00,9.92,9.95,9.92,9.95,4482.0
2019-04-03 15:47:00,9.945,9.945,9.945,9.945,203.0
2019-04-03 15:49:00,9.945,9.945,9.945,9.945,320.0
2019-04-03 15:50:00,9.95,9.95,9.95,9.95,378.0
2019-04-03 15:51:00,9.945,9.945,9.94,9.94,1230.0
2019-04-03 15:52:00,9.94,9.945,9.94,9.945,434.0
2019-04-03 15:53:00,9.9499,9.95,9.9499,9.95,1221.0
2019-04-03 15:54:00,9.95,9.96,9.95,9.96,2516.0
2019-04-03 15:56:00,9.95,9.95,9.95,9.95,767.0
2019-04-03 15:57:00,9.95,9.96,9.95,9.96,914.0
2019-04-03 15:58:00,9.955,9.96,9.94,9.94,3093.0
2019-04-03 15:59:00,9.93,9.94,9.93,9.93,910.0
2019-04-03 16:00:00,9.95,9.95,9.93,9.93,2272.0
