
2019-03-11 09:31:00,5.77,5.77,5.77,5.77,0.0
2019-03-11 10:52:00,5.76,5.76,5.76,5.76,497.0
2019-03-11 15:19:00,5.76,5.76,5.76,5.76,110.0
2019-03-11 15:35:00,5.79,5.79,5.79,5.79,105.0
2019-03-11 16:00:00,5.8,5.8,5.8,5.8,387.0
2019-03-12 09:31:00,5.79,5.79,5.79,5.79,380.0
2019-03-12 11:01:00,5.82,5.82,5.82,5.82,304.0
2019-03-12 12:02:00,5.82,5.83,5.82,5.83,300.0
2019-03-12 12:15:00,5.83,5.83,5.83,5.83,212.0
2019-03-12 13:15:00,5.83,5.83,5.83,5.83,100.0
2019-03-12 13:16:00,5.84,5.84,5.84,5.84,177.0
2019-03-12 14:24:00,5.84,5.84,5.84,5.84,100.0
2019-03-12 14:25:00,5.85,5.85,5.85,5.85,200.0
2019-03-12 14:29:00,5.8219,5.8219,5.8219,5.8219,1278.0
2019-03-12 14:53:00,5.83,5.83,5.83,5.83,100.0
2019-03-12 15:15:00,5.85,5.85,5.85,5.85,316.0
2019-03-12 15:26:00,5.835,5.835,5.835,5.835,142.0
2019-03-12 15:36:00,5.84,5.84,5.84,5.84,128.0
2019-03-12 15:44:00,5.85,5.85,5.85,5.85,375.0
2019-03-12 15:53:00,5.82,5.82,5.82,5.82,100.0
2019-03-12 15:57:00,5.82,5.82,5.82,5.82,107.0
2019-03-12 15:59:00,5.82,5.82,5.82,5.82,100.0
2019-03-12 16:00:00,5.83,5.83,5.83,5.83,580.0
2019-03-13 09:31:00,5.82,5.82,5.82,5.82,0.0
2019-03-13 11:47:00,5.85,5.85,5.85,5.85,102.0
2019-03-13 12:50:00,5.84,5.84,5.84,5.84,100.0
2019-03-13 13:02:00,5.84,5.84,5.84,5.84,100.0
2019-03-13 13:39:00,5.8,5.84,5.8,5.84,832.0
2019-03-13 14:07:00,5.84,5.84,5.81,5.81,25500.0
2019-03-13 14:17:00,5.82,5.82,5.82,5.82,6981.0
2019-03-13 14:57:00,5.85,5.85,5.85,5.85,606.0
2019-03-13 15:17:00,5.88,5.88,5.88,5.88,100.0
2019-03-13 15:23:00,5.88,5.88,5.88,5.88,137.0
2019-03-13 15:33:00,5.89,5.89,5.89,5.89,163.0
2019-03-13 15:43:00,5.88,5.88,5.88,5.88,3806.0
2019-03-14 09:42:00,5.89,5.89,5.89,5.89,720.0
2019-03-14 10:22:00,5.92,5.92,5.92,5.92,5000.0
2019-03-14 10:37:00,5.94,5.95,5.94,5.95,1201.0
2019-03-14 10:53:00,5.98,5.98,5.98,5.98,100.0
2019-03-14 10:54:00,6.0,6.0,6.0,6.0,467.0
2019-03-14 11:37:00,6.02,6.02,6.02,6.02,100.0
2019-03-14 11:49:00,6.02,6.02,6.02,6.02,100.0
2019-03-14 12:19:00,6.11,6.11,6.11,6.11,505.0
2019-03-14 12:51:00,6.1004,6.11,6.1004,6.11,1309.0
2019-03-14 13:13:00,6.11,6.11,6.11,6.11,100.0
2019-03-14 13:14:00,6.1099,6.1099,6.1099,6.1099,300.0
2019-03-14 13:21:00,6.13,6.13,6.13,6.13,206.0
2019-03-14 14:12:00,6.1504,6.1504,6.1504,6.1504,1500.0
2019-03-14 14:16:00,6.155,6.155,6.155,6.155,105.0
2019-03-14 14:24:00,6.15,6.15,6.15,6.15,577.0
2019-03-14 14:50:00,6.17,6.17,6.17,6.17,208.0
2019-03-14 15:39:00,6.18,6.18,6.18,6.18,108.0
2019-03-14 15:40:00,6.18,6.18,6.18,6.18,678.0
2019-03-14 15:59:00,6.2,6.2,6.2,6.2,401.0
2019-03-14 16:00:00,6.2,6.23,6.2,6.23,2376.0
2019-03-15 09:31:00,6.25,6.25,6.25,6.25,56145.0
2019-03-15 09:36:00,6.25,6.25,6.25,6.25,1200.0
2019-03-15 09:48:00,6.2701,6.2701,6.2701,6.2701,155.0
2019-03-15 10:03:00,6.095,6.095,6.095,6.095,21400.0
2019-03-15 10:08:00,5.9952,5.9952,5.9952,5.9952,8974.0
2019-03-15 10:18:00,6.19,6.19,6.19,6.19,100.0
2019-03-15 10:26:00,6.2,6.2,6.2,6.2,100.0
2019-03-15 10:33:00,6.19,6.19,6.19,6.19,100.0
2019-03-15 10:35:00,6.105,6.105,6.105,6.105,4800.0
2019-03-15 10:40:00,6.2,6.2,6.2,6.2,100.0
2019-03-15 10:48:00,6.2,6.2,6.2,6.2,100.0
2019-03-15 10:51:00,6.2,6.2,6.2,6.2,122.0
2019-03-15 10:56:00,6.2,6.2,6.2,6.2,104.0
2019-03-15 11:00:00,6.2,6.2,6.2,6.2,103.0
2019-03-15 11:04:00,6.2,6.2,6.2,6.2,186.0
2019-03-15 11:26:00,6.1999,6.1999,6.1999,6.1999,138.0
2019-03-15 11:27:00,6.2,6.2077,6.1877,6.2077,7995.0
2019-03-15 11:28:00,6.22,6.22,6.21,6.21,1199.0
2019-03-15 12:10:00,6.26,6.26,6.26,6.26,206.0
2019-03-15 12:15:00,6.2565,6.2565,6.2565,6.2565,606.0
2019-03-15 12:27:00,6.19,6.19,6.19,6.19,162.0
2019-03-15 12:58:00,6.245,6.245,6.245,6.245,103.0
2019-03-15 13:04:00,6.3,6.3,6.3,6.3,125.0
2019-03-15 13:05:00,6.3,6.3,6.3,6.3,236.0
2019-03-15 13:15:00,6.3,6.3,6.3,6.3,206.0
2019-03-15 13:23:00,6.3,6.3,6.3,6.3,300.0
2019-03-15 13:24:00,6.3,6.3,6.3,6.3,1249.0
2019-03-15 16:00:00,6.26,6.26,6.26,6.26,827.0
2019-03-18 09:56:00,6.2634,6.2634,6.2634,6.2634,1605.0
2019-03-18 10:02:00,6.2044,6.2044,6.1925,6.1925,621.0
2019-03-18 10:10:00,6.2666,6.2666,6.2666,6.2666,1600.0
2019-03-18 10:16:00,6.2493,6.2493,6.2493,6.2493,1500.0
2019-03-18 10:18:00,6.2,6.2,6.2,6.2,211.0
2019-03-18 10:21:00,6.2799,6.2799,6.2799,6.2799,1509.0
2019-03-18 10:32:00,6.2701,6.2701,6.2701,6.2701,100.0
2019-03-18 10:33:00,6.28,6.28,6.28,6.28,1359.0
2019-03-18 10:48:00,6.3,6.3,6.3,6.3,4300.0
2019-03-18 10:49:00,6.3,6.3,6.3,6.3,2894.0
2019-03-18 10:52:00,6.3,6.3,6.3,6.3,270.0
2019-03-18 10:59:00,6.28,6.28,6.28,6.28,119.0
2019-03-18 11:02:00,6.2827,6.2827,6.2827,6.2827,627.0
2019-03-18 11:08:00,6.28,6.28,6.28,6.28,291.0
2019-03-18 11:54:00,6.27,6.27,6.27,6.27,2060.0
2019-03-18 12:02:00,6.2496,6.2496,6.2425,6.2425,649.0
2019-03-18 12:34:00,6.22,6.22,6.22,6.22,148.0
2019-03-18 13:02:00,6.1825,6.1825,6.1825,6.1825,772.0
2019-03-18 14:01:00,6.27,6.27,6.27,6.27,100.0
2019-03-18 14:02:00,6.2527,6.2527,6.2527,6.2527,724.0
2019-03-18 15:02:00,6.2527,6.2527,6.2527,6.2527,731.0
2019-03-18 15:12:00,6.265,6.265,6.265,6.265,245.0
2019-03-18 15:32:00,6.2527,6.2527,6.2527,6.2527,1064.0
2019-03-18 15:40:00,6.25,6.25,6.25,6.25,469.0
2019-03-19 09:31:00,6.25,6.25,6.25,6.25,0.0
2019-03-19 10:00:00,6.35,6.35,6.34,6.34,2542.0
2019-03-19 10:02:00,6.34,6.34,6.34,6.34,104.0
2019-03-19 10:07:00,6.312,6.312,6.312,6.312,409.0
2019-03-19 10:22:00,6.35,6.35,6.35,6.35,420.0
2019-03-19 10:23:00,6.345,6.345,6.345,6.345,930.0
2019-03-19 10:27:00,6.35,6.35,6.35,6.35,357.0
2019-03-19 10:28:00,6.34,6.34,6.34,6.34,1177.0
2019-03-19 10:29:00,6.31,6.31,6.31,6.31,3289.0
2019-03-19 10:39:00,6.3099,6.3099,6.3099,6.3099,300.0
2019-03-19 10:40:00,6.3,6.3,6.3,6.3,1363.0
2019-03-19 11:16:00,6.3,6.3,6.29,6.29,1604.0
2019-03-19 11:18:00,6.3,6.3,6.3,6.3,1791.0
2019-03-19 11:26:00,6.3,6.3,6.295,6.295,360.0
2019-03-19 11:29:00,6.3,6.3,6.3,6.3,475.0
2019-03-19 11:32:00,6.3,6.3,6.3,6.3,225.0
2019-03-19 11:34:00,6.305,6.31,6.305,6.31,879.0
2019-03-19 11:47:00,6.3,6.3,6.3,6.3,2254.0
2019-03-19 11:51:00,6.3,6.3,6.3,6.3,100.0
2019-03-19 11:55:00,6.295,6.3,6.295,6.3,600.0
2019-03-19 12:06:00,6.3,6.3,6.3,6.3,397.0
2019-03-19 12:09:00,6.3,6.3,6.3,6.3,797.0
2019-03-19 12:11:00,6.3,6.3,6.3,6.3,100.0
2019-03-19 12:14:00,6.3,6.3,6.3,6.3,200.0
2019-03-19 12:17:00,6.3,6.3,6.3,6.3,420.0
2019-03-19 12:21:00,6.3,6.3,6.3,6.3,200.0
2019-03-19 12:25:00,6.3,6.3,6.3,6.3,1549.0
2019-03-19 12:55:00,6.3,6.3,6.3,6.3,4475.0
2019-03-19 12:57:00,6.3,6.3,6.3,6.3,600.0
2019-03-19 12:59:00,6.3,6.3,6.3,6.3,100.0
2019-03-19 13:00:00,6.3,6.3,6.3,6.3,900.0
2019-03-19 13:12:00,6.29,6.29,6.29,6.29,100.0
2019-03-19 13:13:00,6.3,6.3,6.3,6.3,100.0
2019-03-19 13:14:00,6.29,6.29,6.29,6.29,213.0
2019-03-19 13:32:00,6.29,6.29,6.29,6.29,1110.0
2019-03-19 13:34:00,6.29,6.29,6.29,6.29,100.0
2019-03-19 13:35:00,6.29,6.29,6.29,6.29,200.0
2019-03-19 13:37:00,6.29,6.29,6.29,6.29,100.0
2019-03-19 13:38:00,6.29,6.29,6.29,6.29,100.0
2019-03-19 13:40:00,6.29,6.29,6.29,6.29,400.0
2019-03-19 13:41:00,6.29,6.29,6.29,6.29,100.0
2019-03-19 13:42:00,6.3,6.3,6.3,6.3,470.0
2019-03-19 13:43:00,6.29,6.29,6.29,6.29,1749.0
2019-03-19 13:44:00,6.28,6.28,6.28,6.28,100.0
2019-03-19 13:46:00,6.28,6.28,6.28,6.28,800.0
2019-03-19 13:47:00,6.28,6.28,6.28,6.28,100.0
2019-03-19 13:49:00,6.28,6.28,6.28,6.28,200.0
2019-03-19 13:50:00,6.28,6.28,6.28,6.28,100.0
2019-03-19 13:52:00,6.28,6.28,6.28,6.28,100.0
2019-03-19 13:53:00,6.29,6.29,6.29,6.29,100.0
2019-03-19 13:55:00,6.28,6.28,6.28,6.28,100.0
2019-03-19 13:56:00,6.28,6.28,6.28,6.28,100.0
2019-03-19 13:57:00,6.28,6.28,6.28,6.28,100.0
2019-03-19 13:59:00,6.28,6.28,6.28,6.28,100.0
2019-03-19 14:00:00,6.28,6.28,6.28,6.28,200.0
2019-03-19 14:02:00,6.28,6.28,6.28,6.28,200.0
2019-03-19 14:03:00,6.28,6.28,6.28,6.28,200.0
2019-03-19 14:05:00,6.28,6.28,6.28,6.28,100.0
2019-03-19 14:06:00,6.27,6.27,6.27,6.27,200.0
2019-03-19 14:08:00,6.27,6.27,6.27,6.27,200.0
2019-03-19 14:09:00,6.27,6.27,6.27,6.27,500.0
2019-03-19 14:11:00,6.27,6.27,6.27,6.27,100.0
2019-03-19 14:12:00,6.27,6.27,6.27,6.27,300.0
2019-03-19 14:14:00,6.27,6.27,6.27,6.27,200.0
2019-03-19 14:15:00,6.27,6.27,6.27,6.27,100.0
2019-03-19 14:17:00,6.27,6.27,6.27,6.27,100.0
2019-03-19 14:18:00,6.27,6.27,6.27,6.27,105.0
2019-03-19 14:20:00,6.27,6.27,6.27,6.27,100.0
2019-03-19 14:21:00,6.27,6.27,6.27,6.27,300.0
2019-03-19 14:23:00,6.27,6.27,6.27,6.27,200.0
2019-03-19 14:24:00,6.27,6.27,6.27,6.27,100.0
2019-03-19 14:26:00,6.27,6.27,6.27,6.27,100.0
2019-03-19 14:27:00,6.27,6.27,6.27,6.27,100.0
2019-03-19 14:29:00,6.27,6.27,6.27,6.27,100.0
2019-03-19 14:30:00,6.27,6.27,6.27,6.27,100.0
2019-03-19 14:32:00,6.27,6.27,6.27,6.27,100.0
2019-03-19 14:33:00,6.27,6.27,6.27,6.27,200.0
2019-03-19 14:35:00,6.27,6.27,6.27,6.27,100.0
2019-03-19 14:36:00,6.27,6.27,6.27,6.27,100.0
2019-03-19 14:38:00,6.27,6.27,6.27,6.27,100.0
2019-03-19 14:39:00,6.285,6.285,6.285,6.285,200.0
2019-03-19 14:41:00,6.285,6.285,6.285,6.285,200.0
2019-03-19 14:42:00,6.285,6.285,6.285,6.285,100.0
2019-03-19 14:44:00,6.285,6.285,6.285,6.285,100.0
2019-03-19 14:45:00,6.285,6.285,6.285,6.285,100.0
2019-03-19 14:47:00,6.285,6.285,6.285,6.285,100.0
2019-03-19 14:48:00,6.285,6.285,6.285,6.285,200.0
2019-03-19 14:50:00,6.27,6.27,6.27,6.27,200.0
2019-03-19 14:51:00,6.27,6.27,6.27,6.27,100.0
2019-03-19 14:52:00,6.285,6.285,6.285,6.285,100.0
2019-03-19 14:54:00,6.285,6.285,6.285,6.285,100.0
2019-03-19 14:55:00,6.285,6.285,6.285,6.285,100.0
2019-03-19 14:57:00,6.285,6.285,6.285,6.285,200.0
2019-03-19 14:58:00,6.285,6.285,6.285,6.285,200.0
2019-03-19 15:00:00,6.285,6.285,6.285,6.285,100.0
2019-03-19 15:01:00,6.285,6.285,6.285,6.285,100.0
2019-03-19 15:03:00,6.285,6.285,6.285,6.285,100.0
2019-03-19 15:04:00,6.285,6.285,6.285,6.285,374.0
2019-03-19 15:06:00,6.285,6.285,6.285,6.285,100.0
2019-03-19 15:07:00,6.285,6.285,6.285,6.285,100.0
2019-03-19 15:09:00,6.285,6.285,6.285,6.285,100.0
2019-03-19 15:10:00,6.285,6.285,6.285,6.285,100.0
2019-03-19 15:12:00,6.285,6.285,6.285,6.285,100.0
2019-03-19 15:13:00,6.285,6.285,6.285,6.285,563.0
2019-03-19 15:15:00,6.285,6.285,6.285,6.285,202.0
2019-03-19 15:16:00,6.285,6.285,6.285,6.285,100.0
2019-03-19 15:18:00,6.285,6.285,6.285,6.285,100.0
2019-03-19 15:19:00,6.285,6.285,6.285,6.285,107.0
2019-03-19 15:21:00,6.285,6.285,6.285,6.285,100.0
2019-03-19 15:22:00,6.285,6.285,6.285,6.285,200.0
2019-03-19 15:24:00,6.285,6.285,6.285,6.285,101.0
2019-03-19 15:25:00,6.285,6.285,6.285,6.285,101.0
2019-03-19 15:27:00,6.285,6.285,6.285,6.285,104.0
2019-03-19 15:28:00,6.285,6.285,6.285,6.285,202.0
2019-03-19 15:30:00,6.285,6.29,6.285,6.29,200.0
2019-03-19 15:31:00,6.29,6.29,6.29,6.29,442.0
2019-03-19 15:33:00,6.28,6.28,6.28,6.28,203.0
2019-03-19 15:34:00,6.28,6.28,6.28,6.28,103.0
2019-03-19 15:36:00,6.28,6.28,6.28,6.28,100.0
2019-03-19 15:37:00,6.28,6.28,6.28,6.28,200.0
2019-03-19 15:39:00,6.28,6.28,6.28,6.28,101.0
2019-03-19 15:40:00,6.29,6.29,6.29,6.29,101.0
2019-03-19 15:42:00,6.28,6.28,6.28,6.28,403.0
2019-03-19 15:43:00,6.28,6.28,6.28,6.28,103.0
2019-03-19 15:45:00,6.285,6.285,6.285,6.285,126.0
2019-03-19 15:46:00,6.285,6.285,6.285,6.285,121.0
2019-03-19 15:47:00,6.285,6.285,6.285,6.285,185.0
2019-03-19 15:49:00,6.285,6.285,6.285,6.285,100.0
2019-03-19 15:50:00,6.285,6.285,6.285,6.285,200.0
2019-03-19 15:52:00,6.285,6.285,6.285,6.285,200.0
2019-03-19 15:53:00,6.285,6.285,6.285,6.285,100.0
2019-03-19 15:55:00,6.285,6.285,6.285,6.285,100.0
2019-03-19 15:56:00,6.28,6.28,6.28,6.28,405.0
2019-03-19 15:57:00,6.29,6.3,6.29,6.3,600.0
2019-03-19 15:58:00,6.29,6.29,6.29,6.29,700.0
2019-03-19 15:59:00,6.29,6.29,6.29,6.29,205.0
2019-03-19 16:00:00,6.29,6.29,6.27,6.27,0.0
2019-03-20 09:31:00,6.27,6.27,6.27,6.27,0.0
2019-03-20 09:39:00,6.29,6.29,6.29,6.29,100.0
2019-03-20 09:41:00,6.3138,6.3138,6.3138,6.3138,400.0
2019-03-20 09:43:00,6.27,6.27,6.27,6.27,130.0
2019-03-20 09:47:00,6.27,6.27,6.27,6.27,100.0
2019-03-20 09:51:00,6.27,6.27,6.27,6.27,100.0
2019-03-20 09:55:00,6.305,6.305,6.305,6.305,100.0
2019-03-20 09:59:00,6.27,6.27,6.27,6.27,100.0
2019-03-20 10:03:00,6.27,6.27,6.27,6.27,124.0
2019-03-20 10:07:00,6.3,6.3,6.3,6.3,100.0
2019-03-20 10:10:00,6.3,6.3,6.3,6.3,100.0
2019-03-20 10:14:00,6.3,6.3,6.3,6.3,100.0
2019-03-20 10:18:00,6.3,6.3,6.3,6.3,112.0
2019-03-20 10:21:00,6.31,6.33,6.3022,6.33,4351.0
2019-03-20 10:24:00,6.37,6.37,6.37,6.37,100.0
2019-03-20 10:30:00,6.315,6.315,6.315,6.315,100.0
2019-03-20 10:34:00,6.3,6.3,6.3,6.3,100.0
2019-03-20 10:38:00,6.3,6.3,6.3,6.3,15500.0
2019-03-20 10:39:00,6.3,6.3,6.3,6.3,400.0
2019-03-20 10:43:00,6.29,6.29,6.29,6.29,100.0
2019-03-20 10:46:00,6.29,6.29,6.29,6.29,200.0
2019-03-20 10:49:00,6.29,6.29,6.29,6.29,100.0
2019-03-20 10:53:00,6.29,6.29,6.29,6.29,100.0
2019-03-20 10:57:00,6.29,6.29,6.29,6.29,130.0
2019-03-20 11:01:00,6.29,6.29,6.29,6.29,100.0
2019-03-20 11:04:00,6.3,6.3,6.3,6.3,5000.0
2019-03-20 11:05:00,6.3,6.3,6.3,6.3,100.0
2019-03-20 11:09:00,6.3,6.3,6.3,6.3,1500.0
2019-03-20 11:13:00,6.3,6.3,6.3,6.3,100.0
2019-03-20 11:15:00,6.3,6.3,6.3,6.3,1970.0
2019-03-20 11:16:00,6.29,6.29,6.29,6.29,1705.0
2019-03-20 11:17:00,6.29,6.29,6.29,6.29,495.0
2019-03-20 11:25:00,6.29,6.295,6.29,6.295,400.0
2019-03-20 11:28:00,6.29,6.29,6.29,6.29,100.0
2019-03-20 11:32:00,6.29,6.29,6.29,6.29,100.0
2019-03-20 11:34:00,6.29,6.29,6.29,6.29,626.0
2019-03-20 11:36:00,6.29,6.29,6.29,6.29,100.0
2019-03-20 11:37:00,6.2999,6.3,6.2999,6.3,1200.0
2019-03-20 11:40:00,6.29,6.29,6.29,6.29,100.0
2019-03-20 11:41:00,6.29,6.29,6.29,6.29,400.0
2019-03-20 11:43:00,6.295,6.295,6.295,6.295,100.0
2019-03-20 11:44:00,6.295,6.295,6.295,6.295,100.0
2019-03-20 11:45:00,6.295,6.295,6.295,6.295,100.0
2019-03-20 11:48:00,6.295,6.295,6.295,6.295,122.0
2019-03-20 11:49:00,6.29,6.29,6.29,6.29,200.0
2019-03-20 11:52:00,6.295,6.295,6.295,6.295,100.0
2019-03-20 11:53:00,6.29,6.29,6.29,6.29,300.0
2019-03-20 11:56:00,6.29,6.295,6.29,6.29,300.0
2019-03-20 11:57:00,6.29,6.29,6.29,6.29,300.0
2019-03-20 12:00:00,6.29,6.29,6.29,6.29,100.0
2019-03-20 12:04:00,6.29,6.29,6.29,6.29,100.0
2019-03-20 12:07:00,6.3,6.3,6.29,6.29,300.0
2019-03-20 12:11:00,6.29,6.29,6.29,6.29,100.0
2019-03-20 12:15:00,6.29,6.29,6.29,6.29,100.0
2019-03-20 12:19:00,6.29,6.29,6.29,6.29,100.0
2019-03-20 12:23:00,6.295,6.295,6.295,6.295,460.0
2019-03-20 12:27:00,6.3,6.3,6.3,6.3,100.0
2019-03-20 12:31:00,6.3,6.3,6.3,6.3,100.0
2019-03-20 12:35:00,6.3,6.3,6.3,6.3,102.0
2019-03-20 12:39:00,6.3,6.3,6.3,6.3,109.0
2019-03-20 12:43:00,6.3,6.3,6.3,6.3,400.0
2019-03-20 12:46:00,6.3,6.3,6.3,6.3,100.0
2019-03-20 12:50:00,6.3,6.3,6.3,6.3,100.0
2019-03-20 12:54:00,6.3,6.3,6.3,6.3,100.0
2019-03-20 12:58:00,6.3,6.3,6.3,6.3,100.0
2019-03-20 13:02:00,6.3,6.3,6.3,6.3,100.0
2019-03-20 13:06:00,6.3,6.3,6.3,6.3,100.0
2019-03-20 13:10:00,6.3,6.3,6.3,6.3,100.0
2019-03-20 13:14:00,6.3,6.3,6.3,6.3,100.0
2019-03-20 13:18:00,6.3,6.3,6.3,6.3,100.0
2019-03-20 13:22:00,6.3,6.3,6.3,6.3,100.0
2019-03-20 13:25:00,6.3,6.3,6.3,6.3,100.0
2019-03-20 13:29:00,6.3,6.3,6.3,6.3,100.0
2019-03-20 13:31:00,6.3,6.3,6.29,6.29,3430.0
2019-03-20 13:33:00,6.3,6.3,6.29,6.3,330.0
2019-03-20 13:34:00,6.3,6.3,6.3,6.3,100.0
2019-03-20 13:35:00,6.3,6.3,6.3,6.3,4500.0
2019-03-20 13:37:00,6.295,6.295,6.295,6.295,100.0
2019-03-20 13:38:00,6.3,6.3,6.3,6.3,457.0
2019-03-20 13:41:00,6.3,6.3,6.3,6.3,100.0
2019-03-20 13:42:00,6.3,6.3,6.3,6.3,200.0
2019-03-20 13:45:00,6.3,6.3,6.3,6.3,100.0
2019-03-20 13:48:00,6.3,6.3,6.3,6.3,375.0
2019-03-20 13:49:00,6.29,6.29,6.29,6.29,100.0
2019-03-20 13:53:00,6.29,6.29,6.29,6.29,100.0
2019-03-20 13:54:00,6.3,6.3,6.3,6.3,203.0
2019-03-20 13:55:00,6.3,6.3,6.3,6.3,300.0
2019-03-20 13:56:00,6.3,6.3,6.3,6.3,400.0
2019-03-20 13:59:00,6.3,6.3,6.3,6.3,1000.0
2019-03-20 14:03:00,6.3,6.3,6.3,6.3,300.0
2019-03-20 14:04:00,6.3,6.3,6.3,6.3,200.0
2019-03-20 14:05:00,6.3,6.3,6.3,6.3,100.0
2019-03-20 14:06:00,6.3,6.3,6.3,6.3,100.0
2019-03-20 14:07:00,6.3,6.3,6.3,6.3,500.0
2019-03-20 14:09:00,6.3,6.3,6.3,6.3,100.0
2019-03-20 14:11:00,6.3,6.3,6.3,6.3,929.0
2019-03-20 14:15:00,6.3,6.3,6.3,6.3,271.0
2019-03-20 14:18:00,6.3,6.3,6.3,6.3,300.0
2019-03-20 14:21:00,6.3,6.3,6.3,6.3,101.0
2019-03-20 14:24:00,6.29,6.29,6.29,6.29,100.0
2019-03-20 14:25:00,6.3,6.3,6.3,6.3,100.0
2019-03-20 14:28:00,6.29,6.29,6.29,6.29,100.0
2019-03-20 14:32:00,6.29,6.29,6.29,6.29,100.0
2019-03-20 14:34:00,6.295,6.3,6.2946,6.3,5600.0
2019-03-20 14:35:00,6.3,6.3,6.3,6.3,200.0
2019-03-20 14:39:00,6.3,6.3,6.3,6.3,100.0
2019-03-20 14:40:00,6.29,6.3,6.29,6.3,300.0
2019-03-20 14:41:00,6.3,6.3,6.3,6.3,905.0
2019-03-20 14:44:00,6.3,6.3,6.3,6.3,200.0
2019-03-20 14:47:00,6.3,6.3,6.3,6.3,100.0
2019-03-20 14:48:00,6.3,6.3,6.3,6.3,976.0
2019-03-20 14:51:00,6.295,6.295,6.295,6.295,100.0
2019-03-20 14:55:00,6.295,6.295,6.295,6.295,100.0
2019-03-20 14:59:00,6.295,6.295,6.295,6.295,224.0
2019-03-20 15:02:00,6.3,6.3,6.3,6.3,300.0
2019-03-20 15:05:00,6.295,6.3,6.295,6.3,450.0
2019-03-20 15:06:00,6.3,6.3,6.3,6.3,265.0
2019-03-20 15:07:00,6.3,6.3,6.2999,6.2999,414.0
2019-03-20 15:09:00,6.3,6.3,6.3,6.3,150.0
2019-03-20 15:11:00,6.3,6.3,6.3,6.3,200.0
2019-03-20 15:14:00,6.3,6.3,6.3,6.3,953.0
2019-03-20 15:26:00,6.295,6.295,6.295,6.295,500.0
2019-03-20 15:31:00,6.3,6.3,6.3,6.3,350.0
2019-03-20 15:35:00,6.29,6.29,6.29,6.29,1718.0
2019-03-20 15:50:00,6.29,6.29,6.29,6.29,272.0
2019-03-20 15:51:00,6.29,6.29,6.29,6.29,350.0
2019-03-20 15:52:00,6.29,6.29,6.28,6.28,1219.0
2019-03-20 15:57:00,6.29,6.29,6.29,6.29,415.0
2019-03-20 16:00:00,6.29,6.29,6.29,6.29,569.0
2019-03-21 09:31:00,6.29,6.3,6.29,6.3,0.0
2019-03-21 09:33:00,6.3,6.3,6.3,6.3,0.0
2019-03-21 09:35:00,6.3,6.3,6.3,6.3,100.0
2019-03-21 09:37:00,6.3,6.3,6.3,6.3,200.0
2019-03-21 09:40:00,6.4,6.4,6.4,6.4,100.0
2019-03-21 09:42:00,6.4,6.4,6.4,6.4,200.0
2019-03-21 09:43:00,6.3,6.3,6.3,6.3,214.0
2019-03-21 09:45:00,6.31,6.31,6.31,6.31,100.0
2019-03-21 09:48:00,6.3,6.3,6.3,6.3,200.0
2019-03-21 09:51:00,6.29,6.29,6.29,6.29,2175.0
2019-03-21 09:52:00,6.3,6.3,6.3,6.3,735.0
2019-03-21 09:56:00,6.3,6.3,6.3,6.3,100.0
2019-03-21 10:00:00,6.29,6.29,6.29,6.29,200.0
2019-03-21 10:01:00,6.3,6.3,6.3,6.3,125.0
2019-03-21 10:02:00,6.3,6.3,6.3,6.3,225.0
2019-03-21 10:06:00,6.295,6.295,6.295,6.295,100.0
2019-03-21 10:08:00,6.3,6.3,6.3,6.3,140.0
2019-03-21 10:10:00,6.3,6.3,6.3,6.3,600.0
2019-03-21 10:16:00,6.295,6.295,6.295,6.295,100.0
2019-03-21 10:19:00,6.295,6.295,6.295,6.295,200.0
2019-03-21 10:23:00,6.295,6.295,6.295,6.295,100.0
2019-03-21 10:26:00,6.295,6.295,6.295,6.295,100.0
2019-03-21 10:30:00,6.295,6.295,6.295,6.295,160.0
2019-03-21 10:34:00,6.295,6.295,6.295,6.295,100.0
2019-03-21 10:38:00,6.29,6.29,6.29,6.29,300.0
2019-03-21 10:41:00,6.3,6.3,6.3,6.3,100.0
2019-03-21 10:45:00,6.29,6.29,6.29,6.29,100.0
2019-03-21 10:46:00,6.3,6.3,6.3,6.3,100.0
2019-03-21 10:49:00,6.29,6.29,6.29,6.29,200.0
2019-03-21 10:53:00,6.29,6.29,6.29,6.29,148.0
2019-03-21 10:57:00,6.29,6.29,6.29,6.29,100.0
2019-03-21 11:01:00,6.29,6.29,6.29,6.29,200.0
2019-03-21 11:04:00,6.3,6.3,6.3,6.3,300.0
2019-03-21 11:06:00,6.3,6.3,6.3,6.3,601.0
2019-03-21 11:13:00,6.3,6.3,6.3,6.3,100.0
2019-03-21 11:17:00,6.295,6.295,6.295,6.295,101.0
2019-03-21 11:18:00,6.295,6.295,6.295,6.295,100.0
2019-03-21 11:23:00,6.295,6.295,6.295,6.295,100.0
2019-03-21 11:25:00,6.3,6.3,6.3,6.3,100.0
2019-03-21 11:26:00,6.3,6.3,6.3,6.3,201.0
2019-03-21 11:32:00,6.295,6.3,6.295,6.3,540.0
2019-03-21 11:36:00,6.295,6.3,6.295,6.3,502.0
2019-03-21 11:43:00,6.295,6.295,6.295,6.295,0.0
2019-03-21 11:51:00,6.295,6.295,6.295,6.295,100.0
2019-03-21 11:52:00,6.3,6.3,6.3,6.3,105.0
2019-03-21 11:53:00,6.3,6.3,6.3,6.3,505.0
2019-03-21 11:57:00,6.295,6.295,6.295,6.295,110.0
2019-03-21 11:59:00,6.2953,6.2953,6.2953,6.2953,501.0
2019-03-21 12:02:00,6.295,6.295,6.295,6.295,141.0
2019-03-21 12:05:00,6.3,6.3,6.3,6.3,100.0
2019-03-21 12:07:00,6.295,6.295,6.295,6.295,300.0
2019-03-21 12:10:00,6.3,6.3,6.3,6.3,100.0
2019-03-21 12:14:00,6.31,6.31,6.31,6.31,2465.0
2019-03-21 12:16:00,6.315,6.315,6.315,6.315,200.0
2019-03-21 12:23:00,6.315,6.315,6.315,6.315,200.0
2019-03-21 12:27:00,6.32,6.32,6.32,6.32,600.0
2019-03-21 12:28:00,6.31,6.31,6.31,6.31,4467.0
2019-03-21 12:30:00,6.295,6.295,6.295,6.295,740.0
2019-03-21 12:34:00,6.3,6.3,6.3,6.3,100.0
2019-03-21 12:36:00,6.3,6.3,6.3,6.3,100.0
2019-03-21 12:37:00,6.295,6.295,6.295,6.295,2200.0
2019-03-21 12:41:00,6.29,6.29,6.29,6.29,840.0
2019-03-21 12:44:00,6.295,6.295,6.295,6.295,1020.0
2019-03-21 12:47:00,6.29,6.29,6.29,6.29,320.0
2019-03-21 12:59:00,6.29,6.29,6.29,6.29,100.0
2019-03-21 13:05:00,6.29,6.29,6.29,6.29,800.0
2019-03-21 13:10:00,6.29,6.29,6.29,6.29,100.0
2019-03-21 13:16:00,6.29,6.29,6.29,6.29,100.0
2019-03-21 13:22:00,6.29,6.29,6.29,6.29,1040.0
2019-03-21 13:23:00,6.29,6.29,6.29,6.29,440.0
2019-03-21 13:31:00,6.29,6.29,6.29,6.29,200.0
2019-03-21 13:35:00,6.28,6.28,6.28,6.28,200.0
2019-03-21 13:36:00,6.29,6.29,6.29,6.29,200.0
2019-03-21 13:41:00,6.28,6.28,6.28,6.28,100.0
2019-03-21 13:45:00,6.29,6.29,6.29,6.29,800.0
2019-03-21 13:47:00,6.28,6.28,6.28,6.28,200.0
2019-03-21 13:52:00,6.28,6.28,6.28,6.28,100.0
2019-03-21 13:59:00,6.29,6.29,6.29,6.29,205.0
2019-03-21 14:03:00,6.28,6.28,6.28,6.28,100.0
2019-03-21 14:07:00,6.29,6.29,6.29,6.29,100.0
2019-03-21 14:08:00,6.28,6.28,6.28,6.28,1240.0
2019-03-21 14:14:00,6.28,6.28,6.28,6.28,224.0
2019-03-21 14:19:00,6.28,6.28,6.28,6.28,100.0
2019-03-21 14:24:00,6.28,6.28,6.28,6.28,100.0
2019-03-21 14:27:00,6.29,6.29,6.29,6.29,100.0
2019-03-21 14:29:00,6.28,6.28,6.28,6.28,100.0
2019-03-21 14:33:00,6.3,6.3,6.3,6.3,100.0
2019-03-21 14:34:00,6.28,6.28,6.28,6.28,100.0
2019-03-21 14:39:00,6.28,6.28,6.28,6.28,100.0
2019-03-21 14:44:00,6.28,6.28,6.28,6.28,100.0
2019-03-21 14:48:00,6.29,6.29,6.29,6.29,15161.0
2019-03-21 14:53:00,6.28,6.28,6.28,6.28,300.0
2019-03-21 14:59:00,6.28,6.28,6.28,6.28,105.0
2019-03-21 15:02:00,6.28,6.28,6.28,6.28,100.0
2019-03-21 15:03:00,6.28,6.28,6.28,6.28,134.0
2019-03-21 15:09:00,6.28,6.28,6.28,6.28,266.0
2019-03-21 15:12:00,6.3,6.3,6.28,6.28,200.0
2019-03-21 15:16:00,6.28,6.28,6.28,6.28,500.0
2019-03-21 15:17:00,6.28,6.28,6.28,6.28,100.0
2019-03-21 15:18:00,6.28,6.28,6.28,6.28,202.0
2019-03-21 15:20:00,6.28,6.28,6.28,6.28,100.0
2019-03-21 15:23:00,6.28,6.28,6.28,6.28,265.0
2019-03-21 15:27:00,6.28,6.28,6.28,6.28,1760.0
2019-03-21 15:31:00,6.285,6.285,6.285,6.285,100.0
2019-03-21 15:34:00,6.28,6.28,6.28,6.28,100.0
2019-03-21 15:35:00,6.2899,6.2899,6.2899,6.2899,1539.0
2019-03-21 15:37:00,6.28,6.28,6.28,6.28,1600.0
2019-03-21 15:39:00,6.28,6.28,6.28,6.28,1700.0
2019-03-21 15:41:00,6.285,6.285,6.285,6.285,1800.0
2019-03-21 15:42:00,6.28,6.28,6.28,6.28,1547.0
2019-03-21 15:45:00,6.28,6.28,6.28,6.28,299.0
2019-03-21 15:47:00,6.28,6.28,6.28,6.28,400.0
2019-03-21 15:50:00,6.28,6.28,6.28,6.28,1200.0
2019-03-21 15:52:00,6.285,6.285,6.285,6.285,7266.0
2019-03-21 15:53:00,6.28,6.28,6.28,6.28,6500.0
2019-03-21 15:54:00,6.285,6.285,6.285,6.285,3511.0
2019-03-21 15:56:00,6.28,6.28,6.28,6.28,806.0
2019-03-21 15:57:00,6.285,6.285,6.285,6.285,1423.0
2019-03-21 15:59:00,6.285,6.285,6.285,6.285,2076.0
2019-03-21 16:00:00,6.28,6.28,6.28,6.28,4329.0
2019-03-22 09:31:00,6.27,6.27,6.27,6.27,886.0
2019-03-22 09:36:00,6.28,6.28,6.28,6.28,100.0
2019-03-22 09:38:00,6.28,6.28,6.26,6.26,2100.0
2019-03-22 09:39:00,6.27,6.27,6.27,6.27,104.0
2019-03-22 09:41:00,6.27,6.27,6.27,6.27,200.0
2019-03-22 09:43:00,6.26,6.26,6.25,6.25,800.0
2019-03-22 09:44:00,6.26,6.26,6.26,6.26,100.0
2019-03-22 09:45:00,6.25,6.25,6.25,6.25,305.0
2019-03-22 09:49:00,6.25,6.25,6.25,6.25,200.0
2019-03-22 09:50:00,6.25,6.25,6.25,6.25,101.0
2019-03-22 09:51:00,6.25,6.25,6.25,6.25,519.0
2019-03-22 09:52:00,6.25,6.26,6.25,6.26,481.0
2019-03-22 09:53:00,6.25,6.27,6.24,6.27,1030.0
2019-03-22 09:54:00,6.25,6.25,6.25,6.25,172.0
2019-03-22 09:55:00,6.24,6.24,6.24,6.24,100.0
2019-03-22 10:05:00,6.24,6.24,6.24,6.24,420.0
2019-03-22 10:08:00,6.24,6.24,6.24,6.24,700.0
2019-03-22 10:22:00,6.24,6.24,6.24,6.24,100.0
2019-03-22 10:30:00,6.24,6.27,6.24,6.24,1130.0
2019-03-22 10:37:00,6.24,6.24,6.24,6.24,459.0
2019-03-22 10:53:00,6.24,6.24,6.24,6.24,278.0
2019-03-22 10:54:00,6.23,6.23,6.23,6.23,201.0
2019-03-22 11:00:00,6.23,6.23,6.23,6.23,100.0
2019-03-22 11:01:00,6.23,6.23,6.23,6.23,600.0
2019-03-22 11:14:00,6.23,6.23,6.23,6.23,717.0
2019-03-22 11:20:00,6.23,6.23,6.23,6.23,206.0
2019-03-22 11:22:00,6.2499,6.25,6.23,6.24,2095.0
2019-03-22 11:24:00,6.23,6.23,6.23,6.23,300.0
2019-03-22 11:26:00,6.23,6.23,6.23,6.23,100.0
2019-03-22 11:31:00,6.23,6.24,6.23,6.24,703.0
2019-03-22 11:41:00,6.23,6.23,6.23,6.23,700.0
2019-03-22 11:42:00,6.23,6.24,6.23,6.24,1703.0
2019-03-22 11:44:00,6.23,6.23,6.23,6.23,100.0
2019-03-22 11:47:00,6.23,6.23,6.23,6.23,200.0
2019-03-22 11:49:00,6.23,6.235,6.23,6.235,1105.0
2019-03-22 12:01:00,6.23,6.23,6.23,6.23,400.0
2019-03-22 12:03:00,6.22,6.22,6.22,6.22,102.0
2019-03-22 12:05:00,6.23,6.23,6.23,6.23,1001.0
2019-03-22 12:06:00,6.22,6.22,6.22,6.22,1002.0
2019-03-22 12:07:00,6.23,6.23,6.23,6.23,900.0
2019-03-22 12:08:00,6.22,6.22,6.22,6.22,400.0
2019-03-22 12:10:00,6.22,6.22,6.22,6.22,900.0
2019-03-22 12:11:00,6.22,6.22,6.22,6.22,101.0
2019-03-22 12:12:00,6.22,6.22,6.22,6.22,800.0
2019-03-22 12:14:00,6.22,6.22,6.22,6.22,300.0
2019-03-22 12:24:00,6.22,6.22,6.22,6.22,302.0
2019-03-22 12:31:00,6.22,6.22,6.22,6.22,907.0
2019-03-22 12:42:00,6.21,6.21,6.21,6.21,395.0
2019-03-22 12:43:00,6.21,6.21,6.21,6.21,708.0
2019-03-22 12:45:00,6.21,6.21,6.21,6.21,602.0
2019-03-22 12:59:00,6.21,6.21,6.21,6.21,905.0
2019-03-22 13:00:00,6.21,6.21,6.21,6.21,100.0
2019-03-22 13:01:00,6.21,6.21,6.21,6.21,706.0
2019-03-22 13:03:00,6.21,6.21,6.21,6.21,100.0
2019-03-22 13:07:00,6.21,6.21,6.21,6.21,100.0
2019-03-22 13:16:00,6.21,6.21,6.21,6.21,600.0
2019-03-22 13:20:00,6.22,6.23,6.22,6.23,432.0
2019-03-22 13:30:00,6.22,6.22,6.22,6.22,225.0
2019-03-22 13:49:00,6.21,6.21,6.21,6.21,603.0
2019-03-22 13:51:00,6.21,6.21,6.21,6.21,103.0
2019-03-22 13:57:00,6.21,6.21,6.21,6.21,304.0
2019-03-22 13:59:00,6.22,6.22,6.22,6.22,176.0
2019-03-22 14:11:00,6.21,6.21,6.21,6.21,112.0
2019-03-22 14:18:00,6.21,6.22,6.21,6.21,2613.0
2019-03-22 14:19:00,6.21,6.21,6.21,6.21,185.0
2019-03-22 14:20:00,6.2,6.2,6.2,6.2,600.0
2019-03-22 14:21:00,6.2,6.2,6.2,6.2,2131.0
2019-03-22 14:22:00,6.2,6.205,6.2,6.2,900.0
2019-03-22 14:23:00,6.205,6.21,6.205,6.21,400.0
2019-03-22 14:25:00,6.205,6.21,6.205,6.21,703.0
2019-03-22 14:46:00,6.21,6.21,6.21,6.21,102.0
2019-03-22 14:53:00,6.21,6.21,6.21,6.21,100.0
2019-03-22 14:57:00,6.21,6.22,6.2,6.2,700.0
2019-03-22 14:59:00,6.22,6.22,6.21,6.22,898.0
2019-03-22 15:00:00,6.21,6.22,6.21,6.22,405.0
2019-03-22 15:13:00,6.229,6.23,6.229,6.23,1569.0
2019-03-22 15:14:00,6.23,6.23,6.23,6.23,1600.0
2019-03-22 15:16:00,6.23,6.23,6.23,6.23,101.0
2019-03-22 15:20:00,6.23,6.23,6.23,6.23,301.0
2019-03-22 15:28:00,6.22,6.22,6.22,6.22,100.0
2019-03-22 15:30:00,6.2,6.2,6.2,6.2,201.0
2019-03-22 15:31:00,6.2,6.2,6.2,6.2,105.0
2019-03-22 15:34:00,6.22,6.22,6.22,6.22,1100.0
2019-03-22 15:35:00,6.22,6.22,6.22,6.22,108.0
2019-03-22 15:40:00,6.2,6.2,6.2,6.2,299.0
2019-03-22 15:46:00,6.2,6.2,6.2,6.2,400.0
2019-03-22 15:47:00,6.2,6.2,6.2,6.2,202.0
2019-03-22 15:52:00,6.2,6.2,6.2,6.2,202.0
2019-03-22 15:55:00,6.2,6.2,6.2,6.2,500.0
2019-03-22 15:56:00,6.2,6.2,6.2,6.2,100.0
2019-03-22 15:57:00,6.2,6.229,6.2,6.229,802.0
2019-03-22 15:58:00,6.2101,6.23,6.2,6.22,5216.0
2019-03-22 15:59:00,6.2299,6.2399,6.2,6.23,3878.0
2019-03-22 16:00:00,6.21,6.24,6.21,6.24,2924.0
2019-03-25 09:31:00,6.21,6.21,6.21,6.21,1006.0
2019-03-25 10:53:00,6.24,6.24,6.24,6.24,100.0
2019-03-25 11:12:00,6.24,6.24,6.24,6.24,100.0
2019-03-25 11:15:00,6.24,6.24,6.24,6.24,222.0
2019-03-25 12:36:00,6.28,6.28,6.28,6.28,100.0
2019-03-25 13:26:00,6.29,6.29,6.29,6.29,205.0
2019-03-25 14:40:00,6.29,6.29,6.29,6.29,202.0
2019-03-25 15:26:00,6.29,6.29,6.29,6.29,100.0
2019-03-25 15:39:00,6.29,6.29,6.29,6.29,106.0
2019-03-25 15:51:00,6.3,6.3,6.3,6.3,100.0
2019-03-25 15:53:00,6.29,6.29,6.29,6.29,409.0
2019-03-25 15:59:00,6.24,6.24,6.24,6.24,325.0
2019-03-25 16:00:00,6.23,6.23,6.23,6.23,346.0
2019-03-26 09:31:00,6.3,6.3,6.3,6.3,997.0
2019-03-26 09:32:00,6.3,6.3,6.3,6.3,2761.0
2019-03-26 09:34:00,6.3,6.3,6.3,6.3,241.0
2019-03-26 09:39:00,6.3,6.3,6.3,6.3,116.0
2019-03-26 10:14:00,6.31,6.31,6.31,6.31,300.0
2019-03-26 10:40:00,6.3,6.3,6.3,6.3,101.0
2019-03-26 10:50:00,6.3,6.3,6.3,6.3,435.0
2019-03-26 10:51:00,6.29,6.29,6.29,6.29,2410.0
2019-03-26 10:55:00,6.3,6.3,6.3,6.3,408.0
2019-03-26 11:51:00,6.3,6.3,6.29,6.29,358.0
2019-03-26 12:21:00,6.3,6.3,6.3,6.3,102.0
2019-03-26 12:30:00,6.3,6.3,6.3,6.3,0.0
2019-03-26 13:02:00,6.3,6.3,6.3,6.3,312.0
2019-03-26 13:45:00,6.2899,6.2899,6.2899,6.2899,218.0
2019-03-26 14:30:00,6.294,6.3,6.294,6.3,3045.0
2019-03-26 14:31:00,6.3,6.3,6.3,6.3,0.0
2019-03-26 14:45:00,6.3,6.3,6.3,6.3,505.0
2019-03-26 14:51:00,6.29,6.29,6.29,6.29,601.0
2019-03-26 14:59:00,6.3,6.3,6.3,6.3,740.0
2019-03-26 15:01:00,6.29,6.29,6.29,6.29,437.0
2019-03-26 15:45:00,6.2884,6.2884,6.2884,6.2884,160.0
2019-03-26 15:56:00,6.295,6.295,6.295,6.295,1315.0
2019-03-26 15:59:00,6.31,6.31,6.31,6.31,466.0
2019-03-26 16:00:00,6.31,6.31,6.31,6.31,558.0
2019-03-27 09:31:00,6.3,6.3,6.3,6.3,1048.0
2019-03-27 09:34:00,6.3,6.3,6.3,6.3,8001.0
2019-03-27 09:39:00,6.3,6.3,6.3,6.3,1983.0
2019-03-27 09:44:00,6.29,6.29,6.29,6.29,1030.0
2019-03-27 09:45:00,6.29,6.29,6.29,6.29,1220.0
2019-03-27 09:46:00,6.29,6.29,6.29,6.29,200.0
2019-03-27 09:47:00,6.29,6.29,6.29,6.29,400.0
2019-03-27 09:50:00,6.29,6.29,6.29,6.29,204.0
2019-03-27 10:40:00,6.29,6.29,6.29,6.29,413.0
2019-03-27 10:42:00,6.29,6.293,6.29,6.29,2906.0
2019-03-27 10:43:00,6.29,6.29,6.29,6.29,100.0
2019-03-27 10:46:00,6.29,6.29,6.29,6.29,100.0
2019-03-27 10:47:00,6.29,6.29,6.29,6.29,206.0
2019-03-27 10:50:00,6.29,6.29,6.29,6.29,426.0
2019-03-27 10:52:00,6.29,6.29,6.29,6.29,2862.0
2019-03-27 10:56:00,6.29,6.29,6.29,6.29,400.0
2019-03-27 11:00:00,6.295,6.295,6.295,6.295,212.0
2019-03-27 11:03:00,6.29,6.29,6.29,6.29,300.0
2019-03-27 11:04:00,6.29,6.29,6.29,6.29,1300.0
2019-03-27 11:06:00,6.295,6.295,6.295,6.295,100.0
2019-03-27 11:09:00,6.29,6.29,6.29,6.29,100.0
2019-03-27 11:14:00,6.29,6.29,6.29,6.29,1400.0
2019-03-27 11:15:00,6.29,6.29,6.29,6.29,700.0
2019-03-27 11:17:00,6.29,6.29,6.29,6.29,400.0
2019-03-27 11:30:00,6.28,6.28,6.28,6.28,203.0
2019-03-27 11:33:00,6.28,6.28,6.28,6.28,1298.0
2019-03-27 11:34:00,6.28,6.28,6.28,6.28,737.0
2019-03-27 11:37:00,6.28,6.28,6.28,6.28,101.0
2019-03-27 11:38:00,6.28,6.28,6.28,6.28,206.0
2019-03-27 11:39:00,6.28,6.28,6.28,6.28,100.0
2019-03-27 11:40:00,6.28,6.28,6.28,6.28,561.0
2019-03-27 11:41:00,6.28,6.28,6.28,6.28,200.0
2019-03-27 11:42:00,6.28,6.28,6.28,6.28,100.0
2019-03-27 11:43:00,6.28,6.28,6.28,6.28,100.0
2019-03-27 11:44:00,6.28,6.28,6.28,6.28,505.0
2019-03-27 11:45:00,6.28,6.28,6.28,6.28,200.0
2019-03-27 11:46:00,6.28,6.28,6.28,6.28,200.0
2019-03-27 11:47:00,6.28,6.28,6.28,6.28,100.0
2019-03-27 11:48:00,6.28,6.28,6.28,6.28,100.0
2019-03-27 11:49:00,6.28,6.28,6.28,6.28,241.0
2019-03-27 11:50:00,6.28,6.28,6.28,6.28,959.0
2019-03-27 11:51:00,6.28,6.28,6.28,6.28,100.0
2019-03-27 11:52:00,6.28,6.28,6.28,6.28,100.0
2019-03-27 11:53:00,6.28,6.28,6.28,6.28,100.0
2019-03-27 11:54:00,6.28,6.28,6.28,6.28,400.0
2019-03-27 11:55:00,6.28,6.28,6.28,6.28,100.0
2019-03-27 11:56:00,6.28,6.28,6.28,6.28,100.0
2019-03-27 11:57:00,6.28,6.28,6.28,6.28,100.0
2019-03-27 11:58:00,6.28,6.28,6.28,6.28,100.0
2019-03-27 11:59:00,6.28,6.28,6.28,6.28,576.0
2019-03-27 12:00:00,6.28,6.28,6.28,6.28,576.0
2019-03-27 12:01:00,6.28,6.28,6.28,6.28,200.0
2019-03-27 12:03:00,6.28,6.28,6.28,6.28,523.0
2019-03-27 12:11:00,6.27,6.27,6.27,6.27,1023.0
2019-03-27 12:42:00,6.27,6.27,6.27,6.27,100.0
2019-03-27 12:47:00,6.28,6.28,6.28,6.28,5000.0
2019-03-27 12:56:00,6.28,6.28,6.28,6.28,7800.0
2019-03-27 12:57:00,6.28,6.28,6.28,6.28,100.0
2019-03-27 13:13:00,6.29,6.29,6.29,6.29,100.0
2019-03-27 13:14:00,6.29,6.29,6.29,6.29,1600.0
2019-03-27 13:15:00,6.29,6.29,6.28,6.28,10800.0
2019-03-27 13:17:00,6.28,6.28,6.28,6.28,205.0
2019-03-27 13:33:00,6.27,6.27,6.27,6.27,100.0
2019-03-27 13:39:00,6.28,6.28,6.28,6.28,100.0
2019-03-27 13:48:00,6.28,6.28,6.28,6.28,105.0
2019-03-27 14:02:00,6.28,6.28,6.28,6.28,100.0
2019-03-27 14:08:00,6.29,6.29,6.29,6.29,200.0
2019-03-27 14:12:00,6.3,6.32,6.3,6.32,4963.0
2019-03-27 14:32:00,6.28,6.28,6.28,6.28,100.0
2019-03-27 14:33:00,6.3,6.3,6.3,6.3,200.0
2019-03-27 14:34:00,6.3,6.3,6.3,6.3,305.0
2019-03-27 14:35:00,6.3,6.3,6.3,6.3,700.0
2019-03-27 14:36:00,6.3,6.3,6.3,6.3,1200.0
2019-03-27 14:37:00,6.3,6.3,6.3,6.3,400.0
2019-03-27 14:42:00,6.29,6.29,6.28,6.28,1355.0
2019-03-27 14:51:00,6.3,6.3,6.29,6.29,1700.0
2019-03-27 14:52:00,6.3,6.3,6.3,6.3,100.0
2019-03-27 14:55:00,6.3,6.3,6.3,6.3,1300.0
2019-03-27 14:56:00,6.3,6.3,6.3,6.3,2300.0
2019-03-27 14:57:00,6.3,6.3,6.29,6.3,18000.0
2019-03-27 14:58:00,6.3,6.3,6.3,6.3,5700.0
2019-03-27 14:59:00,6.3,6.31,6.3,6.31,4146.0
2019-03-27 15:05:00,6.32,6.32,6.32,6.32,800.0
2019-03-27 15:06:00,6.32,6.32,6.32,6.32,2087.0
2019-03-27 15:07:00,6.32,6.32,6.32,6.32,105.0
2019-03-27 15:14:00,6.32,6.32,6.32,6.32,100.0
2019-03-27 15:15:00,6.32,6.32,6.32,6.32,300.0
2019-03-27 15:19:00,6.32,6.32,6.32,6.32,105.0
2019-03-27 15:22:00,6.31,6.31,6.31,6.31,408.0
2019-03-27 15:27:00,6.3,6.3,6.3,6.3,142.0
2019-03-27 15:34:00,6.3,6.3,6.3,6.3,100.0
2019-03-27 15:36:00,6.29,6.29,6.29,6.29,6348.0
2019-03-27 15:38:00,6.28,6.28,6.28,6.28,994.0
2019-03-27 15:39:00,6.28,6.28,6.28,6.28,107.0
2019-03-27 15:43:00,6.28,6.28,6.28,6.28,100.0
2019-03-27 15:49:00,6.28,6.28,6.28,6.28,260.0
2019-03-27 15:52:00,6.29,6.29,6.29,6.29,100.0
2019-03-27 15:53:00,6.3,6.3,6.3,6.3,123.0
2019-03-27 15:54:00,6.28,6.28,6.28,6.28,117.0
2019-03-27 15:58:00,6.29,6.29,6.29,6.29,105.0
2019-03-27 16:00:00,6.29,6.29,6.29,6.29,375.0
2019-03-28 09:31:00,6.3,6.3,6.3,6.3,780.0
2019-03-28 09:46:00,6.3,6.3,6.3,6.3,3675.0
2019-03-28 09:58:00,6.3,6.3,6.3,6.3,710.0
2019-03-28 10:22:00,6.299,6.299,6.299,6.299,358.0
2019-03-28 10:30:00,6.3,6.3,6.3,6.3,148.0
2019-03-28 10:36:00,6.295,6.295,6.295,6.295,1807.0
2019-03-28 10:54:00,6.3,6.3,6.3,6.3,115.0
2019-03-28 11:17:00,6.3,6.3,6.3,6.3,308.0
2019-03-28 11:24:00,6.29,6.29,6.29,6.29,105.0
2019-03-28 11:30:00,6.29,6.29,6.29,6.29,500.0
2019-03-28 11:31:00,6.285,6.285,6.285,6.285,4717.0
2019-03-28 12:04:00,6.28,6.28,6.28,6.28,146.0
2019-03-28 13:22:00,6.29,6.29,6.29,6.29,247.0
2019-03-28 14:32:00,6.28,6.28,6.28,6.28,112.0
2019-03-28 14:43:00,6.3,6.3,6.3,6.3,240.0
2019-03-28 15:03:00,6.3,6.3,6.3,6.3,156.0
2019-03-28 15:21:00,6.3,6.3,6.3,6.3,334.0
2019-03-28 15:22:00,6.29,6.3,6.29,6.29,3214.0
2019-03-28 15:58:00,6.285,6.285,6.285,6.285,108.0
2019-03-28 15:59:00,6.31,6.31,6.31,6.31,107.0
2019-03-28 16:00:00,6.31,6.31,6.29,6.29,0.0
2019-03-29 09:31:00,6.3,6.3,6.3,6.3,1116.0
2019-03-29 09:39:00,6.299,6.3,6.299,6.3,5211.0
2019-03-29 09:49:00,6.34,6.34,6.34,6.34,131.0
2019-03-29 09:50:00,6.3136,6.3136,6.3136,6.3136,105.0
2019-03-29 10:07:00,6.35,6.35,6.35,6.35,101.0
2019-03-29 10:24:00,6.35,6.35,6.35,6.35,100.0
2019-03-29 10:37:00,6.35,6.35,6.35,6.35,1620.0
2019-03-29 10:41:00,6.35,6.35,6.35,6.35,589.0
2019-03-29 10:42:00,6.35,6.36,6.35,6.36,4523.0
2019-03-29 10:54:00,6.39,6.39,6.39,6.39,202.0
2019-03-29 11:19:00,6.3887,6.3887,6.35,6.35,2550.0
2019-03-29 11:20:00,6.375,6.375,6.375,6.375,1947.0
2019-03-29 11:24:00,6.36,6.36,6.36,6.36,334.0
2019-03-29 11:39:00,6.4,6.4,6.4,6.4,105.0
2019-03-29 11:54:00,6.385,6.385,6.385,6.385,205.0
2019-03-29 12:09:00,6.385,6.385,6.385,6.385,200.0
2019-03-29 12:10:00,6.385,6.385,6.385,6.385,200.0
2019-03-29 12:11:00,6.385,6.385,6.385,6.385,1300.0
2019-03-29 12:13:00,6.39,6.39,6.38,6.38,400.0
2019-03-29 12:20:00,6.39,6.39,6.38,6.38,819.0
2019-03-29 12:38:00,6.37,6.37,6.35,6.35,6591.0
2019-03-29 12:41:00,6.34,6.34,6.34,6.34,100.0
2019-03-29 12:56:00,6.34,6.34,6.34,6.34,1743.0
2019-03-29 12:59:00,6.34,6.34,6.34,6.34,157.0
2019-03-29 13:03:00,6.345,6.345,6.345,6.345,100.0
2019-03-29 13:07:00,6.34,6.34,6.34,6.34,700.0
2019-03-29 13:08:00,6.34,6.34,6.34,6.34,305.0
2019-03-29 13:16:00,6.34,6.34,6.34,6.34,300.0
2019-03-29 13:19:00,6.34,6.34,6.34,6.34,300.0
2019-03-29 13:21:00,6.345,6.345,6.34,6.34,400.0
2019-03-29 13:42:00,6.3451,6.3451,6.3451,6.3451,2100.0
2019-03-29 13:47:00,6.33,6.34,6.33,6.33,2205.0
2019-03-29 13:53:00,6.34,6.34,6.34,6.34,105.0
2019-03-29 14:20:00,6.34,6.35,6.34,6.35,205.0
2019-03-29 14:29:00,6.3429,6.3429,6.3429,6.3429,824.0
2019-03-29 14:40:00,6.35,6.35,6.35,6.35,100.0
2019-03-29 14:44:00,6.34,6.34,6.34,6.34,100.0
2019-03-29 14:52:00,6.34,6.34,6.33,6.3301,4000.0
2019-03-29 14:53:00,6.33,6.33,6.33,6.33,277.0
2019-03-29 15:11:00,6.35,6.35,6.34,6.34,207.0
2019-03-29 15:25:00,6.35,6.35,6.34,6.34,201.0
2019-03-29 15:26:00,6.34,6.34,6.34,6.34,105.0
2019-03-29 15:27:00,6.34,6.34,6.33,6.33,200.0
2019-03-29 15:29:00,6.34,6.34,6.34,6.34,209.0
2019-03-29 15:39:00,6.34,6.34,6.34,6.34,100.0
2019-03-29 15:40:00,6.34,6.35,6.34,6.35,422.0
2019-03-29 15:47:00,6.33,6.33,6.33,6.33,100.0
2019-03-29 15:49:00,6.34,6.34,6.34,6.34,100.0
2019-03-29 15:51:00,6.35,6.35,6.35,6.35,311.0
2019-03-29 15:54:00,6.34,6.34,6.34,6.34,100.0
2019-03-29 15:55:00,6.34,6.34,6.34,6.34,300.0
2019-03-29 15:56:00,6.33,6.33,6.33,6.33,328.0
2019-03-29 15:59:00,6.33,6.33,6.33,6.33,100.0
2019-03-29 16:00:00,6.33,6.33,6.33,6.33,789.0
2019-04-01 09:31:00,6.35,6.35,6.35,6.35,186.0
2019-04-01 10:18:00,6.3315,6.3315,6.3315,6.3315,254.0
2019-04-01 10:42:00,6.33,6.33,6.33,6.33,305.0
2019-04-01 10:43:00,6.33,6.33,6.33,6.33,180.0
2019-04-01 10:48:00,6.35,6.35,6.35,6.35,100.0
2019-04-01 10:49:00,6.35,6.35,6.35,6.35,5176.0
2019-04-01 10:54:00,6.37,6.37,6.37,6.37,4715.0
2019-04-01 10:58:00,6.3871,6.3871,6.3871,6.3871,1562.0
2019-04-01 11:00:00,6.36,6.36,6.36,6.36,3995.0
2019-04-01 11:06:00,6.345,6.35,6.345,6.35,7182.0
2019-04-01 11:14:00,6.35,6.35,6.35,6.35,2730.0
2019-04-01 11:30:00,6.35,6.35,6.35,6.35,140.0
2019-04-01 11:41:00,6.349,6.349,6.349,6.349,215.0
2019-04-01 12:00:00,6.349,6.349,6.349,6.349,930.0
2019-04-01 12:25:00,6.345,6.345,6.345,6.345,1881.0
2019-04-01 12:31:00,6.345,6.345,6.345,6.345,205.0
2019-04-01 12:43:00,6.347,6.347,6.347,6.347,472.0
2019-04-01 13:08:00,6.345,6.3485,6.345,6.3485,1369.0
2019-04-01 13:25:00,6.345,6.345,6.345,6.345,130.0
2019-04-01 13:37:00,6.345,6.345,6.345,6.345,145.0
2019-04-01 13:54:00,6.35,6.35,6.35,6.35,2240.0
2019-04-01 14:02:00,6.345,6.345,6.345,6.345,115.0
2019-04-01 14:15:00,6.34,6.34,6.34,6.34,245.0
2019-04-01 14:34:00,6.345,6.345,6.345,6.345,400.0
2019-04-01 14:37:00,6.35,6.35,6.35,6.35,180.0
2019-04-01 15:04:00,6.34,6.34,6.34,6.34,245.0
2019-04-01 15:10:00,6.35,6.35,6.35,6.35,1316.0
2019-04-01 15:28:00,6.35,6.35,6.35,6.35,258.0
2019-04-01 15:44:00,6.34,6.34,6.34,6.34,13313.0
2019-04-01 15:46:00,6.35,6.35,6.35,6.35,3329.0
2019-04-01 15:48:00,6.35,6.35,6.35,6.35,100.0
2019-04-01 15:50:00,6.3499,6.3499,6.34,6.34,1460.0
2019-04-01 15:53:00,6.345,6.35,6.34,6.34,5520.0
2019-04-01 15:56:00,6.34,6.34,6.34,6.34,137.0
2019-04-01 15:57:00,6.34,6.34,6.34,6.34,790.0
2019-04-01 15:58:00,6.34,6.34,6.34,6.34,5957.0
2019-04-01 15:59:00,6.35,6.35,6.35,6.35,752.0
2019-04-01 16:00:00,6.34,6.34,6.34,6.34,331.0
2019-04-02 09:31:00,6.32,6.32,6.32,6.32,0.0
2019-04-02 09:49:00,6.32,6.32,6.32,6.32,266.0
2019-04-02 09:50:00,6.31,6.31,6.31,6.31,100.0
2019-04-02 09:52:00,6.31,6.31,6.31,6.31,147.0
2019-04-02 10:01:00,6.3299,6.3299,6.3299,6.3299,166.0
2019-04-02 11:13:00,6.31,6.31,6.31,6.31,834.0
2019-04-02 11:42:00,6.35,6.35,6.35,6.35,774.0
2019-04-02 11:50:00,6.35,6.35,6.35,6.35,175.0
2019-04-02 12:09:00,6.35,6.35,6.35,6.35,175.0
2019-04-02 12:56:00,6.32,6.32,6.32,6.32,100.0
2019-04-02 13:07:00,6.35,6.35,6.32,6.32,200.0
2019-04-02 14:19:00,6.35,6.35,6.35,6.35,105.0
2019-04-02 14:25:00,6.32,6.32,6.32,6.32,123.0
2019-04-02 14:50:00,6.32,6.32,6.32,6.32,100.0
2019-04-02 14:52:00,6.32,6.32,6.32,6.32,203.0
2019-04-02 15:11:00,6.32,6.32,6.32,6.32,100.0
2019-04-02 15:19:00,6.33,6.33,6.33,6.33,200.0
2019-04-02 15:20:00,6.33,6.33,6.33,6.33,200.0
2019-04-02 15:23:00,6.33,6.33,6.33,6.33,504.0
2019-04-02 15:32:00,6.32,6.32,6.32,6.32,104.0
2019-04-02 15:33:00,6.32,6.32,6.32,6.32,156.0
2019-04-02 15:34:00,6.33,6.33,6.33,6.33,202.0
2019-04-02 15:38:00,6.33,6.33,6.33,6.33,100.0
2019-04-02 15:49:00,6.33,6.33,6.33,6.33,300.0
2019-04-02 15:51:00,6.35,6.35,6.33,6.33,1200.0
2019-04-02 15:54:00,6.335,6.335,6.335,6.335,158.0
2019-04-02 15:56:00,6.35,6.35,6.35,6.35,186.0
2019-04-02 16:00:00,6.32,6.32,6.32,6.32,223.0
2019-04-03 09:31:00,6.35,6.35,6.35,6.35,0.0
2019-04-03 10:03:00,6.35,6.35,6.35,6.35,100.0
2019-04-03 10:49:00,6.35,6.35,6.35,6.35,176.0
2019-04-03 11:10:00,6.34,6.34,6.34,6.34,204.0
2019-04-03 11:51:00,6.333,6.35,6.333,6.35,1920.0
2019-04-03 12:04:00,6.35,6.35,6.35,6.35,211.0
2019-04-03 12:14:00,6.34,6.34,6.34,6.34,110.0
2019-04-03 13:15:00,6.35,6.35,6.34,6.34,2490.0
2019-04-03 13:17:00,6.34,6.34,6.34,6.34,105.0
2019-04-03 13:22:00,6.35,6.35,6.35,6.35,6000.0
2019-04-03 13:23:00,6.35,6.35,6.35,6.35,15640.0
2019-04-03 13:34:00,6.345,6.35,6.345,6.35,8540.0
2019-04-03 13:46:00,6.3466,6.3466,6.3466,6.3466,300.0
2019-04-03 13:50:00,6.35,6.35,6.35,6.35,6005.0
2019-04-03 13:53:00,6.34,6.34,6.34,6.34,100.0
2019-04-03 13:54:00,6.349,6.35,6.349,6.35,6500.0
2019-04-03 13:55:00,6.35,6.35,6.35,6.35,414.0
2019-04-03 14:24:00,6.34,6.34,6.34,6.34,116.0
2019-04-03 14:39:00,6.345,6.345,6.345,6.345,100.0
2019-04-03 14:40:00,6.349,6.35,6.349,6.35,7355.0
2019-04-03 14:43:00,6.36,6.36,6.36,6.36,104.0
2019-04-03 14:44:00,6.36,6.36,6.36,6.36,2126.0
2019-04-03 14:46:00,6.3725,6.3725,6.3725,6.3725,1742.0
2019-04-03 15:00:00,6.37,6.37,6.36,6.36,5605.0
2019-04-03 15:05:00,6.36,6.36,6.36,6.36,171.0
2019-04-03 15:44:00,6.35,6.36,6.35,6.35,5607.0
2019-04-03 15:45:00,6.35,6.35,6.35,6.35,893.0
2019-04-03 15:47:00,6.35,6.35,6.35,6.35,1810.0
2019-04-03 15:50:00,6.32,6.32,6.32,6.32,100.0
2019-04-03 15:55:00,6.36,6.36,6.36,6.36,204.0
2019-04-03 15:57:00,6.32,6.32,6.32,6.32,110.0
2019-04-03 15:59:00,6.34,6.34,6.34,6.34,203.0
2019-04-03 16:00:00,6.32,6.32,6.32,6.32,474.0
