
2019-03-20 09:31:00,21.77,21.77,21.77,21.77,0.0
2019-03-20 09:41:00,21.5,21.5,21.5,21.5,101.0
2019-03-20 09:51:00,21.5,21.5,21.5,21.5,100.0
2019-03-20 09:52:00,21.46,21.51,21.45,21.51,1105.0
2019-03-20 09:53:00,21.45,21.45,21.45,21.45,1357.0
2019-03-20 09:54:00,21.51,21.51,21.51,21.51,847.0
2019-03-20 09:57:00,21.49,21.49,21.49,21.49,100.0
2019-03-20 09:59:00,21.49,21.49,21.49,21.49,200.0
2019-03-20 10:00:00,21.49,21.49,21.49,21.49,250.0
2019-03-20 10:02:00,21.49,21.49,21.49,21.49,100.0
2019-03-20 10:04:00,21.46,21.49,21.46,21.49,300.0
2019-03-20 10:05:00,21.48,21.48,21.48,21.48,800.0
2019-03-20 10:06:00,21.48,21.48,21.46,21.46,900.0
2019-03-20 10:07:00,21.49,21.49,21.49,21.49,2000.0
2019-03-20 10:08:00,21.51,21.51,21.51,21.51,300.0
2019-03-20 10:09:00,21.515,21.515,21.515,21.515,1431.0
2019-03-20 10:10:00,21.49,21.49,21.49,21.49,399.0
2019-03-20 10:12:00,21.47,21.47,21.47,21.47,110.0
2019-03-20 10:14:00,21.46,21.46,21.46,21.46,700.0
2019-03-20 10:15:00,21.46,21.46,21.46,21.46,1200.0
2019-03-20 10:16:00,21.455,21.46,21.44,21.44,975.0
2019-03-20 10:17:00,21.48,21.48,21.48,21.48,1400.0
2019-03-20 10:18:00,21.5,21.5,21.47,21.47,3002.0
2019-03-20 10:22:00,21.47,21.47,21.47,21.47,114.0
2019-03-20 10:23:00,21.4619,21.4619,21.4619,21.4619,414.0
2019-03-20 10:25:00,21.44,21.44,21.44,21.44,175.0
2019-03-20 10:26:00,21.49,21.49,21.49,21.49,299.0
2019-03-20 10:27:00,21.47,21.47,21.47,21.47,100.0
2019-03-20 10:29:00,21.47,21.47,21.47,21.47,683.0
2019-03-20 10:30:00,21.47,21.47,21.47,21.47,1229.0
2019-03-20 10:31:00,21.47,21.47,21.47,21.47,907.0
2019-03-20 10:32:00,21.49,21.49,21.49,21.49,345.0
2019-03-20 10:35:00,21.47,21.47,21.47,21.47,200.0
2019-03-20 10:36:00,21.47,21.47,21.47,21.47,704.0
2019-03-20 10:37:00,21.47,21.47,21.47,21.47,100.0
2019-03-20 10:38:00,21.47,21.47,21.47,21.47,700.0
2019-03-20 10:39:00,21.47,21.47,21.47,21.47,1800.0
2019-03-20 10:40:00,21.47,21.47,21.47,21.47,100.0
2019-03-20 10:42:00,21.47,21.47,21.47,21.47,1312.0
2019-03-20 10:45:00,21.44,21.44,21.44,21.44,142.0
2019-03-20 10:46:00,21.43,21.43,21.43,21.43,898.0
2019-03-20 10:49:00,21.43,21.43,21.43,21.43,1140.0
2019-03-20 10:50:00,21.43,21.43,21.43,21.43,655.0
2019-03-20 10:51:00,21.4,21.4,21.4,21.4,955.0
2019-03-20 10:52:00,21.4,21.41,21.4,21.41,1774.0
2019-03-20 10:53:00,21.4,21.4,21.4,21.4,3100.0
2019-03-20 10:57:00,21.38,21.38,21.38,21.38,764.0
2019-03-20 11:00:00,21.38,21.38,21.38,21.38,756.0
2019-03-20 11:02:00,21.39,21.39,21.39,21.39,139.0
2019-03-20 11:05:00,21.36,21.36,21.36,21.36,101.0
2019-03-20 11:07:00,21.39,21.39,21.39,21.39,307.0
2019-03-20 11:08:00,21.39,21.39,21.39,21.39,231.0
2019-03-20 11:09:00,21.4,21.4,21.4,21.4,333.0
2019-03-20 11:13:00,21.38,21.38,21.38,21.38,200.0
2019-03-20 11:14:00,21.36,21.36,21.36,21.36,1408.0
2019-03-20 11:15:00,21.365,21.38,21.365,21.38,3529.0
2019-03-20 11:16:00,21.38,21.38,21.38,21.38,354.0
2019-03-20 11:19:00,21.3764,21.3764,21.3764,21.3764,117.0
2019-03-20 11:21:00,21.38,21.38,21.38,21.38,267.0
2019-03-20 11:25:00,21.35,21.35,21.35,21.35,1693.0
2019-03-20 11:27:00,21.32,21.32,21.32,21.32,100.0
2019-03-20 11:29:00,21.3,21.31,21.3,21.31,1626.0
2019-03-20 11:30:00,21.3,21.3,21.3,21.3,2126.0
2019-03-20 11:31:00,21.32,21.32,21.32,21.32,1033.0
2019-03-20 11:33:00,21.29,21.31,21.29,21.31,300.0
2019-03-20 11:34:00,21.31,21.31,21.31,21.31,500.0
2019-03-20 11:41:00,21.3,21.3,21.3,21.3,267.0
2019-03-20 11:42:00,21.3,21.3,21.3,21.3,1653.0
2019-03-20 11:44:00,21.3,21.3,21.3,21.3,500.0
2019-03-20 11:45:00,21.3,21.3,21.3,21.3,783.0
2019-03-20 11:46:00,21.31,21.31,21.31,21.31,313.0
2019-03-20 11:49:00,21.3,21.3,21.3,21.3,797.0
2019-03-20 11:54:00,21.25,21.25,21.25,21.25,2243.0
2019-03-20 11:55:00,21.25,21.25,21.25,21.25,1296.0
2019-03-20 11:56:00,21.23,21.23,21.23,21.23,1643.0
2019-03-20 11:57:00,21.2,21.2,21.2,21.2,440.0
2019-03-20 11:58:00,21.19,21.19,21.19,21.19,600.0
2019-03-20 11:59:00,21.2,21.22,21.2,21.22,508.0
2019-03-20 12:00:00,21.2,21.2,21.2,21.2,708.0
2019-03-20 12:01:00,21.22,21.22,21.22,21.22,100.0
2019-03-20 12:02:00,21.21,21.21,21.21,21.21,856.0
2019-03-20 12:03:00,21.21,21.21,21.21,21.21,1122.0
2019-03-20 12:04:00,21.25,21.25,21.25,21.25,405.0
2019-03-20 12:08:00,21.25,21.25,21.25,21.25,229.0
2019-03-20 12:09:00,21.26,21.26,21.26,21.26,591.0
2019-03-20 12:10:00,21.25,21.25,21.25,21.25,197.0
2019-03-20 12:16:00,21.24,21.24,21.24,21.24,405.0
2019-03-20 12:21:00,21.24,21.24,21.24,21.24,2263.0
2019-03-20 12:24:00,21.25,21.25,21.25,21.25,374.0
2019-03-20 12:26:00,21.26,21.27,21.26,21.27,210.0
2019-03-20 12:27:00,21.31,21.31,21.31,21.31,715.0
2019-03-20 12:30:00,21.3,21.3,21.28,21.295,648.0
2019-03-20 12:31:00,21.285,21.285,21.285,21.285,100.0
2019-03-20 12:32:00,21.275,21.275,21.275,21.275,948.0
2019-03-20 12:33:00,21.28,21.28,21.28,21.28,400.0
2019-03-20 12:35:00,21.23,21.23,21.23,21.23,759.0
2019-03-20 12:36:00,21.23,21.23,21.23,21.23,737.0
2019-03-20 12:37:00,21.24,21.24,21.24,21.24,500.0
2019-03-20 12:39:00,21.26,21.28,21.26,21.27,500.0
2019-03-20 12:40:00,21.27,21.27,21.27,21.27,700.0
2019-03-20 12:41:00,21.255,21.255,21.255,21.255,308.0
2019-03-20 12:44:00,21.2487,21.2487,21.2487,21.2487,495.0
2019-03-20 12:45:00,21.245,21.245,21.245,21.245,100.0
2019-03-20 12:47:00,21.26,21.26,21.26,21.26,100.0
2019-03-20 12:48:00,21.27,21.27,21.27,21.27,309.0
2019-03-20 12:50:00,21.24,21.24,21.24,21.24,196.0
2019-03-20 12:55:00,21.26,21.26,21.26,21.26,212.0
2019-03-20 12:56:00,21.29,21.3,21.29,21.3,301.0
2019-03-20 12:58:00,21.29,21.3,21.29,21.3,1106.0
2019-03-20 13:03:00,21.32,21.32,21.31,21.31,248.0
2019-03-20 13:10:00,21.325,21.325,21.32,21.32,200.0
2019-03-20 13:18:00,21.32,21.32,21.32,21.32,100.0
2019-03-20 13:20:00,21.34,21.34,21.32,21.32,512.0
2019-03-20 13:22:00,21.31,21.31,21.31,21.31,815.0
2019-03-20 13:27:00,21.3,21.3,21.3,21.3,159.0
2019-03-20 13:28:00,21.3,21.3,21.3,21.3,100.0
2019-03-20 13:29:00,21.3,21.3,21.3,21.3,1051.0
2019-03-20 13:31:00,21.3,21.3,21.3,21.3,696.0
2019-03-20 13:32:00,21.31,21.31,21.31,21.31,100.0
2019-03-20 13:33:00,21.31,21.31,21.31,21.31,649.0
2019-03-20 13:34:00,21.325,21.325,21.325,21.325,1416.0
2019-03-20 13:35:00,21.34,21.34,21.34,21.34,1204.0
2019-03-20 13:37:00,21.35,21.35,21.35,21.35,1253.0
2019-03-20 13:39:00,21.38,21.38,21.38,21.38,299.0
2019-03-20 13:42:00,21.35,21.35,21.345,21.345,200.0
2019-03-20 13:43:00,21.35,21.35,21.35,21.35,300.0
2019-03-20 13:46:00,21.34,21.34,21.33,21.33,343.0
2019-03-20 13:47:00,21.36,21.36,21.36,21.36,549.0
2019-03-20 13:52:00,21.36,21.36,21.36,21.36,100.0
2019-03-20 13:53:00,21.36,21.37,21.36,21.37,405.0
2019-03-20 13:54:00,21.38,21.38,21.38,21.38,525.0
2019-03-20 13:55:00,21.4,21.4,21.4,21.4,402.0
2019-03-20 13:56:00,21.42,21.42,21.42,21.42,300.0
2019-03-20 13:57:00,21.41,21.42,21.4,21.4,709.0
2019-03-20 13:58:00,21.43,21.43,21.43,21.43,909.0
2019-03-20 13:59:00,21.42,21.42,21.42,21.42,201.0
2019-03-20 14:00:00,21.4,21.4,21.4,21.4,505.0
2019-03-20 14:01:00,21.4,21.4,21.4,21.4,705.0
2019-03-20 14:02:00,21.35,21.35,21.35,21.35,2890.0
2019-03-20 14:03:00,21.34,21.34,21.34,21.34,100.0
2019-03-20 14:05:00,21.33,21.33,21.33,21.33,204.0
2019-03-20 14:06:00,21.34,21.34,21.34,21.34,560.0
2019-03-20 14:07:00,21.42,21.42,21.42,21.42,677.0
2019-03-20 14:08:00,21.37,21.37,21.37,21.37,202.0
2019-03-20 14:09:00,21.43,21.43,21.43,21.43,200.0
2019-03-20 14:12:00,21.46,21.46,21.46,21.46,320.0
2019-03-20 14:16:00,21.33,21.33,21.33,21.33,500.0
2019-03-20 14:17:00,21.35,21.35,21.35,21.35,100.0
2019-03-20 14:18:00,21.33,21.33,21.33,21.33,505.0
2019-03-20 14:20:00,21.3,21.3,21.3,21.3,800.0
2019-03-20 14:21:00,21.3,21.3,21.3,21.3,3516.0
2019-03-20 14:22:00,21.31,21.31,21.31,21.31,2521.0
2019-03-20 14:23:00,21.3,21.3,21.3,21.3,900.0
2019-03-20 14:24:00,21.3,21.3,21.25,21.25,4151.0
2019-03-20 14:26:00,21.29,21.29,21.29,21.29,100.0
2019-03-20 14:27:00,21.29,21.29,21.29,21.29,1346.0
2019-03-20 14:29:00,21.27,21.27,21.27,21.27,941.0
2019-03-20 14:33:00,21.31,21.31,21.31,21.31,1400.0
2019-03-20 14:35:00,21.29,21.29,21.29,21.29,100.0
2019-03-20 14:36:00,21.28,21.28,21.28,21.28,300.0
2019-03-20 14:38:00,21.28,21.28,21.28,21.28,434.0
2019-03-20 14:39:00,21.3,21.3,21.3,21.3,210.0
2019-03-20 14:40:00,21.31,21.31,21.31,21.31,100.0
2019-03-20 14:41:00,21.31,21.31,21.31,21.31,415.0
2019-03-20 14:42:00,21.32,21.32,21.32,21.32,597.0
2019-03-20 14:43:00,21.3,21.3,21.3,21.3,1124.0
2019-03-20 14:44:00,21.38,21.38,21.38,21.38,873.0
2019-03-20 14:45:00,21.37,21.37,21.36,21.36,585.0
2019-03-20 14:46:00,21.35,21.37,21.35,21.37,300.0
2019-03-20 14:47:00,21.38,21.38,21.38,21.38,985.0
2019-03-20 14:48:00,21.42,21.42,21.36,21.36,1281.0
2019-03-20 14:49:00,21.38,21.38,21.36,21.36,250.0
2019-03-20 14:50:00,21.39,21.39,21.39,21.39,100.0
2019-03-20 14:51:00,21.38,21.43,21.38,21.43,782.0
2019-03-20 14:52:00,21.38,21.38,21.38,21.38,200.0
2019-03-20 14:53:00,21.41,21.41,21.41,21.41,300.0
2019-03-20 14:55:00,21.37,21.37,21.37,21.37,203.0
2019-03-20 14:57:00,21.36,21.36,21.36,21.36,300.0
2019-03-20 14:59:00,21.33,21.33,21.33,21.33,270.0
2019-03-20 15:00:00,21.33,21.33,21.33,21.33,279.0
2019-03-20 15:03:00,21.41,21.41,21.38,21.38,986.0
2019-03-20 15:04:00,21.34,21.34,21.34,21.34,0.0
2019-03-20 15:05:00,21.33,21.33,21.33,21.33,1072.0
2019-03-20 15:06:00,21.33,21.33,21.33,21.33,600.0
2019-03-20 15:07:00,21.34,21.34,21.34,21.34,1000.0
2019-03-20 15:08:00,21.33,21.33,21.33,21.33,124.0
2019-03-20 15:09:00,21.34,21.34,21.34,21.34,648.0
2019-03-20 15:10:00,21.34,21.34,21.34,21.34,755.0
2019-03-20 15:13:00,21.33,21.33,21.31,21.32,1702.0
2019-03-20 15:14:00,21.33,21.33,21.33,21.33,1802.0
2019-03-20 15:15:00,21.33,21.33,21.33,21.33,605.0
2019-03-20 15:16:00,21.35,21.35,21.35,21.35,729.0
2019-03-20 15:18:00,21.33,21.33,21.32,21.32,932.0
2019-03-20 15:19:00,21.32,21.32,21.305,21.305,3114.0
2019-03-20 15:20:00,21.3,21.3,21.3,21.3,973.0
2019-03-20 15:21:00,21.31,21.31,21.3,21.3,600.0
2019-03-20 15:22:00,21.29,21.29,21.29,21.29,711.0
2019-03-20 15:23:00,21.29,21.29,21.29,21.29,1468.0
2019-03-20 15:24:00,21.3,21.3,21.3,21.3,936.0
2019-03-20 15:25:00,21.3,21.3,21.3,21.3,1200.0
2019-03-20 15:27:00,21.29,21.29,21.27,21.28,725.0
2019-03-20 15:28:00,21.28,21.28,21.28,21.28,1025.0
2019-03-20 15:29:00,21.28,21.28,21.28,21.28,1378.0
2019-03-20 15:31:00,21.28,21.28,21.28,21.28,205.0
2019-03-20 15:32:00,21.27,21.27,21.27,21.27,1334.0
2019-03-20 15:33:00,21.25,21.25,21.25,21.25,3705.0
2019-03-20 15:34:00,21.23,21.23,21.23,21.23,1912.0
2019-03-20 15:35:00,21.24,21.24,21.24,21.24,2109.0
2019-03-20 15:36:00,21.26,21.26,21.24,21.24,2881.0
2019-03-20 15:37:00,21.23,21.24,21.23,21.24,244.0
2019-03-20 15:38:00,21.23,21.24,21.23,21.24,2595.0
2019-03-20 15:39:00,21.24,21.24,21.24,21.24,2817.0
2019-03-20 15:40:00,21.22,21.22,21.22,21.22,2184.0
2019-03-20 15:42:00,21.16,21.16,21.16,21.16,393.0
2019-03-20 15:43:00,21.15,21.15,21.15,21.15,2481.0
2019-03-20 15:44:00,21.14,21.14,21.14,21.14,1633.0
2019-03-20 15:45:00,21.16,21.16,21.16,21.16,2007.0
2019-03-20 15:46:00,21.15,21.15,21.15,21.15,500.0
2019-03-20 15:47:00,21.16,21.16,21.16,21.16,940.0
2019-03-20 15:48:00,21.17,21.17,21.17,21.17,1000.0
2019-03-20 15:49:00,21.15,21.15,21.15,21.15,1010.0
2019-03-20 15:50:00,21.13,21.13,21.13,21.13,901.0
2019-03-20 15:51:00,21.15,21.15,21.15,21.15,2428.0
2019-03-20 15:52:00,21.15,21.15,21.13,21.13,3166.0
2019-03-20 15:53:00,21.13,21.13,21.13,21.13,3852.0
2019-03-20 15:54:00,21.14,21.14,21.14,21.14,2342.0
2019-03-20 15:55:00,21.12,21.12,21.12,21.12,2428.0
2019-03-20 15:56:00,21.13,21.14,21.13,21.13,10411.0
2019-03-20 15:57:00,21.13,21.13,21.13,21.13,669.0
2019-03-20 15:58:00,21.135,21.14,21.135,21.14,5791.0
2019-03-20 15:59:00,21.14,21.14,21.14,21.14,2673.0
2019-03-20 16:00:00,21.15,21.2,21.15,21.2,22172.0
2019-03-21 09:31:00,21.05,21.05,21.05,21.05,825.0
2019-03-21 09:46:00,21.0,21.0,21.0,21.0,8174.0
2019-03-21 09:47:00,21.0,21.02,20.96,21.0,4041.0
2019-03-21 09:48:00,21.0,21.0,21.0,21.0,4876.0
2019-03-21 09:49:00,21.0,21.0,21.0,21.0,600.0
2019-03-21 09:50:00,21.0,21.0,21.0,21.0,1059.0
2019-03-21 09:51:00,21.01,21.01,21.01,21.01,1622.0
2019-03-21 09:52:00,21.02,21.02,21.02,21.02,989.0
2019-03-21 09:55:00,21.05,21.05,21.05,21.05,410.0
2019-03-21 09:56:00,21.07,21.07,21.07,21.07,710.0
2019-03-21 09:58:00,21.1,21.1,21.1,21.1,100.0
2019-03-21 09:59:00,21.13,21.13,21.13,21.13,200.0
2019-03-21 10:00:00,21.11,21.11,21.11,21.11,767.0
2019-03-21 10:03:00,21.13,21.13,21.13,21.13,502.0
2019-03-21 10:07:00,21.1,21.1,21.1,21.1,238.0
2019-03-21 10:11:00,21.14,21.14,21.14,21.14,100.0
2019-03-21 10:12:00,21.15,21.15,21.15,21.15,228.0
2019-03-21 10:13:00,21.09,21.1,21.08,21.1,626.0
2019-03-21 10:14:00,21.095,21.095,21.095,21.095,1300.0
2019-03-21 10:15:00,21.12,21.12,21.12,21.12,2691.0
2019-03-21 10:16:00,21.09,21.09,21.09,21.09,1548.0
2019-03-21 10:21:00,21.11,21.11,21.11,21.11,101.0
2019-03-21 10:23:00,21.1,21.1,21.1,21.1,626.0
2019-03-21 10:24:00,21.12,21.12,21.12,21.12,374.0
2019-03-21 10:27:00,21.16,21.16,21.16,21.16,495.0
2019-03-21 10:28:00,21.2,21.2,21.2,21.2,595.0
2019-03-21 10:29:00,21.16,21.16,21.16,21.16,304.0
2019-03-21 10:36:00,21.15,21.15,21.15,21.15,627.0
2019-03-21 10:38:00,21.16,21.16,21.16,21.16,571.0
2019-03-21 10:40:00,21.2,21.2,21.2,21.2,1578.0
2019-03-21 10:42:00,21.2,21.2,21.2,21.2,3807.0
2019-03-21 10:43:00,21.16,21.16,21.16,21.16,226.0
2019-03-21 10:44:00,21.2,21.2,21.19,21.19,442.0
2019-03-21 10:46:00,21.2,21.2,21.2,21.2,543.0
2019-03-21 10:48:00,21.165,21.165,21.165,21.165,200.0
2019-03-21 10:50:00,21.16,21.16,21.16,21.16,610.0
2019-03-21 10:54:00,21.16,21.165,21.16,21.165,402.0
2019-03-21 10:55:00,21.18,21.18,21.18,21.18,1431.0
2019-03-21 10:56:00,21.21,21.21,21.21,21.21,689.0
2019-03-21 11:01:00,21.26,21.26,21.26,21.26,300.0
2019-03-21 11:03:00,21.33,21.33,21.33,21.33,200.0
2019-03-21 11:04:00,21.38,21.38,21.38,21.38,700.0
2019-03-21 11:05:00,21.38,21.38,21.38,21.38,633.0
2019-03-21 11:08:00,21.38,21.38,21.38,21.38,205.0
2019-03-21 11:11:00,21.345,21.345,21.345,21.345,100.0
2019-03-21 11:12:00,21.35,21.35,21.35,21.35,100.0
2019-03-21 11:13:00,21.35,21.35,21.35,21.35,200.0
2019-03-21 11:16:00,21.37,21.37,21.37,21.37,120.0
2019-03-21 11:18:00,21.34,21.34,21.34,21.34,539.0
2019-03-21 11:24:00,21.37,21.38,21.35,21.38,1113.0
2019-03-21 11:25:00,21.38,21.38,21.38,21.38,1713.0
2019-03-21 11:26:00,21.45,21.45,21.45,21.45,701.0
2019-03-21 11:27:00,21.47,21.47,21.47,21.47,200.0
2019-03-21 11:28:00,21.445,21.445,21.445,21.445,505.0
2019-03-21 11:29:00,21.43,21.43,21.41,21.41,547.0
2019-03-21 11:30:00,21.405,21.405,21.405,21.405,657.0
2019-03-21 11:32:00,21.37,21.37,21.37,21.37,210.0
2019-03-21 11:33:00,21.4,21.4,21.4,21.4,310.0
2019-03-21 11:36:00,21.43,21.43,21.43,21.43,100.0
2019-03-21 11:37:00,21.4,21.4,21.4,21.4,684.0
2019-03-21 11:40:00,21.4,21.4,21.4,21.4,100.0
2019-03-21 11:42:00,21.39,21.39,21.39,21.39,100.0
2019-03-21 11:43:00,21.42,21.42,21.42,21.42,410.0
2019-03-21 11:53:00,21.45,21.46,21.45,21.46,503.0
2019-03-21 11:57:00,21.47,21.475,21.47,21.475,430.0
2019-03-21 12:04:00,21.43,21.43,21.43,21.43,251.0
2019-03-21 12:09:00,21.32,21.32,21.32,21.32,310.0
2019-03-21 12:10:00,21.28,21.28,21.28,21.28,428.0
2019-03-21 12:16:00,21.255,21.255,21.255,21.255,100.0
2019-03-21 12:17:00,21.23,21.23,21.23,21.23,384.0
2019-03-21 12:20:00,21.22,21.22,21.22,21.22,803.0
2019-03-21 12:26:00,21.21,21.21,21.21,21.21,180.0
2019-03-21 12:27:00,21.2,21.2,21.2,21.2,377.0
2019-03-21 12:36:00,21.16,21.16,21.15,21.15,400.0
2019-03-21 12:43:00,21.17,21.17,21.17,21.17,727.0
2019-03-21 12:44:00,21.17,21.17,21.17,21.17,910.0
2019-03-21 12:45:00,21.14,21.14,21.14,21.14,143.0
2019-03-21 12:47:00,21.11,21.11,21.11,21.11,152.0
2019-03-21 12:51:00,21.105,21.105,21.105,21.105,200.0
2019-03-21 12:55:00,21.05,21.05,21.05,21.05,293.0
2019-03-21 13:00:00,21.055,21.055,21.055,21.055,435.0
2019-03-21 13:04:00,21.05,21.05,21.05,21.05,400.0
2019-03-21 13:08:00,21.08,21.11,21.08,21.11,1608.0
2019-03-21 13:14:00,21.12,21.12,21.12,21.12,600.0
2019-03-21 13:16:00,21.1,21.1,21.1,21.1,342.0
2019-03-21 13:20:00,21.11,21.11,21.11,21.11,100.0
2019-03-21 13:22:00,21.08,21.08,21.08,21.08,260.0
2019-03-21 13:23:00,21.07,21.07,21.07,21.07,200.0
2019-03-21 13:27:00,21.09,21.09,21.09,21.09,500.0
2019-03-21 13:28:00,21.14,21.14,21.14,21.14,343.0
2019-03-21 13:34:00,21.1,21.1,21.1,21.1,672.0
2019-03-21 13:36:00,21.07,21.07,21.07,21.07,300.0
2019-03-21 13:38:00,21.04,21.04,21.04,21.04,188.0
2019-03-21 13:39:00,21.04,21.04,21.04,21.04,484.0
2019-03-21 13:40:00,21.03,21.03,21.03,21.03,200.0
2019-03-21 13:42:00,21.07,21.07,21.07,21.07,209.0
2019-03-21 13:49:00,21.02,21.02,21.02,21.02,350.0
2019-03-21 13:52:00,21.07,21.07,21.07,21.07,550.0
2019-03-21 13:54:00,21.06,21.06,21.06,21.06,423.0
2019-03-21 13:57:00,21.04,21.04,21.04,21.04,510.0
2019-03-21 13:59:00,21.02,21.02,21.02,21.02,447.0
2019-03-21 14:02:00,21.06,21.06,21.06,21.06,400.0
2019-03-21 14:05:00,21.08,21.08,21.08,21.08,1015.0
2019-03-21 14:10:00,21.09,21.09,21.09,21.09,150.0
2019-03-21 14:12:00,21.11,21.11,21.11,21.11,250.0
2019-03-21 14:15:00,21.08,21.08,21.08,21.08,432.0
2019-03-21 14:16:00,21.06,21.06,21.06,21.06,300.0
2019-03-21 14:20:00,21.02,21.02,21.02,21.02,150.0
2019-03-21 14:23:00,21.05,21.05,21.05,21.05,1039.0
2019-03-21 14:31:00,21.045,21.045,21.045,21.045,250.0
2019-03-21 14:34:00,21.03,21.03,21.03,21.03,260.0
2019-03-21 14:37:00,21.03,21.03,21.03,21.03,465.0
2019-03-21 14:38:00,21.03,21.03,21.03,21.03,313.0
2019-03-21 14:40:00,21.04,21.04,21.04,21.04,780.0
2019-03-21 14:42:00,21.03,21.03,21.03,21.03,588.0
2019-03-21 14:49:00,21.02,21.02,21.02,21.02,651.0
2019-03-21 14:53:00,20.99,21.0,20.99,21.0,558.0
2019-03-21 14:56:00,20.96,20.96,20.96,20.96,554.0
2019-03-21 14:57:00,20.99,20.99,20.99,20.99,733.0
2019-03-21 14:59:00,20.97,20.97,20.95,20.95,1207.0
2019-03-21 15:02:00,20.93,20.93,20.93,20.93,849.0
2019-03-21 15:03:00,20.96,20.96,20.96,20.96,1089.0
2019-03-21 15:04:00,20.95,20.95,20.95,20.95,2539.0
2019-03-21 15:05:00,20.95,20.95,20.95,20.95,2397.0
2019-03-21 15:06:00,20.95,20.95,20.95,20.95,924.0
2019-03-21 15:07:00,20.945,20.95,20.945,20.95,1427.0
2019-03-21 15:08:00,20.9,20.9,20.9,20.9,1000.0
2019-03-21 15:10:00,20.89,20.89,20.87,20.87,1330.0
2019-03-21 15:12:00,20.83,20.83,20.83,20.83,558.0
2019-03-21 15:13:00,20.81,20.81,20.81,20.81,800.0
2019-03-21 15:14:00,20.81,20.81,20.81,20.81,524.0
2019-03-21 15:16:00,20.81,20.81,20.81,20.81,360.0
2019-03-21 15:17:00,20.8,20.8,20.8,20.8,167.0
2019-03-21 15:19:00,20.74,20.74,20.74,20.74,2137.0
2019-03-21 15:20:00,20.74,20.74,20.74,20.74,1478.0
2019-03-21 15:21:00,20.75,20.75,20.75,20.75,1328.0
2019-03-21 15:22:00,20.76,20.76,20.76,20.76,550.0
2019-03-21 15:25:00,20.82,20.82,20.82,20.82,810.0
2019-03-21 15:28:00,20.8,20.8,20.8,20.8,500.0
2019-03-21 15:29:00,20.78,20.78,20.78,20.78,642.0
2019-03-21 15:30:00,20.75,20.75,20.75,20.75,835.0
2019-03-21 15:31:00,20.75,20.75,20.75,20.75,660.0
2019-03-21 15:32:00,20.73,20.73,20.73,20.73,850.0
2019-03-21 15:33:00,20.73,20.73,20.73,20.73,611.0
2019-03-21 15:34:00,20.71,20.71,20.71,20.71,998.0
2019-03-21 15:35:00,20.71,20.71,20.71,20.71,531.0
2019-03-21 15:36:00,20.67,20.67,20.67,20.67,825.0
2019-03-21 15:37:00,20.67,20.67,20.67,20.67,728.0
2019-03-21 15:38:00,20.66,20.69,20.66,20.69,5731.0
2019-03-21 15:39:00,20.68,20.68,20.68,20.68,900.0
2019-03-21 15:41:00,20.7,20.7,20.7,20.7,730.0
2019-03-21 15:42:00,20.68,20.68,20.68,20.68,320.0
2019-03-21 15:43:00,20.72,20.72,20.72,20.72,1600.0
2019-03-21 15:44:00,20.745,20.745,20.745,20.745,714.0
2019-03-21 15:45:00,20.74,20.74,20.74,20.74,692.0
2019-03-21 15:46:00,20.7225,20.7225,20.7225,20.7225,1313.0
2019-03-21 15:47:00,20.72,20.72,20.7,20.7,2120.0
2019-03-21 15:48:00,20.71,20.71,20.71,20.71,1365.0
2019-03-21 15:49:00,20.7,20.7,20.7,20.7,696.0
2019-03-21 15:51:00,20.7,20.7,20.7,20.7,673.0
2019-03-21 15:52:00,20.7,20.7,20.66,20.66,4187.0
2019-03-21 15:54:00,20.65,20.65,20.65,20.65,490.0
2019-03-21 15:55:00,20.65,20.65,20.63,20.63,2614.0
2019-03-21 15:56:00,20.67,20.67,20.67,20.67,2166.0
2019-03-21 15:57:00,20.67,20.7,20.67,20.7,2702.0
2019-03-21 15:58:00,20.7,20.7,20.7,20.7,764.0
2019-03-21 15:59:00,20.7,20.7,20.7,20.7,1180.0
2019-03-21 16:00:00,20.71,20.72,20.71,20.72,3480.0
2019-03-22 09:32:00,20.5,20.5,20.5,20.5,1338.0
2019-03-22 09:33:00,20.49,20.49,20.49,20.49,200.0
2019-03-22 09:34:00,20.46,20.46,20.46,20.46,794.0
2019-03-22 09:46:00,20.44,20.44,20.42,20.42,546.0
2019-03-22 09:47:00,20.33,20.33,20.24,20.24,1060.0
2019-03-22 09:50:00,20.22,20.22,20.17,20.17,3537.0
2019-03-22 09:53:00,20.03,20.03,20.03,20.03,848.0
2019-03-22 09:55:00,20.1,20.1,20.1,20.1,100.0
2019-03-22 09:56:00,20.06,20.06,20.02,20.02,837.0
2019-03-22 09:57:00,20.05,20.08,20.05,20.08,3027.0
2019-03-22 09:58:00,20.13,20.13,20.13,20.13,104.0
2019-03-22 10:00:00,20.07,20.07,20.07,20.07,513.0
2019-03-22 10:04:00,19.89,19.89,19.89,19.89,428.0
2019-03-22 10:05:00,19.9,19.9,19.9,19.9,500.0
2019-03-22 10:06:00,19.9098,19.9098,19.9098,19.9098,625.0
2019-03-22 10:07:00,19.95,19.95,19.95,19.95,1200.0
2019-03-22 10:10:00,19.97,19.97,19.97,19.97,900.0
2019-03-22 10:13:00,19.96,19.96,19.96,19.96,360.0
2019-03-22 10:15:00,19.97,19.97,19.97,19.97,695.0
2019-03-22 10:16:00,19.91,19.91,19.91,19.91,713.0
2019-03-22 10:18:00,19.92,19.92,19.92,19.92,566.0
2019-03-22 10:20:00,19.95,19.95,19.95,19.95,100.0
2019-03-22 10:21:00,19.93,19.93,19.93,19.93,641.0
2019-03-22 10:22:00,19.86,19.86,19.86,19.86,789.0
2019-03-22 10:23:00,19.79,19.79,19.79,19.79,702.0
2019-03-22 10:24:00,19.8,19.8,19.8,19.8,1177.0
2019-03-22 10:25:00,19.75,19.75,19.75,19.75,1358.0
2019-03-22 10:26:00,19.77,19.77,19.77,19.77,870.0
2019-03-22 10:28:00,19.8,19.85,19.8,19.84,840.0
2019-03-22 10:29:00,19.8102,19.8102,19.8102,19.8102,1354.0
2019-03-22 10:30:00,19.76,19.76,19.73,19.73,1116.0
2019-03-22 10:32:00,19.78,19.78,19.78,19.78,978.0
2019-03-22 10:35:00,19.8,19.8,19.8,19.8,350.0
2019-03-22 10:36:00,19.81,19.81,19.81,19.81,391.0
2019-03-22 10:37:00,19.82,19.82,19.82,19.82,390.0
2019-03-22 10:38:00,19.92,19.92,19.92,19.92,647.0
2019-03-22 10:39:00,19.89,19.89,19.89,19.89,603.0
2019-03-22 10:40:00,19.87,19.87,19.87,19.87,435.0
2019-03-22 10:42:00,19.86,19.86,19.84,19.84,638.0
2019-03-22 10:43:00,19.82,19.82,19.82,19.82,997.0
2019-03-22 10:44:00,19.82,19.82,19.82,19.82,264.0
2019-03-22 10:45:00,19.84,19.84,19.84,19.84,1045.0
2019-03-22 10:46:00,19.85,19.85,19.85,19.85,667.0
2019-03-22 10:47:00,19.84,19.84,19.84,19.84,1246.0
2019-03-22 10:48:00,19.84,19.84,19.84,19.84,102.0
2019-03-22 10:49:00,19.84,19.84,19.84,19.84,602.0
2019-03-22 10:50:00,19.79,19.79,19.79,19.79,987.0
2019-03-22 10:54:00,19.76,19.76,19.76,19.76,202.0
2019-03-22 10:58:00,19.73,19.73,19.72,19.72,200.0
2019-03-22 10:59:00,19.71,19.71,19.71,19.71,100.0
2019-03-22 11:00:00,19.7,19.7,19.66,19.66,1586.0
2019-03-22 11:03:00,19.64,19.64,19.64,19.64,300.0
2019-03-22 11:06:00,19.64,19.64,19.64,19.64,119.0
2019-03-22 11:07:00,19.67,19.67,19.67,19.67,1329.0
2019-03-22 11:08:00,19.67,19.67,19.67,19.67,900.0
2019-03-22 11:10:00,19.65,19.65,19.65,19.65,300.0
2019-03-22 11:11:00,19.65,19.65,19.65,19.65,651.0
2019-03-22 11:15:00,19.6,19.6,19.6,19.6,658.0
2019-03-22 11:16:00,19.58,19.58,19.54,19.54,3587.0
2019-03-22 11:17:00,19.54,19.54,19.54,19.54,1508.0
2019-03-22 11:20:00,19.59,19.6,19.59,19.6,957.0
2019-03-22 11:21:00,19.62,19.62,19.62,19.62,334.0
2019-03-22 11:22:00,19.63,19.63,19.63,19.63,2367.0
2019-03-22 11:23:00,19.63,19.63,19.62,19.62,2756.0
2019-03-22 11:24:00,19.63,19.69,19.63,19.67,2511.0
2019-03-22 11:25:00,19.65,19.65,19.65,19.65,188.0
2019-03-22 11:26:00,19.635,19.65,19.635,19.65,914.0
2019-03-22 11:28:00,19.635,19.635,19.635,19.635,963.0
2019-03-22 11:29:00,19.64,19.6565,19.64,19.6565,4469.0
2019-03-22 11:30:00,19.64,19.65,19.64,19.65,9533.0
2019-03-22 11:31:00,19.645,19.645,19.645,19.645,922.0
2019-03-22 11:32:00,19.645,19.65,19.645,19.65,1505.0
2019-03-22 11:33:00,19.65,19.65,19.65,19.65,623.0
2019-03-22 11:35:00,19.64,19.64,19.64,19.64,100.0
2019-03-22 11:36:00,19.64,19.64,19.64,19.64,1957.0
2019-03-22 11:37:00,19.64,19.66,19.64,19.66,1639.0
2019-03-22 11:39:00,19.65,19.65,19.65,19.65,100.0
2019-03-22 11:40:00,19.65,19.65,19.65,19.65,791.0
2019-03-22 11:42:00,19.645,19.645,19.645,19.645,400.0
2019-03-22 11:43:00,19.64,19.64,19.64,19.64,1232.0
2019-03-22 11:44:00,19.62,19.62,19.62,19.62,191.0
2019-03-22 11:45:00,19.6,19.6,19.6,19.6,310.0
2019-03-22 11:46:00,19.6,19.6,19.6,19.6,410.0
2019-03-22 11:47:00,19.6,19.6032,19.6,19.6032,2248.0
2019-03-22 11:48:00,19.63,19.63,19.63,19.63,1132.0
2019-03-22 11:49:00,19.63,19.63,19.63,19.63,100.0
2019-03-22 11:51:00,19.6,19.6,19.6,19.6,962.0
2019-03-22 11:52:00,19.6,19.6,19.6,19.6,1199.0
2019-03-22 11:53:00,19.6,19.6,19.6,19.6,952.0
2019-03-22 11:54:00,19.61,19.61,19.61,19.61,1362.0
2019-03-22 11:55:00,19.6,19.6,19.6,19.6,427.0
2019-03-22 11:56:00,19.58,19.58,19.58,19.58,1355.0
2019-03-22 11:58:00,19.59,19.59,19.59,19.59,100.0
2019-03-22 11:59:00,19.5401,19.5401,19.5401,19.5401,660.0
2019-03-22 12:02:00,19.55,19.55,19.55,19.55,300.0
2019-03-22 12:03:00,19.57,19.57,19.57,19.57,614.0
2019-03-22 12:04:00,19.57,19.57,19.57,19.57,309.0
2019-03-22 12:06:00,19.52,19.52,19.52,19.52,100.0
2019-03-22 12:08:00,19.51,19.51,19.48,19.48,604.0
2019-03-22 12:11:00,19.46,19.46,19.46,19.46,150.0
2019-03-22 12:12:00,19.48,19.5,19.48,19.5,1566.0
2019-03-22 12:13:00,19.47,19.47,19.47,19.47,494.0
2019-03-22 12:18:00,19.48,19.48,19.48,19.48,811.0
2019-03-22 12:20:00,19.46,19.47,19.46,19.47,200.0
2019-03-22 12:21:00,19.45,19.45,19.45,19.45,700.0
2019-03-22 12:22:00,19.47,19.48,19.47,19.48,1653.0
2019-03-22 12:24:00,19.42,19.42,19.42,19.42,600.0
2019-03-22 12:25:00,19.42,19.42,19.42,19.42,900.0
2019-03-22 12:26:00,19.43,19.43,19.43,19.43,648.0
2019-03-22 12:28:00,19.41,19.41,19.41,19.41,906.0
2019-03-22 12:29:00,19.42,19.42,19.42,19.42,506.0
2019-03-22 12:31:00,19.41,19.41,19.41,19.41,396.0
2019-03-22 12:32:00,19.415,19.415,19.415,19.415,268.0
2019-03-22 12:33:00,19.43,19.43,19.43,19.43,342.0
2019-03-22 12:34:00,19.44,19.44,19.44,19.44,432.0
2019-03-22 12:37:00,19.39,19.39,19.39,19.39,100.0
2019-03-22 12:38:00,19.38,19.38,19.38,19.38,310.0
2019-03-22 12:40:00,19.39,19.41,19.39,19.41,2430.0
2019-03-22 12:45:00,19.36,19.37,19.36,19.37,400.0
2019-03-22 12:46:00,19.37,19.4,19.37,19.4,1705.0
2019-03-22 12:48:00,19.43,19.43,19.43,19.43,670.0
2019-03-22 12:50:00,19.37,19.37,19.37,19.37,100.0
2019-03-22 12:52:00,19.36,19.4,19.36,19.4,626.0
2019-03-22 12:53:00,19.39,19.39,19.39,19.39,225.0
2019-03-22 12:55:00,19.44,19.44,19.44,19.44,605.0
2019-03-22 12:56:00,19.43,19.43,19.43,19.43,800.0
2019-03-22 12:58:00,19.43,19.43,19.43,19.43,422.0
2019-03-22 12:59:00,19.44,19.44,19.44,19.44,100.0
2019-03-22 13:00:00,19.42,19.44,19.42,19.44,500.0
2019-03-22 13:02:00,19.46,19.46,19.46,19.46,356.0
2019-03-22 13:03:00,19.46,19.46,19.46,19.46,375.0
2019-03-22 13:04:00,19.5,19.5,19.5,19.5,714.0
2019-03-22 13:05:00,19.5,19.5,19.47,19.47,600.0
2019-03-22 13:06:00,19.45,19.51,19.45,19.51,3639.0
2019-03-22 13:07:00,19.5025,19.52,19.5025,19.52,3803.0
2019-03-22 13:08:00,19.53,19.55,19.53,19.55,764.0
2019-03-22 13:09:00,19.53,19.535,19.53,19.535,1366.0
2019-03-22 13:11:00,19.55,19.55,19.55,19.55,627.0
2019-03-22 13:12:00,19.55,19.56,19.55,19.56,500.0
2019-03-22 13:13:00,19.55,19.55,19.55,19.55,600.0
2019-03-22 13:14:00,19.57,19.57,19.57,19.57,303.0
2019-03-22 13:15:00,19.57,19.57,19.57,19.57,115.0
2019-03-22 13:17:00,19.57,19.57,19.57,19.57,722.0
2019-03-22 13:20:00,19.574,19.574,19.574,19.574,524.0
2019-03-22 13:21:00,19.54,19.54,19.54,19.54,824.0
2019-03-22 13:22:00,19.55,19.55,19.55,19.55,500.0
2019-03-22 13:25:00,19.54,19.55,19.54,19.55,1335.0
2019-03-22 13:26:00,19.57,19.57,19.57,19.57,424.0
2019-03-22 13:28:00,19.56,19.56,19.56,19.56,400.0
2019-03-22 13:31:00,19.59,19.59,19.59,19.59,555.0
2019-03-22 13:34:00,19.59,19.59,19.59,19.59,205.0
2019-03-22 13:35:00,19.58,19.58,19.58,19.58,505.0
2019-03-22 13:36:00,19.58,19.58,19.58,19.58,515.0
2019-03-22 13:37:00,19.58,19.58,19.58,19.58,400.0
2019-03-22 13:38:00,19.58,19.58,19.58,19.58,300.0
2019-03-22 13:39:00,19.57,19.57,19.57,19.57,800.0
2019-03-22 13:40:00,19.58,19.58,19.58,19.58,1350.0
2019-03-22 13:41:00,19.59,19.59,19.59,19.59,615.0
2019-03-22 13:43:00,19.601,19.601,19.601,19.601,298.0
2019-03-22 13:46:00,19.58,19.58,19.58,19.58,804.0
2019-03-22 13:47:00,19.58,19.58,19.58,19.58,400.0
2019-03-22 13:48:00,19.57,19.57,19.57,19.57,1400.0
2019-03-22 13:49:00,19.58,19.58,19.58,19.58,100.0
2019-03-22 13:50:00,19.58,19.58,19.58,19.58,300.0
2019-03-22 13:51:00,19.56,19.56,19.56,19.56,1000.0
2019-03-22 13:53:00,19.55,19.55,19.55,19.55,800.0
2019-03-22 13:54:00,19.54,19.555,19.54,19.555,1512.0
2019-03-22 13:55:00,19.55,19.55,19.55,19.55,301.0
2019-03-22 13:56:00,19.55,19.55,19.55,19.55,410.0
2019-03-22 13:57:00,19.55,19.55,19.55,19.55,510.0
2019-03-22 13:58:00,19.53,19.53,19.53,19.53,735.0
2019-03-22 13:59:00,19.55,19.55,19.55,19.55,504.0
2019-03-22 14:01:00,19.55,19.55,19.55,19.55,876.0
2019-03-22 14:02:00,19.55,19.55,19.55,19.55,830.0
2019-03-22 14:03:00,19.5901,19.5901,19.5901,19.5901,1503.0
2019-03-22 14:05:00,19.61,19.61,19.61,19.61,103.0
2019-03-22 14:07:00,19.62,19.62,19.62,19.62,435.0
2019-03-22 14:08:00,19.65,19.65,19.65,19.65,6340.0
2019-03-22 14:09:00,19.65,19.65,19.65,19.65,5476.0
2019-03-22 14:11:00,19.66,19.66,19.65,19.65,4907.0
2019-03-22 14:13:00,19.64,19.64,19.64,19.64,705.0
2019-03-22 14:15:00,19.63,19.63,19.63,19.63,100.0
2019-03-22 14:16:00,19.63,19.64,19.63,19.64,1587.0
2019-03-22 14:19:00,19.65,19.65,19.63,19.63,2052.0
2019-03-22 14:21:00,19.6,19.6,19.59,19.59,376.0
2019-03-22 14:22:00,19.57,19.57,19.57,19.57,572.0
2019-03-22 14:23:00,19.59,19.59,19.59,19.59,510.0
2019-03-22 14:24:00,19.59,19.59,19.59,19.59,745.0
2019-03-22 14:25:00,19.62,19.62,19.62,19.62,658.0
2019-03-22 14:26:00,19.61,19.61,19.61,19.61,590.0
2019-03-22 14:27:00,19.58,19.58,19.58,19.58,110.0
2019-03-22 14:31:00,19.55,19.55,19.54,19.54,770.0
2019-03-22 14:34:00,19.53,19.53,19.53,19.53,400.0
2019-03-22 14:35:00,19.52,19.52,19.52,19.52,584.0
2019-03-22 14:36:00,19.48,19.48,19.47,19.47,1001.0
2019-03-22 14:39:00,19.48,19.48,19.48,19.48,125.0
2019-03-22 14:41:00,19.48,19.48,19.48,19.48,865.0
2019-03-22 14:44:00,19.5,19.5,19.5,19.5,468.0
2019-03-22 14:46:00,19.47,19.47,19.47,19.47,424.0
2019-03-22 14:51:00,19.485,19.485,19.485,19.485,663.0
2019-03-22 14:52:00,19.49,19.49,19.49,19.49,521.0
2019-03-22 14:53:00,19.49,19.49,19.49,19.49,621.0
2019-03-22 14:54:00,19.49,19.49,19.47,19.47,1375.0
2019-03-22 14:56:00,19.47,19.47,19.47,19.47,310.0
2019-03-22 14:57:00,19.475,19.475,19.475,19.475,289.0
2019-03-22 14:58:00,19.46,19.46,19.45,19.45,1773.0
2019-03-22 14:59:00,19.45,19.45,19.45,19.45,345.0
2019-03-22 15:01:00,19.45,19.45,19.44,19.44,1092.0
2019-03-22 15:02:00,19.445,19.445,19.445,19.445,521.0
2019-03-22 15:03:00,19.47,19.47,19.47,19.47,1139.0
2019-03-22 15:04:00,19.45,19.45,19.45,19.45,147.0
2019-03-22 15:05:00,19.42,19.42,19.42,19.42,1245.0
2019-03-22 15:06:00,19.41,19.41,19.41,19.41,430.0
2019-03-22 15:07:00,19.41,19.41,19.41,19.41,463.0
2019-03-22 15:08:00,19.42,19.42,19.42,19.42,858.0
2019-03-22 15:10:00,19.42,19.42,19.42,19.42,333.0
2019-03-22 15:11:00,19.41,19.41,19.41,19.41,347.0
2019-03-22 15:12:00,19.41,19.41,19.41,19.41,671.0
2019-03-22 15:13:00,19.415,19.42,19.415,19.42,1142.0
2019-03-22 15:15:00,19.415,19.415,19.39,19.39,2580.0
2019-03-22 15:16:00,19.39,19.39,19.39,19.39,110.0
2019-03-22 15:17:00,19.385,19.385,19.385,19.385,372.0
2019-03-22 15:18:00,19.38,19.38,19.38,19.38,454.0
2019-03-22 15:19:00,19.36,19.36,19.36,19.36,1512.0
2019-03-22 15:20:00,19.38,19.38,19.38,19.38,816.0
2019-03-22 15:21:00,19.39,19.39,19.39,19.39,601.0
2019-03-22 15:22:00,19.39,19.39,19.39,19.39,408.0
2019-03-22 15:23:00,19.36,19.36,19.36,19.36,752.0
2019-03-22 15:24:00,19.37,19.37,19.37,19.37,557.0
2019-03-22 15:28:00,19.35,19.35,19.35,19.35,687.0
2019-03-22 15:29:00,19.335,19.335,19.335,19.335,1243.0
2019-03-22 15:30:00,19.33,19.34,19.33,19.34,22017.0
2019-03-22 15:31:00,19.34,19.35,19.34,19.35,1335.0
2019-03-22 15:32:00,19.345,19.345,19.345,19.345,687.0
2019-03-22 15:33:00,19.35,19.35,19.35,19.35,523.0
2019-03-22 15:34:00,19.35,19.35,19.35,19.35,144.0
2019-03-22 15:35:00,19.35,19.35,19.35,19.35,1407.0
2019-03-22 15:36:00,19.36,19.36,19.36,19.36,643.0
2019-03-22 15:37:00,19.36,19.36,19.35,19.35,1443.0
2019-03-22 15:38:00,19.36,19.36,19.36,19.36,1278.0
2019-03-22 15:40:00,19.35,19.35,19.34,19.34,522.0
2019-03-22 15:41:00,19.35,19.35,19.35,19.35,822.0
2019-03-22 15:42:00,19.35,19.35,19.35,19.35,907.0
2019-03-22 15:43:00,19.335,19.34,19.335,19.34,12769.0
2019-03-22 15:44:00,19.335,19.335,19.335,19.335,2629.0
2019-03-22 15:45:00,19.31,19.31,19.31,19.31,1638.0
2019-03-22 15:46:00,19.31,19.31,19.31,19.31,339.0
2019-03-22 15:47:00,19.32,19.32,19.32,19.32,1360.0
2019-03-22 15:48:00,19.31,19.31,19.31,19.31,512.0
2019-03-22 15:49:00,19.31,19.315,19.31,19.315,5219.0
2019-03-22 15:50:00,19.31,19.31,19.31,19.31,1149.0
2019-03-22 15:51:00,19.31,19.31,19.3,19.3,2504.0
2019-03-22 15:52:00,19.27,19.27,19.27,19.27,868.0
2019-03-22 15:53:00,19.26,19.26,19.26,19.26,1313.0
2019-03-22 15:54:00,19.26,19.27,19.26,19.27,3630.0
2019-03-22 15:55:00,19.27,19.28,19.27,19.28,1251.0
2019-03-22 15:56:00,19.26,19.26,19.26,19.26,2617.0
2019-03-22 15:57:00,19.26,19.26,19.26,19.26,2827.0
2019-03-22 15:58:00,19.27,19.27,19.25,19.25,2441.0
2019-03-22 15:59:00,19.26,19.26,19.24,19.24,2410.0
2019-03-22 16:00:00,19.25,19.25,19.225,19.225,3162.0
2019-03-25 09:31:00,19.24,19.24,19.24,19.24,506.0
2019-03-25 09:40:00,19.3,19.3,19.3,19.3,681.0
2019-03-25 09:42:00,19.23,19.23,19.23,19.23,228.0
2019-03-25 09:44:00,19.15,19.15,19.15,19.15,306.0
2019-03-25 09:46:00,19.21,19.21,19.21,19.21,190.0
2019-03-25 09:49:00,19.2,19.2,19.2,19.2,125.0
2019-03-25 09:50:00,19.2,19.2,19.2,19.2,400.0
2019-03-25 09:52:00,19.23,19.23,19.23,19.23,649.0
2019-03-25 09:55:00,19.195,19.195,19.195,19.195,143.0
2019-03-25 09:58:00,19.17,19.17,19.17,19.17,1751.0
2019-03-25 09:59:00,19.165,19.165,19.165,19.165,696.0
2019-03-25 10:00:00,19.145,19.145,19.145,19.145,382.0
2019-03-25 10:02:00,19.15,19.15,19.15,19.15,1062.0
2019-03-25 10:04:00,19.15,19.15,19.15,19.15,400.0
2019-03-25 10:05:00,19.12,19.12,19.12,19.12,312.0
2019-03-25 10:06:00,19.16,19.16,19.16,19.16,830.0
2019-03-25 10:07:00,19.19,19.19,19.19,19.19,448.0
2019-03-25 10:11:00,19.17,19.17,19.17,19.17,304.0
2019-03-25 10:15:00,19.13,19.13,19.13,19.13,158.0
2019-03-25 10:19:00,19.14,19.14,19.14,19.14,255.0
2019-03-25 10:24:00,19.12,19.12,19.12,19.12,1692.0
2019-03-25 10:26:00,19.17,19.17,19.17,19.17,640.0
2019-03-25 10:30:00,19.1943,19.1943,19.1943,19.1943,502.0
2019-03-25 10:33:00,19.24,19.24,19.24,19.24,192.0
2019-03-25 10:34:00,19.24,19.24,19.24,19.24,251.0
2019-03-25 10:36:00,19.21,19.21,19.21,19.21,362.0
2019-03-25 10:38:00,19.175,19.1793,19.175,19.1793,603.0
2019-03-25 10:40:00,19.22,19.22,19.22,19.22,207.0
2019-03-25 10:44:00,19.21,19.21,19.21,19.21,507.0
2019-03-25 10:45:00,19.22,19.22,19.22,19.22,429.0
2019-03-25 10:46:00,19.2,19.21,19.2,19.21,822.0
2019-03-25 10:47:00,19.22,19.22,19.22,19.22,848.0
2019-03-25 10:51:00,19.27,19.27,19.27,19.27,1007.0
2019-03-25 10:52:00,19.29,19.29,19.29,19.29,124.0
2019-03-25 10:54:00,19.34,19.34,19.34,19.34,201.0
2019-03-25 10:55:00,19.32,19.32,19.32,19.32,104.0
2019-03-25 10:59:00,19.29,19.29,19.29,19.29,101.0
2019-03-25 11:00:00,19.26,19.26,19.26,19.26,850.0
2019-03-25 11:01:00,19.3,19.3,19.3,19.3,1152.0
2019-03-25 11:02:00,19.305,19.305,19.305,19.305,600.0
2019-03-25 11:04:00,19.3,19.3,19.3,19.3,303.0
2019-03-25 11:05:00,19.3127,19.3127,19.3127,19.3127,523.0
2019-03-25 11:07:00,19.32,19.32,19.32,19.32,416.0
2019-03-25 11:08:00,19.38,19.39,19.38,19.39,2523.0
2019-03-25 11:10:00,19.37,19.37,19.37,19.37,900.0
2019-03-25 11:11:00,19.4,19.4,19.4,19.4,304.0
2019-03-25 11:12:00,19.38,19.38,19.38,19.38,919.0
2019-03-25 11:14:00,19.435,19.59,19.435,19.46,12624.0
2019-03-25 11:15:00,19.47,19.47,19.47,19.47,1000.0
2019-03-25 11:16:00,19.475,19.475,19.475,19.475,800.0
2019-03-25 11:17:00,19.51,19.54,19.51,19.54,950.0
2019-03-25 11:18:00,19.57,19.57,19.57,19.57,415.0
2019-03-25 11:20:00,19.55,19.55,19.55,19.55,165.0
2019-03-25 11:21:00,19.6,19.6,19.6,19.6,226.0
2019-03-25 11:22:00,19.62,19.62,19.62,19.62,631.0
2019-03-25 11:25:00,19.6,19.6,19.6,19.6,201.0
2019-03-25 11:26:00,19.61,19.61,19.61,19.61,300.0
2019-03-25 11:27:00,19.61,19.61,19.61,19.61,416.0
2019-03-25 11:28:00,19.65,19.65,19.65,19.65,201.0
2019-03-25 11:29:00,19.65,19.65,19.65,19.65,1503.0
2019-03-25 11:30:00,19.65,19.65,19.65,19.65,2881.0
2019-03-25 11:32:00,19.65,19.65,19.65,19.65,203.0
2019-03-25 11:34:00,19.56,19.56,19.56,19.56,301.0
2019-03-25 11:35:00,19.55,19.55,19.55,19.55,328.0
2019-03-25 11:40:00,19.49,19.49,19.49,19.49,1113.0
2019-03-25 11:44:00,19.5,19.5,19.5,19.5,418.0
2019-03-25 11:48:00,19.52,19.52,19.52,19.52,201.0
2019-03-25 11:50:00,19.46,19.46,19.46,19.46,603.0
2019-03-25 11:52:00,19.47,19.47,19.47,19.47,102.0
2019-03-25 11:55:00,19.49,19.49,19.49,19.49,123.0
2019-03-25 12:00:00,19.42,19.43,19.42,19.43,1743.0
2019-03-25 12:01:00,19.43,19.43,19.43,19.43,102.0
2019-03-25 12:05:00,19.45,19.5,19.45,19.5,408.0
2019-03-25 12:08:00,19.5,19.5,19.47,19.47,515.0
2019-03-25 12:11:00,19.46,19.46,19.46,19.46,101.0
2019-03-25 12:12:00,19.46,19.46,19.46,19.46,100.0
2019-03-25 12:14:00,19.44,19.44,19.44,19.44,115.0
2019-03-25 12:30:00,19.38,19.38,19.38,19.38,604.0
2019-03-25 12:33:00,19.37,19.37,19.36,19.36,429.0
2019-03-25 12:36:00,19.37,19.37,19.36,19.36,503.0
2019-03-25 12:41:00,19.37,19.37,19.37,19.37,438.0
2019-03-25 12:45:00,19.35,19.35,19.35,19.35,123.0
2019-03-25 12:46:00,19.34,19.34,19.34,19.34,246.0
2019-03-25 12:52:00,19.39,19.39,19.39,19.39,200.0
2019-03-25 12:53:00,19.38,19.38,19.38,19.38,372.0
2019-03-25 12:54:00,19.39,19.39,19.39,19.39,418.0
2019-03-25 12:57:00,19.4,19.4,19.4,19.4,109.0
2019-03-25 12:59:00,19.47,19.47,19.47,19.47,201.0
2019-03-25 13:01:00,19.469,19.47,19.469,19.47,611.0
2019-03-25 13:04:00,19.39,19.395,19.39,19.395,462.0
2019-03-25 13:06:00,19.36,19.36,19.36,19.36,1057.0
2019-03-25 13:07:00,19.38,19.38,19.38,19.38,570.0
2019-03-25 13:08:00,19.37,19.37,19.37,19.37,223.0
2019-03-25 13:11:00,19.4,19.4,19.4,19.4,383.0
2019-03-25 13:13:00,19.42,19.42,19.42,19.42,127.0
2019-03-25 13:16:00,19.44,19.44,19.43,19.44,1437.0
2019-03-25 13:18:00,19.43,19.43,19.43,19.43,211.0
2019-03-25 13:19:00,19.45,19.45,19.45,19.45,784.0
2019-03-25 13:25:00,19.47,19.49,19.47,19.49,205.0
2019-03-25 13:29:00,19.48,19.48,19.48,19.48,202.0
2019-03-25 13:30:00,19.45,19.45,19.45,19.45,204.0
2019-03-25 13:36:00,19.49,19.49,19.49,19.49,770.0
2019-03-25 13:39:00,19.5,19.5,19.5,19.5,202.0
2019-03-25 13:40:00,19.52,19.52,19.52,19.52,349.0
2019-03-25 13:44:00,19.48,19.48,19.48,19.48,826.0
2019-03-25 13:52:00,19.42,19.42,19.42,19.42,157.0
2019-03-25 13:54:00,19.43,19.43,19.43,19.43,111.0
2019-03-25 13:56:00,19.43,19.43,19.43,19.43,281.0
2019-03-25 13:57:00,19.42,19.42,19.42,19.42,117.0
2019-03-25 13:59:00,19.43,19.43,19.43,19.43,1319.0
2019-03-25 14:02:00,19.405,19.405,19.405,19.405,500.0
2019-03-25 14:05:00,19.38,19.38,19.38,19.38,323.0
2019-03-25 14:06:00,19.37,19.37,19.37,19.37,201.0
2019-03-25 14:08:00,19.38,19.38,19.38,19.38,522.0
2019-03-25 14:09:00,19.4,19.4,19.4,19.4,102.0
2019-03-25 14:13:00,19.4,19.4,19.4,19.4,314.0
2019-03-25 14:16:00,19.41,19.41,19.41,19.41,208.0
2019-03-25 14:17:00,19.4,19.4,19.4,19.4,401.0
2019-03-25 14:19:00,19.37,19.37,19.37,19.37,747.0
2019-03-25 14:22:00,19.37,19.37,19.37,19.37,122.0
2019-03-25 14:23:00,19.36,19.36,19.36,19.36,500.0
2019-03-25 14:25:00,19.36,19.36,19.36,19.36,712.0
2019-03-25 14:28:00,19.36,19.36,19.36,19.36,861.0
2019-03-25 14:31:00,19.38,19.395,19.38,19.395,536.0
2019-03-25 14:34:00,19.44,19.44,19.43,19.43,919.0
2019-03-25 14:38:00,19.41,19.41,19.41,19.41,203.0
2019-03-25 14:41:00,19.42,19.43,19.42,19.43,787.0
2019-03-25 14:44:00,19.49,19.49,19.49,19.49,311.0
2019-03-25 14:46:00,19.47,19.47,19.47,19.47,402.0
2019-03-25 14:49:00,19.49,19.49,19.49,19.49,303.0
2019-03-25 14:51:00,19.5,19.5,19.5,19.5,516.0
2019-03-25 14:52:00,19.47,19.47,19.47,19.47,714.0
2019-03-25 14:53:00,19.47,19.47,19.47,19.47,423.0
2019-03-25 14:57:00,19.51,19.51,19.51,19.51,301.0
2019-03-25 14:58:00,19.53,19.53,19.53,19.53,102.0
2019-03-25 14:59:00,19.53,19.53,19.53,19.53,200.0
2019-03-25 15:00:00,19.51,19.51,19.51,19.51,436.0
2019-03-25 15:01:00,19.53,19.53,19.53,19.53,304.0
2019-03-25 15:07:00,19.53,19.53,19.53,19.53,308.0
2019-03-25 15:09:00,19.55,19.55,19.55,19.55,187.0
2019-03-25 15:10:00,19.54,19.54,19.54,19.54,499.0
2019-03-25 15:14:00,19.59,19.59,19.59,19.59,101.0
2019-03-25 15:16:00,19.55,19.55,19.55,19.55,228.0
2019-03-25 15:18:00,19.56,19.56,19.53,19.53,361.0
2019-03-25 15:21:00,19.52,19.52,19.52,19.52,201.0
2019-03-25 15:23:00,19.56,19.56,19.55,19.55,1056.0
2019-03-25 15:24:00,19.57,19.57,19.57,19.57,201.0
2019-03-25 15:27:00,19.6,19.6,19.6,19.6,375.0
2019-03-25 15:29:00,19.56,19.56,19.56,19.56,446.0
2019-03-25 15:31:00,19.54,19.54,19.54,19.54,292.0
2019-03-25 15:32:00,19.5,19.5,19.5,19.5,401.0
2019-03-25 15:33:00,19.5,19.5,19.5,19.5,234.0
2019-03-25 15:38:00,19.51,19.52,19.51,19.52,678.0
2019-03-25 15:39:00,19.51,19.51,19.51,19.51,620.0
2019-03-25 15:45:00,19.51,19.51,19.51,19.51,1513.0
2019-03-25 15:46:00,19.55,19.55,19.55,19.55,401.0
2019-03-25 15:48:00,19.51,19.51,19.51,19.51,312.0
2019-03-25 15:49:00,19.49,19.49,19.49,19.49,101.0
2019-03-25 15:51:00,19.5,19.5,19.5,19.5,862.0
2019-03-25 15:52:00,19.49,19.49,19.49,19.49,381.0
2019-03-25 15:54:00,19.4985,19.4985,19.48,19.48,1365.0
2019-03-25 15:55:00,19.48,19.48,19.48,19.48,803.0
2019-03-25 15:56:00,19.47,19.47,19.47,19.47,455.0
2019-03-25 15:57:00,19.5,19.5,19.5,19.5,1279.0
2019-03-25 15:58:00,19.52,19.52,19.52,19.52,799.0
2019-03-25 15:59:00,19.5,19.5,19.5,19.5,2223.0
2019-03-25 16:00:00,19.49,19.49,19.48,19.48,1646.0
2019-03-26 09:32:00,19.65,19.65,19.65,19.65,610.0
2019-03-26 09:35:00,19.65,19.65,19.65,19.65,278.0
2019-03-26 09:38:00,19.94,19.94,19.8,19.8,1019.0
2019-03-26 09:43:00,19.69,19.69,19.69,19.69,250.0
2019-03-26 09:45:00,19.65,19.65,19.65,19.65,340.0
2019-03-26 09:46:00,19.74,19.74,19.74,19.74,255.0
2019-03-26 09:47:00,19.71,19.71,19.71,19.71,759.0
2019-03-26 09:49:00,19.65,19.65,19.65,19.65,529.0
2019-03-26 09:50:00,19.63,19.63,19.63,19.63,355.0
2019-03-26 09:52:00,19.6,19.6,19.56,19.56,761.0
2019-03-26 09:53:00,19.56,19.56,19.56,19.56,1439.0
2019-03-26 09:57:00,19.6391,19.6391,19.6391,19.6391,410.0
2019-03-26 10:00:00,19.65,19.65,19.65,19.65,100.0
2019-03-26 10:03:00,19.615,19.615,19.615,19.615,475.0
2019-03-26 10:14:00,19.65,19.65,19.65,19.65,702.0
2019-03-26 10:20:00,19.61,19.61,19.61,19.61,606.0
2019-03-26 10:28:00,19.66,19.66,19.66,19.66,333.0
2019-03-26 10:32:00,19.65,19.65,19.65,19.65,139.0
2019-03-26 10:40:00,19.665,19.665,19.665,19.665,223.0
2019-03-26 10:41:00,19.65,19.65,19.64,19.64,2725.0
2019-03-26 10:48:00,19.63,19.63,19.63,19.63,101.0
2019-03-26 10:50:00,19.68,19.68,19.67,19.67,3002.0
2019-03-26 10:52:00,19.725,19.725,19.725,19.725,715.0
2019-03-26 10:55:00,19.78,19.78,19.78,19.78,204.0
2019-03-26 10:59:00,19.75,19.75,19.75,19.75,100.0
2019-03-26 11:01:00,19.77,19.77,19.77,19.77,389.0
2019-03-26 11:04:00,19.73,19.73,19.73,19.73,208.0
2019-03-26 11:09:00,19.68,19.68,19.68,19.68,215.0
2019-03-26 11:15:00,19.66,19.66,19.66,19.66,150.0
2019-03-26 11:18:00,19.7,19.7,19.7,19.7,629.0
2019-03-26 11:33:00,19.66,19.66,19.66,19.66,276.0
2019-03-26 11:37:00,19.68,19.68,19.68,19.68,367.0
2019-03-26 11:38:00,19.71,19.71,19.71,19.71,184.0
2019-03-26 11:42:00,19.74,19.74,19.74,19.74,222.0
2019-03-26 11:44:00,19.74,19.74,19.74,19.74,115.0
2019-03-26 11:45:00,19.72,19.72,19.72,19.72,150.0
2019-03-26 11:49:00,19.675,19.675,19.675,19.675,292.0
2019-03-26 11:55:00,19.71,19.71,19.71,19.71,481.0
2019-03-26 12:01:00,19.71,19.71,19.71,19.71,440.0
2019-03-26 12:09:00,19.7,19.7,19.7,19.7,442.0
2019-03-26 12:11:00,19.75,19.75,19.75,19.75,498.0
2019-03-26 12:23:00,19.7,19.7,19.7,19.7,594.0
2019-03-26 12:29:00,19.73,19.73,19.73,19.73,182.0
2019-03-26 12:34:00,19.68,19.68,19.68,19.68,150.0
2019-03-26 12:38:00,19.72,19.72,19.72,19.72,307.0
2019-03-26 12:40:00,19.73,19.73,19.73,19.73,268.0
2019-03-26 12:44:00,19.71,19.72,19.71,19.72,1084.0
2019-03-26 12:45:00,19.74,19.74,19.74,19.74,359.0
2019-03-26 12:46:00,19.71,19.71,19.7,19.7,459.0
2019-03-26 12:50:00,19.72,19.72,19.72,19.72,550.0
2019-03-26 12:52:00,19.72,19.72,19.72,19.72,350.0
2019-03-26 12:57:00,19.73,19.73,19.73,19.73,0.0
2019-03-26 13:00:00,19.71,19.71,19.71,19.71,164.0
2019-03-26 13:02:00,19.72,19.72,19.72,19.72,205.0
2019-03-26 13:03:00,19.71,19.725,19.71,19.725,825.0
2019-03-26 13:12:00,19.73,19.73,19.73,19.73,463.0
2019-03-26 13:16:00,19.74,19.74,19.74,19.74,443.0
2019-03-26 13:21:00,19.77,19.78,19.77,19.78,588.0
2019-03-26 13:22:00,19.79,19.79,19.79,19.79,393.0
2019-03-26 13:26:00,19.8,19.8,19.8,19.8,541.0
2019-03-26 13:27:00,19.81,19.81,19.81,19.81,518.0
2019-03-26 13:28:00,19.81,19.81,19.81,19.81,500.0
2019-03-26 13:29:00,19.81,19.81,19.81,19.81,200.0
2019-03-26 13:31:00,19.75,19.75,19.75,19.75,150.0
2019-03-26 13:34:00,19.78,19.78,19.78,19.78,150.0
2019-03-26 13:37:00,19.77,19.77,19.77,19.77,116.0
2019-03-26 13:40:00,19.71,19.71,19.71,19.71,420.0
2019-03-26 13:42:00,19.735,19.735,19.735,19.735,417.0
2019-03-26 13:45:00,19.73,19.73,19.73,19.73,571.0
2019-03-26 14:01:00,19.66,19.66,19.66,19.66,535.0
2019-03-26 14:02:00,19.68,19.68,19.68,19.68,706.0
2019-03-26 14:07:00,19.68,19.68,19.68,19.68,441.0
2019-03-26 14:10:00,19.69,19.69,19.69,19.69,154.0
2019-03-26 14:11:00,19.66,19.66,19.66,19.66,357.0
2019-03-26 14:14:00,19.66,19.66,19.66,19.66,323.0
2019-03-26 14:16:00,19.69,19.69,19.69,19.69,311.0
2019-03-26 14:19:00,19.71,19.71,19.71,19.71,496.0
2019-03-26 14:20:00,19.72,19.72,19.72,19.72,374.0
2019-03-26 14:27:00,19.75,19.75,19.75,19.75,337.0
2019-03-26 14:29:00,19.735,19.735,19.735,19.735,700.0
2019-03-26 14:36:00,19.75,19.75,19.75,19.75,295.0
2019-03-26 14:38:00,19.73,19.73,19.73,19.73,576.0
2019-03-26 14:41:00,19.78,19.78,19.78,19.78,250.0
2019-03-26 14:45:00,19.79,19.79,19.79,19.79,189.0
2019-03-26 14:48:00,19.8,19.8,19.8,19.8,0.0
2019-03-26 14:50:00,19.8,19.8,19.8,19.8,580.0
2019-03-26 14:51:00,19.82,19.82,19.81,19.81,300.0
2019-03-26 14:52:00,19.83,19.83,19.83,19.83,350.0
2019-03-26 14:54:00,19.82,19.82,19.78,19.78,1512.0
2019-03-26 14:55:00,19.78,19.78,19.78,19.78,250.0
2019-03-26 14:58:00,19.81,19.82,19.81,19.82,448.0
2019-03-26 14:59:00,19.85,19.85,19.85,19.85,300.0
2019-03-26 15:02:00,19.88,19.88,19.88,19.88,209.0
2019-03-26 15:03:00,19.9,19.91,19.9,19.91,696.0
2019-03-26 15:06:00,19.83,19.83,19.83,19.83,1140.0
2019-03-26 15:14:00,19.78,19.79,19.78,19.79,1931.0
2019-03-26 15:17:00,19.76,19.79,19.76,19.79,642.0
2019-03-26 15:19:00,19.77,19.77,19.77,19.77,100.0
2019-03-26 15:21:00,19.775,19.775,19.775,19.775,172.0
2019-03-26 15:26:00,19.78,19.79,19.78,19.79,864.0
2019-03-26 15:31:00,19.75,19.75,19.75,19.75,536.0
2019-03-26 15:32:00,19.77,19.79,19.77,19.79,919.0
2019-03-26 15:34:00,19.83,19.83,19.83,19.83,412.0
2019-03-26 15:36:00,19.83,19.83,19.83,19.83,825.0
2019-03-26 15:38:00,19.845,19.845,19.845,19.845,800.0
2019-03-26 15:39:00,19.82,19.82,19.82,19.82,714.0
2019-03-26 15:40:00,19.83,19.83,19.83,19.83,221.0
2019-03-26 15:42:00,19.81,19.81,19.81,19.81,698.0
2019-03-26 15:44:00,19.81,19.81,19.81,19.81,250.0
2019-03-26 15:47:00,19.81,19.81,19.81,19.81,150.0
2019-03-26 15:48:00,19.835,19.835,19.835,19.835,506.0
2019-03-26 15:49:00,19.85,19.85,19.85,19.85,517.0
2019-03-26 15:51:00,19.8473,19.8473,19.8473,19.8473,197.0
2019-03-26 15:52:00,19.85,19.85,19.85,19.85,582.0
2019-03-26 15:53:00,19.89,19.89,19.87,19.87,1084.0
2019-03-26 15:56:00,19.87,19.87,19.87,19.87,1390.0
2019-03-26 15:57:00,19.89,19.89,19.89,19.89,779.0
2019-03-26 15:58:00,19.9,19.9,19.89,19.89,1625.0
2019-03-26 15:59:00,19.91,19.91,19.91,19.91,902.0
2019-03-26 16:00:00,19.92,19.92,19.92,19.92,1553.0
2019-03-27 09:31:00,19.92,19.92,19.92,19.92,207.0
2019-03-27 09:39:00,19.93,19.93,19.92,19.93,386.0
2019-03-27 09:40:00,19.93,19.93,19.93,19.93,121.0
2019-03-27 09:41:00,19.84,19.96,19.84,19.96,424.0
2019-03-27 09:44:00,19.9171,19.9171,19.9171,19.9171,305.0
2019-03-27 09:46:00,19.905,19.905,19.905,19.905,231.0
2019-03-27 09:53:00,19.825,19.825,19.76,19.765,886.0
2019-03-27 09:58:00,19.71,19.71,19.71,19.71,100.0
2019-03-27 10:00:00,19.69,19.69,19.69,19.69,206.0
2019-03-27 10:07:00,19.73,19.73,19.73,19.73,120.0
2019-03-27 10:08:00,19.755,19.755,19.755,19.755,500.0
2019-03-27 10:09:00,19.73,19.73,19.73,19.73,300.0
2019-03-27 10:11:00,19.73,19.73,19.73,19.73,606.0
2019-03-27 10:13:00,19.795,19.795,19.795,19.795,100.0
2019-03-27 10:14:00,19.77,19.78,19.77,19.78,463.0
2019-03-27 10:18:00,19.83,19.83,19.83,19.83,111.0
2019-03-27 10:24:00,19.8599,19.8599,19.8599,19.8599,303.0
2019-03-27 10:25:00,19.83,19.83,19.81,19.81,610.0
2019-03-27 10:28:00,19.84,19.84,19.84,19.84,201.0
2019-03-27 10:33:00,19.85,19.85,19.85,19.85,100.0
2019-03-27 10:36:00,19.88,19.88,19.88,19.88,194.0
2019-03-27 10:41:00,19.77,19.77,19.77,19.77,105.0
2019-03-27 10:47:00,19.79,19.81,19.79,19.81,280.0
2019-03-27 10:51:00,19.795,19.795,19.795,19.795,400.0
2019-03-27 10:52:00,19.79,19.79,19.79,19.79,124.0
2019-03-27 10:56:00,19.81,19.81,19.81,19.81,100.0
2019-03-27 10:58:00,19.8,19.8,19.8,19.8,100.0
2019-03-27 11:00:00,19.82,19.82,19.82,19.82,231.0
2019-03-27 11:03:00,19.8,19.8,19.8,19.8,211.0
2019-03-27 11:07:00,19.81,19.81,19.81,19.81,141.0
2019-03-27 11:08:00,19.85,19.85,19.85,19.85,112.0
2019-03-27 11:16:00,19.84,19.84,19.84,19.84,200.0
2019-03-27 11:17:00,19.8065,19.8065,19.8065,19.8065,259.0
2019-03-27 11:20:00,19.82,19.82,19.82,19.82,300.0
2019-03-27 11:23:00,19.845,19.845,19.845,19.845,314.0
2019-03-27 11:26:00,19.88,19.88,19.88,19.88,227.0
2019-03-27 11:29:00,19.865,19.865,19.85,19.85,510.0
2019-03-27 11:30:00,19.81,19.81,19.81,19.81,136.0
2019-03-27 11:32:00,19.83,19.83,19.83,19.83,100.0
2019-03-27 11:33:00,19.85,19.85,19.85,19.85,209.0
2019-03-27 11:35:00,19.83,19.83,19.79,19.79,1221.0
2019-03-27 11:36:00,19.79,19.79,19.79,19.79,134.0
2019-03-27 11:38:00,19.79,19.79,19.78,19.78,408.0
2019-03-27 11:40:00,19.79,19.79,19.79,19.79,210.0
2019-03-27 11:41:00,19.8,19.82,19.8,19.82,445.0
2019-03-27 11:43:00,19.8,19.82,19.8,19.82,300.0
2019-03-27 11:44:00,19.83,19.83,19.79,19.79,311.0
2019-03-27 11:47:00,19.77,19.77,19.77,19.77,300.0
2019-03-27 11:48:00,19.77,19.775,19.77,19.775,824.0
2019-03-27 11:53:00,19.76,19.76,19.76,19.76,104.0
2019-03-27 11:57:00,19.81,19.81,19.81,19.81,598.0
2019-03-27 11:58:00,19.81,19.81,19.81,19.81,217.0
2019-03-27 12:05:00,19.83,19.83,19.83,19.83,210.0
2019-03-27 12:06:00,19.85,19.85,19.85,19.85,438.0
2019-03-27 12:12:00,19.85,19.85,19.85,19.85,267.0
2019-03-27 12:16:00,19.85,19.85,19.85,19.85,204.0
2019-03-27 12:21:00,19.86,19.86,19.86,19.86,478.0
2019-03-27 12:22:00,19.88,19.88,19.88,19.88,200.0
2019-03-27 12:23:00,19.89,19.919,19.89,19.919,463.0
2019-03-27 12:24:00,19.88,19.88,19.88,19.88,288.0
2019-03-27 12:27:00,19.93,19.93,19.93,19.93,300.0
2019-03-27 12:32:00,19.959,19.96,19.95,19.9574,1270.0
2019-03-27 12:33:00,19.95,19.95,19.95,19.95,384.0
2019-03-27 12:34:00,19.96,19.96,19.96,19.96,308.0
2019-03-27 12:41:00,19.965,19.965,19.95,19.96,451.0
2019-03-27 12:42:00,19.96,19.96,19.96,19.96,100.0
2019-03-27 12:43:00,19.97,19.97,19.95,19.95,228.0
2019-03-27 12:44:00,19.97,19.97,19.97,19.97,100.0
2019-03-27 12:45:00,19.97,19.98,19.97,19.98,307.0
2019-03-27 12:46:00,19.98,19.98,19.98,19.98,302.0
2019-03-27 12:47:00,19.99,19.99,19.98,19.98,300.0
2019-03-27 12:48:00,19.965,19.965,19.965,19.965,100.0
2019-03-27 12:50:00,19.96,19.96,19.96,19.96,203.0
2019-03-27 12:52:00,19.99,19.99,19.99,19.99,100.0
2019-03-27 12:53:00,19.97,20.0,19.97,20.0,1547.0
2019-03-27 12:54:00,19.98,19.98,19.97,19.97,473.0
2019-03-27 12:55:00,19.96,19.97,19.96,19.97,206.0
2019-03-27 12:57:00,19.96,19.96,19.96,19.96,100.0
2019-03-27 12:59:00,19.965,19.965,19.96,19.96,404.0
2019-03-27 13:00:00,19.95,19.95,19.95,19.95,281.0
2019-03-27 13:03:00,19.93,19.94,19.93,19.94,399.0
2019-03-27 13:09:00,19.95,19.95,19.94,19.94,230.0
2019-03-27 13:10:00,19.93,19.93,19.93,19.93,124.0
2019-03-27 13:11:00,19.935,19.935,19.935,19.935,134.0
2019-03-27 13:12:00,19.955,19.955,19.955,19.955,102.0
2019-03-27 13:13:00,19.96,19.96,19.96,19.96,100.0
2019-03-27 13:14:00,19.9611,19.98,19.9611,19.98,549.0
2019-03-27 13:15:00,20.0,20.0,19.99,19.99,1327.0
2019-03-27 13:17:00,20.0,20.0,19.995,19.995,844.0
2019-03-27 13:19:00,19.98,19.98,19.98,19.98,200.0
2019-03-27 13:20:00,19.95,19.95,19.95,19.95,100.0
2019-03-27 13:21:00,19.9653,19.97,19.9653,19.97,690.0
2019-03-27 13:22:00,19.98,19.98,19.98,19.98,505.0
2019-03-27 13:23:00,19.98,19.98,19.98,19.98,100.0
2019-03-27 13:27:00,20.0,20.0,20.0,20.0,202.0
2019-03-27 13:31:00,20.0,20.0,20.0,20.0,100.0
2019-03-27 13:32:00,19.99,19.99,19.98,19.98,415.0
2019-03-27 13:34:00,19.975,19.975,19.975,19.975,900.0
2019-03-27 13:35:00,19.97,19.97,19.97,19.97,105.0
2019-03-27 13:39:00,19.97,19.97,19.97,19.97,115.0
2019-03-27 13:40:00,19.97,19.97,19.96,19.96,320.0
2019-03-27 13:43:00,20.0,20.0,20.0,20.0,700.0
2019-03-27 13:45:00,20.0,20.0,19.995,20.0,403.0
2019-03-27 13:46:00,20.0,20.0,19.99,20.0,1585.0
2019-03-27 13:47:00,19.99,19.99,19.99,19.99,294.0
2019-03-27 13:48:00,19.985,19.985,19.975,19.975,300.0
2019-03-27 13:52:00,19.99,19.99,19.99,19.99,103.0
2019-03-27 13:53:00,20.0,20.0,19.99,19.99,1689.0
2019-03-27 13:54:00,19.995,19.995,19.995,19.995,348.0
2019-03-27 13:56:00,20.0,20.0,20.0,20.0,200.0
2019-03-27 13:57:00,19.99,19.99,19.99,19.99,148.0
2019-03-27 14:00:00,19.98,19.99,19.98,19.99,496.0
2019-03-27 14:02:00,19.99,19.99,19.99,19.99,501.0
2019-03-27 14:05:00,20.0,20.0,20.0,20.0,704.0
2019-03-27 14:06:00,19.995,19.995,19.995,19.995,100.0
2019-03-27 14:07:00,19.99,19.99,19.99,19.99,100.0
2019-03-27 14:08:00,20.0,20.0,20.0,20.0,310.0
2019-03-27 14:09:00,20.0,20.0,20.0,20.0,115.0
2019-03-27 14:10:00,20.0,20.0,20.0,20.0,304.0
2019-03-27 14:12:00,20.0,20.0,20.0,20.0,545.0
2019-03-27 14:13:00,20.04,20.04,20.03,20.03,305.0
2019-03-27 14:14:00,20.05,20.05,20.05,20.05,200.0
2019-03-27 14:15:00,20.055,20.055,20.055,20.055,100.0
2019-03-27 14:17:00,20.055,20.055,20.055,20.055,600.0
2019-03-27 14:18:00,20.055,20.055,20.055,20.055,100.0
2019-03-27 14:19:00,20.05,20.055,20.05,20.05,500.0
2019-03-27 14:20:00,20.05,20.05,20.05,20.05,105.0
2019-03-27 14:22:00,20.05,20.05,20.04,20.04,403.0
2019-03-27 14:23:00,20.02,20.02,20.02,20.02,100.0
2019-03-27 14:27:00,20.03,20.03,20.03,20.03,1302.0
2019-03-27 14:29:00,20.03,20.03,20.03,20.03,905.0
2019-03-27 14:30:00,20.03,20.03,20.03,20.03,1408.0
2019-03-27 14:31:00,20.025,20.03,20.025,20.03,700.0
2019-03-27 14:33:00,20.03,20.03,20.02,20.025,463.0
2019-03-27 14:34:00,20.025,20.025,20.025,20.025,200.0
2019-03-27 14:35:00,20.02,20.02,20.02,20.02,500.0
2019-03-27 14:36:00,20.02,20.02,20.02,20.02,456.0
2019-03-27 14:37:00,20.025,20.025,20.025,20.025,110.0
2019-03-27 14:39:00,20.02,20.02,20.01,20.01,805.0
2019-03-27 14:40:00,20.01,20.015,20.01,20.015,234.0
2019-03-27 14:44:00,20.02,20.02,20.02,20.02,223.0
2019-03-27 14:45:00,20.02,20.02,20.015,20.015,320.0
2019-03-27 14:46:00,20.01,20.02,20.01,20.02,575.0
2019-03-27 14:47:00,20.02,20.02,20.015,20.015,320.0
2019-03-27 14:48:00,20.01,20.01,20.01,20.01,110.0
2019-03-27 14:49:00,20.015,20.015,20.015,20.015,172.0
2019-03-27 14:51:00,20.03,20.03,20.03,20.03,111.0
2019-03-27 14:53:00,20.0203,20.0203,20.0203,20.0203,409.0
2019-03-27 14:54:00,20.02,20.02,20.02,20.02,302.0
2019-03-27 14:55:00,20.02,20.02,20.02,20.02,395.0
2019-03-27 14:56:00,20.01,20.02,20.01,20.02,445.0
2019-03-27 14:58:00,20.015,20.015,20.01,20.01,819.0
2019-03-27 14:59:00,20.015,20.015,20.015,20.015,308.0
2019-03-27 15:01:00,20.02,20.02,20.01,20.01,241.0
2019-03-27 15:02:00,20.015,20.015,20.015,20.015,137.0
2019-03-27 15:03:00,20.02,20.02,20.02,20.02,111.0
2019-03-27 15:04:00,20.02,20.02,20.02,20.02,236.0
2019-03-27 15:05:00,20.02,20.03,20.02,20.03,551.0
2019-03-27 15:07:00,20.03,20.03,20.03,20.03,1428.0
2019-03-27 15:08:00,20.02,20.025,20.02,20.02,849.0
2019-03-27 15:09:00,20.015,20.015,20.015,20.015,394.0
2019-03-27 15:11:00,20.02,20.02,20.02,20.02,3345.0
2019-03-27 15:12:00,20.025,20.04,20.025,20.04,516.0
2019-03-27 15:14:00,20.05,20.05,20.05,20.05,100.0
2019-03-27 15:15:00,20.05,20.05,20.05,20.05,400.0
2019-03-27 15:16:00,20.06,20.06,20.06,20.06,100.0
2019-03-27 15:17:00,20.065,20.065,20.065,20.065,304.0
2019-03-27 15:18:00,20.06,20.06,20.06,20.06,399.0
2019-03-27 15:19:00,20.08,20.08,20.08,20.08,100.0
2019-03-27 15:20:00,20.08,20.08,20.08,20.08,156.0
2019-03-27 15:21:00,20.08,20.1,20.08,20.1,413.0
2019-03-27 15:22:00,20.1,20.11,20.09,20.11,500.0
2019-03-27 15:23:00,20.11,20.12,20.11,20.12,292.0
2019-03-27 15:24:00,20.125,20.125,20.125,20.125,104.0
2019-03-27 15:25:00,20.14,20.14,20.135,20.135,200.0
2019-03-27 15:26:00,20.135,20.135,20.13,20.13,600.0
2019-03-27 15:27:00,20.14,20.14,20.14,20.14,145.0
2019-03-27 15:28:00,20.14,20.16,20.14,20.16,349.0
2019-03-27 15:29:00,20.16,20.17,20.16,20.17,509.0
2019-03-27 15:30:00,20.17,20.19,20.17,20.19,819.0
2019-03-27 15:31:00,20.19,20.22,20.19,20.22,463.0
2019-03-27 15:32:00,20.23,20.23,20.21,20.21,980.0
2019-03-27 15:33:00,20.22,20.22,20.22,20.22,379.0
2019-03-27 15:34:00,20.2,20.22,20.19,20.19,508.0
2019-03-27 15:35:00,20.18,20.2,20.18,20.2,398.0
2019-03-27 15:36:00,20.17,20.17,20.17,20.17,571.0
2019-03-27 15:38:00,20.16,20.16,20.16,20.16,410.0
2019-03-27 15:39:00,20.16,20.16,20.155,20.155,391.0
2019-03-27 15:40:00,20.16,20.16,20.16,20.16,418.0
2019-03-27 15:42:00,20.18,20.18,20.165,20.165,343.0
2019-03-27 15:43:00,20.18,20.18,20.18,20.18,100.0
2019-03-27 15:44:00,20.18,20.18,20.175,20.18,540.0
2019-03-27 15:45:00,20.18,20.18,20.16,20.16,407.0
2019-03-27 15:47:00,20.18,20.18,20.18,20.18,220.0
2019-03-27 15:48:00,20.18,20.18,20.18,20.18,355.0
2019-03-27 15:49:00,20.18,20.18,20.16,20.18,502.0
2019-03-27 15:50:00,20.175,20.18,20.175,20.18,1135.0
2019-03-27 15:51:00,20.18,20.18,20.17,20.17,622.0
2019-03-27 15:52:00,20.18,20.19,20.17,20.19,655.0
2019-03-27 15:53:00,20.18,20.18,20.175,20.175,405.0
2019-03-27 15:54:00,20.13,20.13,20.1,20.12,627.0
2019-03-27 15:55:00,20.12,20.13,20.12,20.13,400.0
2019-03-27 15:56:00,20.12,20.13,20.12,20.13,1583.0
2019-03-27 15:57:00,20.14,20.15,20.13,20.13,1697.0
2019-03-27 15:58:00,20.15,20.17,20.15,20.16,1125.0
2019-03-27 15:59:00,20.16,20.17,20.14,20.14,3053.0
2019-03-27 16:00:00,20.16,20.17,20.13,20.13,2128.0
2019-03-28 09:31:00,20.16,20.16,20.16,20.16,155.0
2019-03-28 09:33:00,20.0,20.09,19.97,20.09,607.0
2019-03-28 09:41:00,20.15,20.15,20.15,20.15,273.0
2019-03-28 09:43:00,20.27,20.28,20.27,20.27,400.0
2019-03-28 09:45:00,20.14,20.14,20.14,20.14,191.0
2019-03-28 09:48:00,20.22,20.22,20.22,20.22,546.0
2019-03-28 09:59:00,20.22,20.26,20.22,20.26,383.0
2019-03-28 10:20:00,20.23,20.27,20.23,20.27,386.0
2019-03-28 10:22:00,20.29,20.29,20.29,20.29,372.0
2019-03-28 10:24:00,20.3,20.3,20.3,20.3,106.0
2019-03-28 10:25:00,20.255,20.255,20.255,20.255,103.0
2019-03-28 10:26:00,20.27,20.27,20.27,20.27,100.0
2019-03-28 10:27:00,20.27,20.27,20.27,20.27,209.0
2019-03-28 10:31:00,20.27,20.27,20.23,20.27,514.0
2019-03-28 10:33:00,20.3,20.3,20.3,20.3,198.0
2019-03-28 10:34:00,20.3,20.3,20.3,20.3,108.0
2019-03-28 10:38:00,20.3,20.3,20.3,20.3,559.0
2019-03-28 10:40:00,20.33,20.34,20.33,20.34,209.0
2019-03-28 10:43:00,20.325,20.36,20.32,20.36,770.0
2019-03-28 10:45:00,20.36,20.36,20.36,20.36,203.0
2019-03-28 10:46:00,20.37,20.37,20.37,20.37,142.0
2019-03-28 10:51:00,20.365,20.37,20.365,20.37,406.0
2019-03-28 10:55:00,20.355,20.355,20.355,20.355,108.0
2019-03-28 10:58:00,20.34,20.34,20.34,20.34,200.0
2019-03-28 11:00:00,20.38,20.43,20.38,20.43,1062.0
2019-03-28 11:06:00,20.28,20.28,20.28,20.28,100.0
2019-03-28 11:07:00,20.235,20.235,20.235,20.235,102.0
2019-03-28 11:08:00,20.29,20.29,20.29,20.29,731.0
2019-03-28 11:23:00,20.2,20.25,20.2,20.25,954.0
2019-03-28 11:27:00,20.18,20.18,20.18,20.18,207.0
2019-03-28 11:30:00,20.16,20.16,20.16,20.16,317.0
2019-03-28 11:37:00,20.15,20.15,20.15,20.15,212.0
2019-03-28 11:42:00,20.08,20.09,20.06,20.09,424.0
2019-03-28 11:44:00,20.09,20.09,20.09,20.09,122.0
2019-03-28 11:46:00,20.14,20.16,20.14,20.16,221.0
2019-03-28 11:47:00,20.13,20.13,20.13,20.13,102.0
2019-03-28 11:48:00,20.13,20.13,20.1197,20.1197,249.0
2019-03-28 11:51:00,20.18,20.18,20.18,20.18,452.0
2019-03-28 11:59:00,20.16,20.16,20.16,20.16,158.0
2019-03-28 12:01:00,20.17,20.17,20.17,20.17,697.0
2019-03-28 12:05:00,20.1,20.1,20.1,20.1,108.0
2019-03-28 12:08:00,20.12,20.12,20.06,20.06,696.0
2019-03-28 12:09:00,20.06,20.06,20.06,20.06,400.0
2019-03-28 12:10:00,20.06,20.06,20.06,20.06,209.0
2019-03-28 12:14:00,20.01,20.01,20.01,20.01,210.0
2019-03-28 12:16:00,20.03,20.04,20.03,20.04,300.0
2019-03-28 12:17:00,20.04,20.04,20.04,20.04,302.0
2019-03-28 12:19:00,20.07,20.07,20.07,20.07,511.0
2019-03-28 12:23:00,20.06,20.06,20.06,20.06,232.0
2019-03-28 12:35:00,20.05,20.05,20.05,20.05,874.0
2019-03-28 12:46:00,20.085,20.085,20.085,20.085,103.0
2019-03-28 12:47:00,20.06,20.06,20.06,20.06,392.0
2019-03-28 12:55:00,20.11,20.14,20.11,20.13,441.0
2019-03-28 13:02:00,20.14,20.18,20.14,20.18,500.0
2019-03-28 13:06:00,20.17,20.17,20.17,20.17,105.0
2019-03-28 13:07:00,20.13,20.13,20.13,20.13,102.0
2019-03-28 13:09:00,20.16,20.16,20.16,20.16,223.0
2019-03-28 13:14:00,20.21,20.21,20.21,20.21,153.0
2019-03-28 13:19:00,20.21,20.21,20.21,20.21,247.0
2019-03-28 13:21:00,20.19,20.19,20.19,20.19,325.0
2019-03-28 13:24:00,20.22,20.22,20.21,20.22,333.0
2019-03-28 13:26:00,20.2,20.2,20.2,20.2,102.0
2019-03-28 13:27:00,20.18,20.18,20.18,20.18,203.0
2019-03-28 13:28:00,20.19,20.19,20.19,20.19,205.0
2019-03-28 13:30:00,20.2,20.21,20.2,20.21,309.0
2019-03-28 13:34:00,20.23,20.23,20.23,20.23,102.0
2019-03-28 13:35:00,20.225,20.225,20.225,20.225,105.0
2019-03-28 13:37:00,20.22,20.22,20.2,20.2,207.0
2019-03-28 13:40:00,20.18,20.18,20.18,20.18,104.0
2019-03-28 13:42:00,20.16,20.16,20.16,20.16,106.0
2019-03-28 13:43:00,20.16,20.16,20.16,20.16,281.0
2019-03-28 13:44:00,20.16,20.16,20.16,20.16,102.0
2019-03-28 13:45:00,20.18,20.18,20.18,20.18,103.0
2019-03-28 13:46:00,20.17,20.17,20.17,20.17,102.0
2019-03-28 13:47:00,20.19,20.19,20.19,20.19,111.0
2019-03-28 13:50:00,20.17,20.17,20.15,20.15,300.0
2019-03-28 13:51:00,20.18,20.19,20.18,20.18,508.0
2019-03-28 13:54:00,20.22,20.23,20.22,20.23,499.0
2019-03-28 13:57:00,20.24,20.24,20.24,20.24,112.0
2019-03-28 13:58:00,20.25,20.25,20.22,20.22,525.0
2019-03-28 14:00:00,20.23,20.23,20.23,20.23,8.0
2019-03-28 14:11:00,20.22,20.22,20.22,20.22,100.0
2019-03-28 14:12:00,20.22,20.22,20.22,20.22,190.0
2019-03-28 14:13:00,20.24,20.25,20.24,20.24,423.0
2019-03-28 14:16:00,20.24,20.24,20.24,20.24,323.0
2019-03-28 14:18:00,20.23,20.24,20.23,20.24,602.0
2019-03-28 14:21:00,20.22,20.22,20.22,20.22,100.0
2019-03-28 14:23:00,20.23,20.23,20.23,20.23,100.0
2019-03-28 14:26:00,20.24,20.24,20.24,20.24,100.0
2019-03-28 14:31:00,20.22,20.22,20.2,20.2,245.0
2019-03-28 14:36:00,20.2,20.2,20.2,20.2,100.0
2019-03-28 14:38:00,20.2,20.2,20.2,20.2,405.0
2019-03-28 14:41:00,20.19,20.19,20.19,20.19,100.0
2019-03-28 14:42:00,20.21,20.22,20.21,20.21,500.0
2019-03-28 14:48:00,20.22,20.22,20.22,20.22,200.0
2019-03-28 14:51:00,20.18,20.18,20.18,20.18,205.0
2019-03-28 14:52:00,20.19,20.19,20.19,20.19,351.0
2019-03-28 14:53:00,20.18,20.18,20.18,20.18,100.0
2019-03-28 14:54:00,20.19,20.19,20.19,20.19,279.0
2019-03-28 15:01:00,20.19,20.19,20.16,20.16,200.0
2019-03-28 15:02:00,20.19,20.21,20.19,20.21,623.0
2019-03-28 15:05:00,20.25,20.25,20.25,20.25,100.0
2019-03-28 15:06:00,20.25,20.27,20.25,20.27,300.0
2019-03-28 15:07:00,20.25,20.25,20.25,20.25,112.0
2019-03-28 15:10:00,20.245,20.245,20.23,20.23,200.0
2019-03-28 15:11:00,20.24,20.25,20.24,20.25,354.0
2019-03-28 15:12:00,20.24,20.24,20.24,20.24,100.0
2019-03-28 15:15:00,20.24,20.24,20.24,20.24,100.0
2019-03-28 15:16:00,20.255,20.255,20.255,20.255,100.0
2019-03-28 15:20:00,20.26,20.26,20.25,20.25,380.0
2019-03-28 15:24:00,20.26,20.26,20.26,20.26,100.0
2019-03-28 15:25:00,20.25,20.25,20.25,20.25,100.0
2019-03-28 15:26:00,20.265,20.28,20.265,20.28,200.0
2019-03-28 15:29:00,20.28,20.28,20.28,20.28,100.0
2019-03-28 15:30:00,20.27,20.28,20.265,20.28,536.0
2019-03-28 15:32:00,20.25,20.25,20.25,20.25,100.0
2019-03-28 15:33:00,20.28,20.28,20.28,20.28,100.0
2019-03-28 15:34:00,20.28,20.28,20.28,20.28,396.0
2019-03-28 15:35:00,20.2932,20.2932,20.2932,20.2932,166.0
2019-03-28 15:39:00,20.295,20.295,20.28,20.28,429.0
2019-03-28 15:40:00,20.27,20.27,20.27,20.27,100.0
2019-03-28 15:42:00,20.29,20.29,20.29,20.29,200.0
2019-03-28 15:43:00,20.28,20.28,20.28,20.28,149.0
2019-03-28 15:44:00,20.3,20.31,20.29,20.29,1207.0
2019-03-28 15:47:00,20.31,20.31,20.31,20.31,100.0
2019-03-28 15:48:00,20.3,20.3,20.3,20.3,645.0
2019-03-28 15:49:00,20.3,20.3,20.29,20.29,600.0
2019-03-28 15:51:00,20.27,20.27,20.27,20.27,100.0
2019-03-28 15:52:00,20.27,20.27,20.27,20.27,100.0
2019-03-28 15:53:00,20.26,20.27,20.26,20.27,605.0
2019-03-28 15:54:00,20.28,20.28,20.28,20.28,300.0
2019-03-28 15:55:00,20.29,20.3,20.29,20.29,300.0
2019-03-28 15:56:00,20.3,20.3,20.26,20.26,1830.0
2019-03-28 15:57:00,20.28,20.29,20.26,20.26,1450.0
2019-03-28 15:58:00,20.28,20.31,20.27,20.31,1026.0
2019-03-28 15:59:00,20.3,20.3,20.3,20.3,191.0
2019-03-28 16:00:00,20.32,20.32,20.3,20.32,1671.0
2019-03-29 09:31:00,20.45,20.45,20.45,20.45,275.0
2019-03-29 09:32:00,20.5,20.5,20.5,20.5,376.0
2019-03-29 09:33:00,20.46,20.46,20.46,20.46,345.0
2019-03-29 09:39:00,20.24,20.24,20.24,20.24,160.0
2019-03-29 09:41:00,20.22,20.22,20.22,20.22,481.0
2019-03-29 09:42:00,20.28,20.28,20.28,20.28,470.0
2019-03-29 09:51:00,20.32,20.32,20.32,20.32,118.0
2019-03-29 09:52:00,20.33,20.33,20.33,20.33,106.0
2019-03-29 09:54:00,20.35,20.35,20.35,20.35,109.0
2019-03-29 10:03:00,20.47,20.47,20.47,20.47,200.0
2019-03-29 10:06:00,20.46,20.46,20.46,20.46,205.0
2019-03-29 10:12:00,20.435,20.435,20.4,20.4,718.0
2019-03-29 10:15:00,20.41,20.41,20.41,20.41,100.0
2019-03-29 10:16:00,20.44,20.44,20.42,20.42,805.0
2019-03-29 10:20:00,20.42,20.42,20.39,20.39,505.0
2019-03-29 10:22:00,20.36,20.36,20.36,20.36,108.0
2019-03-29 10:26:00,20.3613,20.39,20.3613,20.39,726.0
2019-03-29 10:27:00,20.38,20.38,20.38,20.38,309.0
2019-03-29 10:39:00,20.48,20.48,20.48,20.48,642.0
2019-03-29 10:42:00,20.4,20.4,20.4,20.4,789.0
2019-03-29 10:43:00,20.39,20.39,20.39,20.39,1407.0
2019-03-29 10:48:00,20.355,20.355,20.355,20.355,243.0
2019-03-29 10:49:00,20.34,20.34,20.34,20.34,205.0
2019-03-29 10:53:00,20.3,20.3,20.3,20.3,323.0
2019-03-29 10:56:00,20.29,20.29,20.29,20.29,200.0
2019-03-29 10:57:00,20.28,20.28,20.28,20.28,473.0
2019-03-29 11:02:00,20.28,20.28,20.28,20.28,505.0
2019-03-29 11:03:00,20.29,20.29,20.29,20.29,100.0
2019-03-29 11:04:00,20.27,20.27,20.27,20.27,475.0
2019-03-29 11:11:00,20.295,20.295,20.295,20.295,200.0
2019-03-29 11:12:00,20.31,20.31,20.29,20.29,955.0
2019-03-29 11:13:00,20.27,20.27,20.27,20.27,1139.0
2019-03-29 11:14:00,20.23,20.23,20.23,20.23,729.0
2019-03-29 11:15:00,20.24,20.24,20.24,20.24,600.0
2019-03-29 11:18:00,20.27,20.27,20.27,20.27,300.0
2019-03-29 11:19:00,20.27,20.27,20.27,20.27,300.0
2019-03-29 11:24:00,20.2,20.2,20.2,20.2,588.0
2019-03-29 11:26:00,20.23,20.23,20.23,20.23,100.0
2019-03-29 11:27:00,20.25,20.25,20.25,20.25,210.0
2019-03-29 11:28:00,20.24,20.24,20.22,20.22,200.0
2019-03-29 11:30:00,20.22,20.22,20.22,20.22,300.0
2019-03-29 11:32:00,20.22,20.24,20.22,20.24,259.0
2019-03-29 11:36:00,20.24,20.24,20.24,20.24,200.0
2019-03-29 11:39:00,20.27,20.27,20.27,20.27,300.0
2019-03-29 11:42:00,20.29,20.29,20.29,20.29,100.0
2019-03-29 11:45:00,20.27,20.27,20.27,20.27,521.0
2019-03-29 11:47:00,20.25,20.25,20.25,20.25,100.0
2019-03-29 11:49:00,20.23,20.23,20.23,20.23,161.0
2019-03-29 11:50:00,20.23,20.23,20.23,20.23,261.0
2019-03-29 11:51:00,20.2,20.2,20.2,20.2,105.0
2019-03-29 11:52:00,20.18,20.18,20.18,20.18,649.0
2019-03-29 11:53:00,20.19,20.19,20.19,20.19,411.0
2019-03-29 11:54:00,20.16,20.16,20.16,20.16,100.0
2019-03-29 12:04:00,20.16,20.16,20.16,20.16,100.0
2019-03-29 12:05:00,20.13,20.13,20.13,20.13,1423.0
2019-03-29 12:14:00,20.08,20.08,20.08,20.08,371.0
2019-03-29 12:19:00,20.14,20.14,20.14,20.14,100.0
2019-03-29 12:20:00,20.1,20.1,20.1,20.1,200.0
2019-03-29 12:22:00,20.14,20.14,20.14,20.14,200.0
2019-03-29 12:27:00,20.15,20.15,20.15,20.15,739.0
2019-03-29 12:28:00,20.16,20.16,20.16,20.16,700.0
2019-03-29 12:29:00,20.18,20.18,20.18,20.18,1215.0
2019-03-29 12:30:00,20.16,20.16,20.16,20.16,200.0
2019-03-29 12:35:00,20.16,20.16,20.16,20.16,205.0
2019-03-29 12:38:00,20.14,20.14,20.14,20.14,305.0
2019-03-29 12:40:00,20.13,20.13,20.13,20.13,205.0
2019-03-29 12:43:00,20.13,20.13,20.13,20.13,205.0
2019-03-29 12:48:00,20.1,20.1,20.1,20.1,200.0
2019-03-29 12:49:00,20.09,20.09,20.09,20.09,300.0
2019-03-29 12:54:00,20.11,20.11,20.11,20.11,300.0
2019-03-29 12:59:00,20.13,20.13,20.13,20.13,100.0
2019-03-29 13:02:00,20.14,20.14,20.14,20.14,200.0
2019-03-29 13:05:00,20.1393,20.1393,20.1393,20.1393,135.0
2019-03-29 13:06:00,20.13,20.13,20.13,20.13,215.0
2019-03-29 13:10:00,20.12,20.12,20.12,20.12,300.0
2019-03-29 13:12:00,20.12,20.12,20.12,20.12,630.0
2019-03-29 13:13:00,20.13,20.13,20.13,20.13,500.0
2019-03-29 13:15:00,20.13,20.13,20.13,20.13,105.0
2019-03-29 13:18:00,20.09,20.09,20.09,20.09,100.0
2019-03-29 13:19:00,20.084,20.084,20.084,20.084,317.0
2019-03-29 13:21:00,20.05,20.05,20.05,20.05,412.0
2019-03-29 13:22:00,20.07,20.07,20.07,20.07,400.0
2019-03-29 13:25:00,20.07,20.07,20.07,20.07,103.0
2019-03-29 13:31:00,20.08,20.08,20.08,20.08,339.0
2019-03-29 13:32:00,20.06,20.06,20.06,20.06,444.0
2019-03-29 13:34:00,20.08,20.08,20.08,20.08,100.0
2019-03-29 13:35:00,20.08,20.08,20.08,20.08,200.0
2019-03-29 13:37:00,20.09,20.11,20.0815,20.11,1140.0
2019-03-29 13:39:00,20.11,20.11,20.1,20.1,1340.0
2019-03-29 13:43:00,20.14,20.14,20.14,20.14,105.0
2019-03-29 13:44:00,20.15,20.15,20.15,20.15,119.0
2019-03-29 13:47:00,20.09,20.09,20.09,20.09,700.0
2019-03-29 13:48:00,20.1,20.1,20.1,20.1,2909.0
2019-03-29 13:50:00,20.145,20.145,20.145,20.145,200.0
2019-03-29 13:51:00,20.15,20.15,20.15,20.15,300.0
2019-03-29 13:52:00,20.14,20.14,20.14,20.14,282.0
2019-03-29 13:54:00,20.16,20.16,20.16,20.16,216.0
2019-03-29 13:56:00,20.16,20.16,20.16,20.16,633.0
2019-03-29 14:15:00,20.2,20.2,20.2,20.2,408.0
2019-03-29 14:17:00,20.2,20.2,20.2,20.2,500.0
2019-03-29 14:19:00,20.2,20.2,20.2,20.2,100.0
2019-03-29 14:20:00,20.195,20.195,20.195,20.195,400.0
2019-03-29 14:21:00,20.2,20.2,20.2,20.2,1766.0
2019-03-29 14:22:00,20.21,20.21,20.21,20.21,510.0
2019-03-29 14:29:00,20.21,20.21,20.21,20.21,273.0
2019-03-29 14:30:00,20.195,20.195,20.195,20.195,373.0
2019-03-29 14:31:00,20.2,20.2,20.2,20.2,200.0
2019-03-29 14:32:00,20.21,20.21,20.2,20.2,412.0
2019-03-29 14:34:00,20.2,20.2,20.2,20.2,1040.0
2019-03-29 14:36:00,20.2,20.2,20.2,20.2,100.0
2019-03-29 14:39:00,20.21,20.21,20.21,20.21,200.0
2019-03-29 14:40:00,20.21,20.21,20.21,20.21,405.0
2019-03-29 14:45:00,20.2,20.2,20.2,20.2,100.0
2019-03-29 14:50:00,20.21,20.21,20.21,20.21,300.0
2019-03-29 14:55:00,20.25,20.25,20.25,20.25,520.0
2019-03-29 14:58:00,20.22,20.22,20.22,20.22,100.0
2019-03-29 15:00:00,20.2,20.2,20.2,20.2,100.0
2019-03-29 15:01:00,20.22,20.22,20.22,20.22,103.0
2019-03-29 15:02:00,20.22,20.22,20.22,20.22,251.0
2019-03-29 15:04:00,20.22,20.22,20.22,20.22,205.0
2019-03-29 15:05:00,20.2,20.2,20.2,20.2,318.0
2019-03-29 15:07:00,20.19,20.19,20.19,20.19,404.0
2019-03-29 15:11:00,20.2,20.2,20.2,20.2,504.0
2019-03-29 15:12:00,20.2,20.2,20.2,20.2,100.0
2019-03-29 15:13:00,20.21,20.21,20.21,20.21,640.0
2019-03-29 15:14:00,20.21,20.22,20.2,20.22,800.0
2019-03-29 15:15:00,20.23,20.25,20.23,20.25,1810.0
2019-03-29 15:16:00,20.27,20.27,20.27,20.27,888.0
2019-03-29 15:17:00,20.27,20.27,20.27,20.27,500.0
2019-03-29 15:18:00,20.29,20.29,20.29,20.29,445.0
2019-03-29 15:19:00,20.31,20.31,20.3,20.3,1415.0
2019-03-29 15:20:00,20.3,20.3,20.3,20.3,816.0
2019-03-29 15:21:00,20.33,20.33,20.33,20.33,398.0
2019-03-29 15:22:00,20.33,20.33,20.31,20.31,1639.0
2019-03-29 15:23:00,20.31,20.31,20.31,20.31,659.0
2019-03-29 15:24:00,20.29,20.29,20.29,20.29,1623.0
2019-03-29 15:25:00,20.28,20.28,20.28,20.28,185.0
2019-03-29 15:26:00,20.3,20.3,20.3,20.3,397.0
2019-03-29 15:27:00,20.32,20.32,20.32,20.32,962.0
2019-03-29 15:28:00,20.32,20.32,20.32,20.32,951.0
2019-03-29 15:29:00,20.32,20.33,20.32,20.33,1202.0
2019-03-29 15:30:00,20.34,20.34,20.33,20.33,452.0
2019-03-29 15:31:00,20.34,20.34,20.34,20.34,680.0
2019-03-29 15:32:00,20.34,20.34,20.34,20.34,1316.0
2019-03-29 15:33:00,20.34,20.34,20.34,20.34,726.0
2019-03-29 15:34:00,20.35,20.35,20.35,20.35,9408.0
2019-03-29 15:35:00,20.35,20.35,20.35,20.35,1114.0
2019-03-29 15:36:00,20.35,20.35,20.35,20.35,568.0
2019-03-29 15:37:00,20.35,20.35,20.35,20.35,1173.0
2019-03-29 15:38:00,20.34,20.34,20.34,20.34,1467.0
2019-03-29 15:39:00,20.36,20.36,20.36,20.36,800.0
2019-03-29 15:40:00,20.38,20.4,20.38,20.4,1553.0
2019-03-29 15:41:00,20.41,20.41,20.41,20.41,401.0
2019-03-29 15:42:00,20.42,20.42,20.41,20.41,1944.0
2019-03-29 15:43:00,20.4,20.4,20.4,20.4,1336.0
2019-03-29 15:44:00,20.39,20.39,20.39,20.39,599.0
2019-03-29 15:45:00,20.42,20.44,20.42,20.44,1143.0
2019-03-29 15:46:00,20.43,20.43,20.43,20.43,1228.0
2019-03-29 15:47:00,20.42,20.44,20.42,20.44,1195.0
2019-03-29 15:48:00,20.42,20.42,20.38,20.38,2522.0
2019-03-29 15:49:00,20.36,20.36,20.36,20.36,397.0
2019-03-29 15:50:00,20.36,20.38,20.36,20.38,1282.0
2019-03-29 15:51:00,20.4,20.42,20.4,20.41,2607.0
2019-03-29 15:52:00,20.43,20.43,20.43,20.43,1104.0
2019-03-29 15:53:00,20.43,20.44,20.43,20.44,3242.0
2019-03-29 15:54:00,20.43,20.43,20.43,20.43,1035.0
2019-03-29 15:55:00,20.44,20.44,20.43,20.43,2484.0
2019-03-29 15:56:00,20.44,20.44,20.44,20.44,604.0
2019-03-29 15:57:00,20.42,20.44,20.42,20.44,2000.0
2019-03-29 15:58:00,20.43,20.43,20.43,20.43,1012.0
2019-03-29 15:59:00,20.44,20.47,20.44,20.47,5417.0
2019-03-29 16:00:00,20.44,20.44,20.41,20.41,2325.0
2019-04-01 09:31:00,20.5,20.5,20.5,20.5,9824.0
2019-04-01 09:32:00,20.46,20.46,20.46,20.46,101.0
2019-04-01 09:34:00,20.5,20.5,20.5,20.5,3311.0
2019-04-01 09:35:00,20.5,20.5,20.5,20.5,438.0
2019-04-01 09:38:00,20.5,20.5,20.5,20.5,229.0
2019-04-01 09:43:00,20.565,20.565,20.565,20.565,177.0
2019-04-01 09:49:00,20.53,20.53,20.53,20.53,902.0
2019-04-01 09:54:00,20.66,20.71,20.66,20.71,952.0
2019-04-01 10:00:00,20.69,20.69,20.64,20.64,930.0
2019-04-01 10:03:00,20.73,20.73,20.73,20.73,780.0
2019-04-01 10:06:00,20.78,20.78,20.78,20.78,1066.0
2019-04-01 10:08:00,20.91,20.91,20.91,20.91,792.0
2019-04-01 10:16:00,20.86,20.86,20.83,20.83,1248.0
2019-04-01 10:19:00,20.86,20.88,20.86,20.88,443.0
2019-04-01 10:22:00,20.865,20.865,20.865,20.865,313.0
2019-04-01 10:26:00,20.845,20.845,20.845,20.845,868.0
2019-04-01 10:27:00,20.85,20.85,20.85,20.85,250.0
2019-04-01 10:30:00,20.87,20.87,20.87,20.87,181.0
2019-04-01 10:35:00,20.82,20.82,20.82,20.82,161.0
2019-04-01 10:37:00,20.8,20.82,20.8,20.82,1453.0
2019-04-01 10:43:00,20.84,20.84,20.84,20.84,292.0
2019-04-01 10:45:00,20.82,20.82,20.82,20.82,763.0
2019-04-01 10:52:00,20.72,20.72,20.72,20.72,102.0
2019-04-01 11:01:00,20.65,20.65,20.65,20.65,101.0
2019-04-01 11:02:00,20.66,20.66,20.66,20.66,604.0
2019-04-01 11:07:00,20.62,20.62,20.62,20.62,278.0
2019-04-01 11:10:00,20.62,20.62,20.62,20.62,207.0
2019-04-01 11:15:00,20.59,20.59,20.59,20.59,576.0
2019-04-01 11:19:00,20.65,20.65,20.65,20.65,801.0
2019-04-01 11:20:00,20.63,20.63,20.63,20.63,202.0
2019-04-01 11:25:00,20.65,20.65,20.65,20.65,405.0
2019-04-01 11:27:00,20.725,20.725,20.725,20.725,583.0
2019-04-01 11:28:00,20.73,20.73,20.73,20.73,572.0
2019-04-01 11:30:00,20.76,20.76,20.76,20.76,209.0
2019-04-01 11:34:00,20.66,20.66,20.66,20.66,759.0
2019-04-01 11:35:00,20.66,20.66,20.66,20.66,360.0
2019-04-01 11:39:00,20.67,20.67,20.67,20.67,200.0
2019-04-01 11:41:00,20.64,20.64,20.64,20.64,146.0
2019-04-01 11:44:00,20.64,20.64,20.64,20.64,365.0
2019-04-01 11:46:00,20.63,20.63,20.63,20.63,707.0
2019-04-01 11:48:00,20.63,20.63,20.63,20.63,102.0
2019-04-01 11:54:00,20.67,20.67,20.67,20.67,301.0
2019-04-01 11:57:00,20.7,20.71,20.7,20.71,981.0
2019-04-01 11:59:00,20.7,20.7,20.7,20.7,524.0
2019-04-01 12:03:00,20.66,20.66,20.66,20.66,300.0
2019-04-01 12:05:00,20.65,20.65,20.65,20.65,159.0
2019-04-01 12:12:00,20.67,20.67,20.67,20.67,663.0
2019-04-01 12:19:00,20.71,20.71,20.71,20.71,563.0
2019-04-01 12:28:00,20.67,20.67,20.67,20.67,330.0
2019-04-01 12:32:00,20.67,20.67,20.67,20.67,201.0
2019-04-01 12:36:00,20.67,20.67,20.67,20.67,101.0
2019-04-01 12:37:00,20.66,20.66,20.66,20.66,465.0
2019-04-01 12:38:00,20.66,20.66,20.66,20.66,896.0
2019-04-01 12:42:00,20.68,20.68,20.68,20.68,223.0
2019-04-01 12:49:00,20.71,20.72,20.71,20.72,606.0
2019-04-01 13:01:00,20.72,20.72,20.72,20.72,384.0
2019-04-01 13:02:00,20.71,20.71,20.71,20.71,313.0
2019-04-01 13:04:00,20.77,20.77,20.77,20.77,415.0
2019-04-01 13:08:00,20.78,20.78,20.78,20.78,300.0
2019-04-01 13:10:00,20.78,20.78,20.78,20.78,389.0
2019-04-01 13:11:00,20.78,20.78,20.78,20.78,190.0
2019-04-01 13:14:00,20.72,20.73,20.72,20.73,638.0
2019-04-01 13:17:00,20.76,20.76,20.76,20.76,247.0
2019-04-01 13:21:00,20.72,20.72,20.72,20.72,566.0
2019-04-01 13:22:00,20.72,20.72,20.72,20.72,1181.0
2019-04-01 13:23:00,20.73,20.73,20.73,20.73,302.0
2019-04-01 13:24:00,20.75,20.75,20.75,20.75,457.0
2019-04-01 13:28:00,20.77,20.77,20.77,20.77,661.0
2019-04-01 13:36:00,20.76,20.76,20.76,20.76,644.0
2019-04-01 13:42:00,20.75,20.75,20.75,20.75,235.0
2019-04-01 13:47:00,20.74,20.77,20.74,20.77,209.0
2019-04-01 13:49:00,20.78,20.78,20.78,20.78,664.0
2019-04-01 13:50:00,20.76,20.76,20.76,20.76,200.0
2019-04-01 13:53:00,20.82,20.82,20.82,20.82,437.0
2019-04-01 13:56:00,20.83,20.83,20.83,20.83,201.0
2019-04-01 14:00:00,20.8,20.8,20.8,20.8,511.0
2019-04-01 14:04:00,20.8403,20.8403,20.8403,20.8403,439.0
2019-04-01 14:06:00,20.81,20.81,20.81,20.81,100.0
2019-04-01 14:07:00,20.8,20.8,20.8,20.8,207.0
2019-04-01 14:14:00,20.79,20.79,20.79,20.79,100.0
2019-04-01 14:15:00,20.79,20.79,20.78,20.78,557.0
2019-04-01 14:19:00,20.79,20.79,20.79,20.79,817.0
2019-04-01 14:24:00,20.76,20.76,20.76,20.76,601.0
2019-04-01 14:28:00,20.77,20.77,20.77,20.77,232.0
2019-04-01 14:30:00,20.79,20.79,20.79,20.79,506.0
2019-04-01 14:31:00,20.78,20.78,20.78,20.78,141.0
2019-04-01 14:35:00,20.74,20.74,20.74,20.74,401.0
2019-04-01 14:36:00,20.77,20.77,20.76,20.76,816.0
2019-04-01 14:40:00,20.75,20.75,20.75,20.75,444.0
2019-04-01 14:42:00,20.73,20.73,20.73,20.73,100.0
2019-04-01 14:43:00,20.729,20.729,20.729,20.729,1001.0
2019-04-01 14:45:00,20.75,20.75,20.75,20.75,400.0
2019-04-01 14:46:00,20.72,20.72,20.72,20.72,500.0
2019-04-01 14:48:00,20.71,20.71,20.71,20.71,336.0
2019-04-01 14:49:00,20.7,20.71,20.7,20.71,974.0
2019-04-01 14:51:00,20.71,20.71,20.71,20.71,331.0
2019-04-01 14:57:00,20.72,20.72,20.72,20.72,405.0
2019-04-01 15:04:00,20.68,20.68,20.68,20.68,302.0
2019-04-01 15:09:00,20.7,20.71,20.7,20.71,277.0
2019-04-01 15:12:00,20.72,20.72,20.72,20.72,400.0
2019-04-01 15:13:00,20.73,20.73,20.73,20.73,604.0
2019-04-01 15:15:00,20.72,20.72,20.72,20.72,129.0
2019-04-01 15:20:00,20.75,20.75,20.75,20.75,152.0
2019-04-01 15:23:00,20.75,20.75,20.75,20.75,302.0
2019-04-01 15:30:00,20.79,20.79,20.79,20.79,759.0
2019-04-01 15:31:00,20.78,20.78,20.78,20.78,349.0
2019-04-01 15:34:00,20.76,20.76,20.76,20.76,702.0
2019-04-01 15:35:00,20.76,20.76,20.76,20.76,721.0
2019-04-01 15:37:00,20.77,20.77,20.77,20.77,202.0
2019-04-01 15:39:00,20.78,20.78,20.78,20.78,1252.0
2019-04-01 15:41:00,20.76,20.76,20.76,20.76,579.0
2019-04-01 15:42:00,20.76,20.76,20.76,20.76,206.0
2019-04-01 15:44:00,20.77,20.77,20.77,20.77,529.0
2019-04-01 15:46:00,20.78,20.78,20.78,20.78,309.0
2019-04-01 15:51:00,20.79,20.79,20.78,20.78,1369.0
2019-04-01 15:52:00,20.79,20.79,20.79,20.79,439.0
2019-04-01 15:54:00,20.79,20.79,20.79,20.79,349.0
2019-04-01 15:56:00,20.79,20.79,20.79,20.79,2065.0
2019-04-01 15:57:00,20.79,20.81,20.79,20.81,3344.0
2019-04-01 15:58:00,20.81,20.81,20.81,20.81,737.0
2019-04-01 15:59:00,20.82,20.82,20.82,20.82,1072.0
2019-04-01 16:00:00,20.82,20.84,20.82,20.84,3850.0
2019-04-02 09:31:00,20.83,20.83,20.83,20.83,1301.0
2019-04-02 09:36:00,20.71,20.71,20.71,20.71,493.0
2019-04-02 09:38:00,20.76,20.79,20.76,20.79,0.0
2019-04-02 09:41:00,20.79,20.79,20.79,20.79,1359.0
2019-04-02 09:44:00,20.76,20.8,20.76,20.8,622.0
2019-04-02 09:52:00,20.81,20.81,20.81,20.81,571.0
2019-04-02 09:53:00,20.81,20.81,20.81,20.81,134.0
2019-04-02 09:56:00,20.83,20.83,20.83,20.83,180.0
2019-04-02 10:05:00,20.9,20.9,20.9,20.9,287.0
2019-04-02 10:08:00,20.92,20.92,20.92,20.92,139.0
2019-04-02 10:17:00,20.92,20.93,20.905,20.93,1028.0
2019-04-02 10:24:00,20.92,20.95,20.89,20.89,1235.0
2019-04-02 10:26:00,20.9,20.9,20.9,20.9,451.0
2019-04-02 10:35:00,20.948,20.948,20.948,20.948,1105.0
2019-04-02 10:38:00,20.93,20.93,20.93,20.93,6282.0
2019-04-02 10:39:00,20.93,20.93,20.93,20.93,110.0
2019-04-02 10:40:00,20.9,20.9,20.88,20.88,210.0
2019-04-02 10:41:00,20.84,20.84,20.84,20.84,200.0
2019-04-02 10:42:00,20.85,20.85,20.85,20.85,100.0
2019-04-02 10:43:00,20.85,20.91,20.85,20.91,15415.0
2019-04-02 10:46:00,20.94,20.99,20.93,20.93,1746.0
2019-04-02 10:47:00,20.95,20.95,20.95,20.95,440.0
2019-04-02 10:53:00,20.96,20.96,20.96,20.96,155.0
2019-04-02 10:54:00,20.97,21.01,20.97,20.98,790.0
2019-04-02 10:55:00,21.03,21.06,21.03,21.06,640.0
2019-04-02 10:57:00,21.06,21.06,21.06,21.06,220.0
2019-04-02 10:58:00,21.03,21.04,21.03,21.04,893.0
2019-04-02 11:03:00,20.965,20.965,20.95,20.965,831.0
2019-04-02 11:04:00,20.96,20.96,20.96,20.96,605.0
2019-04-02 11:07:00,20.96,20.96,20.96,20.96,905.0
2019-04-02 11:10:00,20.93,20.93,20.93,20.93,800.0
2019-04-02 11:11:00,20.88,20.92,20.88,20.897,2265.0
2019-04-02 11:12:00,20.9,20.905,20.9,20.9,310.0
2019-04-02 11:13:00,20.92,20.97,20.92,20.94,1166.0
2019-04-02 11:14:00,20.96,20.97,20.96,20.97,432.0
2019-04-02 11:18:00,20.99,20.99,20.98,20.98,200.0
2019-04-02 11:19:00,21.01,21.01,21.01,21.01,207.0
2019-04-02 11:20:00,21.03,21.03,21.03,21.03,210.0
2019-04-02 11:21:00,21.03,21.03,21.03,21.03,100.0
2019-04-02 11:22:00,21.04,21.06,21.04,21.06,461.0
2019-04-02 11:23:00,21.07,21.09,21.07,21.08,811.0
2019-04-02 11:25:00,21.07,21.07,21.05,21.05,1111.0
2019-04-02 11:27:00,21.08,21.08,21.08,21.08,715.0
2019-04-02 11:28:00,21.1,21.1,21.1,21.1,400.0
2019-04-02 11:30:00,21.1,21.1,21.1,21.1,350.0
2019-04-02 11:35:00,21.09,21.1,21.09,21.1,305.0
2019-04-02 11:37:00,21.09,21.1,21.09,21.09,500.0
2019-04-02 11:38:00,21.09,21.105,21.09,21.1,743.0
2019-04-02 11:40:00,21.1,21.105,21.1,21.1,1120.0
2019-04-02 11:41:00,21.12,21.13,21.11,21.11,1020.0
2019-04-02 11:43:00,21.155,21.155,21.155,21.155,360.0
2019-04-02 11:47:00,21.17,21.17,21.17,21.17,544.0
2019-04-02 11:49:00,21.17,21.17,21.17,21.17,413.0
2019-04-02 11:50:00,21.17,21.17,21.17,21.17,100.0
2019-04-02 11:53:00,21.19,21.19,21.19,21.19,520.0
2019-04-02 11:57:00,21.17,21.2,21.17,21.2,400.0
2019-04-02 11:58:00,21.2,21.21,21.2,21.2,569.0
2019-04-02 11:59:00,21.215,21.215,21.215,21.215,100.0
2019-04-02 12:00:00,21.195,21.2,21.19,21.2,426.0
2019-04-02 12:01:00,21.2,21.2,21.19,21.2,1234.0
2019-04-02 12:02:00,21.19,21.21,21.19,21.2,1200.0
2019-04-02 12:03:00,21.21,21.26,21.21,21.24,1475.0
2019-04-02 12:05:00,21.24,21.24,21.24,21.24,100.0
2019-04-02 12:07:00,21.22,21.22,21.22,21.22,200.0
2019-04-02 12:08:00,21.19,21.24,21.19,21.24,1530.0
2019-04-02 12:10:00,21.2,21.2,21.2,21.2,1432.0
2019-04-02 12:11:00,21.18,21.2,21.18,21.2,400.0
2019-04-02 12:12:00,21.2,21.2,21.2,21.2,1078.0
2019-04-02 12:16:00,21.21,21.21,21.21,21.21,223.0
2019-04-02 12:17:00,21.21,21.21,21.21,21.21,139.0
2019-04-02 12:18:00,21.22,21.22,21.22,21.22,310.0
2019-04-02 12:20:00,21.19,21.19,21.18,21.18,1120.0
2019-04-02 12:22:00,21.15,21.15,21.135,21.14,607.0
2019-04-02 12:23:00,21.12,21.12,21.12,21.12,417.0
2019-04-02 12:25:00,21.11,21.12,21.1,21.1,900.0
2019-04-02 12:27:00,21.08,21.08,21.08,21.08,210.0
2019-04-02 12:28:00,21.06,21.09,21.05,21.05,300.0
2019-04-02 12:29:00,21.05,21.07,21.04,21.04,815.0
2019-04-02 12:30:00,21.06,21.1,21.06,21.1,1268.0
2019-04-02 12:31:00,21.1,21.1,21.1,21.1,100.0
2019-04-02 12:32:00,21.1,21.1,21.1,21.1,606.0
2019-04-02 12:35:00,21.14,21.15,21.14,21.15,215.0
2019-04-02 12:36:00,21.165,21.165,21.14,21.14,810.0
2019-04-02 12:41:00,21.12,21.15,21.11,21.15,1790.0
2019-04-02 12:43:00,21.14,21.14,21.14,21.14,210.0
2019-04-02 12:44:00,21.12,21.12,21.11,21.11,200.0
2019-04-02 12:46:00,21.1,21.1,21.1,21.1,223.0
2019-04-02 12:47:00,21.08,21.08,21.07,21.07,200.0
2019-04-02 12:50:00,21.08,21.08,21.08,21.08,392.0
2019-04-02 12:54:00,21.07,21.07,21.07,21.07,413.0
2019-04-02 12:57:00,21.09,21.09,21.09,21.09,200.0
2019-04-02 12:59:00,21.08,21.08,21.08,21.08,100.0
2019-04-02 13:00:00,21.09,21.1,21.09,21.1,678.0
2019-04-02 13:01:00,21.08,21.08,21.08,21.08,100.0
2019-04-02 13:03:00,21.04,21.04,21.04,21.04,321.0
2019-04-02 13:07:00,21.07,21.07,21.07,21.07,722.0
2019-04-02 13:11:00,21.11,21.11,21.11,21.11,274.0
2019-04-02 13:17:00,21.145,21.16,21.145,21.16,343.0
2019-04-02 13:18:00,21.14,21.14,21.13,21.13,866.0
2019-04-02 13:20:00,21.12,21.12,21.11,21.11,410.0
2019-04-02 13:26:00,21.12,21.12,21.12,21.12,117.0
2019-04-02 13:32:00,21.06,21.06,21.06,21.06,300.0
2019-04-02 13:33:00,21.04,21.04,21.04,21.04,341.0
2019-04-02 13:36:00,21.08,21.09,21.07,21.09,557.0
2019-04-02 13:40:00,21.08,21.08,21.07,21.07,401.0
2019-04-02 13:41:00,21.06,21.06,21.06,21.06,430.0
2019-04-02 13:46:00,21.06,21.06,21.06,21.06,100.0
2019-04-02 13:47:00,21.04,21.04,21.04,21.04,110.0
2019-04-02 13:51:00,21.02,21.02,21.02,21.02,123.0
2019-04-02 13:55:00,21.03,21.03,21.03,21.03,142.0
2019-04-02 13:58:00,21.02,21.02,21.02,21.02,100.0
2019-04-02 14:00:00,21.03,21.03,21.03,21.03,100.0
2019-04-02 14:01:00,21.01,21.01,21.01,21.01,110.0
2019-04-02 14:03:00,21.04,21.04,21.04,21.04,557.0
2019-04-02 14:04:00,21.05,21.05,21.04,21.05,705.0
2019-04-02 14:09:00,21.05,21.05,21.05,21.05,115.0
2019-04-02 14:14:00,21.04,21.04,21.04,21.04,151.0
2019-04-02 14:28:00,21.04,21.045,21.04,21.04,1000.0
2019-04-02 14:29:00,21.04,21.0475,21.04,21.0475,200.0
2019-04-02 14:30:00,21.045,21.045,21.045,21.045,100.0
2019-04-02 14:31:00,21.05,21.05,21.05,21.05,649.0
2019-04-02 14:32:00,21.05,21.1,21.05,21.07,6319.0
2019-04-02 14:33:00,21.05,21.05,21.04,21.04,738.0
2019-04-02 14:38:00,21.02,21.02,21.02,21.02,314.0
2019-04-02 14:39:00,21.0,21.0,20.9943,20.9943,2277.0
2019-04-02 14:40:00,21.01,21.01,21.01,21.01,316.0
2019-04-02 14:41:00,21.02,21.02,21.02,21.02,193.0
2019-04-02 14:43:00,21.02,21.02,21.02,21.02,202.0
2019-04-02 14:45:00,21.0,21.0,21.0,21.0,300.0
2019-04-02 14:46:00,21.0,21.0,21.0,21.0,200.0
2019-04-02 14:50:00,21.0,21.0,21.0,21.0,410.0
2019-04-02 14:52:00,20.98,20.98,20.98,20.98,100.0
2019-04-02 14:53:00,20.98,20.98,20.98,20.98,200.0
2019-04-02 14:54:00,20.95,20.95,20.95,20.95,430.0
2019-04-02 14:57:00,20.935,20.935,20.935,20.935,100.0
2019-04-02 14:58:00,20.94,20.94,20.94,20.94,200.0
2019-04-02 14:59:00,20.95,20.96,20.95,20.96,974.0
2019-04-02 15:00:00,20.99,21.01,20.99,21.0,920.0
2019-04-02 15:01:00,21.0,21.0,21.0,21.0,266.0
2019-04-02 15:03:00,21.0,21.0,21.0,21.0,162.0
2019-04-02 15:05:00,21.0,21.0,21.0,21.0,301.0
2019-04-02 15:06:00,21.01,21.01,21.01,21.01,249.0
2019-04-02 15:07:00,21.03,21.03,21.03,21.03,266.0
2019-04-02 15:13:00,21.01,21.01,21.01,21.01,104.0
2019-04-02 15:14:00,21.0,21.0,21.0,21.0,606.0
2019-04-02 15:15:00,20.99,21.0,20.99,21.0,302.0
2019-04-02 15:16:00,21.0,21.02,21.0,21.02,1955.0
2019-04-02 15:19:00,21.02,21.02,21.02,21.02,9378.0
2019-04-02 15:20:00,21.03,21.03,21.03,21.03,711.0
2019-04-02 15:21:00,21.04,21.04,21.03,21.03,956.0
2019-04-02 15:22:00,21.01,21.01,21.0,21.0,1034.0
2019-04-02 15:24:00,21.0,21.0,21.0,21.0,900.0
2019-04-02 15:25:00,21.0,21.0,21.0,21.0,815.0
2019-04-02 15:26:00,21.01,21.01,21.01,21.01,315.0
2019-04-02 15:27:00,21.01,21.02,21.01,21.02,744.0
2019-04-02 15:28:00,21.02,21.02,21.02,21.02,214.0
2019-04-02 15:30:00,21.01,21.02,21.01,21.02,789.0
2019-04-02 15:32:00,21.005,21.01,21.0,21.01,1200.0
2019-04-02 15:34:00,21.0,21.0,21.0,21.0,130.0
2019-04-02 15:35:00,21.01,21.01,21.01,21.01,1167.0
2019-04-02 15:41:00,21.01,21.02,21.01,21.02,1007.0
2019-04-02 15:42:00,21.01,21.01,21.01,21.01,300.0
2019-04-02 15:43:00,21.03,21.03,21.03,21.03,504.0
2019-04-02 15:44:00,21.03,21.0332,21.03,21.0332,640.0
2019-04-02 15:46:00,21.01,21.02,21.01,21.02,689.0
2019-04-02 15:49:00,21.005,21.01,21.005,21.01,416.0
2019-04-02 15:51:00,21.0,21.0,21.0,21.0,239.0
2019-04-02 15:52:00,21.0,21.005,21.0,21.005,577.0
2019-04-02 15:53:00,21.0,21.0,21.0,21.0,320.0
2019-04-02 15:54:00,21.0,21.0,20.99,20.99,291.0
2019-04-02 15:55:00,20.992,21.0,20.992,21.0,1020.0
2019-04-02 15:56:00,21.0,21.01,21.0,21.01,489.0
2019-04-02 15:57:00,21.02,21.03,21.02,21.02,859.0
2019-04-02 15:58:00,21.03,21.06,21.03,21.06,822.0
2019-04-02 15:59:00,21.055,21.06,21.04,21.06,1709.0
2019-04-02 16:00:00,21.06,21.06,21.03,21.03,3438.0
2019-04-03 09:31:00,21.36,21.36,21.36,21.36,1569.0
2019-04-03 09:32:00,21.09,21.09,21.09,21.09,118.0
2019-04-03 09:48:00,21.32,21.32,21.1,21.24,1007.0
2019-04-03 09:49:00,21.17,21.36,21.17,21.36,1427.0
2019-04-03 10:00:00,21.35,21.35,21.35,21.35,242.0
2019-04-03 10:01:00,21.27,21.27,21.27,21.27,400.0
2019-04-03 10:05:00,21.24,21.24,21.24,21.24,172.0
2019-04-03 10:07:00,21.21,21.21,21.21,21.21,200.0
2019-04-03 10:08:00,21.16,21.16,21.16,21.16,100.0
2019-04-03 10:10:00,21.18,21.18,21.18,21.18,501.0
2019-04-03 10:11:00,21.23,21.23,21.23,21.23,103.0
2019-04-03 10:15:00,21.255,21.26,21.255,21.26,500.0
2019-04-03 10:16:00,21.26,21.26,21.26,21.26,300.0
2019-04-03 10:17:00,21.28,21.31,21.25,21.31,1024.0
2019-04-03 10:20:00,21.29,21.29,21.29,21.29,100.0
2019-04-03 10:21:00,21.34,21.34,21.34,21.34,320.0
2019-04-03 10:22:00,21.32,21.32,21.29,21.29,1428.0
2019-04-03 10:23:00,21.29,21.29,21.29,21.29,172.0
2019-04-03 10:27:00,21.25,21.26,21.25,21.26,300.0
2019-04-03 10:28:00,21.23,21.23,21.23,21.23,100.0
2019-04-03 10:31:00,21.25,21.25,21.25,21.25,101.0
2019-04-03 10:35:00,21.27,21.27,21.26,21.26,608.0
2019-04-03 10:36:00,21.27,21.27,21.27,21.27,100.0
2019-04-03 10:37:00,21.28,21.285,21.28,21.285,300.0
2019-04-03 10:38:00,21.3,21.3,21.285,21.285,596.0
2019-04-03 10:39:00,21.27,21.27,21.27,21.27,100.0
2019-04-03 10:40:00,21.29,21.29,21.29,21.29,246.0
2019-04-03 10:43:00,21.27,21.28,21.25,21.25,616.0
2019-04-03 10:47:00,21.24,21.26,21.24,21.26,3375.0
2019-04-03 10:49:00,21.26,21.26,21.25,21.25,516.0
2019-04-03 10:51:00,21.24,21.24,21.24,21.24,108.0
2019-04-03 10:52:00,21.24,21.24,21.24,21.24,211.0
2019-04-03 10:54:00,21.3,21.3,21.3,21.3,996.0
2019-04-03 10:55:00,21.31,21.31,21.31,21.31,122.0
2019-04-03 10:58:00,21.29,21.29,21.29,21.29,118.0
2019-04-03 11:02:00,21.27,21.29,21.27,21.29,509.0
2019-04-03 11:04:00,21.31,21.31,21.29,21.29,806.0
2019-04-03 11:10:00,21.27,21.27,21.27,21.27,525.0
2019-04-03 11:12:00,21.24,21.25,21.24,21.25,305.0
2019-04-03 11:13:00,21.22,21.22,21.21,21.22,813.0
2019-04-03 11:14:00,21.24,21.24,21.24,21.24,111.0
2019-04-03 11:16:00,21.21,21.23,21.21,21.23,513.0
2019-04-03 11:17:00,21.22,21.22,21.21,21.21,200.0
2019-04-03 11:18:00,21.22,21.23,21.21,21.23,2038.0
2019-04-03 11:19:00,21.235,21.235,21.235,21.235,431.0
2019-04-03 11:20:00,21.26,21.27,21.25,21.27,620.0
2019-04-03 11:21:00,21.22,21.24,21.22,21.24,220.0
2019-04-03 11:22:00,21.25,21.25,21.25,21.25,702.0
2019-04-03 11:23:00,21.24,21.27,21.24,21.27,840.0
2019-04-03 11:25:00,21.24,21.24,21.24,21.24,207.0
2019-04-03 11:27:00,21.26,21.27,21.25,21.25,927.0
2019-04-03 11:30:00,21.27,21.28,21.27,21.28,977.0
2019-04-03 11:31:00,21.29,21.31,21.29,21.31,1134.0
2019-04-03 11:32:00,21.33,21.35,21.32,21.34,3376.0
2019-04-03 11:33:00,21.34,21.36,21.34,21.36,938.0
2019-04-03 11:38:00,21.35,21.36,21.34,21.36,1250.0
2019-04-03 11:40:00,21.35,21.35,21.35,21.35,186.0
2019-04-03 11:41:00,21.34,21.37,21.33,21.37,3923.0
2019-04-03 11:42:00,21.355,21.355,21.355,21.355,130.0
2019-04-03 11:43:00,21.36,21.36,21.36,21.36,246.0
2019-04-03 11:46:00,21.37,21.4,21.37,21.4,454.0
2019-04-03 11:47:00,21.4,21.4,21.38,21.38,738.0
2019-04-03 11:49:00,21.37,21.37,21.37,21.37,100.0
2019-04-03 11:50:00,21.37,21.37,21.37,21.37,100.0
2019-04-03 11:51:00,21.38,21.38,21.38,21.38,202.0
2019-04-03 11:52:00,21.4,21.4,21.4,21.4,538.0
2019-04-03 11:53:00,21.4,21.4,21.38,21.38,499.0
2019-04-03 11:55:00,21.37,21.37,21.37,21.37,102.0
2019-04-03 12:02:00,21.365,21.365,21.365,21.365,285.0
2019-04-03 12:05:00,21.37,21.37,21.37,21.37,290.0
2019-04-03 12:06:00,21.4,21.4,21.4,21.4,300.0
2019-04-03 12:12:00,21.41,21.41,21.41,21.41,100.0
2019-04-03 12:15:00,21.41,21.41,21.41,21.41,213.0
2019-04-03 12:17:00,21.4,21.4,21.38,21.38,200.0
2019-04-03 12:18:00,21.385,21.385,21.37,21.37,458.0
2019-04-03 12:20:00,21.36,21.36,21.36,21.36,100.0
2019-04-03 12:22:00,21.38,21.38,21.38,21.38,109.0
2019-04-03 12:25:00,21.39,21.39,21.39,21.39,110.0
2019-04-03 12:27:00,21.39,21.39,21.39,21.39,313.0
2019-04-03 12:28:00,21.39,21.39,21.39,21.39,202.0
2019-04-03 12:32:00,21.38,21.38,21.36,21.36,1224.0
2019-04-03 12:35:00,21.39,21.39,21.39,21.39,572.0
2019-04-03 12:39:00,21.35,21.36,21.35,21.36,200.0
2019-04-03 12:42:00,21.39,21.39,21.39,21.39,200.0
2019-04-03 12:43:00,21.39,21.39,21.39,21.39,318.0
2019-04-03 12:49:00,21.4,21.4,21.4,21.4,200.0
2019-04-03 12:50:00,21.385,21.4,21.385,21.4,900.0
2019-04-03 12:51:00,21.36,21.3825,21.36,21.38,599.0
2019-04-03 12:52:00,21.37,21.4,21.37,21.4,996.0
2019-04-03 12:55:00,21.42,21.43,21.4151,21.43,1276.0
2019-04-03 13:00:00,21.43,21.44,21.42,21.42,562.0
2019-04-03 13:01:00,21.42,21.42,21.4,21.41,622.0
2019-04-03 13:06:00,21.39,21.39,21.39,21.39,107.0
2019-04-03 13:08:00,21.38,21.38,21.38,21.38,300.0
2019-04-03 13:12:00,21.3975,21.3975,21.3975,21.3975,130.0
2019-04-03 13:18:00,21.395,21.395,21.39,21.39,370.0
2019-04-03 13:19:00,21.4,21.4,21.4,21.4,201.0
2019-04-03 13:20:00,21.41,21.41,21.41,21.41,306.0
2019-04-03 13:23:00,21.43,21.44,21.43,21.44,299.0
2019-04-03 13:30:00,21.43,21.43,21.43,21.43,100.0
2019-04-03 13:32:00,21.42,21.42,21.39,21.39,671.0
2019-04-03 13:40:00,21.42,21.42,21.42,21.42,396.0
2019-04-03 13:43:00,21.39,21.4,21.39,21.4,780.0
2019-04-03 13:45:00,21.4128,21.4128,21.4128,21.4128,160.0
2019-04-03 13:51:00,21.4,21.4,21.4,21.4,713.0
2019-04-03 14:06:00,21.36,21.36,21.36,21.36,106.0
2019-04-03 14:07:00,21.36,21.36,21.36,21.36,111.0
2019-04-03 14:13:00,21.38,21.39,21.38,21.39,531.0
2019-04-03 14:21:00,21.39,21.39,21.39,21.39,391.0
2019-04-03 14:22:00,21.39,21.39,21.39,21.39,657.0
2019-04-03 14:29:00,21.3691,21.3691,21.3691,21.3691,185.0
2019-04-03 14:31:00,21.35,21.35,21.35,21.35,125.0
2019-04-03 14:36:00,21.3399,21.3399,21.3399,21.3399,1253.0
2019-04-03 14:37:00,21.32,21.32,21.32,21.32,110.0
2019-04-03 14:39:00,21.31,21.31,21.31,21.31,357.0
2019-04-03 14:40:00,21.32,21.32,21.3,21.3,212.0
2019-04-03 14:41:00,21.3,21.3,21.3,21.3,414.0
2019-04-03 14:43:00,21.31,21.31,21.28,21.28,406.0
2019-04-03 14:47:00,21.28,21.28,21.28,21.28,675.0
2019-04-03 15:03:00,21.24,21.24,21.24,21.24,276.0
2019-04-03 15:04:00,21.23,21.26,21.23,21.26,1678.0
2019-04-03 15:05:00,21.27,21.31,21.27,21.31,2373.0
2019-04-03 15:08:00,21.3,21.3,21.27,21.29,3140.0
2019-04-03 15:09:00,21.29,21.29,21.29,21.29,510.0
2019-04-03 15:10:00,21.3,21.3,21.3,21.3,400.0
2019-04-03 15:11:00,21.3,21.3,21.28,21.28,1015.0
2019-04-03 15:12:00,21.3,21.31,21.29,21.31,413.0
2019-04-03 15:13:00,21.31,21.32,21.31,21.32,200.0
2019-04-03 15:16:00,21.32,21.33,21.315,21.32,2300.0
2019-04-03 15:17:00,21.325,21.325,21.325,21.325,172.0
2019-04-03 15:18:00,21.325,21.325,21.325,21.325,100.0
2019-04-03 15:19:00,21.3275,21.3275,21.3275,21.3275,160.0
2019-04-03 15:20:00,21.325,21.35,21.32,21.35,2265.0
2019-04-03 15:21:00,21.35,21.35,21.33,21.33,1300.0
2019-04-03 15:25:00,21.31,21.31,21.31,21.31,101.0
2019-04-03 15:26:00,21.32,21.34,21.32,21.34,1877.0
2019-04-03 15:27:00,21.33,21.33,21.33,21.33,330.0
2019-04-03 15:31:00,21.36,21.36,21.35,21.35,938.0
2019-04-03 15:33:00,21.34,21.34,21.33,21.33,274.0
2019-04-03 15:34:00,21.33,21.33,21.31,21.31,608.0
2019-04-03 15:39:00,21.33,21.33,21.33,21.33,300.0
2019-04-03 15:40:00,21.33,21.33,21.33,21.33,341.0
2019-04-03 15:41:00,21.31,21.31,21.31,21.31,289.0
2019-04-03 15:42:00,21.32,21.32,21.32,21.32,136.0
2019-04-03 15:44:00,21.32,21.32,21.32,21.32,617.0
2019-04-03 15:45:00,21.31,21.31,21.31,21.31,263.0
2019-04-03 15:46:00,21.33,21.33,21.32,21.32,435.0
2019-04-03 15:47:00,21.32,21.32,21.32,21.32,148.0
2019-04-03 15:49:00,21.3,21.34,21.3,21.33,2703.0
2019-04-03 15:50:00,21.33,21.34,21.32,21.34,740.0
2019-04-03 15:51:00,21.33,21.33,21.33,21.33,195.0
2019-04-03 15:52:00,21.33,21.33,21.32,21.33,628.0
2019-04-03 15:53:00,21.34,21.34,21.34,21.34,423.0
2019-04-03 15:55:00,21.35,21.36,21.35,21.355,1380.0
2019-04-03 15:56:00,21.35,21.35,21.32,21.33,3483.0
2019-04-03 15:57:00,21.34,21.36,21.34,21.36,1202.0
2019-04-03 15:58:00,21.35,21.35,21.34,21.34,758.0
2019-04-03 15:59:00,21.33,21.36,21.33,21.35,4208.0
2019-04-03 16:00:00,21.35,21.35,21.34,21.35,3808.0
