
2019-03-11 12:55:00,5.1,5.1,5.1,5.1,0.0
2019-03-11 13:51:00,4.91,4.91,4.91,4.91,100.0
2019-03-11 13:54:00,4.91,5.15,4.91,5.15,560.0
2019-03-11 14:24:00,5.08,5.08,5.08,5.08,505.0
2019-03-11 15:53:00,4.9,4.9,4.9,4.9,219.0
2019-03-12 10:48:00,5.09,5.09,5.09,5.09,0.0
2019-03-12 15:21:00,5.13,5.13,5.13,5.13,315.0
2019-03-13 09:42:00,5.13,5.13,5.061,5.061,0.0
2019-03-13 12:23:00,5.0601,5.0601,5.0601,5.0601,127.0
2019-03-13 12:39:00,5.11,5.11,5.11,5.11,913.0
2019-03-13 12:53:00,5.0999,5.0999,5.0999,5.0999,2300.0
2019-03-13 12:54:00,5.1,5.1,5.1,5.1,300.0
2019-03-13 13:43:00,5.1255,5.1255,5.1255,5.1255,200.0
2019-03-13 13:46:00,5.1255,5.1255,5.1255,5.1255,200.0
2019-03-13 13:49:00,5.1255,5.1255,5.1255,5.1255,300.0
2019-03-13 13:53:00,5.1,5.1,5.1,5.1,100.0
2019-03-13 13:56:00,5.13,5.13,5.13,5.13,500.0
2019-03-13 13:58:00,5.2765,5.2765,5.2765,5.2765,413.0
2019-03-13 14:00:00,5.11,5.11,5.11,5.11,373.0
2019-03-13 14:02:00,5.2765,5.2765,5.2765,5.2765,710.0
2019-03-13 15:24:00,5.15,5.15,5.14,5.14,0.0
2019-03-14 14:00:00,5.12,5.12,5.12,5.12,100.0
2019-03-14 14:02:00,5.09,5.09,5.09,5.09,132.0
2019-03-15 09:47:00,4.6734,4.6734,4.6734,4.6734,538.0
2019-03-15 15:34:00,5.14,5.14,5.14,5.14,270.0
2019-03-20 09:31:00,4.8,4.8,4.8,4.8,87.0
2019-03-20 13:56:00,5.56,5.56,5.56,5.56,0.0
2019-03-21 09:31:00,5.03,5.03,5.03,5.03,2.0
2019-03-21 11:59:00,4.85,4.85,4.85,4.85,143.0
2019-03-22 15:19:00,4.9426,4.9426,4.9426,4.9426,218.0
2019-03-25 10:24:00,5.4501,5.4501,5.4501,5.4501,623.0
2019-03-25 13:55:00,5.25,5.25,5.201,5.201,3091.0
2019-03-25 13:58:00,5.4145,5.4145,5.4145,5.4145,400.0
2019-03-27 10:55:00,5.06,5.37,5.06,5.37,235.0
2019-03-28 15:36:00,5.02,5.29,5.02,5.29,0.0
2019-03-29 15:54:00,5.27,5.27,5.27,5.27,0.0
2019-04-01 14:40:00,5.0296,5.0296,5.0296,5.0296,914.0
2019-04-01 15:53:00,5.2,5.2,5.2,5.2,400.0
2019-04-02 11:16:00,5.0,5.0,5.0,5.0,0.0
2019-04-02 11:18:00,5.0,5.0,5.0,5.0,1700.0
2019-04-02 11:19:00,4.8545,4.8545,4.8545,4.8545,501.0
2019-04-02 13:50:00,5.1,5.1,5.1,5.1,0.0
2019-04-03 14:16:00,5.1217,5.1217,5.1217,5.1217,300.0
2019-04-03 14:24:00,5.21,5.25,5.21,5.25,0.0
