
2019-03-11 09:31:00,27.33,27.33,27.33,27.33,0.0
2019-03-11 09:34:00,27.6,27.6,27.6,27.6,771.0
2019-03-11 09:36:00,27.5804,27.5804,27.5804,27.5804,928.0
2019-03-11 09:39:00,27.5949,27.5949,27.5949,27.5949,2255.0
2019-03-11 09:47:00,27.5,27.5,27.5,27.5,471.0
2019-03-11 10:06:00,27.55,27.55,27.55,27.55,205.0
2019-03-11 10:08:00,27.6247,27.6247,27.6247,27.6247,292.0
2019-03-11 10:13:00,27.6653,27.6653,27.6653,27.6653,100.0
2019-03-11 10:15:00,27.74,27.74,27.74,27.74,2850.0
2019-03-11 10:19:00,27.9,27.9,27.9,27.9,10349.0
2019-03-11 10:21:00,27.9103,27.9103,27.9103,27.9103,479.0
2019-03-11 10:23:00,27.96,27.96,27.96,27.96,285.0
2019-03-11 10:46:00,27.9935,27.9935,27.9935,27.9935,576.0
2019-03-11 10:48:00,28.01,28.01,28.01,28.01,1400.0
2019-03-11 10:56:00,28.1305,28.1305,28.1305,28.1305,100.0
2019-03-11 11:01:00,28.21,28.21,28.21,28.21,1653.0
2019-03-11 11:16:00,28.44,28.44,28.44,28.44,804.0
2019-03-11 11:27:00,28.32,28.32,28.32,28.32,860.0
2019-03-11 11:45:00,28.36,28.36,28.36,28.36,100.0
2019-03-11 11:56:00,28.32,28.32,28.32,28.32,238.0
2019-03-11 12:12:00,28.42,28.42,28.42,28.42,230.0
2019-03-11 12:20:00,28.42,28.42,28.42,28.42,337.0
2019-03-11 12:24:00,28.42,28.42,28.42,28.42,463.0
2019-03-11 12:36:00,28.459,28.459,28.459,28.459,200.0
2019-03-11 12:47:00,28.51,28.51,28.51,28.51,800.0
2019-03-11 13:02:00,28.4452,28.4452,28.4452,28.4452,130.0
2019-03-11 13:59:00,28.52,28.52,28.52,28.52,200.0
2019-03-11 14:03:00,28.57,28.57,28.57,28.57,505.0
2019-03-11 14:09:00,28.4801,28.4801,28.4801,28.4801,354.0
2019-03-11 14:39:00,28.65,28.65,28.65,28.65,262.0
2019-03-11 14:47:00,28.583,28.583,28.583,28.583,1100.0
2019-03-11 14:49:00,28.61,28.61,28.61,28.61,103.0
2019-03-11 15:00:00,28.65,28.65,28.65,28.65,602.0
2019-03-11 15:26:00,28.7426,28.7426,28.7426,28.7426,1000.0
2019-03-11 15:29:00,28.71,28.71,28.71,28.71,333.0
2019-03-11 15:38:00,28.78,28.78,28.78,28.78,330.0
2019-03-11 15:39:00,28.82,28.82,28.82,28.82,371.0
2019-03-11 15:51:00,28.81,28.81,28.81,28.81,100.0
2019-03-11 15:54:00,28.7501,28.7501,28.7501,28.7501,500.0
2019-03-11 15:56:00,28.85,28.85,28.81,28.81,527.0
2019-03-11 16:00:00,28.93,28.93,28.93,28.93,3800.0
2019-03-12 09:32:00,29.2568,29.2568,29.2568,29.2568,0.0
2019-03-12 09:33:00,29.0,29.0,29.0,29.0,666.0
2019-03-12 09:37:00,29.0967,29.0967,29.0967,29.0967,590.0
2019-03-12 09:39:00,29.27,29.27,29.27,29.27,101.0
2019-03-12 09:41:00,29.15,29.15,29.15,29.15,300.0
2019-03-12 09:45:00,29.0702,29.0702,29.0702,29.0702,618.0
2019-03-12 09:55:00,29.328,29.328,29.328,29.328,400.0
2019-03-12 10:01:00,29.22,29.22,29.22,29.22,1000.0
2019-03-12 10:05:00,29.08,29.08,29.04,29.04,2900.0
2019-03-12 10:10:00,29.09,29.09,29.09,29.09,214.0
2019-03-12 10:23:00,29.13,29.13,29.13,29.13,437.0
2019-03-12 10:36:00,29.3054,29.3054,29.3054,29.3054,808.0
2019-03-12 10:37:00,29.3436,29.3436,29.3436,29.3436,1540.0
2019-03-12 10:50:00,29.36,29.36,29.36,29.36,1430.0
2019-03-12 11:02:00,29.3945,29.3945,29.3945,29.3945,3078.0
2019-03-12 11:03:00,29.35,29.35,29.35,29.35,401.0
2019-03-12 11:09:00,29.39,29.39,29.39,29.39,1219.0
2019-03-12 11:23:00,29.35,29.35,29.35,29.35,465.0
2019-03-12 11:26:00,29.3304,29.3304,29.3304,29.3304,2000.0
2019-03-12 11:28:00,29.29,29.29,29.29,29.29,103.0
2019-03-12 11:58:00,29.59,29.59,29.59,29.59,500.0
2019-03-12 12:04:00,29.56,29.56,29.56,29.56,350.0
2019-03-12 12:12:00,29.6,29.6,29.6,29.6,500.0
2019-03-12 12:14:00,29.62,29.62,29.62,29.62,101.0
2019-03-12 12:19:00,29.68,29.68,29.68,29.68,382.0
2019-03-12 12:27:00,29.75,29.75,29.75,29.75,200.0
2019-03-12 12:30:00,29.76,29.76,29.76,29.76,100.0
2019-03-12 12:38:00,29.7155,29.7155,29.7155,29.7155,1000.0
2019-03-12 12:41:00,29.7,29.7,29.7,29.7,200.0
2019-03-12 12:44:00,29.7439,29.7439,29.7439,29.7439,1340.0
2019-03-12 12:45:00,29.73,29.7437,29.73,29.7437,2300.0
2019-03-12 12:49:00,29.78,29.84,29.78,29.84,1434.0
2019-03-12 12:51:00,29.78,29.78,29.78,29.78,510.0
2019-03-12 13:01:00,29.83,29.83,29.83,29.83,1380.0
2019-03-12 13:11:00,30.0147,30.0147,30.0147,30.0147,1150.0
2019-03-12 13:12:00,29.94,29.94,29.94,29.94,100.0
2019-03-12 13:14:00,29.98,29.98,29.98,29.98,631.0
2019-03-12 13:20:00,29.99,29.99,29.99,29.99,2414.0
2019-03-12 13:32:00,29.93,29.93,29.93,29.93,1100.0
2019-03-12 13:36:00,29.9297,29.9297,29.9297,29.9297,201.0
2019-03-12 13:47:00,29.99,29.99,29.99,29.99,808.0
2019-03-12 13:50:00,29.9381,29.9381,29.9381,29.9381,100.0
2019-03-12 14:16:00,29.9962,29.9962,29.9962,29.9962,592.0
2019-03-12 14:29:00,29.89,29.89,29.89,29.89,1700.0
2019-03-12 14:30:00,29.86,29.86,29.86,29.86,100.0
2019-03-12 14:38:00,29.9211,29.9211,29.9211,29.9211,200.0
2019-03-12 14:46:00,29.84,29.84,29.84,29.84,173.0
2019-03-12 14:55:00,29.785,29.785,29.785,29.785,1228.0
2019-03-12 15:08:00,29.83,29.83,29.83,29.83,284.0
2019-03-12 15:12:00,29.7401,29.7401,29.7401,29.7401,250.0
2019-03-12 15:18:00,29.55,29.55,29.55,29.55,362.0
2019-03-12 15:27:00,29.55,29.55,29.55,29.55,100.0
2019-03-12 15:32:00,29.5405,29.5405,29.5405,29.5405,200.0
2019-03-12 15:35:00,29.5001,29.5001,29.5001,29.5001,205.0
2019-03-12 15:46:00,29.75,29.75,29.75,29.75,422.0
2019-03-12 15:47:00,29.79,29.79,29.79,29.79,100.0
2019-03-12 15:50:00,29.77,29.77,29.77,29.77,100.0
2019-03-12 15:52:00,29.71,29.71,29.71,29.71,312.0
2019-03-12 15:56:00,29.56,29.56,29.56,29.56,146.0
2019-03-12 15:58:00,29.58,29.58,29.58,29.58,246.0
2019-03-12 16:00:00,29.57,29.57,29.57,29.57,359.0
2019-03-13 09:31:00,29.96,29.96,29.96,29.96,766.0
2019-03-13 09:36:00,29.97,29.97,29.97,29.97,316.0
2019-03-13 09:44:00,29.91,29.91,29.91,29.91,500.0
2019-03-13 09:47:00,30.0699,30.0699,30.0699,30.0699,1103.0
2019-03-13 09:53:00,29.996,29.996,29.996,29.996,136.0
2019-03-13 09:56:00,30.1,30.1,30.1,30.1,249.0
2019-03-13 10:02:00,30.02,30.02,30.02,30.02,200.0
2019-03-13 10:05:00,30.05,30.05,30.05,30.05,100.0
2019-03-13 10:09:00,30.06,30.06,30.06,30.06,200.0
2019-03-13 10:19:00,30.2101,30.2101,30.2101,30.2101,309.0
2019-03-13 10:33:00,30.245,30.245,30.245,30.245,401.0
2019-03-13 10:35:00,30.33,30.33,30.33,30.33,200.0
2019-03-13 10:36:00,30.4,30.4,30.4,30.4,1100.0
2019-03-13 10:37:00,30.38,30.38,30.38,30.38,1190.0
2019-03-13 10:39:00,30.41,30.41,30.41,30.41,400.0
2019-03-13 10:45:00,30.26,30.26,30.26,30.26,2126.0
2019-03-13 10:47:00,30.34,30.34,30.34,30.34,1040.0
2019-03-13 10:54:00,30.4,30.4,30.4,30.4,484.0
2019-03-13 10:55:00,30.45,30.45,30.45,30.45,500.0
2019-03-13 10:56:00,30.4596,30.4596,30.4596,30.4596,100.0
2019-03-13 10:58:00,30.42,30.42,30.42,30.42,300.0
2019-03-13 11:00:00,30.5,30.5,30.5,30.5,247.0
2019-03-13 11:03:00,30.58,30.58,30.58,30.58,381.0
2019-03-13 11:22:00,30.65,30.65,30.65,30.65,1005.0
2019-03-13 11:25:00,30.67,30.67,30.67,30.67,1006.0
2019-03-13 11:38:00,30.691,30.691,30.691,30.691,610.0
2019-03-13 11:51:00,30.65,30.65,30.65,30.65,570.0
2019-03-13 12:11:00,30.5353,30.5353,30.5353,30.5353,1100.0
2019-03-13 12:14:00,30.6094,30.6094,30.6094,30.6094,160.0
2019-03-13 12:16:00,30.6154,30.6154,30.6154,30.6154,200.0
2019-03-13 12:21:00,30.52,30.52,30.52,30.52,100.0
2019-03-13 12:24:00,30.5143,30.5143,30.5143,30.5143,244.0
2019-03-13 12:30:00,30.5601,30.5601,30.5601,30.5601,928.0
2019-03-13 12:42:00,30.65,30.65,30.65,30.65,100.0
2019-03-13 12:44:00,30.7,30.7,30.7,30.7,200.0
2019-03-13 12:46:00,30.82,30.82,30.82,30.82,300.0
2019-03-13 12:50:00,30.7982,30.7982,30.7982,30.7982,310.0
2019-03-13 12:52:00,30.74,30.74,30.74,30.74,450.0
2019-03-13 13:03:00,30.7378,30.7378,30.7378,30.7378,205.0
2019-03-13 13:12:00,30.78,30.78,30.78,30.78,200.0
2019-03-13 13:13:00,30.7839,30.7839,30.7839,30.7839,1025.0
2019-03-13 13:28:00,30.705,30.705,30.705,30.705,161.0
2019-03-13 13:50:00,30.7824,30.7824,30.7824,30.7824,165.0
2019-03-13 14:03:00,30.77,30.78,30.77,30.78,800.0
2019-03-13 14:47:00,30.6,30.6,30.6,30.6,1126.0
2019-03-13 14:52:00,30.4916,30.4916,30.4916,30.4916,274.0
2019-03-13 14:55:00,30.65,30.65,30.65,30.65,100.0
2019-03-13 14:56:00,30.6152,30.6152,30.6152,30.6152,250.0
2019-03-13 15:10:00,30.6649,30.6649,30.6649,30.6649,263.0
2019-03-13 15:24:00,30.72,30.72,30.72,30.72,100.0
2019-03-13 15:39:00,30.74,30.74,30.74,30.74,300.0
2019-03-13 15:47:00,30.7792,30.7792,30.7792,30.7792,162.0
2019-03-13 15:52:00,30.7204,30.7204,30.7204,30.7204,633.0
2019-03-13 15:53:00,30.74,30.74,30.74,30.74,938.0
2019-03-13 15:55:00,30.77,30.77,30.77,30.77,342.0
2019-03-13 15:56:00,30.77,30.77,30.77,30.77,1222.0
2019-03-13 15:57:00,30.76,30.76,30.76,30.76,200.0
2019-03-13 15:58:00,30.7798,30.7798,30.7798,30.7798,315.0
2019-03-13 16:00:00,30.79,30.79,30.79,30.79,700.0
2019-03-14 09:31:00,31.0,31.0,31.0,31.0,0.0
2019-03-14 09:32:00,30.88,30.88,30.88,30.88,100.0
2019-03-14 09:34:00,30.97,30.97,30.97,30.97,100.0
2019-03-14 09:37:00,31.17,31.17,31.17,31.17,375.0
2019-03-14 09:38:00,31.127,31.127,31.127,31.127,775.0
2019-03-14 09:40:00,31.21,31.21,31.21,31.21,225.0
2019-03-14 09:41:00,31.21,31.21,31.21,31.21,593.0
2019-03-14 09:44:00,31.12,31.12,31.12,31.12,706.0
2019-03-14 09:53:00,31.13,31.13,31.0759,31.0759,3067.0
2019-03-14 10:02:00,30.94,30.94,30.94,30.94,333.0
2019-03-14 10:03:00,30.9,30.9,30.9,30.9,349.0
2019-03-14 10:05:00,30.7501,30.7501,30.7501,30.7501,475.0
2019-03-14 10:09:00,30.56,30.56,30.56,30.56,1118.0
2019-03-14 10:10:00,30.43,30.43,30.43,30.43,1041.0
2019-03-14 10:11:00,30.4311,30.4311,30.4311,30.4311,1074.0
2019-03-14 10:13:00,30.4724,30.4724,30.4724,30.4724,228.0
2019-03-14 10:14:00,30.25,30.25,30.25,30.25,604.0
2019-03-14 10:18:00,30.35,30.35,30.35,30.35,300.0
2019-03-14 10:25:00,30.35,30.35,30.35,30.35,1201.0
2019-03-14 10:32:00,30.32,30.32,30.32,30.32,100.0
2019-03-14 10:34:00,30.46,30.46,30.46,30.46,100.0
2019-03-14 10:37:00,30.37,30.37,30.37,30.37,660.0
2019-03-14 10:54:00,30.25,30.25,30.25,30.25,401.0
2019-03-14 10:56:00,30.134,30.134,30.134,30.134,3002.0
2019-03-14 11:16:00,30.2046,30.2046,30.2046,30.2046,200.0
2019-03-14 11:21:00,30.329,30.329,30.329,30.329,1102.0
2019-03-14 11:59:00,30.6315,30.6315,30.6315,30.6315,240.0
2019-03-14 12:02:00,30.6929,30.6929,30.6929,30.6929,200.0
2019-03-14 12:09:00,30.6544,30.6544,30.6544,30.6544,300.0
2019-03-14 12:11:00,30.6619,30.6619,30.6619,30.6619,215.0
2019-03-14 12:36:00,30.69,30.69,30.69,30.69,250.0
2019-03-14 13:01:00,30.524,30.524,30.524,30.524,950.0
2019-03-14 13:07:00,30.5301,30.5301,30.5301,30.5301,166.0
2019-03-14 13:43:00,30.6099,30.6099,30.6099,30.6099,125.0
2019-03-14 13:51:00,30.59,30.59,30.59,30.59,600.0
2019-03-14 14:23:00,30.4301,30.4301,30.4301,30.4301,311.0
2019-03-14 14:25:00,30.441,30.441,30.441,30.441,457.0
2019-03-14 14:26:00,30.45,30.45,30.45,30.45,945.0
2019-03-14 14:30:00,30.47,30.47,30.47,30.47,454.0
2019-03-14 14:37:00,30.45,30.45,30.39,30.39,872.0
2019-03-14 15:05:00,30.3393,30.3393,30.3393,30.3393,600.0
2019-03-14 15:10:00,30.37,30.37,30.37,30.37,156.0
2019-03-14 15:11:00,30.39,30.39,30.37,30.37,1338.0
2019-03-14 15:17:00,30.34,30.34,30.34,30.34,193.0
2019-03-14 15:18:00,30.3524,30.3524,30.3524,30.3524,819.0
2019-03-14 15:29:00,30.393,30.393,30.393,30.393,970.0
2019-03-14 15:35:00,30.5,30.5,30.5,30.5,100.0
2019-03-14 15:51:00,30.59,30.59,30.59,30.59,451.0
2019-03-14 15:55:00,30.57,30.57,30.57,30.57,433.0
2019-03-14 15:58:00,30.44,30.44,30.44,30.44,568.0
2019-03-14 15:59:00,30.41,30.41,30.41,30.41,0.0
2019-03-15 09:38:00,30.86,30.86,30.86,30.86,345.0
2019-03-15 09:48:00,31.16,31.16,31.16,31.16,274.0
2019-03-15 09:52:00,31.13,31.13,31.13,31.13,260.0
2019-03-15 09:55:00,31.3,31.3,31.3,31.3,1060.0
2019-03-15 10:01:00,31.19,31.19,31.19,31.19,540.0
2019-03-15 10:03:00,31.14,31.14,31.14,31.14,100.0
2019-03-15 10:08:00,31.176,31.176,31.176,31.176,1800.0
2019-03-15 10:09:00,31.17,31.17,31.17,31.17,120.0
2019-03-15 10:13:00,31.07,31.07,31.07,31.07,380.0
2019-03-15 10:28:00,30.9701,30.9701,30.9701,30.9701,428.0
2019-03-15 10:38:00,30.8213,30.8213,30.8213,30.8213,353.0
2019-03-15 10:53:00,31.0404,31.0404,31.0404,31.0404,182.0
2019-03-15 11:23:00,30.983,30.983,30.983,30.983,300.0
2019-03-15 11:34:00,30.919,30.919,30.919,30.919,825.0
2019-03-15 11:50:00,31.1,31.1,31.1,31.1,701.0
2019-03-15 11:52:00,31.11,31.11,31.11,31.11,100.0
2019-03-15 12:00:00,30.97,30.97,30.97,30.97,300.0
2019-03-15 12:02:00,31.0081,31.0081,31.0081,31.0081,150.0
2019-03-15 12:04:00,31.0,31.0,31.0,31.0,150.0
2019-03-15 12:12:00,31.1125,31.1125,31.1101,31.1101,1845.0
2019-03-15 12:16:00,31.24,31.24,31.24,31.24,1700.0
2019-03-15 12:18:00,31.25,31.25,31.25,31.25,700.0
2019-03-15 12:23:00,31.35,31.35,31.35,31.35,605.0
2019-03-15 12:27:00,31.24,31.24,31.24,31.24,156.0
2019-03-15 12:41:00,31.45,31.45,31.45,31.45,300.0
2019-03-15 12:43:00,31.44,31.44,31.44,31.44,513.0
2019-03-15 13:08:00,31.38,31.38,31.38,31.38,100.0
2019-03-15 13:19:00,31.44,31.44,31.44,31.44,1090.0
2019-03-15 13:45:00,31.59,31.59,31.59,31.59,1240.0
2019-03-15 14:10:00,31.32,31.32,31.32,31.32,224.0
2019-03-15 14:35:00,31.31,31.31,31.31,31.31,434.0
2019-03-15 14:36:00,31.31,31.31,31.31,31.31,607.0
2019-03-15 14:56:00,31.383,31.383,31.383,31.383,202.0
2019-03-15 15:01:00,31.41,31.41,31.41,31.41,250.0
2019-03-15 15:07:00,31.45,31.45,31.45,31.45,257.0
2019-03-15 15:12:00,31.4084,31.4084,31.4084,31.4084,587.0
2019-03-15 15:27:00,31.3675,31.3675,31.3675,31.3675,200.0
2019-03-15 15:33:00,31.32,31.32,31.32,31.32,155.0
2019-03-15 15:44:00,31.3999,31.3999,31.3999,31.3999,487.0
2019-03-15 15:48:00,31.375,31.375,31.375,31.375,240.0
2019-03-15 15:55:00,31.2,31.2,31.2,31.2,1182.0
2019-03-15 15:56:00,31.26,31.26,31.26,31.26,351.0
2019-03-15 15:59:00,31.45,31.45,31.45,31.45,628.0
2019-03-15 16:00:00,31.47,31.51,31.47,31.51,0.0
2019-03-18 09:31:00,31.77,31.77,31.77,31.77,611.0
2019-03-18 09:34:00,31.366,31.366,31.366,31.366,318.0
2019-03-18 09:38:00,31.4,31.4,31.4,31.4,100.0
2019-03-18 09:42:00,31.49,31.49,31.49,31.49,0.0
2019-03-18 09:52:00,31.67,31.67,31.67,31.67,2974.0
2019-03-18 09:56:00,31.803,31.803,31.803,31.803,2020.0
2019-03-18 09:59:00,31.8761,31.8761,31.8761,31.8761,182.0
2019-03-18 10:03:00,32.0,32.0,32.0,32.0,637.0
2019-03-18 10:07:00,31.86,31.9049,31.86,31.9049,2014.0
2019-03-18 10:11:00,31.93,31.93,31.93,31.93,473.0
2019-03-18 10:18:00,31.68,31.68,31.68,31.68,100.0
2019-03-18 10:23:00,31.79,31.79,31.785,31.785,852.0
2019-03-18 11:07:00,31.901,31.901,31.901,31.901,1541.0
2019-03-18 11:19:00,31.68,31.68,31.68,31.68,925.0
2019-03-18 11:35:00,31.15,31.15,31.15,31.15,150.0
2019-03-18 12:01:00,31.17,31.17,31.17,31.17,100.0
2019-03-18 12:04:00,31.0799,31.0799,31.0799,31.0799,7829.0
2019-03-18 12:29:00,30.88,30.88,30.88,30.88,132.0
2019-03-18 12:32:00,30.8001,30.8001,30.8001,30.8001,200.0
2019-03-18 12:35:00,30.65,30.65,30.65,30.65,1957.0
2019-03-18 12:38:00,30.765,30.765,30.765,30.765,100.0
2019-03-18 12:44:00,30.71,30.71,30.71,30.71,207.0
2019-03-18 12:49:00,30.82,30.82,30.802,30.802,906.0
2019-03-18 12:54:00,30.9,30.9,30.9,30.9,100.0
2019-03-18 13:44:00,30.94,30.94,30.94,30.94,400.0
2019-03-18 13:50:00,30.88,30.88,30.88,30.88,300.0
2019-03-18 13:58:00,30.94,30.94,30.94,30.94,446.0
2019-03-18 14:05:00,31.0147,31.0147,31.0147,31.0147,200.0
2019-03-18 14:08:00,31.01,31.01,31.0,31.0,366.0
2019-03-18 14:16:00,30.97,30.97,30.97,30.97,232.0
2019-03-18 14:22:00,30.93,30.93,30.93,30.93,306.0
2019-03-18 14:55:00,31.0124,31.0124,31.0124,31.0124,150.0
2019-03-18 15:15:00,30.9499,30.9499,30.9499,30.9499,2000.0
2019-03-18 15:17:00,30.93,30.93,30.93,30.93,100.0
2019-03-18 15:30:00,30.89,30.89,30.89,30.89,300.0
2019-03-18 15:37:00,30.9801,30.9801,30.9801,30.9801,1200.0
2019-03-18 15:38:00,31.04,31.04,31.04,31.04,1509.0
2019-03-18 15:44:00,31.16,31.16,31.16,31.16,257.0
2019-03-18 15:45:00,31.17,31.17,31.17,31.17,2047.0
2019-03-18 15:52:00,31.217,31.217,31.217,31.217,211.0
2019-03-18 15:56:00,31.13,31.13,31.13,31.13,165.0
2019-03-18 16:00:00,31.22,31.22,31.22,31.22,627.0
2019-03-19 09:32:00,31.5254,31.5254,31.5254,31.5254,1043.0
2019-03-19 09:35:00,31.5,31.5,31.5,31.5,0.0
2019-03-19 09:38:00,31.48,31.48,31.48,31.48,3929.0
2019-03-19 09:52:00,31.4,31.4,31.4,31.4,275.0
2019-03-19 09:57:00,31.6,31.6,31.6,31.6,221.0
2019-03-19 10:12:00,31.5284,31.5284,31.5284,31.5284,471.0
2019-03-19 10:20:00,31.5374,31.5374,31.5374,31.5374,201.0
2019-03-19 10:59:00,31.12,31.12,31.12,31.12,326.0
2019-03-19 11:16:00,31.259,31.259,31.259,31.259,433.0
2019-03-19 11:34:00,31.2884,31.2884,31.2884,31.2884,207.0
2019-03-19 12:03:00,31.5,31.5,31.5,31.5,501.0
2019-03-19 12:05:00,31.4801,31.4801,31.4801,31.4801,300.0
2019-03-19 12:06:00,31.55,31.55,31.55,31.55,1378.0
2019-03-19 12:13:00,31.55,31.55,31.55,31.55,211.0
2019-03-19 12:14:00,31.55,31.55,31.55,31.55,297.0
2019-03-19 12:15:00,31.55,31.55,31.55,31.55,929.0
2019-03-19 12:16:00,31.55,31.55,31.55,31.55,942.0
2019-03-19 12:23:00,31.535,31.535,31.535,31.535,260.0
2019-03-19 12:30:00,31.52,31.52,31.52,31.52,250.0
2019-03-19 12:33:00,31.4802,31.4802,31.4802,31.4802,250.0
2019-03-19 12:37:00,31.4904,31.4904,31.4904,31.4904,300.0
2019-03-19 12:41:00,31.51,31.51,31.51,31.51,300.0
2019-03-19 12:47:00,31.41,31.41,31.41,31.41,100.0
2019-03-19 12:48:00,31.34,31.34,31.34,31.34,600.0
2019-03-19 12:51:00,31.156,31.156,31.156,31.156,1475.0
2019-03-19 12:55:00,31.1627,31.1627,31.1627,31.1627,560.0
2019-03-19 13:01:00,31.35,31.35,31.35,31.35,300.0
2019-03-19 13:07:00,31.44,31.44,31.44,31.44,280.0
2019-03-19 13:13:00,31.5099,31.5099,31.5099,31.5099,500.0
2019-03-19 13:37:00,31.53,31.53,31.53,31.53,284.0
2019-03-19 14:25:00,31.39,31.39,31.39,31.39,201.0
2019-03-19 15:00:00,31.41,31.41,31.41,31.41,100.0
2019-03-19 15:01:00,31.45,31.45,31.45,31.45,221.0
2019-03-19 15:21:00,31.22,31.22,31.22,31.22,234.0
2019-03-19 15:26:00,31.1,31.1,31.1,31.1,314.0
2019-03-19 15:32:00,31.15,31.15,31.15,31.15,100.0
2019-03-19 15:36:00,31.22,31.238,31.22,31.2376,1066.0
2019-03-19 15:37:00,31.16,31.16,31.14,31.14,1900.0
2019-03-19 15:41:00,31.11,31.11,31.11,31.11,389.0
2019-03-19 15:42:00,31.04,31.04,31.04,31.04,130.0
2019-03-19 15:43:00,31.04,31.04,31.04,31.04,421.0
2019-03-19 15:44:00,31.01,31.01,31.01,31.01,468.0
2019-03-19 15:45:00,31.03,31.03,31.03,31.03,370.0
2019-03-19 15:46:00,31.05,31.05,31.05,31.05,212.0
2019-03-19 15:48:00,31.085,31.085,31.085,31.085,372.0
2019-03-19 15:52:00,31.13,31.13,31.11,31.11,275.0
2019-03-19 15:53:00,31.06,31.0635,31.06,31.0635,1727.0
2019-03-19 15:55:00,31.02,31.02,31.02,31.02,482.0
2019-03-19 15:56:00,31.07,31.07,31.07,31.07,932.0
2019-03-19 15:59:00,31.17,31.17,31.17,31.17,124.0
2019-03-19 16:00:00,31.16,31.27,31.14,31.27,0.0
2019-03-20 09:31:00,30.81,30.81,30.81,30.81,0.0
2019-03-20 09:35:00,30.9185,30.9185,30.9185,30.9185,1000.0
2019-03-20 09:51:00,31.19,31.19,31.19,31.19,200.0
2019-03-20 10:01:00,31.2863,31.2863,31.2863,31.2863,416.0
2019-03-20 10:13:00,30.98,30.98,30.98,30.98,2094.0
2019-03-20 10:16:00,30.88,30.88,30.88,30.88,2106.0
2019-03-20 10:17:00,30.81,30.81,30.81,30.81,100.0
2019-03-20 10:21:00,30.8,30.8,30.8,30.8,100.0
2019-03-20 10:22:00,30.92,30.92,30.92,30.92,100.0
2019-03-20 10:25:00,30.92,30.92,30.92,30.92,336.0
2019-03-20 10:26:00,30.92,30.92,30.92,30.92,509.0
2019-03-20 10:37:00,30.95,30.95,30.95,30.95,100.0
2019-03-20 10:39:00,30.9,30.9,30.9,30.9,303.0
2019-03-20 10:41:00,31.02,31.02,31.02,31.02,400.0
2019-03-20 10:46:00,31.06,31.06,31.06,31.06,100.0
2019-03-20 10:47:00,31.0397,31.0397,31.0397,31.0397,2004.0
2019-03-20 11:13:00,31.2501,31.2501,31.2501,31.2501,2020.0
2019-03-20 11:25:00,31.28,31.28,31.28,31.28,377.0
2019-03-20 11:58:00,30.5,30.5,30.5,30.5,200.0
2019-03-20 11:59:00,30.5,30.5,30.45,30.45,850.0
2019-03-20 12:05:00,30.41,30.41,30.41,30.41,436.0
2019-03-20 12:06:00,30.4,30.4,30.4,30.4,294.0
2019-03-20 12:14:00,30.59,30.59,30.56,30.56,600.0
2019-03-20 12:18:00,30.6199,30.6199,30.6199,30.6199,2038.0
2019-03-20 12:33:00,30.39,30.39,30.27,30.27,619.0
2019-03-20 12:34:00,30.25,30.25,30.24,30.24,400.0
2019-03-20 12:35:00,30.2001,30.21,30.2,30.2,1000.0
2019-03-20 12:36:00,30.08,30.08,30.08,30.08,500.0
2019-03-20 12:37:00,30.02,30.021,30.0,30.0,1519.0
2019-03-20 12:38:00,29.9301,29.95,29.9301,29.95,4031.0
2019-03-20 12:41:00,30.22,30.22,30.22,30.22,232.0
2019-03-20 12:47:00,30.09,30.1,30.09,30.1,200.0
2019-03-20 12:48:00,30.13,30.13,30.13,30.13,135.0
2019-03-20 12:49:00,30.18,30.18,30.18,30.18,100.0
2019-03-20 12:55:00,30.18,30.18,30.18,30.18,660.0
2019-03-20 13:00:00,30.31,30.319,30.3,30.3,1600.0
2019-03-20 13:01:00,30.26,30.26,30.26,30.26,283.0
2019-03-20 13:18:00,30.45,30.45,30.45,30.45,321.0
2019-03-20 13:21:00,30.45,30.45,30.45,30.45,1651.0
2019-03-20 13:32:00,30.44,30.44,30.44,30.44,400.0
2019-03-20 14:00:00,30.73,30.73,30.73,30.73,275.0
2019-03-20 14:01:00,30.98,30.98,30.92,30.92,1419.0
2019-03-20 14:05:00,31.121,31.121,31.121,31.121,1529.0
2019-03-20 14:08:00,31.0799,31.0799,31.0799,31.0799,2000.0
2019-03-20 14:09:00,30.9901,30.9901,30.9901,30.9901,1550.0
2019-03-20 14:10:00,30.9999,30.9999,30.9999,30.9999,0.0
2019-03-20 14:14:00,31.0937,31.0937,31.0937,31.0937,39519.0
2019-03-20 14:15:00,31.052,31.052,31.052,31.052,200.0
2019-03-20 14:22:00,30.932,30.932,30.9071,30.9071,800.0
2019-03-20 14:29:00,31.015,31.015,31.015,31.015,339.0
2019-03-20 14:30:00,31.2,31.2,31.2,31.2,197.0
2019-03-20 14:39:00,31.42,31.42,31.42,31.42,200.0
2019-03-20 14:48:00,31.5491,31.5491,31.5491,31.5491,166.0
2019-03-20 14:49:00,31.419,31.419,31.419,31.419,1030.0
2019-03-20 15:00:00,31.29,31.29,31.288,31.288,3000.0
2019-03-20 15:05:00,31.15,31.1679,31.14,31.15,2069.0
2019-03-20 15:07:00,31.17,31.17,31.17,31.17,469.0
2019-03-20 15:11:00,31.2072,31.2072,31.2072,31.2072,100.0
2019-03-20 15:31:00,30.95,31.02,30.95,30.985,900.0
2019-03-20 15:32:00,30.9,30.9,30.9,30.9,160.0
2019-03-20 15:40:00,30.89,30.89,30.81,30.81,414.0
2019-03-20 15:41:00,30.84,30.84,30.84,30.84,172.0
2019-03-20 15:47:00,30.87,30.87,30.87,30.87,1079.0
2019-03-20 16:00:00,30.59,30.59,30.58,30.58,842.0
2019-03-21 09:31:00,28.1249,28.1249,28.1249,28.1249,16046.0
2019-03-21 09:32:00,28.33,28.33,28.33,28.33,1235.0
2019-03-21 09:33:00,28.31,28.31,28.18,28.18,4243.0
2019-03-21 09:34:00,28.2204,28.2204,28.2204,28.2204,5838.0
2019-03-21 09:36:00,28.3548,28.3548,28.3548,28.3548,370.0
2019-03-21 09:38:00,28.6,28.6,28.6,28.6,950.0
2019-03-21 09:39:00,28.6527,28.6527,28.6527,28.6527,739.0
2019-03-21 09:40:00,28.67,28.67,28.67,28.67,945.0
2019-03-21 09:41:00,28.5172,28.57,28.5172,28.57,979.0
2019-03-21 09:45:00,28.6869,28.6869,28.6869,28.6869,634.0
2019-03-21 09:46:00,28.7985,28.7985,28.7544,28.7544,552.0
2019-03-21 09:47:00,28.69,28.69,28.69,28.69,1202.0
2019-03-21 09:51:00,28.8,28.8,28.8,28.8,1414.0
2019-03-21 09:52:00,28.726,28.726,28.726,28.726,200.0
2019-03-21 09:53:00,28.7991,28.7991,28.7991,28.7991,556.0
2019-03-21 09:56:00,28.8,28.8,28.8,28.8,3558.0
2019-03-21 10:00:00,28.8,28.8,28.8,28.8,2142.0
2019-03-21 10:09:00,29.05,29.05,29.05,29.05,2100.0
2019-03-21 10:12:00,29.0408,29.0408,29.0408,29.0408,169.0
2019-03-21 10:13:00,29.14,29.14,29.14,29.14,469.0
2019-03-21 10:14:00,29.15,29.15,29.15,29.15,450.0
2019-03-21 10:18:00,29.0,29.0,29.0,29.0,546.0
2019-03-21 10:24:00,28.84,28.84,28.84,28.84,209.0
2019-03-21 10:31:00,28.8,28.8,28.8,28.8,124.0
2019-03-21 10:32:00,28.6904,28.6904,28.6904,28.6904,1225.0
2019-03-21 10:36:00,28.71,28.71,28.71,28.71,151.0
2019-03-21 10:48:00,28.58,28.59,28.58,28.59,3233.0
2019-03-21 10:54:00,28.85,28.88,28.85,28.88,765.0
2019-03-21 10:59:00,28.8193,28.8193,28.8193,28.8193,252.0
2019-03-21 11:03:00,29.0673,29.0673,29.05,29.05,360.0
2019-03-21 11:07:00,29.2599,29.2599,29.2453,29.2453,1140.0
2019-03-21 11:08:00,29.1196,29.14,29.1196,29.14,10764.0
2019-03-21 11:22:00,29.14,29.14,29.14,29.14,603.0
2019-03-21 11:23:00,29.1,29.1,29.1,29.1,773.0
2019-03-21 11:26:00,29.19,29.19,29.19,29.19,101.0
2019-03-21 11:30:00,29.12,29.12,29.12,29.12,1103.0
2019-03-21 11:32:00,29.14,29.14,29.14,29.14,357.0
2019-03-21 11:33:00,29.2,29.2,29.2,29.2,457.0
2019-03-21 11:35:00,29.1614,29.1614,29.1614,29.1614,210.0
2019-03-21 11:36:00,29.11,29.11,29.11,29.11,1210.0
2019-03-21 11:37:00,29.17,29.17,29.17,29.17,218.0
2019-03-21 11:39:00,29.21,29.21,29.21,29.21,100.0
2019-03-21 11:41:00,29.1687,29.26,29.1687,29.26,2503.0
2019-03-21 11:43:00,29.33,29.33,29.33,29.33,1483.0
2019-03-21 11:45:00,29.31,29.31,29.31,29.31,350.0
2019-03-21 11:47:00,29.33,29.33,29.33,29.33,186.0
2019-03-21 11:49:00,29.33,29.33,29.33,29.33,613.0
2019-03-21 11:50:00,29.36,29.36,29.36,29.36,1115.0
2019-03-21 11:54:00,29.4002,29.4002,29.4002,29.4002,1240.0
2019-03-21 12:00:00,29.55,29.55,29.55,29.55,1092.0
2019-03-21 12:02:00,29.49,29.49,29.49,29.49,100.0
2019-03-21 12:07:00,29.4,29.4,29.4,29.4,1040.0
2019-03-21 12:12:00,29.39,29.39,29.39,29.39,700.0
2019-03-21 12:14:00,29.38,29.38,29.38,29.38,300.0
2019-03-21 12:15:00,29.39,29.39,29.39,29.39,1410.0
2019-03-21 12:22:00,29.2767,29.2767,29.2767,29.2767,600.0
2019-03-21 12:31:00,29.18,29.18,29.18,29.18,150.0
2019-03-21 12:37:00,29.07,29.07,29.07,29.07,619.0
2019-03-21 12:39:00,29.124,29.124,29.124,29.124,309.0
2019-03-21 13:02:00,29.24,29.24,29.24,29.24,149.0
2019-03-21 13:06:00,29.27,29.27,29.27,29.27,100.0
2019-03-21 13:17:00,29.299,29.299,29.299,29.299,200.0
2019-03-21 13:20:00,29.222,29.222,29.222,29.222,300.0
2019-03-21 13:29:00,29.29,29.29,29.29,29.29,504.0
2019-03-21 14:17:00,29.2676,29.2676,29.2676,29.2676,147.0
2019-03-21 14:36:00,29.34,29.34,29.34,29.34,480.0
2019-03-21 14:42:00,29.37,29.37,29.37,29.37,285.0
2019-03-21 14:53:00,29.4472,29.4472,29.4472,29.4472,504.0
2019-03-21 15:06:00,29.4252,29.4252,29.4252,29.4252,100.0
2019-03-21 15:13:00,29.24,29.24,29.24,29.24,307.0
2019-03-21 15:29:00,29.4,29.4,29.4,29.4,800.0
2019-03-21 15:33:00,29.37,29.37,29.37,29.37,254.0
2019-03-21 15:42:00,29.49,29.49,29.49,29.49,258.0
2019-03-21 15:45:00,29.49,29.49,29.49,29.49,642.0
2019-03-21 15:48:00,29.39,29.39,29.39,29.39,388.0
2019-03-21 15:56:00,29.58,29.59,29.58,29.59,7444.0
2019-03-21 15:57:00,29.6,29.6,29.6,29.6,4255.0
2019-03-21 15:58:00,29.63,29.63,29.63,29.63,313.0
2019-03-21 15:59:00,29.64,29.64,29.64,29.64,1751.0
2019-03-21 16:00:00,29.63,29.63,29.62,29.62,6954.0
2019-03-22 09:31:00,29.02,29.02,29.02,29.02,1438.0
2019-03-22 09:49:00,29.14,29.14,29.14,29.14,100.0
2019-03-22 09:50:00,28.79,28.79,28.79,28.79,1717.0
2019-03-22 09:54:00,28.57,28.57,28.57,28.57,100.0
2019-03-22 09:56:00,28.395,28.4217,28.37,28.42,4632.0
2019-03-22 09:57:00,28.3301,28.51,28.3301,28.51,7282.0
2019-03-22 10:04:00,28.53,28.53,28.53,28.53,494.0
2019-03-22 10:09:00,28.4417,28.4417,28.4417,28.4417,576.0
2019-03-22 10:11:00,28.48,28.48,28.48,28.48,159.0
2019-03-22 10:17:00,28.6899,28.6899,28.6899,28.6899,3006.0
2019-03-22 10:23:00,28.7464,28.7464,28.7464,28.7464,150.0
2019-03-22 10:27:00,28.5,28.5,28.5,28.5,101.0
2019-03-22 10:42:00,28.4497,28.4497,28.4497,28.4497,165.0
2019-03-22 10:43:00,28.3428,28.3428,28.3428,28.3428,441.0
2019-03-22 10:50:00,28.21,28.21,28.21,28.21,3745.0
2019-03-22 10:52:00,28.08,28.08,28.08,28.08,2150.0
2019-03-22 11:01:00,28.05,28.0551,28.05,28.0551,400.0
2019-03-22 11:02:00,28.0,28.0,28.0,28.0,1900.0
2019-03-22 11:03:00,28.0,28.0,28.0,28.0,500.0
2019-03-22 11:06:00,27.81,27.81,27.81,27.81,738.0
2019-03-22 11:07:00,27.87,27.87,27.87,27.87,500.0
2019-03-22 11:09:00,27.83,27.83,27.83,27.83,400.0
2019-03-22 11:11:00,27.77,27.77,27.77,27.77,300.0
2019-03-22 11:13:00,27.709,27.709,27.709,27.709,1260.0
2019-03-22 11:15:00,27.9,27.9,27.9,27.9,438.0
2019-03-22 11:16:00,28.05,28.05,28.05,28.05,748.0
2019-03-22 11:20:00,27.91,27.91,27.91,27.91,140.0
2019-03-22 11:30:00,27.66,27.66,27.66,27.66,100.0
2019-03-22 11:31:00,27.62,27.62,27.62,27.62,460.0
2019-03-22 11:34:00,27.6,27.6,27.6,27.6,275.0
2019-03-22 11:40:00,27.5,27.5,27.5,27.5,411.0
2019-03-22 11:41:00,27.48,27.48,27.48,27.48,190.0
2019-03-22 11:45:00,27.3586,27.3586,27.3586,27.3586,500.0
2019-03-22 11:46:00,27.415,27.44,27.415,27.44,1910.0
2019-03-22 11:51:00,27.44,27.44,27.425,27.425,2490.0
2019-03-22 11:57:00,27.31,27.31,27.31,27.31,912.0
2019-03-22 11:58:00,27.2549,27.2549,27.2549,27.2549,565.0
2019-03-22 12:09:00,27.4061,27.4061,27.4061,27.4061,7500.0
2019-03-22 12:10:00,27.2501,27.29,27.2501,27.29,9539.0
2019-03-22 12:11:00,27.326,27.326,27.326,27.326,1270.0
2019-03-22 12:12:00,27.29,27.29,27.29,27.29,350.0
2019-03-22 12:13:00,27.213,27.2266,27.213,27.2266,3168.0
2019-03-22 12:29:00,27.18,27.18,27.18,27.18,175.0
2019-03-22 12:38:00,27.27,27.27,27.27,27.27,1002.0
2019-03-22 12:39:00,27.27,27.27,27.27,27.27,100.0
2019-03-22 12:42:00,27.2505,27.2505,27.2505,27.2505,600.0
2019-03-22 12:44:00,27.18,27.18,27.18,27.18,372.0
2019-03-22 12:46:00,27.1677,27.1677,27.1677,27.1677,109.0
2019-03-22 13:05:00,27.3401,27.3401,27.3401,27.3401,100.0
2019-03-22 13:11:00,27.6,27.6,27.6,27.6,558.0
2019-03-22 13:30:00,27.28,27.28,27.28,27.28,310.0
2019-03-22 13:40:00,27.34,27.34,27.34,27.34,204.0
2019-03-22 13:41:00,27.36,27.36,27.36,27.36,604.0
2019-03-22 13:43:00,27.33,27.33,27.33,27.33,100.0
2019-03-22 13:50:00,27.35,27.35,27.35,27.35,2627.0
2019-03-22 13:55:00,27.27,27.27,27.27,27.27,165.0
2019-03-22 13:57:00,27.25,27.25,27.25,27.25,235.0
2019-03-22 14:10:00,27.44,27.44,27.44,27.44,800.0
2019-03-22 14:15:00,27.5201,27.5201,27.5201,27.5201,650.0
2019-03-22 14:18:00,27.5901,27.5901,27.5901,27.5901,700.0
2019-03-22 14:19:00,27.7242,27.7242,27.7242,27.7242,200.0
2019-03-22 14:20:00,27.72,27.72,27.72,27.72,409.0
2019-03-22 14:21:00,27.602,27.602,27.602,27.602,170.0
2019-03-22 14:23:00,27.59,27.59,27.59,27.59,150.0
2019-03-22 14:25:00,27.6364,27.6364,27.6364,27.6364,464.0
2019-03-22 15:30:00,27.3697,27.3697,27.3697,27.3697,324.0
2019-03-22 15:32:00,27.22,27.22,27.22,27.22,1409.0
2019-03-22 15:33:00,27.22,27.22,27.22,27.22,700.0
2019-03-22 15:37:00,27.1,27.1,27.1,27.1,911.0
2019-03-22 15:38:00,27.15,27.15,27.15,27.15,342.0
2019-03-22 15:42:00,27.0,27.0,27.0,27.0,2233.0
2019-03-22 15:43:00,27.0,27.0,27.0,27.0,5402.0
2019-03-22 15:49:00,26.9741,26.9741,26.9741,26.9741,195.0
2019-03-22 15:52:00,26.9,26.9,26.89,26.89,2299.0
2019-03-22 15:56:00,26.8,26.8,26.8,26.8,1402.0
2019-03-22 15:59:00,26.66,26.699,26.6461,26.699,851.0
2019-03-22 16:00:00,26.72,26.72,26.68,26.68,2407.0
2019-03-25 09:32:00,26.705,26.705,26.705,26.705,0.0
2019-03-25 09:35:00,26.71,26.71,26.7075,26.7075,1975.0
2019-03-25 09:37:00,26.67,26.67,26.67,26.67,1629.0
2019-03-25 09:38:00,26.77,26.77,26.77,26.77,480.0
2019-03-25 09:41:00,26.9899,26.9899,26.9899,26.9899,1000.0
2019-03-25 09:42:00,26.98,26.98,26.98,26.98,340.0
2019-03-25 09:45:00,26.93,26.93,26.93,26.93,1175.0
2019-03-25 09:46:00,26.5,26.5,26.5,26.5,200.0
2019-03-25 09:51:00,26.2,26.2,26.2,26.2,682.0
2019-03-25 09:56:00,26.18,26.18,26.18,26.18,2033.0
2019-03-25 09:58:00,26.13,26.13,26.13,26.13,577.0
2019-03-25 09:59:00,26.0634,26.0634,26.0634,26.0634,907.0
2019-03-25 10:01:00,26.1138,26.1138,26.1138,26.1138,501.0
2019-03-25 10:04:00,26.0,26.0,26.0,26.0,1759.0
2019-03-25 10:06:00,26.0,26.0,26.0,26.0,398.0
2019-03-25 10:08:00,26.0,26.0,26.0,26.0,946.0
2019-03-25 10:12:00,26.0298,26.0298,26.0298,26.0298,1157.0
2019-03-25 10:17:00,26.0099,26.0099,26.0099,26.0099,1342.0
2019-03-25 10:19:00,25.9,25.9,25.87,25.87,2718.0
2019-03-25 10:24:00,25.9,25.9,25.9,25.9,162.0
2019-03-25 10:27:00,26.0605,26.0605,26.0605,26.0605,859.0
2019-03-25 10:34:00,26.24,26.24,26.24,26.24,7020.0
2019-03-25 10:37:00,26.04,26.04,26.04,26.04,200.0
2019-03-25 10:39:00,25.99,25.99,25.99,25.99,688.0
2019-03-25 10:42:00,25.9,25.9,25.9,25.9,624.0
2019-03-25 10:44:00,25.89,25.89,25.86,25.86,1348.0
2019-03-25 10:46:00,25.97,25.97,25.97,25.97,1767.0
2019-03-25 10:48:00,25.82,25.82,25.82,25.82,597.0
2019-03-25 10:49:00,25.86,25.86,25.86,25.86,553.0
2019-03-25 10:57:00,26.4,26.4,26.4,26.4,766.0
2019-03-25 10:58:00,26.3387,26.3387,26.3387,26.3387,1464.0
2019-03-25 11:01:00,26.1605,26.1605,26.1605,26.1605,1713.0
2019-03-25 11:11:00,26.5701,26.5701,26.5701,26.5701,257.0
2019-03-25 11:14:00,26.7,26.7,26.7,26.7,213.0
2019-03-25 11:18:00,26.7501,26.7501,26.7501,26.7501,200.0
2019-03-25 11:21:00,26.89,26.89,26.89,26.89,377.0
2019-03-25 11:30:00,27.0425,27.0425,27.0425,27.0425,525.0
2019-03-25 11:31:00,26.99,26.99,26.99,26.99,237.0
2019-03-25 11:57:00,26.5999,26.5999,26.5999,26.5999,1000.0
2019-03-25 11:59:00,26.5938,26.5938,26.5938,26.5938,2317.0
2019-03-25 12:36:00,26.5,26.5,26.5,26.5,189.0
2019-03-25 12:43:00,26.5001,26.5001,26.5001,26.5001,881.0
2019-03-25 12:46:00,26.38,26.38,26.38,26.38,405.0
2019-03-25 12:47:00,26.34,26.34,26.34,26.34,100.0
2019-03-25 12:48:00,26.38,26.38,26.38,26.38,100.0
2019-03-25 12:55:00,26.43,26.43,26.43,26.43,101.0
2019-03-25 12:59:00,26.62,26.62,26.62,26.62,208.0
2019-03-25 13:26:00,26.5801,26.5801,26.5801,26.5801,502.0
2019-03-25 13:53:00,26.49,26.49,26.4866,26.4866,1522.0
2019-03-25 14:13:00,26.42,26.42,26.42,26.42,828.0
2019-03-25 14:20:00,26.2701,26.2701,26.2701,26.2701,170.0
2019-03-25 14:24:00,26.2652,26.2652,26.2652,26.2652,656.0
2019-03-25 15:17:00,26.879,26.879,26.879,26.879,836.0
2019-03-25 15:40:00,26.7625,26.7625,26.7625,26.7625,200.0
2019-03-25 15:43:00,26.7118,26.7118,26.7118,26.7118,800.0
2019-03-25 15:44:00,26.76,26.76,26.76,26.76,283.0
2019-03-25 15:50:00,26.669,26.669,26.669,26.669,800.0
2019-03-25 15:51:00,26.6148,26.6148,26.6148,26.6148,1630.0
2019-03-25 15:52:00,26.687,26.687,26.6864,26.6864,433.0
2019-03-25 15:55:00,26.6701,26.6701,26.6701,26.6701,260.0
2019-03-25 16:00:00,26.7768,26.83,26.7768,26.83,0.0
2019-03-26 09:31:00,27.6862,27.6862,27.6862,27.6862,0.0
2019-03-26 09:34:00,27.602,27.602,27.602,27.602,487.0
2019-03-26 09:39:00,27.7033,27.7033,27.7033,27.7033,250.0
2019-03-26 09:41:00,27.66,27.66,27.66,27.66,902.0
2019-03-26 09:43:00,27.77,27.77,27.77,27.77,1100.0
2019-03-26 09:45:00,27.84,27.84,27.84,27.84,100.0
2019-03-26 09:49:00,27.75,27.75,27.67,27.67,2486.0
2019-03-26 09:51:00,27.5001,27.5001,27.5001,27.5001,530.0
2019-03-26 10:02:00,27.76,27.76,27.76,27.76,556.0
2019-03-26 10:11:00,27.79,27.79,27.79,27.79,601.0
2019-03-26 10:12:00,27.85,27.85,27.85,27.85,314.0
2019-03-26 10:13:00,27.87,27.87,27.87,27.87,1200.0
2019-03-26 10:14:00,27.9238,27.9238,27.9238,27.9238,500.0
2019-03-26 10:16:00,27.96,27.96,27.96,27.96,204.0
2019-03-26 10:21:00,27.88,27.88,27.88,27.88,628.0
2019-03-26 10:24:00,27.72,27.72,27.72,27.72,1100.0
2019-03-26 10:32:00,27.811,27.811,27.78,27.78,1814.0
2019-03-26 10:37:00,27.7,27.7,27.7,27.7,310.0
2019-03-26 10:39:00,27.7,27.7,27.7,27.7,200.0
2019-03-26 10:50:00,28.0,28.0,28.0,28.0,1200.0
2019-03-26 10:53:00,28.11,28.11,28.11,28.11,100.0
2019-03-26 10:58:00,28.14,28.14,28.14,28.14,707.0
2019-03-26 11:16:00,27.9244,27.9244,27.9244,27.9244,275.0
2019-03-26 11:18:00,28.14,28.14,28.14,28.14,500.0
2019-03-26 11:30:00,28.13,28.13,28.13,28.13,100.0
2019-03-26 11:31:00,28.15,28.15,28.15,28.15,600.0
2019-03-26 11:33:00,28.11,28.11,28.11,28.11,200.0
2019-03-26 11:39:00,28.17,28.17,28.17,28.17,100.0
2019-03-26 11:42:00,28.18,28.18,28.16,28.16,251.0
2019-03-26 11:49:00,27.92,27.92,27.92,27.92,500.0
2019-03-26 11:54:00,27.8113,27.8113,27.8,27.8,625.0
2019-03-26 11:57:00,27.8705,27.8705,27.8705,27.8705,500.0
2019-03-26 11:59:00,27.88,27.88,27.88,27.88,143.0
2019-03-26 12:14:00,27.99,27.99,27.99,27.99,207.0
2019-03-26 12:15:00,28.0,28.0,28.0,28.0,200.0
2019-03-26 12:20:00,28.065,28.065,28.065,28.065,1000.0
2019-03-26 12:26:00,27.8648,27.8648,27.8648,27.8648,200.0
2019-03-26 12:39:00,27.84,27.84,27.84,27.84,0.0
2019-03-26 13:06:00,27.85,27.85,27.85,27.85,1291.0
2019-03-26 13:12:00,27.98,27.98,27.98,27.98,200.0
2019-03-26 13:23:00,28.07,28.07,28.07,28.07,100.0
2019-03-26 14:05:00,27.71,27.71,27.71,27.71,200.0
2019-03-26 14:19:00,27.7234,27.7234,27.7234,27.7234,350.0
2019-03-26 14:27:00,27.75,27.75,27.75,27.75,0.0
2019-03-26 14:55:00,27.7581,27.7581,27.7581,27.7581,300.0
2019-03-26 14:59:00,27.86,27.86,27.86,27.86,109.0
2019-03-26 15:01:00,27.95,27.95,27.95,27.95,427.0
2019-03-26 15:11:00,27.92,27.92,27.92,27.92,175.0
2019-03-26 15:15:00,27.92,27.92,27.92,27.92,217.0
2019-03-26 15:25:00,27.85,27.85,27.85,27.85,108.0
2019-03-26 15:37:00,27.802,27.802,27.802,27.802,113.0
2019-03-26 15:51:00,27.8264,27.8264,27.82,27.82,1402.0
2019-03-26 15:53:00,27.9055,27.9055,27.9055,27.9055,112.0
2019-03-26 15:56:00,28.03,28.06,28.03,28.06,1178.0
2019-03-26 15:57:00,28.14,28.14,28.14,28.14,451.0
2019-03-26 16:00:00,28.25,28.26,28.19,28.26,0.0
2019-03-27 09:31:00,28.13,28.13,28.13,28.13,545.0
2019-03-27 09:34:00,28.2,28.2,28.2,28.2,338.0
2019-03-27 09:47:00,28.1866,28.1866,28.1866,28.1866,151.0
2019-03-27 09:52:00,28.15,28.15,28.15,28.15,600.0
2019-03-27 09:57:00,27.7241,27.7241,27.7241,27.7241,292.0
2019-03-27 10:07:00,27.67,27.67,27.67,27.67,394.0
2019-03-27 10:11:00,27.77,27.77,27.77,27.77,360.0
2019-03-27 10:13:00,27.7556,27.7556,27.7556,27.7556,1400.0
2019-03-27 10:16:00,27.81,27.81,27.81,27.81,605.0
2019-03-27 10:58:00,27.49,27.49,27.49,27.49,100.0
2019-03-27 11:01:00,27.561,27.561,27.561,27.561,1460.0
2019-03-27 11:07:00,27.41,27.41,27.41,27.41,361.0
2019-03-27 11:15:00,27.25,27.25,27.25,27.25,400.0
2019-03-27 11:21:00,27.0675,27.0675,27.0675,27.0675,500.0
2019-03-27 11:24:00,27.0147,27.0147,27.0147,27.0147,1670.0
2019-03-27 11:27:00,27.1,27.1,27.1,27.1,100.0
2019-03-27 11:30:00,26.915,26.915,26.915,26.915,200.0
2019-03-27 11:31:00,26.92,26.92,26.92,26.92,150.0
2019-03-27 11:40:00,26.7121,26.7121,26.7121,26.7121,190.0
2019-03-27 11:43:00,26.6,26.6,26.6,26.6,2500.0
2019-03-27 11:44:00,26.55,26.55,26.55,26.55,500.0
2019-03-27 11:46:00,26.58,26.58,26.58,26.58,120.0
2019-03-27 11:49:00,26.5,26.5,26.5,26.5,2855.0
2019-03-27 11:51:00,26.51,26.51,26.51,26.51,200.0
2019-03-27 11:52:00,26.6,26.6,26.6,26.6,1750.0
2019-03-27 11:54:00,26.45,26.45,26.45,26.45,451.0
2019-03-27 11:55:00,26.3676,26.3676,26.3676,26.3676,2171.0
2019-03-27 11:58:00,26.5001,26.5001,26.5001,26.5001,510.0
2019-03-27 12:23:00,26.905,26.905,26.905,26.905,600.0
2019-03-27 12:28:00,26.95,26.95,26.95,26.95,170.0
2019-03-27 12:33:00,26.9323,26.9323,26.9323,26.9323,450.0
2019-03-27 12:39:00,27.05,27.07,27.05,27.07,3500.0
2019-03-27 12:46:00,27.04,27.04,27.04,27.04,100.0
2019-03-27 12:47:00,27.01,27.01,27.01,27.01,224.0
2019-03-27 13:18:00,27.15,27.15,27.15,27.15,850.0
2019-03-27 13:21:00,27.08,27.08,27.08,27.08,225.0
2019-03-27 14:06:00,27.2227,27.2227,27.2227,27.2227,1500.0
2019-03-27 14:12:00,27.35,27.35,27.35,27.35,1060.0
2019-03-27 14:21:00,27.26,27.26,27.26,27.26,200.0
2019-03-27 14:22:00,27.2191,27.2191,27.2191,27.2191,204.0
2019-03-27 14:38:00,27.205,27.205,27.205,27.205,274.0
2019-03-27 15:06:00,27.0,27.0,27.0,27.0,1367.0
2019-03-27 15:07:00,27.05,27.05,27.05,27.05,604.0
2019-03-27 15:31:00,27.3617,27.3617,27.3617,27.3617,1214.0
2019-03-27 15:47:00,27.3,27.3,27.3,27.3,203.0
2019-03-27 15:55:00,27.05,27.05,27.05,27.05,151.0
2019-03-27 15:57:00,27.06,27.06,27.06,27.06,729.0
2019-03-27 15:59:00,27.04,27.04,27.04,27.04,638.0
2019-03-27 16:00:00,27.0,27.0,26.98,26.98,0.0
2019-03-28 09:32:00,27.5526,27.5526,27.5526,27.5526,0.0
2019-03-28 09:44:00,27.2337,27.2337,27.2337,27.2337,318.0
2019-03-28 09:49:00,27.5,27.5,27.5,27.5,2074.0
2019-03-28 10:01:00,27.6521,27.6521,27.6521,27.6521,200.0
2019-03-28 10:02:00,27.66,27.66,27.66,27.66,100.0
2019-03-28 10:06:00,27.77,27.77,27.77,27.77,296.0
2019-03-28 10:12:00,27.9,27.9,27.9,27.9,343.0
2019-03-28 10:32:00,27.6486,27.6486,27.6486,27.6486,265.0
2019-03-28 10:37:00,27.67,27.67,27.67,27.67,100.0
2019-03-28 11:01:00,27.413,27.413,27.413,27.413,1560.0
2019-03-28 11:12:00,27.3501,27.3501,27.3501,27.3501,2085.0
2019-03-28 11:36:00,27.1824,27.1824,27.1824,27.1824,140.0
2019-03-28 12:01:00,27.3,27.3,27.3,27.3,200.0
2019-03-28 12:58:00,27.5221,27.5221,27.5221,27.5221,200.0
2019-03-28 13:19:00,27.6501,27.6501,27.6501,27.6501,100.0
2019-03-28 13:41:00,27.4993,27.4993,27.4993,27.4993,700.0
2019-03-28 13:43:00,27.529,27.529,27.529,27.529,100.0
2019-03-28 14:34:00,27.4101,27.4101,27.41,27.41,804.0
2019-03-28 15:43:00,27.3849,27.3849,27.3849,27.3849,270.0
2019-03-28 15:56:00,27.44,27.44,27.44,27.44,223.0
2019-03-28 15:57:00,27.43,27.43,27.43,27.43,100.0
2019-03-28 15:58:00,27.49,27.49,27.49,27.49,240.0
2019-03-28 15:59:00,27.52,27.52,27.52,27.52,148.0
2019-03-29 09:31:00,28.5,28.5,28.5,28.5,0.0
2019-03-29 09:35:00,28.72,28.72,28.72,28.72,245.0
2019-03-29 09:39:00,28.595,28.595,28.595,28.595,435.0
2019-03-29 09:46:00,28.6052,28.6052,28.6052,28.6052,100.0
2019-03-29 09:47:00,28.62,28.62,28.62,28.62,308.0
2019-03-29 09:49:00,28.4967,28.4967,28.4967,28.4967,3072.0
2019-03-29 09:55:00,28.64,28.64,28.64,28.64,518.0
2019-03-29 09:58:00,28.67,28.67,28.67,28.67,770.0
2019-03-29 10:07:00,28.9825,28.9825,28.95,28.95,599.0
2019-03-29 10:20:00,28.8812,28.8812,28.8812,28.8812,955.0
2019-03-29 10:26:00,28.98,28.98,28.98,28.98,160.0
2019-03-29 10:27:00,29.0,29.0,28.9401,28.9401,2671.0
2019-03-29 10:40:00,29.01,29.01,29.01,29.01,186.0
2019-03-29 11:01:00,28.63,28.63,28.63,28.63,13500.0
2019-03-29 11:10:00,28.78,28.78,28.78,28.78,192.0
2019-03-29 11:19:00,28.8317,28.8317,28.8317,28.8317,300.0
2019-03-29 11:21:00,28.88,28.88,28.88,28.88,305.0
2019-03-29 11:27:00,29.0,29.0,29.0,29.0,476.0
2019-03-29 11:32:00,29.1,29.1,29.1,29.1,519.0
2019-03-29 11:40:00,29.105,29.105,29.1,29.1,262.0
2019-03-29 12:15:00,28.761,28.815,28.761,28.761,2351.0
2019-03-29 12:21:00,28.89,28.89,28.89,28.89,200.0
2019-03-29 12:22:00,28.9,28.9,28.9,28.9,104.0
2019-03-29 12:37:00,29.0,29.03,29.0,29.03,1754.0
2019-03-29 12:39:00,29.06,29.06,29.06,29.06,500.0
2019-03-29 12:41:00,29.1,29.1,29.1,29.1,1375.0
2019-03-29 12:46:00,29.03,29.06,29.03,29.06,1000.0
2019-03-29 12:49:00,29.06,29.08,29.06,29.08,600.0
2019-03-29 12:51:00,29.1,29.1,29.1,29.1,400.0
2019-03-29 12:55:00,29.09,29.09,29.09,29.09,812.0
2019-03-29 13:15:00,29.14,29.14,29.14,29.14,175.0
2019-03-29 13:21:00,29.005,29.005,29.005,29.005,110.0
2019-03-29 13:23:00,29.0911,29.0911,29.0911,29.0911,1698.0
2019-03-29 13:24:00,29.1,29.1,29.1,29.1,159.0
2019-03-29 13:33:00,29.13,29.13,29.13,29.13,1054.0
2019-03-29 13:47:00,29.0,29.02,29.0,29.02,480.0
2019-03-29 13:50:00,29.2,29.2,29.2,29.2,665.0
2019-03-29 13:56:00,29.25,29.25,29.25,29.25,328.0
2019-03-29 14:09:00,29.32,29.32,29.31,29.31,270.0
2019-03-29 14:11:00,29.3156,29.3156,29.315,29.315,575.0
2019-03-29 14:22:00,29.25,29.25,29.25,29.25,542.0
2019-03-29 14:34:00,29.3,29.3,29.3,29.3,402.0
2019-03-29 14:45:00,29.31,29.31,29.31,29.31,200.0
2019-03-29 14:48:00,29.2101,29.2101,29.2101,29.2101,295.0
2019-03-29 14:52:00,29.3,29.3,29.3,29.3,1637.0
2019-03-29 14:53:00,29.35,29.35,29.35,29.35,295.0
2019-03-29 14:56:00,29.4599,29.4599,29.4599,29.4599,1100.0
2019-03-29 15:04:00,29.365,29.365,29.365,29.365,260.0
2019-03-29 15:05:00,29.32,29.32,29.32,29.32,1160.0
2019-03-29 15:07:00,29.315,29.315,29.315,29.315,100.0
2019-03-29 15:13:00,29.23,29.26,29.23,29.26,450.0
2019-03-29 15:17:00,29.18,29.19,29.18,29.18,1500.0
2019-03-29 15:18:00,29.2,29.206,29.19,29.206,600.0
2019-03-29 15:19:00,29.19,29.19,29.17,29.17,424.0
2019-03-29 15:27:00,29.07,29.09,29.07,29.09,459.0
2019-03-29 15:31:00,29.15,29.17,29.15,29.17,360.0
2019-03-29 15:32:00,29.06,29.15,29.06,29.15,200.0
2019-03-29 15:35:00,29.15,29.18,29.15,29.17,400.0
2019-03-29 15:37:00,29.11,29.11,29.11,29.11,150.0
2019-03-29 15:38:00,29.12,29.13,29.12,29.13,777.0
2019-03-29 15:39:00,29.13,29.17,29.13,29.15,1411.0
2019-03-29 15:47:00,29.29,29.29,29.29,29.29,170.0
2019-03-29 15:49:00,29.21,29.21,29.18,29.18,487.0
2019-03-29 15:50:00,29.201,29.206,29.2,29.206,2000.0
2019-03-29 15:51:00,29.2,29.2,29.2,29.2,250.0
2019-03-29 15:52:00,29.22,29.22,29.22,29.22,100.0
2019-03-29 15:54:00,29.23,29.24,29.23,29.24,1125.0
2019-03-29 15:55:00,29.23,29.23,29.19,29.19,1435.0
2019-03-29 15:56:00,29.24,29.265,29.22,29.265,1310.0
2019-03-29 15:58:00,29.23,29.2365,29.23,29.2365,1090.0
2019-03-29 15:59:00,29.24,29.26,29.24,29.26,394.0
2019-03-29 16:00:00,29.28,29.28,29.28,29.28,0.0
2019-04-01 09:31:00,30.0,30.0,30.0,30.0,3788.0
2019-04-01 09:34:00,30.0834,30.0834,30.0834,30.0834,494.0
2019-04-01 09:37:00,29.75,29.75,29.75,29.75,605.0
2019-04-01 09:43:00,29.79,29.79,29.79,29.79,125.0
2019-04-01 09:46:00,29.5744,29.5744,29.5744,29.5744,800.0
2019-04-01 09:47:00,29.629,29.629,29.629,29.629,235.0
2019-04-01 09:57:00,29.4959,29.4959,29.4959,29.4959,1500.0
2019-04-01 10:02:00,29.57,29.57,29.57,29.57,410.0
2019-04-01 10:04:00,29.68,29.68,29.68,29.68,479.0
2019-04-01 10:07:00,29.69,29.69,29.69,29.69,200.0
2019-04-01 10:20:00,29.64,29.64,29.64,29.64,538.0
2019-04-01 10:28:00,29.73,29.73,29.73,29.73,1060.0
2019-04-01 10:33:00,29.75,29.75,29.75,29.75,348.0
2019-04-01 10:43:00,29.9193,29.9193,29.9193,29.9193,364.0
2019-04-01 10:48:00,29.84,29.84,29.84,29.84,100.0
2019-04-01 10:49:00,29.81,29.81,29.81,29.81,200.0
2019-04-01 10:50:00,29.8,29.8,29.8,29.8,411.0
2019-04-01 11:12:00,29.76,29.76,29.76,29.76,3674.0
2019-04-01 11:33:00,29.5142,29.5142,29.5,29.5,1122.0
2019-04-01 11:37:00,29.38,29.38,29.38,29.38,200.0
2019-04-01 11:44:00,29.4,29.4,29.4,29.4,980.0
2019-04-01 12:07:00,29.53,29.53,29.53,29.53,1000.0
2019-04-01 12:09:00,29.52,29.52,29.52,29.52,534.0
2019-04-01 12:13:00,29.58,29.58,29.58,29.58,100.0
2019-04-01 12:18:00,29.6,29.6,29.6,29.6,250.0
2019-04-01 12:38:00,29.4336,29.4336,29.4336,29.4336,900.0
2019-04-01 12:44:00,29.447,29.447,29.447,29.447,1020.0
2019-04-01 13:19:00,29.31,29.31,29.31,29.31,100.0
2019-04-01 13:21:00,29.2079,29.2079,29.2079,29.2079,1701.0
2019-04-01 13:24:00,29.2342,29.2342,29.2342,29.2342,836.0
2019-04-01 13:28:00,29.25,29.25,29.24,29.24,2999.0
2019-04-01 13:30:00,29.25,29.25,29.25,29.25,199.0
2019-04-01 13:34:00,29.273,29.273,29.273,29.273,901.0
2019-04-01 13:40:00,29.28,29.28,29.28,29.28,272.0
2019-04-01 13:46:00,29.29,29.29,29.29,29.29,171.0
2019-04-01 13:53:00,29.32,29.32,29.32,29.32,212.0
2019-04-01 13:57:00,29.4161,29.4161,29.4161,29.4161,3837.0
2019-04-01 14:03:00,29.4371,29.4371,29.4371,29.4371,350.0
2019-04-01 14:09:00,29.5,29.5,29.5,29.5,350.0
2019-04-01 14:15:00,29.49,29.5,29.49,29.5,3113.0
2019-04-01 14:24:00,29.4444,29.4444,29.4444,29.4444,500.0
2019-04-01 14:26:00,29.4,29.4,29.4,29.4,300.0
2019-04-01 14:40:00,29.47,29.47,29.47,29.47,251.0
2019-04-01 14:41:00,29.5,29.5,29.5,29.5,100.0
2019-04-01 14:49:00,29.5,29.5,29.5,29.5,250.0
2019-04-01 14:54:00,29.48,29.48,29.48,29.48,300.0
2019-04-01 14:58:00,29.53,29.53,29.53,29.53,246.0
2019-04-01 15:34:00,29.37,29.37,29.37,29.37,2210.0
2019-04-01 15:38:00,29.381,29.381,29.381,29.381,2064.0
2019-04-01 15:53:00,29.34,29.34,29.34,29.34,442.0
2019-04-01 15:58:00,29.41,29.41,29.41,29.41,0.0
2019-04-02 09:31:00,29.29,29.29,29.29,29.29,50.0
2019-04-02 09:38:00,29.46,29.46,29.46,29.46,313.0
2019-04-02 09:40:00,29.471,29.471,29.471,29.471,402.0
2019-04-02 09:49:00,29.4,29.4,29.4,29.4,100.0
2019-04-02 09:50:00,29.45,29.45,29.45,29.45,462.0
2019-04-02 09:59:00,29.6,29.68,29.6,29.68,452.0
2019-04-02 10:03:00,29.71,29.71,29.71,29.71,260.0
2019-04-02 10:05:00,29.6523,29.6523,29.6523,29.6523,1603.0
2019-04-02 10:06:00,29.75,29.75,29.74,29.74,449.0
2019-04-02 10:17:00,29.92,29.92,29.92,29.92,217.0
2019-04-02 10:30:00,29.8687,29.8687,29.8687,29.8687,408.0
2019-04-02 10:37:00,29.83,29.83,29.83,29.83,100.0
2019-04-02 10:39:00,29.78,29.78,29.78,29.78,329.0
2019-04-02 11:06:00,29.8091,29.8091,29.8091,29.8091,1000.0
2019-04-02 11:11:00,29.8608,29.8608,29.8608,29.8608,345.0
2019-04-02 11:13:00,29.8,29.86,29.8,29.8585,2156.0
2019-04-02 11:20:00,29.99,30.0,29.99,30.0,1372.0
2019-04-02 11:22:00,30.05,30.1,30.05,30.1,700.0
2019-04-02 11:32:00,30.1,30.1,30.08,30.08,300.0
2019-04-02 11:38:00,30.13,30.13,30.13,30.13,300.0
2019-04-02 11:40:00,30.07,30.07,30.07,30.07,467.0
2019-04-02 11:55:00,30.3,30.3,30.3,30.3,264.0
2019-04-02 12:01:00,30.3399,30.3399,30.3399,30.3399,1000.0
2019-04-02 12:05:00,30.35,30.35,30.34,30.34,1400.0
2019-04-02 12:06:00,30.33,30.33,30.33,30.33,222.0
2019-04-02 12:10:00,30.3,30.3,30.28,30.29,1575.0
2019-04-02 12:12:00,30.24,30.24,30.24,30.24,200.0
2019-04-02 12:15:00,30.2131,30.2131,30.2131,30.2131,2260.0
2019-04-02 12:21:00,30.2073,30.2073,30.2073,30.2073,263.0
2019-04-02 12:29:00,30.1405,30.1405,30.1405,30.1405,670.0
2019-04-02 12:32:00,30.17,30.172,30.165,30.1679,7122.0
2019-04-02 12:35:00,30.22,30.25,30.22,30.25,400.0
2019-04-02 12:41:00,30.24,30.24,30.24,30.24,300.0
2019-04-02 12:45:00,30.23,30.23,30.23,30.23,600.0
2019-04-02 12:51:00,30.32,30.32,30.32,30.32,100.0
2019-04-02 12:52:00,30.2875,30.2875,30.2875,30.2875,100.0
2019-04-02 12:55:00,30.25,30.26,30.25,30.26,300.0
2019-04-02 12:57:00,30.27,30.27,30.27,30.27,100.0
2019-04-02 13:01:00,30.16,30.16,30.16,30.16,100.0
2019-04-02 13:05:00,30.2199,30.2199,30.2199,30.2199,200.0
2019-04-02 13:09:00,30.2499,30.2499,30.2499,30.2499,167.0
2019-04-02 13:17:00,30.26,30.26,30.26,30.26,600.0
2019-04-02 13:25:00,30.29,30.29,30.29,30.29,300.0
2019-04-02 13:32:00,30.25,30.25,30.25,30.25,300.0
2019-04-02 13:52:00,30.1544,30.1544,30.1544,30.1544,300.0
2019-04-02 14:04:00,30.1066,30.1066,30.1066,30.1066,288.0
2019-04-02 15:08:00,30.1302,30.1302,30.1302,30.1302,100.0
2019-04-02 15:15:00,30.23,30.23,30.23,30.23,600.0
2019-04-02 15:17:00,30.23,30.23,30.23,30.23,100.0
2019-04-02 15:19:00,30.21,30.21,30.21,30.21,560.0
2019-04-02 15:20:00,30.23,30.23,30.23,30.23,2089.0
2019-04-02 15:22:00,30.25,30.25,30.25,30.25,462.0
2019-04-02 15:44:00,30.1599,30.1599,30.1599,30.1599,165.0
2019-04-02 15:46:00,30.16,30.16,30.16,30.16,272.0
2019-04-02 15:50:00,30.17,30.17,30.17,30.17,582.0
2019-04-02 15:51:00,30.151,30.151,30.151,30.151,118.0
2019-04-02 15:52:00,30.14,30.1424,30.14,30.1424,387.0
2019-04-02 15:54:00,30.11,30.11,30.1,30.1,575.0
2019-04-02 15:56:00,30.1,30.12,30.1,30.12,1008.0
2019-04-02 15:59:00,30.08,30.08,30.08,30.08,38319.0
2019-04-03 09:31:00,30.5,30.5,30.5,30.5,0.0
2019-04-03 09:41:00,30.379,30.379,30.379,30.379,350.0
2019-04-03 09:48:00,30.5575,30.5575,30.5575,30.5575,275.0
2019-04-03 09:50:00,30.6,30.6,30.6,30.6,1200.0
2019-04-03 09:51:00,30.599,30.6,30.599,30.6,8737.0
2019-04-03 10:04:00,30.42,30.43,30.42,30.43,615.0
2019-04-03 10:06:00,30.3,30.3,30.3,30.3,384.0
2019-04-03 10:11:00,30.43,30.48,30.43,30.4552,905.0
2019-04-03 10:18:00,30.54,30.54,30.54,30.54,205.0
2019-04-03 10:21:00,30.59,30.59,30.59,30.59,1234.0
2019-04-03 11:08:00,30.72,30.72,30.72,30.72,304.0
2019-04-03 11:23:00,30.4329,30.4329,30.4329,30.4329,483.0
2019-04-03 12:06:00,30.53,30.53,30.53,30.53,191.0
2019-04-03 12:11:00,30.5,30.5,30.5,30.5,246.0
2019-04-03 12:49:00,30.56,30.57,30.56,30.57,1000.0
2019-04-03 12:51:00,30.5,30.5,30.5,30.5,100.0
2019-04-03 13:11:00,30.61,30.61,30.61,30.61,359.0
2019-04-03 13:51:00,30.19,30.211,30.19,30.211,726.0
2019-04-03 13:57:00,30.11,30.11,30.105,30.105,2000.0
2019-04-03 14:00:00,30.0,30.0,30.0,30.0,125.0
2019-04-03 14:02:00,29.9717,29.9717,29.9717,29.9717,1200.0
2019-04-03 14:05:00,29.9602,29.9602,29.9602,29.9602,360.0
2019-04-03 14:08:00,30.04,30.04,30.04,30.04,100.0
2019-04-03 14:27:00,30.05,30.05,30.05,30.05,100.0
2019-04-03 14:32:00,30.0699,30.0699,30.0699,30.0699,465.0
2019-04-03 14:48:00,30.14,30.14,30.14,30.14,0.0
2019-04-03 15:12:00,29.99,29.99,29.99,29.99,22436.0
2019-04-03 15:15:00,30.0,30.0255,30.0,30.0255,1300.0
2019-04-03 15:16:00,30.01,30.01,30.01,30.01,226.0
2019-04-03 15:19:00,29.9935,29.9935,29.9935,29.9935,1001.0
2019-04-03 15:42:00,30.36,30.36,30.36,30.36,217.0
2019-04-03 15:43:00,30.36,30.36,30.36,30.36,513.0
2019-04-03 15:45:00,30.4,30.42,30.4,30.42,491.0
2019-04-03 15:46:00,30.45,30.45,30.45,30.45,502.0
2019-04-03 15:47:00,30.45,30.48,30.45,30.47,1467.0
2019-04-03 15:48:00,30.51,30.51,30.51,30.51,106.0
2019-04-03 15:50:00,30.52,30.52,30.52,30.52,225.0
2019-04-03 15:51:00,30.58,30.59,30.53,30.53,1915.0
2019-04-03 15:56:00,30.61,30.61,30.61,30.61,1016.0
2019-04-03 16:00:00,30.55,30.5601,30.52,30.52,2737.0
