
2019-03-20 09:31:00,109.02,109.02,108.84,108.84,0.0
2019-03-20 09:32:00,108.85,108.89,108.85,108.89,204.0
2019-03-20 09:33:00,108.87,108.91,108.87,108.91,300.0
2019-03-20 09:34:00,108.9,108.9,108.78,108.82,69846.0
2019-03-20 09:40:00,108.73,108.73,108.7,108.71,11100.0
2019-03-20 09:41:00,108.67,108.69,108.66,108.69,11900.0
2019-03-20 09:42:00,108.78,108.78,108.78,108.78,100.0
2019-03-20 09:45:00,108.76,108.76,108.71,108.72,2600.0
2019-03-20 09:47:00,108.68,108.68,108.68,108.68,239.0
2019-03-20 09:57:00,108.6897,108.6897,108.6897,108.6897,113.0
2019-03-20 09:59:00,108.6996,108.6996,108.58,108.58,1274.0
2019-03-20 10:03:00,108.66,108.67,108.66,108.67,346.0
2019-03-20 10:16:00,108.599,108.599,108.599,108.599,100.0
2019-03-20 10:18:00,108.5465,108.5465,108.5465,108.5465,352.0
2019-03-20 10:19:00,108.55,108.55,108.53,108.54,84424.0
2019-03-20 10:27:00,108.4924,108.4924,108.4924,108.4924,462.0
2019-03-20 10:29:00,108.54,108.54,108.54,108.54,536.0
2019-03-20 10:37:00,108.57,108.57,108.57,108.57,0.0
2019-03-20 10:52:00,108.5889,108.5889,108.5889,108.5889,189079.0
2019-03-20 10:54:00,108.59,108.598,108.59,108.598,374.0
2019-03-20 10:56:00,108.6076,108.6076,108.6076,108.6076,255.0
2019-03-20 11:01:00,108.616,108.616,108.616,108.616,613.0
2019-03-20 11:05:00,108.6799,108.6799,108.6799,108.6799,345.0
2019-03-20 11:06:00,108.66,108.66,108.66,108.66,5953.0
2019-03-20 11:10:00,108.67,108.67,108.67,108.67,231.0
2019-03-20 11:15:00,108.63,108.63,108.63,108.63,100.0
2019-03-20 11:16:00,108.61,108.61,108.61,108.61,101.0
2019-03-20 11:20:00,108.66,108.66,108.66,108.66,5507.0
2019-03-20 11:27:00,108.6438,108.6438,108.6438,108.6438,2391.0
2019-03-20 11:28:00,108.655,108.655,108.655,108.655,226.0
2019-03-20 11:40:00,108.59,108.59,108.59,108.59,103.0
2019-03-20 11:42:00,108.555,108.555,108.555,108.555,185.0
2019-03-20 11:49:00,108.5,108.52,108.5,108.52,667.0
2019-03-20 11:53:00,108.5,108.5,108.5,108.5,100.0
2019-03-20 11:54:00,108.45,108.45,108.45,108.45,230.0
2019-03-20 11:56:00,108.413,108.413,108.413,108.413,2165.0
2019-03-20 11:58:00,108.35,108.35,108.35,108.35,100.0
2019-03-20 12:08:00,108.42,108.42,108.42,108.42,148.0
2019-03-20 12:10:00,108.47,108.47,108.47,108.47,300.0
2019-03-20 12:14:00,108.43,108.4301,108.43,108.4301,347.0
2019-03-20 12:16:00,108.4426,108.4426,108.4426,108.4426,150.0
2019-03-20 12:22:00,108.44,108.44,108.44,108.44,101.0
2019-03-20 12:33:00,108.36,108.36,108.36,108.36,307.0
2019-03-20 12:37:00,108.29,108.29,108.29,108.29,100.0
2019-03-20 12:41:00,108.3947,108.3947,108.3947,108.3947,834.0
2019-03-20 12:53:00,108.38,108.38,108.38,108.38,275.0
2019-03-20 12:54:00,108.36,108.36,108.36,108.36,100.0
2019-03-20 12:55:00,108.33,108.33,108.33,108.33,133.0
2019-03-20 13:03:00,108.39,108.39,108.39,108.39,252.0
2019-03-20 13:12:00,108.43,108.43,108.43,108.43,139.0
2019-03-20 13:30:00,108.38,108.3989,108.38,108.3989,550.0
2019-03-20 13:46:00,108.47,108.47,108.47,108.47,100.0
2019-03-20 13:47:00,108.47,108.47,108.47,108.47,100.0
2019-03-20 14:00:00,108.47,108.47,108.47,108.47,126.0
2019-03-20 14:01:00,108.8,108.8,108.74,108.74,1986.0
2019-03-20 14:02:00,108.71,108.71,108.71,108.71,100.0
2019-03-20 14:03:00,108.92,108.93,108.92,108.93,400.0
2019-03-20 14:04:00,108.92,108.92,108.92,108.92,253.0
2019-03-20 14:08:00,108.92,108.92,108.92,108.92,643.0
2019-03-20 14:15:00,109.01,109.01,108.9723,108.9723,1372.0
2019-03-20 14:17:00,108.93,108.93,108.93,108.93,103.0
2019-03-20 14:19:00,108.8852,108.8852,108.83,108.83,715.0
2019-03-20 14:21:00,108.87,108.87,108.87,108.87,885.0
2019-03-20 14:24:00,108.8537,108.8537,108.8537,108.8537,7031.0
2019-03-20 14:27:00,108.99,108.99,108.99,108.99,339.0
2019-03-20 14:28:00,109.0199,109.0199,108.91,108.91,260.0
2019-03-20 14:30:00,108.9884,108.9945,108.9784,108.9784,1539.0
2019-03-20 14:31:00,109.05,109.05,109.05,109.05,948.0
2019-03-20 14:33:00,109.03,109.03,109.03,109.03,95.0
2019-03-20 14:35:00,109.11,109.11,109.09,109.09,200.0
2019-03-20 14:36:00,109.1324,109.1324,109.1,109.1,242.0
2019-03-20 14:37:00,109.1396,109.1396,109.1396,109.1396,368.0
2019-03-20 14:40:00,109.13,109.13,109.13,109.13,100.0
2019-03-20 14:41:00,109.13,109.13,109.13,109.13,274.0
2019-03-20 14:43:00,109.1056,109.1056,109.1056,109.1056,404.0
2019-03-20 14:49:00,109.2,109.2,109.2,109.2,216.0
2019-03-20 14:55:00,109.12,109.12,109.12,109.12,102.0
2019-03-20 14:58:00,109.09,109.11,109.09,109.11,400.0
2019-03-20 14:59:00,109.14,109.14,109.14,109.14,180.0
2019-03-20 15:00:00,109.11,109.11,109.11,109.11,112.0
2019-03-20 15:02:00,109.1964,109.1964,109.1964,109.1964,0.0
2019-03-20 15:03:00,109.16,109.16,109.16,109.16,0.0
2019-03-20 15:07:00,108.94,108.94,108.94,108.94,232887.0
2019-03-20 15:10:00,108.999,108.999,108.999,108.999,497.0
2019-03-20 15:13:00,108.95,108.95,108.94,108.94,598.0
2019-03-20 15:25:00,108.9,108.9,108.9,108.9,135.0
2019-03-20 15:29:00,108.86,108.86,108.86,108.86,100.0
2019-03-20 15:32:00,108.75,108.75,108.75,108.75,200.0
2019-03-20 15:34:00,108.52,108.52,108.52,108.52,322.0
2019-03-20 15:37:00,108.5,108.5,108.5,108.5,641.0
2019-03-20 15:38:00,108.524,108.53,108.524,108.53,689.0
2019-03-20 15:39:00,108.51,108.51,108.51,108.51,100.0
2019-03-20 15:40:00,108.51,108.51,108.51,108.51,141.0
2019-03-20 15:43:00,108.45,108.45,108.45,108.45,230.0
2019-03-20 15:45:00,108.48,108.48,108.48,108.48,100.0
2019-03-20 15:46:00,108.554,108.58,108.554,108.58,971.0
2019-03-20 15:47:00,108.5637,108.5637,108.5637,108.5637,393.0
2019-03-20 15:49:00,108.558,108.56,108.55,108.56,600.0
2019-03-20 15:50:00,108.5477,108.5477,108.5477,108.5477,676.0
2019-03-20 15:56:00,108.37,108.37,108.34,108.35,978.0
2019-03-20 15:58:00,108.39,108.39,108.39,108.39,100.0
2019-03-20 15:59:00,108.4,108.4,108.4,108.4,300.0
2019-03-20 16:00:00,108.43,108.45,108.37,108.37,241864.0
2019-03-21 09:31:00,107.96,107.96,107.96,107.96,0.0
2019-03-21 09:32:00,108.11,108.11,108.11,108.11,108.0
2019-03-21 09:34:00,108.15,108.17,108.15,108.17,772.0
2019-03-21 09:39:00,108.27,108.27,108.27,108.27,178.0
2019-03-21 09:40:00,108.2505,108.251,108.2505,108.2505,154.0
2019-03-21 09:59:00,108.55,108.55,108.55,108.55,500.0
2019-03-21 10:02:00,108.58,108.58,108.53,108.53,840.0
2019-03-21 10:04:00,108.505,108.5396,108.505,108.5396,518.0
2019-03-21 10:09:00,108.6531,108.6531,108.6531,108.6531,532.0
2019-03-21 10:11:00,108.68,108.68,108.68,108.68,185.0
2019-03-21 10:14:00,108.65,108.65,108.65,108.65,865.0
2019-03-21 10:34:00,108.6439,108.6439,108.6439,108.6439,366.0
2019-03-21 10:35:00,108.73,108.7339,108.73,108.7339,1300.0
2019-03-21 10:58:00,108.77,108.77,108.77,108.77,313.0
2019-03-21 11:16:00,108.9499,108.9499,108.9499,108.9499,405.0
2019-03-21 11:40:00,109.0297,109.0297,109.0297,109.0297,796.0
2019-03-21 11:42:00,109.035,109.035,109.035,109.035,1795.0
2019-03-21 11:49:00,109.16,109.16,109.151,109.1544,300.0
2019-03-21 11:53:00,109.215,109.215,109.215,109.215,267.0
2019-03-21 11:55:00,109.2465,109.2466,109.2465,109.2466,679.0
2019-03-21 12:05:00,109.28,109.28,109.28,109.28,186.0
2019-03-21 12:06:00,109.27,109.27,109.27,109.27,279.0
2019-03-21 12:19:00,109.129,109.129,109.129,109.129,872.0
2019-03-21 12:56:00,109.05,109.05,109.05,109.05,426.0
2019-03-21 13:00:00,109.0276,109.0276,109.0276,109.0276,722.0
2019-03-21 13:09:00,109.228,109.228,109.228,109.228,314.0
2019-03-21 13:11:00,109.208,109.208,109.208,109.208,156.0
2019-03-21 13:16:00,109.1798,109.1798,109.1798,109.1798,379.0
2019-03-21 13:19:00,109.15,109.15,109.15,109.15,883.0
2019-03-21 13:22:00,109.13,109.13,109.13,109.13,350.0
2019-03-21 13:39:00,109.15,109.15,109.15,109.15,382.0
2019-03-21 13:55:00,109.29,109.29,109.29,109.29,100.0
2019-03-21 13:59:00,109.1696,109.1696,109.1696,109.1696,927.0
2019-03-21 14:13:00,109.37,109.37,109.37,109.37,305.0
2019-03-21 14:17:00,109.4077,109.4077,109.4077,109.4077,307.0
2019-03-21 14:27:00,109.36,109.36,109.36,109.36,201.0
2019-03-21 14:32:00,109.4011,109.4011,109.4011,109.4011,1007.0
2019-03-21 14:35:00,109.4291,109.4291,109.4291,109.4291,161.0
2019-03-21 14:36:00,109.41,109.41,109.41,109.41,322.0
2019-03-21 14:42:00,109.47,109.47,109.47,109.47,1208.0
2019-03-21 14:52:00,109.5,109.5,109.5,109.5,125.0
2019-03-21 14:54:00,109.45,109.45,109.45,109.45,163.0
2019-03-21 14:59:00,109.3814,109.3814,109.3814,109.3814,425.0
2019-03-21 15:09:00,109.47,109.47,109.47,109.47,114.0
2019-03-21 15:15:00,109.26,109.26,109.26,109.26,100.0
2019-03-21 15:21:00,109.3023,109.3023,109.3023,109.3023,1347.0
2019-03-21 15:23:00,109.31,109.31,109.31,109.31,111.0
2019-03-21 15:24:00,109.3226,109.3226,109.3226,109.3226,1786.0
2019-03-21 15:31:00,109.34,109.34,109.32,109.32,304.0
2019-03-21 15:34:00,109.32,109.32,109.32,109.32,300.0
2019-03-21 15:36:00,109.3435,109.3435,109.3435,109.3435,421.0
2019-03-21 15:38:00,109.34,109.34,109.34,109.34,519.0
2019-03-21 15:40:00,109.39,109.39,109.39,109.39,176.0
2019-03-21 15:43:00,109.43,109.43,109.43,109.43,240.0
2019-03-21 15:46:00,109.42,109.42,109.42,109.42,500.0
2019-03-21 15:49:00,109.34,109.34,109.34,109.34,100.0
2019-03-21 15:52:00,109.29,109.29,109.29,109.29,131.0
2019-03-21 15:53:00,109.25,109.25,109.25,109.25,542.0
2019-03-21 15:55:00,109.31,109.3124,109.31,109.3124,701.0
2019-03-21 15:56:00,109.28,109.28,109.28,109.28,1487.0
2019-03-21 15:59:00,109.3,109.3,109.3,109.3,399.0
2019-03-21 16:00:00,109.28,109.31,109.28,109.31,32795.0
2019-03-22 09:38:00,108.8,108.8,108.8,108.8,0.0
2019-03-22 09:39:00,108.81,108.81,108.81,108.81,150.0
2019-03-22 09:50:00,108.5,108.5,108.5,108.5,287.0
2019-03-22 09:56:00,108.28,108.28,108.28,108.28,701.0
2019-03-22 10:09:00,108.2731,108.2731,108.2731,108.2731,2352.0
2019-03-22 10:13:00,108.34,108.34,108.327,108.327,799.0
2019-03-22 10:27:00,108.2136,108.2136,108.2136,108.2136,909.0
2019-03-22 10:42:00,108.2,108.2,108.2,108.2,0.0
2019-03-22 10:52:00,108.0442,108.0442,108.0442,108.0442,5611.0
2019-03-22 10:59:00,108.06,108.06,108.06,108.06,251.0
2019-03-22 11:09:00,107.9654,107.9654,107.94,107.94,757.0
2019-03-22 11:18:00,107.989,107.989,107.989,107.989,100.0
2019-03-22 11:19:00,108.06,108.06,108.0496,108.0496,754.0
2019-03-22 11:22:00,108.0201,108.0201,108.0201,108.0201,204.0
2019-03-22 11:31:00,107.88,107.88,107.88,107.88,157.0
2019-03-22 11:34:00,107.8999,107.8999,107.8999,107.8999,103.0
2019-03-22 11:41:00,107.71,107.71,107.71,107.71,296.0
2019-03-22 11:44:00,107.6,107.6,107.6,107.6,70.0
2019-03-22 11:59:00,107.48,107.48,107.48,107.48,100.0
2019-03-22 12:17:00,107.4786,107.4786,107.4786,107.4786,686.0
2019-03-22 12:22:00,107.565,107.565,107.565,107.565,153.0
2019-03-22 12:33:00,107.4936,107.4936,107.4936,107.4936,444.0
2019-03-22 12:37:00,107.5044,107.5044,107.5044,107.5044,465.0
2019-03-22 12:46:00,107.2628,107.2628,107.2628,107.2628,258.0
2019-03-22 12:48:00,107.3401,107.3401,107.3401,107.3401,416.0
2019-03-22 12:51:00,107.315,107.3299,107.315,107.3177,1296.0
2019-03-22 13:00:00,107.53,107.53,107.53,107.53,110.0
2019-03-22 13:01:00,107.53,107.61,107.53,107.61,259.0
2019-03-22 13:03:00,107.6352,107.6352,107.6352,107.6352,1645.0
2019-03-22 13:21:00,107.62,107.6352,107.61,107.61,3257.0
2019-03-22 13:22:00,107.52,107.54,107.52,107.54,739.0
2019-03-22 13:23:00,107.53,107.53,107.53,107.53,200.0
2019-03-22 13:24:00,107.51,107.53,107.51,107.53,400.0
2019-03-22 13:25:00,107.55,107.57,107.55,107.57,1300.0
2019-03-22 13:26:00,107.57,107.57,107.57,107.57,717.0
2019-03-22 13:29:00,107.5104,107.5104,107.5104,107.5104,144.0
2019-03-22 13:34:00,107.6936,107.6936,107.6936,107.6936,705.0
2019-03-22 13:35:00,107.62,107.62,107.61,107.61,3004.0
2019-03-22 13:39:00,107.5979,107.5979,107.5979,107.5979,141.0
2019-03-22 13:40:00,107.62,107.63,107.56,107.6,6454.0
2019-03-22 13:53:00,107.6077,107.6077,107.6023,107.6023,327.0
2019-03-22 13:55:00,107.602,107.602,107.602,107.602,493.0
2019-03-22 13:58:00,107.53,107.53,107.53,107.53,28472.0
2019-03-22 13:59:00,107.5,107.5,107.5,107.5,120.0
2019-03-22 14:01:00,107.57,107.57,107.57,107.57,142.0
2019-03-22 14:02:00,107.56,107.56,107.56,107.56,100.0
2019-03-22 14:04:00,107.66,107.67,107.61,107.61,2808.0
2019-03-22 14:17:00,107.9034,107.9034,107.9034,107.9034,158.0
2019-03-22 14:21:00,107.9284,107.9284,107.9284,107.9284,1221.0
2019-03-22 14:24:00,107.9343,107.9343,107.9343,107.9343,564.0
2019-03-22 14:28:00,107.91,107.91,107.91,107.91,127.0
2019-03-22 14:30:00,107.9331,107.9331,107.9331,107.9331,661.0
2019-03-22 14:31:00,107.9358,107.9358,107.926,107.926,1536.0
2019-03-22 14:34:00,107.85,107.85,107.85,107.85,310.0
2019-03-22 14:44:00,107.98,107.98,107.94,107.94,743.0
2019-03-22 14:47:00,107.94,107.94,107.94,107.94,100.0
2019-03-22 14:48:00,107.9498,107.9498,107.9498,107.9498,354.0
2019-03-22 14:54:00,108.1,108.1,108.1,108.1,365.0
2019-03-22 14:59:00,108.04,108.04,108.04,108.04,100.0
2019-03-22 15:08:00,107.99,107.99,107.99,107.99,363.0
2019-03-22 15:14:00,107.835,107.835,107.835,107.835,126.0
2019-03-22 15:23:00,107.85,107.85,107.85,107.85,100.0
2019-03-22 15:24:00,107.84,107.84,107.84,107.84,301.0
2019-03-22 15:28:00,107.84,107.84,107.84,107.84,436.0
2019-03-22 15:34:00,107.62,107.62,107.59,107.59,205.0
2019-03-22 15:35:00,107.58,107.58,107.58,107.58,103.0
2019-03-22 15:36:00,107.5293,107.5293,107.5293,107.5293,256.0
2019-03-22 15:38:00,107.6,107.6,107.6,107.6,151.0
2019-03-22 15:40:00,107.5581,107.5581,107.5581,107.5581,1352.0
2019-03-22 15:42:00,107.54,107.54,107.54,107.54,100.0
2019-03-22 15:45:00,107.4695,107.4695,107.4695,107.4695,1630.0
2019-03-22 15:50:00,107.62,107.62,107.62,107.62,431.0
2019-03-22 15:51:00,107.56,107.56,107.56,107.56,121.0
2019-03-22 15:54:00,107.49,107.49,107.49,107.49,111.0
2019-03-22 15:55:00,107.53,107.53,107.53,107.53,260.0
2019-03-22 15:56:00,107.45,107.5,107.45,107.4967,1342.0
2019-03-22 15:57:00,107.51,107.51,107.51,107.51,200.0
2019-03-22 15:58:00,107.45,107.45,107.42,107.42,422.0
2019-03-22 15:59:00,107.4,107.4,107.4,107.4,356.0
2019-03-22 16:00:00,107.44,107.44,107.36,107.36,0.0
2019-03-25 09:42:00,106.82,106.82,106.8,106.8,6608.0
2019-03-25 09:46:00,106.52,106.52,106.52,106.52,502.0
2019-03-25 09:52:00,106.4899,106.51,106.4899,106.51,1169.0
2019-03-25 10:10:00,106.35,106.35,106.35,106.35,500.0
2019-03-25 10:25:00,106.2599,106.2599,106.2599,106.2599,396.0
2019-03-25 10:28:00,106.41,106.41,106.41,106.41,4106.0
2019-03-25 10:29:00,106.43,106.43,106.43,106.43,458.0
2019-03-25 10:30:00,106.42,106.42,106.42,106.42,108.0
2019-03-25 10:31:00,106.445,106.445,106.445,106.445,974.0
2019-03-25 10:32:00,106.49,106.49,106.49,106.49,354.0
2019-03-25 10:39:00,106.5049,106.5049,106.5049,106.5049,205.0
2019-03-25 10:46:00,106.45,106.45,106.45,106.45,696.0
2019-03-25 10:47:00,106.52,106.52,106.52,106.52,500.0
2019-03-25 10:49:00,106.4501,106.4501,106.4501,106.4501,134.0
2019-03-25 10:51:00,106.62,106.68,106.62,106.68,1588.0
2019-03-25 11:01:00,106.7597,106.7597,106.7597,106.7597,1139.0
2019-03-25 11:06:00,106.78,106.78,106.78,106.78,117.0
2019-03-25 11:14:00,106.81,106.81,106.81,106.81,100.0
2019-03-25 11:15:00,106.869,106.869,106.869,106.869,171.0
2019-03-25 11:27:00,107.0,107.0,107.0,107.0,282.0
2019-03-25 11:34:00,106.975,106.975,106.975,106.975,414.0
2019-03-25 11:41:00,106.89,106.89,106.89,106.89,197.0
2019-03-25 11:51:00,106.68,106.68,106.68,106.68,100.0
2019-03-25 12:00:00,106.62,106.62,106.62,106.62,200.0
2019-03-25 12:02:00,106.638,106.638,106.638,106.638,159.0
2019-03-25 12:14:00,106.69,106.69,106.69,106.69,230.0
2019-03-25 12:15:00,106.67,106.67,106.67,106.67,100.0
2019-03-25 12:24:00,106.7802,106.7802,106.7802,106.7802,429.0
2019-03-25 12:35:00,106.565,106.565,106.565,106.565,101.0
2019-03-25 12:37:00,106.5214,106.5214,106.5214,106.5214,366.0
2019-03-25 12:40:00,106.475,106.475,106.475,106.475,1017.0
2019-03-25 12:41:00,106.465,106.465,106.465,106.465,315.0
2019-03-25 12:44:00,106.409,106.409,106.409,106.409,110.0
2019-03-25 12:46:00,106.43,106.43,106.43,106.43,100.0
2019-03-25 12:48:00,106.46,106.46,106.46,106.46,100.0
2019-03-25 12:53:00,106.56,106.56,106.56,106.56,997.0
2019-03-25 12:59:00,106.63,106.63,106.63,106.63,101.0
2019-03-25 13:09:00,106.61,106.61,106.61,106.61,4765.0
2019-03-25 13:14:00,106.78,106.78,106.78,106.78,3.0
2019-03-25 13:17:00,106.71,106.71,106.71,106.71,100.0
2019-03-25 13:18:00,106.67,106.67,106.67,106.67,616.0
2019-03-25 13:27:00,106.66,106.66,106.66,106.66,100.0
2019-03-25 13:29:00,106.6,106.6,106.6,106.6,100.0
2019-03-25 13:31:00,106.63,106.63,106.63,106.63,144.0
2019-03-25 13:49:00,106.4997,106.4997,106.48,106.48,2136.0
2019-03-25 14:03:00,106.425,106.44,106.425,106.44,214.0
2019-03-25 14:10:00,106.3397,106.3397,106.3397,106.3397,207.0
2019-03-25 14:13:00,106.4,106.4,106.4,106.4,612.0
2019-03-25 14:17:00,106.355,106.355,106.355,106.355,549.0
2019-03-25 14:22:00,106.285,106.285,106.285,106.285,116.0
2019-03-25 14:24:00,106.235,106.235,106.235,106.235,538.0
2019-03-25 14:29:00,106.2174,106.2174,106.2174,106.2174,362.0
2019-03-25 14:31:00,106.28,106.28,106.28,106.28,517.0
2019-03-25 14:34:00,106.38,106.38,106.38,106.38,479.0
2019-03-25 14:42:00,106.45,106.45,106.45,106.45,727.0
2019-03-25 14:50:00,106.475,106.475,106.475,106.475,149.0
2019-03-25 14:56:00,106.49,106.49,106.49,106.49,140.0
2019-03-25 15:14:00,106.71,106.71,106.71,106.71,801.0
2019-03-25 15:19:00,106.6593,106.6593,106.6593,106.6593,500.0
2019-03-25 15:23:00,106.67,106.67,106.67,106.67,207.0
2019-03-25 15:36:00,106.61,106.61,106.61,106.61,574.0
2019-03-25 15:37:00,106.62,106.62,106.62,106.62,284.0
2019-03-25 15:47:00,106.68,106.69,106.68,106.69,255.0
2019-03-25 15:49:00,106.6,106.6,106.6,106.6,409.0
2019-03-25 15:50:00,106.52,106.52,106.52,106.52,195.0
2019-03-25 15:55:00,106.58,106.58,106.58,106.58,286.0
2019-03-25 15:56:00,106.52,106.52,106.52,106.52,700.0
2019-03-25 15:57:00,106.59,106.59,106.59,106.59,990.0
2019-03-25 15:58:00,106.64,106.64,106.64,106.64,3920.0
2019-03-25 16:00:00,106.59,106.59,106.59,106.59,3488.0
2019-03-26 09:32:00,107.34,107.34,107.34,107.34,0.0
2019-03-26 09:33:00,107.42,107.42,107.42,107.42,570.0
2019-03-26 09:34:00,107.46,107.46,107.46,107.46,416.0
2019-03-26 09:39:00,107.58,107.58,107.58,107.58,156.0
2019-03-26 09:45:00,107.69,107.6995,107.69,107.6995,1072.0
2019-03-26 09:49:00,107.6895,107.6895,107.6895,107.6895,1558.0
2019-03-26 09:56:00,107.57,107.57,107.57,107.57,211.0
2019-03-26 10:01:00,107.65,107.65,107.65,107.65,949.0
2019-03-26 10:04:00,107.6,107.6,107.6,107.6,567.0
2019-03-26 10:28:00,107.64,107.64,107.64,107.64,304.0
2019-03-26 10:37:00,107.5299,107.53,107.5299,107.53,297.0
2019-03-26 10:42:00,107.58,107.58,107.58,107.58,808.0
2019-03-26 10:57:00,107.8105,107.8105,107.8,107.8,1526.0
2019-03-26 11:09:00,107.64,107.64,107.64,107.64,201.0
2019-03-26 11:17:00,107.625,107.625,107.625,107.625,109.0
2019-03-26 11:20:00,107.56,107.56,107.56,107.56,237.0
2019-03-26 11:40:00,107.64,107.64,107.64,107.64,2318.0
2019-03-26 11:42:00,107.675,107.675,107.675,107.675,304.0
2019-03-26 11:47:00,107.58,107.58,107.58,107.58,106.0
2019-03-26 11:49:00,107.52,107.52,107.52,107.52,410.0
2019-03-26 11:51:00,107.545,107.545,107.545,107.545,176.0
2019-03-26 11:58:00,107.43,107.43,107.43,107.43,482.0
2019-03-26 12:20:00,107.46,107.46,107.46,107.46,112.0
2019-03-26 12:33:00,107.285,107.285,107.285,107.285,112.0
2019-03-26 12:45:00,107.195,107.195,107.195,107.195,202.0
2019-03-26 12:54:00,107.24,107.24,107.24,107.24,869.0
2019-03-26 12:56:00,107.24,107.24,107.24,107.24,260.0
2019-03-26 13:00:00,107.17,107.19,107.17,107.19,302.0
2019-03-26 13:03:00,107.2394,107.25,107.2394,107.25,517.0
2019-03-26 13:12:00,107.3299,107.3299,107.3299,107.3299,441.0
2019-03-26 13:24:00,107.2998,107.2998,107.2998,107.2998,462.0
2019-03-26 13:29:00,107.245,107.245,107.245,107.245,144.0
2019-03-26 13:44:00,107.1495,107.1495,107.1495,107.1495,346.0
2019-03-26 13:45:00,107.155,107.155,107.155,107.155,100.0
2019-03-26 13:46:00,107.167,107.167,107.167,107.167,110.0
2019-03-26 13:50:00,107.18,107.18,107.18,107.18,299.0
2019-03-26 13:57:00,107.125,107.125,107.125,107.125,100.0
2019-03-26 14:05:00,107.0804,107.0804,107.0804,107.0804,391.0
2019-03-26 14:09:00,107.14,107.14,107.14,107.14,100.0
2019-03-26 14:11:00,107.07,107.07,107.07,107.07,590.0
2019-03-26 14:15:00,107.0741,107.0741,107.0741,107.0741,660.0
2019-03-26 14:19:00,107.1589,107.1589,107.1589,107.1589,551.0
2019-03-26 14:21:00,107.17,107.17,107.17,107.17,233.0
2019-03-26 14:38:00,107.145,107.145,107.145,107.145,186.0
2019-03-26 14:43:00,107.21,107.21,107.21,107.21,568.0
2019-03-26 14:53:00,107.2109,107.2109,107.2109,107.2109,339.0
2019-03-26 14:57:00,107.23,107.23,107.23,107.23,134.0
2019-03-26 15:06:00,107.3707,107.3707,107.3707,107.3707,694.0
2019-03-26 15:11:00,107.3999,107.4,107.3999,107.4,0.0
2019-03-26 15:23:00,107.3204,107.3204,107.3204,107.3204,561.0
2019-03-26 15:32:00,107.31,107.31,107.31,107.31,884.0
2019-03-26 15:40:00,107.37,107.37,107.37,107.37,100.0
2019-03-26 15:42:00,107.3614,107.3614,107.3614,107.3614,1467.0
2019-03-26 15:50:00,107.4002,107.4002,107.4002,107.4002,367.0
2019-03-26 15:58:00,107.54,107.54,107.54,107.54,200.0
2019-03-26 16:00:00,107.64,107.64,107.64,107.64,575.0
2019-03-27 09:31:00,107.59,107.59,107.59,107.59,0.0
2019-03-27 09:38:00,107.78,107.78,107.78,107.78,112.0
2019-03-27 09:45:00,107.7014,107.7014,107.7014,107.7014,125.0
2019-03-27 09:46:00,107.65,107.65,107.65,107.65,100.0
2019-03-27 09:49:00,107.6856,107.6856,107.6856,107.6856,467.0
2019-03-27 09:50:00,107.61,107.61,107.61,107.61,100.0
2019-03-27 09:52:00,107.7,107.7,107.7,107.7,200.0
2019-03-27 09:55:00,107.58,107.58,107.58,107.58,156.0
2019-03-27 10:01:00,107.41,107.41,107.41,107.41,208.0
2019-03-27 10:02:00,107.44,107.44,107.44,107.44,225.0
2019-03-27 10:06:00,107.46,107.46,107.46,107.46,200.0
2019-03-27 10:08:00,107.5119,107.52,107.5,107.52,814.0
2019-03-27 10:09:00,107.54,107.54,107.54,107.54,190.0
2019-03-27 10:14:00,107.65,107.65,107.65,107.65,248.0
2019-03-27 10:21:00,107.77,107.77,107.77,107.77,248.0
2019-03-27 10:27:00,107.76,107.76,107.76,107.76,400.0
2019-03-27 10:28:00,107.7552,107.7552,107.7552,107.7552,1404.0
2019-03-27 10:31:00,107.78,107.78,107.78,107.78,100.0
2019-03-27 10:32:00,107.7702,107.7702,107.77,107.77,354.0
2019-03-27 10:33:00,107.74,107.74,107.74,107.74,200.0
2019-03-27 10:34:00,107.75,107.75,107.75,107.75,100.0
2019-03-27 10:35:00,107.74,107.74,107.7,107.7,318.0
2019-03-27 10:36:00,107.6999,107.6999,107.6999,107.6999,556.0
2019-03-27 10:37:00,107.61,107.61,107.61,107.61,200.0
2019-03-27 10:39:00,107.57,107.57,107.57,107.57,322.0
2019-03-27 10:41:00,107.56,107.56,107.56,107.56,200.0
2019-03-27 10:42:00,107.5,107.52,107.5,107.52,397.0
2019-03-27 10:43:00,107.45,107.45,107.45,107.45,279.0
2019-03-27 10:47:00,107.36,107.36,107.36,107.36,189.0
2019-03-27 10:51:00,107.31,107.31,107.31,107.31,100.0
2019-03-27 10:55:00,107.21,107.21,107.21,107.21,100.0
2019-03-27 10:56:00,107.23,107.23,107.23,107.23,105.0
2019-03-27 11:04:00,107.25,107.25,107.25,107.25,100.0
2019-03-27 11:05:00,107.245,107.245,107.245,107.245,426.0
2019-03-27 11:10:00,107.2802,107.2802,107.2802,107.2802,589.0
2019-03-27 11:15:00,107.22,107.22,107.22,107.22,239.0
2019-03-27 11:23:00,107.13,107.13,107.13,107.13,114.0
2019-03-27 11:28:00,107.1,107.1,107.1,107.1,131.0
2019-03-27 11:34:00,106.99,106.99,106.99,106.99,110.0
2019-03-27 11:38:00,106.8499,106.8499,106.8499,106.8499,329.0
2019-03-27 11:39:00,106.8777,106.89,106.8777,106.89,589.0
2019-03-27 11:43:00,106.83,106.83,106.83,106.83,722.0
2019-03-27 11:44:00,106.77,106.77,106.75,106.75,859.0
2019-03-27 11:51:00,106.71,106.71,106.71,106.71,145.0
2019-03-27 11:52:00,106.72,106.72,106.72,106.72,301.0
2019-03-27 11:55:00,106.66,106.665,106.66,106.66,15000.0
2019-03-27 12:00:00,106.82,106.82,106.82,106.82,331.0
2019-03-27 12:15:00,106.83,106.83,106.83,106.83,1163.0
2019-03-27 12:24:00,106.92,106.92,106.92,106.92,143.0
2019-03-27 12:29:00,107.0048,107.0048,107.0048,107.0048,1111.0
2019-03-27 12:49:00,107.06,107.06,107.06,107.06,200.0
2019-03-27 12:52:00,107.09,107.09,107.09,107.09,268.0
2019-03-27 12:56:00,107.13,107.13,107.13,107.13,100.0
2019-03-27 12:58:00,107.11,107.11,107.11,107.11,100.0
2019-03-27 13:07:00,107.075,107.0753,107.075,107.0753,503.0
2019-03-27 13:08:00,107.04,107.04,107.04,107.04,202.0
2019-03-27 13:11:00,107.0,107.01,107.0,107.01,3223.0
2019-03-27 13:14:00,107.08,107.08,107.08,107.08,233.0
2019-03-27 13:15:00,107.21,107.21,107.21,107.21,500.0
2019-03-27 13:16:00,107.2697,107.2697,107.24,107.24,507.0
2019-03-27 13:18:00,107.25,107.25,107.25,107.25,130.0
2019-03-27 13:22:00,107.33,107.33,107.33,107.33,358.0
2019-03-27 13:30:00,107.31,107.31,107.31,107.31,100.0
2019-03-27 13:32:00,107.3,107.3,107.3,107.3,190.0
2019-03-27 13:40:00,107.231,107.231,107.2295,107.2295,736.0
2019-03-27 13:44:00,107.29,107.29,107.29,107.29,226.0
2019-03-27 13:54:00,107.35,107.35,107.35,107.35,358.0
2019-03-27 14:04:00,107.2989,107.2989,107.2893,107.2893,1145.0
2019-03-27 14:06:00,107.3126,107.3126,107.3126,107.3126,1578.0
2019-03-27 14:14:00,107.3783,107.3783,107.3783,107.3783,178.0
2019-03-27 14:15:00,107.38,107.4,107.38,107.4,311.0
2019-03-27 14:16:00,107.38,107.38,107.38,107.38,120.0
2019-03-27 14:17:00,107.3748,107.3748,107.3601,107.3601,340.0
2019-03-27 14:19:00,107.36,107.36,107.36,107.36,201.0
2019-03-27 14:21:00,107.3197,107.3197,107.3197,107.3197,172.0
2019-03-27 14:22:00,107.2798,107.2798,107.2798,107.2798,107.0
2019-03-27 14:24:00,107.266,107.266,107.266,107.266,2200.0
2019-03-27 14:25:00,107.325,107.325,107.325,107.325,183.0
2019-03-27 14:27:00,107.3514,107.3514,107.3514,107.3514,190.0
2019-03-27 14:28:00,107.34,107.34,107.34,107.34,192.0
2019-03-27 14:33:00,107.41,107.41,107.4,107.4,917.0
2019-03-27 14:41:00,107.2392,107.2392,107.2392,107.2392,116.0
2019-03-27 14:43:00,107.21,107.21,107.21,107.21,578.0
2019-03-27 14:46:00,107.2797,107.2797,107.2797,107.2797,174.0
2019-03-27 14:49:00,107.254,107.254,107.254,107.254,234.0
2019-03-27 14:50:00,107.2628,107.2628,107.2628,107.2628,217.0
2019-03-27 14:52:00,107.3,107.3,107.3,107.3,100.0
2019-03-27 14:55:00,107.268,107.28,107.268,107.28,1987.0
2019-03-27 14:57:00,107.26,107.26,107.26,107.26,1800.0
2019-03-27 15:03:00,107.2179,107.2179,107.2179,107.2179,129.0
2019-03-27 15:04:00,107.2027,107.2027,107.19,107.19,543.0
2019-03-27 15:05:00,107.19,107.208,107.19,107.208,407.0
2019-03-27 15:18:00,107.24,107.24,107.24,107.24,204.0
2019-03-27 15:28:00,107.335,107.335,107.335,107.335,745.0
2019-03-27 15:30:00,107.3305,107.3305,107.3305,107.3305,2096.0
2019-03-27 15:31:00,107.44,107.44,107.44,107.44,0.0
2019-03-27 15:32:00,107.45,107.45,107.45,107.45,57133.0
2019-03-27 15:34:00,107.4175,107.4175,107.4175,107.4175,589.0
2019-03-27 15:40:00,107.39,107.39,107.39,107.39,111.0
2019-03-27 15:42:00,107.42,107.42,107.42,107.42,244.0
2019-03-27 15:47:00,107.4,107.4,107.4,107.4,205.0
2019-03-27 15:51:00,107.39,107.39,107.39,107.39,102.0
2019-03-27 15:53:00,107.34,107.34,107.34,107.34,632.0
2019-03-27 15:55:00,107.24,107.24,107.24,107.24,369.0
2019-03-27 15:59:00,107.18,107.18,107.14,107.14,521.0
2019-03-27 16:00:00,107.15,107.2,107.15,107.2,2064.0
2019-03-28 09:31:00,107.33,107.33,107.33,107.33,0.0
2019-03-28 09:32:00,107.5413,107.5413,107.5413,107.5413,0.0
2019-03-28 09:35:00,107.46,107.46,107.46,107.46,3827.0
2019-03-28 09:44:00,107.52,107.52,107.52,107.52,36800.0
2019-03-28 09:46:00,107.63,107.63,107.63,107.63,200.0
2019-03-28 09:49:00,107.57,107.57,107.57,107.57,439.0
2019-03-28 10:01:00,107.53,107.53,107.53,107.53,200.0
2019-03-28 10:04:00,107.59,107.59,107.59,107.59,200.0
2019-03-28 10:05:00,107.61,107.61,107.61,107.61,824.0
2019-03-28 10:08:00,107.6,107.6,107.6,107.6,797.0
2019-03-28 10:19:00,107.5864,107.5932,107.5864,107.5932,480.0
2019-03-28 10:21:00,107.6094,107.6094,107.6094,107.6094,580.0
2019-03-28 10:22:00,107.6,107.6,107.6,107.6,200.0
2019-03-28 10:24:00,107.6581,107.6581,107.6581,107.6581,188.0
2019-03-28 10:32:00,107.62,107.62,107.62,107.62,258.0
2019-03-28 10:34:00,107.7,107.7,107.7,107.7,206.0
2019-03-28 10:40:00,107.59,107.59,107.59,107.59,101.0
2019-03-28 10:42:00,107.58,107.58,107.58,107.58,818.0
2019-03-28 10:58:00,107.53,107.53,107.53,107.53,158.0
2019-03-28 11:06:00,107.285,107.285,107.285,107.285,358.0
2019-03-28 11:09:00,107.29,107.29,107.29,107.29,188.0
2019-03-28 11:25:00,107.1202,107.1202,107.1202,107.1202,532.0
2019-03-28 11:26:00,107.12,107.12,107.12,107.12,100.0
2019-03-28 11:29:00,107.075,107.075,107.075,107.075,186.0
2019-03-28 11:33:00,107.0936,107.0936,107.0936,107.0936,516.0
2019-03-28 11:45:00,106.99,106.99,106.99,106.99,100.0
2019-03-28 11:46:00,107.0,107.0,107.0,107.0,200.0
2019-03-28 11:48:00,107.04,107.04,107.04,107.04,1189.0
2019-03-28 11:50:00,107.13,107.1374,107.13,107.1374,2399.0
2019-03-28 11:53:00,107.09,107.09,107.09,107.09,155.0
2019-03-28 11:56:00,107.02,107.02,107.02,107.02,600.0
2019-03-28 11:57:00,107.0,107.0,107.0,107.0,500.0
2019-03-28 12:01:00,107.0774,107.0774,107.0774,107.0774,133.0
2019-03-28 12:02:00,107.09,107.09,107.09,107.09,533.0
2019-03-28 12:03:00,107.06,107.06,107.06,107.06,517.0
2019-03-28 12:11:00,106.94,106.94,106.94,106.94,0.0
2019-03-28 12:18:00,106.8769,106.8769,106.8769,106.8769,175.0
2019-03-28 12:22:00,106.96,106.96,106.96,106.96,603.0
2019-03-28 12:23:00,107.0,107.0,107.0,107.0,0.0
2019-03-28 12:32:00,107.0657,107.0657,107.0657,107.0657,324.0
2019-03-28 12:33:00,107.05,107.05,107.05,107.05,507.0
2019-03-28 12:40:00,107.109,107.109,107.109,107.109,341.0
2019-03-28 12:45:00,107.1,107.1,107.1,107.1,378.0
2019-03-28 12:50:00,107.07,107.07,107.07,107.07,121.0
2019-03-28 12:57:00,107.16,107.16,107.16,107.16,291.0
2019-03-28 13:01:00,107.18,107.18,107.18,107.18,1117.0
2019-03-28 13:03:00,107.26,107.26,107.26,107.26,138.0
2019-03-28 13:05:00,107.2283,107.2283,107.2283,107.2283,221.0
2019-03-28 13:17:00,107.1917,107.1917,107.1917,107.1917,204.0
2019-03-28 13:23:00,107.28,107.28,107.28,107.28,556.0
2019-03-28 13:45:00,107.2392,107.2392,107.2392,107.2392,175.0
2019-03-28 13:52:00,107.27,107.27,107.27,107.27,100.0
2019-03-28 13:53:00,107.32,107.32,107.28,107.28,1700.0
2019-03-28 13:57:00,107.3416,107.3416,107.3416,107.3416,145.0
2019-03-28 14:00:00,107.33,107.33,107.33,107.33,1300.0
2019-03-28 14:01:00,107.36,107.36,107.36,107.36,363.0
2019-03-28 14:06:00,107.38,107.38,107.38,107.38,200.0
2019-03-28 14:07:00,107.34,107.34,107.34,107.34,272.0
2019-03-28 14:08:00,107.32,107.32,107.32,107.32,661.0
2019-03-28 14:14:00,107.4,107.4,107.4,107.4,558.0
2019-03-28 14:17:00,107.38,107.38,107.38,107.38,733.0
2019-03-28 14:19:00,107.3526,107.3526,107.3526,107.3526,263.0
2019-03-28 14:20:00,107.35,107.35,107.35,107.35,1103.0
2019-03-28 14:26:00,107.3635,107.3635,107.3565,107.3565,461.0
2019-03-28 14:28:00,107.345,107.345,107.345,107.345,633.0
2019-03-28 14:36:00,107.28,107.28,107.28,107.28,356.0
2019-03-28 14:40:00,107.3,107.3,107.3,107.3,146.0
2019-03-28 14:43:00,107.29,107.29,107.29,107.29,100.0
2019-03-28 14:47:00,107.2965,107.2965,107.2965,107.2965,449.0
2019-03-28 14:53:00,107.2665,107.2665,107.2665,107.2665,388.0
2019-03-28 15:00:00,107.3377,107.3377,107.3377,107.3377,268.0
2019-03-28 15:01:00,107.33,107.33,107.33,107.33,3678.0
2019-03-28 15:02:00,107.36,107.36,107.36,107.36,634.0
2019-03-28 15:04:00,107.43,107.43,107.43,107.43,848.0
2019-03-28 15:06:00,107.4167,107.4167,107.4167,107.4167,409.0
2019-03-28 15:10:00,107.4089,107.4089,107.4089,107.4089,287.0
2019-03-28 15:14:00,107.46,107.46,107.46,107.46,200.0
2019-03-28 15:15:00,107.44,107.44,107.44,107.44,600.0
2019-03-28 15:16:00,107.475,107.475,107.475,107.475,721.0
2019-03-28 15:17:00,107.44,107.44,107.44,107.44,921.0
2019-03-28 15:25:00,107.43,107.43,107.43,107.43,147.0
2019-03-28 15:31:00,107.48,107.48,107.48,107.48,135.0
2019-03-28 15:32:00,107.4675,107.4675,107.4675,107.4675,150.0
2019-03-28 15:34:00,107.46,107.46,107.46,107.46,100.0
2019-03-28 15:40:00,107.55,107.55,107.52,107.52,2664.0
2019-03-28 15:43:00,107.56,107.56,107.56,107.56,355.0
2019-03-28 15:46:00,107.58,107.58,107.58,107.58,1520.0
2019-03-28 15:54:00,107.5,107.5,107.5,107.5,1744.0
2019-03-28 15:56:00,107.56,107.56,107.56,107.56,100.0
2019-03-28 15:57:00,107.55,107.55,107.55,107.55,846.0
2019-03-28 15:59:00,107.57,107.57,107.57,107.57,201.0
2019-03-28 16:00:00,107.56,107.59,107.56,107.59,0.0
2019-03-29 09:31:00,108.07,108.07,108.07,108.07,0.0
2019-03-29 09:34:00,108.08,108.08,108.08,108.08,2098.0
2019-03-29 09:35:00,108.07,108.07,108.04,108.05,1531.0
2019-03-29 09:36:00,108.02,108.02,108.02,108.02,316.0
2019-03-29 09:40:00,107.957,107.957,107.957,107.957,3147.0
2019-03-29 09:46:00,108.02,108.02,108.02,108.02,152.0
2019-03-29 09:48:00,107.91,107.91,107.91,107.91,104.0
2019-03-29 09:55:00,107.98,107.98,107.98,107.98,580.0
2019-03-29 10:00:00,108.0181,108.0181,108.0181,108.0181,3555.0
2019-03-29 10:01:00,108.048,108.06,108.02,108.06,3576.0
2019-03-29 10:02:00,108.05,108.05,108.05,108.05,552.0
2019-03-29 10:03:00,108.02,108.02,108.02,108.02,125.0
2019-03-29 10:07:00,107.9999,107.9999,107.96,107.96,488.0
2019-03-29 10:13:00,107.97,107.97,107.97,107.97,405.0
2019-03-29 10:24:00,107.81,107.81,107.81,107.81,144.0
2019-03-29 10:26:00,107.9,107.9,107.9,107.9,228.0
2019-03-29 10:28:00,107.91,107.91,107.91,107.91,187.0
2019-03-29 10:30:00,107.92,107.93,107.92,107.93,600.0
2019-03-29 10:31:00,107.92,107.92,107.92,107.92,200.0
2019-03-29 10:33:00,107.93,107.93,107.93,107.93,393.0
2019-03-29 10:35:00,107.87,107.87,107.87,107.87,100.0
2019-03-29 10:36:00,107.8836,107.91,107.88,107.88,665.0
2019-03-29 10:43:00,107.85,107.85,107.85,107.85,140.0
2019-03-29 10:44:00,107.85,107.86,107.85,107.86,775.0
2019-03-29 10:45:00,107.71,107.71,107.7052,107.71,8157.0
2019-03-29 10:46:00,107.7476,107.7476,107.7476,107.7476,222.0
2019-03-29 10:47:00,107.74,107.74,107.74,107.74,115.0
2019-03-29 10:49:00,107.7808,107.7808,107.7808,107.7808,296.0
2019-03-29 10:50:00,107.78,107.78,107.74,107.74,205.0
2019-03-29 11:02:00,107.7385,107.7385,107.7385,107.7385,1093.0
2019-03-29 11:05:00,107.85,107.85,107.84,107.84,256.0
2019-03-29 11:08:00,107.8478,107.8478,107.8478,107.8478,162.0
2019-03-29 11:09:00,107.85,107.85,107.849,107.849,773.0
2019-03-29 11:12:00,107.82,107.82,107.82,107.82,106.0
2019-03-29 11:16:00,107.7554,107.7554,107.7554,107.7554,324.0
2019-03-29 11:17:00,107.76,107.76,107.76,107.76,670.0
2019-03-29 11:32:00,107.812,107.812,107.812,107.812,200.0
2019-03-29 11:51:00,107.8783,107.89,107.8783,107.89,1245.0
2019-03-29 11:57:00,107.87,107.87,107.87,107.87,100.0
2019-03-29 11:58:00,107.8603,107.8603,107.8603,107.8603,142.0
2019-03-29 12:06:00,107.688,107.688,107.688,107.688,532.0
2019-03-29 12:11:00,107.67,107.67,107.67,107.67,168.0
2019-03-29 12:15:00,107.72,107.72,107.72,107.72,456.0
2019-03-29 12:18:00,107.7,107.72,107.7,107.72,201.0
2019-03-29 12:21:00,107.7113,107.72,107.7113,107.72,394.0
2019-03-29 12:23:00,107.78,107.78,107.78,107.78,148.0
2019-03-29 12:30:00,107.78,107.79,107.78,107.79,793.0
2019-03-29 12:34:00,107.8092,107.8092,107.8092,107.8092,182.0
2019-03-29 12:35:00,107.8282,107.8282,107.8282,107.8282,358.0
2019-03-29 12:48:00,107.7597,107.7597,107.7597,107.7597,525.0
2019-03-29 13:19:00,107.7447,107.768,107.7447,107.768,672.0
2019-03-29 13:21:00,107.72,107.72,107.72,107.72,100.0
2019-03-29 13:30:00,107.82,107.82,107.82,107.82,100.0
2019-03-29 13:36:00,107.805,107.805,107.805,107.805,192.0
2019-03-29 13:45:00,107.84,107.89,107.84,107.89,470.0
2019-03-29 13:47:00,107.81,107.81,107.79,107.79,300.0
2019-03-29 13:48:00,107.85,107.85,107.85,107.85,284.0
2019-03-29 14:09:00,107.8801,107.89,107.8801,107.89,1138.0
2019-03-29 14:13:00,107.9237,107.9237,107.9237,107.9237,1210.0
2019-03-29 14:14:00,107.9242,107.9242,107.9242,107.9242,621.0
2019-03-29 14:15:00,107.93,107.93,107.93,107.93,100.0
2019-03-29 14:16:00,107.9562,107.9562,107.9562,107.9562,570.0
2019-03-29 14:17:00,107.925,107.925,107.9192,107.9192,4234.0
2019-03-29 14:20:00,107.9065,107.9065,107.905,107.905,421.0
2019-03-29 14:21:00,107.9118,107.9118,107.9118,107.9118,1536.0
2019-03-29 14:43:00,107.91,107.91,107.9,107.9,200.0
2019-03-29 14:47:00,107.855,107.855,107.855,107.855,1186.0
2019-03-29 14:53:00,108.04,108.04,108.04,108.04,100.0
2019-03-29 14:54:00,108.05,108.05,108.05,108.05,600.0
2019-03-29 15:18:00,107.98,107.98,107.9772,107.98,1559.0
2019-03-29 15:19:00,107.9912,107.9912,107.9912,107.9912,731.0
2019-03-29 15:27:00,107.9001,107.9001,107.9001,107.9001,254.0
2019-03-29 15:29:00,107.9392,107.9392,107.9392,107.9392,182.0
2019-03-29 15:40:00,108.0001,108.0001,108.0001,108.0001,290.0
2019-03-29 15:43:00,108.02,108.02,108.02,108.02,150.0
2019-03-29 15:44:00,107.98,107.98,107.98,107.98,111.0
2019-03-29 15:45:00,107.9999,107.9999,107.9999,107.9999,2777.0
2019-03-29 15:46:00,108.0626,108.0626,108.0626,108.0626,2777.0
2019-03-29 15:49:00,108.0,108.0,107.97,107.97,200.0
2019-03-29 15:50:00,107.99,107.99,107.98,107.98,726.0
2019-03-29 15:52:00,108.0,108.01,108.0,108.0,2700.0
2019-03-29 15:53:00,108.01,108.02,108.01,108.02,800.0
2019-03-29 15:54:00,108.01,108.01,108.0,108.0,700.0
2019-03-29 15:55:00,107.97,107.98,107.97,107.98,2103.0
2019-03-29 15:56:00,107.99,108.03,107.99,108.03,1735.0
2019-03-29 15:58:00,108.1,108.1,108.1,108.1,642.0
2019-04-01 09:31:00,108.68,108.68,108.68,108.68,0.0
2019-04-01 09:42:00,108.7815,108.7815,108.7815,108.7815,237.0
2019-04-01 09:46:00,108.81,108.81,108.81,108.81,268.0
2019-04-01 09:56:00,108.89,108.89,108.89,108.89,100.0
2019-04-01 09:58:00,108.86,108.86,108.86,108.86,361.0
2019-04-01 10:01:00,108.91,108.91,108.91,108.91,1488.0
2019-04-01 10:07:00,109.0458,109.0458,109.0458,109.0458,4050.0
2019-04-01 10:13:00,109.05,109.05,109.05,109.05,327.0
2019-04-01 10:15:00,109.03,109.03,109.03,109.03,241.0
2019-04-01 10:24:00,109.054,109.054,109.054,109.054,506.0
2019-04-01 10:26:00,109.0,109.0,109.0,109.0,200.0
2019-04-01 10:29:00,108.99,108.99,108.99,108.99,225.0
2019-04-01 10:35:00,109.015,109.015,109.015,109.015,235.0
2019-04-01 10:43:00,109.04,109.04,109.04,109.04,100.0
2019-04-01 10:45:00,109.04,109.04,109.04,109.04,287.0
2019-04-01 11:08:00,108.96,108.96,108.96,108.96,401.0
2019-04-01 11:39:00,108.99,108.99,108.99,108.99,100.0
2019-04-01 11:45:00,108.88,108.88,108.88,108.88,218.0
2019-04-01 11:58:00,109.0093,109.0093,109.0093,109.0093,671.0
2019-04-01 11:59:00,109.024,109.024,109.024,109.024,151.0
2019-04-01 12:11:00,108.9727,108.9727,108.9727,108.9727,278.0
2019-04-01 12:15:00,108.97,108.97,108.97,108.97,522.0
2019-04-01 12:42:00,109.06,109.06,109.06,109.06,125.0
2019-04-01 12:47:00,109.07,109.07,109.07,109.07,100.0
2019-04-01 12:50:00,109.07,109.07,109.07,109.07,300.0
2019-04-01 12:51:00,109.0639,109.0639,109.0639,109.0639,568.0
2019-04-01 12:54:00,109.07,109.07,109.07,109.07,103.0
2019-04-01 12:58:00,109.1,109.1,109.1,109.1,533.0
2019-04-01 13:02:00,109.12,109.12,109.12,109.12,429.0
2019-04-01 13:14:00,109.0901,109.0901,109.0901,109.0901,160.0
2019-04-01 13:17:00,109.1279,109.1279,109.1279,109.1279,231.0
2019-04-01 13:20:00,109.09,109.09,109.09,109.09,103.0
2019-04-01 13:21:00,109.062,109.062,109.062,109.062,223.0
2019-04-01 13:24:00,109.09,109.09,109.09,109.09,100.0
2019-04-01 13:32:00,109.09,109.09,109.09,109.09,103.0
2019-04-01 13:34:00,109.111,109.111,109.111,109.111,1074.0
2019-04-01 13:54:00,109.17,109.17,109.17,109.17,212.0
2019-04-01 14:00:00,109.16,109.16,109.16,109.16,354.0
2019-04-01 14:04:00,109.2023,109.2023,109.2023,109.2023,642.0
2019-04-01 14:12:00,109.2696,109.2696,109.2696,109.2696,886.0
2019-04-01 14:14:00,109.27,109.27,109.27,109.27,879.0
2019-04-01 14:24:00,109.2,109.2,109.2,109.2,250.0
2019-04-01 14:31:00,109.17,109.17,109.17,109.17,161.0
2019-04-01 14:42:00,109.2027,109.2027,109.2027,109.2027,1442.0
2019-04-01 14:51:00,109.17,109.17,109.17,109.17,322.0
2019-04-01 14:56:00,109.1737,109.1737,109.1737,109.1737,166.0
2019-04-01 14:58:00,109.17,109.19,109.17,109.19,2623.0
2019-04-01 15:04:00,109.14,109.14,109.14,109.14,202891.0
2019-04-01 15:06:00,109.1,109.1,109.1,109.1,399.0
2019-04-01 15:08:00,109.1176,109.1176,109.1176,109.1176,179.0
2019-04-01 15:11:00,109.1,109.1,109.1,109.1,533.0
2019-04-01 15:12:00,109.07,109.07,109.07,109.07,592.0
2019-04-01 15:15:00,109.0977,109.0977,109.0977,109.0977,413.0
2019-04-01 15:22:00,109.18,109.18,109.18,109.18,230.0
2019-04-01 15:28:00,109.2299,109.2299,109.2299,109.2299,146.0
2019-04-01 15:30:00,109.24,109.24,109.24,109.24,1064.0
2019-04-01 15:35:00,109.23,109.23,109.23,109.23,739.0
2019-04-01 15:46:00,109.2698,109.2698,109.2698,109.2698,373.0
2019-04-01 15:49:00,109.26,109.26,109.26,109.26,174.0
2019-04-01 15:50:00,109.26,109.26,109.26,109.26,722.0
2019-04-01 15:58:00,109.42,109.42,109.41,109.41,1900.0
2019-04-01 16:00:00,109.35,109.35,109.35,109.35,1805.0
2019-04-02 09:31:00,109.3,109.3,109.3,109.3,0.0
2019-04-02 09:34:00,109.23,109.23,109.23,109.23,0.0
2019-04-02 09:41:00,109.11,109.11,109.11,109.11,129.0
2019-04-02 09:48:00,109.13,109.13,109.13,109.13,246.0
2019-04-02 09:52:00,109.24,109.24,109.24,109.24,430.0
2019-04-02 10:00:00,109.31,109.31,109.31,109.31,100.0
2019-04-02 10:03:00,109.26,109.26,109.26,109.26,749.0
2019-04-02 10:05:00,109.17,109.17,109.17,109.17,13.0
2019-04-02 10:15:00,109.2236,109.2236,109.2236,109.2236,202.0
2019-04-02 10:30:00,109.2,109.2,109.2,109.2,100.0
2019-04-02 10:31:00,109.22,109.22,109.22,109.22,100.0
2019-04-02 10:34:00,109.22,109.22,109.22,109.22,388.0
2019-04-02 11:04:00,108.95,108.9761,108.95,108.9761,2586.0
2019-04-02 11:08:00,108.94,108.94,108.94,108.94,100.0
2019-04-02 11:11:00,108.86,108.86,108.86,108.86,600.0
2019-04-02 11:13:00,108.88,108.88,108.88,108.88,102.0
2019-04-02 11:17:00,108.8988,108.8988,108.8988,108.8988,530.0
2019-04-02 11:18:00,108.95,108.95,108.95,108.95,437.0
2019-04-02 11:19:00,108.99,108.99,108.99,108.99,100.0
2019-04-02 11:24:00,109.055,109.055,109.055,109.055,101.0
2019-04-02 11:28:00,109.05,109.05,109.05,109.05,100.0
2019-04-02 11:31:00,109.09,109.09,109.09,109.09,500.0
2019-04-02 11:37:00,109.03,109.03,109.03,109.03,999.0
2019-04-02 12:06:00,109.1697,109.1697,109.1697,109.1697,238.0
2019-04-02 12:07:00,109.145,109.145,109.145,109.145,100.0
2019-04-02 12:08:00,109.16,109.16,109.16,109.16,177.0
2019-04-02 12:11:00,109.14,109.14,109.14,109.14,149.0
2019-04-02 12:14:00,109.13,109.13,109.13,109.13,200.0
2019-04-02 12:16:00,109.12,109.12,109.12,109.12,189.0
2019-04-02 12:17:00,109.095,109.095,109.095,109.095,174.0
2019-04-02 12:19:00,109.08,109.08,109.08,109.08,100.0
2019-04-02 12:22:00,109.06,109.06,109.06,109.06,100.0
2019-04-02 12:23:00,109.06,109.06,109.05,109.05,211.0
2019-04-02 12:25:00,109.01,109.01,109.01,109.01,300.0
2019-04-02 12:29:00,108.98,108.98,108.98,108.98,203.0
2019-04-02 12:30:00,109.01,109.01,109.01,109.01,300.0
2019-04-02 12:33:00,109.02,109.02,109.02,109.02,116.0
2019-04-02 12:36:00,109.0595,109.0595,109.0595,109.0595,141.0
2019-04-02 12:37:00,109.0315,109.0315,109.0315,109.0315,522.0
2019-04-02 12:42:00,109.0531,109.0575,109.0531,109.0575,1204.0
2019-04-02 12:44:00,109.04,109.04,109.02,109.0202,643.0
2019-04-02 12:48:00,109.0187,109.0187,109.0187,109.0187,765.0
2019-04-02 12:49:00,109.0,109.02,109.0,109.02,451.0
2019-04-02 12:51:00,109.0302,109.0302,109.0302,109.0302,103.0
2019-04-02 12:52:00,109.01,109.01,109.01,109.01,508.0
2019-04-02 12:53:00,109.01,109.01,109.01,109.01,100.0
2019-04-02 12:55:00,109.01,109.01,109.01,109.01,100.0
2019-04-02 12:58:00,109.04,109.04,109.04,109.04,195.0
2019-04-02 13:01:00,109.03,109.03,109.03,109.03,406.0
2019-04-02 13:03:00,109.0099,109.0099,109.0,109.0,403.0
2019-04-02 13:04:00,109.03,109.03,109.03,109.03,409.0
2019-04-02 13:06:00,109.02,109.02,109.02,109.02,326.0
2019-04-02 13:11:00,109.11,109.11,109.11,109.11,320.0
2019-04-02 13:18:00,109.1,109.1,109.1,109.1,400.0
2019-04-02 13:25:00,109.0932,109.0932,109.0932,109.0932,268.0
2019-04-02 13:29:00,109.07,109.07,109.07,109.07,757.0
2019-04-02 13:40:00,109.11,109.12,109.11,109.12,400.0
2019-04-02 13:41:00,109.12,109.12,109.11,109.11,234.0
2019-04-02 13:43:00,109.1101,109.1101,109.1101,109.1101,397.0
2019-04-02 13:47:00,109.08,109.08,109.08,109.08,301.0
2019-04-02 13:51:00,109.03,109.03,109.03,109.03,172.0
2019-04-02 13:54:00,109.03,109.03,109.03,109.03,211.0
2019-04-02 13:56:00,109.07,109.07,109.07,109.07,200.0
2019-04-02 13:57:00,109.05,109.05,109.05,109.05,300.0
2019-04-02 13:58:00,109.04,109.04,109.04,109.04,100.0
2019-04-02 14:01:00,109.01,109.01,109.01,109.01,157.0
2019-04-02 14:03:00,109.06,109.06,109.06,109.06,140.0
2019-04-02 14:04:00,109.06,109.06,109.04,109.04,3781.0
2019-04-02 14:05:00,109.06,109.06,109.06,109.06,300.0
2019-04-02 14:07:00,109.05,109.05,109.05,109.05,104.0
2019-04-02 14:10:00,109.06,109.06,109.06,109.06,197.0
2019-04-02 14:11:00,109.06,109.06,109.06,109.06,258.0
2019-04-02 14:12:00,109.0688,109.0688,109.0688,109.0688,307.0
2019-04-02 14:14:00,109.08,109.08,109.0771,109.0771,488.0
2019-04-02 14:16:00,109.08,109.08,109.07,109.07,304.0
2019-04-02 14:18:00,109.07,109.07,109.07,109.07,201.0
2019-04-02 14:19:00,109.08,109.08,109.07,109.07,401.0
2019-04-02 14:21:00,109.08,109.08,109.08,109.08,303.0
2019-04-02 14:23:00,109.08,109.08,109.08,109.08,200.0
2019-04-02 14:25:00,109.09,109.09,109.09,109.09,100.0
2019-04-02 14:28:00,109.12,109.12,109.12,109.12,200.0
2019-04-02 14:29:00,109.1,109.1,109.1,109.1,100.0
2019-04-02 14:30:00,109.11,109.11,109.11,109.11,310.0
2019-04-02 14:36:00,109.14,109.14,109.13,109.13,400.0
2019-04-02 14:38:00,109.12,109.12,109.11,109.11,400.0
2019-04-02 14:39:00,109.08,109.08,109.08,109.08,407.0
2019-04-02 14:40:00,109.09,109.09,109.09,109.09,345.0
2019-04-02 14:43:00,109.11,109.12,109.11,109.12,1771.0
2019-04-02 14:44:00,109.09,109.09,109.09,109.09,548.0
2019-04-02 14:46:00,109.1,109.1,109.1,109.1,270.0
2019-04-02 14:48:00,109.1,109.1041,109.1,109.1041,432.0
2019-04-02 14:49:00,109.1,109.1,109.1,109.1,116.0
2019-04-02 14:53:00,109.07,109.07,109.07,109.07,400.0
2019-04-02 14:54:00,109.06,109.06,109.06,109.06,300.0
2019-04-02 14:56:00,109.06,109.06,109.06,109.06,100.0
2019-04-02 14:57:00,109.0596,109.08,109.0596,109.08,803.0
2019-04-02 14:58:00,109.09,109.09,109.09,109.09,200.0
2019-04-02 14:59:00,109.11,109.11,109.11,109.11,105.0
2019-04-02 15:00:00,109.11,109.11,109.1,109.1,546.0
2019-04-02 15:01:00,109.11,109.11,109.11,109.11,101.0
2019-04-02 15:05:00,109.12,109.12,109.12,109.12,402.0
2019-04-02 15:06:00,109.12,109.12,109.12,109.12,100.0
2019-04-02 15:09:00,109.13,109.13,109.13,109.13,599.0
2019-04-02 15:15:00,109.12,109.12,109.12,109.12,321.0
2019-04-02 15:16:00,109.12,109.12,109.12,109.12,800.0
2019-04-02 15:18:00,109.11,109.11,109.11,109.11,500.0
2019-04-02 15:22:00,109.1,109.1,109.1,109.1,100.0
2019-04-02 15:23:00,109.1066,109.1066,109.1066,109.1066,168.0
2019-04-02 15:24:00,109.11,109.11,109.11,109.11,534.0
2019-04-02 15:25:00,109.09,109.0965,109.09,109.0965,571.0
2019-04-02 15:26:00,109.09,109.09,109.09,109.09,470.0
2019-04-02 15:28:00,109.1,109.12,109.1,109.1,459.0
2019-04-02 15:30:00,109.09,109.09,109.09,109.09,452.0
2019-04-02 15:33:00,109.12,109.12,109.1,109.1,200.0
2019-04-02 15:34:00,109.12,109.14,109.12,109.14,701.0
2019-04-02 15:37:00,109.14,109.14,109.14,109.14,100.0
2019-04-02 15:38:00,109.16,109.16,109.16,109.16,305.0
2019-04-02 15:40:00,109.15,109.16,109.15,109.16,200.0
2019-04-02 15:41:00,109.17,109.17,109.17,109.17,100.0
2019-04-02 15:42:00,109.18,109.18,109.16,109.16,1200.0
2019-04-02 15:43:00,109.18,109.18,109.16,109.16,2798.0
2019-04-02 15:46:00,109.15,109.15,109.15,109.15,100.0
2019-04-02 15:47:00,109.15,109.15,109.145,109.145,568.0
2019-04-02 15:49:00,109.16,109.16,109.16,109.16,400.0
2019-04-02 15:50:00,109.15,109.15,109.15,109.15,720.0
2019-04-02 15:51:00,109.16,109.16,109.13,109.16,1379.0
2019-04-02 15:52:00,109.18,109.18,109.14,109.15,520.0
2019-04-02 15:53:00,109.16,109.16,109.16,109.16,200.0
2019-04-02 15:54:00,109.1397,109.16,109.1397,109.16,630.0
2019-04-02 15:55:00,109.15,109.16,109.15,109.16,200.0
2019-04-02 15:56:00,109.15,109.15,109.12,109.12,991.0
2019-04-02 15:57:00,109.115,109.115,109.11,109.11,400.0
2019-04-02 15:58:00,109.11,109.11,109.11,109.11,700.0
2019-04-02 15:59:00,109.13,109.13,109.12,109.13,2367.0
2019-04-02 16:00:00,109.12,109.12,109.12,109.12,1722.0
2019-04-03 09:32:00,109.6531,109.6531,109.6531,109.6531,0.0
2019-04-03 09:33:00,109.5399,109.54,109.5399,109.5399,476.0
2019-04-03 09:36:00,109.5,109.5,109.5,109.5,628.0
2019-04-03 09:39:00,109.49,109.49,109.49,109.49,1048.0
2019-04-03 09:41:00,109.43,109.44,109.43,109.44,1112.0
2019-04-03 09:46:00,109.5,109.5,109.5,109.5,201.0
2019-04-03 10:01:00,109.26,109.32,109.24,109.31,7660.0
2019-04-03 10:03:00,109.3,109.34,109.3,109.32,1722.0
2019-04-03 10:06:00,109.3,109.3,109.3,109.3,621.0
2019-04-03 10:19:00,109.41,109.41,109.39,109.395,2390.0
2019-04-03 10:26:00,109.415,109.415,109.415,109.415,100.0
2019-04-03 10:29:00,109.36,109.36,109.36,109.36,245.0
2019-04-03 10:34:00,109.41,109.41,109.39,109.41,400.0
2019-04-03 10:35:00,109.4142,109.4142,109.4,109.4,214.0
2019-04-03 10:36:00,109.3917,109.3917,109.3917,109.3917,405.0
2019-04-03 10:47:00,109.4,109.4,109.39,109.39,1045.0
2019-04-03 10:55:00,109.48,109.49,109.48,109.48,1097.0
2019-04-03 11:02:00,109.51,109.51,109.51,109.51,181.0
2019-04-03 11:06:00,109.605,109.605,109.605,109.605,263.0
2019-04-03 11:28:00,109.4272,109.4272,109.4272,109.4272,130.0
2019-04-03 11:30:00,109.4984,109.4984,109.4984,109.4984,145.0
2019-04-03 11:31:00,109.4769,109.4769,109.4769,109.4769,357.0
2019-04-03 11:35:00,109.5095,109.5095,109.5095,109.5095,455.0
2019-04-03 11:37:00,109.5,109.5,109.5,109.5,196.0
2019-04-03 11:39:00,109.4946,109.4946,109.4946,109.4946,418.0
2019-04-03 11:43:00,109.515,109.515,109.515,109.515,107.0
2019-04-03 11:46:00,109.55,109.55,109.55,109.55,300.0
2019-04-03 11:48:00,109.505,109.505,109.505,109.505,684.0
2019-04-03 11:53:00,109.59,109.59,109.59,109.59,0.0
2019-04-03 11:56:00,109.56,109.56,109.56,109.56,23921.0
2019-04-03 11:59:00,109.55,109.55,109.55,109.55,501.0
2019-04-03 12:00:00,109.57,109.57,109.57,109.57,326.0
2019-04-03 12:04:00,109.52,109.52,109.52,109.52,232.0
2019-04-03 12:11:00,109.57,109.57,109.57,109.57,111.0
2019-04-03 12:14:00,109.54,109.54,109.54,109.54,100.0
2019-04-03 12:16:00,109.53,109.53,109.53,109.53,260.0
2019-04-03 12:21:00,109.5,109.5,109.5,109.5,114.0
2019-04-03 12:22:00,109.51,109.51,109.51,109.51,150.0
2019-04-03 12:28:00,109.5459,109.5459,109.545,109.545,548.0
2019-04-03 12:31:00,109.51,109.51,109.51,109.51,217.0
2019-04-03 12:39:00,109.5068,109.5068,109.5068,109.5068,148.0
2019-04-03 12:43:00,109.5331,109.5331,109.5331,109.5331,1240.0
2019-04-03 12:52:00,109.46,109.46,109.46,109.46,100.0
2019-04-03 12:53:00,109.44,109.45,109.44,109.45,1400.0
2019-04-03 12:54:00,109.4607,109.4607,109.44,109.44,2172.0
2019-04-03 12:56:00,109.43,109.43,109.43,109.43,134.0
2019-04-03 13:06:00,109.47,109.4732,109.4603,109.4603,1400.0
2019-04-03 13:11:00,109.465,109.465,109.465,109.465,666.0
2019-04-03 13:31:00,109.44,109.44,109.44,109.44,100.0
2019-04-03 13:33:00,109.43,109.43,109.43,109.43,200.0
2019-04-03 13:35:00,109.4598,109.4598,109.4598,109.4598,217.0
2019-04-03 13:36:00,109.44,109.44,109.44,109.44,129.0
2019-04-03 13:39:00,109.46,109.46,109.46,109.46,211.0
2019-04-03 13:41:00,109.42,109.42,109.42,109.42,149.0
2019-04-03 13:47:00,109.39,109.39,109.39,109.39,808.0
2019-04-03 13:49:00,109.3997,109.3997,109.3997,109.3997,248.0
2019-04-03 13:52:00,109.3,109.3,109.2803,109.2803,493.0
2019-04-03 13:53:00,109.27,109.27,109.27,109.27,101.0
2019-04-03 14:01:00,109.21,109.21,109.21,109.21,100.0
2019-04-03 14:02:00,109.21,109.21,109.21,109.21,308.0
2019-04-03 14:12:00,109.1907,109.1907,109.1907,109.1907,167.0
2019-04-03 14:14:00,109.18,109.1906,109.18,109.1906,651.0
2019-04-03 14:16:00,109.19,109.19,109.19,109.19,432.0
2019-04-03 14:17:00,109.19,109.19,109.19,109.19,100.0
2019-04-03 14:18:00,109.17,109.17,109.17,109.17,200.0
2019-04-03 14:19:00,109.17,109.1798,109.17,109.1798,354.0
2019-04-03 14:26:00,109.256,109.256,109.256,109.256,110.0
2019-04-03 14:30:00,109.3,109.3,109.3,109.3,600.0
2019-04-03 14:31:00,109.23,109.23,109.23,109.23,414.0
2019-04-03 14:32:00,109.25,109.25,109.25,109.25,200.0
2019-04-03 14:33:00,109.22,109.22,109.22,109.22,207.0
2019-04-03 14:37:00,109.21,109.21,109.21,109.21,153.0
2019-04-03 14:42:00,109.1397,109.17,109.1397,109.17,1685.0
2019-04-03 14:43:00,109.15,109.15,109.13,109.13,200.0
2019-04-03 14:45:00,109.11,109.11,109.11,109.11,200.0
2019-04-03 14:46:00,109.11,109.11,109.11,109.11,106.0
2019-04-03 14:53:00,109.14,109.15,109.14,109.15,306.0
2019-04-03 14:54:00,109.17,109.17,109.17,109.17,100.0
2019-04-03 14:57:00,109.2,109.2,109.2,109.2,171.0
2019-04-03 15:00:00,109.13,109.13,109.13,109.13,119.0
2019-04-03 15:03:00,109.1452,109.1452,109.1452,109.1452,1561.0
2019-04-03 15:15:00,108.99,108.99,108.99,108.99,164.0
2019-04-03 15:17:00,108.9912,108.9912,108.9912,108.9912,244.0
2019-04-03 15:19:00,108.9757,108.9757,108.9757,108.9757,234.0
2019-04-03 15:23:00,108.9244,108.9244,108.9244,108.9244,180.0
2019-04-03 15:32:00,109.0467,109.0467,109.0467,109.0467,1235.0
2019-04-03 15:34:00,109.09,109.09,109.08,109.08,200.0
2019-04-03 15:35:00,109.11,109.11,109.11,109.11,200.0
2019-04-03 15:37:00,109.15,109.15,109.15,109.15,100.0
2019-04-03 15:38:00,109.15,109.15,109.15,109.15,124.0
2019-04-03 15:45:00,109.17,109.18,109.17,109.18,221.0
2019-04-03 15:47:00,109.18,109.18,109.18,109.18,100.0
2019-04-03 15:48:00,109.1468,109.1468,109.1468,109.1468,361.0
2019-04-03 15:55:00,109.24,109.24,109.24,109.24,491.0
2019-04-03 15:57:00,109.24,109.24,109.24,109.24,100.0
2019-04-03 15:58:00,109.22,109.22,109.22,109.22,200.0
2019-04-03 15:59:00,109.23,109.23,109.23,109.23,286.0
2019-04-03 16:00:00,109.22,109.22,109.22,109.22,259.0
