
2019-03-20 11:20:00,30.9581,30.9581,30.9581,30.9581,0.0
2019-03-20 11:50:00,30.9,30.9,30.9,30.9,650.0
2019-03-20 11:58:00,30.89,30.89,30.89,30.89,100.0
2019-03-20 12:02:00,30.83,30.83,30.83,30.83,200.0
2019-03-20 12:07:00,30.84,30.84,30.84,30.84,200.0
2019-03-20 12:11:00,30.85,30.85,30.85,30.85,200.0
2019-03-20 12:16:00,30.84,30.84,30.84,30.84,200.0
2019-03-20 12:20:00,30.85,30.85,30.85,30.85,200.0
2019-03-20 12:25:00,30.83,30.83,30.83,30.83,200.0
2019-03-20 12:29:00,30.83,30.83,30.83,30.83,200.0
2019-03-20 12:33:00,30.8,30.8,30.8,30.8,200.0
2019-03-20 12:36:00,30.79,30.79,30.79,30.79,200.0
2019-03-20 12:38:00,30.77,30.77,30.77,30.77,200.0
2019-03-20 12:42:00,30.81,30.81,30.81,30.81,200.0
2019-03-20 12:47:00,30.8,30.8,30.8,30.8,200.0
2019-03-20 12:51:00,30.82,30.82,30.82,30.82,200.0
2019-03-20 12:56:00,30.82,30.82,30.82,30.82,200.0
2019-03-20 13:00:00,30.84,30.84,30.84,30.84,200.0
2019-03-20 13:05:00,30.84,30.84,30.84,30.84,200.0
2019-03-20 13:09:00,30.85,30.85,30.85,30.85,200.0
2019-03-20 13:14:00,30.86,30.86,30.86,30.86,200.0
2019-03-20 13:18:00,30.84,30.84,30.84,30.84,200.0
2019-03-20 13:23:00,30.84,30.84,30.84,30.84,200.0
2019-03-20 13:27:00,30.85,30.85,30.85,30.85,200.0
2019-03-20 13:32:00,30.84,30.84,30.84,30.84,200.0
2019-03-20 13:36:00,30.85,30.85,30.85,30.85,200.0
2019-03-20 13:41:00,30.86,30.86,30.86,30.86,200.0
2019-03-20 13:45:00,30.85,30.85,30.85,30.85,200.0
2019-03-20 13:50:00,30.86,30.86,30.86,30.86,200.0
2019-03-20 13:54:00,30.85,30.85,30.85,30.85,200.0
2019-03-20 13:59:00,30.87,30.87,30.87,30.87,200.0
2019-03-20 14:03:00,31.01,31.01,31.01,31.01,200.0
2019-03-20 14:08:00,31.03,31.03,31.03,31.03,200.0
2019-03-20 14:12:00,31.04,31.04,31.04,31.04,200.0
2019-03-20 14:17:00,31.02,31.02,31.02,31.02,200.0
2019-03-20 14:21:00,31.01,31.01,31.01,31.01,200.0
2019-03-20 14:26:00,31.03,31.03,31.03,31.03,200.0
2019-03-20 14:30:00,31.05,31.05,31.05,31.05,200.0
2019-03-20 14:35:00,31.08,31.08,31.08,31.08,200.0
2019-03-20 14:39:00,31.08,31.08,31.08,31.08,200.0
2019-03-20 14:44:00,31.06,31.06,31.06,31.06,200.0
2019-03-20 14:48:00,31.09,31.09,31.09,31.09,200.0
2019-03-20 14:53:00,31.08,31.08,31.08,31.08,200.0
2019-03-20 14:57:00,31.06,31.06,31.06,31.06,200.0
2019-03-20 15:01:00,31.07,31.07,31.07,31.07,200.0
2019-03-20 15:06:00,31.01,31.01,31.01,31.01,200.0
2019-03-20 15:10:00,31.01,31.02,31.01,31.02,300.0
2019-03-20 15:15:00,31.02,31.02,31.02,31.02,200.0
2019-03-20 15:19:00,31.0,31.0,31.0,31.0,200.0
2019-03-20 15:24:00,31.0,31.0,31.0,31.0,200.0
2019-03-20 15:28:00,30.99,30.99,30.99,30.99,200.0
2019-03-20 15:33:00,30.92,30.92,30.92,30.92,200.0
2019-03-20 15:37:00,30.9,30.9,30.9,30.9,200.0
2019-03-20 15:42:00,30.88,30.88,30.88,30.88,200.0
2019-03-20 15:46:00,30.92,30.92,30.92,30.92,200.0
2019-03-20 15:51:00,30.92,30.92,30.92,30.92,200.0
2019-03-20 15:55:00,30.89,30.89,30.89,30.89,200.0
2019-03-20 15:58:00,30.89,30.89,30.89,30.89,100.0
2019-03-21 09:51:00,30.9358,30.9358,30.9358,30.9358,0.0
2019-03-21 12:45:00,31.19,31.19,31.19,31.19,350.0
2019-03-21 13:43:00,31.2,31.2,31.1999,31.1999,480.0
2019-03-21 15:26:00,31.27,31.27,31.27,31.27,200.0
2019-03-21 15:28:00,31.27,31.27,31.27,31.27,200.0
2019-03-21 15:31:00,31.25,31.25,31.25,31.25,100.0
2019-03-21 15:34:00,31.26,31.26,31.26,31.26,1100.0
2019-03-21 15:35:00,31.28,31.28,31.28,31.28,600.0
2019-03-21 15:46:00,31.32,31.32,31.32,31.32,4305.0
2019-03-22 14:28:00,30.8801,30.8801,30.8801,30.8801,0.0
2019-03-22 14:32:00,30.9063,30.9063,30.9063,30.9063,0.0
2019-03-25 10:28:00,30.72,30.72,30.72,30.72,261.0
2019-03-25 14:50:00,30.7433,30.7433,30.7433,30.7433,163.0
2019-03-25 15:02:00,30.79,30.79,30.79,30.79,163.0
2019-03-25 15:38:00,30.795,30.795,30.795,30.795,103.0
2019-03-25 15:48:00,30.8479,30.8479,30.8479,30.8479,0.0
2019-03-27 09:45:00,31.13,31.13,31.13,31.13,17.0
2019-03-27 13:38:00,30.9901,30.9901,30.9901,30.9901,350.0
2019-03-27 14:16:00,31.0515,31.0515,31.0515,31.0515,111.0
2019-03-27 15:56:00,31.0755,31.0755,31.0755,31.0755,520.0
2019-03-28 09:31:00,31.14,31.14,31.14,31.14,0.0
2019-03-28 11:21:00,31.14,31.14,31.14,31.14,12038.0
2019-03-28 13:03:00,31.17,31.17,31.169,31.169,1100.0
2019-03-28 14:48:00,31.199,31.199,31.199,31.199,212.0
2019-03-28 14:53:00,31.18,31.18,31.18,31.18,0.0
2019-03-29 15:02:00,31.48,31.48,31.48,31.48,0.0
2019-04-01 15:24:00,31.7252,31.7252,31.7252,31.7252,0.0
2019-04-02 12:52:00,31.66,31.66,31.66,31.66,0.0
2019-04-02 15:07:00,31.7,31.7,31.7,31.7,100.0
2019-04-02 15:13:00,31.7,31.7,31.7,31.7,324.0
2019-04-02 15:24:00,31.7,31.7,31.7,31.7,720.0
2019-04-03 12:59:00,31.88,31.88,31.871,31.871,1030.0
2019-04-03 13:55:00,31.81,31.81,31.8,31.8,286.0
