
2019-03-20 09:31:00,129.99,129.99,129.99,129.99,0.0
2019-03-20 09:34:00,129.65,129.68,129.65,129.68,750.0
2019-03-20 09:39:00,129.54,129.54,129.54,129.54,0.0
2019-03-20 09:43:00,129.5404,129.5404,129.5404,129.5404,160.0
2019-03-20 09:47:00,129.52,129.52,129.52,129.52,200.0
2019-03-20 09:52:00,129.5421,129.5421,129.5421,129.5421,210.0
2019-03-20 09:55:00,129.53,129.53,129.53,129.53,110.0
2019-03-20 09:59:00,129.47,129.47,129.47,129.47,200.0
2019-03-20 10:12:00,129.52,129.52,129.52,129.52,100.0
2019-03-20 10:15:00,129.43,129.43,129.43,129.43,601.0
2019-03-20 10:33:00,129.48,129.48,129.48,129.48,200.0
2019-03-20 10:34:00,129.47,129.47,129.47,129.47,301.0
2019-03-20 10:40:00,129.42,129.42,129.42,129.42,100.0
2019-03-20 10:45:00,129.46,129.46,129.46,129.46,100.0
2019-03-20 10:48:00,129.5,129.5,129.5,129.5,100.0
2019-03-20 10:51:00,129.54,129.54,129.54,129.54,100.0
2019-03-20 10:56:00,129.48,129.48,129.48,129.48,100.0
2019-03-20 11:01:00,129.58,129.58,129.58,129.58,100.0
2019-03-20 11:07:00,129.59,129.59,129.59,129.59,103.0
2019-03-20 11:12:00,129.56,129.56,129.56,129.56,100.0
2019-03-20 11:16:00,129.4899,129.4899,129.4899,129.4899,100.0
2019-03-20 11:24:00,129.57,129.57,129.57,129.57,500.0
2019-03-20 11:29:00,129.4899,129.4899,129.4899,129.4899,103.0
2019-03-20 11:35:00,129.43,129.43,129.43,129.43,200.0
2019-03-20 11:39:00,129.392,129.392,129.3874,129.3874,2397.0
2019-03-20 11:43:00,129.36,129.36,129.36,129.36,102.0
2019-03-20 11:46:00,129.345,129.345,129.345,129.345,300.0
2019-03-20 11:49:00,129.26,129.26,129.26,129.26,417.0
2019-03-20 12:17:00,129.26,129.26,129.26,129.26,100.0
2019-03-20 12:22:00,129.2,129.2,129.2,129.2,128.0
2019-03-20 12:33:00,129.03,129.03,129.03,129.03,308.0
2019-03-20 12:35:00,128.935,128.935,128.935,128.935,126.0
2019-03-20 12:37:00,128.9499,128.9499,128.9499,128.9499,202.0
2019-03-20 13:02:00,129.16,129.16,129.16,129.16,101.0
2019-03-20 13:10:00,129.19,129.19,129.19,129.19,100.0
2019-03-20 13:19:00,129.22,129.22,129.22,129.22,100.0
2019-03-20 13:23:00,129.1851,129.1851,129.1851,129.1851,1266.0
2019-03-20 13:27:00,129.23,129.23,129.23,129.23,100.0
2019-03-20 13:35:00,129.2,129.2,129.2,129.2,100.0
2019-03-20 13:42:00,129.28,129.28,129.28,129.28,100.0
2019-03-20 13:50:00,129.31,129.31,129.31,129.31,100.0
2019-03-20 13:58:00,129.33,129.33,129.33,129.33,100.0
2019-03-20 14:02:00,129.62,129.62,129.62,129.62,103.0
2019-03-20 14:09:00,129.8899,129.8899,129.8899,129.8899,100.0
2019-03-20 14:18:00,129.94,129.94,129.94,129.94,100.0
2019-03-20 14:20:00,129.85,129.85,129.85,129.85,106.0
2019-03-20 14:22:00,129.8599,129.8599,129.8599,129.8599,100.0
2019-03-20 14:38:00,130.31,130.31,130.31,130.31,159.0
2019-03-20 14:43:00,130.2299,130.2299,130.2299,130.2299,200.0
2019-03-20 14:55:00,130.2899,130.2899,130.2899,130.2899,229.0
2019-03-20 15:04:00,130.2299,130.2299,130.2299,130.2299,100.0
2019-03-20 15:14:00,130.04,130.04,130.04,130.04,341.0
2019-03-20 15:15:00,130.08,130.08,130.08,130.08,140.0
2019-03-20 15:20:00,130.08,130.08,130.08,130.08,100.0
2019-03-20 15:24:00,130.03,130.03,130.03,130.03,197.0
2019-03-20 15:28:00,130.0,130.0,130.0,130.0,100.0
2019-03-20 15:29:00,129.94,129.94,129.94,129.94,108.0
2019-03-20 15:32:00,129.78,129.78,129.78,129.78,102.0
2019-03-20 15:41:00,129.53,129.53,129.53,129.53,200.0
2019-03-20 15:47:00,129.72,129.72,129.64,129.64,300.0
2019-03-20 15:49:00,129.72,129.72,129.72,129.72,100.0
2019-03-20 15:51:00,129.63,129.63,129.63,129.63,107.0
2019-03-20 15:54:00,129.5,129.5,129.5,129.5,201.0
2019-03-20 15:57:00,129.5,129.5,129.5,129.5,206.0
2019-03-20 15:59:00,129.6,129.6,129.6,129.6,200.0
2019-03-20 16:00:00,129.49,129.49,129.49,129.49,200.0
2019-03-21 09:31:00,128.96,128.96,128.96,128.96,0.0
2019-03-21 09:33:00,129.28,129.28,129.28,129.28,300.0
2019-03-21 09:39:00,129.52,129.52,129.52,129.52,400.0
2019-03-21 09:40:00,129.53,129.53,129.53,129.53,610.0
2019-03-21 10:03:00,129.8605,129.8605,129.8605,129.8605,781.0
2019-03-21 10:14:00,130.0,130.0,130.0,130.0,272.0
2019-03-21 10:35:00,130.16,130.16,130.16,130.16,400.0
2019-03-21 10:36:00,130.16,130.16,130.16,130.16,622.0
2019-03-21 11:47:00,130.61,130.61,130.61,130.61,1635.0
2019-03-21 12:03:00,130.74,130.74,130.74,130.74,1207.0
2019-03-21 12:05:00,130.7136,130.7136,130.7136,130.7136,458.0
2019-03-21 12:08:00,130.6699,130.6699,130.6699,130.6699,7448.0
2019-03-21 12:37:00,130.31,130.31,130.31,130.31,322.0
2019-03-21 12:47:00,130.46,130.46,130.46,130.46,300.0
2019-03-21 13:28:00,130.75,130.75,130.75,130.75,100.0
2019-03-21 14:02:00,130.81,130.81,130.81,130.81,201.0
2019-03-21 14:25:00,130.98,130.98,130.98,130.98,0.0
2019-03-21 14:39:00,131.0,131.0,131.0,131.0,288.0
2019-03-21 16:00:00,130.84,130.93,130.84,130.93,506.0
2019-03-22 09:31:00,130.36,130.36,130.36,130.36,0.0
2019-03-22 09:34:00,130.46,130.46,130.46,130.46,400.0
2019-03-22 09:35:00,130.44,130.44,130.44,130.44,500.0
2019-03-22 09:37:00,130.39,130.39,130.39,130.39,800.0
2019-03-22 09:39:00,130.4,130.4,130.4,130.4,400.0
2019-03-22 09:43:00,130.42,130.42,130.42,130.42,410.0
2019-03-22 09:55:00,129.76,129.76,129.76,129.76,700.0
2019-03-22 10:11:00,129.73,129.73,129.73,129.73,770.0
2019-03-22 10:17:00,129.85,129.85,129.85,129.85,399.0
2019-03-22 11:12:00,129.1628,129.1628,129.1628,129.1628,1389.0
2019-03-22 15:33:00,128.615,128.615,128.615,128.615,415.0
2019-03-22 16:00:00,128.16,128.16,128.16,128.16,700.0
2019-03-25 09:31:00,127.52,127.52,127.52,127.52,0.0
2019-03-25 09:38:00,127.95,127.95,127.95,127.95,261.0
2019-03-25 09:53:00,127.34,127.34,127.34,127.34,373.0
2019-03-25 10:01:00,127.1236,127.1236,127.1236,127.1236,1550.0
2019-03-25 10:15:00,127.03,127.03,127.03,127.03,469.0
2019-03-25 10:51:00,127.58,127.58,127.58,127.58,150.0
2019-03-25 11:05:00,127.605,127.605,127.605,127.605,410.0
2019-03-25 11:29:00,128.095,128.095,128.095,128.095,486.0
2019-03-25 13:18:00,127.63,127.63,127.63,127.63,513.0
2019-03-25 14:54:00,127.43,127.43,127.43,127.43,109.0
2019-03-25 15:14:00,127.73,127.73,127.73,127.73,586.0
2019-03-26 09:31:00,128.35,128.35,128.35,128.35,0.0
2019-03-26 09:51:00,128.72,128.72,128.72,128.72,100.0
2019-03-26 09:53:00,128.76,128.76,128.76,128.76,100.0
2019-03-26 10:06:00,128.9,128.9,128.9,128.9,100.0
2019-03-26 10:09:00,128.8,128.8,128.8,128.8,100.0
2019-03-26 10:22:00,128.75,128.75,128.75,128.75,317.0
2019-03-26 10:53:00,129.02,129.02,129.02,129.02,200.0
2019-03-26 10:57:00,129.085,129.085,129.085,129.085,1019.0
2019-03-26 11:19:00,128.9,128.9,128.9,128.9,389.0
2019-03-26 13:05:00,128.4106,128.4106,128.4106,128.4106,265.0
2019-03-26 13:07:00,128.37,128.37,128.37,128.37,270.0
2019-03-26 15:47:00,128.16,128.16,128.16,128.16,900.0
2019-03-26 15:53:00,128.32,128.32,128.32,128.32,100.0
2019-03-26 15:56:00,128.43,128.43,128.43,128.43,200.0
2019-03-27 09:45:00,128.6904,128.6904,128.69,128.6904,0.0
2019-03-27 09:49:00,128.69,128.69,128.69,128.69,298.0
2019-03-27 10:16:00,128.59,128.59,128.59,128.59,126.0
2019-03-27 10:27:00,128.78,128.78,128.78,128.78,102.0
2019-03-27 10:32:00,128.72,128.7273,128.58,128.58,1370.0
2019-03-27 10:46:00,128.21,128.21,128.21,128.21,229.0
2019-03-27 10:55:00,128.11,128.11,128.11,128.11,317.0
2019-03-27 13:15:00,127.88,127.88,127.88,127.88,200.0
2019-03-27 13:28:00,128.0234,128.0234,128.0234,128.0234,471.0
2019-03-27 14:04:00,128.06,128.06,128.06,128.06,102.0
2019-03-27 14:12:00,128.17,128.17,128.17,128.17,559.0
2019-03-27 15:55:00,128.04,128.04,128.04,128.04,168.0
2019-03-28 09:31:00,128.28,128.28,128.28,128.28,0.0
2019-03-28 09:36:00,128.33,128.33,128.33,128.33,500.0
2019-03-28 09:47:00,128.42,128.42,128.42,128.42,970.0
2019-03-28 10:07:00,128.63,128.63,128.63,128.63,415.0
2019-03-28 13:48:00,128.28,128.2915,128.28,128.2915,468.0
2019-03-28 14:37:00,128.2966,128.2966,128.2966,128.2966,171.0
2019-03-28 14:41:00,128.29,128.3073,128.29,128.3073,469.0
2019-03-28 15:51:00,128.54,128.54,128.54,128.54,100.0
2019-03-28 15:52:00,128.52,128.52,128.52,128.52,100.0
2019-03-28 16:00:00,128.59,128.59,128.59,128.59,100.0
2019-03-29 10:01:00,129.2043,129.2043,129.2043,129.2043,0.0
2019-03-29 10:26:00,129.1957,129.1957,129.1957,129.1957,243.0
2019-03-29 10:55:00,128.82,128.82,128.82,128.82,235.0
2019-03-29 11:08:00,129.045,129.045,129.045,129.045,129.0
2019-03-29 11:28:00,129.07,129.07,129.07,129.07,200.0
2019-03-29 11:59:00,129.11,129.11,129.11,129.11,128.0
2019-03-29 12:00:00,129.06,129.06,129.06,129.06,496.0
2019-03-29 12:15:00,128.94,128.94,128.94,128.94,4.0
2019-03-29 12:34:00,129.13,129.13,129.13,129.13,1000.0
2019-03-29 12:35:00,129.13,129.13,129.13,129.13,1715.0
2019-03-29 12:54:00,129.05,129.05,129.05,129.05,158.0
2019-03-29 14:40:00,129.1984,129.1984,129.1984,129.1984,155.0
2019-03-29 14:49:00,129.17,129.17,129.17,129.17,256.0
2019-03-29 15:51:00,129.19,129.19,129.17,129.17,7500.0
2019-03-29 15:54:00,129.309,129.309,129.23,129.23,638.0
2019-03-29 15:55:00,129.19,129.19,129.19,129.19,200.0
2019-03-29 15:56:00,129.3,129.3,129.3,129.3,300.0
2019-03-29 15:59:00,129.36,129.43,129.36,129.43,312.0
2019-04-01 09:31:00,130.28,130.28,130.28,130.28,0.0
2019-04-01 09:35:00,130.6241,130.6241,130.624,130.6241,201.0
2019-04-01 10:01:00,130.5054,130.5054,130.5054,130.5054,1594.0
2019-04-01 10:22:00,130.42,130.42,130.42,130.42,113.0
2019-04-01 10:29:00,130.34,130.34,130.34,130.34,100.0
2019-04-01 10:31:00,130.42,130.42,130.42,130.42,225.0
2019-04-01 11:12:00,130.4535,130.4535,130.4535,130.4535,126.0
2019-04-01 11:14:00,130.4367,130.4367,130.4367,130.4367,137.0
2019-04-01 11:45:00,130.32,130.32,130.32,130.32,189.0
2019-04-01 13:01:00,130.6,130.6,130.6,130.6,288.0
2019-04-01 13:47:00,130.66,130.66,130.66,130.66,100.0
2019-04-01 13:53:00,130.67,130.67,130.67,130.67,100.0
2019-04-01 13:57:00,130.68,130.68,130.68,130.68,200.0
2019-04-01 14:15:00,130.72,130.72,130.72,130.72,300.0
2019-04-01 15:04:00,130.69,130.69,130.69,130.69,200.0
2019-04-01 15:13:00,130.66,130.66,130.66,130.66,205.0
2019-04-01 15:21:00,130.7104,130.7104,130.7104,130.7104,221.0
2019-04-01 15:25:00,130.74,130.74,130.74,130.74,245.0
2019-04-01 15:39:00,130.78,130.78,130.78,130.78,163.0
2019-04-01 15:59:00,130.94,130.94,130.94,130.94,198.0
2019-04-02 09:34:00,130.77,130.77,130.77,130.77,0.0
2019-04-02 09:38:00,130.65,130.65,130.65,130.65,0.0
2019-04-02 09:44:00,130.7,130.7,130.7,130.7,100.0
2019-04-02 09:46:00,130.65,130.65,130.65,130.65,288.0
2019-04-02 10:08:00,130.74,130.74,130.74,130.74,100.0
2019-04-02 10:10:00,130.76,130.76,130.76,130.76,122.0
2019-04-02 10:14:00,130.79,130.79,130.79,130.79,121.0
2019-04-02 10:15:00,130.84,130.84,130.84,130.84,135.0
2019-04-02 10:37:00,130.79,130.79,130.79,130.79,100.0
2019-04-02 10:39:00,130.77,130.77,130.77,130.77,100.0
2019-04-02 10:45:00,130.755,130.755,130.755,130.755,500.0
2019-04-02 10:48:00,130.78,130.78,130.78,130.78,100.0
2019-04-02 10:56:00,130.85,130.85,130.85,130.85,100.0
2019-04-02 11:02:00,130.66,130.66,130.66,130.66,200.0
2019-04-02 11:04:00,130.57,130.57,130.57,130.57,270.0
2019-04-02 12:02:00,130.82,130.82,130.82,130.82,305.0
2019-04-02 12:19:00,130.7,130.7,130.7,130.7,200.0
2019-04-02 12:23:00,130.66,130.66,130.66,130.66,692.0
2019-04-02 13:09:00,130.78,130.78,130.78,130.78,404.0
2019-04-02 13:35:00,130.83,130.83,130.83,130.83,483.0
2019-04-02 14:04:00,130.73,130.73,130.73,130.73,300.0
2019-04-02 14:23:00,130.82,130.82,130.82,130.82,196.0
2019-04-02 14:55:00,130.85,130.85,130.85,130.85,1166.0
2019-04-02 15:47:00,130.9871,130.9871,130.9871,130.9871,3687.0
2019-04-02 15:55:00,130.96,130.96,130.96,130.96,100.0
2019-04-03 09:31:00,131.51,131.51,131.51,131.51,0.0
2019-04-03 09:57:00,131.33,131.33,131.33,131.33,100.0
2019-04-03 10:00:00,131.3,131.3,131.3,131.3,100.0
2019-04-03 10:06:00,131.21,131.21,131.21,131.21,116.0
2019-04-03 10:11:00,131.32,131.32,131.32,131.32,201.0
2019-04-03 10:18:00,131.4049,131.4049,131.4049,131.4049,150.0
2019-04-03 10:27:00,131.43,131.43,131.43,131.43,193.0
2019-04-03 10:33:00,131.44,131.47,131.44,131.47,200.0
2019-04-03 10:38:00,131.4592,131.4592,131.4592,131.4592,113.0
2019-04-03 10:50:00,131.45,131.45,131.45,131.45,202.0
2019-04-03 11:28:00,131.51,131.51,131.51,131.51,300.0
2019-04-03 11:40:00,131.68,131.68,131.68,131.68,391.0
2019-04-03 12:40:00,131.64,131.64,131.64,131.64,133.0
2019-04-03 13:36:00,131.4901,131.4901,131.4901,131.4901,1814.0
2019-04-03 13:41:00,131.45,131.45,131.44,131.44,500.0
2019-04-03 13:45:00,131.4205,131.4205,131.4205,131.4205,128.0
2019-04-03 13:54:00,131.2599,131.2599,131.2599,131.2599,305.0
2019-04-03 14:20:00,131.16,131.16,131.16,131.16,141.0
2019-04-03 14:55:00,131.1981,131.1981,131.17,131.17,934.0
2019-04-03 15:20:00,130.93,130.93,130.93,130.93,2753.0
2019-04-03 15:25:00,130.91,130.91,130.91,130.91,216.0
2019-04-03 15:51:00,131.18,131.18,131.18,131.18,141.0
2019-04-03 15:59:00,131.255,131.255,131.255,131.255,295.0
2019-04-03 16:00:00,131.21,131.21,131.21,131.21,211.0
