
2019-03-20 09:31:00,54.16,54.16,53.96,53.96,0.0
2019-03-20 09:33:00,54.39,54.39,54.39,54.39,492.0
2019-03-20 09:40:00,54.02,54.02,53.97,53.97,501.0
2019-03-20 09:44:00,53.945,53.945,53.945,53.945,364.0
2019-03-20 09:55:00,53.585,53.585,53.585,53.585,169.0
2019-03-20 10:06:00,53.6,53.6,53.6,53.6,188.0
2019-03-20 10:21:00,53.5774,53.5774,53.5774,53.5774,1250.0
2019-03-20 10:25:00,53.52,53.52,53.39,53.39,1134.0
2019-03-20 10:45:00,53.42,53.43,53.42,53.43,1399.0
2019-03-20 10:50:00,53.49,53.49,53.49,53.49,100.0
2019-03-20 10:52:00,53.49,53.49,53.49,53.49,371.0
2019-03-20 10:54:00,53.54,53.54,53.54,53.54,211.0
2019-03-20 10:55:00,53.61,53.61,53.61,53.61,378.0
2019-03-20 10:56:00,53.62,53.815,53.58,53.815,634.0
2019-03-20 10:57:00,53.83,53.83,53.83,53.83,120.0
2019-03-20 10:58:00,53.77,53.7899,53.77,53.7899,237.0
2019-03-20 11:07:00,53.68,53.68,53.66,53.66,400.0
2019-03-20 11:09:00,53.66,53.66,53.66,53.66,160.0
2019-03-20 11:13:00,53.66,53.82,53.63,53.82,2491.0
2019-03-20 11:32:00,53.88,53.88,53.88,53.88,294.0
2019-03-20 11:39:00,53.81,53.81,53.81,53.81,100.0
2019-03-20 11:41:00,53.86,53.86,53.86,53.86,160.0
2019-03-20 11:48:00,53.82,53.82,53.82,53.82,148.0
2019-03-20 11:54:00,53.76,53.76,53.72,53.76,2840.0
2019-03-20 11:55:00,53.74,53.74,53.74,53.74,100.0
2019-03-20 11:58:00,53.68,53.68,53.64,53.67,1000.0
2019-03-20 11:59:00,53.67,53.67,53.67,53.67,166.0
2019-03-20 12:00:00,53.7,53.7,53.7,53.7,866.0
2019-03-20 12:04:00,53.73,53.87,53.73,53.87,867.0
2019-03-20 12:14:00,53.79,53.79,53.79,53.79,160.0
2019-03-20 12:27:00,53.87,53.87,53.87,53.87,219.0
2019-03-20 12:31:00,53.88,53.88,53.88,53.88,100.0
2019-03-20 12:33:00,53.74,53.75,53.74,53.74,613.0
2019-03-20 12:36:00,53.71,53.71,53.71,53.71,627.0
2019-03-20 12:42:00,53.8,53.805,53.79,53.805,441.0
2019-03-20 12:46:00,53.85,53.85,53.85,53.85,153.0
2019-03-20 12:55:00,53.89,53.89,53.89,53.89,583.0
2019-03-20 12:57:00,53.91,54.125,53.91,53.99,1435.0
2019-03-20 13:11:00,53.99,53.99,53.99,53.99,100.0
2019-03-20 13:13:00,54.0,54.0,54.0,54.0,318.0
2019-03-20 13:24:00,54.0,54.0,54.0,54.0,335.0
2019-03-20 13:28:00,53.99,54.01,53.96,53.96,564.0
2019-03-20 13:34:00,54.02,54.02,54.0,54.02,848.0
2019-03-20 13:40:00,54.08,54.08,54.08,54.08,394.0
2019-03-20 13:43:00,54.09,54.11,54.09,54.11,411.0
2019-03-20 13:52:00,54.11,54.11,54.11,54.11,100.0
2019-03-20 13:53:00,54.12,54.12,54.12,54.12,384.0
2019-03-20 13:54:00,54.12,54.14,54.11,54.14,866.0
2019-03-20 13:56:00,54.16,54.16,54.16,54.16,279.0
2019-03-20 14:03:00,54.14,54.14,54.14,54.14,210.0
2019-03-20 14:04:00,54.175,54.175,54.175,54.175,120.0
2019-03-20 14:07:00,54.22,54.26,54.22,54.26,893.0
2019-03-20 14:15:00,54.26,54.32,54.26,54.32,767.0
2019-03-20 14:18:00,54.34,54.34,54.34,54.34,146.0
2019-03-20 14:22:00,54.39,54.39,54.39,54.39,100.0
2019-03-20 14:25:00,54.34,54.34,54.34,54.34,210.0
2019-03-20 14:28:00,54.43,54.43,54.43,54.43,100.0
2019-03-20 14:29:00,54.45,54.45,54.45,54.45,160.0
2019-03-20 14:31:00,54.46,54.48,54.46,54.48,398.0
2019-03-20 14:39:00,54.55,54.55,54.55,54.55,366.0
2019-03-20 14:42:00,54.53,54.53,54.53,54.53,200.0
2019-03-20 14:45:00,54.59,54.59,54.59,54.59,159.0
2019-03-20 14:46:00,54.525,54.525,54.525,54.525,149.0
2019-03-20 14:47:00,54.59,54.64,54.59,54.64,859.0
2019-03-20 14:48:00,54.65,54.67,54.65,54.67,700.0
2019-03-20 14:49:00,54.66,54.66,54.66,54.66,701.0
2019-03-20 14:51:00,54.61,54.61,54.61,54.61,100.0
2019-03-20 14:52:00,54.52,54.52,54.51,54.51,300.0
2019-03-20 14:55:00,54.48,54.48,54.48,54.48,196.0
2019-03-20 14:57:00,54.35,54.35,54.35,54.35,100.0
2019-03-20 14:58:00,54.36,54.36,54.35,54.35,447.0
2019-03-20 14:59:00,54.39,54.39,54.39,54.39,160.0
2019-03-20 15:00:00,54.27,54.27,54.27,54.27,100.0
2019-03-20 15:01:00,54.27,54.27,54.27,54.27,100.0
2019-03-20 15:02:00,54.325,54.41,54.325,54.41,1466.0
2019-03-20 15:04:00,54.35,54.35,54.35,54.35,1273.0
2019-03-20 15:06:00,54.295,54.295,54.295,54.295,200.0
2019-03-20 15:07:00,54.28,54.3,54.28,54.3,701.0
2019-03-20 15:08:00,54.23,54.315,54.23,54.315,200.0
2019-03-20 15:10:00,54.31,54.31,54.31,54.31,123.0
2019-03-20 15:11:00,54.28,54.28,54.28,54.28,100.0
2019-03-20 15:13:00,54.21,54.21,54.19,54.19,532.0
2019-03-20 15:14:00,54.13,54.13,54.13,54.13,146.0
2019-03-20 15:16:00,54.19,54.22,54.17,54.22,1565.0
2019-03-20 15:18:00,54.23,54.23,54.23,54.23,260.0
2019-03-20 15:23:00,54.15,54.17,54.15,54.17,949.0
2019-03-20 15:25:00,54.13,54.13,54.11,54.11,678.0
2019-03-20 15:26:00,54.09,54.09,54.09,54.09,400.0
2019-03-20 15:27:00,54.09,54.09,54.05,54.09,600.0
2019-03-20 15:28:00,54.07,54.07,54.07,54.07,300.0
2019-03-20 15:30:00,54.06,54.06,54.05,54.05,260.0
2019-03-20 15:32:00,54.09,54.09,54.05,54.09,300.0
2019-03-20 15:33:00,54.09,54.09,54.05,54.05,1000.0
2019-03-20 15:34:00,53.96,53.96,53.96,53.96,260.0
2019-03-20 15:35:00,53.95,53.95,53.95,53.95,100.0
2019-03-20 15:36:00,53.95,53.95,53.95,53.95,100.0
2019-03-20 15:37:00,53.95,54.005,53.95,54.005,200.0
2019-03-20 15:38:00,54.055,54.06,53.96,53.96,470.0
2019-03-20 15:39:00,53.96,54.005,53.96,54.005,210.0
2019-03-20 15:40:00,53.95,53.95,53.95,53.95,100.0
2019-03-20 15:41:00,53.95,54.04,53.95,53.96,670.0
2019-03-20 15:43:00,53.95,54.05,53.95,54.05,480.0
2019-03-20 15:46:00,53.94,53.94,53.93,53.93,400.0
2019-03-20 15:47:00,53.92,53.98,53.92,53.98,531.0
2019-03-20 15:48:00,53.92,53.92,53.92,53.92,270.0
2019-03-20 15:49:00,53.92,53.92,53.92,53.92,587.0
2019-03-20 15:50:00,53.85,53.85,53.85,53.85,400.0
2019-03-20 15:51:00,53.89,53.89,53.89,53.89,1439.0
2019-03-20 15:52:00,53.88,53.88,53.86,53.86,1117.0
2019-03-20 15:53:00,53.87,53.87,53.85,53.85,1693.0
2019-03-20 15:56:00,53.81,53.81,53.78,53.79,1727.0
2019-03-20 15:57:00,53.77,53.79,53.77,53.79,1339.0
2019-03-20 15:58:00,53.79,53.79,53.78,53.79,1621.0
2019-03-20 15:59:00,53.79,53.8,53.78,53.79,2430.0
2019-03-20 16:00:00,53.78,53.8,53.72,53.75,5310.0
2019-03-21 09:31:00,53.55,53.55,53.55,53.55,133.0
2019-03-21 09:45:00,53.415,53.415,53.415,53.415,148.0
2019-03-21 09:46:00,53.99,54.03,53.99,54.03,207.0
2019-03-21 09:47:00,53.92,53.94,53.92,53.94,680.0
2019-03-21 09:51:00,54.19,54.19,54.19,54.19,281.0
2019-03-21 09:52:00,54.22,54.22,54.22,54.22,278.0
2019-03-21 10:01:00,54.23,54.23,54.23,54.23,100.0
2019-03-21 10:09:00,54.25,54.25,54.24,54.24,1056.0
2019-03-21 10:12:00,54.25,54.25,54.25,54.25,105.0
2019-03-21 10:17:00,54.15,54.15,54.15,54.15,153.0
2019-03-21 10:30:00,54.15,54.15,54.15,54.15,127.0
2019-03-21 10:36:00,54.21,54.21,54.21,54.21,210.0
2019-03-21 10:44:00,54.21,54.21,54.21,54.21,587.0
2019-03-21 10:46:00,54.32,54.32,54.32,54.32,305.0
2019-03-21 10:47:00,54.29,54.29,54.29,54.29,202.0
2019-03-21 10:54:00,54.38,54.38,54.38,54.38,100.0
2019-03-21 10:56:00,54.4,54.44,54.4,54.44,639.0
2019-03-21 10:59:00,54.535,54.535,54.535,54.535,100.0
2019-03-21 11:01:00,54.54,54.54,54.54,54.54,102.0
2019-03-21 11:02:00,54.54,54.54,54.54,54.54,100.0
2019-03-21 11:04:00,54.56,54.65,54.56,54.65,800.0
2019-03-21 11:12:00,54.66,54.66,54.62,54.62,1088.0
2019-03-21 11:21:00,54.57,54.6,54.57,54.57,465.0
2019-03-21 11:24:00,54.67,54.67,54.67,54.67,523.0
2019-03-21 11:26:00,54.84,54.9,54.84,54.9,611.0
2019-03-21 11:30:00,54.76,54.76,54.69,54.69,720.0
2019-03-21 11:31:00,54.64,54.64,54.64,54.64,100.0
2019-03-21 11:33:00,54.75,54.75,54.75,54.75,100.0
2019-03-21 11:34:00,54.75,54.8,54.75,54.8,604.0
2019-03-21 11:43:00,54.88,54.89,54.88,54.89,305.0
2019-03-21 11:46:00,54.92,54.92,54.92,54.92,116.0
2019-03-21 11:47:00,54.94,54.94,54.94,54.94,703.0
2019-03-21 11:49:00,54.89,54.89,54.84,54.84,439.0
2019-03-21 11:50:00,54.84,54.84,54.83,54.83,710.0
2019-03-21 11:53:00,54.87,54.91,54.87,54.91,407.0
2019-03-21 11:55:00,54.88,54.88,54.88,54.88,300.0
2019-03-21 12:00:00,54.79,54.79,54.79,54.79,750.0
2019-03-21 12:08:00,54.74,54.74,54.74,54.74,407.0
2019-03-21 12:12:00,54.7,54.7,54.7,54.7,381.0
2019-03-21 12:23:00,54.64,54.64,54.64,54.64,202.0
2019-03-21 12:27:00,54.49,54.49,54.49,54.49,2600.0
2019-03-21 12:28:00,54.41,54.41,54.41,54.41,339.0
2019-03-21 12:31:00,54.34,54.51,54.34,54.51,3588.0
2019-03-21 12:33:00,54.39,54.39,54.39,54.39,1043.0
2019-03-21 12:34:00,54.48,54.48,54.48,54.48,1230.0
2019-03-21 12:37:00,54.47,54.47,54.44,54.44,800.0
2019-03-21 12:42:00,54.52,54.52,54.48,54.48,1104.0
2019-03-21 12:45:00,54.64,54.64,54.64,54.64,100.0
2019-03-21 12:46:00,54.6,54.6,54.6,54.6,839.0
2019-03-21 12:54:00,54.64,54.64,54.64,54.64,300.0
2019-03-21 12:57:00,54.58,54.58,54.58,54.58,300.0
2019-03-21 13:02:00,54.61,54.61,54.61,54.61,754.0
2019-03-21 13:11:00,54.64,54.64,54.6,54.6,811.0
2019-03-21 13:21:00,54.55,54.55,54.55,54.55,648.0
2019-03-21 13:33:00,54.63,54.63,54.63,54.63,268.0
2019-03-21 13:36:00,54.54,54.54,54.54,54.54,500.0
2019-03-21 13:37:00,54.61,54.67,54.61,54.67,1307.0
2019-03-21 13:38:00,54.725,54.725,54.725,54.725,831.0
2019-03-21 13:40:00,54.66,54.66,54.66,54.66,200.0
2019-03-21 13:44:00,54.65,54.65,54.65,54.65,521.0
2019-03-21 13:47:00,54.73,54.73,54.73,54.73,362.0
2019-03-21 13:52:00,54.79,54.79,54.79,54.79,310.0
2019-03-21 13:55:00,54.81,54.81,54.81,54.81,200.0
2019-03-21 13:57:00,54.83,54.83,54.83,54.83,241.0
2019-03-21 13:59:00,54.72,54.72,54.72,54.72,277.0
2019-03-21 14:02:00,54.81,54.81,54.81,54.81,321.0
2019-03-21 14:03:00,54.8,54.8,54.8,54.8,428.0
2019-03-21 14:04:00,54.75,54.75,54.75,54.75,641.0
2019-03-21 14:08:00,54.75,54.75,54.75,54.75,311.0
2019-03-21 14:13:00,54.79,54.8,54.79,54.8,1167.0
2019-03-21 14:19:00,54.82,54.82,54.82,54.82,660.0
2019-03-21 14:23:00,54.91,54.91,54.91,54.91,320.0
2019-03-21 14:25:00,54.91,54.91,54.91,54.91,750.0
2019-03-21 14:27:00,54.93,54.93,54.93,54.93,200.0
2019-03-21 14:33:00,54.99,54.99,54.99,54.99,881.0
2019-03-21 14:34:00,55.05,55.05,55.05,55.05,552.0
2019-03-21 14:37:00,55.03,55.03,55.03,55.03,740.0
2019-03-21 14:41:00,55.02,55.02,55.02,55.02,338.0
2019-03-21 14:43:00,54.98,54.98,54.98,54.98,100.0
2019-03-21 14:44:00,54.975,54.975,54.975,54.975,510.0
2019-03-21 14:47:00,55.02,55.02,55.02,55.02,454.0
2019-03-21 14:53:00,55.0,55.0,55.0,55.0,311.0
2019-03-21 14:55:00,54.98,54.98,54.93,54.93,968.0
2019-03-21 14:59:00,54.83,54.83,54.83,54.83,528.0
2019-03-21 15:00:00,54.78,54.78,54.78,54.78,116.0
2019-03-21 15:03:00,54.76,54.76,54.76,54.76,497.0
2019-03-21 15:09:00,54.89,54.89,54.89,54.89,1112.0
2019-03-21 15:10:00,54.8,54.8,54.8,54.8,100.0
2019-03-21 15:12:00,54.78,54.78,54.69,54.69,980.0
2019-03-21 15:14:00,54.7,54.71,54.7,54.71,1810.0
2019-03-21 15:15:00,54.73,54.73,54.72,54.72,744.0
2019-03-21 15:18:00,54.71,54.71,54.71,54.71,911.0
2019-03-21 15:20:00,54.75,54.75,54.75,54.75,1046.0
2019-03-21 15:21:00,54.8,54.8,54.8,54.8,617.0
2019-03-21 15:24:00,54.9,54.9,54.9,54.9,889.0
2019-03-21 15:30:00,54.83,54.83,54.83,54.83,469.0
2019-03-21 15:33:00,54.83,54.86,54.83,54.86,621.0
2019-03-21 15:35:00,54.9,54.9,54.9,54.9,609.0
2019-03-21 15:36:00,54.85,54.85,54.85,54.85,1614.0
2019-03-21 15:37:00,54.83,54.83,54.83,54.83,1252.0
2019-03-21 15:39:00,54.855,54.855,54.855,54.855,103.0
2019-03-21 15:41:00,54.86,54.86,54.86,54.86,100.0
2019-03-21 15:42:00,54.83,54.83,54.83,54.83,722.0
2019-03-21 15:43:00,54.86,54.86,54.86,54.86,548.0
2019-03-21 15:45:00,54.81,54.81,54.81,54.81,703.0
2019-03-21 15:47:00,54.74,54.74,54.74,54.74,507.0
2019-03-21 15:48:00,54.68,54.68,54.68,54.68,600.0
2019-03-21 15:50:00,54.7,54.7,54.7,54.7,537.0
2019-03-21 15:51:00,54.77,54.77,54.77,54.77,200.0
2019-03-21 15:52:00,54.68,54.68,54.68,54.68,960.0
2019-03-21 15:53:00,54.68,54.69,54.68,54.69,3055.0
2019-03-21 15:55:00,54.84,54.84,54.84,54.84,868.0
2019-03-21 15:57:00,54.84,54.86,54.84,54.86,2430.0
2019-03-21 15:59:00,54.9,54.9,54.9,54.9,1885.0
2019-03-21 16:00:00,54.78,54.78,54.78,54.78,1628.0
2019-03-22 09:31:00,54.48,54.48,54.48,54.48,595.0
2019-03-22 09:54:00,54.37,54.37,54.31,54.31,838.0
2019-03-22 10:04:00,53.94,53.94,53.94,53.94,200.0
2019-03-22 10:05:00,53.93,53.93,53.93,53.93,244.0
2019-03-22 10:06:00,54.03,54.06,54.03,54.06,300.0
2019-03-22 10:08:00,54.04,54.04,53.88,53.88,203.0
2019-03-22 10:09:00,53.965,53.965,53.965,53.965,101.0
2019-03-22 10:14:00,53.9,53.92,53.89,53.91,886.0
2019-03-22 10:18:00,54.02,54.13,54.02,54.13,1161.0
2019-03-22 10:20:00,54.1,54.1,54.1,54.1,280.0
2019-03-22 10:30:00,54.13,54.13,53.96,53.96,1249.0
2019-03-22 10:43:00,53.99,54.17,53.98,54.09,3468.0
2019-03-22 10:45:00,54.15,54.28,54.15,54.25,2223.0
2019-03-22 10:48:00,54.19,54.19,54.15,54.15,500.0
2019-03-22 10:49:00,54.15,54.15,54.15,54.15,900.0
2019-03-22 10:50:00,54.15,54.15,54.15,54.15,382.0
2019-03-22 10:57:00,54.0,54.0,54.0,54.0,100.0
2019-03-22 10:58:00,54.095,54.095,54.095,54.095,260.0
2019-03-22 10:59:00,53.92,53.92,53.92,53.92,2.0
2019-03-22 11:00:00,53.92,54.07,53.91,54.06,1409.0
2019-03-22 11:01:00,54.0,54.005,54.0,54.005,400.0
2019-03-22 11:02:00,54.005,54.005,54.005,54.005,417.0
2019-03-22 11:03:00,54.08,54.09,54.08,54.08,1361.0
2019-03-22 11:10:00,54.08,54.08,54.08,54.08,1400.0
2019-03-22 11:11:00,54.08,54.09,54.04,54.06,796.0
2019-03-22 11:12:00,54.05,54.05,54.05,54.05,300.0
2019-03-22 11:13:00,54.11,54.11,54.11,54.11,298.0
2019-03-22 11:16:00,54.05,54.05,54.05,54.05,189.0
2019-03-22 11:17:00,54.05,54.05,54.05,54.05,204.0
2019-03-22 11:21:00,54.05,54.05,54.05,54.05,1641.0
2019-03-22 11:26:00,53.92,53.92,53.91,53.91,465.0
2019-03-22 11:27:00,53.97,53.99,53.97,53.98,683.0
2019-03-22 11:28:00,53.97,53.97,53.97,53.97,243.0
2019-03-22 11:29:00,53.97,54.1,53.97,54.09,4641.0
2019-03-22 11:30:00,54.09,54.09,54.09,54.09,410.0
2019-03-22 11:31:00,54.09,54.12,54.09,54.12,613.0
2019-03-22 11:32:00,54.09,54.16,54.09,54.16,922.0
2019-03-22 11:37:00,54.07,54.07,54.07,54.07,312.0
2019-03-22 11:42:00,53.99,53.99,53.99,53.99,132.0
2019-03-22 11:44:00,53.995,53.995,53.995,53.995,131.0
2019-03-22 11:45:00,53.85,53.85,53.85,53.85,100.0
2019-03-22 11:47:00,53.86,53.895,53.85,53.895,341.0
2019-03-22 11:50:00,53.74,53.74,53.74,53.74,170.0
2019-03-22 11:53:00,53.71,53.77,53.69,53.77,600.0
2019-03-22 11:55:00,53.6,53.685,53.6,53.685,300.0
2019-03-22 11:58:00,53.675,53.675,53.675,53.675,160.0
2019-03-22 12:01:00,53.48,53.48,53.48,53.48,112.0
2019-03-22 12:04:00,53.57,53.57,53.48,53.48,309.0
2019-03-22 12:06:00,53.47,53.48,53.38,53.48,560.0
2019-03-22 12:09:00,53.48,53.48,53.48,53.48,100.0
2019-03-22 12:12:00,53.38,53.38,53.38,53.38,300.0
2019-03-22 12:13:00,53.38,53.415,53.38,53.415,770.0
2019-03-22 12:21:00,53.26,53.26,53.26,53.26,160.0
2019-03-22 12:25:00,53.26,53.26,53.26,53.26,101.0
2019-03-22 12:26:00,53.27,53.27,53.27,53.27,100.0
2019-03-22 12:28:00,53.26,53.26,53.26,53.26,652.0
2019-03-22 12:29:00,53.25,53.4,53.25,53.35,1710.0
2019-03-22 12:30:00,53.35,53.4,53.35,53.4,600.0
2019-03-22 12:31:00,53.35,53.4,53.22,53.4,4839.0
2019-03-22 12:33:00,53.47,53.47,53.47,53.47,315.0
2019-03-22 12:43:00,53.5,53.5,53.5,53.5,1107.0
2019-03-22 12:44:00,53.41,53.41,53.41,53.41,877.0
2019-03-22 12:49:00,53.35,53.35,53.35,53.35,100.0
2019-03-22 12:50:00,53.35,53.35,53.35,53.35,250.0
2019-03-22 12:51:00,53.35,53.4,53.33,53.33,794.0
2019-03-22 12:52:00,53.25,53.25,53.25,53.25,1060.0
2019-03-22 12:53:00,53.45,53.45,53.45,53.45,1890.0
2019-03-22 12:56:00,53.52,53.52,53.52,53.52,190.0
2019-03-22 12:57:00,53.5,53.5,53.5,53.5,100.0
2019-03-22 12:58:00,53.52,53.52,53.52,53.52,175.0
2019-03-22 13:14:00,53.49,53.49,53.49,53.49,731.0
2019-03-22 13:23:00,53.45,53.45,53.45,53.45,129.0
2019-03-22 13:27:00,53.54,53.54,53.54,53.54,1105.0
2019-03-22 13:32:00,53.63,53.63,53.63,53.63,118.0
2019-03-22 13:34:00,53.6,53.6,53.6,53.6,551.0
2019-03-22 13:35:00,53.55,53.55,53.55,53.55,337.0
2019-03-22 13:39:00,53.55,53.55,53.55,53.55,200.0
2019-03-22 13:40:00,53.55,53.55,53.55,53.55,100.0
2019-03-22 13:41:00,53.6,53.63,53.6,53.63,668.0
2019-03-22 13:53:00,53.59,53.59,53.55,53.55,1800.0
2019-03-22 13:57:00,53.59,53.59,53.59,53.59,235.0
2019-03-22 14:01:00,53.56,53.56,53.55,53.55,222.0
2019-03-22 14:03:00,53.62,53.65,53.62,53.65,619.0
2019-03-22 14:06:00,53.69,53.74,53.68,53.68,767.0
2019-03-22 14:07:00,53.69,53.69,53.69,53.69,773.0
2019-03-22 14:09:00,53.66,53.66,53.66,53.66,139.0
2019-03-22 14:10:00,53.68,53.74,53.67,53.74,400.0
2019-03-22 14:11:00,53.715,53.715,53.715,53.715,100.0
2019-03-22 14:12:00,53.76,53.76,53.76,53.76,312.0
2019-03-22 14:15:00,53.775,53.775,53.775,53.775,100.0
2019-03-22 14:16:00,53.75,53.75,53.75,53.75,440.0
2019-03-22 14:17:00,53.8,53.8,53.8,53.8,178.0
2019-03-22 14:26:00,53.8,53.8,53.745,53.745,1101.0
2019-03-22 14:27:00,53.745,53.745,53.745,53.745,254.0
2019-03-22 14:29:00,53.76,53.76,53.76,53.76,200.0
2019-03-22 14:30:00,53.785,53.785,53.785,53.785,100.0
2019-03-22 14:31:00,53.75,53.785,53.75,53.785,484.0
2019-03-22 14:33:00,53.75,53.75,53.75,53.75,300.0
2019-03-22 14:35:00,53.75,53.75,53.75,53.75,331.0
2019-03-22 14:41:00,53.82,53.83,53.82,53.82,1041.0
2019-03-22 14:50:00,53.815,53.86,53.815,53.86,730.0
2019-03-22 14:54:00,53.92,53.92,53.88,53.88,901.0
2019-03-22 14:55:00,53.86,53.86,53.86,53.86,158.0
2019-03-22 15:02:00,53.95,54.015,53.95,54.015,482.0
2019-03-22 15:03:00,54.06,54.06,54.06,54.06,474.0
2019-03-22 15:06:00,53.87,53.87,53.82,53.82,374.0
2019-03-22 15:14:00,53.81,53.81,53.75,53.75,721.0
2019-03-22 15:16:00,53.75,53.75,53.75,53.75,252.0
2019-03-22 15:17:00,53.8,53.82,53.8,53.82,794.0
2019-03-22 15:18:00,53.81,53.83,53.8,53.83,801.0
2019-03-22 15:27:00,53.81,53.81,53.81,53.81,201.0
2019-03-22 15:28:00,53.81,53.81,53.81,53.81,100.0
2019-03-22 15:29:00,53.8,53.8,53.74,53.74,1161.0
2019-03-22 15:30:00,53.735,53.735,53.735,53.735,100.0
2019-03-22 15:31:00,53.69,53.69,53.65,53.665,1398.0
2019-03-22 15:32:00,53.71,53.72,53.71,53.72,410.0
2019-03-22 15:34:00,53.71,53.8,53.71,53.8,2833.0
2019-03-22 15:36:00,53.75,53.7501,53.75,53.7501,714.0
2019-03-22 15:37:00,53.75,53.75,53.75,53.75,545.0
2019-03-22 15:38:00,53.75,53.8,53.75,53.8,814.0
2019-03-22 15:40:00,53.79,53.79,53.79,53.79,190.0
2019-03-22 15:41:00,53.75,53.81,53.75,53.8,4420.0
2019-03-22 15:44:00,53.75,53.75,53.75,53.75,497.0
2019-03-22 15:45:00,53.71,53.71,53.71,53.71,100.0
2019-03-22 15:46:00,53.68,53.7,53.64,53.64,1195.0
2019-03-22 15:47:00,53.61,53.62,53.61,53.615,856.0
2019-03-22 15:50:00,53.62,53.62,53.56,53.56,1289.0
2019-03-22 15:51:00,53.52,53.52,53.5,53.5,400.0
2019-03-22 15:52:00,53.46,53.47,53.45,53.45,596.0
2019-03-22 15:53:00,53.44,53.44,53.44,53.44,178.0
2019-03-22 15:54:00,53.43,53.46,53.43,53.46,728.0
2019-03-22 15:55:00,53.4,53.43,53.36,53.42,1614.0
2019-03-22 15:56:00,53.43,53.46,53.43,53.46,1011.0
2019-03-22 15:57:00,53.42,53.45,53.4,53.4,752.0
2019-03-22 15:58:00,53.39,53.39,53.36,53.36,589.0
2019-03-22 15:59:00,53.34,53.34,53.26,53.27,1377.0
2019-03-22 16:00:00,53.29,53.31,53.2,53.21,3373.0
2019-03-25 09:31:00,52.95,52.95,52.95,52.95,894.0
2019-03-25 09:39:00,52.665,52.665,52.665,52.665,140.0
2019-03-25 09:41:00,53.06,53.07,53.06,53.07,623.0
2019-03-25 09:47:00,52.915,52.915,52.915,52.915,315.0
2019-03-25 10:05:00,52.985,52.985,52.985,52.985,111.0
2019-03-25 10:14:00,53.15,53.34,53.15,53.34,1081.0
2019-03-25 10:19:00,53.34,53.34,53.34,53.34,105.0
2019-03-25 10:21:00,53.19,53.19,53.19,53.19,940.0
2019-03-25 10:31:00,53.27,53.27,53.27,53.27,841.0
2019-03-25 10:35:00,53.33,53.39,53.33,53.39,229.0
2019-03-25 10:41:00,53.22,53.22,53.22,53.22,681.0
2019-03-25 10:42:00,53.15,53.15,53.15,53.15,383.0
2019-03-25 10:45:00,53.16,53.16,53.16,53.16,200.0
2019-03-25 10:46:00,53.24,53.24,53.24,53.24,341.0
2019-03-25 10:47:00,53.22,53.22,53.22,53.22,300.0
2019-03-25 10:52:00,53.26,53.26,53.26,53.26,620.0
2019-03-25 10:57:00,53.43,53.43,53.42,53.42,506.0
2019-03-25 10:59:00,53.38,53.38,53.38,53.38,1096.0
2019-03-25 11:06:00,53.44,53.44,53.44,53.44,190.0
2019-03-25 11:08:00,53.52,53.52,53.52,53.52,272.0
2019-03-25 11:11:00,53.395,53.395,53.395,53.395,494.0
2019-03-25 11:14:00,53.48,53.48,53.48,53.48,171.0
2019-03-25 11:17:00,53.51,53.51,53.51,53.51,963.0
2019-03-25 11:30:00,53.89,53.89,53.89,53.89,482.0
2019-03-25 11:32:00,53.83,53.83,53.83,53.83,202.0
2019-03-25 11:34:00,53.84,53.84,53.84,53.84,180.0
2019-03-25 11:36:00,53.875,53.875,53.875,53.875,555.0
2019-03-25 11:44:00,53.64,53.64,53.64,53.64,288.0
2019-03-25 12:04:00,53.66,53.69,53.66,53.69,913.0
2019-03-25 12:05:00,53.83,53.83,53.83,53.83,227.0
2019-03-25 12:06:00,53.75,53.75,53.75,53.75,106.0
2019-03-25 12:09:00,53.72,53.72,53.72,53.72,689.0
2019-03-25 12:12:00,53.69,53.69,53.69,53.69,100.0
2019-03-25 12:13:00,53.69,53.69,53.69,53.69,100.0
2019-03-25 12:16:00,53.58,53.58,53.58,53.58,102.0
2019-03-25 12:20:00,53.62,53.62,53.62,53.62,136.0
2019-03-25 12:23:00,53.64,53.64,53.64,53.64,633.0
2019-03-25 12:36:00,53.5,53.5,53.5,53.5,678.0
2019-03-25 12:39:00,53.57,53.57,53.57,53.57,209.0
2019-03-25 12:47:00,53.5,53.5,53.5,53.5,150.0
2019-03-25 12:49:00,53.52,53.52,53.52,53.52,451.0
2019-03-25 12:51:00,53.57,53.57,53.57,53.57,211.0
2019-03-25 12:58:00,53.61,53.61,53.61,53.61,201.0
2019-03-25 12:59:00,53.68,53.68,53.68,53.68,637.0
2019-03-25 13:00:00,53.73,53.73,53.73,53.73,186.0
2019-03-25 13:02:00,53.66,53.66,53.62,53.62,462.0
2019-03-25 13:04:00,53.65,53.65,53.65,53.65,110.0
2019-03-25 13:12:00,53.56,53.56,53.56,53.56,103.0
2019-03-25 13:14:00,53.63,53.63,53.62,53.62,689.0
2019-03-25 13:15:00,53.7,53.7,53.7,53.7,295.0
2019-03-25 13:28:00,53.47,53.47,53.47,53.47,242.0
2019-03-25 13:33:00,53.46,53.46,53.46,53.46,306.0
2019-03-25 13:35:00,53.48,53.48,53.48,53.48,594.0
2019-03-25 13:40:00,53.6,53.6,53.56,53.56,1292.0
2019-03-25 13:49:00,53.44,53.44,53.44,53.44,100.0
2019-03-25 13:50:00,53.41,53.41,53.41,53.41,305.0
2019-03-25 13:53:00,53.37,53.37,53.37,53.37,101.0
2019-03-25 13:55:00,53.37,53.37,53.37,53.37,371.0
2019-03-25 13:56:00,53.34,53.34,53.34,53.34,144.0
2019-03-25 14:04:00,53.42,53.42,53.42,53.42,613.0
2019-03-25 14:08:00,53.43,53.43,53.43,53.43,105.0
2019-03-25 14:14:00,53.5,53.5,53.5,53.5,203.0
2019-03-25 14:17:00,53.41,53.41,53.41,53.41,303.0
2019-03-25 14:18:00,53.37,53.37,53.37,53.37,350.0
2019-03-25 14:24:00,53.29,53.29,53.29,53.29,195.0
2019-03-25 14:28:00,53.38,53.38,53.38,53.38,368.0
2019-03-25 14:29:00,53.36,53.36,53.36,53.36,122.0
2019-03-25 14:31:00,53.44,53.44,53.44,53.44,496.0
2019-03-25 14:38:00,53.47,53.47,53.47,53.47,424.0
2019-03-25 14:42:00,53.53,53.53,53.53,53.53,506.0
2019-03-25 14:44:00,53.66,53.66,53.66,53.66,248.0
2019-03-25 14:46:00,53.7,53.7,53.7,53.7,320.0
2019-03-25 14:47:00,53.67,53.67,53.67,53.67,200.0
2019-03-25 14:49:00,53.68,53.68,53.68,53.68,401.0
2019-03-25 14:53:00,53.69,53.69,53.69,53.69,304.0
2019-03-25 14:56:00,53.72,53.72,53.72,53.72,206.0
2019-03-25 14:58:00,53.71,53.72,53.71,53.72,924.0
2019-03-25 15:07:00,53.68,53.69,53.68,53.69,733.0
2019-03-25 15:09:00,53.68,53.68,53.665,53.665,740.0
2019-03-25 15:14:00,53.75,53.76,53.75,53.76,436.0
2019-03-25 15:15:00,53.72,53.72,53.72,53.72,214.0
2019-03-25 15:21:00,53.59,53.59,53.59,53.59,312.0
2019-03-25 15:23:00,53.63,53.63,53.63,53.63,472.0
2019-03-25 15:26:00,53.72,53.72,53.72,53.72,215.0
2019-03-25 15:27:00,53.685,53.685,53.685,53.685,377.0
2019-03-25 15:30:00,53.68,53.68,53.68,53.68,477.0
2019-03-25 15:31:00,53.71,53.71,53.71,53.71,376.0
2019-03-25 15:32:00,53.61,53.61,53.61,53.61,311.0
2019-03-25 15:35:00,53.63,53.63,53.63,53.63,156.0
2019-03-25 15:36:00,53.59,53.59,53.59,53.59,653.0
2019-03-25 15:37:00,53.57,53.57,53.57,53.57,387.0
2019-03-25 15:38:00,53.63,53.63,53.61,53.61,846.0
2019-03-25 15:40:00,53.6,53.6,53.6,53.6,712.0
2019-03-25 15:42:00,53.55,53.55,53.55,53.55,206.0
2019-03-25 15:44:00,53.58,53.58,53.58,53.58,353.0
2019-03-25 15:45:00,53.65,53.65,53.62,53.62,735.0
2019-03-25 15:47:00,53.57,53.57,53.57,53.57,366.0
2019-03-25 15:49:00,53.5,53.5,53.5,53.5,1544.0
2019-03-25 15:51:00,53.555,53.555,53.555,53.555,1278.0
2019-03-25 15:52:00,53.51,53.51,53.51,53.51,864.0
2019-03-25 15:53:00,53.49,53.49,53.49,53.49,1343.0
2019-03-25 15:56:00,53.51,53.51,53.51,53.51,938.0
2019-03-25 15:57:00,53.49,53.49,53.49,53.49,679.0
2019-03-25 15:58:00,53.51,53.51,53.51,53.51,998.0
2019-03-25 15:59:00,53.59,53.59,53.59,53.59,1443.0
2019-03-25 16:00:00,53.52,53.52,53.52,53.52,1773.0
2019-03-26 09:31:00,53.66,53.66,53.66,53.66,1144.0
2019-03-26 09:55:00,53.96,53.96,53.96,53.96,335.0
2019-03-26 09:57:00,53.94,53.94,53.94,53.94,442.0
2019-03-26 10:04:00,53.84,53.84,53.84,53.84,105.0
2019-03-26 10:19:00,53.94,53.94,53.94,53.94,422.0
2019-03-26 10:39:00,53.844,53.844,53.844,53.844,133.0
2019-03-26 10:44:00,54.04,54.04,54.04,54.04,125.0
2019-03-26 10:46:00,54.01,54.06,54.01,54.06,582.0
2019-03-26 10:49:00,54.19,54.19,54.19,54.19,225.0
2019-03-26 10:50:00,54.255,54.255,54.255,54.255,165.0
2019-03-26 11:07:00,54.18,54.18,54.18,54.18,1221.0
2019-03-26 11:26:00,53.88,53.88,53.88,53.88,786.0
2019-03-26 11:27:00,54.05,54.05,54.05,54.05,0.0
2019-03-26 11:33:00,54.04,54.04,54.04,54.04,429.0
2019-03-26 11:39:00,54.06,54.06,54.06,54.06,105.0
2019-03-26 11:41:00,54.16,54.16,54.16,54.16,278.0
2019-03-26 11:48:00,54.06,54.06,54.06,54.06,487.0
2019-03-26 12:10:00,53.8,53.8,53.8,53.8,252.0
2019-03-26 12:16:00,53.89,53.89,53.89,53.89,925.0
2019-03-26 12:21:00,54.0,54.0,54.0,54.0,818.0
2019-03-26 12:25:00,53.87,53.89,53.87,53.89,1065.0
2019-03-26 12:42:00,53.81,53.81,53.81,53.81,215.0
2019-03-26 12:49:00,53.77,53.77,53.77,53.77,230.0
2019-03-26 12:57:00,53.74,53.74,53.74,53.74,718.0
2019-03-26 13:05:00,53.89,53.89,53.89,53.89,101.0
2019-03-26 13:12:00,53.84,53.84,53.84,53.84,100.0
2019-03-26 13:13:00,53.83,53.83,53.83,53.83,240.0
2019-03-26 13:20:00,53.805,53.805,53.805,53.805,265.0
2019-03-26 13:30:00,53.83,53.86,53.83,53.86,527.0
2019-03-26 13:38:00,53.74,53.74,53.74,53.74,137.0
2019-03-26 13:42:00,53.7,53.7,53.7,53.7,204.0
2019-03-26 13:44:00,53.84,53.84,53.84,53.84,224.0
2019-03-26 13:51:00,53.79,53.79,53.79,53.79,105.0
2019-03-26 13:54:00,53.84,53.84,53.84,53.84,130.0
2019-03-26 14:01:00,53.83,53.83,53.83,53.83,157.0
2019-03-26 14:11:00,53.75,53.75,53.75,53.75,111.0
2019-03-26 14:13:00,53.84,53.89,53.84,53.89,1246.0
2019-03-26 14:27:00,53.92,53.92,53.92,53.92,483.0
2019-03-26 14:58:00,53.96,53.96,53.96,53.96,990.0
2019-03-26 15:01:00,54.19,54.19,54.19,54.19,577.0
2019-03-26 15:04:00,54.25,54.25,54.25,54.25,113.0
2019-03-26 15:09:00,54.17,54.17,54.17,54.17,193.0
2019-03-26 15:11:00,54.17,54.17,54.17,54.17,323.0
2019-03-26 15:19:00,54.04,54.04,54.04,54.04,592.0
2019-03-26 15:29:00,54.05,54.05,54.05,54.05,540.0
2019-03-26 15:31:00,54.02,54.02,53.94,53.94,936.0
2019-03-26 15:34:00,53.99,53.99,53.94,53.94,365.0
2019-03-26 15:36:00,53.99,53.99,53.99,53.99,105.0
2019-03-26 15:39:00,54.0,54.0,54.0,54.0,405.0
2019-03-26 15:40:00,54.0,54.0,54.0,54.0,221.0
2019-03-26 15:41:00,53.96,53.96,53.96,53.96,215.0
2019-03-26 15:43:00,54.02,54.02,54.02,54.02,489.0
2019-03-26 15:44:00,53.97,53.97,53.97,53.97,306.0
2019-03-26 15:46:00,53.97,53.97,53.9625,53.9625,1527.0
2019-03-26 15:47:00,54.0,54.0,54.0,54.0,798.0
2019-03-26 15:49:00,54.08,54.08,54.08,54.08,587.0
2019-03-26 15:52:00,54.09,54.09,54.09,54.09,1461.0
2019-03-26 15:54:00,54.11,54.11,54.11,54.11,400.0
2019-03-26 15:56:00,54.04,54.04,54.04,54.04,611.0
2019-03-26 15:57:00,54.0,54.0,54.0,54.0,481.0
2019-03-26 15:58:00,54.005,54.005,54.005,54.005,752.0
2019-03-26 15:59:00,54.07,54.07,54.07,54.07,878.0
2019-03-26 16:00:00,54.03,54.03,54.01,54.01,6573.0
2019-03-27 09:31:00,54.05,54.05,54.05,54.05,492.0
2019-03-27 09:45:00,54.19,54.32,54.19,54.32,1169.0
2019-03-27 10:11:00,54.11,54.11,54.11,54.11,252.0
2019-03-27 10:17:00,54.14,54.14,54.14,54.14,208.0
2019-03-27 10:20:00,54.1,54.1,54.1,54.1,111.0
2019-03-27 10:33:00,54.11,54.11,54.11,54.11,200.0
2019-03-27 10:34:00,54.16,54.2271,54.16,54.2271,1262.0
2019-03-27 10:35:00,54.225,54.225,54.15,54.15,271.0
2019-03-27 10:37:00,54.15,54.15,54.15,54.15,576.0
2019-03-27 10:41:00,53.965,53.965,53.965,53.965,145.0
2019-03-27 10:50:00,53.95,53.95,53.95,53.95,617.0
2019-03-27 10:51:00,54.02,54.02,54.02,54.02,426.0
2019-03-27 10:53:00,54.1,54.1,54.1,54.1,242.0
2019-03-27 10:54:00,54.055,54.055,54.055,54.055,309.0
2019-03-27 10:55:00,54.055,54.055,54.055,54.055,487.0
2019-03-27 11:05:00,53.96,53.96,53.96,53.96,217.0
2019-03-27 11:07:00,53.94,53.94,53.86,53.93,593.0
2019-03-27 11:10:00,53.7601,53.7601,53.7601,53.7601,137.0
2019-03-27 11:11:00,53.93,53.93,53.93,53.93,225.0
2019-03-27 11:15:00,53.85,53.91,53.85,53.91,909.0
2019-03-27 11:16:00,53.815,53.815,53.815,53.815,484.0
2019-03-27 11:17:00,53.805,53.81,53.74,53.81,1060.0
2019-03-27 11:18:00,53.86,53.86,53.81,53.81,259.0
2019-03-27 11:30:00,53.79,53.79,53.79,53.79,292.0
2019-03-27 11:32:00,53.87,53.87,53.8,53.8,990.0
2019-03-27 11:34:00,53.8,53.8,53.79,53.79,1786.0
2019-03-27 11:35:00,53.78,53.78,53.62,53.62,713.0
2019-03-27 11:40:00,53.65,53.7,53.65,53.7,224.0
2019-03-27 11:42:00,53.66,53.71,53.66,53.7,826.0
2019-03-27 11:43:00,53.74,53.74,53.74,53.74,100.0
2019-03-27 11:45:00,53.68,53.71,53.68,53.69,867.0
2019-03-27 11:48:00,53.65,53.65,53.65,53.65,200.0
2019-03-27 11:50:00,53.6,53.6,53.6,53.6,100.0
2019-03-27 11:51:00,53.67,53.67,53.67,53.67,137.0
2019-03-27 11:54:00,53.77,53.77,53.76,53.77,800.0
2019-03-27 11:55:00,53.68,53.68,53.68,53.68,128.0
2019-03-27 12:00:00,53.86,53.86,53.86,53.86,0.0
2019-03-27 12:08:00,53.94,53.94,53.94,53.94,18181.0
2019-03-27 12:21:00,53.97,54.01,53.97,54.01,625.0
2019-03-27 12:28:00,54.04,54.12,54.04,54.12,454.0
2019-03-27 12:30:00,54.13,54.13,54.13,54.13,200.0
2019-03-27 12:32:00,54.15,54.15,54.15,54.15,104.0
2019-03-27 12:36:00,53.98,53.98,53.98,53.98,766.0
2019-03-27 12:39:00,54.0,54.05,54.0,54.05,829.0
2019-03-27 12:41:00,54.03,54.03,53.93,53.93,200.0
2019-03-27 12:48:00,54.03,54.03,54.03,54.03,100.0
2019-03-27 12:51:00,54.05,54.05,54.05,54.05,816.0
2019-03-27 12:53:00,54.12,54.13,54.12,54.12,453.0
2019-03-27 12:55:00,54.1,54.1,54.08,54.08,350.0
2019-03-27 12:56:00,54.11,54.12,54.11,54.12,200.0
2019-03-27 12:58:00,54.04,54.04,54.04,54.04,100.0
2019-03-27 13:01:00,53.99,53.99,53.98,53.98,945.0
2019-03-27 13:08:00,53.94,53.94,53.94,53.94,340.0
2019-03-27 13:14:00,53.97,53.97,53.97,53.97,219.0
2019-03-27 13:15:00,54.06,54.07,54.02,54.07,434.0
2019-03-27 13:16:00,54.19,54.19,54.14,54.15,361.0
2019-03-27 13:17:00,54.15,54.15,54.15,54.15,200.0
2019-03-27 13:19:00,54.17,54.17,54.17,54.17,100.0
2019-03-27 13:21:00,54.06,54.06,54.06,54.06,450.0
2019-03-27 13:29:00,54.02,54.02,54.02,54.02,100.0
2019-03-27 13:30:00,53.96,53.96,53.96,53.96,152.0
2019-03-27 13:34:00,54.01,54.01,54.01,54.01,203.0
2019-03-27 13:43:00,53.98,54.01,53.98,54.01,611.0
2019-03-27 13:46:00,54.13,54.13,54.13,54.13,160.0
2019-03-27 13:58:00,54.15,54.16,54.15,54.16,200.0
2019-03-27 14:00:00,54.085,54.085,54.085,54.085,173.0
2019-03-27 14:12:00,54.17,54.24,54.17,54.24,1349.0
2019-03-27 14:19:00,54.24,54.24,54.24,54.24,260.0
2019-03-27 14:22:00,54.17,54.17,54.17,54.17,100.0
2019-03-27 14:27:00,54.01,54.01,54.01,54.01,200.0
2019-03-27 14:31:00,54.17,54.17,54.16,54.17,810.0
2019-03-27 14:36:00,54.17,54.17,54.17,54.17,100.0
2019-03-27 14:38:00,54.19,54.19,54.19,54.19,159.0
2019-03-27 14:39:00,54.01,54.01,54.01,54.01,200.0
2019-03-27 14:41:00,54.07,54.1,54.07,54.1,323.0
2019-03-27 14:53:00,54.25,54.25,54.25,54.25,110.0
2019-03-27 14:54:00,54.245,54.245,54.245,54.245,488.0
2019-03-27 14:58:00,54.16,54.16,54.16,54.16,100.0
2019-03-27 15:04:00,54.24,54.24,54.15,54.15,558.0
2019-03-27 15:05:00,54.14,54.14,54.14,54.14,258.0
2019-03-27 15:12:00,54.14,54.16,54.14,54.16,488.0
2019-03-27 15:13:00,54.17,54.17,54.17,54.17,216.0
2019-03-27 15:15:00,54.17,54.17,54.085,54.085,200.0
2019-03-27 15:20:00,54.18,54.18,54.18,54.18,100.0
2019-03-27 15:24:00,54.29,54.29,54.29,54.29,100.0
2019-03-27 15:28:00,54.28,54.28,54.28,54.28,100.0
2019-03-27 15:29:00,54.31,54.31,54.26,54.26,205.0
2019-03-27 15:31:00,54.32,54.32,54.32,54.32,540.0
2019-03-27 15:32:00,54.35,54.35,54.33,54.34,1122.0
2019-03-27 15:34:00,54.31,54.31,54.31,54.31,120.0
2019-03-27 15:42:00,54.3,54.34,54.29,54.34,581.0
2019-03-27 15:44:00,54.29,54.29,54.29,54.29,388.0
2019-03-27 15:46:00,54.26,54.27,54.26,54.27,745.0
2019-03-27 15:47:00,54.26,54.26,54.26,54.26,920.0
2019-03-27 15:52:00,54.23,54.23,54.2,54.2,953.0
2019-03-27 15:53:00,54.175,54.175,54.16,54.16,344.0
2019-03-27 15:54:00,54.15,54.15,54.13,54.13,700.0
2019-03-27 15:55:00,54.16,54.2,54.13,54.2,510.0
2019-03-27 15:56:00,54.12,54.145,54.12,54.145,790.0
2019-03-27 15:57:00,54.14,54.14,54.1,54.1,314.0
2019-03-27 15:58:00,54.09,54.11,54.09,54.09,697.0
2019-03-27 15:59:00,54.07,54.09,54.04,54.08,2094.0
2019-03-27 16:00:00,54.09,54.14,54.07,54.09,2734.0
2019-03-28 09:31:00,54.34,54.34,54.34,54.34,216.0
2019-03-28 09:36:00,54.34,54.34,54.34,54.34,126.0
2019-03-28 09:52:00,54.33,54.33,54.33,54.33,256.0
2019-03-28 09:55:00,54.42,54.42,54.42,54.42,301.0
2019-03-28 09:57:00,54.48,54.48,54.48,54.48,401.0
2019-03-28 09:58:00,54.46,54.46,54.46,54.46,101.0
2019-03-28 10:00:00,54.29,54.29,54.27,54.27,277.0
2019-03-28 10:09:00,54.4,54.4,54.4,54.4,337.0
2019-03-28 10:10:00,54.4,54.41,54.4,54.41,241.0
2019-03-28 10:11:00,54.35,54.35,54.35,54.35,101.0
2019-03-28 10:14:00,54.4,54.41,54.4,54.41,428.0
2019-03-28 10:21:00,54.385,54.385,54.385,54.385,210.0
2019-03-28 10:27:00,54.335,54.335,54.335,54.335,195.0
2019-03-28 10:28:00,54.48,54.48,54.48,54.48,222.0
2019-03-28 10:33:00,54.53,54.53,54.53,54.53,104.0
2019-03-28 10:41:00,54.36,54.36,54.36,54.36,368.0
2019-03-28 10:42:00,54.41,54.43,54.38,54.38,752.0
2019-03-28 10:47:00,54.405,54.405,54.405,54.405,118.0
2019-03-28 10:48:00,54.31,54.315,54.31,54.315,762.0
2019-03-28 10:56:00,54.295,54.295,54.295,54.295,100.0
2019-03-28 10:57:00,54.295,54.295,54.295,54.295,121.0
2019-03-28 10:59:00,54.295,54.32,54.295,54.32,511.0
2019-03-28 11:00:00,54.33,54.4,54.33,54.4,824.0
2019-03-28 11:01:00,54.4,54.4,54.4,54.4,354.0
2019-03-28 11:02:00,54.41,54.47,54.38,54.47,500.0
2019-03-28 11:03:00,54.4,54.43,54.4,54.43,1309.0
2019-03-28 11:05:00,54.4,54.4,54.4,54.4,451.0
2019-03-28 11:07:00,54.44,54.485,54.43,54.485,628.0
2019-03-28 11:08:00,54.53,54.53,54.53,54.53,1111.0
2019-03-28 11:12:00,54.47,54.47,54.47,54.47,117.0
2019-03-28 11:17:00,54.425,54.425,54.425,54.425,104.0
2019-03-28 11:19:00,54.4,54.4,54.4,54.4,337.0
2019-03-28 11:23:00,54.44,54.49,54.43,54.49,666.0
2019-03-28 11:24:00,54.41,54.41,54.41,54.41,445.0
2019-03-28 11:26:00,54.47,54.48,54.47,54.48,359.0
2019-03-28 11:30:00,54.4,54.42,54.38,54.42,829.0
2019-03-28 11:31:00,54.5,54.5,54.48,54.5,523.0
2019-03-28 11:32:00,54.5,54.6,54.5,54.56,1948.0
2019-03-28 11:35:00,54.54,54.54,54.54,54.54,101.0
2019-03-28 11:37:00,54.6,54.6,54.6,54.6,400.0
2019-03-28 11:38:00,54.56,54.61,54.56,54.61,530.0
2019-03-28 11:42:00,54.56,54.56,54.56,54.56,419.0
2019-03-28 11:52:00,54.81,54.83,54.81,54.83,300.0
2019-03-28 11:53:00,54.76,54.76,54.76,54.76,101.0
2019-03-28 11:55:00,54.85,54.93,54.85,54.93,471.0
2019-03-28 11:56:00,54.83,54.83,54.83,54.83,530.0
2019-03-28 11:58:00,54.86,54.86,54.86,54.86,552.0
2019-03-28 11:59:00,54.9,54.9,54.9,54.9,212.0
2019-03-28 12:00:00,54.9,54.96,54.85,54.94,549.0
2019-03-28 12:01:00,54.97,54.97,54.96,54.97,411.0
2019-03-28 12:04:00,54.97,54.98,54.95,54.95,479.0
2019-03-28 12:05:00,54.95,54.95,54.865,54.865,705.0
2019-03-28 12:06:00,54.925,54.925,54.87,54.9,664.0
2019-03-28 12:09:00,54.86,55.0,54.86,55.0,1023.0
2019-03-28 12:10:00,54.98,54.99,54.98,54.98,626.0
2019-03-28 12:12:00,54.98,54.98,54.98,54.98,300.0
2019-03-28 12:14:00,54.98,54.98,54.98,54.98,717.0
2019-03-28 12:15:00,55.0,55.0,54.99,54.99,202.0
2019-03-28 12:18:00,55.01,55.05,55.01,55.04,606.0
2019-03-28 12:19:00,55.06,55.07,55.06,55.06,651.0
2019-03-28 12:20:00,55.08,55.095,55.06,55.06,647.0
2019-03-28 12:21:00,55.06,55.15,55.06,55.15,2002.0
2019-03-28 12:22:00,55.15,55.16,55.1,55.15,1744.0
2019-03-28 12:24:00,55.15,55.175,55.15,55.16,502.0
2019-03-28 12:26:00,55.175,55.175,55.175,55.175,101.0
2019-03-28 12:28:00,55.15,55.21,55.15,55.21,1223.0
2019-03-28 12:34:00,55.255,55.255,55.255,55.255,125.0
2019-03-28 12:37:00,55.32,55.32,55.32,55.32,219.0
2019-03-28 12:44:00,55.35,55.37,55.35,55.37,326.0
2019-03-28 12:45:00,55.35,55.35,55.35,55.35,231.0
2019-03-28 12:50:00,55.4,55.4,55.4,55.4,100.0
2019-03-28 12:52:00,55.4,55.43,55.4,55.43,1267.0
2019-03-28 12:56:00,55.38,55.38,55.38,55.38,229.0
2019-03-28 13:00:00,55.43,55.43,55.43,55.43,283.0
2019-03-28 13:02:00,55.48,55.48,55.44,55.44,676.0
2019-03-28 13:13:00,55.49,55.51,55.49,55.51,673.0
2019-03-28 13:14:00,55.6,55.6,55.6,55.6,207.0
2019-03-28 13:16:00,55.48,55.48,55.48,55.48,206.0
2019-03-28 13:17:00,55.515,55.515,55.515,55.515,122.0
2019-03-28 13:19:00,55.47,55.525,55.47,55.525,332.0
2019-03-28 13:22:00,55.56,55.56,55.56,55.56,112.0
2019-03-28 13:26:00,55.555,55.61,55.555,55.61,521.0
2019-03-28 13:30:00,55.585,55.585,55.585,55.585,154.0
2019-03-28 13:32:00,55.65,55.65,55.65,55.65,243.0
2019-03-28 13:37:00,55.64,55.65,55.625,55.625,471.0
2019-03-28 13:42:00,55.63,55.63,55.59,55.59,1171.0
2019-03-28 13:51:00,55.66,55.67,55.66,55.67,490.0
2019-03-28 13:55:00,55.71,55.71,55.71,55.71,250.0
2019-03-28 13:56:00,55.68,55.68,55.68,55.68,100.0
2019-03-28 13:57:00,55.705,55.705,55.65,55.65,442.0
2019-03-28 13:59:00,55.595,55.595,55.595,55.595,100.0
2019-03-28 14:00:00,55.57,55.57,55.57,55.57,506.0
2019-03-28 14:15:00,55.645,55.645,55.645,55.645,110.0
2019-03-28 14:17:00,55.68,55.68,55.68,55.68,136.0
2019-03-28 14:21:00,55.69,55.73,55.64,55.73,1881.0
2019-03-28 14:22:00,55.7,55.74,55.7,55.73,488.0
2019-03-28 14:26:00,55.79,55.79,55.775,55.775,273.0
2019-03-28 14:29:00,55.805,55.805,55.805,55.805,452.0
2019-03-28 14:30:00,55.79,55.79,55.79,55.79,111.0
2019-03-28 14:32:00,55.77,55.785,55.77,55.785,775.0
2019-03-28 14:35:00,55.77,55.78,55.77,55.78,670.0
2019-03-28 14:36:00,55.77,55.82,55.77,55.79,1929.0
2019-03-28 14:47:00,55.73,55.73,55.73,55.73,100.0
2019-03-28 14:48:00,55.74,55.74,55.74,55.74,218.0
2019-03-28 14:50:00,55.685,55.685,55.6,55.6,533.0
2019-03-28 14:53:00,55.6,55.6,55.6,55.6,333.0
2019-03-28 14:57:00,55.62,55.63,55.57,55.63,636.0
2019-03-28 15:00:00,55.6193,55.67,55.6193,55.67,1154.0
2019-03-28 15:02:00,55.58,55.62,55.58,55.62,217.0
2019-03-28 15:04:00,55.67,55.67,55.65,55.65,493.0
2019-03-28 15:09:00,55.62,55.63,55.62,55.63,363.0
2019-03-28 15:11:00,55.65,55.65,55.65,55.65,236.0
2019-03-28 15:16:00,55.59,55.64,55.59,55.64,339.0
2019-03-28 15:20:00,55.67,55.67,55.67,55.67,101.0
2019-03-28 15:22:00,55.68,55.68,55.68,55.68,184.0
2019-03-28 15:23:00,55.69,55.69,55.69,55.69,100.0
2019-03-28 15:25:00,55.665,55.665,55.665,55.665,122.0
2019-03-28 15:26:00,55.665,55.665,55.665,55.665,206.0
2019-03-28 15:29:00,55.68,55.68,55.66,55.66,693.0
2019-03-28 15:31:00,55.6,55.6,55.6,55.6,100.0
2019-03-28 15:33:00,55.57,55.57,55.46,55.46,710.0
2019-03-28 15:34:00,55.415,55.415,55.415,55.415,314.0
2019-03-28 15:35:00,55.43,55.43,55.43,55.43,303.0
2019-03-28 15:38:00,55.41,55.41,55.41,55.41,601.0
2019-03-28 15:39:00,55.42,55.42,55.38,55.38,581.0
2019-03-28 15:40:00,55.33,55.33,55.33,55.33,302.0
2019-03-28 15:44:00,55.35,55.35,55.35,55.35,126.0
2019-03-28 15:46:00,55.33,55.38,55.33,55.38,352.0
2019-03-28 15:49:00,55.33,55.33,55.29,55.29,821.0
2019-03-28 15:50:00,55.27,55.32,55.27,55.32,538.0
2019-03-28 15:52:00,55.27,55.27,55.27,55.27,305.0
2019-03-28 15:53:00,55.26,55.26,55.26,55.26,895.0
2019-03-28 15:54:00,55.25,55.25,55.25,55.25,186.0
2019-03-28 15:55:00,55.27,55.4,55.27,55.4,1187.0
2019-03-28 15:56:00,55.43,55.43,55.4,55.4,722.0
2019-03-28 15:57:00,55.4,55.4,55.38,55.38,661.0
2019-03-28 15:58:00,55.33,55.34,55.32,55.34,1136.0
2019-03-28 15:59:00,55.36,55.37,55.35,55.35,847.0
2019-03-28 16:00:00,55.4,55.49,55.37,55.46,3797.0
2019-03-29 09:31:00,55.54,55.54,55.54,55.54,1964.0
2019-03-29 09:39:00,55.36,55.36,55.24,55.24,444.0
2019-03-29 09:46:00,55.72,55.72,55.72,55.72,204.0
2019-03-29 09:50:00,55.65,55.65,55.65,55.65,877.0
2019-03-29 09:55:00,55.655,55.655,55.655,55.655,101.0
2019-03-29 09:57:00,55.74,55.74,55.74,55.74,108.0
2019-03-29 10:04:00,55.72,55.72,55.72,55.72,201.0
2019-03-29 10:07:00,55.665,55.665,55.665,55.665,102.0
2019-03-29 10:10:00,55.72,55.72,55.72,55.72,100.0
2019-03-29 10:12:00,55.71,55.76,55.71,55.76,1125.0
2019-03-29 10:13:00,55.89,55.89,55.82,55.86,400.0
2019-03-29 10:14:00,55.83,55.83,55.75,55.75,2978.0
2019-03-29 10:15:00,55.61,55.705,55.61,55.68,2424.0
2019-03-29 10:16:00,55.61,55.675,55.61,55.675,1841.0
2019-03-29 10:18:00,55.66,55.71,55.64,55.71,743.0
2019-03-29 10:19:00,55.64,55.64,55.64,55.64,130.0
2019-03-29 10:20:00,55.62,55.65,55.62,55.65,443.0
2019-03-29 10:23:00,55.61,55.67,55.6,55.655,718.0
2019-03-29 10:24:00,55.66,55.6799,55.66,55.6799,201.0
2019-03-29 10:25:00,55.68,55.68,55.68,55.68,201.0
2019-03-29 10:26:00,55.7,55.7,55.7,55.7,2886.0
2019-03-29 10:27:00,55.78,55.78,55.78,55.78,107.0
2019-03-29 10:28:00,55.83,55.83,55.83,55.83,232.0
2019-03-29 10:30:00,55.89,55.89,55.89,55.89,458.0
2019-03-29 10:36:00,55.89,55.9,55.89,55.9,402.0
2019-03-29 10:38:00,55.85,55.875,55.85,55.875,440.0
2019-03-29 10:39:00,55.95,55.95,55.95,55.95,357.0
2019-03-29 10:42:00,56.1,56.1,56.1,56.1,801.0
2019-03-29 10:46:00,55.925,55.925,55.925,55.925,145.0
2019-03-29 10:49:00,55.915,55.915,55.915,55.915,106.0
2019-03-29 10:50:00,55.915,55.915,55.915,55.915,344.0
2019-03-29 10:58:00,55.805,55.805,55.805,55.805,101.0
2019-03-29 11:01:00,55.8,55.8,55.8,55.8,402.0
2019-03-29 11:04:00,55.795,55.795,55.795,55.795,101.0
2019-03-29 11:06:00,55.78,55.83,55.74,55.76,2221.0
2019-03-29 11:08:00,55.82,56.005,55.82,56.0,2883.0
2019-03-29 11:14:00,55.895,55.895,55.855,55.88,746.0
2019-03-29 11:16:00,55.855,55.855,55.855,55.855,101.0
2019-03-29 11:17:00,55.93,56.0,55.93,56.0,1800.0
2019-03-29 11:18:00,56.02,56.02,56.0,56.0,1886.0
2019-03-29 11:19:00,55.99,55.99,55.99,55.99,112.0
2019-03-29 11:21:00,56.03,56.03,56.03,56.03,672.0
2019-03-29 11:24:00,55.92,55.94,55.92,55.94,306.0
2019-03-29 11:25:00,55.945,55.945,55.945,55.945,100.0
2019-03-29 11:26:00,55.98,56.0,55.98,56.0,471.0
2019-03-29 11:29:00,55.95,55.98,55.95,55.95,601.0
2019-03-29 11:30:00,55.95,55.95,55.95,55.95,101.0
2019-03-29 11:31:00,55.99,56.03,55.99,56.03,353.0
2019-03-29 11:32:00,56.04,56.07,56.04,56.07,628.0
2019-03-29 11:33:00,56.06,56.06,56.03,56.03,386.0
2019-03-29 11:39:00,56.01,56.01,56.01,56.01,580.0
2019-03-29 11:42:00,55.98,56.0,55.98,55.98,526.0
2019-03-29 11:44:00,55.98,55.98,55.98,55.98,400.0
2019-03-29 11:45:00,55.98,56.0,55.98,56.0,405.0
2019-03-29 11:46:00,55.96,55.9925,55.96,55.96,506.0
2019-03-29 11:47:00,55.97,55.99,55.97,55.99,516.0
2019-03-29 11:48:00,55.98,56.08,55.98,56.0701,2062.0
2019-03-29 11:49:00,56.04,56.045,56.04,56.04,631.0
2019-03-29 11:50:00,56.0,56.0,56.0,56.0,118.0
2019-03-29 11:51:00,55.98,55.98,55.98,55.98,168.0
2019-03-29 11:52:00,55.98,56.01,55.935,56.0,1248.0
2019-03-29 11:53:00,56.02,56.02,55.96,55.96,1300.0
2019-03-29 11:54:00,56.0,56.07,56.0,56.07,301.0
2019-03-29 11:55:00,56.03,56.03,56.03,56.03,516.0
2019-03-29 11:56:00,56.02,56.07,55.98,56.07,510.0
2019-03-29 11:58:00,56.0,56.0,55.98,55.98,200.0
2019-03-29 12:00:00,55.97,56.0,55.945,55.945,701.0
2019-03-29 12:01:00,55.99,56.0,55.97,55.995,1819.0
2019-03-29 12:02:00,55.97,55.97,55.845,55.845,1331.0
2019-03-29 12:03:00,55.825,55.875,55.825,55.875,470.0
2019-03-29 12:09:00,55.75,55.7999,55.75,55.7999,1001.0
2019-03-29 12:10:00,55.81,55.85,55.81,55.85,735.0
2019-03-29 12:11:00,55.81,55.81,55.81,55.81,101.0
2019-03-29 12:12:00,55.82,55.925,55.82,55.925,890.0
2019-03-29 12:13:00,55.86,55.86,55.81,55.85,1701.0
2019-03-29 12:15:00,55.75,55.805,55.75,55.8,601.0
2019-03-29 12:16:00,55.81,55.81,55.81,55.81,102.0
2019-03-29 12:20:00,55.79,55.9,55.79,55.9,1758.0
2019-03-29 12:25:00,55.88,55.88,55.88,55.88,101.0
2019-03-29 12:26:00,55.88,55.88,55.88,55.88,209.0
2019-03-29 12:27:00,55.87,55.87,55.87,55.87,112.0
2019-03-29 12:30:00,55.86,55.86,55.85,55.85,703.0
2019-03-29 12:31:00,55.83,55.83,55.82,55.82,387.0
2019-03-29 12:32:00,55.84,55.89,55.84,55.87,1004.0
2019-03-29 12:38:00,55.87,55.87,55.87,55.87,438.0
2019-03-29 12:39:00,55.89,55.89,55.89,55.89,106.0
2019-03-29 12:42:00,55.88,55.88,55.88,55.88,437.0
2019-03-29 12:43:00,55.86,55.88,55.86,55.86,402.0
2019-03-29 12:44:00,55.86,55.86,55.805,55.805,808.0
2019-03-29 12:45:00,55.835,55.86,55.82,55.86,431.0
2019-03-29 12:46:00,55.845,55.845,55.845,55.845,100.0
2019-03-29 12:47:00,55.83,55.86,55.83,55.86,1188.0
2019-03-29 12:51:00,55.92,55.94,55.92,55.9305,603.0
2019-03-29 12:57:00,55.93,55.93,55.93,55.93,100.0
2019-03-29 12:58:00,55.98,56.0,55.98,56.0,577.0
2019-03-29 13:00:00,56.05,56.05,56.05,56.05,201.0
2019-03-29 13:02:00,56.01,56.05,56.0,56.05,666.0
2019-03-29 13:03:00,56.08,56.08,56.08,56.08,226.0
2019-03-29 13:05:00,56.0,56.0,56.0,56.0,126.0
2019-03-29 13:07:00,56.03,56.03,56.03,56.03,281.0
2019-03-29 13:14:00,56.15,56.15,56.15,56.15,100.0
2019-03-29 13:15:00,56.06,56.06,56.06,56.06,231.0
2019-03-29 13:19:00,56.03,56.03,56.03,56.03,300.0
2019-03-29 13:25:00,56.09,56.09,56.09,56.09,101.0
2019-03-29 13:26:00,55.97,55.97,55.97,55.97,279.0
2019-03-29 13:32:00,55.96,55.96,55.96,55.96,235.0
2019-03-29 13:34:00,55.95,55.95,55.95,55.95,307.0
2019-03-29 13:35:00,55.92,55.92,55.92,55.92,218.0
2019-03-29 13:42:00,55.85,55.85,55.85,55.85,300.0
2019-03-29 13:43:00,55.85,55.9,55.85,55.89,827.0
2019-03-29 13:47:00,55.86,55.86,55.665,55.665,1062.0
2019-03-29 13:48:00,55.84,55.88,55.815,55.88,912.0
2019-03-29 13:51:00,55.83,55.83,55.83,55.83,200.0
2019-03-29 13:52:00,55.85,55.88,55.85,55.88,410.0
2019-03-29 13:53:00,55.85,55.85,55.85,55.85,100.0
2019-03-29 13:54:00,55.85,55.85,55.83,55.845,806.0
2019-03-29 13:55:00,55.85,55.8699,55.85,55.8699,400.0
2019-03-29 13:56:00,55.87,55.88,55.87,55.88,306.0
2019-03-29 13:57:00,55.79,55.83,55.79,55.83,300.0
2019-03-29 13:58:00,55.86,55.86,55.86,55.86,205.0
2019-03-29 13:59:00,55.83,55.83,55.83,55.83,200.0
2019-03-29 14:00:00,55.84,55.84,55.84,55.84,301.0
2019-03-29 14:01:00,55.86,55.89,55.85,55.89,1039.0
2019-03-29 14:03:00,55.87,55.87,55.835,55.835,701.0
2019-03-29 14:06:00,55.83,55.83,55.83,55.83,500.0
2019-03-29 14:07:00,55.82,55.85,55.79,55.805,2001.0
2019-03-29 14:08:00,55.825,55.87,55.825,55.87,2150.0
2019-03-29 14:11:00,55.88,55.88,55.88,55.88,311.0
2019-03-29 14:14:00,55.885,55.885,55.885,55.885,101.0
2019-03-29 14:18:00,55.89,55.89,55.89,55.89,100.0
2019-03-29 14:19:00,55.86,55.86,55.85,55.85,685.0
2019-03-29 14:22:00,55.84,55.84,55.83,55.83,604.0
2019-03-29 14:27:00,55.89,55.89,55.89,55.89,100.0
2019-03-29 14:30:00,55.9,55.9,55.85,55.85,300.0
2019-03-29 14:32:00,55.9,55.91,55.9,55.91,374.0
2019-03-29 14:33:00,55.93,55.93,55.93,55.93,100.0
2019-03-29 14:35:00,55.98,55.98,55.98,55.98,139.0
2019-03-29 14:37:00,55.965,55.965,55.92,55.92,321.0
2019-03-29 14:38:00,55.86,55.86,55.86,55.86,332.0
2019-03-29 14:42:00,55.9,55.96,55.9,55.92,617.0
2019-03-29 14:47:00,55.935,55.935,55.85,55.85,615.0
2019-03-29 14:53:00,55.84,55.84,55.83,55.83,300.0
2019-03-29 14:54:00,55.905,56.02,55.905,56.02,1610.0
2019-03-29 15:01:00,56.0525,56.0525,56.0525,56.0525,100.0
2019-03-29 15:02:00,56.045,56.045,56.045,56.045,100.0
2019-03-29 15:03:00,56.045,56.045,56.045,56.045,100.0
2019-03-29 15:05:00,56.04,56.04,56.04,56.04,267.0
2019-03-29 15:06:00,56.0,56.0,55.99,55.99,300.0
2019-03-29 15:08:00,55.99,55.99,55.96,55.98,829.0
2019-03-29 15:09:00,55.94,55.94,55.91,55.91,229.0
2019-03-29 15:10:00,55.94,56.04,55.94,56.0,1162.0
2019-03-29 15:13:00,56.0,56.0,56.0,56.0,213.0
2019-03-29 15:15:00,56.0,56.0,56.0,56.0,100.0
2019-03-29 15:16:00,56.0,56.0,56.0,56.0,790.0
2019-03-29 15:17:00,56.04,56.05,56.025,56.03,1614.0
2019-03-29 15:19:00,56.08,56.08,56.08,56.08,100.0
2019-03-29 15:22:00,56.03,56.03,56.03,56.03,328.0
2019-03-29 15:23:00,56.0,56.03,56.0,56.0,502.0
2019-03-29 15:24:00,56.02,56.02,55.99,55.99,400.0
2019-03-29 15:25:00,55.975,55.975,55.95,55.95,584.0
2019-03-29 15:26:00,55.99,55.99,55.99,55.99,353.0
2019-03-29 15:27:00,56.02,56.03,56.02,56.03,657.0
2019-03-29 15:31:00,56.02,56.02,56.02,56.02,364.0
2019-03-29 15:32:00,56.02,56.02,56.02,56.02,141.0
2019-03-29 15:33:00,56.02,56.025,56.02,56.025,1554.0
2019-03-29 15:35:00,56.04,56.06,56.02,56.02,680.0
2019-03-29 15:36:00,56.12,56.12,56.1,56.1,298.0
2019-03-29 15:38:00,56.15,56.155,56.15,56.155,1051.0
2019-03-29 15:39:00,56.22,56.29,56.22,56.27,2297.0
2019-03-29 15:41:00,56.34,56.44,56.34,56.44,3615.0
2019-03-29 15:42:00,56.46,56.5,56.46,56.5,912.0
2019-03-29 15:44:00,56.44,56.44,56.415,56.415,1482.0
2019-03-29 15:46:00,56.46,56.46,56.46,56.46,500.0
2019-03-29 15:47:00,56.415,56.415,56.29,56.37,2257.0
2019-03-29 15:48:00,56.38,56.38,56.38,56.38,125.0
2019-03-29 15:49:00,56.34,56.36,56.34,56.36,804.0
2019-03-29 15:51:00,56.34,56.355,56.24,56.245,2193.0
2019-03-29 15:52:00,56.28,56.32,56.28,56.31,884.0
2019-03-29 15:53:00,56.32,56.34,56.32,56.34,745.0
2019-03-29 15:54:00,56.38,56.38,56.31,56.32,2374.0
2019-03-29 15:55:00,56.32,56.32,56.25,56.25,2157.0
2019-03-29 15:56:00,56.295,56.34,56.295,56.34,1814.0
2019-03-29 15:57:00,56.33,56.34,56.31,56.34,1516.0
2019-03-29 15:58:00,56.34,56.43,56.34,56.43,2929.0
2019-03-29 15:59:00,56.39,56.39,56.335,56.36,3314.0
2019-03-29 16:00:00,56.27,56.31,56.27,56.31,6892.0
2019-04-01 09:31:00,56.54,56.54,56.54,56.54,430.0
2019-04-01 09:38:00,56.5965,56.5965,56.5965,56.5965,185.0
2019-04-01 09:46:00,56.46,56.46,56.46,56.46,252.0
2019-04-01 09:49:00,56.59,56.59,56.59,56.59,405.0
2019-04-01 09:50:00,56.51,56.51,56.51,56.51,318.0
2019-04-01 09:53:00,56.8,56.8,56.8,56.8,603.0
2019-04-01 10:04:00,56.9,56.9,56.9,56.9,104.0
2019-04-01 10:11:00,56.865,56.865,56.865,56.865,451.0
2019-04-01 10:22:00,56.92,56.93,56.92,56.93,950.0
2019-04-01 10:30:00,56.9,56.9,56.9,56.9,323.0
2019-04-01 10:31:00,56.99,56.99,56.99,56.99,104.0
2019-04-01 10:34:00,57.08,57.08,57.08,57.08,430.0
2019-04-01 10:43:00,57.05,57.06,57.05,57.06,607.0
2019-04-01 10:50:00,56.95,56.95,56.95,56.95,787.0
2019-04-01 10:54:00,56.74,56.74,56.73,56.73,394.0
2019-04-01 11:04:00,56.9,56.9,56.9,56.9,838.0
2019-04-01 11:11:00,56.77,56.77,56.77,56.77,720.0
2019-04-01 11:30:00,56.635,56.635,56.635,56.635,200.0
2019-04-01 11:31:00,56.68,56.68,56.68,56.68,1596.0
2019-04-01 11:33:00,56.7,56.7,56.7,56.7,183.0
2019-04-01 11:36:00,56.69,56.69,56.69,56.69,201.0
2019-04-01 11:38:00,56.77,56.77,56.77,56.77,920.0
2019-04-01 11:42:00,56.7,56.7,56.7,56.7,756.0
2019-04-01 11:43:00,56.75,56.75,56.75,56.75,435.0
2019-04-01 11:45:00,56.64,56.64,56.64,56.64,105.0
2019-04-01 11:47:00,56.5,56.5,56.5,56.5,275.0
2019-04-01 12:03:00,56.525,56.525,56.525,56.525,130.0
2019-04-01 12:19:00,56.6,56.6,56.6,56.6,296.0
2019-04-01 12:25:00,56.61,56.61,56.61,56.61,768.0
2019-04-01 12:26:00,56.685,56.685,56.685,56.685,874.0
2019-04-01 12:27:00,56.58,56.59,56.58,56.59,714.0
2019-04-01 12:51:00,56.55,56.55,56.55,56.55,596.0
2019-04-01 12:56:00,56.58,56.58,56.58,56.58,247.0
2019-04-01 13:11:00,56.51,56.51,56.51,56.51,201.0
2019-04-01 13:20:00,56.52,56.52,56.52,56.52,100.0
2019-04-01 13:21:00,56.47,56.47,56.47,56.47,231.0
2019-04-01 13:23:00,56.38,56.38,56.38,56.38,2424.0
2019-04-01 13:33:00,56.4,56.4,56.4,56.4,110.0
2019-04-01 13:35:00,56.32,56.32,56.32,56.32,150.0
2019-04-01 13:38:00,56.315,56.315,56.315,56.315,226.0
2019-04-01 13:46:00,56.36,56.425,56.36,56.38,1191.0
2019-04-01 13:55:00,56.45,56.45,56.45,56.45,261.0
2019-04-01 13:58:00,56.53,56.53,56.53,56.53,120.0
2019-04-01 14:01:00,56.55,56.55,56.55,56.55,335.0
2019-04-01 14:06:00,56.49,56.49,56.49,56.49,531.0
2019-04-01 14:11:00,56.53,56.53,56.53,56.53,648.0
2019-04-01 14:13:00,56.52,56.52,56.52,56.52,376.0
2019-04-01 14:14:00,56.51,56.51,56.51,56.51,543.0
2019-04-01 14:31:00,56.54,56.54,56.54,56.54,205.0
2019-04-01 14:37:00,56.59,56.59,56.59,56.59,944.0
2019-04-01 14:41:00,56.58,56.58,56.58,56.58,105.0
2019-04-01 14:49:00,56.48,56.48,56.48,56.48,842.0
2019-04-01 14:55:00,56.55,56.55,56.55,56.55,316.0
2019-04-01 14:56:00,56.65,56.65,56.65,56.65,180.0
2019-04-01 14:58:00,56.65,56.65,56.65,56.65,120.0
2019-04-01 15:01:00,56.6,56.6,56.6,56.6,100.0
2019-04-01 15:07:00,56.64,56.64,56.64,56.64,415.0
2019-04-01 15:08:00,56.67,56.67,56.67,56.67,100.0
2019-04-01 15:14:00,56.67,56.67,56.67,56.67,608.0
2019-04-01 15:23:00,56.655,56.655,56.655,56.655,612.0
2019-04-01 15:27:00,56.69,56.69,56.69,56.69,300.0
2019-04-01 15:31:00,56.69,56.69,56.69,56.69,863.0
2019-04-01 15:34:00,56.68,56.71,56.68,56.71,1036.0
2019-04-01 15:38:00,56.73,56.73,56.73,56.73,670.0
2019-04-01 15:41:00,56.72,56.72,56.72,56.72,126.0
2019-04-01 15:45:00,56.71,56.71,56.71,56.71,607.0
2019-04-01 15:48:00,56.685,56.685,56.685,56.685,985.0
2019-04-01 15:50:00,56.71,56.71,56.71,56.71,200.0
2019-04-01 15:51:00,56.61,56.61,56.61,56.61,1144.0
2019-04-01 15:53:00,56.64,56.64,56.64,56.64,976.0
2019-04-01 15:54:00,56.68,56.68,56.68,56.68,325.0
2019-04-01 15:55:00,56.68,56.68,56.68,56.68,1013.0
2019-04-01 15:56:00,56.765,56.765,56.765,56.765,1860.0
2019-04-01 15:57:00,56.82,56.82,56.82,56.82,1688.0
2019-04-01 15:58:00,56.85,56.85,56.85,56.85,1767.0
2019-04-01 15:59:00,56.83,56.83,56.83,56.83,1809.0
2019-04-01 16:00:00,56.87,56.87,56.87,56.87,2231.0
2019-04-02 09:31:00,56.71,56.71,56.71,56.71,232.0
2019-04-02 09:45:00,56.49,56.49,56.49,56.49,812.0
2019-04-02 09:50:00,56.51,56.51,56.51,56.51,650.0
2019-04-02 10:07:00,56.65,56.65,56.65,56.65,100.0
2019-04-02 10:11:00,56.65,56.79,56.65,56.79,1704.0
2019-04-02 10:24:00,56.72,56.72,56.72,56.72,211.0
2019-04-02 10:28:00,56.74,56.74,56.74,56.74,860.0
2019-04-02 10:37:00,56.95,56.95,56.95,56.95,300.0
2019-04-02 10:40:00,56.885,56.885,56.885,56.885,782.0
2019-04-02 10:46:00,56.88,56.89,56.88,56.89,702.0
2019-04-02 10:54:00,56.915,56.915,56.915,56.915,173.0
2019-04-02 10:57:00,56.885,56.885,56.885,56.885,523.0
2019-04-02 10:59:00,56.885,56.9,56.885,56.9,1050.0
2019-04-02 11:02:00,56.775,56.96,56.775,56.96,2104.0
2019-04-02 11:03:00,56.94,56.94,56.94,56.94,140.0
2019-04-02 11:09:00,56.84,56.84,56.84,56.84,1000.0
2019-04-02 11:11:00,56.86,56.86,56.82,56.82,1456.0
2019-04-02 11:12:00,56.755,56.755,56.755,56.755,1102.0
2019-04-02 11:14:00,56.6,56.6,56.6,56.6,1067.0
2019-04-02 11:18:00,56.69,56.69,56.69,56.69,200.0
2019-04-02 11:22:00,56.73,56.73,56.73,56.73,441.0
2019-04-02 11:26:00,56.71,56.71,56.71,56.71,583.0
2019-04-02 11:53:00,56.65,56.65,56.65,56.65,313.0
2019-04-02 12:01:00,56.66,56.66,56.66,56.66,920.0
2019-04-02 12:23:00,56.47,56.47,56.47,56.47,363.0
2019-04-02 12:29:00,56.34,56.34,56.34,56.34,110.0
2019-04-02 12:31:00,56.36,56.4,56.36,56.4,888.0
2019-04-02 12:43:00,56.48,56.48,56.48,56.48,100.0
2019-04-02 12:44:00,56.42,56.52,56.42,56.52,1312.0
2019-04-02 12:57:00,56.44,56.5,56.44,56.5,1170.0
2019-04-02 12:59:00,56.4147,56.4147,56.4147,56.4147,791.0
2019-04-02 13:00:00,56.4228,56.45,56.4228,56.45,1063.0
2019-04-02 13:03:00,56.34,56.34,56.34,56.34,547.0
2019-04-02 13:04:00,56.46,56.46,56.46,56.46,704.0
2019-04-02 13:06:00,56.4339,56.4339,56.4339,56.4339,582.0
2019-04-02 13:07:00,56.49,56.49,56.49,56.49,364.0
2019-04-02 13:25:00,56.52,56.52,56.52,56.52,247.0
2019-04-02 13:30:00,56.52,56.52,56.52,56.52,387.0
2019-04-02 13:33:00,56.47,56.47,56.47,56.47,750.0
2019-04-02 13:41:00,56.44,56.44,56.44,56.44,110.0
2019-04-02 13:45:00,56.505,56.505,56.505,56.505,195.0
2019-04-02 13:53:00,56.49,56.49,56.49,56.49,377.0
2019-04-02 13:57:00,56.49,56.49,56.49,56.49,176.0
2019-04-02 14:04:00,56.46,56.54,56.46,56.54,1277.0
2019-04-02 14:06:00,56.44,56.44,56.44,56.44,200.0
2019-04-02 14:07:00,56.42,56.42,56.42,56.42,601.0
2019-04-02 14:08:00,56.37,56.37,56.37,56.37,254.0
2019-04-02 14:11:00,56.34,56.34,56.34,56.34,246.0
2019-04-02 14:15:00,56.325,56.325,56.325,56.325,100.0
2019-04-02 14:16:00,56.28,56.28,56.28,56.28,100.0
2019-04-02 14:22:00,56.24,56.61,56.24,56.6,10882.0
2019-04-02 14:25:00,56.505,56.505,56.505,56.505,493.0
2019-04-02 14:26:00,56.53,56.53,56.53,56.53,591.0
2019-04-02 14:57:00,56.46,56.46,56.46,56.46,110.0
2019-04-02 15:00:00,56.51,56.51,56.51,56.51,324.0
2019-04-02 15:15:00,56.48,56.48,56.48,56.48,353.0
2019-04-02 15:23:00,56.6,56.6,56.6,56.6,105.0
2019-04-02 15:31:00,56.51,56.51,56.51,56.51,135.0
2019-04-02 15:37:00,56.53,56.53,56.53,56.53,526.0
2019-04-02 15:38:00,56.51,56.51,56.51,56.51,226.0
2019-04-02 15:41:00,56.46,56.46,56.46,56.46,515.0
2019-04-02 15:42:00,56.43,56.43,56.43,56.43,123.0
2019-04-02 15:46:00,56.37,56.37,56.37,56.37,467.0
2019-04-02 15:48:00,56.35,56.35,56.35,56.35,440.0
2019-04-02 15:51:00,56.38,56.38,56.38,56.38,335.0
2019-04-02 15:52:00,56.42,56.42,56.42,56.42,409.0
2019-04-02 15:53:00,56.39,56.39,56.39,56.39,108.0
2019-04-02 15:54:00,56.42,56.42,56.42,56.42,457.0
2019-04-02 15:57:00,56.36,56.36,56.36,56.36,466.0
2019-04-02 15:58:00,56.34,56.34,56.34,56.34,819.0
2019-04-02 15:59:00,56.33,56.48,56.33,56.48,2103.0
2019-04-02 16:00:00,56.47,56.47,56.47,56.47,2128.0
2019-04-03 09:31:00,56.76,56.76,56.43,56.43,605.0
2019-04-03 09:46:00,57.0,57.0,57.0,57.0,1133.0
2019-04-03 10:05:00,56.9207,56.9207,56.9207,56.9207,820.0
2019-04-03 10:07:00,56.77,56.77,56.77,56.77,1111.0
2019-04-03 10:19:00,57.0,57.0,57.0,57.0,200.0
2019-04-03 10:29:00,56.9,56.92,56.9,56.92,917.0
2019-04-03 10:32:00,56.91,56.91,56.91,56.91,243.0
2019-04-03 10:43:00,56.91,56.91,56.91,56.91,145.0
2019-04-03 10:54:00,57.05,57.07,57.05,57.07,1760.0
2019-04-03 11:06:00,57.11,57.11,57.11,57.11,450.0
2019-04-03 11:07:00,57.07,57.07,57.07,57.07,200.0
2019-04-03 11:13:00,57.03,57.03,57.02,57.02,415.0
2019-04-03 11:24:00,57.0,57.0,57.0,57.0,575.0
2019-04-03 11:33:00,56.92,56.97,56.92,56.97,573.0
2019-04-03 11:46:00,57.05,57.05,57.05,57.05,200.0
2019-04-03 11:51:00,57.06,57.06,57.06,57.06,410.0
2019-04-03 11:57:00,57.14,57.14,57.14,57.14,300.0
2019-04-03 12:05:00,57.14,57.14,57.14,57.14,375.0
2019-04-03 12:08:00,57.05,57.05,57.05,57.05,100.0
2019-04-03 12:10:00,57.18,57.18,57.18,57.18,250.0
2019-04-03 12:13:00,57.22,57.22,57.22,57.22,210.0
2019-04-03 12:18:00,57.185,57.24,57.185,57.24,229.0
2019-04-03 12:24:00,57.19,57.19,57.19,57.19,100.0
2019-04-03 12:27:00,57.21,57.21,57.21,57.21,121.0
2019-04-03 12:38:00,57.16,57.16,57.15,57.15,424.0
2019-04-03 12:53:00,57.075,57.08,57.075,57.08,902.0
2019-04-03 13:00:00,57.07,57.07,57.07,57.07,226.0
2019-04-03 13:14:00,57.02,57.02,57.02,57.02,406.0
2019-04-03 13:23:00,57.05,57.05,56.995,56.995,534.0
2019-04-03 13:31:00,56.99,56.99,56.99,56.99,163.0
2019-04-03 13:42:00,56.92,56.92,56.9,56.9,1437.0
2019-04-03 13:46:00,56.99,56.99,56.99,56.99,911.0
2019-04-03 14:01:00,56.63,56.63,56.63,56.63,368.0
2019-04-03 14:12:00,56.7259,56.7259,56.7259,56.7259,173.0
2019-04-03 14:26:00,56.81,56.81,56.81,56.81,624.0
2019-04-03 14:34:00,56.86,56.86,56.75,56.75,201.0
2019-04-03 14:41:00,56.74,56.74,56.74,56.74,407.0
2019-04-03 14:44:00,56.46,56.46,56.46,56.46,201.0
2019-04-03 14:45:00,56.58,56.58,56.58,56.58,387.0
2019-04-03 14:57:00,56.65,56.65,56.65,56.65,400.0
2019-04-03 15:09:00,56.65,56.65,56.65,56.65,410.0
2019-04-03 15:23:00,56.51,56.51,56.51,56.51,593.0
2019-04-03 15:26:00,56.71,56.71,56.71,56.71,260.0
2019-04-03 15:34:00,56.67,56.67,56.67,56.67,352.0
2019-04-03 15:38:00,56.665,56.665,56.665,56.665,177.0
2019-04-03 15:39:00,56.66,56.66,56.66,56.66,1133.0
2019-04-03 15:41:00,56.61,56.61,56.61,56.61,854.0
2019-04-03 15:44:00,56.68,56.68,56.68,56.68,643.0
2019-04-03 15:48:00,56.63,56.63,56.63,56.63,458.0
2019-04-03 15:51:00,56.63,56.63,56.63,56.63,786.0
2019-04-03 15:54:00,56.72,56.72,56.72,56.72,631.0
2019-04-03 15:55:00,56.73,56.73,56.73,56.73,843.0
2019-04-03 15:57:00,56.68,56.68,56.68,56.68,857.0
2019-04-03 15:59:00,56.68,56.68,56.66,56.66,2976.0
2019-04-03 16:00:00,56.65,56.65,56.65,56.65,2152.0
