
2019-03-20 09:31:00,1.7,1.7,1.7,1.7,0.0
2019-03-20 09:36:00,1.72,1.72,1.72,1.72,227.0
2019-03-20 10:00:00,1.7663,1.7663,1.7663,1.7663,120.0
2019-03-20 10:03:00,1.7645,1.7645,1.7645,1.7645,416.0
2019-03-20 10:10:00,1.767,1.767,1.767,1.767,155.0
2019-03-20 10:21:00,1.75,1.75,1.75,1.75,601.0
2019-03-20 10:29:00,1.77,1.77,1.77,1.77,361.0
2019-03-20 10:36:00,1.77,1.77,1.77,1.77,338.0
2019-03-20 10:37:00,1.78,1.8,1.78,1.8,401.0
2019-03-20 10:42:00,1.78,1.78,1.78,1.78,314.0
2019-03-20 10:53:00,1.78,1.78,1.78,1.78,126.0
2019-03-20 10:58:00,1.78,1.78,1.777,1.777,235.0
2019-03-20 11:02:00,1.78,1.78,1.78,1.78,496.0
2019-03-20 11:54:00,1.79,1.79,1.79,1.79,1357.0
2019-03-20 12:40:00,1.8,1.8,1.8,1.8,503.0
2019-03-20 12:45:00,1.7911,1.7911,1.7911,1.7911,1906.0
2019-03-20 12:54:00,1.8,1.8,1.8,1.8,600.0
2019-03-20 12:56:00,1.8,1.82,1.8,1.82,1059.0
2019-03-20 13:02:00,1.8,1.8,1.8,1.8,201.0
2019-03-20 13:03:00,1.8168,1.8168,1.8168,1.8168,371.0
2019-03-20 13:24:00,1.85,1.85,1.85,1.85,216.0
2019-03-20 13:35:00,1.83,1.83,1.83,1.83,410.0
2019-03-20 13:40:00,1.85,1.85,1.85,1.85,1069.0
2019-03-20 13:47:00,1.8428,1.8428,1.8428,1.8428,432.0
2019-03-20 14:04:00,1.87,1.87,1.87,1.87,233.0
2019-03-20 14:37:00,1.8665,1.8665,1.8665,1.8665,2724.0
2019-03-20 14:48:00,1.8392,1.8392,1.8392,1.8392,252.0
2019-03-20 14:49:00,1.86,1.86,1.86,1.86,100.0
2019-03-20 14:51:00,1.86,1.86,1.85,1.85,520.0
2019-03-20 15:08:00,1.8301,1.8301,1.8301,1.8301,424.0
2019-03-20 15:12:00,1.8392,1.8392,1.8392,1.8392,105.0
2019-03-20 15:14:00,1.89,1.89,1.89,1.89,121.0
2019-03-20 15:28:00,1.89,1.89,1.89,1.89,105.0
2019-03-20 15:30:00,1.88,1.88,1.88,1.88,220.0
2019-03-20 15:36:00,1.8604,1.8604,1.8604,1.8604,265.0
2019-03-20 15:46:00,1.8719,1.88,1.8719,1.88,2544.0
2019-03-20 15:53:00,1.8688,1.8688,1.8688,1.8688,118.0
2019-03-20 15:55:00,1.89,1.89,1.89,1.89,131.0
2019-03-20 15:58:00,1.8688,1.8807,1.8688,1.8807,1319.0
2019-03-21 09:31:00,1.95,1.95,1.95,1.95,0.0
2019-03-21 09:34:00,1.91,1.91,1.91,1.91,200.0
2019-03-21 09:35:00,1.9054,1.9054,1.9054,1.9054,197.0
2019-03-21 09:41:00,1.9,1.9,1.9,1.9,686.0
2019-03-21 09:44:00,1.91,1.91,1.91,1.91,439.0
2019-03-21 10:17:00,1.87,1.89,1.85,1.85,2075.0
2019-03-21 10:22:00,1.91,1.91,1.91,1.91,268.0
2019-03-21 10:27:00,1.822,1.822,1.822,1.822,205.0
2019-03-21 10:46:00,1.83,1.83,1.83,1.83,564.0
2019-03-21 10:49:00,1.8301,1.8301,1.8301,1.8301,622.0
2019-03-21 10:58:00,1.8301,1.8301,1.8301,1.8301,459.0
2019-03-21 11:25:00,1.85,1.85,1.85,1.85,242.0
2019-03-21 11:30:00,1.9,1.9,1.8413,1.8413,458.0
2019-03-21 11:49:00,1.84,1.84,1.84,1.84,191.0
2019-03-21 12:05:00,1.87,1.87,1.87,1.87,987.0
2019-03-21 12:22:00,1.88,1.88,1.88,1.88,404.0
2019-03-21 12:28:00,1.9,1.9,1.9,1.9,1007.0
2019-03-21 12:52:00,1.91,1.91,1.91,1.91,578.0
2019-03-21 13:39:00,1.9,1.9,1.9,1.9,221.0
2019-03-21 13:52:00,1.91,1.91,1.91,1.91,509.0
2019-03-21 14:22:00,1.9002,1.9002,1.9002,1.9002,175.0
2019-03-21 14:28:00,1.91,1.91,1.91,1.91,104.0
2019-03-21 14:32:00,1.91,1.91,1.91,1.91,308.0
2019-03-21 14:39:00,1.9,1.93,1.9,1.93,1475.0
2019-03-21 14:42:00,1.9289,1.93,1.9289,1.93,3313.0
2019-03-21 14:45:00,1.95,1.95,1.95,1.95,862.0
2019-03-21 14:56:00,1.9313,1.9313,1.9313,1.9313,364.0
2019-03-21 15:00:00,1.9313,1.9313,1.9313,1.9313,217.0
2019-03-21 15:23:00,1.93,1.93,1.93,1.93,100.0
2019-03-21 15:24:00,1.89,1.89,1.89,1.89,2010.0
2019-03-21 15:29:00,1.9334,1.9334,1.9334,1.9334,100.0
2019-03-21 15:30:00,1.9,1.9,1.9,1.9,228.0
2019-03-21 15:51:00,1.93,1.93,1.93,1.93,687.0
2019-03-21 15:57:00,1.92,1.92,1.92,1.92,318.0
2019-03-22 09:31:00,1.93,1.93,1.93,1.93,0.0
2019-03-22 09:38:00,1.8667,1.8667,1.8667,1.8667,217.0
2019-03-22 09:42:00,1.8802,1.8802,1.8802,1.8802,2673.0
2019-03-22 09:44:00,1.8986,1.8986,1.8986,1.8986,1000.0
2019-03-22 09:45:00,1.9,1.9233,1.9,1.9233,776.0
2019-03-22 10:01:00,1.87,1.87,1.86,1.86,329.0
2019-03-22 10:08:00,1.91,1.91,1.91,1.91,109.0
2019-03-22 10:10:00,1.8601,1.8601,1.8601,1.8601,348.0
2019-03-22 10:15:00,1.8771,1.8771,1.8771,1.8771,145.0
2019-03-22 10:17:00,1.8869,1.8869,1.8869,1.8869,127.0
2019-03-22 10:23:00,1.887,1.887,1.887,1.887,201.0
2019-03-22 10:31:00,1.8646,1.8646,1.8646,1.8646,335.0
2019-03-22 10:52:00,1.86,1.86,1.86,1.86,101.0
2019-03-22 11:01:00,1.86,1.86,1.86,1.86,335.0
2019-03-22 11:31:00,1.86,1.86,1.86,1.86,301.0
2019-03-22 11:38:00,1.86,1.86,1.86,1.86,581.0
2019-03-22 12:02:00,1.86,1.86,1.86,1.86,2613.0
2019-03-22 12:22:00,1.86,1.86,1.86,1.86,132.0
2019-03-22 12:23:00,1.85,1.85,1.85,1.85,283.0
2019-03-22 12:25:00,1.84,1.84,1.84,1.84,212.0
2019-03-22 12:31:00,1.8,1.8,1.75,1.75,401.0
2019-03-22 12:35:00,1.8512,1.8512,1.8512,1.8512,1188.0
2019-03-22 13:01:00,1.77,1.77,1.77,1.77,312.0
2019-03-22 13:13:00,1.77,1.77,1.77,1.77,119.0
2019-03-22 13:21:00,1.76,1.76,1.76,1.76,223.0
2019-03-22 13:31:00,1.75,1.75,1.75,1.75,150.0
2019-03-22 13:47:00,1.72,1.72,1.72,1.72,600.0
2019-03-22 13:50:00,1.701,1.701,1.701,1.701,484.0
2019-03-22 13:53:00,1.7024,1.7024,1.7024,1.7024,411.0
2019-03-22 14:06:00,1.72,1.72,1.72,1.72,264.0
2019-03-22 14:07:00,1.72,1.72,1.72,1.72,804.0
2019-03-22 14:26:00,1.73,1.73,1.73,1.73,649.0
2019-03-22 14:31:00,1.738,1.738,1.7325,1.7325,400.0
2019-03-22 14:40:00,1.77,1.77,1.77,1.77,108.0
2019-03-22 14:50:00,1.73,1.73,1.73,1.73,1510.0
2019-03-22 14:52:00,1.7447,1.7447,1.7447,1.7447,272.0
2019-03-22 15:01:00,1.7225,1.7225,1.7225,1.7225,300.0
2019-03-22 15:08:00,1.75,1.75,1.75,1.75,169.0
2019-03-22 15:10:00,1.75,1.79,1.75,1.79,1100.0
2019-03-22 15:11:00,1.79,1.79,1.79,1.79,210.0
2019-03-22 15:13:00,1.85,1.85,1.85,1.85,1259.0
2019-03-22 15:30:00,1.9336,1.9336,1.9336,1.9336,441.0
2019-03-22 15:32:00,1.87,1.87,1.87,1.87,220.0
2019-03-22 15:36:00,1.87,1.87,1.87,1.87,142.0
2019-03-22 16:00:00,1.91,1.91,1.91,1.91,100.0
2019-03-25 09:31:00,1.83,1.83,1.83,1.83,0.0
2019-03-25 10:00:00,1.84,1.84,1.84,1.84,683.0
2019-03-25 11:31:00,1.82,1.82,1.82,1.82,2492.0
2019-03-25 11:37:00,1.78,1.78,1.78,1.78,850.0
2019-03-25 11:46:00,1.7414,1.7414,1.7414,1.7414,514.0
2019-03-25 12:17:00,1.8004,1.8004,1.8004,1.8004,611.0
2019-03-25 12:29:00,1.7507,1.7507,1.7507,1.7507,901.0
2019-03-25 12:34:00,1.75,1.75,1.75,1.75,340.0
2019-03-25 12:57:00,1.8115,1.8115,1.8115,1.8115,175.0
2019-03-25 13:36:00,1.7928,1.7928,1.7928,1.7928,320.0
2019-03-25 13:57:00,1.7789,1.7789,1.7789,1.7789,500.0
2019-03-25 14:19:00,1.75,1.79,1.75,1.79,372.0
2019-03-25 14:28:00,1.81,1.81,1.81,1.81,3001.0
2019-03-25 14:46:00,1.8,1.8,1.8,1.8,1030.0
2019-03-25 14:57:00,1.7798,1.7798,1.7798,1.7798,1200.0
2019-03-25 15:01:00,1.81,1.81,1.81,1.81,171.0
2019-03-25 15:31:00,1.79,1.79,1.79,1.79,268.0
2019-03-25 15:51:00,1.76,1.76,1.76,1.76,205.0
2019-03-26 09:31:00,1.75,1.75,1.75,1.75,0.0
2019-03-26 09:43:00,1.783,1.783,1.783,1.783,816.0
2019-03-26 10:56:00,1.7591,1.7591,1.7591,1.7591,399.0
2019-03-26 11:41:00,1.785,1.785,1.785,1.785,345.0
2019-03-26 12:04:00,1.79,1.79,1.79,1.79,197.0
2019-03-26 12:31:00,1.775,1.775,1.775,1.775,161.0
2019-03-26 12:39:00,1.77,1.77,1.77,1.77,199.0
2019-03-26 12:40:00,1.76,1.76,1.76,1.76,237.0
2019-03-26 12:55:00,1.7699,1.7699,1.759,1.759,3395.0
2019-03-26 13:38:00,1.73,1.73,1.73,1.73,245.0
2019-03-26 13:58:00,1.7201,1.7201,1.7201,1.7201,506.0
2019-03-26 14:04:00,1.7201,1.7201,1.7201,1.7201,163.0
2019-03-26 14:24:00,1.735,1.735,1.735,1.735,284.0
2019-03-26 15:06:00,1.725,1.725,1.725,1.725,136.0
2019-03-26 15:29:00,1.725,1.725,1.725,1.725,100.0
2019-03-26 15:31:00,1.7299,1.7299,1.7299,1.7299,478.0
2019-03-26 15:48:00,1.72,1.72,1.72,1.72,1588.0
2019-03-26 15:50:00,1.71,1.71,1.71,1.71,222.0
2019-03-26 15:54:00,1.64,1.64,1.64,1.64,1996.0
2019-03-27 09:31:00,1.69,1.69,1.69,1.69,950.0
2019-03-27 09:33:00,1.69,1.69,1.69,1.69,100.0
2019-03-27 09:36:00,1.69,1.7299,1.69,1.7299,213.0
2019-03-27 09:38:00,1.724,1.724,1.724,1.724,1000.0
2019-03-27 09:40:00,1.69,1.69,1.69,1.69,104.0
2019-03-27 09:41:00,1.72,1.72,1.72,1.72,1895.0
2019-03-27 09:43:00,1.69,1.69,1.69,1.69,100.0
2019-03-27 09:46:00,1.69,1.69,1.69,1.69,104.0
2019-03-27 09:48:00,1.69,1.69,1.69,1.69,311.0
2019-03-27 09:53:00,1.69,1.69,1.69,1.69,106.0
2019-03-27 09:56:00,1.69,1.69,1.69,1.69,150.0
2019-03-27 09:58:00,1.69,1.69,1.69,1.69,200.0
2019-03-27 10:03:00,1.69,1.69,1.69,1.69,135.0
2019-03-27 10:06:00,1.69,1.69,1.69,1.69,200.0
2019-03-27 10:11:00,1.67,1.67,1.67,1.67,101.0
2019-03-27 10:14:00,1.67,1.67,1.67,1.67,150.0
2019-03-27 10:17:00,1.67,1.67,1.67,1.67,100.0
2019-03-27 10:20:00,1.67,1.67,1.67,1.67,103.0
2019-03-27 10:21:00,1.7066,1.7066,1.7066,1.7066,170.0
2019-03-27 10:23:00,1.67,1.67,1.67,1.67,114.0
2019-03-27 10:26:00,1.69,1.69,1.67,1.67,252.0
2019-03-27 10:30:00,1.67,1.67,1.67,1.67,252.0
2019-03-27 10:35:00,1.6725,1.6725,1.6725,1.6725,101.0
2019-03-27 10:36:00,1.67,1.67,1.67,1.67,277.0
2019-03-27 10:43:00,1.67,1.67,1.65,1.65,2019.0
2019-03-27 10:52:00,1.6501,1.6501,1.6501,1.6501,1200.0
2019-03-27 10:58:00,1.6501,1.6501,1.6501,1.6501,1602.0
2019-03-27 11:02:00,1.65,1.65,1.65,1.65,100.0
2019-03-27 11:05:00,1.65,1.65,1.65,1.65,213.0
2019-03-27 11:12:00,1.65,1.65,1.65,1.65,205.0
2019-03-27 11:19:00,1.65,1.65,1.65,1.65,130.0
2019-03-27 11:25:00,1.68,1.68,1.68,1.68,105.0
2019-03-27 11:28:00,1.66,1.66,1.66,1.66,205.0
2019-03-27 11:29:00,1.63,1.63,1.63,1.63,105.0
2019-03-27 11:37:00,1.6324,1.6324,1.6324,1.6324,618.0
2019-03-27 11:43:00,1.6576,1.6576,1.6576,1.6576,209.0
2019-03-27 11:53:00,1.6382,1.6382,1.6382,1.6382,240.0
2019-03-27 11:57:00,1.64,1.64,1.64,1.64,297.0
2019-03-27 12:27:00,1.6401,1.6401,1.6401,1.6401,2108.0
2019-03-27 12:54:00,1.6401,1.6401,1.6401,1.6401,3259.0
2019-03-27 13:06:00,1.67,1.67,1.67,1.67,189.0
2019-03-27 13:31:00,1.655,1.6699,1.655,1.6699,219.0
2019-03-27 13:51:00,1.66,1.66,1.66,1.66,100.0
2019-03-27 13:55:00,1.6699,1.6699,1.6699,1.6699,105.0
2019-03-27 13:56:00,1.65,1.65,1.65,1.65,104.0
2019-03-27 13:59:00,1.65,1.65,1.65,1.65,200.0
2019-03-27 14:04:00,1.65,1.65,1.65,1.65,239.0
2019-03-27 14:22:00,1.65,1.65,1.65,1.65,104.0
2019-03-27 14:25:00,1.65,1.65,1.65,1.65,305.0
2019-03-27 14:38:00,1.65,1.65,1.65,1.65,100.0
2019-03-27 14:39:00,1.6501,1.6501,1.6501,1.6501,2000.0
2019-03-27 14:40:00,1.65,1.65,1.65,1.65,181.0
2019-03-27 15:13:00,1.68,1.68,1.68,1.68,221.0
2019-03-27 15:19:00,1.65,1.65,1.65,1.65,100.0
2019-03-27 15:21:00,1.65,1.65,1.65,1.65,100.0
2019-03-27 15:22:00,1.65,1.65,1.65,1.65,160.0
2019-03-27 15:27:00,1.66,1.66,1.66,1.66,100.0
2019-03-27 15:28:00,1.66,1.66,1.66,1.66,100.0
2019-03-27 15:30:00,1.66,1.66,1.66,1.66,200.0
2019-03-27 15:31:00,1.66,1.66,1.66,1.66,238.0
2019-03-27 15:38:00,1.68,1.68,1.68,1.68,100.0
2019-03-27 15:39:00,1.6718,1.6718,1.6718,1.6718,115.0
2019-03-27 15:47:00,1.65,1.65,1.65,1.65,100.0
2019-03-27 15:48:00,1.65,1.65,1.65,1.65,305.0
2019-03-27 15:51:00,1.65,1.65,1.65,1.65,300.0
2019-03-27 15:52:00,1.65,1.65,1.65,1.65,116.0
2019-03-27 15:59:00,1.6751,1.6751,1.6751,1.6751,194.0
2019-03-27 16:00:00,1.65,1.65,1.65,1.65,2110.0
2019-03-28 09:31:00,1.67,1.67,1.67,1.67,0.0
2019-03-28 09:32:00,1.63,1.63,1.63,1.63,350.0
2019-03-28 09:38:00,1.65,1.65,1.65,1.65,163.0
2019-03-28 09:41:00,1.63,1.63,1.63,1.63,314.0
2019-03-28 09:46:00,1.63,1.63,1.63,1.63,300.0
2019-03-28 09:49:00,1.7099,1.7099,1.7099,1.7099,105.0
2019-03-28 09:52:00,1.63,1.63,1.63,1.63,514.0
2019-03-28 09:56:00,1.6806,1.6806,1.6806,1.6806,204.0
2019-03-28 09:59:00,1.64,1.64,1.64,1.64,300.0
2019-03-28 10:06:00,1.64,1.64,1.64,1.64,358.0
2019-03-28 10:14:00,1.64,1.64,1.64,1.64,300.0
2019-03-28 10:16:00,1.64,1.64,1.62,1.62,1097.0
2019-03-28 10:17:00,1.6092,1.6092,1.6092,1.6092,388.0
2019-03-28 10:20:00,1.671,1.671,1.671,1.671,201.0
2019-03-28 10:21:00,1.61,1.61,1.61,1.61,100.0
2019-03-28 10:22:00,1.61,1.61,1.61,1.61,100.0
2019-03-28 10:23:00,1.6101,1.6101,1.6,1.6,5824.0
2019-03-28 10:25:00,1.6,1.6,1.6,1.6,200.0
2019-03-28 10:29:00,1.6608,1.6668,1.6608,1.6668,500.0
2019-03-28 10:31:00,1.61,1.61,1.61,1.61,300.0
2019-03-28 10:33:00,1.662,1.662,1.662,1.662,107.0
2019-03-28 10:37:00,1.61,1.61,1.61,1.61,104.0
2019-03-28 10:39:00,1.6,1.6,1.6,1.6,400.0
2019-03-28 10:40:00,1.61,1.61,1.61,1.61,479.0
2019-03-28 10:51:00,1.6,1.6,1.6,1.6,201.0
2019-03-28 11:00:00,1.6,1.6,1.6,1.6,400.0
2019-03-28 11:01:00,1.68,1.68,1.62,1.64,1114.0
2019-03-28 11:09:00,1.6,1.6,1.6,1.6,311.0
2019-03-28 11:14:00,1.6534,1.6534,1.6534,1.6534,100.0
2019-03-28 11:16:00,1.66,1.66,1.66,1.66,100.0
2019-03-28 11:17:00,1.61,1.63,1.61,1.63,1025.0
2019-03-28 11:19:00,1.6,1.6,1.6,1.6,450.0
2019-03-28 11:24:00,1.6178,1.6178,1.6178,1.6178,100.0
2019-03-28 11:25:00,1.6178,1.6178,1.6178,1.6178,318.0
2019-03-28 11:30:00,1.6,1.6,1.6,1.6,372.0
2019-03-28 11:41:00,1.6,1.6,1.6,1.6,500.0
2019-03-28 11:44:00,1.62,1.62,1.62,1.62,384.0
2019-03-28 12:01:00,1.59,1.59,1.59,1.59,205.0
2019-03-28 12:02:00,1.6106,1.6106,1.6106,1.6106,539.0
2019-03-28 12:07:00,1.62,1.62,1.62,1.62,502.0
2019-03-28 12:11:00,1.62,1.649,1.59,1.59,11100.0
2019-03-28 12:12:00,1.56,1.56,1.55,1.55,312.0
2019-03-28 12:18:00,1.56,1.56,1.56,1.56,270.0
2019-03-28 12:22:00,1.5744,1.5744,1.5744,1.5744,450.0
2019-03-28 12:24:00,1.55,1.55,1.55,1.55,300.0
2019-03-28 12:26:00,1.62,1.62,1.62,1.62,166.0
2019-03-28 12:31:00,1.6084,1.6084,1.58,1.58,474.0
2019-03-28 12:42:00,1.55,1.55,1.55,1.55,247.0
2019-03-28 12:46:00,1.6,1.6,1.6,1.6,100.0
2019-03-28 12:51:00,1.56,1.56,1.56,1.56,403.0
2019-03-28 13:04:00,1.56,1.56,1.56,1.56,400.0
2019-03-28 13:05:00,1.5501,1.5616,1.55,1.5616,800.0
2019-03-28 13:06:00,1.55,1.55,1.5,1.5,5366.0
2019-03-28 13:07:00,1.5,1.5,1.5,1.5,549.0
2019-03-28 13:08:00,1.5001,1.5001,1.5001,1.5001,500.0
2019-03-28 13:09:00,1.5001,1.55,1.5001,1.55,3370.0
2019-03-28 13:10:00,1.62,1.62,1.62,1.62,500.0
2019-03-28 13:11:00,1.5832,1.5832,1.5832,1.5832,500.0
2019-03-28 13:12:00,1.5636,1.5636,1.5601,1.5601,1103.0
2019-03-28 13:16:00,1.5832,1.5832,1.5832,1.5832,467.0
2019-03-28 13:21:00,1.69,1.69,1.69,1.69,138.0
2019-03-28 13:23:00,1.565,1.565,1.565,1.565,149.0
2019-03-28 13:27:00,1.6,1.6,1.6,1.6,100.0
2019-03-28 13:28:00,1.6,1.6,1.6,1.6,109.0
2019-03-28 13:30:00,1.6148,1.6148,1.6148,1.6148,522.0
2019-03-28 13:32:00,1.6,1.6,1.6,1.6,405.0
2019-03-28 13:42:00,1.5795,1.6,1.5795,1.5795,1235.0
2019-03-28 13:43:00,1.67,1.67,1.67,1.67,205.0
2019-03-28 13:46:00,1.5745,1.5745,1.56,1.56,2970.0
2019-03-28 13:47:00,1.56,1.56,1.56,1.56,100.0
2019-03-28 13:48:00,1.5601,1.5601,1.5601,1.5601,1021.0
2019-03-28 13:52:00,1.65,1.65,1.65,1.65,135.0
2019-03-28 13:58:00,1.57,1.57,1.57,1.57,102.0
2019-03-28 14:02:00,1.57,1.57,1.57,1.57,257.0
2019-03-28 14:13:00,1.58,1.58,1.58,1.58,207.0
2019-03-28 14:24:00,1.58,1.58,1.58,1.58,220.0
2019-03-28 14:26:00,1.58,1.58,1.58,1.58,945.0
2019-03-28 14:35:00,1.59,1.59,1.59,1.59,100.0
2019-03-28 14:36:00,1.61,1.61,1.61,1.61,101.0
2019-03-28 14:37:00,1.61,1.61,1.61,1.61,100.0
2019-03-28 14:39:00,1.59,1.59,1.59,1.59,200.0
2019-03-28 14:40:00,1.59,1.59,1.59,1.59,400.0
2019-03-28 14:52:00,1.59,1.59,1.59,1.59,120.0
2019-03-28 14:53:00,1.56,1.56,1.56,1.56,334.0
2019-03-28 15:00:00,1.56,1.56,1.56,1.56,102.0
2019-03-28 15:09:00,1.56,1.56,1.56,1.56,200.0
2019-03-28 15:15:00,1.5899,1.5899,1.5899,1.5899,124.0
2019-03-28 15:18:00,1.56,1.56,1.56,1.56,197.0
2019-03-28 15:19:00,1.575,1.575,1.575,1.575,153.0
2019-03-28 15:23:00,1.57,1.57,1.57,1.57,105.0
2019-03-28 15:29:00,1.64,1.64,1.64,1.64,107.0
2019-03-28 15:31:00,1.57,1.6422,1.57,1.6422,500.0
2019-03-28 15:33:00,1.57,1.57,1.57,1.57,267.0
2019-03-28 15:40:00,1.56,1.64,1.56,1.64,300.0
2019-03-28 15:45:00,1.56,1.56,1.56,1.56,200.0
2019-03-28 15:48:00,1.63,1.63,1.63,1.63,116.0
2019-03-28 15:49:00,1.56,1.56,1.56,1.56,257.0
2019-03-28 15:53:00,1.56,1.5601,1.56,1.5601,543.0
2019-03-28 15:56:00,1.56,1.56,1.56,1.56,136.0
2019-03-28 15:58:00,1.58,1.58,1.56,1.56,250.0
2019-03-28 15:59:00,1.56,1.59,1.55,1.5615,4618.0
2019-03-29 09:31:00,1.63,1.63,1.63,1.63,0.0
2019-03-29 09:38:00,1.5678,1.5678,1.5678,1.5678,454.0
2019-03-29 09:46:00,1.6119,1.6119,1.6119,1.6119,8106.0
2019-03-29 10:04:00,1.6199,1.6199,1.6199,1.6199,161.0
2019-03-29 10:33:00,1.6122,1.6122,1.6122,1.6122,327.0
2019-03-29 10:46:00,1.57,1.57,1.57,1.57,500.0
2019-03-29 10:47:00,1.6,1.6,1.6,1.6,1037.0
2019-03-29 11:16:00,1.56,1.575,1.56,1.575,3051.0
2019-03-29 11:26:00,1.56,1.56,1.56,1.56,300.0
2019-03-29 11:27:00,1.56,1.56,1.56,1.56,400.0
2019-03-29 11:28:00,1.56,1.56,1.56,1.56,100.0
2019-03-29 11:29:00,1.56,1.56,1.56,1.56,200.0
2019-03-29 11:30:00,1.56,1.56,1.56,1.56,220.0
2019-03-29 11:31:00,1.56,1.56,1.56,1.56,200.0
2019-03-29 11:32:00,1.56,1.56,1.56,1.56,200.0
2019-03-29 11:33:00,1.56,1.56,1.56,1.56,411.0
2019-03-29 11:34:00,1.56,1.56,1.56,1.56,100.0
2019-03-29 11:35:00,1.56,1.56,1.56,1.56,230.0
2019-03-29 11:36:00,1.56,1.56,1.56,1.56,200.0
2019-03-29 11:37:00,1.56,1.56,1.56,1.56,100.0
2019-03-29 11:38:00,1.56,1.56,1.56,1.56,200.0
2019-03-29 11:40:00,1.56,1.56,1.56,1.56,308.0
2019-03-29 11:41:00,1.57,1.57,1.57,1.57,1802.0
2019-03-29 11:42:00,1.57,1.57,1.57,1.57,101.0
2019-03-29 11:45:00,1.56,1.56,1.56,1.56,100.0
2019-03-29 11:46:00,1.54,1.54,1.54,1.54,1423.0
2019-03-29 11:47:00,1.5,1.5,1.5,1.5,2274.0
2019-03-29 11:48:00,1.48,1.48,1.48,1.48,462.0
2019-03-29 11:49:00,1.56,1.56,1.56,1.56,264.0
2019-03-29 11:51:00,1.5,1.5,1.5,1.5,1025.0
2019-03-29 11:53:00,1.52,1.52,1.52,1.52,400.0
2019-03-29 11:54:00,1.52,1.52,1.52,1.52,671.0
2019-03-29 12:00:00,1.52,1.52,1.52,1.52,321.0
2019-03-29 12:02:00,1.51,1.51,1.51,1.51,763.0
2019-03-29 12:05:00,1.5099,1.5099,1.5099,1.5099,250.0
2019-03-29 12:06:00,1.51,1.51,1.51,1.51,419.0
2019-03-29 12:07:00,1.51,1.51,1.51,1.51,231.0
2019-03-29 12:08:00,1.52,1.52,1.52,1.52,331.0
2019-03-29 12:11:00,1.52,1.52,1.52,1.52,2826.0
2019-03-29 12:12:00,1.51,1.51,1.51,1.51,1983.0
2019-03-29 12:17:00,1.598,1.598,1.598,1.598,1050.0
2019-03-29 12:21:00,1.58,1.58,1.58,1.58,610.0
2019-03-29 12:28:00,1.54,1.54,1.54,1.54,500.0
2019-03-29 12:30:00,1.52,1.52,1.52,1.52,600.0
2019-03-29 12:33:00,1.51,1.51,1.51,1.51,3100.0
2019-03-29 12:41:00,1.51,1.51,1.51,1.51,700.0
2019-03-29 12:43:00,1.51,1.51,1.51,1.51,808.0
2019-03-29 12:44:00,1.51,1.51,1.505,1.505,1294.0
2019-03-29 12:55:00,1.52,1.52,1.52,1.52,808.0
2019-03-29 13:02:00,1.51,1.51,1.51,1.51,103.0
2019-03-29 13:04:00,1.5048,1.5048,1.5024,1.5024,1927.0
2019-03-29 13:08:00,1.49,1.49,1.49,1.49,4931.0
2019-03-29 13:15:00,1.549,1.55,1.549,1.55,3487.0
2019-03-29 13:28:00,1.57,1.57,1.57,1.57,1402.0
2019-03-29 13:30:00,1.5584,1.5584,1.5584,1.5584,155.0
2019-03-29 13:34:00,1.55,1.55,1.52,1.52,2538.0
2019-03-29 13:45:00,1.4999,1.4999,1.4999,1.4999,708.0
2019-03-29 13:48:00,1.47,1.47,1.47,1.47,245.0
2019-03-29 13:49:00,1.4601,1.4601,1.4601,1.4601,645.0
2019-03-29 13:52:00,1.53,1.53,1.5285,1.5285,4462.0
2019-03-29 13:58:00,1.54,1.54,1.54,1.54,1127.0
2019-03-29 14:07:00,1.65,1.65,1.65,1.65,137.0
2019-03-29 14:09:00,1.64,1.64,1.61,1.61,200.0
2019-03-29 14:10:00,1.65,1.65,1.65,1.65,421.0
2019-03-29 14:19:00,1.6499,1.6499,1.6499,1.6499,398.0
2019-03-29 14:28:00,1.5816,1.5816,1.5816,1.5816,4899.0
2019-03-29 14:59:00,1.59,1.59,1.59,1.59,103.0
2019-03-29 15:09:00,1.55,1.55,1.54,1.54,7652.0
2019-03-29 15:14:00,1.495,1.495,1.495,1.495,336.0
2019-03-29 15:32:00,1.49,1.49,1.49,1.49,252.0
2019-03-29 15:43:00,1.5,1.5,1.5,1.5,204.0
2019-03-29 15:55:00,1.5,1.5,1.5,1.5,105.0
2019-03-29 15:59:00,1.5,1.5,1.497,1.497,6413.0
2019-04-01 09:31:00,1.54,1.54,1.54,1.54,846.0
2019-04-01 09:32:00,1.5407,1.5407,1.5407,1.5407,296.0
2019-04-01 09:35:00,1.5118,1.5118,1.5118,1.5118,182.0
2019-04-01 09:47:00,1.52,1.52,1.52,1.52,7104.0
2019-04-01 09:52:00,1.5967,1.5967,1.5967,1.5967,3000.0
2019-04-01 09:54:00,1.59,1.59,1.59,1.59,248.0
2019-04-01 10:15:00,1.55,1.55,1.55,1.55,115.0
2019-04-01 10:33:00,1.58,1.58,1.58,1.58,100.0
2019-04-01 10:40:00,1.58,1.58,1.58,1.58,132.0
2019-04-01 11:13:00,1.6028,1.6028,1.6028,1.6028,126.0
2019-04-01 11:24:00,1.63,1.63,1.6299,1.6299,1050.0
2019-04-01 11:33:00,1.605,1.605,1.605,1.605,220.0
2019-04-01 11:58:00,1.6021,1.6021,1.6021,1.6021,756.0
2019-04-01 12:08:00,1.59,1.59,1.59,1.59,101.0
2019-04-01 12:13:00,1.63,1.63,1.63,1.63,210.0
2019-04-01 12:22:00,1.622,1.622,1.622,1.622,293.0
2019-04-01 13:21:00,1.6122,1.6122,1.6122,1.6122,369.0
2019-04-01 14:00:00,1.6087,1.6087,1.6087,1.6087,2003.0
2019-04-01 14:01:00,1.63,1.63,1.63,1.63,101.0
2019-04-01 14:07:00,1.63,1.63,1.63,1.63,206.0
2019-04-01 14:17:00,1.6173,1.6173,1.6173,1.6173,101.0
2019-04-01 14:22:00,1.6101,1.6101,1.6101,1.6101,119.0
2019-04-01 14:43:00,1.615,1.615,1.615,1.615,396.0
2019-04-01 14:54:00,1.62,1.62,1.62,1.62,371.0
2019-04-01 15:51:00,1.6,1.6,1.6,1.6,106.0
2019-04-01 15:54:00,1.62,1.62,1.62,1.62,183.0
2019-04-02 09:31:00,1.62,1.62,1.62,1.62,0.0
2019-04-02 09:44:00,1.62,1.62,1.62,1.62,799.0
2019-04-02 09:56:00,1.57,1.57,1.57,1.57,635.0
2019-04-02 10:05:00,1.63,1.63,1.63,1.63,100.0
2019-04-02 10:07:00,1.6013,1.6013,1.6013,1.6013,706.0
2019-04-02 10:19:00,1.6299,1.6299,1.6299,1.6299,278.0
2019-04-02 10:43:00,1.63,1.63,1.615,1.615,3445.0
2019-04-02 10:58:00,1.6061,1.6061,1.6061,1.6061,133.0
2019-04-02 11:26:00,1.6419,1.65,1.62,1.64,2881.0
2019-04-02 11:58:00,1.64,1.64,1.64,1.64,217.0
2019-04-02 12:12:00,1.64,1.64,1.64,1.64,100.0
2019-04-02 12:14:00,1.63,1.63,1.63,1.63,200.0
2019-04-02 12:19:00,1.62,1.62,1.62,1.62,100.0
2019-04-02 12:20:00,1.6399,1.6399,1.6399,1.6399,213.0
2019-04-02 12:21:00,1.62,1.62,1.62,1.62,245.0
2019-04-02 12:51:00,1.59,1.59,1.59,1.59,301.0
2019-04-02 13:17:00,1.63,1.63,1.63,1.63,101.0
2019-04-02 13:24:00,1.6299,1.63,1.6299,1.63,900.0
2019-04-02 13:32:00,1.63,1.63,1.63,1.63,107.0
2019-04-02 13:48:00,1.63,1.63,1.63,1.63,200.0
2019-04-02 13:54:00,1.63,1.63,1.63,1.63,400.0
2019-04-02 13:55:00,1.64,1.64,1.64,1.64,105.0
2019-04-02 13:59:00,1.63,1.63,1.63,1.63,221.0
2019-04-02 14:02:00,1.6262,1.63,1.6262,1.63,701.0
2019-04-02 14:11:00,1.6459,1.6459,1.6459,1.6459,605.0
2019-04-02 14:26:00,1.62,1.62,1.62,1.62,300.0
2019-04-02 14:28:00,1.62,1.62,1.62,1.62,227.0
2019-04-02 14:37:00,1.6173,1.6173,1.6173,1.6173,618.0
2019-04-02 14:41:00,1.62,1.62,1.5955,1.5955,1073.0
2019-04-02 15:11:00,1.6,1.6,1.6,1.6,181.0
2019-04-02 15:13:00,1.6,1.6,1.6,1.6,757.0
2019-04-02 15:28:00,1.6,1.6,1.6,1.6,100.0
2019-04-02 15:30:00,1.6,1.6,1.6,1.6,103.0
2019-04-02 15:32:00,1.6099,1.6099,1.6099,1.6099,100.0
2019-04-02 15:52:00,1.61,1.61,1.61,1.61,300.0
2019-04-02 15:53:00,1.605,1.605,1.605,1.605,100.0
2019-04-02 15:54:00,1.6,1.6,1.6,1.6,300.0
2019-04-02 15:55:00,1.6,1.6,1.6,1.6,1366.0
2019-04-02 15:56:00,1.61,1.61,1.61,1.61,866.0
2019-04-02 15:57:00,1.61,1.61,1.61,1.61,100.0
2019-04-02 15:58:00,1.61,1.61,1.61,1.61,600.0
2019-04-02 16:00:00,1.6,1.6,1.6,1.6,927.0
2019-04-03 09:31:00,1.58,1.58,1.58,1.58,0.0
2019-04-03 09:32:00,1.65,1.65,1.65,1.65,251.0
2019-04-03 09:39:00,1.6121,1.6121,1.6121,1.6121,3690.0
2019-04-03 10:02:00,1.615,1.62,1.615,1.62,3304.0
2019-04-03 10:04:00,1.65,1.65,1.65,1.65,288.0
2019-04-03 11:14:00,1.611,1.611,1.611,1.611,2177.0
2019-04-03 12:21:00,1.65,1.65,1.65,1.65,225.0
2019-04-03 13:45:00,1.6281,1.6281,1.6281,1.6281,1013.0
2019-04-03 14:00:00,1.6281,1.6281,1.6281,1.6281,645.0
2019-04-03 15:53:00,1.6243,1.6243,1.6243,1.6243,166.0
