
2019-03-11 09:46:00,8.7241,8.7241,8.7199,8.7199,0.0
2019-03-11 09:56:00,8.71,8.71,8.7015,8.7015,2018.0
2019-03-11 10:22:00,8.86,8.86,8.86,8.86,133.0
2019-03-11 10:26:00,8.83,8.83,8.83,8.83,5000.0
2019-03-11 10:39:00,8.8099,8.8099,8.8099,8.8099,1704.0
2019-03-11 10:50:00,8.8,8.8,8.8,8.8,100.0
2019-03-11 11:57:00,8.6867,8.6867,8.6867,8.6867,350.0
2019-03-11 12:20:00,8.67,8.67,8.67,8.67,200.0
2019-03-11 12:21:00,8.68,8.68,8.68,8.68,15650.0
2019-03-11 12:22:00,8.7,8.7,8.7,8.7,400.0
2019-03-11 14:56:00,8.7107,8.7107,8.7107,8.7107,1704.0
2019-03-11 15:22:00,8.7,8.7,8.7,8.7,1652.0
2019-03-11 16:00:00,8.71,8.71,8.71,8.71,100.0
2019-03-12 09:33:00,8.515,8.515,8.515,8.515,0.0
2019-03-12 09:36:00,8.5626,8.5626,8.5626,8.5626,580.0
2019-03-12 09:39:00,8.54,8.54,8.54,8.54,100.0
2019-03-12 09:45:00,8.5755,8.5755,8.5755,8.5755,163.0
2019-03-12 09:56:00,8.51,8.51,8.51,8.51,1600.0
2019-03-12 09:57:00,8.52,8.52,8.52,8.52,2611.0
2019-03-12 10:06:00,8.4892,8.4892,8.4892,8.4892,200.0
2019-03-12 10:17:00,8.41,8.41,8.41,8.41,189.0
2019-03-12 10:23:00,8.41,8.41,8.41,8.41,190.0
2019-03-12 10:24:00,8.4,8.4,8.4,8.4,1600.0
2019-03-12 10:37:00,8.44,8.44,8.44,8.44,254.0
2019-03-12 11:00:00,8.44,8.44,8.44,8.44,200.0
2019-03-12 11:03:00,8.44,8.44,8.44,8.44,205.0
2019-03-12 13:02:00,8.6523,8.6523,8.6523,8.6523,3000.0
2019-03-12 13:13:00,8.67,8.67,8.67,8.67,600.0
2019-03-12 13:27:00,8.66,8.66,8.66,8.66,1153.0
2019-03-12 13:52:00,8.62,8.62,8.62,8.62,200.0
2019-03-12 13:59:00,8.67,8.67,8.67,8.67,200.0
2019-03-12 15:17:00,8.65,8.65,8.65,8.65,3085.0
2019-03-12 15:19:00,8.65,8.65,8.65,8.65,533.0
2019-03-12 16:00:00,8.67,8.67,8.67,8.67,0.0
2019-03-13 10:03:00,8.22,8.22,8.22,8.22,5844.0
2019-03-13 10:04:00,8.2298,8.2298,8.2298,8.2298,3059.0
2019-03-13 10:28:00,8.2597,8.2597,8.2597,8.2597,1200.0
2019-03-13 10:31:00,8.26,8.26,8.1671,8.1671,2324.0
2019-03-13 10:34:00,8.15,8.15,8.15,8.15,364.0
2019-03-13 10:52:00,8.17,8.17,8.17,8.17,1072.0
2019-03-13 10:59:00,8.19,8.19,8.19,8.19,200.0
2019-03-13 11:04:00,8.21,8.21,8.21,8.21,1700.0
2019-03-13 11:06:00,8.24,8.24,8.24,8.24,100.0
2019-03-13 11:56:00,8.21,8.21,8.21,8.21,1300.0
2019-03-13 11:57:00,8.21,8.21,8.21,8.21,200.0
2019-03-13 12:20:00,8.28,8.28,8.28,8.28,600.0
2019-03-13 13:01:00,8.21,8.21,8.21,8.21,6316.0
2019-03-13 13:34:00,8.15,8.15,8.15,8.15,196.0
2019-03-13 14:11:00,8.09,8.09,8.09,8.09,15200.0
2019-03-13 14:13:00,8.12,8.12,8.12,8.12,3000.0
2019-03-13 14:18:00,8.1,8.1,8.1,8.1,2100.0
2019-03-13 14:20:00,8.09,8.09,8.09,8.09,300.0
2019-03-13 14:22:00,8.07,8.07,8.07,8.07,1478.0
2019-03-13 14:23:00,8.06,8.06,8.06,8.06,3300.0
2019-03-13 14:24:00,8.06,8.06,8.06,8.06,100.0
2019-03-13 14:27:00,8.05,8.05,8.05,8.05,1200.0
2019-03-13 14:28:00,8.05,8.05,8.05,8.05,5232.0
2019-03-13 14:32:00,8.03,8.03,8.03,8.03,200.0
2019-03-13 14:35:00,8.0,8.0,8.0,8.0,237.0
2019-03-13 14:39:00,8.01,8.01,8.01,8.01,150.0
2019-03-13 14:47:00,8.0,8.0,8.0,8.0,6400.0
2019-03-13 14:57:00,8.029,8.029,8.029,8.029,2000.0
2019-03-13 15:01:00,8.01,8.01,8.01,8.01,400.0
2019-03-13 15:06:00,8.0,8.0,8.0,8.0,706.0
2019-03-13 15:08:00,7.99,7.99,7.99,7.99,1134.0
2019-03-13 15:10:00,7.98,7.98,7.98,7.98,1001.0
2019-03-13 15:19:00,7.98,7.98,7.98,7.98,460.0
2019-03-13 15:24:00,7.9884,7.9884,7.9884,7.9884,1000.0
2019-03-13 15:45:00,8.0,8.0,8.0,8.0,206.0
2019-03-13 16:00:00,8.01,8.01,8.01,8.01,0.0
2019-03-14 09:32:00,7.97,7.97,7.97,7.97,600.0
2019-03-14 09:38:00,7.92,7.92,7.92,7.92,242.0
2019-03-14 09:51:00,7.93,7.93,7.93,7.93,231.0
2019-03-14 10:03:00,7.89,7.89,7.89,7.89,200.0
2019-03-14 10:09:00,7.91,7.91,7.91,7.91,200.0
2019-03-14 10:14:00,7.9136,7.9136,7.9136,7.9136,4478.0
2019-03-14 11:33:00,8.1,8.1,8.1,8.1,4700.0
2019-03-14 11:34:00,8.07,8.07,8.07,8.07,11638.0
2019-03-14 11:35:00,8.07,8.07,8.07,8.07,1967.0
2019-03-14 12:13:00,7.93,7.93,7.93,7.93,1000.0
2019-03-14 12:18:00,7.94,7.94,7.94,7.94,200.0
2019-03-14 12:21:00,7.94,7.94,7.94,7.94,200.0
2019-03-14 12:25:00,7.99,7.99,7.99,7.99,100.0
2019-03-14 12:27:00,7.9635,7.9635,7.9635,7.9635,700.0
2019-03-14 13:23:00,7.9427,7.9427,7.9427,7.9427,360.0
2019-03-14 13:49:00,7.931,7.931,7.931,7.931,100.0
2019-03-14 14:37:00,7.925,7.925,7.9238,7.9238,432.0
2019-03-14 15:27:00,7.9534,7.9534,7.9534,7.9534,1086.0
2019-03-14 15:49:00,7.9484,7.9542,7.9484,7.9542,500.0
2019-03-15 09:36:00,8.1837,8.1837,8.1837,8.1837,0.0
2019-03-15 09:40:00,8.1501,8.1501,8.1501,8.1501,500.0
2019-03-15 09:49:00,8.1275,8.1275,8.1275,8.1275,1000.0
2019-03-15 09:50:00,8.11,8.1101,8.11,8.1101,2400.0
2019-03-15 09:53:00,8.1101,8.1101,8.1101,8.1101,1042.0
2019-03-15 10:42:00,8.0968,8.0968,8.0968,8.0968,199.0
2019-03-15 11:05:00,8.0,8.0,8.0,8.0,200.0
2019-03-15 11:11:00,8.01,8.01,8.01,8.01,363.0
2019-03-15 11:33:00,8.0501,8.0501,8.0501,8.0501,279.0
2019-03-15 12:01:00,7.99,7.99,7.99,7.99,600.0
2019-03-15 12:16:00,7.9799,7.9799,7.9799,7.9799,1603.0
2019-03-15 13:20:00,7.98,7.98,7.98,7.98,200.0
2019-03-15 13:27:00,7.96,7.96,7.96,7.96,500.0
2019-03-15 13:30:00,7.97,7.97,7.9675,7.9675,3456.0
2019-03-15 13:56:00,7.9622,7.9622,7.9622,7.9622,5000.0
2019-03-15 13:58:00,7.95,7.95,7.95,7.95,100.0
2019-03-15 14:01:00,7.94,7.94,7.94,7.94,200.0
2019-03-15 14:32:00,7.97,7.97,7.97,7.97,1219.0
2019-03-15 15:15:00,7.9899,7.9899,7.9899,7.9899,500.0
2019-03-15 15:47:00,7.99,7.99,7.9763,7.9763,432.0
2019-03-18 09:46:00,7.9199,7.9199,7.9199,7.9199,0.0
2019-03-18 09:56:00,7.9344,7.9344,7.9344,7.9344,800.0
2019-03-18 09:59:00,7.8721,7.8721,7.8721,7.8721,4700.0
2019-03-18 10:02:00,7.82,7.82,7.79,7.79,15269.0
2019-03-18 10:11:00,7.83,7.83,7.83,7.83,100.0
2019-03-18 10:13:00,7.78,7.78,7.78,7.78,300.0
2019-03-18 10:19:00,7.75,7.75,7.75,7.75,320.0
2019-03-18 10:26:00,7.703,7.703,7.703,7.703,901.0
2019-03-18 10:35:00,7.74,7.74,7.74,7.74,128.0
2019-03-18 10:38:00,7.74,7.74,7.7399,7.7399,240.0
2019-03-18 11:36:00,7.7799,7.7799,7.7799,7.7799,203.0
2019-03-18 11:43:00,7.76,7.76,7.76,7.76,500.0
2019-03-18 12:13:00,7.75,7.75,7.75,7.75,1000.0
2019-03-18 12:15:00,7.7699,7.7699,7.7699,7.7699,1400.0
2019-03-18 12:30:00,7.77,7.77,7.77,7.77,200.0
2019-03-18 13:06:00,7.74,7.74,7.74,7.74,3200.0
2019-03-18 13:38:00,7.71,7.71,7.71,7.71,102.0
2019-03-18 13:49:00,7.7139,7.7139,7.7139,7.7139,900.0
2019-03-18 13:52:00,7.7051,7.7051,7.7051,7.7051,500.0
2019-03-18 14:00:00,7.71,7.71,7.71,7.71,215.0
2019-03-18 14:18:00,7.7301,7.7301,7.7301,7.7301,500.0
2019-03-18 14:27:00,7.7,7.7,7.7,7.7,130.0
2019-03-18 14:54:00,7.76,7.76,7.76,7.76,250.0
2019-03-18 14:55:00,7.78,7.78,7.78,7.78,100.0
2019-03-18 16:00:00,7.7899,7.7899,7.7899,7.7899,803.0
2019-03-19 09:35:00,7.6,7.6001,7.5901,7.6001,0.0
2019-03-19 10:01:00,7.67,7.67,7.67,7.67,200.0
2019-03-19 10:17:00,7.71,7.71,7.71,7.71,200.0
2019-03-19 10:23:00,7.7099,7.7099,7.7099,7.7099,200.0
2019-03-19 10:25:00,7.7,7.7,7.7,7.7,111.0
2019-03-19 10:38:00,7.74,7.74,7.7366,7.7366,2040.0
2019-03-19 11:21:00,7.78,7.78,7.78,7.78,2291.0
2019-03-19 11:31:00,7.8,7.8,7.8,7.8,363.0
2019-03-19 11:43:00,7.75,7.75,7.75,7.75,250.0
2019-03-19 11:54:00,7.72,7.72,7.72,7.72,100.0
2019-03-19 12:47:00,7.82,7.82,7.82,7.82,100.0
2019-03-19 14:41:00,7.769,7.769,7.769,7.769,1287.0
2019-03-19 15:09:00,7.77,7.77,7.7637,7.7637,2002.0
2019-03-19 15:14:00,7.76,7.8347,7.76,7.8347,200.0
2019-03-20 10:31:00,7.72,7.72,7.72,7.72,0.0
2019-03-20 10:35:00,7.5901,7.5901,7.5901,7.5901,400.0
2019-03-20 10:46:00,7.6373,7.6373,7.6373,7.6373,1317.0
2019-03-20 11:54:00,7.4369,7.4369,7.4369,7.4369,1000.0
2019-03-20 11:57:00,7.4202,7.4202,7.4202,7.4202,1000.0
2019-03-20 11:59:00,7.41,7.41,7.41,7.41,1600.0
2019-03-20 12:02:00,7.41,7.41,7.41,7.41,500.0
2019-03-20 12:04:00,7.44,7.44,7.44,7.44,321.0
2019-03-20 12:12:00,7.46,7.46,7.46,7.46,100.0
2019-03-20 12:16:00,7.46,7.46,7.46,7.46,200.0
2019-03-20 12:29:00,7.46,7.46,7.46,7.46,140.0
2019-03-20 14:17:00,7.46,7.46,7.46,7.46,1353.0
2019-03-20 14:24:00,7.44,7.44,7.44,7.44,100.0
2019-03-20 14:25:00,7.43,7.43,7.43,7.43,1091.0
2019-03-20 15:34:00,7.4373,7.44,7.4373,7.44,4312.0
2019-03-20 15:35:00,7.43,7.43,7.43,7.43,100.0
2019-03-20 15:41:00,7.43,7.43,7.42,7.42,3030.0
2019-03-20 15:48:00,7.43,7.43,7.42,7.42,200.0
2019-03-20 15:52:00,7.44,7.44,7.44,7.44,100.0
2019-03-20 16:00:00,7.47,7.48,7.47,7.48,200.0
2019-03-21 09:35:00,7.4202,7.4202,7.4202,7.4202,772.0
2019-03-21 09:44:00,7.4185,7.4185,7.4185,7.4185,500.0
2019-03-21 09:46:00,7.43,7.43,7.43,7.43,1060.0
2019-03-21 09:54:00,7.44,7.44,7.44,7.44,1700.0
2019-03-21 09:58:00,7.45,7.45,7.45,7.45,412.0
2019-03-21 10:14:00,7.4222,7.4222,7.4222,7.4222,190.0
2019-03-21 10:41:00,7.4,7.4,7.4,7.4,201.0
2019-03-21 10:46:00,7.396,7.396,7.396,7.396,356.0
2019-03-21 10:52:00,7.36,7.36,7.36,7.36,1000.0
2019-03-21 10:54:00,7.36,7.36,7.36,7.36,1000.0
2019-03-21 11:08:00,7.37,7.37,7.37,7.37,448.0
2019-03-21 11:25:00,7.37,7.37,7.37,7.37,1755.0
2019-03-21 11:36:00,7.41,7.41,7.41,7.41,401.0
2019-03-21 11:40:00,7.43,7.43,7.43,7.43,300.0
2019-03-21 12:17:00,7.44,7.44,7.44,7.44,200.0
2019-03-21 12:27:00,7.5227,7.5227,7.5227,7.5227,1056.0
2019-03-21 12:54:00,7.57,7.57,7.57,7.57,3485.0
2019-03-21 13:07:00,7.52,7.52,7.52,7.52,200.0
2019-03-21 15:05:00,7.52,7.521,7.52,7.521,800.0
2019-03-21 15:13:00,7.53,7.5416,7.53,7.5416,200.0
2019-03-22 09:31:00,7.77,7.77,7.76,7.76,1598.0
2019-03-22 09:37:00,7.795,7.795,7.795,7.795,113.0
2019-03-22 09:41:00,7.79,7.79,7.79,7.79,100.0
2019-03-22 09:43:00,7.79,7.79,7.79,7.79,100.0
2019-03-22 09:44:00,7.79,7.79,7.79,7.79,600.0
2019-03-22 09:47:00,7.81,7.84,7.81,7.84,2200.0
2019-03-22 09:48:00,7.86,7.86,7.86,7.86,1500.0
2019-03-22 09:50:00,7.88,7.88,7.88,7.88,100.0
2019-03-22 09:59:00,7.9284,7.9284,7.9284,7.9284,300.0
2019-03-22 10:02:00,7.94,7.94,7.94,7.94,201.0
2019-03-22 10:12:00,7.94,7.94,7.94,7.94,128.0
2019-03-22 10:20:00,7.9,7.9,7.9,7.9,350.0
2019-03-22 11:05:00,7.98,7.98,7.98,7.98,525.0
2019-03-22 11:50:00,8.0,8.0,8.0,8.0,3000.0
2019-03-22 11:51:00,8.02,8.02,8.02,8.02,6100.0
2019-03-22 11:52:00,8.04,8.06,8.04,8.06,400.0
2019-03-22 11:57:00,8.07,8.07,8.0697,8.0697,1109.0
2019-03-22 12:03:00,8.05,8.06,8.05,8.06,1914.0
2019-03-22 13:21:00,7.9907,7.9907,7.9907,7.9907,3065.0
2019-03-22 14:50:00,7.8515,7.8515,7.8515,7.8515,100.0
2019-03-22 16:00:00,7.89,7.9,7.89,7.9,450.0
2019-03-25 09:35:00,7.94,7.94,7.94,7.94,130.0
2019-03-25 10:12:00,8.12,8.12,8.12,8.12,100.0
2019-03-25 10:54:00,8.05,8.05,8.05,8.05,488.0
2019-03-25 11:01:00,8.0513,8.0513,8.0513,8.0513,550.0
2019-03-25 11:29:00,7.85,7.8501,7.85,7.8501,1000.0
2019-03-25 11:40:00,7.83,7.83,7.83,7.83,694.0
2019-03-25 11:46:00,7.87,7.87,7.87,7.87,100.0
2019-03-25 11:50:00,7.85,7.85,7.85,7.85,2594.0
2019-03-25 12:00:00,7.81,7.83,7.81,7.83,3400.0
2019-03-25 12:09:00,7.85,7.85,7.85,7.85,2000.0
2019-03-25 12:15:00,7.88,7.88,7.88,7.88,5020.0
2019-03-25 12:41:00,7.87,7.87,7.87,7.87,900.0
2019-03-25 12:42:00,7.87,7.87,7.87,7.87,549.0
2019-03-25 12:57:00,7.82,7.83,7.82,7.83,5083.0
2019-03-25 12:59:00,7.8,7.8,7.8,7.8,619.0
2019-03-25 13:08:00,7.83,7.83,7.83,7.83,702.0
2019-03-25 13:47:00,7.775,7.78,7.775,7.78,11068.0
2019-03-25 14:44:00,7.86,7.86,7.86,7.86,5000.0
2019-03-25 15:04:00,7.87,7.87,7.87,7.87,1500.0
2019-03-25 15:05:00,7.88,7.88,7.88,7.88,1017.0
2019-03-25 15:40:00,7.86,7.86,7.86,7.86,400.0
2019-03-25 16:00:00,7.86,7.86,7.86,7.86,0.0
2019-03-26 09:32:00,7.38,7.38,7.38,7.38,10525.0
2019-03-26 09:39:00,7.3786,7.3786,7.37,7.37,350.0
2019-03-26 09:44:00,7.3502,7.3502,7.3502,7.3502,555.0
2019-03-26 09:45:00,7.3599,7.3599,7.3599,7.3599,2592.0
2019-03-26 10:01:00,7.32,7.34,7.32,7.34,300.0
2019-03-26 10:05:00,7.3268,7.3268,7.3268,7.3268,360.0
2019-03-26 10:07:00,7.35,7.35,7.35,7.35,160.0
2019-03-26 10:30:00,7.42,7.42,7.42,7.42,200.0
2019-03-26 10:35:00,7.4769,7.4769,7.4769,7.4769,800.0
2019-03-26 10:57:00,7.41,7.41,7.41,7.41,300.0
2019-03-26 11:16:00,7.48,7.48,7.48,7.48,500.0
2019-03-26 11:27:00,7.47,7.47,7.47,7.47,1113.0
2019-03-26 11:29:00,7.48,7.48,7.48,7.48,200.0
2019-03-26 11:38:00,7.4281,7.4281,7.4281,7.4281,100.0
2019-03-26 11:42:00,7.39,7.39,7.39,7.39,312.0
2019-03-26 12:06:00,7.45,7.45,7.45,7.45,502.0
2019-03-26 12:37:00,7.4911,7.494,7.4911,7.494,2300.0
2019-03-26 12:56:00,7.488,7.488,7.488,7.488,1100.0
2019-03-26 14:01:00,7.5299,7.5299,7.5299,7.5299,550.0
2019-03-26 14:29:00,7.48,7.48,7.48,7.48,633.0
2019-03-26 14:37:00,7.5,7.5,7.5,7.5,400.0
2019-03-26 14:47:00,7.47,7.4799,7.47,7.4799,800.0
2019-03-26 14:58:00,7.49,7.49,7.49,7.49,5003.0
2019-03-26 15:15:00,7.47,7.47,7.47,7.47,193.0
2019-03-26 15:29:00,7.46,7.46,7.46,7.46,200.0
2019-03-26 16:00:00,7.44,7.44,7.44,7.44,100.0
2019-03-27 09:45:00,7.3969,7.3969,7.3969,7.3969,0.0
2019-03-27 09:52:00,7.42,7.42,7.42,7.42,700.0
2019-03-27 10:08:00,7.49,7.49,7.49,7.49,5000.0
2019-03-27 10:36:00,7.515,7.5174,7.515,7.5174,2000.0
2019-03-27 10:44:00,7.57,7.57,7.57,7.57,250.0
2019-03-27 10:50:00,7.56,7.56,7.56,7.56,718.0
2019-03-27 10:59:00,7.5004,7.5004,7.5004,7.5004,360.0
2019-03-27 11:21:00,7.6,7.6,7.6,7.6,250.0
2019-03-27 11:52:00,7.79,7.79,7.79,7.79,100.0
2019-03-27 11:53:00,7.85,7.85,7.85,7.85,2000.0
2019-03-27 11:55:00,7.88,7.88,7.88,7.88,2500.0
2019-03-27 11:57:00,7.8183,7.8183,7.8183,7.8183,300.0
2019-03-27 12:09:00,7.76,7.76,7.76,7.76,1000.0
2019-03-27 12:10:00,7.75,7.75,7.75,7.75,3050.0
2019-03-27 12:16:00,7.7275,7.7275,7.7275,7.7275,100.0
2019-03-27 12:17:00,7.71,7.71,7.71,7.71,2866.0
2019-03-27 12:24:00,7.68,7.68,7.68,7.68,200.0
2019-03-27 12:25:00,7.67,7.6702,7.67,7.6702,2005.0
2019-03-27 13:15:00,7.6919,7.6919,7.6919,7.6919,200.0
2019-03-27 13:22:00,7.676,7.676,7.676,7.676,413.0
2019-03-27 14:13:00,7.65,7.65,7.65,7.65,800.0
2019-03-27 14:16:00,7.66,7.66,7.66,7.66,200.0
2019-03-27 14:19:00,7.69,7.69,7.69,7.69,400.0
2019-03-27 14:36:00,7.7,7.7,7.7,7.7,1465.0
2019-03-27 14:39:00,7.7,7.7,7.7,7.7,200.0
2019-03-27 14:50:00,7.7,7.7,7.7,7.7,100.0
2019-03-27 14:53:00,7.7022,7.7022,7.7022,7.7022,3900.0
2019-03-27 15:06:00,7.69,7.69,7.69,7.69,200.0
2019-03-27 16:00:00,7.67,7.69,7.67,7.67,0.0
2019-03-28 09:44:00,7.87,7.87,7.87,7.87,233.0
2019-03-28 09:46:00,7.87,7.87,7.87,7.87,899.0
2019-03-28 10:11:00,7.86,7.86,7.86,7.86,15357.0
2019-03-28 10:24:00,7.84,7.84,7.84,7.84,5000.0
2019-03-28 10:27:00,7.7632,7.7632,7.7632,7.7632,3275.0
2019-03-28 10:55:00,7.81,7.8101,7.81,7.8101,1000.0
2019-03-28 10:56:00,7.84,7.84,7.84,7.84,2328.0
2019-03-28 11:36:00,7.8399,7.8399,7.8399,7.8399,1500.0
2019-03-28 11:40:00,7.83,7.83,7.81,7.81,5200.0
2019-03-28 11:44:00,7.7928,7.7928,7.7928,7.7928,5000.0
2019-03-28 11:45:00,7.7901,7.81,7.7901,7.8,20275.0
2019-03-28 11:48:00,7.79,7.79,7.79,7.79,200.0
2019-03-28 12:00:00,7.85,7.85,7.85,7.85,1000.0
2019-03-28 12:01:00,7.83,7.83,7.83,7.83,200.0
2019-03-28 12:08:00,7.8344,7.8344,7.8344,7.8344,3275.0
2019-03-28 12:10:00,7.87,7.87,7.87,7.87,300.0
2019-03-28 12:11:00,7.89,7.89,7.89,7.89,3400.0
2019-03-28 12:14:00,7.87,7.87,7.87,7.87,200.0
2019-03-28 12:21:00,7.9,7.9,7.9,7.9,1200.0
2019-03-28 12:22:00,7.91,7.91,7.91,7.91,300.0
2019-03-28 12:26:00,7.89,7.91,7.89,7.91,1976.0
2019-03-28 12:28:00,7.87,7.87,7.87,7.87,100.0
2019-03-28 12:34:00,7.89,7.89,7.89,7.89,3600.0
2019-03-28 12:43:00,7.8399,7.8399,7.8399,7.8399,1500.0
2019-03-28 12:54:00,7.81,7.81,7.81,7.81,200.0
2019-03-28 13:21:00,7.75,7.75,7.75,7.75,1000.0
2019-03-28 13:48:00,7.74,7.74,7.74,7.74,100.0
2019-03-28 14:09:00,7.75,7.75,7.7425,7.7425,6622.0
2019-03-28 14:21:00,7.74,7.74,7.74,7.74,200.0
2019-03-28 14:47:00,7.73,7.73,7.73,7.73,200.0
2019-03-28 14:59:00,7.72,7.73,7.72,7.72,3580.0
2019-03-28 15:35:00,7.68,7.72,7.6778,7.68,0.0
2019-03-29 09:31:00,7.28,7.28,7.28,7.28,2732.0
2019-03-29 09:35:00,7.35,7.35,7.35,7.35,1202.0
2019-03-29 09:43:00,7.37,7.37,7.37,7.37,1200.0
2019-03-29 09:48:00,7.3978,7.3978,7.3978,7.3978,360.0
2019-03-29 09:49:00,7.36,7.36,7.36,7.36,1253.0
2019-03-29 09:57:00,7.38,7.38,7.38,7.38,504.0
2019-03-29 10:03:00,7.3567,7.3567,7.3567,7.3567,240.0
2019-03-29 10:09:00,7.34,7.34,7.34,7.34,223.0
2019-03-29 10:11:00,7.34,7.34,7.34,7.34,200.0
2019-03-29 10:12:00,7.43,7.43,7.43,7.43,1700.0
2019-03-29 10:19:00,7.4,7.4,7.4,7.4,100.0
2019-03-29 10:34:00,7.45,7.45,7.45,7.45,100.0
2019-03-29 11:11:00,7.461,7.461,7.461,7.461,2550.0
2019-03-29 11:32:00,7.4,7.4,7.4,7.4,113.0
2019-03-29 11:54:00,7.37,7.37,7.37,7.37,100.0
2019-03-29 12:05:00,7.4211,7.4211,7.4211,7.4211,900.0
2019-03-29 12:10:00,7.42,7.42,7.42,7.42,100.0
2019-03-29 12:19:00,7.48,7.48,7.48,7.48,1700.0
2019-03-29 12:22:00,7.46,7.46,7.46,7.46,214.0
2019-03-29 13:06:00,7.4169,7.4169,7.4169,7.4169,364.0
2019-03-29 13:10:00,7.41,7.41,7.41,7.41,170.0
2019-03-29 14:23:00,7.35,7.35,7.35,7.35,1000.0
2019-03-29 14:27:00,7.34,7.34,7.34,7.34,100.0
2019-03-29 14:29:00,7.39,7.39,7.39,7.39,1835.0
2019-03-29 15:54:00,7.379,7.379,7.379,7.379,300.0
2019-03-29 15:55:00,7.3888,7.46,7.3729,7.3729,0.0
2019-04-01 09:34:00,7.2136,7.2136,7.2136,7.2136,12138.0
2019-04-01 09:36:00,7.2198,7.2198,7.2198,7.2198,3352.0
2019-04-01 10:02:00,7.05,7.05,7.05,7.05,400.0
2019-04-01 10:04:00,7.0327,7.0327,7.0327,7.0327,400.0
2019-04-01 10:06:00,7.0568,7.0568,7.0568,7.0568,4804.0
2019-04-01 10:16:00,7.1085,7.1085,7.1085,7.1085,101.0
2019-04-01 10:24:00,7.1424,7.1424,7.1424,7.1424,111.0
2019-04-01 10:47:00,7.12,7.12,7.12,7.12,2400.0
2019-04-01 10:49:00,7.12,7.12,7.12,7.12,262.0
2019-04-01 10:58:00,7.07,7.07,7.07,7.07,140.0
2019-04-01 11:08:00,7.05,7.05,7.05,7.05,20000.0
2019-04-01 11:09:00,7.0647,7.0647,7.0647,7.0647,250.0
2019-04-01 11:11:00,7.07,7.07,7.07,7.07,5000.0
2019-04-01 11:13:00,7.07,7.07,7.07,7.07,200.0
2019-04-01 11:21:00,7.0554,7.0554,7.0554,7.0554,2832.0
2019-04-01 11:27:00,7.02,7.02,7.02,7.02,800.0
2019-04-01 11:32:00,7.0,7.0,7.0,7.0,400.0
2019-04-01 11:40:00,7.0347,7.0347,7.0347,7.0347,3000.0
2019-04-01 12:18:00,7.0399,7.0399,7.0399,7.0399,125.0
2019-04-01 12:50:00,6.97,6.97,6.97,6.97,800.0
2019-04-01 12:54:00,6.96,6.96,6.96,6.96,253.0
2019-04-01 13:01:00,6.93,6.93,6.93,6.93,200.0
2019-04-01 13:05:00,6.89,6.89,6.89,6.89,892.0
2019-04-01 13:30:00,6.8572,6.8572,6.8572,6.8572,365.0
2019-04-01 14:04:00,6.887,6.887,6.887,6.887,2000.0
2019-04-01 14:33:00,6.8437,6.8437,6.8437,6.8437,100.0
2019-04-01 14:46:00,6.8601,6.8601,6.8601,6.8601,550.0
2019-04-01 14:48:00,6.865,6.865,6.865,6.865,200.0
2019-04-01 14:52:00,6.8859,6.8859,6.8859,6.8859,500.0
2019-04-01 15:29:00,6.859,6.859,6.859,6.859,650.0
2019-04-01 15:31:00,6.855,6.855,6.855,6.855,200.0
2019-04-01 15:35:00,6.8673,6.8673,6.8673,6.8673,5000.0
2019-04-01 15:42:00,6.85,6.85,6.85,6.85,260.0
2019-04-01 15:57:00,6.8407,6.8409,6.8407,6.8409,0.0
2019-04-02 09:31:00,6.68,6.68,6.68,6.68,2156.0
2019-04-02 09:42:00,6.7201,6.7201,6.7201,6.7201,3311.0
2019-04-02 09:45:00,6.72,6.72,6.72,6.72,0.0
2019-04-02 09:48:00,6.6862,6.6862,6.6862,6.6862,1639.0
2019-04-02 10:11:00,6.66,6.66,6.66,6.66,103.0
2019-04-02 10:26:00,6.62,6.62,6.62,6.62,1040.0
2019-04-02 10:50:00,6.63,6.63,6.6299,6.6299,8407.0
2019-04-02 10:53:00,6.68,6.68,6.68,6.68,1905.0
2019-04-02 11:04:00,6.7,6.7,6.7,6.7,150.0
2019-04-02 11:06:00,6.72,6.72,6.72,6.72,105.0
2019-04-02 11:43:00,6.6,6.6,6.6,6.6,100.0
2019-04-02 11:44:00,6.59,6.59,6.59,6.59,1800.0
2019-04-02 11:49:00,6.6,6.6,6.6,6.6,1000.0
2019-04-02 12:07:00,6.56,6.56,6.56,6.56,500.0
2019-04-02 12:19:00,6.5904,6.5904,6.5904,6.5904,100.0
2019-04-02 12:41:00,6.6134,6.6134,6.6134,6.6134,210.0
2019-04-02 12:52:00,6.61,6.61,6.61,6.61,200.0
2019-04-02 13:19:00,6.59,6.59,6.59,6.59,200.0
2019-04-02 13:58:00,6.59,6.59,6.59,6.59,500.0
2019-04-02 14:00:00,6.59,6.59,6.59,6.59,1689.0
2019-04-02 14:31:00,6.54,6.54,6.535,6.535,1600.0
2019-04-02 14:44:00,6.5,6.5,6.5,6.5,2754.0
2019-04-02 14:47:00,6.5,6.5,6.5,6.5,1653.0
2019-04-02 15:09:00,6.48,6.48,6.48,6.48,104.0
2019-04-02 15:15:00,6.485,6.485,6.485,6.485,300.0
2019-04-02 15:18:00,6.4899,6.4899,6.4899,6.4899,212.0
2019-04-02 15:25:00,6.48,6.48,6.48,6.48,2910.0
2019-04-02 15:31:00,6.49,6.49,6.49,6.49,502.0
2019-04-02 15:34:00,6.5,6.5,6.5,6.5,100.0
2019-04-02 15:43:00,6.51,6.51,6.507,6.507,818.0
2019-04-02 15:49:00,6.5,6.5,6.5,6.5,150.0
2019-04-02 15:52:00,6.5,6.5,6.5,6.5,100.0
2019-04-02 15:53:00,6.4934,6.4934,6.4934,6.4934,6213.0
2019-04-02 15:58:00,6.505,6.51,6.505,6.51,3220.0
2019-04-02 16:00:00,6.52,6.52,6.52,6.52,0.0
2019-04-03 09:31:00,6.55,6.55,6.55,6.55,1900.0
2019-04-03 09:33:00,6.5,6.5,6.5,6.5,1658.0
2019-04-03 09:37:00,6.483,6.483,6.483,6.483,1325.0
2019-04-03 09:44:00,6.4755,6.4755,6.4755,6.4755,1000.0
2019-04-03 09:47:00,6.4699,6.4699,6.4699,6.4699,2065.0
2019-04-03 09:56:00,6.47,6.47,6.47,6.47,400.0
2019-04-03 10:07:00,6.54,6.54,6.54,6.54,120.0
2019-04-03 10:28:00,6.54,6.54,6.54,6.54,100.0
2019-04-03 10:36:00,6.5601,6.5601,6.5601,6.5601,3007.0
2019-04-03 10:37:00,6.58,6.58,6.58,6.58,100.0
2019-04-03 10:39:00,6.54,6.54,6.54,6.54,100.0
2019-04-03 10:42:00,6.5151,6.5151,6.5151,6.5151,3800.0
2019-04-03 10:43:00,6.52,6.52,6.52,6.52,200.0
2019-04-03 10:44:00,6.54,6.54,6.54,6.54,110.0
2019-04-03 11:01:00,6.52,6.52,6.52,6.52,100.0
2019-04-03 11:06:00,6.5,6.5,6.5,6.5,100.0
2019-04-03 11:24:00,6.64,6.64,6.64,6.64,3500.0
2019-04-03 11:26:00,6.66,6.66,6.66,6.66,757.0
2019-04-03 12:17:00,6.5717,6.5717,6.5717,6.5717,200.0
2019-04-03 12:27:00,6.51,6.51,6.51,6.51,200.0
2019-04-03 13:24:00,6.613,6.613,6.613,6.613,828.0
2019-04-03 13:50:00,6.6317,6.6317,6.6317,6.6317,301.0
2019-04-03 14:09:00,6.6,6.6,6.6,6.6,6259.0
2019-04-03 14:11:00,6.6,6.6,6.6,6.6,100.0
2019-04-03 14:25:00,6.6,6.6,6.6,6.6,600.0
2019-04-03 15:06:00,6.58,6.58,6.58,6.58,3000.0
2019-04-03 15:08:00,6.58,6.58,6.58,6.58,206.0
2019-04-03 15:34:00,6.589,6.589,6.5875,6.5875,2400.0
2019-04-03 15:50:00,6.5617,6.5617,6.5596,6.5596,405.0
