
2019-03-20 09:31:00,1.25,1.25,1.25,1.25,0.0
2019-03-20 09:35:00,1.23,1.23,1.23,1.23,5000.0
2019-03-20 09:37:00,1.22,1.22,1.22,1.22,316.0
2019-03-20 09:38:00,1.22,1.22,1.22,1.22,3583.0
2019-03-20 09:39:00,1.2198,1.2198,1.2198,1.2198,4399.0
2019-03-20 09:40:00,1.21,1.21,1.21,1.21,3105.0
2019-03-20 09:42:00,1.21,1.21,1.21,1.21,2395.0
2019-03-20 09:43:00,1.21,1.21,1.21,1.21,2895.0
2019-03-20 09:44:00,1.2,1.2,1.2,1.2,1500.0
2019-03-20 09:46:00,1.2,1.2,1.2,1.2,9432.0
2019-03-20 09:48:00,1.2099,1.2099,1.2099,1.2099,3030.0
2019-03-20 09:49:00,1.2,1.2,1.2,1.2,19239.0
2019-03-20 09:50:00,1.2,1.2,1.2,1.2,24148.0
2019-03-20 09:51:00,1.1939,1.1939,1.1939,1.1939,4641.0
2019-03-20 10:03:00,1.16,1.16,1.111,1.12,15335.0
2019-03-20 10:04:00,1.1545,1.1545,1.1545,1.1545,16335.0
2019-03-20 10:05:00,1.1101,1.1101,1.1101,1.1101,2060.0
2019-03-20 10:08:00,1.1142,1.1142,1.1142,1.1142,1000.0
2019-03-20 10:13:00,1.07,1.07,1.07,1.07,21226.0
2019-03-20 10:17:00,1.08,1.08,1.05,1.05,1000.0
2019-03-20 10:18:00,1.0701,1.0701,1.0701,1.0701,1175.0
2019-03-20 10:21:00,1.1146,1.1146,1.1146,1.1146,400.0
2019-03-20 10:22:00,1.09,1.0958,1.085,1.0958,625.0
2019-03-20 10:24:00,1.0914,1.0914,1.0914,1.0914,4025.0
2019-03-20 10:25:00,1.0925,1.0925,1.0925,1.0925,5494.0
2019-03-20 10:27:00,1.0879,1.0879,1.0879,1.0879,8800.0
2019-03-20 10:28:00,1.09,1.1,1.09,1.1,1006.0
2019-03-20 10:29:00,1.1,1.1,1.1,1.1,5206.0
2019-03-20 10:31:00,1.12,1.12,1.12,1.12,2600.0
2019-03-20 10:32:00,1.12,1.12,1.12,1.12,3700.0
2019-03-20 10:33:00,1.1165,1.1165,1.1165,1.1165,6800.0
2019-03-20 10:34:00,1.1344,1.1344,1.1344,1.1344,200.0
2019-03-20 10:35:00,1.14,1.14,1.14,1.14,4300.0
2019-03-20 10:36:00,1.13,1.13,1.13,1.13,11305.0
2019-03-20 10:40:00,1.1273,1.1273,1.1273,1.1273,300.0
2019-03-20 10:41:00,1.14,1.14,1.14,1.14,251.0
2019-03-20 10:50:00,1.135,1.135,1.135,1.135,1070.0
2019-03-20 10:55:00,1.0908,1.0908,1.0908,1.0908,8481.0
2019-03-20 11:01:00,1.1,1.1,1.1,1.1,100.0
2019-03-20 11:02:00,1.091,1.091,1.091,1.091,1300.0
2019-03-20 11:03:00,1.08,1.08,1.08,1.08,579.0
2019-03-20 11:04:00,1.0946,1.0946,1.0946,1.0946,6179.0
2019-03-20 11:06:00,1.095,1.095,1.095,1.095,600.0
2019-03-20 11:08:00,1.11,1.11,1.11,1.11,2500.0
2019-03-20 11:09:00,1.1169,1.1175,1.1169,1.1175,1003.0
2019-03-20 11:10:00,1.12,1.12,1.12,1.12,2003.0
2019-03-20 11:12:00,1.12,1.12,1.12,1.12,1180.0
2019-03-20 11:13:00,1.13,1.13,1.13,1.13,1280.0
2019-03-20 11:28:00,1.12,1.125,1.12,1.125,2742.0
2019-03-20 11:45:00,1.1252,1.1252,1.1252,1.1252,1000.0
2019-03-20 11:46:00,1.13,1.13,1.13,1.13,300.0
2019-03-20 11:53:00,1.1442,1.1442,1.1442,1.1442,5000.0
2019-03-20 12:06:00,1.13,1.13,1.13,1.13,999.0
2019-03-20 12:23:00,1.1389,1.1389,1.1375,1.1375,400.0
2019-03-20 12:29:00,1.14,1.14,1.14,1.14,100.0
2019-03-20 12:45:00,1.14,1.14,1.14,1.14,112.0
2019-03-20 13:01:00,1.1301,1.1301,1.1301,1.1301,109.0
2019-03-20 13:06:00,1.1385,1.1385,1.1385,1.1385,570.0
2019-03-20 13:17:00,1.1357,1.1357,1.1357,1.1357,1500.0
2019-03-20 13:22:00,1.13,1.13,1.13,1.13,100.0
2019-03-20 13:46:00,1.1357,1.1357,1.1357,1.1357,366.0
2019-03-20 13:59:00,1.13,1.13,1.13,1.13,134.0
2019-03-20 14:21:00,1.13,1.13,1.13,1.13,100.0
2019-03-20 14:30:00,1.14,1.14,1.14,1.14,300.0
2019-03-20 14:31:00,1.14,1.14,1.14,1.14,800.0
2019-03-20 14:40:00,1.14,1.14,1.14,1.14,200.0
2019-03-20 14:44:00,1.14,1.14,1.14,1.14,100.0
2019-03-20 14:54:00,1.1358,1.1358,1.1358,1.1358,800.0
2019-03-20 14:59:00,1.13,1.13,1.13,1.13,3927.0
2019-03-20 15:06:00,1.13,1.13,1.13,1.13,100.0
2019-03-20 15:12:00,1.135,1.14,1.135,1.14,700.0
2019-03-20 15:15:00,1.135,1.14,1.135,1.14,1000.0
2019-03-20 15:18:00,1.1534,1.1534,1.15,1.15,3112.0
2019-03-20 15:24:00,1.15,1.15,1.15,1.15,100.0
2019-03-20 15:39:00,1.15,1.15,1.15,1.15,100.0
2019-03-20 15:42:00,1.145,1.145,1.145,1.145,100.0
2019-03-20 15:46:00,1.1482,1.1482,1.1482,1.1482,360.0
2019-03-20 15:51:00,1.14,1.145,1.14,1.145,377.0
2019-03-20 15:54:00,1.14,1.14,1.14,1.14,2543.0
2019-03-20 15:55:00,1.15,1.15,1.15,1.15,4057.0
2019-03-20 15:56:00,1.14,1.14,1.14,1.14,3147.0
2019-03-20 15:57:00,1.14,1.14,1.14,1.14,3216.0
2019-03-20 16:00:00,1.15,1.15,1.15,1.15,177.0
2019-03-21 09:31:00,1.15,1.15,1.15,1.15,0.0
2019-03-21 09:34:00,1.13,1.13,1.13,1.13,2796.0
2019-03-21 10:27:00,1.12,1.12,1.12,1.12,300.0
2019-03-21 10:28:00,1.11,1.11,1.09,1.0931,1600.0
2019-03-21 10:29:00,1.08,1.08,1.08,1.08,3631.0
2019-03-21 10:32:00,1.0766,1.0766,1.07,1.07,7100.0
2019-03-21 10:33:00,1.05,1.05,1.05,1.05,10579.0
2019-03-21 10:34:00,1.0599,1.0599,1.055,1.055,2000.0
2019-03-21 10:35:00,1.0515,1.0515,1.0515,1.0515,4198.0
2019-03-21 10:38:00,1.0547,1.0547,1.0547,1.0547,1000.0
2019-03-21 10:39:00,1.055,1.055,1.055,1.055,1100.0
2019-03-21 10:40:00,1.0584,1.0584,1.0584,1.0584,4114.0
2019-03-21 10:41:00,1.055,1.055,1.055,1.055,1250.0
2019-03-21 10:42:00,1.065,1.065,1.065,1.065,3909.0
2019-03-21 10:43:00,1.07,1.07,1.07,1.07,811.0
2019-03-21 10:49:00,1.075,1.075,1.075,1.075,300.0
2019-03-21 10:51:00,1.09,1.09,1.09,1.09,3709.0
2019-03-21 11:01:00,1.08,1.08,1.08,1.08,220.0
2019-03-21 11:06:00,1.0894,1.09,1.0894,1.09,14440.0
2019-03-21 11:09:00,1.11,1.11,1.11,1.11,100.0
2019-03-21 11:11:00,1.105,1.11,1.105,1.11,1731.0
2019-03-21 11:14:00,1.125,1.125,1.125,1.125,1931.0
2019-03-21 11:15:00,1.1,1.1,1.1,1.1,10755.0
2019-03-21 11:16:00,1.09,1.09,1.09,1.09,2425.0
2019-03-21 11:17:00,1.09,1.09,1.09,1.09,4425.0
2019-03-21 11:18:00,1.09,1.09,1.09,1.09,330.0
2019-03-21 11:22:00,1.09,1.09,1.09,1.09,121.0
2019-03-21 11:24:00,1.0933,1.0933,1.0933,1.0933,1043.0
2019-03-21 11:25:00,1.0981,1.0981,1.0981,1.0981,3043.0
2019-03-21 11:31:00,1.0985,1.0985,1.0985,1.0985,200.0
2019-03-21 11:32:00,1.06,1.06,1.06,1.06,19420.0
2019-03-21 11:33:00,1.05,1.05,1.05,1.05,7181.0
2019-03-21 11:34:00,1.0197,1.0197,1.0197,1.0197,9069.0
2019-03-21 11:35:00,1.01,1.01,1.01,1.01,4621.0
2019-03-21 11:38:00,1.03,1.03,1.03,1.03,224.0
2019-03-21 11:49:00,1.0527,1.0527,1.05,1.05,300.0
2019-03-21 11:51:00,1.0668,1.0668,1.0668,1.0668,1363.0
2019-03-21 12:01:00,1.07,1.07,1.07,1.07,1000.0
2019-03-21 12:07:00,1.065,1.065,1.065,1.065,2549.0
2019-03-21 12:19:00,1.07,1.07,1.07,1.07,190.0
2019-03-21 12:36:00,1.07,1.07,1.07,1.07,100.0
2019-03-21 12:37:00,1.0777,1.0777,1.0777,1.0777,500.0
2019-03-21 12:47:00,1.06,1.06,1.06,1.06,600.0
2019-03-21 12:50:00,1.0697,1.0697,1.0697,1.0697,1042.0
2019-03-21 12:54:00,1.08,1.08,1.08,1.08,144.0
2019-03-21 13:14:00,1.0699,1.0699,1.0699,1.0699,600.0
2019-03-21 13:15:00,1.07,1.07,1.07,1.07,3561.0
2019-03-21 13:38:00,1.07,1.07,1.07,1.07,2417.0
2019-03-21 14:28:00,1.07,1.07,1.07,1.07,400.0
2019-03-21 14:33:00,1.06,1.06,1.06,1.06,451.0
2019-03-21 14:42:00,1.07,1.07,1.07,1.07,669.0
2019-03-21 14:45:00,1.05,1.05,1.05,1.05,3484.0
2019-03-21 15:00:00,1.06,1.06,1.06,1.06,300.0
2019-03-21 15:06:00,1.07,1.07,1.07,1.07,5508.0
2019-03-21 15:21:00,1.06,1.06,1.03,1.03,17200.0
2019-03-21 15:26:00,1.0645,1.0645,1.0645,1.0645,1102.0
2019-03-21 15:44:00,1.05,1.05,1.05,1.05,1150.0
2019-03-21 15:46:00,1.05,1.05,1.05,1.05,200.0
2019-03-21 15:48:00,1.04,1.04,1.04,1.04,182.0
2019-03-21 15:52:00,1.04,1.04,1.04,1.04,231.0
2019-03-21 15:53:00,1.03,1.03,1.03,1.03,2101.0
2019-03-21 15:57:00,1.04,1.04,1.04,1.04,305.0
2019-03-21 16:00:00,1.05,1.05,1.05,1.05,1910.0
2019-03-22 09:31:00,1.05,1.05,1.05,1.05,0.0
2019-03-22 09:33:00,1.0549,1.0549,1.0549,1.0549,0.0
2019-03-22 09:36:00,1.05,1.05,1.05,1.05,100.0
2019-03-22 09:56:00,1.05,1.05,1.05,1.05,100.0
2019-03-22 09:58:00,1.0473,1.0473,1.0473,1.0473,100.0
2019-03-22 09:59:00,1.05,1.05,1.038,1.038,200.0
2019-03-22 10:00:00,1.06,1.06,1.06,1.06,2888.0
2019-03-22 10:04:00,1.0979,1.0979,1.0979,1.0979,1900.0
2019-03-22 10:11:00,1.09,1.0999,1.07,1.07,3198.0
2019-03-22 10:12:00,1.1,1.1,1.1,1.1,3800.0
2019-03-22 10:20:00,1.09,1.09,1.09,1.09,800.0
2019-03-22 10:21:00,1.0867,1.0867,1.0867,1.0867,5900.0
2019-03-22 10:22:00,1.09,1.09,1.09,1.09,100.0
2019-03-22 10:35:00,1.09,1.09,1.09,1.09,200.0
2019-03-22 10:36:00,1.09,1.09,1.09,1.09,400.0
2019-03-22 10:39:00,1.07,1.07,1.07,1.07,1300.0
2019-03-22 10:52:00,1.07,1.07,1.07,1.07,100.0
2019-03-22 10:56:00,1.07,1.08,1.07,1.08,3601.0
2019-03-22 11:06:00,1.07,1.07,1.07,1.07,2000.0
2019-03-22 11:27:00,1.09,1.09,1.09,1.09,201.0
2019-03-22 11:47:00,1.07,1.07,1.07,1.07,175.0
2019-03-22 12:02:00,1.0727,1.0727,1.07,1.07,640.0
2019-03-22 12:19:00,1.07,1.07,1.07,1.07,100.0
2019-03-22 12:24:00,1.09,1.09,1.09,1.09,100.0
2019-03-22 12:25:00,1.0701,1.0701,1.0701,1.0701,500.0
2019-03-22 12:27:00,1.07,1.07,1.07,1.07,600.0
2019-03-22 12:35:00,1.09,1.09,1.09,1.09,200.0
2019-03-22 13:10:00,1.0804,1.0804,1.0804,1.0804,300.0
2019-03-22 13:16:00,1.0723,1.0723,1.0723,1.0723,1500.0
2019-03-22 13:47:00,1.09,1.09,1.09,1.09,927.0
2019-03-22 14:54:00,1.1046,1.1046,1.1046,1.1046,200.0
2019-03-22 15:11:00,1.1,1.1,1.1,1.1,100.0
2019-03-22 15:38:00,1.12,1.12,1.1,1.1,868.0
2019-03-22 15:40:00,1.08,1.08,1.07,1.07,8625.0
2019-03-22 15:49:00,1.095,1.095,1.095,1.095,191.0
2019-03-22 15:50:00,1.12,1.12,1.12,1.12,0.0
2019-03-25 09:31:00,1.09,1.09,1.09,1.09,300.0
2019-03-25 09:36:00,1.09,1.09,1.09,1.09,865.0
2019-03-25 09:40:00,1.0553,1.0553,1.0553,1.0553,1254.0
2019-03-25 09:55:00,1.0521,1.0521,1.0521,1.0521,2934.0
2019-03-25 11:38:00,1.07,1.07,1.07,1.07,106.0
2019-03-25 11:46:00,1.0727,1.0727,1.0727,1.0727,127.0
2019-03-25 12:44:00,1.1003,1.1003,1.1003,1.1003,105.0
2019-03-25 12:52:00,1.1,1.1,1.1,1.1,105.0
2019-03-25 13:01:00,1.09,1.09,1.09,1.09,3906.0
2019-03-25 13:05:00,1.09,1.09,1.09,1.09,100.0
2019-03-25 13:08:00,1.09,1.09,1.09,1.09,118.0
2019-03-25 13:12:00,1.09,1.09,1.09,1.09,100.0
2019-03-25 13:18:00,1.09,1.09,1.09,1.09,400.0
2019-03-25 13:23:00,1.09,1.09,1.09,1.09,282.0
2019-03-25 13:29:00,1.09,1.09,1.09,1.09,100.0
2019-03-25 13:30:00,1.04,1.04,1.04,1.04,10361.0
2019-03-25 13:31:00,1.04,1.04,1.04,1.04,17596.0
2019-03-25 13:36:00,1.0338,1.0338,1.0338,1.0338,1677.0
2019-03-25 13:57:00,1.0411,1.0411,1.0411,1.0411,2379.0
2019-03-25 14:02:00,1.06,1.06,1.06,1.06,700.0
2019-03-25 14:05:00,1.1,1.1,1.1,1.1,200.0
2019-03-25 14:08:00,1.1,1.1,1.1,1.1,277.0
2019-03-25 14:17:00,1.1,1.1,1.1,1.1,426.0
2019-03-25 14:24:00,1.1,1.1,1.1,1.1,799.0
2019-03-25 15:31:00,1.1,1.1,1.1,1.1,345.0
2019-03-25 15:48:00,1.09,1.09,1.09,1.09,389.0
2019-03-25 16:00:00,1.08,1.08,1.08,1.08,0.0
2019-03-26 09:32:00,1.11,1.11,1.11,1.11,4200.0
2019-03-26 09:34:00,1.12,1.12,1.12,1.12,350.0
2019-03-26 09:40:00,1.126,1.126,1.126,1.126,1447.0
2019-03-26 09:41:00,1.14,1.14,1.14,1.14,1838.0
2019-03-26 09:43:00,1.14,1.14,1.14,1.14,6679.0
2019-03-26 09:50:00,1.12,1.12,1.11,1.11,705.0
2019-03-26 09:58:00,1.11,1.11,1.11,1.11,100.0
2019-03-26 10:01:00,1.11,1.11,1.11,1.11,1100.0
2019-03-26 10:03:00,1.11,1.11,1.11,1.11,100.0
2019-03-26 10:11:00,1.1,1.1,1.1,1.1,751.0
2019-03-26 10:17:00,1.0822,1.0822,1.0822,1.0822,241.0
2019-03-26 10:22:00,1.1,1.1,1.1,1.1,100.0
2019-03-26 10:30:00,1.1,1.1,1.1,1.1,220.0
2019-03-26 11:49:00,1.1,1.12,1.1,1.12,5431.0
2019-03-26 11:50:00,1.13,1.13,1.13,1.13,2000.0
2019-03-26 11:57:00,1.12,1.12,1.12,1.12,200.0
2019-03-26 11:59:00,1.14,1.14,1.14,1.14,200.0
2019-03-26 12:01:00,1.14,1.14,1.14,1.14,300.0
2019-03-26 12:05:00,1.14,1.14,1.14,1.14,200.0
2019-03-26 12:07:00,1.14,1.14,1.14,1.14,100.0
2019-03-26 12:09:00,1.14,1.14,1.14,1.14,100.0
2019-03-26 12:11:00,1.13,1.13,1.13,1.13,100.0
2019-03-26 12:23:00,1.1156,1.1156,1.1156,1.1156,1000.0
2019-03-26 12:25:00,1.14,1.14,1.14,1.14,100.0
2019-03-26 12:29:00,1.14,1.14,1.14,1.14,105.0
2019-03-26 13:22:00,1.1246,1.1246,1.1246,1.1246,2000.0
2019-03-26 13:25:00,1.14,1.14,1.14,1.14,300.0
2019-03-26 13:29:00,1.14,1.14,1.14,1.14,102.0
2019-03-26 13:55:00,1.13,1.13,1.13,1.13,1107.0
2019-03-26 13:57:00,1.14,1.14,1.14,1.14,392.0
2019-03-26 14:01:00,1.1103,1.1103,1.1103,1.1103,2300.0
2019-03-26 14:07:00,1.14,1.14,1.14,1.14,100.0
2019-03-26 14:09:00,1.14,1.14,1.14,1.14,100.0
2019-03-26 14:12:00,1.14,1.14,1.14,1.14,100.0
2019-03-26 14:14:00,1.14,1.14,1.14,1.14,100.0
2019-03-26 14:17:00,1.14,1.14,1.14,1.14,100.0
2019-03-26 14:19:00,1.14,1.14,1.14,1.14,100.0
2019-03-26 14:22:00,1.14,1.14,1.14,1.14,100.0
2019-03-26 14:24:00,1.14,1.14,1.14,1.14,100.0
2019-03-26 14:26:00,1.14,1.14,1.14,1.14,100.0
2019-03-26 14:27:00,1.14,1.14,1.14,1.14,200.0
2019-03-26 14:33:00,1.12,1.12,1.12,1.12,100.0
2019-03-26 14:40:00,1.11,1.11,1.11,1.11,100.0
2019-03-26 14:42:00,1.09,1.09,1.09,1.09,2411.0
2019-03-26 14:48:00,1.1,1.1,1.1,1.1,101.0
2019-03-26 14:53:00,1.1,1.1,1.1,1.1,3199.0
2019-03-26 14:54:00,1.1,1.1,1.1,1.1,449.0
2019-03-26 14:59:00,1.1,1.1,1.1,1.1,201.0
2019-03-26 15:08:00,1.1,1.1,1.1,1.1,200.0
2019-03-26 15:12:00,1.1,1.1,1.1,1.1,100.0
2019-03-26 15:17:00,1.1,1.1,1.1,1.1,0.0
2019-03-26 15:22:00,1.1,1.1,1.1,1.1,125.0
2019-03-26 15:25:00,1.1,1.1,1.1,1.1,200.0
2019-03-26 15:26:00,1.1,1.1,1.1,1.1,200.0
2019-03-26 15:28:00,1.1,1.1,1.1,1.1,100.0
2019-03-26 15:31:00,1.1,1.1,1.1,1.1,2113.0
2019-03-26 15:37:00,1.1,1.1,1.1,1.1,200.0
2019-03-26 15:40:00,1.1,1.1,1.1,1.1,100.0
2019-03-26 15:43:00,1.1,1.1,1.1,1.1,9919.0
2019-03-26 15:55:00,1.1,1.1,1.1,1.1,418.0
2019-03-26 16:00:00,1.1,1.1,1.1,1.1,100.0
2019-03-27 09:41:00,1.0854,1.0854,1.0854,1.0854,0.0
2019-03-27 09:54:00,1.0975,1.0989,1.0969,1.0969,500.0
2019-03-27 09:55:00,1.0973,1.0973,1.0973,1.0973,600.0
2019-03-27 10:10:00,1.0854,1.0854,1.0854,1.0854,5002.0
2019-03-27 10:46:00,1.08,1.08,1.08,1.08,223.0
2019-03-27 11:24:00,1.08,1.08,1.08,1.08,118.0
2019-03-27 11:26:00,1.08,1.08,1.08,1.08,145.0
2019-03-27 11:29:00,1.07,1.07,1.06,1.06,3300.0
2019-03-27 11:44:00,1.08,1.08,1.08,1.08,108.0
2019-03-27 12:09:00,1.06,1.06,1.06,1.06,164.0
2019-03-27 13:11:00,1.0511,1.0511,1.0511,1.0511,200.0
2019-03-27 13:36:00,1.07,1.07,1.07,1.07,107.0
2019-03-27 13:57:00,1.05,1.05,1.05,1.05,129.0
2019-03-27 14:10:00,1.0699,1.0699,1.0699,1.0699,3504.0
2019-03-27 14:58:00,1.06,1.06,1.06,1.06,300.0
2019-03-27 14:59:00,1.06,1.06,1.06,1.06,100.0
2019-03-27 15:06:00,1.06,1.06,1.06,1.06,4800.0
2019-03-27 15:07:00,1.06,1.06,1.06,1.06,1300.0
2019-03-27 15:31:00,1.07,1.07,1.07,1.07,100.0
2019-03-27 15:43:00,1.08,1.08,1.08,1.08,1284.0
2019-03-27 15:44:00,1.08,1.08,1.08,1.08,1600.0
2019-03-27 15:46:00,1.0761,1.09,1.0761,1.09,11126.0
2019-03-27 15:56:00,1.1,1.1,1.1,1.1,300.0
2019-03-27 15:57:00,1.1,1.12,1.1,1.12,2100.0
2019-03-27 15:59:00,1.115,1.115,1.115,1.115,144.0
2019-03-28 09:35:00,1.0653,1.0653,1.0653,1.0653,0.0
2019-03-28 09:42:00,1.1399,1.1399,1.1399,1.1399,100.0
2019-03-28 09:45:00,1.101,1.101,1.101,1.101,300.0
2019-03-28 09:58:00,1.135,1.135,1.135,1.135,1324.0
2019-03-28 10:02:00,1.17,1.17,1.17,1.17,500.0
2019-03-28 10:03:00,1.1608,1.17,1.1608,1.17,3165.0
2019-03-28 10:04:00,1.198,1.198,1.198,1.198,2000.0
2019-03-28 10:15:00,1.16,1.16,1.16,1.16,1200.0
2019-03-28 10:17:00,1.15,1.15,1.15,1.15,102.0
2019-03-28 10:45:00,1.1399,1.1399,1.1399,1.1399,1600.0
2019-03-28 10:49:00,1.1227,1.1227,1.1227,1.1227,150.0
2019-03-28 11:13:00,1.1469,1.1469,1.1469,1.1469,300.0
2019-03-28 11:15:00,1.1357,1.1357,1.1357,1.1357,149.0
2019-03-28 11:21:00,1.14,1.15,1.14,1.15,1300.0
2019-03-28 11:29:00,1.111,1.111,1.111,1.111,200.0
2019-03-28 11:33:00,1.11,1.11,1.11,1.11,1000.0
2019-03-28 11:41:00,1.15,1.15,1.15,1.15,100.0
2019-03-28 11:58:00,1.1145,1.1145,1.1145,1.1145,3478.0
2019-03-28 12:23:00,1.1,1.1,1.1,1.1,1300.0
2019-03-28 12:28:00,1.0997,1.0997,1.0997,1.0997,2000.0
2019-03-28 12:31:00,1.0801,1.0801,1.0801,1.0801,3000.0
2019-03-28 12:48:00,1.08,1.0831,1.08,1.0831,3100.0
2019-03-28 13:02:00,1.08,1.08,1.08,1.08,290.0
2019-03-28 13:07:00,1.0597,1.0597,1.0597,1.0597,3703.0
2019-03-28 13:13:00,1.0679,1.0679,1.0679,1.0679,100.0
2019-03-28 13:15:00,1.0699,1.0699,1.0699,1.0699,2000.0
2019-03-28 13:17:00,1.07,1.07,1.07,1.07,600.0
2019-03-28 13:22:00,1.07,1.07,1.07,1.07,200.0
2019-03-28 13:36:00,1.07,1.08,1.07,1.08,1200.0
2019-03-28 13:37:00,1.08,1.08,1.08,1.08,1140.0
2019-03-28 13:38:00,1.08,1.08,1.08,1.08,1025.0
2019-03-28 13:49:00,1.08,1.08,1.08,1.08,125.0
2019-03-28 14:03:00,1.07,1.07,1.07,1.07,1188.0
2019-03-28 14:12:00,1.08,1.08,1.0785,1.0785,1151.0
2019-03-28 14:34:00,1.07,1.07,1.07,1.07,200.0
2019-03-28 14:38:00,1.08,1.08,1.08,1.08,100.0
2019-03-28 14:42:00,1.0799,1.0799,1.0747,1.0747,500.0
2019-03-28 14:45:00,1.07,1.07,1.06,1.06,1302.0
2019-03-28 15:10:00,1.0756,1.0756,1.0756,1.0756,558.0
2019-03-28 15:56:00,1.0747,1.0747,1.0747,1.0747,2000.0
2019-03-28 16:00:00,1.08,1.08,1.08,1.08,101.0
2019-03-29 09:31:00,1.1,1.1,1.1,1.1,0.0
2019-03-29 09:36:00,1.0925,1.0925,1.0925,1.0925,5711.0
2019-03-29 09:43:00,1.0802,1.0802,1.0802,1.0802,1000.0
2019-03-29 09:44:00,1.1,1.1,1.1,1.1,200.0
2019-03-29 09:52:00,1.0916,1.0916,1.0916,1.0916,17829.0
2019-03-29 09:56:00,1.15,1.15,1.15,1.15,879.0
2019-03-29 10:03:00,1.15,1.15,1.15,1.15,523.0
2019-03-29 10:49:00,1.1033,1.1033,1.1033,1.1033,427.0
2019-03-29 10:54:00,1.1055,1.1055,1.1055,1.1055,2100.0
2019-03-29 10:58:00,1.14,1.14,1.14,1.14,306.0
2019-03-29 12:14:00,1.1273,1.1273,1.1273,1.1273,1000.0
2019-03-29 12:15:00,1.11,1.11,1.11,1.11,3584.0
2019-03-29 12:52:00,1.129,1.129,1.1255,1.1255,4550.0
2019-03-29 13:30:00,1.1145,1.1145,1.1145,1.1145,7290.0
2019-03-29 13:39:00,1.1002,1.1002,1.1002,1.1002,5000.0
2019-03-29 13:42:00,1.1003,1.1003,1.1003,1.1003,6100.0
2019-03-29 13:48:00,1.091,1.091,1.091,1.091,23050.0
2019-03-29 14:01:00,1.0822,1.0822,1.0822,1.0822,3040.0
2019-03-29 14:16:00,1.1199,1.1199,1.1199,1.1199,6590.0
2019-03-29 14:30:00,1.12,1.12,1.12,1.12,123.0
2019-03-29 15:08:00,1.12,1.12,1.12,1.12,100.0
2019-03-29 15:11:00,1.09,1.09,1.09,1.09,313.0
2019-03-29 15:40:00,1.12,1.12,1.12,1.12,164.0
2019-03-29 15:53:00,1.118,1.118,1.118,1.118,2053.0
2019-04-01 09:32:00,1.09,1.09,1.09,1.09,3317.0
2019-04-01 09:35:00,1.09,1.09,1.09,1.09,3352.0
2019-04-01 09:37:00,1.1238,1.1238,1.1238,1.1238,565.0
2019-04-01 09:53:00,1.09,1.09,1.09,1.09,327.0
2019-04-01 10:18:00,1.1251,1.1251,1.1251,1.1251,1000.0
2019-04-01 10:24:00,1.12,1.12,1.12,1.12,108.0
2019-04-01 10:28:00,1.12,1.12,1.12,1.12,100.0
2019-04-01 10:29:00,1.12,1.12,1.12,1.12,565.0
2019-04-01 10:38:00,1.11,1.11,1.1,1.1,1700.0
2019-04-01 10:42:00,1.09,1.09,1.09,1.09,313.0
2019-04-01 10:53:00,1.0959,1.0959,1.07,1.07,1100.0
2019-04-01 10:55:00,1.07,1.07,1.07,1.07,231.0
2019-04-01 10:57:00,1.07,1.07,1.07,1.07,600.0
2019-04-01 11:00:00,1.07,1.07,1.07,1.07,102.0
2019-04-01 11:05:00,1.07,1.07,1.07,1.07,100.0
2019-04-01 11:09:00,1.0864,1.0864,1.0864,1.0864,310.0
2019-04-01 11:10:00,1.0994,1.0994,1.0994,1.0994,104.0
2019-04-01 11:32:00,1.06,1.06,1.06,1.06,2310.0
2019-04-01 11:40:00,1.06,1.06,1.06,1.06,2100.0
2019-04-01 11:42:00,1.0653,1.0653,1.0653,1.0653,1000.0
2019-04-01 11:45:00,1.06,1.06,1.06,1.06,100.0
2019-04-01 11:47:00,1.07,1.07,1.07,1.07,100.0
2019-04-01 11:50:00,1.06,1.06,1.06,1.06,100.0
2019-04-01 11:51:00,1.06,1.06,1.06,1.06,598.0
2019-04-01 11:56:00,1.05,1.05,1.05,1.05,100.0
2019-04-01 12:01:00,1.06,1.06,1.06,1.06,200.0
2019-04-01 12:06:00,1.06,1.06,1.06,1.06,100.0
2019-04-01 12:11:00,1.05,1.05,1.05,1.05,167.0
2019-04-01 12:17:00,1.04,1.04,1.04,1.04,8325.0
2019-04-01 12:22:00,1.05,1.05,1.05,1.05,501.0
2019-04-01 12:28:00,1.0499,1.0499,1.0499,1.0499,3225.0
2019-04-01 12:33:00,1.0448,1.0448,1.0448,1.0448,1175.0
2019-04-01 12:34:00,1.04,1.04,1.04,1.04,475.0
2019-04-01 12:38:00,1.04,1.04,1.04,1.04,100.0
2019-04-01 12:41:00,1.04,1.04,1.04,1.04,100.0
2019-04-01 12:45:00,1.04,1.04,1.04,1.04,119.0
2019-04-01 12:48:00,1.04,1.04,1.04,1.04,100.0
2019-04-01 12:52:00,1.04,1.04,1.04,1.04,100.0
2019-04-01 12:55:00,1.04,1.04,1.04,1.04,149.0
2019-04-01 13:01:00,1.03,1.03,1.03,1.03,175.0
2019-04-01 13:07:00,1.04,1.04,1.04,1.04,1200.0
2019-04-01 13:10:00,1.04,1.04,1.04,1.04,100.0
2019-04-01 13:14:00,1.04,1.04,1.04,1.04,110.0
2019-04-01 13:19:00,1.0445,1.0445,1.0445,1.0445,200.0
2019-04-01 13:20:00,1.04,1.04,1.04,1.04,100.0
2019-04-01 13:22:00,1.05,1.05,1.05,1.05,3000.0
2019-04-01 13:37:00,1.06,1.06,1.06,1.06,200.0
2019-04-01 13:46:00,1.06,1.06,1.06,1.06,200.0
2019-04-01 13:48:00,1.0699,1.0699,1.0699,1.0699,100.0
2019-04-01 13:51:00,1.06,1.06,1.06,1.06,100.0
2019-04-01 13:54:00,1.06,1.06,1.06,1.06,100.0
2019-04-01 13:57:00,1.06,1.06,1.06,1.06,100.0
2019-04-01 14:01:00,1.06,1.06,1.06,1.06,100.0
2019-04-01 14:04:00,1.06,1.06,1.06,1.06,150.0
2019-04-01 14:13:00,1.08,1.08,1.08,1.08,361.0
2019-04-01 14:39:00,1.08,1.08,1.08,1.08,738.0
2019-04-01 14:59:00,1.08,1.08,1.08,1.08,5160.0
2019-04-01 15:06:00,1.07,1.07,1.07,1.07,140.0
2019-04-01 15:08:00,1.07,1.07,1.07,1.07,100.0
2019-04-01 15:15:00,1.07,1.07,1.07,1.07,300.0
2019-04-01 15:18:00,1.07,1.07,1.07,1.07,100.0
2019-04-01 15:21:00,1.07,1.07,1.07,1.07,500.0
2019-04-01 15:22:00,1.06,1.06,1.06,1.06,2600.0
2019-04-01 15:26:00,1.06,1.06,1.06,1.06,100.0
2019-04-01 15:28:00,1.06,1.06,1.06,1.06,100.0
2019-04-01 15:30:00,1.06,1.06,1.06,1.06,1200.0
2019-04-01 15:32:00,1.06,1.06,1.06,1.06,100.0
2019-04-01 15:36:00,1.06,1.06,1.06,1.06,200.0
2019-04-01 15:38:00,1.06,1.06,1.06,1.06,100.0
2019-04-01 15:39:00,1.07,1.07,1.07,1.07,100.0
2019-04-01 15:41:00,1.06,1.06,1.06,1.06,100.0
2019-04-01 15:43:00,1.06,1.06,1.06,1.06,100.0
2019-04-01 15:44:00,1.06,1.06,1.06,1.06,100.0
2019-04-01 15:49:00,1.06,1.06,1.06,1.06,253.0
2019-04-01 15:55:00,1.06,1.06,1.06,1.06,545.0
2019-04-01 15:59:00,1.06,1.06,1.06,1.06,1000.0
2019-04-02 09:31:00,1.05,1.05,1.05,1.05,1168.0
2019-04-02 09:52:00,1.0679,1.0699,1.0679,1.0699,0.0
2019-04-02 09:54:00,1.0699,1.0699,1.0699,1.0699,2000.0
2019-04-02 09:56:00,1.04,1.04,1.04,1.04,200.0
2019-04-02 09:58:00,1.0699,1.0699,1.0699,1.0699,1500.0
2019-04-02 09:59:00,1.07,1.07,1.07,1.07,100.0
2019-04-02 10:08:00,1.05,1.05,1.05,1.05,255.0
2019-04-02 10:09:00,1.05,1.05,1.05,1.05,100.0
2019-04-02 10:13:00,1.05,1.05,1.05,1.05,150.0
2019-04-02 10:18:00,1.05,1.05,1.05,1.05,100.0
2019-04-02 10:22:00,1.05,1.05,1.05,1.05,100.0
2019-04-02 10:24:00,1.0677,1.0677,1.0677,1.0677,1100.0
2019-04-02 10:27:00,1.05,1.05,1.05,1.05,100.0
2019-04-02 10:29:00,1.05,1.05,1.05,1.05,400.0
2019-04-02 10:31:00,1.07,1.07,1.05,1.05,3021.0
2019-04-02 10:36:00,1.05,1.05,1.05,1.05,109.0
2019-04-02 10:39:00,1.0699,1.0699,1.0699,1.0699,200.0
2019-04-02 10:41:00,1.05,1.05,1.05,1.05,100.0
2019-04-02 10:46:00,1.05,1.05,1.05,1.05,100.0
2019-04-02 10:49:00,1.0531,1.0531,1.0531,1.0531,600.0
2019-04-02 10:50:00,1.05,1.05,1.05,1.05,500.0
2019-04-02 10:52:00,1.07,1.07,1.07,1.07,300.0
2019-04-02 11:00:00,1.06,1.06,1.06,1.06,300.0
2019-04-02 11:06:00,1.05,1.05,1.05,1.05,200.0
2019-04-02 11:10:00,1.05,1.05,1.05,1.05,100.0
2019-04-02 11:11:00,1.05,1.05,1.05,1.05,133.0
2019-04-02 11:12:00,1.05,1.05,1.05,1.05,283.0
2019-04-02 11:15:00,1.05,1.05,1.05,1.05,100.0
2019-04-02 11:22:00,1.05,1.07,1.05,1.07,307.0
2019-04-02 11:31:00,1.06,1.06,1.06,1.06,100.0
2019-04-02 11:39:00,1.05,1.05,1.05,1.05,100.0
2019-04-02 11:56:00,1.05,1.05,1.05,1.05,100.0
2019-04-02 11:57:00,1.06,1.06,1.05,1.05,2305.0
2019-04-02 12:05:00,1.05,1.05,1.05,1.05,200.0
2019-04-02 12:08:00,1.0531,1.0531,1.0531,1.0531,381.0
2019-04-02 12:17:00,1.05,1.05,1.05,1.05,100.0
2019-04-02 12:32:00,1.07,1.07,1.07,1.07,134.0
2019-04-02 13:11:00,1.0747,1.0747,1.0747,1.0747,1500.0
2019-04-02 13:19:00,1.05,1.05,1.05,1.05,100.0
2019-04-02 13:24:00,1.06,1.06,1.06,1.06,1930.0
2019-04-02 13:25:00,1.06,1.06,1.06,1.06,100.0
2019-04-02 13:31:00,1.05,1.05,1.05,1.05,100.0
2019-04-02 13:38:00,1.05,1.05,1.05,1.05,100.0
2019-04-02 13:43:00,1.05,1.05,1.05,1.05,100.0
2019-04-02 13:44:00,1.0632,1.0632,1.0632,1.0632,300.0
2019-04-02 13:48:00,1.05,1.05,1.05,1.05,100.0
2019-04-02 13:50:00,1.0651,1.0651,1.0651,1.0651,1200.0
2019-04-02 13:54:00,1.0553,1.0553,1.0553,1.0553,1000.0
2019-04-02 13:57:00,1.05,1.05,1.05,1.05,100.0
2019-04-02 14:03:00,1.05,1.06,1.05,1.06,200.0
2019-04-02 14:08:00,1.05,1.05,1.05,1.05,200.0
2019-04-02 14:16:00,1.05,1.05,1.05,1.05,100.0
2019-04-02 14:37:00,1.0663,1.0663,1.0663,1.0663,1000.0
2019-04-02 14:38:00,1.05,1.05,1.05,1.05,1000.0
2019-04-02 14:59:00,1.0696,1.0696,1.0696,1.0696,100.0
2019-04-02 15:06:00,1.07,1.07,1.07,1.07,127.0
2019-04-02 15:19:00,1.07,1.07,1.07,1.07,147.0
2019-04-02 15:33:00,1.05,1.05,1.05,1.05,175.0
2019-04-02 15:49:00,1.05,1.05,1.05,1.05,100.0
2019-04-02 15:58:00,1.05,1.05,1.05,1.05,275.0
2019-04-03 09:36:00,1.04,1.04,1.04,1.04,3087.0
2019-04-03 09:51:00,1.05,1.05,1.05,1.05,119.0
2019-04-03 10:01:00,1.06,1.06,1.06,1.06,1517.0
2019-04-03 10:35:00,1.08,1.08,1.08,1.08,1798.0
2019-04-03 10:40:00,1.08,1.08,1.08,1.08,100.0
2019-04-03 10:48:00,1.0767,1.0768,1.0767,1.0768,4116.0
2019-04-03 10:54:00,1.06,1.06,1.06,1.06,100.0
2019-04-03 11:04:00,1.06,1.06,1.06,1.06,100.0
2019-04-03 11:08:00,1.0781,1.0781,1.0781,1.0781,1500.0
2019-04-03 11:14:00,1.06,1.06,1.06,1.06,100.0
2019-04-03 11:24:00,1.06,1.06,1.06,1.06,103.0
2019-04-03 11:26:00,1.08,1.08,1.08,1.08,300.0
2019-04-03 11:35:00,1.06,1.06,1.06,1.06,100.0
2019-04-03 11:46:00,1.08,1.08,1.08,1.08,100.0
2019-04-03 11:47:00,1.06,1.06,1.06,1.06,164.0
2019-04-03 11:58:00,1.06,1.06,1.06,1.06,229.0
2019-04-03 12:11:00,1.06,1.06,1.06,1.06,332.0
2019-04-03 12:39:00,1.06,1.06,1.05,1.05,4200.0
2019-04-03 12:42:00,1.06,1.06,1.06,1.06,230.0
2019-04-03 12:47:00,1.0507,1.0507,1.0507,1.0507,100.0
2019-04-03 12:50:00,1.05,1.05,1.05,1.05,112.0
2019-04-03 12:51:00,1.05,1.05,1.05,1.05,194.0
2019-04-03 13:04:00,1.05,1.05,1.05,1.05,100.0
2019-04-03 13:07:00,1.05,1.05,1.05,1.05,140.0
2019-04-03 13:18:00,1.05,1.05,1.05,1.05,100.0
2019-04-03 13:32:00,1.05,1.05,1.05,1.05,101.0
2019-04-03 13:46:00,1.05,1.05,1.05,1.05,100.0
2019-04-03 13:52:00,1.05,1.05,1.04,1.04,1003.0
2019-04-03 14:06:00,1.04,1.04,1.04,1.04,100.0
2019-04-03 14:11:00,1.04,1.04,1.04,1.04,100.0
2019-04-03 14:23:00,1.04,1.04,1.04,1.04,100.0
2019-04-03 14:33:00,1.04,1.04,1.04,1.04,292.0
2019-04-03 14:43:00,1.04,1.04,1.04,1.04,400.0
2019-04-03 14:53:00,1.04,1.04,1.04,1.04,100.0
2019-04-03 15:04:00,1.04,1.04,1.04,1.04,100.0
2019-04-03 15:15:00,1.04,1.04,1.04,1.04,100.0
2019-04-03 15:31:00,1.04,1.04,1.04,1.04,150.0
2019-04-03 15:37:00,1.0402,1.0402,1.0402,1.0402,124.0
2019-04-03 15:48:00,1.04,1.04,1.04,1.04,194.0
2019-04-03 15:54:00,1.04,1.04,1.04,1.04,105.0
2019-04-03 15:59:00,1.04,1.04,1.04,1.04,200.0
