
2019-03-11 11:30:00,21.25,21.25,21.25,21.25,0.0
2019-03-11 11:33:00,21.31,21.31,21.31,21.31,342.0
2019-03-11 11:35:00,21.2687,21.2687,21.2687,21.2687,1214.0
2019-03-11 11:36:00,21.05,21.05,21.05,21.05,117.0
2019-03-11 11:41:00,21.15,21.15,21.15,21.15,400.0
2019-03-11 11:43:00,21.17,21.17,21.17,21.17,100.0
2019-03-11 11:44:00,21.1499,21.1499,21.1499,21.1499,1293.0
2019-03-11 11:52:00,21.3,21.3,21.3,21.3,105.0
2019-03-11 11:54:00,21.2,21.2,21.2,21.2,530.0
2019-03-11 11:56:00,21.1,21.1,21.08,21.08,970.0
2019-03-11 12:14:00,21.025,21.025,21.025,21.025,986.0
2019-03-11 12:25:00,21.21,21.21,21.2,21.2,613.0
2019-03-11 13:00:00,21.7461,21.7461,21.24,21.24,829.0
2019-03-11 13:26:00,21.25,21.25,21.25,21.25,407.0
2019-03-11 13:31:00,21.74,21.74,21.74,21.74,601.0
2019-03-11 13:33:00,21.499,21.499,21.499,21.499,178.0
2019-03-11 13:43:00,21.575,21.575,21.575,21.575,216.0
2019-03-11 14:18:00,21.575,21.575,21.575,21.575,105.0
2019-03-11 14:27:00,21.575,21.575,21.275,21.275,240.0
2019-03-11 15:16:00,21.32,21.32,21.32,21.32,329.0
2019-03-11 15:41:00,21.39,21.39,21.39,21.39,215.0
2019-03-11 15:49:00,21.53,21.53,21.53,21.53,324.0
2019-03-11 15:55:00,21.68,21.68,21.68,21.68,216.0
2019-03-11 15:59:00,21.68,21.68,21.68,21.68,703.0
2019-03-11 16:00:00,21.45,21.45,21.45,21.45,957.0
2019-03-12 09:33:00,22.15,22.15,22.15,22.15,3810.0
2019-03-12 09:34:00,22.0,22.0,22.0,22.0,1690.0
2019-03-12 09:48:00,22.5,22.5,22.5,22.5,1004.0
2019-03-12 09:50:00,22.3,22.3,22.3,22.3,510.0
2019-03-12 09:52:00,22.35,22.35,22.35,22.35,201.0
2019-03-12 09:59:00,22.3625,22.3625,22.3625,22.3625,2900.0
2019-03-12 10:00:00,22.35,22.35,22.35,22.35,1274.0
2019-03-12 10:03:00,22.23,22.23,22.23,22.23,627.0
2019-03-12 10:16:00,22.27,22.27,22.27,22.27,200.0
2019-03-12 10:17:00,22.27,22.27,22.27,22.27,100.0
2019-03-12 10:21:00,22.4,22.4,22.4,22.4,1479.0
2019-03-12 10:29:00,22.45,22.45,22.45,22.45,1324.0
2019-03-12 10:37:00,22.48,22.48,22.475,22.475,1712.0
2019-03-12 10:38:00,22.46,22.46,22.46,22.46,1378.0
2019-03-12 10:40:00,22.49,22.49,22.49,22.49,354.0
2019-03-12 10:41:00,22.5,22.5,22.5,22.5,335.0
2019-03-12 10:47:00,22.59,22.59,22.59,22.59,2100.0
2019-03-12 10:48:00,22.585,22.585,22.585,22.585,502.0
2019-03-12 10:54:00,22.49,22.5,22.49,22.5,421.0
2019-03-12 11:02:00,22.38,22.38,22.38,22.38,306.0
2019-03-12 11:11:00,22.2364,22.2364,22.2364,22.2364,715.0
2019-03-12 11:15:00,22.06,22.06,22.06,22.06,409.0
2019-03-12 11:19:00,22.0,22.0,22.0,22.0,935.0
2019-03-12 11:27:00,21.9859,21.9859,21.9859,21.9859,219.0
2019-03-12 11:49:00,22.0,22.0,22.0,22.0,521.0
2019-03-12 11:54:00,21.51,21.51,21.51,21.51,171.0
2019-03-12 12:20:00,21.55,21.55,21.55,21.55,133.0
2019-03-12 12:47:00,21.83,21.83,21.83,21.83,510.0
2019-03-12 12:53:00,21.825,21.825,21.825,21.825,434.0
2019-03-12 12:58:00,21.7236,21.7236,21.7236,21.7236,128.0
2019-03-12 13:08:00,22.13,22.13,22.13,22.13,100.0
2019-03-12 13:11:00,21.7187,21.7187,21.7187,21.7187,111.0
2019-03-12 13:14:00,21.55,21.55,21.55,21.55,214.0
2019-03-12 13:20:00,21.82,21.82,21.82,21.82,189.0
2019-03-12 13:21:00,21.8,21.8,21.8,21.8,327.0
2019-03-12 13:41:00,21.54,21.8,21.54,21.8,216.0
2019-03-12 13:54:00,21.9,21.9,21.9,21.9,388.0
2019-03-12 13:55:00,22.0,22.06,22.0,22.06,776.0
2019-03-12 13:59:00,22.14,22.14,22.0,22.0,200.0
2019-03-12 14:03:00,21.75,21.75,21.75,21.75,508.0
2019-03-12 14:16:00,21.92,21.92,21.92,21.92,905.0
2019-03-12 14:19:00,21.95,21.95,21.95,21.95,1413.0
2019-03-12 14:37:00,21.78,21.78,21.78,21.78,315.0
2019-03-12 14:46:00,21.78,21.78,21.78,21.78,122.0
2019-03-12 14:54:00,21.675,21.675,21.675,21.675,138.0
2019-03-12 14:55:00,21.675,21.675,21.675,21.675,404.0
2019-03-12 14:57:00,21.73,21.73,21.73,21.73,207.0
2019-03-12 15:00:00,21.79,21.79,21.79,21.79,309.0
2019-03-12 15:03:00,21.78,21.78,21.78,21.78,404.0
2019-03-12 15:42:00,21.75,21.75,21.75,21.75,156.0
2019-03-12 15:49:00,21.75,21.75,21.75,21.75,226.0
2019-03-12 15:54:00,21.6,21.6,21.6,21.6,345.0
2019-03-12 15:56:00,21.62,21.62,21.62,21.62,208.0
2019-03-12 16:00:00,21.57,21.57,21.57,21.57,379.0
2019-03-13 09:31:00,21.9,21.9,21.9,21.9,133.0
2019-03-13 09:39:00,21.7,21.7,21.7,21.7,366.0
2019-03-13 09:40:00,21.31,21.31,21.31,21.31,400.0
2019-03-13 09:42:00,21.21,21.21,21.21,21.21,405.0
2019-03-13 09:44:00,21.25,21.31,21.25,21.31,2701.0
2019-03-13 09:46:00,21.4,21.4,21.4,21.4,597.0
2019-03-13 09:51:00,21.4,21.4,21.4,21.4,653.0
2019-03-13 09:59:00,21.25,21.25,21.25,21.25,851.0
2019-03-13 10:08:00,21.07,21.07,21.07,21.07,398.0
2019-03-13 10:12:00,21.06,21.06,21.06,21.06,1069.0
2019-03-13 10:15:00,21.3,21.3,21.3,21.3,1213.0
2019-03-13 10:17:00,21.17,21.18,21.17,21.18,1212.0
2019-03-13 10:26:00,21.18,21.18,21.18,21.18,256.0
2019-03-13 10:40:00,21.08,21.08,21.08,21.08,103.0
2019-03-13 10:49:00,21.16,21.16,21.16,21.16,161.0
2019-03-13 11:00:00,21.2,21.2,21.2,21.2,1999.0
2019-03-13 11:01:00,21.46,21.46,21.46,21.46,919.0
2019-03-13 11:42:00,21.38,21.38,21.38,21.38,230.0
2019-03-13 12:02:00,21.04,21.04,21.04,21.04,100.0
2019-03-13 12:17:00,21.22,21.22,21.22,21.22,300.0
2019-03-13 12:19:00,21.2948,21.2948,21.2948,21.2948,800.0
2019-03-13 12:34:00,21.36,21.36,21.36,21.36,100.0
2019-03-13 12:36:00,21.22,21.22,21.22,21.22,3951.0
2019-03-13 12:43:00,21.05,21.05,21.05,21.05,155.0
2019-03-13 12:46:00,21.17,21.17,21.17,21.17,305.0
2019-03-13 12:48:00,21.17,21.17,21.17,21.17,3760.0
2019-03-13 12:55:00,21.07,21.17,21.07,21.17,856.0
2019-03-13 13:01:00,21.19,21.19,21.19,21.19,100.0
2019-03-13 13:04:00,21.19,21.19,21.19,21.19,142.0
2019-03-13 13:05:00,21.2,21.2,21.2,21.2,964.0
2019-03-13 13:06:00,21.21,21.21,21.21,21.21,1000.0
2019-03-13 13:11:00,21.39,21.39,21.39,21.39,292.0
2019-03-13 13:16:00,21.39,21.39,21.39,21.39,699.0
2019-03-13 13:22:00,21.39,21.39,21.39,21.39,586.0
2019-03-13 13:24:00,21.4,21.4,21.4,21.4,891.0
2019-03-13 13:26:00,21.36,21.36,21.36,21.36,692.0
2019-03-13 13:38:00,21.4,21.4,21.4,21.4,1185.0
2019-03-13 13:40:00,21.385,21.385,21.385,21.385,500.0
2019-03-13 13:47:00,21.385,21.385,21.385,21.385,146.0
2019-03-13 13:55:00,21.38,21.38,21.38,21.38,1084.0
2019-03-13 13:56:00,21.09,21.09,21.09,21.09,307.0
2019-03-13 14:10:00,21.215,21.215,21.215,21.215,500.0
2019-03-13 14:35:00,21.05,21.05,21.05,21.05,457.0
2019-03-13 15:04:00,21.1616,21.1616,21.1616,21.1616,205.0
2019-03-13 15:05:00,21.1,21.1,21.015,21.015,5180.0
2019-03-13 15:07:00,20.995,20.995,20.995,20.995,900.0
2019-03-13 15:12:00,20.99,20.99,20.99,20.99,100.0
2019-03-13 15:17:00,20.89,20.89,20.89,20.89,100.0
2019-03-13 15:22:00,21.05,21.05,21.05,21.05,300.0
2019-03-13 15:24:00,21.08,21.08,21.075,21.075,563.0
2019-03-13 15:29:00,21.06,21.06,21.06,21.06,600.0
2019-03-13 15:30:00,21.1,21.1,21.1,21.1,1089.0
2019-03-13 15:35:00,21.06,21.06,21.06,21.06,500.0
2019-03-13 15:41:00,21.25,21.25,21.25,21.25,900.0
2019-03-13 15:46:00,21.3,21.3,21.3,21.3,647.0
2019-03-13 15:47:00,21.39,21.39,21.39,21.39,574.0
2019-03-13 15:53:00,21.3,21.3,21.3,21.3,438.0
2019-03-13 15:55:00,21.3,21.3,21.3,21.3,100.0
2019-03-13 15:56:00,21.3,21.3,21.3,21.3,713.0
2019-03-13 16:00:00,21.3,21.3,21.3,21.3,1468.0
2019-03-14 10:54:00,21.2669,21.2669,21.2669,21.2669,512.0
2019-03-14 11:07:00,21.05,21.05,21.05,21.05,219.0
2019-03-14 11:29:00,21.275,21.275,21.275,21.275,190.0
2019-03-14 11:34:00,21.27,21.27,21.27,21.27,105.0
2019-03-14 11:45:00,21.27,21.27,21.27,21.27,100.0
2019-03-14 11:46:00,21.265,21.265,21.265,21.265,107.0
2019-03-14 12:02:00,21.265,21.265,21.265,21.265,100.0
2019-03-14 12:07:00,21.39,21.39,21.39,21.39,338.0
2019-03-14 12:21:00,21.37,21.37,21.37,21.37,100.0
2019-03-14 12:22:00,21.49,21.49,21.45,21.45,3156.0
2019-03-14 12:27:00,21.45,21.45,21.45,21.45,207.0
2019-03-14 12:30:00,21.455,21.455,21.455,21.455,595.0
2019-03-14 12:37:00,21.47,21.47,21.47,21.47,915.0
2019-03-14 13:00:00,21.49,21.49,21.49,21.49,155.0
2019-03-14 13:07:00,21.485,21.485,21.485,21.485,112.0
2019-03-14 13:28:00,21.28,21.28,21.28,21.28,193.0
2019-03-14 13:31:00,21.3875,21.3875,21.3875,21.3875,100.0
2019-03-14 13:41:00,21.64,21.64,21.64,21.64,102.0
2019-03-14 14:00:00,21.63,21.84,21.63,21.84,1052.0
2019-03-14 14:01:00,21.67,21.67,21.67,21.67,200.0
2019-03-14 14:02:00,21.715,21.715,21.715,21.715,372.0
2019-03-14 14:19:00,21.5,21.5,21.5,21.5,102.0
2019-03-14 14:23:00,21.5,21.5,21.5,21.5,100.0
2019-03-14 14:27:00,21.52,21.52,21.52,21.52,100.0
2019-03-14 14:29:00,21.56,21.56,21.56,21.56,108.0
2019-03-14 14:33:00,21.55,21.55,21.55,21.55,100.0
2019-03-14 14:37:00,21.58,21.58,21.58,21.58,208.0
2019-03-14 14:39:00,21.59,21.59,21.59,21.59,220.0
2019-03-14 14:40:00,21.59,21.59,21.59,21.59,190.0
2019-03-14 14:46:00,21.54,21.54,21.54,21.54,289.0
2019-03-14 14:47:00,21.51,21.51,21.5,21.5,1090.0
2019-03-14 14:50:00,21.27,21.27,21.27,21.27,100.0
2019-03-14 14:51:00,21.32,21.32,21.3001,21.3001,200.0
2019-03-14 14:52:00,21.31,21.31,21.3001,21.3001,284.0
2019-03-14 15:02:00,21.29,21.29,21.27,21.27,637.0
2019-03-14 15:04:00,21.02,21.02,21.02,21.02,101.0
2019-03-14 15:12:00,21.2,21.2,21.2,21.2,100.0
2019-03-14 15:13:00,21.0,21.0,21.0,21.0,100.0
2019-03-14 15:17:00,21.05,21.05,21.05,21.05,103.0
2019-03-14 15:27:00,21.275,21.275,21.275,21.275,103.0
2019-03-14 15:36:00,21.24,21.24,21.24,21.24,113.0
2019-03-14 15:37:00,21.28,21.28,21.28,21.28,102.0
2019-03-14 15:41:00,21.28,21.28,21.28,21.28,103.0
2019-03-14 15:49:00,21.285,21.285,21.285,21.285,104.0
2019-03-14 15:55:00,21.285,21.285,21.285,21.285,151.0
2019-03-14 15:56:00,21.395,21.395,21.395,21.395,177.0
2019-03-14 15:58:00,21.265,21.4,21.265,21.38,596.0
2019-03-14 15:59:00,21.15,21.15,21.15,21.15,117.0
2019-03-14 16:00:00,21.46,21.46,21.14,21.19,799.0
2019-03-15 09:31:00,21.39,21.39,21.39,21.39,15591.0
2019-03-15 10:09:00,21.87,21.87,21.87,21.87,194.0
2019-03-15 10:58:00,21.68,21.9,21.68,21.88,3176.0
2019-03-15 10:59:00,21.9,21.92,21.87,21.87,601.0
2019-03-15 11:00:00,21.87,21.87,21.87,21.87,508.0
2019-03-15 11:01:00,21.88,21.89,21.88,21.89,596.0
2019-03-15 11:02:00,21.87,21.87,21.87,21.87,323.0
2019-03-15 11:05:00,21.87,21.87,21.87,21.87,100.0
2019-03-15 11:07:00,21.87,21.87,21.87,21.87,219.0
2019-03-15 11:15:00,21.87,21.88,21.87,21.87,600.0
2019-03-15 11:16:00,21.88,21.89,21.87,21.87,940.0
2019-03-15 11:18:00,21.87,21.87,21.87,21.87,204.0
2019-03-15 11:31:00,21.87,21.87,21.87,21.87,336.0
2019-03-15 11:37:00,21.87,21.87,21.87,21.87,365.0
2019-03-15 12:17:00,21.88,21.88,21.87,21.87,1113.0
2019-03-15 12:18:00,21.88,21.88,21.88,21.88,2198.0
2019-03-15 12:22:00,21.95,21.95,21.95,21.95,1719.0
2019-03-15 13:07:00,21.93,21.93,21.93,21.93,164.0
2019-03-15 13:28:00,22.165,22.165,22.165,22.165,141.0
2019-03-15 13:40:00,21.9894,21.9894,21.9894,21.9894,200.0
2019-03-15 14:48:00,22.13,22.13,22.13,22.13,310.0
2019-03-15 15:45:00,21.92,21.92,21.92,21.92,226.0
2019-03-15 15:56:00,22.37,22.37,22.37,22.37,1774.0
2019-03-15 15:59:00,22.83,22.83,22.83,22.83,602.0
2019-03-15 16:00:00,22.77,22.91,22.77,22.91,20448.0
2019-03-18 09:31:00,22.96,22.96,22.96,22.96,211.0
2019-03-18 09:53:00,22.8741,22.8741,22.8741,22.8741,137.0
2019-03-18 10:47:00,22.7,22.7,22.7,22.7,100.0
2019-03-18 10:49:00,22.81,22.85,22.81,22.85,641.0
2019-03-18 12:26:00,22.66,22.66,22.66,22.66,140.0
2019-03-18 12:45:00,22.32,22.32,22.32,22.32,100.0
2019-03-18 12:46:00,22.475,22.475,22.475,22.475,205.0
2019-03-18 13:00:00,22.5967,22.5967,22.5967,22.5967,278.0
2019-03-18 13:29:00,22.525,22.525,22.525,22.525,310.0
2019-03-18 13:34:00,22.675,22.675,22.675,22.675,744.0
2019-03-18 13:46:00,22.67,22.67,22.67,22.67,401.0
2019-03-18 13:47:00,22.67,22.67,22.67,22.67,501.0
2019-03-18 14:15:00,22.82,23.0,22.82,23.0,2757.0
2019-03-18 14:16:00,23.0,23.0,23.0,23.0,700.0
2019-03-18 14:17:00,23.05,23.05,23.05,23.05,3587.0
2019-03-18 14:27:00,23.3,23.3,23.1,23.1,560.0
2019-03-18 14:33:00,23.345,23.345,23.345,23.345,220.0
2019-03-18 14:34:00,23.37,23.4,23.2425,23.4,3264.0
2019-03-18 14:35:00,23.45,23.45,23.45,23.45,100.0
2019-03-18 14:36:00,23.455,23.47,23.455,23.47,235.0
2019-03-18 14:37:00,23.47,23.47,23.47,23.47,570.0
2019-03-18 14:46:00,23.5,23.5,23.5,23.5,190.0
2019-03-18 14:48:00,23.195,23.475,23.195,23.475,200.0
2019-03-18 14:54:00,23.5,23.52,23.5,23.52,655.0
2019-03-18 14:55:00,23.6925,23.6925,23.6925,23.6925,220.0
2019-03-18 14:58:00,23.7,23.7,23.7,23.7,148.0
2019-03-18 15:15:00,23.45,23.63,23.45,23.61,401.0
2019-03-18 15:26:00,23.4,23.4,23.35,23.35,999.0
2019-03-18 15:42:00,23.22,23.25,23.22,23.25,1448.0
2019-03-18 15:55:00,23.61,23.61,23.61,23.61,105.0
2019-03-18 15:59:00,23.79,23.79,23.79,23.79,295.0
2019-03-18 16:00:00,23.8,23.8,23.8,23.8,176.0
2019-03-19 09:32:00,23.74,23.74,22.53,22.53,0.0
2019-03-19 09:35:00,22.96,22.96,22.96,22.96,189.0
2019-03-19 09:49:00,23.4,23.4,23.4,23.4,270.0
2019-03-19 09:52:00,23.4,23.4,23.4,23.4,220.0
2019-03-19 09:53:00,23.03,23.03,23.03,23.03,238.0
2019-03-19 09:59:00,23.49,23.49,23.49,23.49,401.0
2019-03-19 10:01:00,23.5305,23.5305,23.5305,23.5305,644.0
2019-03-19 10:45:00,23.18,23.18,23.18,23.18,177.0
2019-03-19 10:58:00,23.13,23.13,23.13,23.13,481.0
2019-03-19 10:59:00,23.13,23.13,23.13,23.13,654.0
2019-03-19 11:10:00,22.97,22.97,22.97,22.97,208.0
2019-03-19 11:27:00,22.98,22.98,22.98,22.98,273.0
2019-03-19 12:01:00,23.15,23.23,23.15,23.19,1183.0
2019-03-19 12:11:00,23.26,23.27,23.26,23.27,405.0
2019-03-19 12:12:00,23.38,23.38,23.38,23.38,413.0
2019-03-19 12:14:00,23.51,23.51,23.51,23.51,136.0
2019-03-19 13:06:00,23.28,23.45,23.27,23.29,3660.0
2019-03-19 13:16:00,23.44,23.49,23.44,23.49,776.0
2019-03-19 13:43:00,23.5,23.5,23.5,23.5,639.0
2019-03-19 14:38:00,23.5,23.5,23.5,23.5,618.0
2019-03-19 14:39:00,23.29,23.29,23.29,23.29,259.0
2019-03-19 15:13:00,23.27,23.52,23.27,23.52,431.0
2019-03-19 15:17:00,23.27,23.27,23.27,23.27,102.0
2019-03-19 15:38:00,23.48,23.48,23.48,23.48,158.0
2019-03-19 15:41:00,23.27,23.27,23.27,23.27,337.0
2019-03-19 15:53:00,23.29,23.29,23.29,23.29,124.0
2019-03-19 15:55:00,23.27,23.27,23.27,23.27,109.0
2019-03-19 15:56:00,23.42,23.42,23.41,23.42,655.0
2019-03-19 15:59:00,23.47,23.47,23.47,23.47,199.0
2019-03-19 16:00:00,23.325,23.43,23.29,23.35,1418.0
2019-03-20 09:31:00,23.52,23.52,23.52,23.52,0.0
2019-03-20 09:52:00,23.55,23.55,23.55,23.55,318.0
2019-03-20 10:31:00,23.3562,23.3562,23.3562,23.3562,1000.0
2019-03-20 10:32:00,23.275,23.28,23.24,23.28,1100.0
2019-03-20 10:37:00,23.26,23.26,23.26,23.26,110.0
2019-03-20 10:55:00,23.4,23.4,23.25,23.25,954.0
2019-03-20 11:01:00,23.29,23.29,23.29,23.29,370.0
2019-03-20 11:05:00,23.33,23.33,23.33,23.33,100.0
2019-03-20 11:06:00,23.33,23.33,23.33,23.33,100.0
2019-03-20 11:08:00,23.33,23.33,23.33,23.33,202.0
2019-03-20 11:23:00,23.38,23.42,23.33,23.42,1073.0
2019-03-20 11:29:00,23.67,23.69,23.58,23.69,540.0
2019-03-20 11:31:00,23.59,23.88,23.49,23.88,1608.0
2019-03-20 11:32:00,23.88,23.88,23.88,23.88,792.0
2019-03-20 11:34:00,23.8799,23.88,23.8799,23.88,291.0
2019-03-20 11:41:00,23.87,23.87,23.87,23.87,601.0
2019-03-20 11:46:00,23.88,23.88,23.88,23.88,487.0
2019-03-20 11:48:00,23.83,23.83,23.78,23.78,943.0
2019-03-20 11:53:00,23.735,23.735,23.735,23.735,100.0
2019-03-20 11:58:00,23.705,23.705,23.705,23.705,100.0
2019-03-20 12:03:00,23.705,23.78,23.61,23.61,1838.0
2019-03-20 12:15:00,23.45,23.45,23.45,23.45,100.0
2019-03-20 12:16:00,23.535,23.535,23.535,23.535,200.0
2019-03-20 12:23:00,23.59,23.5999,23.59,23.5999,200.0
2019-03-20 12:27:00,23.62,23.67,23.62,23.67,450.0
2019-03-20 12:42:00,23.75,23.75,23.75,23.75,100.0
2019-03-20 12:43:00,23.78,23.78,23.78,23.78,215.0
2019-03-20 13:16:00,23.72,23.72,23.72,23.72,196.0
2019-03-20 13:20:00,23.7,23.7,23.7,23.7,135.0
2019-03-20 13:41:00,23.7205,23.7205,23.7205,23.7205,1012.0
2019-03-20 13:59:00,23.79,23.79,23.79,23.79,133.0
2019-03-20 14:03:00,23.79,23.79,23.79,23.79,100.0
2019-03-20 14:04:00,23.87,23.88,23.87,23.88,744.0
2019-03-20 14:05:00,23.88,23.88,23.88,23.88,188.0
2019-03-20 14:07:00,23.88,24.17,23.78,24.17,2751.0
2019-03-20 14:10:00,24.04,24.04,24.04,24.04,0.0
2019-03-20 14:11:00,23.93,24.06,23.93,24.06,20771.0
2019-03-20 14:12:00,23.99,23.99,23.9801,23.9801,223.0
2019-03-20 14:16:00,23.96,23.96,23.96,23.96,100.0
2019-03-20 14:18:00,23.93,23.9326,23.76,23.76,2789.0
2019-03-20 14:20:00,23.875,23.88,23.875,23.88,392.0
2019-03-20 14:24:00,23.88,23.88,23.88,23.88,100.0
2019-03-20 14:25:00,23.93,23.93,23.845,23.845,730.0
2019-03-20 14:26:00,23.93,23.93,23.93,23.93,102.0
2019-03-20 14:28:00,23.77,23.77,23.77,23.77,200.0
2019-03-20 14:36:00,23.76,23.76,23.76,23.76,100.0
2019-03-20 14:49:00,23.9195,23.9195,23.9195,23.9195,225.0
2019-03-20 14:56:00,23.78,23.78,23.78,23.78,100.0
2019-03-20 15:02:00,23.99,23.99,23.99,23.99,790.0
2019-03-20 15:12:00,23.99,23.99,23.99,23.99,144.0
2019-03-20 15:21:00,24.45,24.65,24.43,24.43,776.0
2019-03-20 15:27:00,24.4686,24.4686,24.4686,24.4686,302.0
2019-03-20 15:31:00,24.28,24.28,24.28,24.28,332.0
2019-03-20 15:42:00,24.28,24.36,24.26,24.26,330.0
2019-03-20 15:44:00,24.36,24.36,24.05,24.05,1464.0
2019-03-20 15:49:00,24.24,24.24,24.24,24.24,203.0
2019-03-20 15:50:00,24.0,24.0,24.0,24.0,100.0
2019-03-20 15:54:00,24.02,24.02,24.02,24.02,100.0
2019-03-20 15:55:00,24.36,24.36,24.36,24.36,190.0
2019-03-20 15:56:00,24.195,24.195,24.195,24.195,400.0
2019-03-20 16:00:00,24.04,24.39,24.0,24.19,1827.0
2019-03-21 09:31:00,24.46,24.46,24.46,24.46,251.0
2019-03-21 09:52:00,23.8726,23.8726,23.8726,23.8726,491.0
2019-03-21 10:01:00,23.99,23.99,23.99,23.99,120.0
2019-03-21 10:02:00,23.99,23.99,23.99,23.99,108.0
2019-03-21 10:03:00,24.05,24.05,24.05,24.05,1027.0
2019-03-21 10:05:00,24.0478,24.0478,24.0478,24.0478,1680.0
2019-03-21 10:11:00,24.105,24.105,24.105,24.105,100.0
2019-03-21 10:12:00,24.0,24.0,24.0,24.0,1117.0
2019-03-21 10:13:00,24.05,24.05,24.05,24.05,1070.0
2019-03-21 10:17:00,24.05,24.05,24.05,24.05,260.0
2019-03-21 10:18:00,24.125,24.125,24.125,24.125,273.0
2019-03-21 10:29:00,24.05,24.05,24.05,24.05,898.0
2019-03-21 10:30:00,24.2,24.2,24.2,24.2,120.0
2019-03-21 10:31:00,24.3,24.3,24.3,24.3,276.0
2019-03-21 10:33:00,23.9,23.9,23.78,23.78,1535.0
2019-03-21 10:44:00,23.85,24.0,23.85,23.9,201012.0
2019-03-21 10:46:00,24.14,24.14,24.03,24.03,201736.0
2019-03-21 10:58:00,23.99,23.99,23.99,23.99,100.0
2019-03-21 11:00:00,23.99,23.99,23.99,23.99,400.0
2019-03-21 11:01:00,24.145,24.145,24.145,24.145,100.0
2019-03-21 11:02:00,23.99,23.99,23.99,23.99,200.0
2019-03-21 11:06:00,24.01,24.01,24.01,24.01,200.0
2019-03-21 11:10:00,24.155,24.155,24.155,24.155,100.0
2019-03-21 11:11:00,24.01,24.01,24.01,24.01,100.0
2019-03-21 11:12:00,24.3005,24.3005,24.3005,24.3005,1976.0
2019-03-21 11:13:00,24.345,24.345,24.21,24.31,2000.0
2019-03-21 11:14:00,24.3,24.3,24.3,24.3,2300.0
2019-03-21 11:15:00,24.2,24.2,24.2,24.2,728.0
2019-03-21 11:21:00,24.13,24.13,24.13,24.13,100.0
2019-03-21 11:32:00,24.34,24.34,24.34,24.34,600.0
2019-03-21 11:33:00,24.34,24.34,24.34,24.34,1654.0
2019-03-21 11:34:00,24.38,24.38,24.38,24.38,600.0
2019-03-21 11:35:00,24.38,24.42,24.38,24.4,700.0
2019-03-21 11:36:00,24.4,24.4,24.35,24.35,2400.0
2019-03-21 11:37:00,24.34,24.34,24.34,24.34,333.0
2019-03-21 11:39:00,24.4,24.4,24.4,24.4,100.0
2019-03-21 11:40:00,24.405,24.405,24.405,24.405,470.0
2019-03-21 11:41:00,24.4,24.4,24.35,24.4,500.0
2019-03-21 11:42:00,24.3401,24.3401,24.3401,24.3401,1400.0
2019-03-21 11:45:00,24.37,24.37,24.37,24.37,551.0
2019-03-21 12:44:00,24.48,24.48,24.48,24.48,100.0
2019-03-21 12:45:00,24.6186,24.6186,24.6186,24.6186,2764.0
2019-03-21 12:46:00,24.62,24.72,24.62,24.72,6041.0
2019-03-21 12:47:00,24.75,24.75,24.75,24.75,1702.0
2019-03-21 12:49:00,24.6,24.6,24.6,24.6,3430.0
2019-03-21 12:50:00,24.56,24.56,24.56,24.56,813.0
2019-03-21 12:52:00,24.87,24.87,24.87,24.87,122.0
2019-03-21 12:55:00,24.89,24.89,24.89,24.89,510.0
2019-03-21 12:56:00,24.75,24.75,24.6,24.6,7274.0
2019-03-21 13:07:00,24.723,24.723,24.723,24.723,120.0
2019-03-21 13:18:00,24.7244,24.7244,24.7244,24.7244,100.0
2019-03-21 13:19:00,24.9974,25.0,24.9974,25.0,4354.0
2019-03-21 13:20:00,24.66,24.66,24.6,24.6,3612.0
2019-03-21 13:32:00,25.03,25.03,25.03,25.03,4910.0
2019-03-21 13:34:00,24.9,24.9,24.9,24.9,4500.0
2019-03-21 13:35:00,24.6,24.6,24.4,24.4,8651.0
2019-03-21 13:36:00,24.44,24.44,24.38,24.38,2461.0
2019-03-21 13:37:00,24.4,24.4,24.34,24.34,4948.0
2019-03-21 13:38:00,24.39,24.47,24.3625,24.47,6862.0
2019-03-21 13:39:00,24.4681,24.4681,24.4681,24.4681,1100.0
2019-03-21 13:45:00,24.39,24.39,24.39,24.39,4101.0
2019-03-21 13:46:00,24.45,24.45,24.45,24.45,334.0
2019-03-21 13:47:00,24.38,24.38,24.38,24.38,1089.0
2019-03-21 13:48:00,24.406,24.406,24.406,24.406,1678.0
2019-03-21 13:49:00,24.36,24.36,24.36,24.36,2422.0
2019-03-21 13:57:00,24.45,24.45,24.45,24.45,200.0
2019-03-21 13:59:00,24.35,24.36,24.35,24.36,1230.0
2019-03-21 14:01:00,24.45,24.45,24.45,24.45,200.0
2019-03-21 14:02:00,24.46,24.46,24.46,24.46,900.0
2019-03-21 14:03:00,24.45,24.45,24.45,24.45,731.0
2019-03-21 14:06:00,24.4,24.4,24.4,24.4,607.0
2019-03-21 14:08:00,24.4,24.4,24.4,24.4,700.0
2019-03-21 14:09:00,24.42,24.42,24.405,24.405,4500.0
2019-03-21 14:11:00,24.5,24.5,24.5,24.5,1400.0
2019-03-21 14:12:00,24.51,24.51,24.51,24.51,2445.0
2019-03-21 14:13:00,24.49,24.49,24.49,24.49,827.0
2019-03-21 14:16:00,24.45,24.45,24.45,24.45,230.0
2019-03-21 14:18:00,24.4,24.4,24.4,24.4,407.0
2019-03-21 14:25:00,24.4499,24.4499,24.4499,24.4499,200.0
2019-03-21 14:29:00,24.34,24.4375,24.34,24.4375,3035.0
2019-03-21 14:35:00,24.37,24.48,24.37,24.48,2205.0
2019-03-21 14:38:00,24.5,24.54,24.5,24.54,3140.0
2019-03-21 14:40:00,24.82,24.82,24.82,24.82,781.0
2019-03-21 14:45:00,24.84,24.84,24.84,24.84,280.0
2019-03-21 14:50:00,24.94,24.94,24.94,24.94,8202.0
2019-03-21 15:03:00,24.42,24.42,24.42,24.42,100.0
2019-03-21 15:08:00,24.42,24.42,24.42,24.42,227.0
2019-03-21 15:09:00,24.42,24.42,24.42,24.42,9108.0
2019-03-21 15:10:00,24.5275,24.5275,24.5275,24.5275,716.0
2019-03-21 15:12:00,24.59,24.6,24.59,24.59,2373.0
2019-03-21 15:15:00,24.545,24.545,24.545,24.545,499.0
2019-03-21 15:19:00,24.55,24.55,24.55,24.55,442.0
2019-03-21 15:21:00,24.59,24.59,24.59,24.59,858.0
2019-03-21 15:23:00,24.66,24.66,24.66,24.66,1600.0
2019-03-21 15:24:00,24.74,24.74,24.74,24.74,268.0
2019-03-21 15:26:00,24.96,24.96,24.88,24.904,8607.0
2019-03-21 15:30:00,24.8,24.88,24.8,24.88,2220.0
2019-03-21 15:35:00,24.75,24.75,24.75,24.75,2085.0
2019-03-21 15:36:00,24.72,24.72,24.72,24.72,1062.0
2019-03-21 15:43:00,24.49,24.49,24.49,24.49,200.0
2019-03-21 15:45:00,24.49,24.49,24.49,24.49,200.0
2019-03-21 15:47:00,24.49,24.49,24.49,24.49,200.0
2019-03-21 15:49:00,24.49,24.49,24.49,24.49,400.0
2019-03-21 15:50:00,24.49,24.49,24.49,24.49,100.0
2019-03-21 15:52:00,24.49,24.49,24.49,24.49,200.0
2019-03-21 15:53:00,24.49,24.49,24.49,24.49,200.0
2019-03-21 15:54:00,24.6125,24.6125,24.6125,24.6125,502.0
2019-03-21 15:55:00,24.5,24.5,24.5,24.5,141.0
2019-03-21 15:56:00,24.51,24.51,24.51,24.51,529.0
2019-03-21 15:57:00,24.65,24.65,24.65,24.65,147.0
2019-03-21 15:59:00,24.6,24.6,24.6,24.6,720.0
2019-03-21 16:00:00,24.48,24.48,24.475,24.475,2447.0
2019-03-22 09:31:00,25.0,25.0,25.0,25.0,6690.0
2019-03-22 09:32:00,25.01,25.01,24.02,24.07,5943.0
2019-03-22 09:34:00,24.555,24.555,24.555,24.555,276.0
2019-03-22 09:52:00,24.9794,24.9794,24.17,24.17,372.0
2019-03-22 10:09:00,24.74,24.74,24.73,24.73,200.0
2019-03-22 10:20:00,24.66,24.66,24.66,24.66,100.0
2019-03-22 10:21:00,24.75,24.75,24.75,24.75,217.0
2019-03-22 10:33:00,24.65,24.65,24.64,24.64,784.0
2019-03-22 10:36:00,24.5037,24.5037,24.47,24.47,2668.0
2019-03-22 10:37:00,24.47,24.47,24.47,24.47,1038.0
2019-03-22 10:47:00,24.48,24.48,24.33,24.33,252.0
2019-03-22 10:48:00,24.48,24.48,24.47,24.47,729.0
2019-03-22 10:56:00,24.405,24.47,24.05,24.05,4311.0
2019-03-22 10:57:00,24.12,24.12,23.79,23.79,694.0
2019-03-22 11:11:00,23.68,23.68,23.68,23.68,110.0
2019-03-22 11:19:00,23.7,23.7,23.38,23.38,650.0
2019-03-22 11:35:00,23.53,23.53,23.53,23.53,293.0
2019-03-22 11:43:00,23.5,23.5,23.38,23.38,1343.0
2019-03-22 11:54:00,23.2,23.2,23.2,23.2,280.0
2019-03-22 12:00:00,23.2323,23.2323,22.83,22.83,855.0
2019-03-22 12:04:00,23.0644,23.0644,23.0644,23.0644,320.0
2019-03-22 12:22:00,23.41,23.41,23.41,23.41,105.0
2019-03-22 12:27:00,23.11,23.57,22.68,23.45,9673.0
2019-03-22 12:28:00,23.45,23.45,23.45,23.45,1489.0
2019-03-22 12:29:00,23.46,23.46,23.46,23.46,195.0
2019-03-22 12:30:00,23.46,23.46,23.45,23.45,287.0
2019-03-22 12:31:00,23.45,23.45,23.45,23.45,188.0
2019-03-22 12:32:00,23.45,23.45,23.45,23.45,288.0
2019-03-22 12:33:00,23.45,23.45,23.45,23.45,188.0
2019-03-22 12:34:00,23.45,23.45,23.45,23.45,265.0
2019-03-22 12:35:00,23.34,23.37,23.34,23.37,294.0
2019-03-22 12:36:00,23.31,23.31,23.31,23.31,451.0
2019-03-22 12:37:00,23.16,23.16,23.16,23.16,309.0
2019-03-22 12:42:00,22.88,22.88,22.88,22.88,208.0
2019-03-22 12:44:00,23.16,23.16,23.16,23.16,300.0
2019-03-22 12:45:00,22.95,22.95,22.95,22.95,351.0
2019-03-22 13:08:00,22.88,22.88,22.88,22.88,385.0
2019-03-22 13:31:00,22.88,22.9,22.88,22.88,1396.0
2019-03-22 14:07:00,22.985,22.985,22.985,22.985,185.0
2019-03-22 14:34:00,22.99,22.99,22.88,22.9,1378.0
2019-03-22 14:52:00,22.9,22.9,22.9,22.9,100.0
2019-03-22 14:56:00,22.93,22.93,22.93,22.93,100.0
2019-03-22 14:57:00,22.93,22.93,22.93,22.93,200.0
2019-03-22 14:58:00,22.93,22.97,22.88,22.905,2446.0
2019-03-22 14:59:00,22.935,22.935,22.935,22.935,457.0
2019-03-22 15:01:00,22.935,22.935,22.935,22.935,400.0
2019-03-22 15:02:00,22.94,22.94,22.94,22.94,205.0
2019-03-22 15:03:00,22.98,23.15,22.98,23.15,1238.0
2019-03-22 15:04:00,23.15,23.16,23.15,23.16,848.0
2019-03-22 15:31:00,23.5237,23.5237,23.5237,23.5237,190.0
2019-03-22 15:33:00,23.27,23.455,23.27,23.31,2234.0
2019-03-22 15:36:00,23.39,23.39,23.39,23.39,462.0
2019-03-22 15:39:00,23.3196,23.3196,23.2735,23.2735,1321.0
2019-03-22 15:49:00,23.29,23.29,23.29,23.29,466.0
2019-03-22 15:54:00,23.33,23.33,23.29,23.29,250.0
2019-03-22 15:55:00,23.54,23.54,23.54,23.54,100.0
2019-03-22 15:56:00,23.54,23.54,23.53,23.53,384.0
2019-03-22 15:57:00,23.5015,23.535,23.5015,23.535,505.0
2019-03-22 15:58:00,23.535,23.535,23.535,23.535,223.0
2019-03-22 15:59:00,23.78,23.78,23.535,23.535,358.0
2019-03-22 16:00:00,23.78,23.78,23.32,23.32,787.0
2019-03-25 09:31:00,23.02,23.02,23.02,23.02,911.0
2019-03-25 09:36:00,22.5,22.5,22.5,22.5,2373.0
2019-03-25 09:56:00,22.5,22.5,22.5,22.5,1747.0
2019-03-25 09:57:00,22.62,23.38,22.62,23.38,4432.0
2019-03-25 10:01:00,22.88,22.88,22.88,22.88,100.0
2019-03-25 10:08:00,23.365,23.365,23.36,23.36,1573.0
2019-03-25 10:14:00,23.345,23.345,23.345,23.345,791.0
2019-03-25 10:16:00,23.1,23.2,23.1,23.2,2723.0
2019-03-25 10:17:00,23.195,23.195,23.195,23.195,700.0
2019-03-25 10:18:00,23.28,23.28,23.2,23.2,2580.0
2019-03-25 10:19:00,23.205,23.205,23.195,23.195,2801.0
2019-03-25 10:20:00,22.99,22.99,22.99,22.99,1306.0
2019-03-25 10:21:00,23.09,23.09,23.09,23.09,291.0
2019-03-25 10:22:00,23.165,23.165,23.165,23.165,1004.0
2019-03-25 10:31:00,23.15,23.15,23.15,23.15,487.0
2019-03-25 10:34:00,23.36,23.5,23.36,23.5,2880.0
2019-03-25 10:39:00,23.55,23.55,23.55,23.55,308.0
2019-03-25 10:54:00,23.75,23.75,23.75,23.75,392.0
2019-03-25 10:57:00,23.56,24.03,23.56,24.03,1437.0
2019-03-25 10:59:00,23.87,23.87,23.87,23.87,346.0
2019-03-25 11:08:00,24.0,24.0,24.0,24.0,100.0
2019-03-25 11:09:00,23.94,23.94,23.94,23.94,1140.0
2019-03-25 11:12:00,23.7,23.7,23.7,23.7,650.0
2019-03-25 11:13:00,23.8899,23.8899,23.8899,23.8899,921.0
2019-03-25 11:24:00,23.93,23.98,23.93,23.98,300.0
2019-03-25 11:31:00,23.4815,23.4815,23.4815,23.4815,100.0
2019-03-25 11:37:00,23.58,23.58,23.58,23.58,100.0
2019-03-25 11:41:00,23.555,23.555,23.555,23.555,200.0
2019-03-25 11:57:00,23.52,23.52,23.265,23.265,1368.0
2019-03-25 12:02:00,23.255,23.255,23.255,23.255,200.0
2019-03-25 12:21:00,23.02,23.25,23.02,23.25,200.0
2019-03-25 12:42:00,23.02,23.24,23.02,23.24,330.0
2019-03-25 12:43:00,23.24,23.24,23.24,23.24,200.0
2019-03-25 12:48:00,23.1005,23.425,23.1005,23.425,4207.0
2019-03-25 12:49:00,23.45,23.45,23.45,23.45,1200.0
2019-03-25 12:50:00,23.35,23.35,23.35,23.35,1504.0
2019-03-25 12:55:00,23.45,23.5,23.44,23.5,1630.0
2019-03-25 12:56:00,23.365,23.365,23.365,23.365,692.0
2019-03-25 13:04:00,23.38,23.38,23.38,23.38,100.0
2019-03-25 13:07:00,23.375,23.375,23.375,23.375,400.0
2019-03-25 13:15:00,23.37,23.37,23.37,23.37,117.0
2019-03-25 13:26:00,23.49,23.49,23.395,23.395,1210.0
2019-03-25 13:43:00,23.265,23.265,23.265,23.265,300.0
2019-03-25 13:58:00,23.195,23.4,23.195,23.4,1710.0
2019-03-25 13:59:00,23.5,23.5,23.5,23.5,605.0
2019-03-25 14:01:00,23.48,23.5,23.48,23.5,1178.0
2019-03-25 14:23:00,23.5,23.5,23.5,23.5,110.0
2019-03-25 14:25:00,23.4605,23.4605,23.4605,23.4605,500.0
2019-03-25 14:26:00,23.46,23.46,23.46,23.46,420.0
2019-03-25 14:31:00,23.42,23.42,23.42,23.42,210.0
2019-03-25 14:37:00,23.08,23.08,23.08,23.08,100.0
2019-03-25 14:47:00,23.42,23.42,23.42,23.42,100.0
2019-03-25 14:49:00,23.44,23.5,23.44,23.45,2211.0
2019-03-25 15:04:00,23.69,23.69,23.69,23.69,205.0
2019-03-25 15:19:00,23.6,23.6,23.6,23.6,156.0
2019-03-25 15:25:00,23.65,23.65,23.65,23.65,299.0
2019-03-25 15:26:00,23.59,23.59,23.59,23.59,521.0
2019-03-25 15:28:00,23.5,23.5,23.5,23.5,222.0
2019-03-25 15:34:00,23.45,23.45,23.45,23.45,105.0
2019-03-25 15:38:00,23.07,23.07,23.07,23.07,100.0
2019-03-25 15:40:00,23.24,23.24,23.24,23.24,540.0
2019-03-25 15:41:00,23.24,23.24,23.24,23.24,932.0
2019-03-25 15:42:00,23.5,23.5,23.5,23.5,479.0
2019-03-25 15:45:00,23.41,23.41,23.41,23.41,370.0
2019-03-25 15:46:00,23.42,23.42,23.42,23.42,1964.0
2019-03-25 15:47:00,23.195,23.195,23.195,23.195,600.0
2019-03-25 15:48:00,23.39,23.5,23.39,23.5,2073.0
2019-03-25 15:49:00,23.5,23.5,23.5,23.5,530.0
2019-03-25 15:50:00,23.49,23.49,23.49,23.49,1245.0
2019-03-25 15:53:00,23.51,23.51,23.51,23.51,412.0
2019-03-25 15:58:00,23.56,23.56,23.56,23.56,1337.0
2019-03-25 15:59:00,23.335,23.335,23.335,23.335,614.0
2019-03-25 16:00:00,23.335,23.335,23.1775,23.1775,1354.0
2019-03-26 09:31:00,23.38,23.38,23.38,23.38,963.0
2019-03-26 09:39:00,23.8,23.975,23.6,23.6,4253.0
2019-03-26 09:40:00,23.607,23.607,23.607,23.607,350.0
2019-03-26 09:41:00,23.545,23.545,23.495,23.495,5184.0
2019-03-26 09:42:00,23.41,23.855,23.41,23.855,4096.0
2019-03-26 09:44:00,23.57,23.57,23.57,23.57,600.0
2019-03-26 09:46:00,23.5,23.5,23.5,23.5,540.0
2019-03-26 09:53:00,23.5,23.5,23.47,23.47,400.0
2019-03-26 09:59:00,23.5,23.5,23.5,23.5,578.0
2019-03-26 10:00:00,23.5,23.5,23.5,23.5,130400.0
2019-03-26 10:02:00,23.535,23.535,23.535,23.535,400.0
2019-03-26 10:04:00,23.41,23.41,23.41,23.41,553.0
2019-03-26 10:09:00,23.52,23.52,23.5,23.5,600.0
2019-03-26 10:11:00,23.4,23.5,23.4,23.5,4195.0
2019-03-26 10:12:00,23.41,23.41,23.41,23.41,1480.0
2019-03-26 10:18:00,23.425,23.425,23.425,23.425,400.0
2019-03-26 10:19:00,23.465,23.465,23.465,23.465,1184.0
2019-03-26 10:27:00,23.45,23.45,23.45,23.45,328.0
2019-03-26 10:37:00,23.56,23.56,23.56,23.56,515.0
2019-03-26 10:39:00,23.5925,23.5925,23.5925,23.5925,200.0
2019-03-26 10:40:00,23.6,23.6,23.6,23.6,200.0
2019-03-26 10:43:00,23.54,23.7,23.54,23.7,1908.0
2019-03-26 10:52:00,23.75,23.75,23.75,23.75,633.0
2019-03-26 10:54:00,24.05,24.05,24.05,24.05,468.0
2019-03-26 10:57:00,23.9601,23.9601,23.9601,23.9601,0.0
2019-03-26 10:59:00,23.32,23.32,23.25,23.25,130929.0
2019-03-26 11:03:00,23.8,23.8,23.75,23.75,622.0
2019-03-26 11:30:00,23.6878,23.6878,23.6878,23.6878,146.0
2019-03-26 11:38:00,23.8,23.8,23.8,23.8,670.0
2019-03-26 11:39:00,23.9,23.9,23.9,23.9,675.0
2019-03-26 11:41:00,24.0,24.0,24.0,24.0,421.0
2019-03-26 11:42:00,23.95,23.95,23.95,23.95,401.0
2019-03-26 11:46:00,23.85,23.85,23.85,23.85,582.0
2019-03-26 12:08:00,23.85,23.85,23.85,23.85,100.0
2019-03-26 12:10:00,23.85,23.85,23.85,23.85,100.0
2019-03-26 12:12:00,23.9,23.9,23.9,23.9,148.0
2019-03-26 12:15:00,23.9,23.9,23.9,23.9,258.0
2019-03-26 12:31:00,23.9,23.9,23.9,23.9,543.0
2019-03-26 12:32:00,23.915,23.915,23.915,23.915,574.0
2019-03-26 12:33:00,23.91,23.915,23.91,23.915,551.0
2019-03-26 12:34:00,23.9,23.9,23.9,23.9,403.0
2019-03-26 12:35:00,23.9,23.9,23.9,23.9,718.0
2019-03-26 12:37:00,23.9,23.9,23.9,23.9,445.0
2019-03-26 12:39:00,23.9,23.9,23.9,23.9,223.0
2019-03-26 12:40:00,23.98,23.98,23.945,23.945,1229.0
2019-03-26 13:10:00,23.9343,23.9343,23.91,23.91,991.0
2019-03-26 13:24:00,23.9,23.9,23.9,23.9,491.0
2019-03-26 13:55:00,23.9,23.9,23.9,23.9,4957.0
2019-03-26 13:59:00,23.9,23.9,23.9,23.9,659.0
2019-03-26 14:09:00,23.9,23.915,23.9,23.915,766.0
2019-03-26 14:15:00,24.0,24.0,24.0,24.0,401.0
2019-03-26 14:18:00,24.02,24.02,23.94,23.94,2123.0
2019-03-26 14:36:00,23.9,23.9,23.56,23.56,3948.0
2019-03-26 15:11:00,23.58,23.58,23.58,23.58,107.0
2019-03-26 15:14:00,23.35,23.5,23.35,23.5,4317.0
2019-03-26 15:15:00,23.34,23.615,23.315,23.535,0.0
2019-03-26 15:18:00,23.82,23.86,23.82,23.86,5200.0
2019-03-26 15:29:00,23.75,23.75,23.55,23.55,4423.0
2019-03-26 15:31:00,23.76,23.76,23.76,23.76,245.0
2019-03-26 15:40:00,23.76,23.79,23.76,23.79,991.0
2019-03-26 15:41:00,23.8,23.8,23.76,23.76,2971.0
2019-03-26 15:42:00,23.8,23.8,23.8,23.8,964.0
2019-03-26 15:44:00,23.8,23.8,23.8,23.8,1401.0
2019-03-26 15:45:00,23.78,23.8,23.76,23.8,3707.0
2019-03-26 15:54:00,23.85,23.85,23.85,23.85,824.0
2019-03-26 15:57:00,23.85,23.85,23.85,23.85,223.0
2019-03-26 15:58:00,23.85,23.85,23.84,23.85,3728.0
2019-03-26 15:59:00,23.82,23.82,23.82,23.82,432.0
2019-03-26 16:00:00,23.77,23.77,23.76,23.76,0.0
2019-03-27 09:31:00,24.01,24.01,24.01,24.01,1106.0
2019-03-27 09:44:00,23.8,23.8,23.8,23.8,100.0
2019-03-27 09:45:00,23.73,23.73,23.73,23.73,200.0
2019-03-27 09:47:00,23.81,23.81,23.81,23.81,255.0
2019-03-27 09:48:00,23.8,23.8,23.8,23.8,100.0
2019-03-27 09:49:00,23.7,23.7,23.7,23.7,233.0
2019-03-27 09:50:00,23.52,23.52,23.52,23.52,210.0
2019-03-27 09:51:00,23.605,23.605,23.605,23.605,712.0
2019-03-27 09:52:00,23.605,23.605,23.605,23.605,309.0
2019-03-27 09:53:00,23.625,23.625,23.625,23.625,200.0
2019-03-27 09:54:00,23.73,23.73,23.71,23.71,205.0
2019-03-27 09:55:00,23.675,23.675,23.675,23.675,410.0
2019-03-27 09:56:00,23.6,23.64,23.51,23.51,740.0
2019-03-27 09:57:00,23.57,23.57,23.57,23.57,1096.0
2019-03-27 09:59:00,23.6,23.6,23.6,23.6,200.0
2019-03-27 10:00:00,23.53,23.53,23.44,23.53,494.0
2019-03-27 10:01:00,23.56,23.56,23.56,23.56,599.0
2019-03-27 10:03:00,23.56,23.56,23.56,23.56,205.0
2019-03-27 10:04:00,23.605,23.605,23.605,23.605,200.0
2019-03-27 10:05:00,23.5,23.5,23.44,23.44,1220.0
2019-03-27 10:06:00,23.39,23.39,23.22,23.22,2678.0
2019-03-27 10:17:00,23.355,23.355,23.355,23.355,180.0
2019-03-27 10:23:00,23.355,23.355,23.355,23.355,100.0
2019-03-27 10:25:00,23.33,23.33,23.33,23.33,200.0
2019-03-27 10:26:00,23.36,23.36,23.36,23.36,200.0
2019-03-27 10:30:00,23.385,23.385,23.385,23.385,173.0
2019-03-27 10:32:00,23.385,23.385,23.385,23.385,124.0
2019-03-27 10:37:00,23.385,23.385,23.385,23.385,100.0
2019-03-27 10:43:00,23.385,23.385,23.385,23.385,100.0
2019-03-27 10:47:00,23.2288,23.2288,23.2288,23.2288,600.0
2019-03-27 10:49:00,23.34,23.34,23.34,23.34,605.0
2019-03-27 10:52:00,23.37,23.37,23.37,23.37,102.0
2019-03-27 10:53:00,23.37,23.37,23.37,23.37,711.0
2019-03-27 10:57:00,23.37,23.37,23.37,23.37,100.0
2019-03-27 11:02:00,23.34,23.365,23.34,23.34,10390.0
2019-03-27 11:03:00,23.34,23.36,23.32,23.32,8253.0
2019-03-27 11:04:00,23.32,23.32,23.32,23.32,134.0
2019-03-27 11:24:00,23.17,23.17,23.17,23.17,100.0
2019-03-27 11:26:00,23.31,23.32,23.31,23.315,743.0
2019-03-27 11:29:00,23.1098,23.1098,23.1098,23.1098,844.0
2019-03-27 11:30:00,23.33,23.33,23.33,23.33,100.0
2019-03-27 11:31:00,23.33,23.33,23.33,23.33,200.0
2019-03-27 11:36:00,23.33,23.33,23.33,23.33,151.0
2019-03-27 11:43:00,23.28,23.28,23.28,23.28,170.0
2019-03-27 11:50:00,23.33,23.33,23.33,23.33,175.0
2019-03-27 11:56:00,23.31,23.31,23.31,23.31,192.0
2019-03-27 11:59:00,23.235,23.235,23.235,23.235,122.0
2019-03-27 12:02:00,23.33,23.33,23.33,23.33,927.0
2019-03-27 12:03:00,23.26,23.26,23.26,23.26,781.0
2019-03-27 12:10:00,23.265,23.265,23.265,23.265,116.0
2019-03-27 12:16:00,23.425,23.425,23.425,23.425,100.0
2019-03-27 12:23:00,23.555,23.555,23.555,23.555,100.0
2019-03-27 12:29:00,23.71,23.71,23.71,23.71,100.0
2019-03-27 12:30:00,23.3195,23.3195,23.3195,23.3195,934.0
2019-03-27 12:31:00,23.3,23.3,23.3,23.3,360.0
2019-03-27 12:36:00,23.76,23.76,23.76,23.76,400.0
2019-03-27 12:37:00,23.76,23.76,23.56,23.56,400.0
2019-03-27 12:39:00,23.56,23.56,23.56,23.56,510.0
2019-03-27 12:41:00,23.47,23.47,23.47,23.47,690.0
2019-03-27 12:43:00,23.555,23.555,23.555,23.555,137.0
2019-03-27 12:48:00,23.51,23.51,23.51,23.51,100.0
2019-03-27 12:49:00,23.51,23.51,23.51,23.51,101.0
2019-03-27 12:55:00,23.51,23.51,23.51,23.51,100.0
2019-03-27 12:56:00,23.575,23.575,23.575,23.575,554.0
2019-03-27 12:58:00,23.45,23.45,23.34,23.34,1145.0
2019-03-27 12:59:00,23.41,23.41,23.41,23.41,354.0
2019-03-27 13:01:00,23.34,23.34,23.34,23.34,393.0
2019-03-27 13:02:00,23.3,23.3,23.13,23.13,975.0
2019-03-27 13:04:00,23.545,23.545,23.545,23.545,200.0
2019-03-27 13:05:00,23.545,23.545,23.545,23.545,300.0
2019-03-27 13:09:00,23.545,23.545,23.545,23.545,100.0
2019-03-27 13:16:00,23.545,23.545,23.545,23.545,100.0
2019-03-27 13:20:00,23.39,23.39,23.39,23.39,100.0
2019-03-27 13:21:00,23.39,23.39,23.39,23.39,400.0
2019-03-27 13:22:00,23.59,23.59,23.59,23.59,488.0
2019-03-27 13:25:00,23.3,23.3,23.3,23.3,700.0
2019-03-27 13:27:00,23.3,23.3,23.16,23.16,1646.0
2019-03-27 13:36:00,23.17,23.17,23.17,23.17,200.0
2019-03-27 13:37:00,23.25,23.25,23.25,23.25,271.0
2019-03-27 13:38:00,23.3,23.52,23.3,23.52,300.0
2019-03-27 13:40:00,23.3,23.3,23.3,23.3,602.0
2019-03-27 13:41:00,23.26,23.3,23.26,23.3,1546.0
2019-03-27 13:43:00,23.325,23.325,23.325,23.325,130.0
2019-03-27 13:46:00,23.3,23.3,23.3,23.3,300.0
2019-03-27 13:49:00,23.525,23.525,23.525,23.525,107.0
2019-03-27 13:51:00,23.3,23.3,23.3,23.3,272.0
2019-03-27 13:52:00,23.3,23.3,23.3,23.3,130.0
2019-03-27 13:54:00,23.3,23.3,23.3,23.3,1606.0
2019-03-27 13:55:00,23.305,23.305,23.305,23.305,200.0
2019-03-27 13:57:00,23.3,23.3,23.3,23.3,100.0
2019-03-27 13:58:00,23.3,23.3,23.3,23.3,1473.0
2019-03-27 13:59:00,23.3,23.3,23.3,23.3,603.0
2019-03-27 14:01:00,23.39,23.39,23.39,23.39,1180.0
2019-03-27 14:02:00,23.605,23.605,23.32,23.32,1060.0
2019-03-27 14:04:00,23.64,23.64,23.64,23.64,550.0
2019-03-27 14:05:00,23.39,23.39,23.39,23.39,475.0
2019-03-27 14:06:00,23.5425,23.5425,23.5425,23.5425,802.0
2019-03-27 14:07:00,23.37,23.37,23.22,23.22,2265.0
2019-03-27 14:08:00,23.3,23.3,23.3,23.3,1691.0
2019-03-27 14:09:00,23.58,23.58,23.58,23.58,1500.0
2019-03-27 14:10:00,23.38,23.38,23.38,23.38,500.0
2019-03-27 14:11:00,23.33,23.33,23.255,23.255,2413.0
2019-03-27 14:12:00,23.3,23.3,23.3,23.3,1700.0
2019-03-27 14:13:00,23.3,23.3,23.3,23.3,200.0
2019-03-27 14:15:00,23.32,23.32,23.32,23.32,210.0
2019-03-27 14:16:00,23.34,23.34,23.34,23.34,1490.0
2019-03-27 14:17:00,23.3,23.3,23.3,23.3,350.0
2019-03-27 14:19:00,23.3,23.3,23.3,23.3,884.0
2019-03-27 14:22:00,23.2,23.2,23.2,23.2,420.0
2019-03-27 14:26:00,23.19,23.19,23.19,23.19,391.0
2019-03-27 14:30:00,23.15,23.15,23.15,23.15,400.0
2019-03-27 14:33:00,23.12,23.12,23.12,23.12,250.0
2019-03-27 14:34:00,23.15,23.15,23.15,23.15,501.0
2019-03-27 14:35:00,23.18,23.18,23.18,23.18,349.0
2019-03-27 14:42:00,23.155,23.155,23.155,23.155,243.0
2019-03-27 14:45:00,23.1729,23.1729,23.1729,23.1729,607.0
2019-03-27 14:55:00,23.175,23.175,23.175,23.175,100.0
2019-03-27 14:56:00,23.175,23.175,23.175,23.175,430.0
2019-03-27 15:10:00,23.13,23.13,23.13,23.13,700.0
2019-03-27 15:11:00,23.08,23.08,23.08,23.08,544.0
2019-03-27 15:17:00,23.16,23.16,23.16,23.16,356.0
2019-03-27 15:24:00,23.125,23.125,23.125,23.125,1194.0
2019-03-27 15:25:00,23.32,23.32,23.32,23.32,1394.0
2019-03-27 15:28:00,23.32,23.32,23.32,23.32,139.0
2019-03-27 15:35:00,23.25,23.25,23.25,23.25,643.0
2019-03-27 15:36:00,23.18,23.1899,23.18,23.1899,3669.0
2019-03-27 15:42:00,23.02,23.02,23.02,23.02,172.0
2019-03-27 15:46:00,23.0,23.0,23.0,23.0,100.0
2019-03-27 15:50:00,23.02,23.02,23.02,23.02,228.0
2019-03-27 15:53:00,23.025,23.1012,23.025,23.1012,300.0
2019-03-27 15:55:00,23.08,23.12,23.0,23.11,900.0
2019-03-27 15:56:00,23.12,23.12,23.03,23.03,1278.0
2019-03-27 15:58:00,23.02,23.02,23.02,23.02,100.0
2019-03-27 15:59:00,23.21,23.25,23.21,23.25,3322.0
2019-03-27 16:00:00,23.04,23.04,23.04,23.04,2573.0
2019-03-28 09:31:00,23.995,23.995,23.7825,23.7825,0.0
2019-03-28 09:37:00,23.565,23.565,23.565,23.565,100.0
2019-03-28 09:38:00,23.3,23.3,23.3,23.3,702.0
2019-03-28 09:39:00,23.39,23.39,23.39,23.39,787.0
2019-03-28 09:40:00,23.42,23.42,23.4,23.4,1396.0
2019-03-28 09:45:00,23.25,23.3,23.25,23.3,410.0
2019-03-28 09:53:00,23.35,23.35,23.35,23.35,100.0
2019-03-28 09:55:00,23.2,23.2,23.2,23.2,300.0
2019-03-28 09:56:00,23.25,23.25,23.24,23.24,405.0
2019-03-28 09:58:00,23.25,23.25,23.25,23.25,605.0
2019-03-28 10:00:00,23.155,23.155,23.155,23.155,500.0
2019-03-28 10:04:00,23.15,23.15,23.15,23.15,300.0
2019-03-28 10:05:00,23.07,23.07,23.07,23.07,815.0
2019-03-28 10:32:00,23.13,23.13,23.0,23.0,1230.0
2019-03-28 10:34:00,23.0,23.0,23.0,23.0,1362.0
2019-03-28 10:35:00,23.0,23.0,23.0,23.0,1623.0
2019-03-28 11:08:00,22.91,22.91,22.91,22.91,419.0
2019-03-28 11:11:00,22.9,22.9,22.9,22.9,729.0
2019-03-28 11:12:00,22.78,22.78,22.78,22.78,600.0
2019-03-28 11:29:00,22.76,22.76,22.76,22.76,1129.0
2019-03-28 11:30:00,22.76,22.76,22.76,22.76,1062.0
2019-03-28 11:35:00,22.76,22.76,22.76,22.76,264.0
2019-03-28 11:41:00,22.76,22.78,22.76,22.78,1499.0
2019-03-28 11:48:00,22.76,22.76,22.76,22.76,139.0
2019-03-28 11:53:00,22.76,22.76,22.76,22.76,227.0
2019-03-28 12:15:00,22.76,22.76,22.76,22.76,827.0
2019-03-28 12:16:00,22.76,22.76,22.76,22.76,700.0
2019-03-28 12:19:00,22.76,22.76,22.76,22.76,100.0
2019-03-28 12:20:00,22.8,22.8,22.8,22.8,399.0
2019-03-28 12:25:00,22.84,22.86,22.84,22.86,400.0
2019-03-28 12:26:00,22.9,22.9,22.82,22.82,1213.0
2019-03-28 13:13:00,22.82,22.875,22.82,22.875,447.0
2019-03-28 13:14:00,23.0,23.0,23.0,23.0,270.0
2019-03-28 13:21:00,23.01,23.01,22.97,22.97,1430.0
2019-03-28 13:26:00,23.02,23.02,22.76,22.76,2954.0
2019-03-28 13:27:00,22.77,22.77,22.76,22.76,4265.0
2019-03-28 13:28:00,22.76,22.8,22.76,22.8,8714.0
2019-03-28 13:30:00,22.8,22.8,22.8,22.8,200.0
2019-03-28 13:31:00,22.8,22.8,22.8,22.8,600.0
2019-03-28 13:33:00,22.8,22.8,22.8,22.8,100.0
2019-03-28 13:38:00,22.7893,22.7893,22.7893,22.7893,100.0
2019-03-28 13:42:00,22.8,22.8,22.8,22.8,200.0
2019-03-28 13:44:00,22.78,22.8,22.78,22.8,1222.0
2019-03-28 13:47:00,22.85,22.85,22.85,22.85,106.0
2019-03-28 13:50:00,22.84,22.84,22.84,22.84,101.0
2019-03-28 14:00:00,22.805,22.805,22.805,22.805,100.0
2019-03-28 14:21:00,22.85,22.85,22.85,22.85,117.0
2019-03-28 14:25:00,22.76,22.76,22.76,22.76,1638.0
2019-03-28 14:31:00,22.76,22.76,22.76,22.76,200.0
2019-03-28 14:36:00,22.76,22.76,22.76,22.76,1290.0
2019-03-28 14:40:00,22.76,22.76,22.76,22.76,110.0
2019-03-28 14:41:00,22.76,22.76,22.76,22.76,115.0
2019-03-28 14:45:00,22.76,22.76,22.76,22.76,215.0
2019-03-28 14:46:00,22.8,22.8,22.8,22.8,229.0
2019-03-28 14:50:00,22.86,22.86,22.86,22.86,982.0
2019-03-28 14:53:00,22.76,22.8,22.76,22.8,6200.0
2019-03-28 14:54:00,22.54,22.54,22.45,22.45,3242.0
2019-03-28 14:55:00,22.0,22.0,22.0,22.0,500321.0
2019-03-28 15:07:00,22.3,22.3,22.29,22.29,390.0
2019-03-28 15:14:00,22.48,22.48,22.48,22.48,142.0
2019-03-28 15:23:00,22.5,22.5,22.5,22.5,616.0
2019-03-28 15:27:00,22.52,22.52,22.52,22.52,376.0
2019-03-28 15:43:00,22.86,22.86,22.86,22.86,341.0
2019-03-28 15:45:00,22.85,22.855,22.85,22.855,278.0
2019-03-28 15:46:00,22.87,22.87,22.87,22.87,415.0
2019-03-28 15:47:00,22.87,22.87,22.87,22.87,593.0
2019-03-28 15:48:00,22.87,22.97,22.87,22.97,984.0
2019-03-28 15:49:00,22.76,22.76,22.76,22.76,146.0
2019-03-28 15:50:00,22.7,22.7,22.7,22.7,746.0
2019-03-28 15:51:00,22.93,22.93,22.93,22.93,709.0
2019-03-28 15:53:00,23.22,23.22,23.22,23.22,200.0
2019-03-28 15:54:00,22.955,22.955,22.955,22.955,100.0
2019-03-28 15:55:00,22.76,22.76,22.76,22.76,800.0
2019-03-28 15:56:00,22.72,22.94,22.72,22.94,1705.0
2019-03-28 15:57:00,22.7,22.7,22.7,22.7,600.0
2019-03-28 15:58:00,22.65,22.65,22.65,22.65,992.0
2019-03-28 15:59:00,22.6,22.6,22.52,22.52,2289.0
2019-03-28 16:00:00,22.76,22.76,22.5,22.5,3538.0
2019-03-29 09:31:00,23.11,23.11,23.11,23.11,0.0
2019-03-29 09:36:00,22.3075,22.3075,22.3075,22.3075,100.0
2019-03-29 09:41:00,23.1,23.46,22.515,22.515,1403.0
2019-03-29 09:42:00,22.96,23.15,22.96,23.15,1054.0
2019-03-29 09:43:00,23.1,23.1,23.05,23.05,370.0
2019-03-29 09:45:00,23.0,23.0,22.695,22.8328,790.0
2019-03-29 09:52:00,22.83,22.99,22.72,22.72,950.0
2019-03-29 09:53:00,22.99,23.0,22.99,23.0,1547.0
2019-03-29 09:55:00,23.13,23.13,23.13,23.13,503.0
2019-03-29 10:02:00,23.15,23.15,23.1,23.1,1081.0
2019-03-29 10:03:00,23.02,23.06,23.02,23.06,732.0
2019-03-29 10:08:00,23.1,23.28,23.09,23.27,4659.0
2019-03-29 10:09:00,23.27,23.27,23.27,23.27,640.0
2019-03-29 10:15:00,23.5,23.56,23.36,23.36,1379.0
2019-03-29 10:17:00,23.7,23.7,23.7,23.7,191.0
2019-03-29 10:23:00,23.125,23.125,23.12,23.12,201.0
2019-03-29 10:30:00,23.71,23.71,23.71,23.71,120.0
2019-03-29 10:33:00,23.6,23.6,23.56,23.56,888.0
2019-03-29 10:53:00,23.5,23.5,23.5,23.5,140.0
2019-03-29 10:59:00,23.29,23.29,23.25,23.25,215.0
2019-03-29 11:09:00,23.43,24.0,23.2,24.0,8206.0
2019-03-29 11:13:00,24.53,24.53,24.53,24.53,102.0
2019-03-29 11:20:00,24.51,24.51,24.51,24.51,103.0
2019-03-29 11:26:00,24.125,24.125,23.98,23.98,200.0
2019-03-29 11:27:00,24.175,24.37,24.175,24.37,206.0
2019-03-29 11:28:00,24.005,24.4,24.005,24.4,400.0
2019-03-29 11:29:00,24.4,24.4,24.4,24.4,100.0
2019-03-29 11:30:00,24.17,24.21,24.17,24.21,500.0
2019-03-29 11:31:00,24.1,24.1,23.85,23.85,1530.0
2019-03-29 11:37:00,24.075,24.075,24.075,24.075,113.0
2019-03-29 11:46:00,24.315,24.39,24.09,24.39,2600.0
2019-03-29 11:47:00,24.1,24.1,24.1,24.1,124.0
2019-03-29 11:51:00,24.07,24.1,24.07,24.1,384.0
2019-03-29 11:58:00,23.93,23.93,23.93,23.93,213.0
2019-03-29 12:21:00,24.08,24.08,24.08,24.08,115.0
2019-03-29 12:31:00,24.06,24.1,24.06,24.1,341.0
2019-03-29 12:32:00,24.1,24.14,24.05,24.14,5793.0
2019-03-29 12:33:00,24.05,24.24,24.05,24.24,212.0
2019-03-29 12:44:00,24.105,24.105,24.1,24.1,210.0
2019-03-29 12:46:00,24.05,24.1252,24.05,24.1252,357.0
2019-03-29 12:59:00,24.4,24.4,24.025,24.04,1593.0
2019-03-29 13:01:00,24.2472,24.2472,24.2472,24.2472,228.0
2019-03-29 13:05:00,24.36,24.36,24.36,24.36,222.0
2019-03-29 13:20:00,24.4,24.4,24.4,24.4,100.0
2019-03-29 13:21:00,24.4,24.4,24.4,24.4,100.0
2019-03-29 13:23:00,24.4,24.4,24.4,24.4,1784.0
2019-03-29 13:38:00,24.6,24.6,24.6,24.6,113.0
2019-03-29 13:41:00,24.97,24.97,24.97,24.97,204.0
2019-03-29 13:45:00,24.74,24.74,24.74,24.74,223.0
2019-03-29 13:47:00,24.93,24.97,24.93,24.97,539.0
2019-03-29 13:51:00,24.83,24.83,24.83,24.83,407.0
2019-03-29 13:52:00,24.83,24.83,24.83,24.83,1691.0
2019-03-29 14:11:00,24.96,24.96,24.96,24.96,231.0
2019-03-29 14:21:00,25.37,25.37,24.96,25.34,764.0
2019-03-29 14:24:00,25.26,25.6852,25.26,25.6852,1820.0
2019-03-29 14:37:00,25.8516,25.8516,25.8516,25.8516,500.0
2019-03-29 14:38:00,25.9335,26.56,25.87,26.56,2035.0
2019-03-29 14:39:00,26.22,26.296,26.22,26.296,210.0
2019-03-29 14:40:00,26.52,26.52,26.52,26.52,200.0
2019-03-29 14:41:00,26.35,26.35,26.35,26.35,520.0
2019-03-29 14:42:00,26.3668,26.3668,26.3668,26.3668,595.0
2019-03-29 14:46:00,26.45,26.45,26.45,26.45,100.0
2019-03-29 14:47:00,26.45,26.45,26.45,26.45,883.0
2019-03-29 14:49:00,26.48,26.48,26.3225,26.3225,647.0
2019-03-29 14:53:00,26.48,26.48,26.4,26.47,910.0
2019-03-29 14:54:00,26.335,26.35,25.8927,25.8927,3031.0
2019-03-29 15:05:00,26.2598,26.2598,26.2598,26.2598,110.0
2019-03-29 15:07:00,25.98,26.03,25.98,26.03,300.0
2019-03-29 15:08:00,26.0184,26.0184,26.0184,26.0184,245.0
2019-03-29 15:09:00,26.22,26.23,26.03,26.03,704.0
2019-03-29 15:16:00,26.32,26.32,26.03,26.03,1700.0
2019-03-29 15:17:00,26.03,26.03,26.03,26.03,1538.0
2019-03-29 15:18:00,26.085,26.085,26.085,26.085,1015.0
2019-03-29 15:19:00,26.085,26.085,26.085,26.085,100.0
2019-03-29 15:20:00,25.96,25.96,25.87,25.93,1202.0
2019-03-29 15:21:00,25.735,25.917,25.7,25.75,1265.0
2019-03-29 15:22:00,25.84,25.84,25.84,25.84,100.0
2019-03-29 15:27:00,25.855,25.855,25.855,25.855,102.0
2019-03-29 15:28:00,25.64,25.785,25.6305,25.785,400.0
2019-03-29 15:30:00,25.74,25.74,25.74,25.74,200.0
2019-03-29 15:31:00,25.7035,25.7035,25.7035,25.7035,500.0
2019-03-29 15:32:00,25.785,25.785,25.785,25.785,292.0
2019-03-29 15:39:00,26.045,26.045,26.045,26.045,202.0
2019-03-29 15:42:00,25.9,25.9,25.56,25.6411,2588.0
2019-03-29 15:43:00,25.67,25.67,25.67,25.67,157.0
2019-03-29 15:44:00,25.625,25.625,25.625,25.625,1763.0
2019-03-29 15:45:00,25.645,25.645,25.55,25.55,1044.0
2019-03-29 15:46:00,25.55,25.55,25.26,25.33,1128.0
2019-03-29 15:51:00,25.11,25.11,25.11,25.11,800.0
2019-03-29 15:52:00,25.11,25.34,25.005,25.32,2551.0
2019-03-29 15:55:00,25.42,25.96,25.42,25.575,518.0
2019-03-29 15:56:00,25.88,26.12,25.88,25.985,3481.0
2019-03-29 15:57:00,26.045,26.22,25.9,25.9,1738.0
2019-03-29 15:58:00,26.17,26.17,25.985,26.11,741.0
2019-03-29 15:59:00,26.1,26.1,25.985,25.985,345.0
2019-03-29 16:00:00,26.11,26.21,26.0,26.21,6147.0
2019-04-01 09:31:00,26.67,26.67,26.67,26.67,125.0
2019-04-01 09:41:00,26.5192,26.5192,26.5192,26.5192,2075.0
2019-04-01 09:42:00,26.28,26.28,25.5,25.5,3892.0
2019-04-01 09:54:00,25.9,26.345,25.9,26.345,892.0
2019-04-01 09:56:00,25.94,25.94,25.94,25.94,223.0
2019-04-01 09:59:00,26.015,26.015,26.015,26.015,767.0
2019-04-01 10:01:00,26.47,26.47,26.47,26.47,323.0
2019-04-01 10:08:00,26.0,26.0,26.0,26.0,1438.0
2019-04-01 10:13:00,26.245,26.245,26.245,26.245,532.0
2019-04-01 10:26:00,26.4975,26.4975,26.4975,26.4975,275.0
2019-04-01 10:36:00,26.39,26.39,26.39,26.39,251.0
2019-04-01 10:37:00,26.31,26.31,26.31,26.31,712.0
2019-04-01 10:43:00,26.49,26.49,26.49,26.49,101.0
2019-04-01 10:45:00,26.8826,26.8826,26.8826,26.8826,669.0
2019-04-01 10:50:00,26.8,26.8,26.8,26.8,100.0
2019-04-01 10:52:00,26.6721,26.6721,26.63,26.63,816.0
2019-04-01 11:01:00,26.805,26.805,26.805,26.805,132.0
2019-04-01 11:07:00,26.745,26.745,26.745,26.745,143.0
2019-04-01 11:09:00,26.76,26.76,26.76,26.76,323.0
2019-04-01 11:11:00,26.785,26.785,26.785,26.785,102.0
2019-04-01 11:14:00,26.7063,26.7063,26.7063,26.7063,222.0
2019-04-01 11:20:00,26.975,26.975,26.975,26.975,2731.0
2019-04-01 11:21:00,26.805,26.805,26.805,26.805,734.0
2019-04-01 11:33:00,26.88,26.88,26.88,26.88,348.0
2019-04-01 11:35:00,26.72,26.72,26.72,26.72,204.0
2019-04-01 11:40:00,26.6,26.6,26.6,26.6,102.0
2019-04-01 11:44:00,26.73,26.73,26.73,26.73,1148.0
2019-04-01 11:45:00,27.2716,27.2716,26.855,26.855,10647.0
2019-04-01 11:47:00,27.0853,27.0853,27.0853,27.0853,201.0
2019-04-01 11:50:00,27.53,27.53,26.91,26.91,2001.0
2019-04-01 11:53:00,27.1547,27.1547,26.7,26.7,827.0
2019-04-01 11:55:00,26.7948,26.7948,26.7948,26.7948,1201.0
2019-04-01 11:59:00,27.0,27.0,27.0,27.0,226.0
2019-04-01 12:00:00,27.145,27.145,26.8637,26.8637,2331.0
2019-04-01 12:01:00,26.73,26.73,26.73,26.73,1354.0
2019-04-01 12:03:00,26.78,26.78,26.78,26.78,202.0
2019-04-01 12:07:00,27.0,27.0,27.0,27.0,506.0
2019-04-01 12:10:00,27.0684,27.0684,27.0684,27.0684,421.0
2019-04-01 12:13:00,27.0,27.0,27.0,27.0,500.0
2019-04-01 12:15:00,27.2036,27.227,27.2036,27.227,951.0
2019-04-01 12:17:00,27.0095,27.0095,27.0095,27.0095,946.0
2019-04-01 12:22:00,26.7997,26.7997,26.7997,26.7997,169.0
2019-04-01 12:33:00,26.99,26.99,26.99,26.99,204.0
2019-04-01 12:39:00,27.13,27.13,27.13,27.13,104.0
2019-04-01 12:48:00,27.17,27.17,27.17,27.17,717.0
2019-04-01 13:23:00,27.0,27.0,27.0,27.0,1401.0
2019-04-01 13:28:00,27.0,27.0,27.0,27.0,118.0
2019-04-01 13:33:00,26.9,26.9,26.9,26.9,403.0
2019-04-01 13:36:00,27.205,27.205,27.205,27.205,165.0
2019-04-01 13:38:00,26.9,26.9,26.9,26.9,641.0
2019-04-01 13:41:00,26.97,26.97,26.97,26.97,286.0
2019-04-01 13:46:00,27.0,27.0,27.0,27.0,201.0
2019-04-01 13:48:00,27.01,27.01,27.01,27.01,341.0
2019-04-01 13:50:00,26.81,26.81,26.81,26.81,601.0
2019-04-01 13:53:00,26.9,26.9,26.9,26.9,300.0
2019-04-01 13:56:00,26.63,26.63,26.63,26.63,230.0
2019-04-01 14:03:00,26.51,26.51,26.51,26.51,900.0
2019-04-01 14:07:00,26.155,26.155,26.155,26.155,412.0
2019-04-01 14:10:00,25.75,25.93,25.75,25.93,1309.0
2019-04-01 14:12:00,25.74,25.74,25.74,25.74,1249.0
2019-04-01 14:13:00,25.75,25.75,25.75,25.75,415.0
2019-04-01 14:16:00,25.76,25.76,25.26,25.26,1639.0
2019-04-01 14:18:00,25.945,25.945,25.945,25.945,113.0
2019-04-01 14:30:00,26.0,26.0,26.0,26.0,135.0
2019-04-01 14:37:00,26.0,26.0,26.0,26.0,137.0
2019-04-01 14:50:00,26.45,26.45,26.45,26.45,540.0
2019-04-01 14:55:00,26.345,26.345,26.345,26.345,102.0
2019-04-01 14:58:00,26.46,26.5,26.46,26.5,5542.0
2019-04-01 15:01:00,26.8,26.8,26.8,26.8,391.0
2019-04-01 15:03:00,26.935,26.935,26.935,26.935,120.0
2019-04-01 15:07:00,27.01,27.01,27.01,27.01,159.0
2019-04-01 15:13:00,27.21,27.25,27.21,27.25,1194.0
2019-04-01 15:17:00,27.305,27.305,27.305,27.305,136.0
2019-04-01 15:21:00,27.402,27.402,27.402,27.402,419.0
2019-04-01 15:26:00,27.33,27.33,27.315,27.315,247.0
2019-04-01 15:35:00,27.19,27.19,27.19,27.19,288.0
2019-04-01 15:37:00,27.3,27.3,27.3,27.3,101.0
2019-04-01 15:40:00,27.3,27.3,27.3,27.3,177.0
2019-04-01 15:41:00,27.24,27.24,27.24,27.24,652.0
2019-04-01 15:42:00,27.1,27.1,27.1,27.1,750.0
2019-04-01 15:43:00,27.0,27.0,27.0,27.0,4053.0
2019-04-01 15:49:00,27.14,27.15,27.14,27.15,921.0
2019-04-01 15:51:00,27.1,27.1,27.1,27.1,295.0
2019-04-01 15:52:00,27.5,27.5,27.3,27.5,5113.0
2019-04-01 15:54:00,27.21,27.21,27.21,27.21,751.0
2019-04-01 15:56:00,27.35,27.35,27.35,27.35,902.0
2019-04-01 15:57:00,27.5,27.5,27.5,27.5,2487.0
2019-04-01 15:59:00,27.51,27.51,27.51,27.51,2273.0
2019-04-01 16:00:00,27.62,27.825,27.62,27.825,2762.0
2019-04-02 09:31:00,27.82,27.82,27.62,27.62,1269.0
2019-04-02 09:34:00,27.71,27.8,27.71,27.8,302.0
2019-04-02 09:37:00,27.63,27.63,27.63,27.63,126.0
2019-04-02 09:42:00,27.4,27.4,27.4,27.4,0.0
2019-04-02 09:50:00,27.49,28.39,27.49,28.39,2142.0
2019-04-02 09:59:00,28.3,28.3,28.3,28.3,131.0
2019-04-02 10:11:00,27.972,27.972,27.972,27.972,351.0
2019-04-02 10:22:00,28.19,28.19,28.19,28.19,400.0
2019-04-02 10:42:00,28.04,28.04,28.04,28.04,315.0
2019-04-02 10:44:00,27.97,27.97,27.97,27.97,739.0
2019-04-02 10:48:00,27.89,27.89,27.89,27.89,652.0
2019-04-02 11:02:00,27.83,27.83,27.83,27.83,210.0
2019-04-02 11:08:00,27.76,27.76,27.76,27.76,414.0
2019-04-02 11:13:00,27.91,27.91,27.91,27.91,328.0
2019-04-02 11:22:00,27.585,27.585,27.585,27.585,391.0
2019-04-02 11:40:00,27.77,27.77,27.77,27.77,223.0
2019-04-02 11:53:00,27.82,27.82,27.82,27.82,234.0
2019-04-02 11:58:00,27.85,27.85,27.85,27.85,269.0
2019-04-02 12:20:00,27.96,27.96,27.96,27.96,100.0
2019-04-02 12:24:00,27.96,27.96,27.96,27.96,289.0
2019-04-02 12:51:00,28.01,28.01,28.01,28.01,539.0
2019-04-02 13:05:00,28.02,28.02,28.02,28.02,100.0
2019-04-02 13:07:00,28.04,28.04,27.96,27.96,1814.0
2019-04-02 13:08:00,28.04,28.04,28.04,28.04,735.0
2019-04-02 13:11:00,27.96,27.96,27.895,27.895,749.0
2019-04-02 13:17:00,27.89,27.89,27.89,27.89,495.0
2019-04-02 13:27:00,27.9263,27.9263,27.9263,27.9263,330.0
2019-04-02 13:38:00,27.89,27.89,27.89,27.89,498.0
2019-04-02 14:07:00,27.98,27.98,27.98,27.98,300.0
2019-04-02 14:08:00,27.935,27.935,27.935,27.935,412.0
2019-04-02 14:15:00,28.18,28.18,28.06,28.06,432.0
2019-04-02 14:23:00,28.0,28.0,28.0,28.0,200.0
2019-04-02 14:30:00,28.18,28.18,28.18,28.18,315.0
2019-04-02 14:32:00,28.095,28.095,28.095,28.095,815.0
2019-04-02 14:39:00,28.09,28.09,28.09,28.09,244.0
2019-04-02 14:40:00,28.125,28.125,28.125,28.125,315.0
2019-04-02 14:47:00,28.16,28.18,28.16,28.18,2641.0
2019-04-02 14:48:00,28.23,28.23,28.175,28.19,8027.0
2019-04-02 14:49:00,28.24,28.24,28.24,28.24,1515.0
2019-04-02 14:51:00,28.225,28.225,28.225,28.225,200.0
2019-04-02 14:52:00,28.225,28.225,28.225,28.225,300.0
2019-04-02 14:53:00,28.26,28.26,28.255,28.255,2100.0
2019-04-02 14:55:00,28.28,28.28,28.275,28.275,1179.0
2019-04-02 14:58:00,28.2501,28.2501,28.2501,28.2501,400.0
2019-04-02 15:05:00,28.1777,28.1777,28.1777,28.1777,115.0
2019-04-02 15:15:00,28.27,28.27,28.27,28.27,100.0
2019-04-02 15:16:00,28.26,28.26,28.26,28.26,350.0
2019-04-02 15:24:00,28.245,28.245,28.245,28.245,818.0
2019-04-02 15:32:00,28.19,28.19,28.19,28.19,894.0
2019-04-02 15:33:00,28.28,28.28,28.28,28.28,346.0
2019-04-02 15:35:00,28.25,28.25,28.25,28.25,410.0
2019-04-02 15:38:00,28.305,28.305,28.305,28.305,613.0
2019-04-02 15:39:00,28.41,28.41,28.41,28.41,293.0
2019-04-02 15:40:00,28.505,28.505,28.505,28.505,100.0
2019-04-02 15:43:00,28.41,28.41,28.41,28.41,648.0
2019-04-02 15:44:00,28.0603,28.255,28.0603,28.255,372.0
2019-04-02 15:47:00,28.245,28.245,28.245,28.245,476.0
2019-04-02 15:49:00,28.435,28.435,28.435,28.435,644.0
2019-04-02 15:52:00,28.435,28.435,28.435,28.435,529.0
2019-04-02 15:54:00,28.4,28.4,28.4,28.4,105.0
2019-04-02 15:56:00,28.37,28.37,28.37,28.37,1785.0
2019-04-02 15:58:00,28.24,28.24,28.24,28.24,354.0
2019-04-02 16:00:00,28.08,28.08,28.08,28.08,2373.0
2019-04-03 09:31:00,28.6173,28.6173,28.6173,28.6173,1304.0
2019-04-03 09:38:00,28.645,28.645,28.645,28.645,8036.0
2019-04-03 09:44:00,28.66,28.66,28.66,28.66,236.0
2019-04-03 09:51:00,28.91,28.91,28.7,28.7,2776.0
2019-04-03 09:52:00,28.7,28.7,28.7,28.7,1659.0
2019-04-03 10:10:00,29.0,29.0,29.0,29.0,200.0
2019-04-03 10:13:00,28.9038,28.9038,28.9038,28.9038,200.0
2019-04-03 10:17:00,28.86,28.86,28.86,28.86,357.0
2019-04-03 10:36:00,28.97,28.97,28.97,28.97,100.0
2019-04-03 10:41:00,29.2,29.2,29.2,29.2,1015.0
2019-04-03 10:42:00,29.56,29.56,29.56,29.56,676.0
2019-04-03 11:04:00,29.46,29.46,29.35,29.35,1060.0
2019-04-03 11:07:00,29.445,29.445,29.19,29.19,1573.0
2019-04-03 11:13:00,29.005,29.005,29.005,29.005,1090.0
2019-04-03 11:15:00,29.1,29.1,29.1,29.1,117.0
2019-04-03 11:28:00,29.271,29.271,29.271,29.271,445.0
2019-04-03 11:42:00,29.4,29.4,29.4,29.4,540.0
2019-04-03 11:43:00,29.4,29.4,29.4,29.4,330.0
2019-04-03 11:44:00,29.4,29.4,29.4,29.4,415.0
2019-04-03 11:50:00,29.46,29.46,29.46,29.46,620.0
2019-04-03 12:00:00,29.52,29.52,29.52,29.52,900.0
2019-04-03 12:04:00,29.27,29.27,29.27,29.27,95004.0
2019-04-03 12:11:00,29.54,29.54,29.54,29.54,100.0
2019-04-03 12:13:00,29.54,29.54,29.54,29.54,200.0
2019-04-03 12:15:00,29.53,29.53,29.53,29.53,125.0
2019-04-03 12:24:00,29.42,29.42,29.42,29.42,600.0
2019-04-03 12:30:00,29.505,29.505,29.505,29.505,838.0
2019-04-03 12:35:00,29.32,29.32,29.32,29.32,129.0
2019-04-03 12:40:00,29.31,29.32,29.03,29.06,8695.0
2019-04-03 12:58:00,29.27,29.27,29.08,29.225,3303.0
2019-04-03 12:59:00,29.08,29.08,28.985,28.985,1041.0
2019-04-03 13:00:00,28.95,28.95,28.95,28.95,220.0
2019-04-03 13:11:00,28.98,28.98,28.98,28.98,210.0
2019-04-03 13:13:00,28.93,28.93,28.75,28.75,4997.0
2019-04-03 13:14:00,28.75,28.75,28.31,28.31,1896.0
2019-04-03 13:18:00,28.26,28.26,28.26,28.26,374.0
2019-04-03 13:19:00,28.3,28.3,28.3,28.3,1380.0
2019-04-03 13:20:00,27.73,27.73,27.73,27.73,2272.0
2019-04-03 13:21:00,27.02,27.02,27.02,27.02,4729.0
2019-04-03 13:22:00,27.2,27.2,27.2,27.2,600.0
2019-04-03 13:24:00,27.05,27.05,27.05,27.05,1200.0
2019-04-03 13:26:00,27.3001,27.3001,27.3001,27.3001,900.0
2019-04-03 13:28:00,27.35,27.35,27.02,27.02,1240.0
2019-04-03 13:29:00,27.17,27.17,27.17,27.17,327.0
2019-04-03 13:30:00,27.68,27.81,27.68,27.81,1949.0
2019-04-03 13:31:00,28.0,28.12,28.0,28.12,1267.0
2019-04-03 13:32:00,27.945,27.945,27.945,27.945,300.0
2019-04-03 13:33:00,28.09,28.09,28.09,28.09,281.0
2019-04-03 13:35:00,27.89,27.89,27.89,27.89,1590.0
2019-04-03 13:36:00,28.06,28.06,28.06,28.06,303.0
2019-04-03 13:37:00,28.4,28.4,28.4,28.4,809.0
2019-04-03 13:39:00,28.32,28.32,28.32,28.32,461.0
2019-04-03 13:40:00,28.26,28.26,28.26,28.26,302.0
2019-04-03 13:41:00,28.5,28.5,28.35,28.35,2157.0
2019-04-03 13:43:00,28.42,28.42,28.32,28.32,881.0
2019-04-03 13:52:00,28.25,28.25,28.25,28.25,245.0
2019-04-03 13:54:00,28.16,28.16,28.16,28.16,491.0
2019-04-03 13:59:00,28.34,28.34,28.34,28.34,100.0
2019-04-03 14:13:00,28.15,28.15,28.15,28.15,603.0
2019-04-03 14:16:00,28.0,28.0,28.0,28.0,266.0
2019-04-03 14:33:00,28.25,28.25,28.25,28.25,101.0
2019-04-03 14:36:00,28.29,28.35,28.2,28.2,1527.0
2019-04-03 14:46:00,28.235,28.235,28.235,28.235,392.0
2019-04-03 14:47:00,28.12,28.12,28.12,28.12,269.0
2019-04-03 14:50:00,28.62,28.62,28.62,28.62,437.0
2019-04-03 14:54:00,28.2,28.2,28.2,28.2,344.0
2019-04-03 15:03:00,28.18,28.18,28.18,28.18,361.0
2019-04-03 15:08:00,28.39,28.39,27.95,27.95,600.0
2019-04-03 15:11:00,28.0,28.0,28.0,28.0,375.0
2019-04-03 15:13:00,28.06,28.06,28.06,28.06,40200.0
2019-04-03 15:14:00,28.05,28.05,28.05,28.05,301.0
2019-04-03 15:16:00,28.05,28.05,28.05,28.05,664.0
2019-04-03 15:18:00,28.04,28.04,28.04,28.04,284.0
2019-04-03 15:21:00,28.15,28.15,28.15,28.15,408.0
2019-04-03 15:23:00,28.13,28.13,28.13,28.13,609.0
2019-04-03 15:24:00,28.11,28.11,28.11,28.11,361.0
2019-04-03 15:25:00,28.15,28.15,28.15,28.15,303.0
2019-04-03 15:28:00,28.48,28.48,28.02,28.02,4280.0
2019-04-03 15:30:00,27.98,27.98,27.98,27.98,362.0
2019-04-03 15:34:00,28.09,28.09,28.09,28.09,149.0
2019-04-03 15:35:00,27.93,27.93,27.89,27.89,4345.0
2019-04-03 15:39:00,27.95,27.95,27.95,27.95,566.0
2019-04-03 15:49:00,28.14,28.14,27.98,27.98,749.0
2019-04-03 15:56:00,28.26,28.26,28.26,28.26,208.0
2019-04-03 15:59:00,28.25,28.25,28.25,28.25,300.0
2019-04-03 16:00:00,28.09,28.09,28.09,28.09,688.0
