
2019-03-11 09:31:00,4.9,4.9,4.9,4.9,0.0
2019-03-11 09:50:00,4.8664,4.8664,4.8664,4.8664,2051.0
2019-03-11 10:20:00,4.8644,4.8644,4.8644,4.8644,3721.0
2019-03-11 10:38:00,4.8621,4.8621,4.8621,4.8621,380.0
2019-03-11 10:47:00,4.87,4.87,4.87,4.87,306.0
2019-03-11 11:45:00,4.87,4.87,4.8621,4.8621,850.0
2019-03-11 11:52:00,4.852,4.852,4.845,4.845,290.0
2019-03-11 13:10:00,4.87,4.87,4.87,4.87,303.0
2019-03-11 13:21:00,4.8699,4.8699,4.8699,4.8699,3500.0
2019-03-11 13:31:00,4.8395,4.8395,4.8395,4.8395,245.0
2019-03-11 13:41:00,4.82,4.82,4.82,4.82,100.0
2019-03-11 13:50:00,4.83,4.83,4.8244,4.8246,4199.0
2019-03-11 13:56:00,4.68,4.68,4.68,4.68,100.0
2019-03-11 14:03:00,4.6911,4.6911,4.6911,4.6911,100.0
2019-03-11 14:04:00,4.6911,4.6911,4.6911,4.6911,1500.0
2019-03-11 14:10:00,4.768,4.768,4.768,4.768,215.0
2019-03-11 14:36:00,4.77,4.77,4.77,4.77,200.0
2019-03-11 14:55:00,4.77,4.77,4.77,4.77,1241.0
2019-03-11 14:56:00,4.77,4.77,4.77,4.77,876.0
2019-03-11 15:08:00,4.77,4.77,4.77,4.77,100.0
2019-03-11 15:09:00,4.779,4.779,4.779,4.779,100.0
2019-03-11 15:12:00,4.77,4.77,4.77,4.77,136.0
2019-03-11 15:16:00,4.76,4.77,4.76,4.77,1112.0
2019-03-11 15:27:00,4.76,4.76,4.76,4.76,100.0
2019-03-11 15:36:00,4.74,4.74,4.7,4.7,2291.0
2019-03-11 15:38:00,4.675,4.675,4.675,4.675,100.0
2019-03-11 15:47:00,4.6577,4.6577,4.6577,4.6577,200.0
2019-03-11 15:51:00,4.66,4.66,4.66,4.66,2225.0
2019-03-11 15:57:00,4.65,4.65,4.65,4.65,491.0
2019-03-11 15:59:00,4.7,4.7,4.6767,4.6767,310.0
2019-03-11 16:00:00,4.65,4.65,4.65,4.65,747.0
2019-03-12 09:31:00,4.75,4.75,4.75,4.75,0.0
2019-03-12 10:30:00,4.731,4.74,4.731,4.74,1050.0
2019-03-12 10:50:00,4.74,4.74,4.74,4.74,300.0
2019-03-12 10:54:00,4.73,4.73,4.73,4.73,1200.0
2019-03-12 10:56:00,4.73,4.73,4.713,4.713,639.0
2019-03-12 11:11:00,4.71,4.71,4.71,4.71,100.0
2019-03-12 11:16:00,4.71,4.71,4.71,4.71,100.0
2019-03-12 11:48:00,4.72,4.72,4.72,4.72,200.0
2019-03-12 12:07:00,4.7315,4.7315,4.73,4.73,400.0
2019-03-12 12:09:00,4.74,4.74,4.74,4.74,500.0
2019-03-12 12:19:00,4.73,4.73,4.73,4.73,100.0
2019-03-12 12:26:00,4.7388,4.7388,4.737,4.737,840.0
2019-03-12 12:57:00,4.7315,4.7315,4.7315,4.7315,100.0
2019-03-12 13:06:00,4.74,4.74,4.74,4.74,302.0
2019-03-12 13:41:00,4.74,4.74,4.74,4.74,100.0
2019-03-12 14:01:00,4.74,4.74,4.74,4.74,1652.0
2019-03-12 14:04:00,4.74,4.74,4.74,4.74,515.0
2019-03-12 14:51:00,4.75,4.75,4.75,4.75,100.0
2019-03-12 14:56:00,4.75,4.75,4.75,4.75,401.0
2019-03-12 15:28:00,4.74,4.74,4.74,4.74,254.0
2019-03-12 15:36:00,4.75,4.79,4.75,4.79,3195.0
2019-03-12 15:39:00,4.7839,4.7839,4.7839,4.7839,2050.0
2019-03-12 15:42:00,4.7844,4.7844,4.7844,4.7844,127.0
2019-03-12 15:48:00,4.783,4.783,4.783,4.783,1226.0
2019-03-12 15:57:00,4.79,4.79,4.79,4.79,168.0
2019-03-12 16:00:00,4.79,4.79,4.76,4.76,0.0
2019-03-13 09:44:00,4.7432,4.7432,4.7432,4.7432,2095.0
2019-03-13 10:16:00,4.78,4.78,4.78,4.78,396.0
2019-03-13 11:22:00,4.78,4.78,4.78,4.78,385.0
2019-03-13 12:09:00,4.7313,4.7313,4.68,4.68,750.0
2019-03-13 12:12:00,4.725,4.725,4.725,4.725,1120.0
2019-03-13 12:24:00,4.71,4.71,4.71,4.71,100.0
2019-03-13 12:26:00,4.72,4.72,4.72,4.72,300.0
2019-03-13 12:37:00,4.77,4.77,4.74,4.74,1430.0
2019-03-13 12:39:00,4.79,4.79,4.79,4.79,140.0
2019-03-13 12:46:00,4.8,4.8,4.8,4.8,280.0
2019-03-13 12:52:00,4.8,4.8,4.8,4.8,202.0
2019-03-13 13:09:00,4.79,4.79,4.79,4.79,400.0
2019-03-13 13:46:00,4.72,4.72,4.72,4.72,100.0
2019-03-13 14:13:00,4.71,4.71,4.71,4.71,100.0
2019-03-13 14:21:00,4.71,4.71,4.71,4.71,100.0
2019-03-13 14:29:00,4.76,4.76,4.76,4.76,2200.0
2019-03-13 14:30:00,4.8,4.8,4.8,4.8,1179.0
2019-03-13 14:55:00,4.73,4.73,4.73,4.73,100.0
2019-03-13 15:03:00,4.72,4.72,4.72,4.72,100.0
2019-03-13 15:08:00,4.78,4.78,4.78,4.78,400.0
2019-03-13 15:23:00,4.72,4.72,4.72,4.72,100.0
2019-03-13 15:36:00,4.79,4.79,4.79,4.79,100.0
2019-03-13 15:40:00,4.66,4.66,4.66,4.66,1200.0
2019-03-13 15:43:00,4.665,4.665,4.665,4.665,100.0
2019-03-13 15:46:00,4.79,4.79,4.79,4.79,100.0
2019-03-13 15:47:00,4.78,4.78,4.78,4.78,310.0
2019-03-13 15:50:00,4.7113,4.7113,4.7113,4.7113,291.0
2019-03-13 15:52:00,4.79,4.79,4.79,4.79,215.0
2019-03-13 15:53:00,4.7175,4.7175,4.7175,4.7175,505.0
2019-03-13 15:55:00,4.8,4.8,4.8,4.8,300.0
2019-03-13 15:56:00,4.8,4.8,4.8,4.8,1579.0
2019-03-13 15:58:00,4.72,4.72,4.72,4.72,100.0
2019-03-13 15:59:00,4.8,4.8,4.8,4.8,314.0
2019-03-13 16:00:00,4.8,4.8,4.8,4.8,687.0
2019-03-14 09:31:00,4.75,4.75,4.75,4.75,343.0
2019-03-14 09:33:00,4.72,4.72,4.72,4.72,203.0
2019-03-14 09:47:00,4.7399,4.7399,4.7399,4.7399,114.0
2019-03-14 10:12:00,4.755,4.755,4.755,4.755,2227.0
2019-03-14 10:14:00,4.72,4.72,4.72,4.72,200.0
2019-03-14 10:16:00,4.72,4.72,4.72,4.72,400.0
2019-03-14 10:17:00,4.72,4.72,4.72,4.72,200.0
2019-03-14 10:19:00,4.72,4.72,4.72,4.72,300.0
2019-03-14 10:21:00,4.7201,4.7201,4.7201,4.7201,2000.0
2019-03-14 10:24:00,4.72,4.72,4.72,4.72,801.0
2019-03-14 10:25:00,4.72,4.72,4.72,4.72,100.0
2019-03-14 10:26:00,4.72,4.72,4.72,4.72,100.0
2019-03-14 10:30:00,4.72,4.72,4.72,4.72,200.0
2019-03-14 10:32:00,4.72,4.72,4.72,4.72,100.0
2019-03-14 10:33:00,4.66,4.66,4.66,4.66,1539.0
2019-03-14 10:38:00,4.7,4.7,4.7,4.7,100.0
2019-03-14 10:43:00,4.7,4.7,4.66,4.66,1822.0
2019-03-14 10:49:00,4.695,4.695,4.695,4.695,885.0
2019-03-14 10:54:00,4.65,4.65,4.6092,4.6092,2250.0
2019-03-14 11:01:00,4.64,4.64,4.64,4.64,2200.0
2019-03-14 11:09:00,4.6999,4.6999,4.6999,4.6999,1053.0
2019-03-14 11:29:00,4.65,4.65,4.65,4.65,200.0
2019-03-14 11:37:00,4.6331,4.6331,4.6331,4.6331,200.0
2019-03-14 11:43:00,4.62,4.62,4.62,4.62,120.0
2019-03-14 12:13:00,4.62,4.62,4.62,4.62,1000.0
2019-03-14 12:16:00,4.63,4.63,4.63,4.63,1443.0
2019-03-14 12:43:00,4.64,4.64,4.64,4.64,100.0
2019-03-14 12:44:00,4.64,4.64,4.64,4.64,100.0
2019-03-14 12:46:00,4.63,4.63,4.63,4.63,1400.0
2019-03-14 12:47:00,4.63,4.63,4.63,4.63,200.0
2019-03-14 12:49:00,4.61,4.61,4.61,4.61,400.0
2019-03-14 12:50:00,4.61,4.61,4.61,4.61,300.0
2019-03-14 12:52:00,4.6,4.6,4.6,4.6,500.0
2019-03-14 12:53:00,4.6,4.6,4.6,4.6,200.0
2019-03-14 12:55:00,4.6,4.6,4.6,4.6,400.0
2019-03-14 12:56:00,4.6,4.6,4.6,4.6,300.0
2019-03-14 12:57:00,4.6,4.6,4.6,4.6,300.0
2019-03-14 12:58:00,4.6,4.6,4.6,4.6,200.0
2019-03-14 13:00:00,4.6,4.6,4.6,4.6,463.0
2019-03-14 13:41:00,4.6889,4.6889,4.6889,4.6889,505.0
2019-03-14 13:44:00,4.635,4.635,4.635,4.635,200.0
2019-03-14 14:11:00,4.6,4.6,4.6,4.6,1186.0
2019-03-14 14:12:00,4.59,4.69,4.25,4.68,12306.0
2019-03-14 14:21:00,4.59,4.59,4.45,4.45,600.0
2019-03-14 14:23:00,4.44,4.45,4.44,4.45,200.0
2019-03-14 14:24:00,4.4499,4.4499,4.4499,4.4499,1000.0
2019-03-14 14:25:00,4.4361,4.4361,4.4361,4.4361,701.0
2019-03-14 14:34:00,4.4499,4.45,4.4499,4.45,4500.0
2019-03-14 14:44:00,4.5518,4.7,4.5518,4.7,2000.0
2019-03-14 14:52:00,4.49,4.49,4.46,4.47,2060.0
2019-03-14 14:53:00,4.7,4.7,4.7,4.7,100.0
2019-03-14 14:54:00,4.6,4.6,4.6,4.6,200.0
2019-03-14 15:13:00,4.6999,4.6999,4.68,4.68,1300.0
2019-03-14 15:23:00,4.6,4.6,4.6,4.6,200.0
2019-03-14 15:40:00,4.6095,4.6095,4.6,4.6,400.0
2019-03-14 15:41:00,4.61,4.61,4.6,4.6,634.0
2019-03-14 15:52:00,4.68,4.68,4.68,4.68,100.0
2019-03-14 15:56:00,4.6,4.6,4.6,4.6,200.0
2019-03-14 15:59:00,4.6774,4.6774,4.6774,4.6774,202.0
2019-03-14 16:00:00,4.5588,4.5588,4.5588,4.5588,220.0
2019-03-15 09:31:00,4.55,4.55,4.55,4.55,0.0
2019-03-15 09:33:00,4.6795,4.6795,4.6795,4.6795,0.0
2019-03-15 09:57:00,4.55,4.55,4.55,4.55,1000.0
2019-03-15 09:58:00,4.6016,4.6016,4.6016,4.6016,102.0
2019-03-15 10:15:00,4.51,4.5926,4.5,4.5926,1104.0
2019-03-15 10:17:00,4.5,4.5,4.5,4.5,116.0
2019-03-15 10:19:00,4.5775,4.5775,4.5775,4.5775,125.0
2019-03-15 10:23:00,4.586,4.586,4.586,4.586,425.0
2019-03-15 10:24:00,4.58,4.58,4.58,4.58,200.0
2019-03-15 10:52:00,4.5,4.5,4.5,4.5,300.0
2019-03-15 10:55:00,4.5575,4.5575,4.5575,4.5575,231.0
2019-03-15 11:26:00,4.5,4.5,4.5,4.5,1100.0
2019-03-15 11:27:00,4.5001,4.5001,4.5,4.5,2232.0
2019-03-15 11:43:00,4.495,4.495,4.495,4.495,100.0
2019-03-15 11:53:00,4.442,4.442,4.442,4.442,3460.0
2019-03-15 11:58:00,4.431,4.45,4.431,4.45,600.0
2019-03-15 12:00:00,4.4001,4.495,4.4001,4.495,925.0
2019-03-15 12:04:00,4.4,4.4,4.4,4.4,3700.0
2019-03-15 12:08:00,4.478,4.478,4.478,4.478,0.0
2019-03-15 12:15:00,4.45,4.45,4.45,4.45,3200.0
2019-03-15 12:19:00,4.45,4.45,4.45,4.45,20764.0
2019-03-15 12:20:00,4.422,4.422,4.422,4.422,454.0
2019-03-15 12:25:00,4.43,4.43,4.43,4.43,280.0
2019-03-15 12:28:00,4.44,4.44,4.44,4.44,584.0
2019-03-15 12:30:00,4.43,4.43,4.43,4.43,200.0
2019-03-15 12:34:00,4.42,4.42,4.42,4.42,100.0
2019-03-15 12:38:00,4.4229,4.4229,4.4229,4.4229,200.0
2019-03-15 12:45:00,4.43,4.43,4.43,4.43,100.0
2019-03-15 13:06:00,4.43,4.43,4.4,4.4,3641.0
2019-03-15 13:09:00,4.37,4.37,4.37,4.37,100.0
2019-03-15 13:17:00,4.4712,4.4712,4.4712,4.4712,100.0
2019-03-15 13:19:00,4.42,4.42,4.37,4.37,1000.0
2019-03-15 13:20:00,4.385,4.385,4.385,4.385,354.0
2019-03-15 13:48:00,4.46,4.46,4.4258,4.4258,2299.0
2019-03-15 13:50:00,4.4599,4.4599,4.4599,4.4599,100.0
2019-03-15 13:59:00,4.38,4.38,4.38,4.38,100.0
2019-03-15 14:05:00,4.4,4.4,4.4,4.4,200.0
2019-03-15 14:21:00,4.4,4.4,4.4,4.4,100.0
2019-03-15 14:33:00,4.4,4.4,4.4,4.4,200.0
2019-03-15 14:41:00,4.4,4.4,4.4,4.4,200.0
2019-03-15 14:42:00,4.4,4.4,4.4,4.4,701.0
2019-03-15 14:45:00,4.4833,4.4833,4.4833,4.4833,250.0
2019-03-15 14:51:00,4.41,4.45,4.41,4.45,650.0
2019-03-15 14:56:00,4.4,4.4,4.4,4.4,100.0
2019-03-15 15:02:00,4.4,4.4,4.4,4.4,100.0
2019-03-15 15:06:00,4.4,4.4,4.4,4.4,100.0
2019-03-15 15:08:00,4.47,4.47,4.47,4.47,5300.0
2019-03-15 15:16:00,4.4,4.4,4.4,4.4,100.0
2019-03-15 15:19:00,4.39,4.39,4.39,4.39,100.0
2019-03-15 15:25:00,4.4,4.4,4.4,4.4,100.0
2019-03-15 15:31:00,4.4,4.4,4.4,4.4,105.0
2019-03-15 15:42:00,4.478,4.478,4.478,4.478,201.0
2019-03-15 15:46:00,4.4,4.4,4.4,4.4,4411.0
2019-03-15 15:50:00,4.42,4.42,4.42,4.42,311.0
2019-03-15 15:54:00,4.4,4.4,4.4,4.4,200.0
2019-03-15 15:56:00,4.4,4.4,4.4,4.4,752.0
2019-03-15 15:59:00,4.4,4.45,4.4,4.45,2807.0
2019-03-15 16:00:00,4.39,4.39,4.39,4.39,1114.0
2019-03-18 09:31:00,4.39,4.39,4.39,4.39,0.0
2019-03-18 09:46:00,4.4,4.4,4.4,4.4,7040.0
2019-03-18 09:53:00,4.5881,4.5881,4.5881,4.5881,240.0
2019-03-18 09:54:00,4.5676,4.5676,4.5676,4.5676,1004.0
2019-03-18 10:08:00,4.445,4.445,4.445,4.445,1986.0
2019-03-18 10:11:00,4.465,4.465,4.465,4.465,106.0
2019-03-18 10:31:00,4.3881,4.3881,4.3881,4.3881,100.0
2019-03-18 10:33:00,4.47,4.47,4.47,4.47,100.0
2019-03-18 10:34:00,4.4,4.4,4.4,4.4,297.0
2019-03-18 10:35:00,4.4,4.4,4.4,4.4,720.0
2019-03-18 10:54:00,4.524,4.524,4.524,4.524,100.0
2019-03-18 10:59:00,4.44,4.44,4.44,4.44,500.0
2019-03-18 11:01:00,4.4764,4.4764,4.4764,4.4764,100.0
2019-03-18 11:07:00,4.425,4.49,4.425,4.49,555.0
2019-03-18 11:21:00,4.34,4.34,4.34,4.34,125.0
2019-03-18 11:28:00,4.3314,4.3314,4.3314,4.3314,779.0
2019-03-18 11:41:00,4.335,4.335,4.335,4.335,120.0
2019-03-18 12:01:00,4.35,4.35,4.35,4.35,120.0
2019-03-18 12:07:00,4.35,4.35,4.35,4.35,1612.0
2019-03-18 12:14:00,4.35,4.35,4.35,4.35,1929.0
2019-03-18 12:28:00,4.37,4.37,4.37,4.37,160.0
2019-03-18 12:30:00,4.35,4.35,4.35,4.35,2289.0
2019-03-18 12:36:00,4.35,4.35,4.35,4.35,3260.0
2019-03-18 12:45:00,4.3428,4.3428,4.3428,4.3428,710.0
2019-03-18 12:46:00,4.35,4.35,4.35,4.35,270.0
2019-03-18 12:58:00,4.335,4.335,4.335,4.335,360.0
2019-03-18 13:05:00,4.32,4.3348,4.32,4.3348,400.0
2019-03-18 13:12:00,4.32,4.32,4.32,4.32,3276.0
2019-03-18 13:15:00,4.3176,4.3176,4.3176,4.3176,502.0
2019-03-18 13:20:00,4.31,4.31,4.31,4.31,250.0
2019-03-18 13:24:00,4.32,4.32,4.3198,4.3198,1143.0
2019-03-18 13:29:00,4.3131,4.3131,4.3131,4.3131,600.0
2019-03-18 13:31:00,4.3131,4.3131,4.3131,4.3131,320.0
2019-03-18 13:36:00,4.3172,4.3172,4.3172,4.3172,1001.0
2019-03-18 13:51:00,4.32,4.32,4.32,4.32,100.0
2019-03-18 13:57:00,4.3495,4.3495,4.3495,4.3495,520.0
2019-03-18 14:01:00,4.35,4.35,4.35,4.35,280.0
2019-03-18 14:15:00,4.325,4.325,4.3005,4.3005,2758.0
2019-03-18 14:28:00,4.33,4.33,4.33,4.33,256.0
2019-03-18 15:02:00,4.35,4.35,4.35,4.35,320.0
2019-03-18 15:12:00,4.34,4.34,4.34,4.34,212.0
2019-03-18 15:15:00,4.33,4.33,4.33,4.33,260.0
2019-03-18 15:30:00,4.35,4.35,4.346,4.346,6240.0
2019-03-18 15:33:00,4.39,4.39,4.39,4.39,282.0
2019-03-18 15:35:00,4.39,4.39,4.39,4.39,140.0
2019-03-18 15:48:00,4.37,4.37,4.37,4.37,200.0
2019-03-18 15:50:00,4.37,4.37,4.37,4.37,523.0
2019-03-18 15:57:00,4.3483,4.3483,4.3483,4.3483,201.0
2019-03-18 15:58:00,4.37,4.37,4.37,4.37,100.0
2019-03-18 16:00:00,4.35,4.35,4.35,4.35,360.0
2019-03-19 09:31:00,4.35,4.425,4.35,4.425,0.0
2019-03-19 09:35:00,4.425,4.425,4.425,4.425,6979.0
2019-03-19 09:50:00,4.45,4.45,4.45,4.45,1000.0
2019-03-19 09:59:00,4.48,4.48,4.48,4.48,345.0
2019-03-19 10:14:00,4.41,4.41,4.41,4.41,200.0
2019-03-19 10:17:00,4.4,4.4,4.4,4.4,379.0
2019-03-19 10:25:00,4.47,4.47,4.47,4.47,336.0
2019-03-19 10:29:00,4.4081,4.4081,4.4081,4.4081,426.0
2019-03-19 10:35:00,4.4,4.4,4.4,4.4,330.0
2019-03-19 10:37:00,4.38,4.3817,4.36,4.38,3700.0
2019-03-19 10:44:00,4.4,4.4,4.394,4.394,2002.0
2019-03-19 10:54:00,4.3996,4.3996,4.3996,4.3996,170.0
2019-03-19 11:02:00,4.38,4.38,4.38,4.38,200.0
2019-03-19 11:08:00,4.39,4.39,4.38,4.39,6794.0
2019-03-19 11:10:00,4.4,4.4,4.394,4.394,400.0
2019-03-19 11:11:00,4.38,4.4377,4.38,4.4377,3000.0
2019-03-19 11:14:00,4.38,4.3803,4.35,4.35,3304.0
2019-03-19 11:15:00,4.35,4.39,4.35,4.39,3143.0
2019-03-19 11:37:00,4.38,4.439,4.38,4.439,4000.0
2019-03-19 12:01:00,4.409,4.449,4.409,4.449,5386.0
2019-03-19 12:07:00,4.446,4.469,4.446,4.469,1147.0
2019-03-19 12:12:00,4.41,4.41,4.41,4.41,200.0
2019-03-19 12:20:00,4.4188,4.4188,4.41,4.41,2097.0
2019-03-19 12:35:00,4.4281,4.4281,4.4281,4.4281,100.0
2019-03-19 12:36:00,4.4281,4.4281,4.4281,4.4281,166.0
2019-03-19 12:49:00,4.41,4.41,4.41,4.41,200.0
2019-03-19 13:04:00,4.41,4.41,4.41,4.41,200.0
2019-03-19 13:08:00,4.4412,4.4412,4.4412,4.4412,125.0
2019-03-19 13:11:00,4.45,4.45,4.45,4.45,110.0
2019-03-19 13:31:00,4.41,4.41,4.41,4.41,200.0
2019-03-19 13:46:00,4.4345,4.4345,4.43,4.43,1700.0
2019-03-19 13:49:00,4.4333,4.4333,4.4333,4.4333,100.0
2019-03-19 13:51:00,4.41,4.43,4.41,4.43,500.0
2019-03-19 13:59:00,4.43,4.43,4.43,4.43,100.0
2019-03-19 14:09:00,4.41,4.41,4.41,4.41,200.0
2019-03-19 14:12:00,4.44,4.44,4.44,4.44,141.0
2019-03-19 14:15:00,4.425,4.425,4.41,4.425,1100.0
2019-03-19 14:16:00,4.425,4.425,4.425,4.425,100.0
2019-03-19 14:20:00,4.41,4.41,4.41,4.41,250.0
2019-03-19 14:21:00,4.42,4.42,4.42,4.42,100.0
2019-03-19 14:43:00,4.42,4.42,4.41,4.41,303.0
2019-03-19 15:09:00,4.42,4.42,4.4,4.4,1988.0
2019-03-19 15:21:00,4.415,4.415,4.415,4.415,111.0
2019-03-19 15:33:00,4.4,4.4,4.4,4.4,200.0
2019-03-19 15:47:00,4.415,4.415,4.415,4.415,100.0
2019-03-19 15:52:00,4.415,4.415,4.4,4.4,1092.0
2019-03-19 15:53:00,4.415,4.415,4.415,4.415,500.0
2019-03-19 15:58:00,4.42,4.425,4.4,4.415,2001.0
2019-03-19 15:59:00,4.4151,4.43,4.4151,4.43,240.0
2019-03-19 16:00:00,4.4,4.44,4.4,4.4,1143.0
2019-03-20 09:31:00,4.4,4.4,4.4,4.4,0.0
2019-03-20 09:36:00,4.41,4.41,4.4,4.4,203.0
2019-03-20 09:37:00,4.4,4.4,4.4,4.4,800.0
2019-03-20 09:39:00,4.432,4.432,4.432,4.432,315.0
2019-03-20 09:45:00,4.4378,4.4378,4.4378,4.4378,362.0
2019-03-20 09:51:00,4.4,4.4,4.4,4.4,207.0
2019-03-20 09:53:00,4.4,4.4,4.4,4.4,102.0
2019-03-20 09:54:00,4.4212,4.4212,4.4212,4.4212,100.0
2019-03-20 09:56:00,4.42,4.42,4.42,4.42,150.0
2019-03-20 09:57:00,4.42,4.42,4.42,4.42,150.0
2019-03-20 10:18:00,4.41,4.41,4.41,4.41,3094.0
2019-03-20 10:38:00,4.425,4.4499,4.4153,4.4499,2230.0
2019-03-20 10:41:00,4.42,4.42,4.42,4.42,200.0
2019-03-20 10:49:00,4.41,4.41,4.41,4.41,122.0
2019-03-20 10:56:00,4.43,4.43,4.43,4.43,265.0
2019-03-20 11:02:00,4.4279,4.4279,4.4279,4.4279,701.0
2019-03-20 11:12:00,4.41,4.41,4.41,4.41,240.0
2019-03-20 11:23:00,4.41,4.41,4.41,4.41,593.0
2019-03-20 12:37:00,4.398,4.398,4.398,4.398,2000.0
2019-03-20 12:39:00,4.4,4.4,4.4,4.4,316.0
2019-03-20 13:13:00,4.4,4.405,4.4,4.4,2600.0
2019-03-20 13:15:00,4.39,4.39,4.37,4.37,2048.0
2019-03-20 13:20:00,4.37,4.37,4.37,4.37,1144.0
2019-03-20 14:11:00,4.5,4.5,4.5,4.5,308.0
2019-03-20 14:35:00,4.4999,4.5,4.49,4.5,1909.0
2019-03-20 14:50:00,4.49,4.5,4.49,4.5,331.0
2019-03-20 15:22:00,4.49,4.5,4.49,4.5,405.0
2019-03-20 15:47:00,4.5,4.5,4.5,4.5,100.0
2019-03-20 15:53:00,4.48,4.48,4.48,4.48,100.0
2019-03-20 15:55:00,4.48,4.48,4.48,4.48,100.0
2019-03-20 15:58:00,4.48,4.48,4.48,4.48,100.0
2019-03-20 16:00:00,4.4449,4.49,4.4449,4.49,0.0
2019-03-21 09:31:00,4.51,4.51,4.51,4.51,0.0
2019-03-21 09:57:00,4.5029,4.5029,4.5029,4.5029,430.0
2019-03-21 10:17:00,4.49,4.49,4.49,4.49,244.0
2019-03-21 10:49:00,4.54,4.55,4.54,4.55,271.0
2019-03-21 11:18:00,4.5199,4.5199,4.5199,4.5199,1000.0
2019-03-21 11:27:00,4.52,4.52,4.52,4.52,300.0
2019-03-21 11:28:00,4.52,4.52,4.52,4.52,300.0
2019-03-21 11:33:00,4.5001,4.5001,4.5001,4.5001,1002.0
2019-03-21 12:05:00,4.52,4.52,4.52,4.52,303.0
2019-03-21 12:20:00,4.51,4.51,4.51,4.51,315.0
2019-03-21 12:29:00,4.501,4.501,4.5,4.5,1121.0
2019-03-21 12:43:00,4.5,4.5,4.5,4.5,107.0
2019-03-21 13:23:00,4.49,4.49,4.49,4.49,402.0
2019-03-21 13:54:00,4.48,4.48,4.48,4.48,4069.0
2019-03-21 14:29:00,4.4775,4.4775,4.4775,4.4775,388.0
2019-03-21 14:32:00,4.49,4.49,4.49,4.49,303.0
2019-03-21 15:07:00,4.5,4.5,4.5,4.5,325.0
2019-03-21 15:33:00,4.49,4.49,4.49,4.49,191.0
2019-03-21 15:46:00,4.49,4.49,4.49,4.49,200.0
2019-03-21 15:52:00,4.49,4.49,4.49,4.49,100.0
2019-03-21 15:55:00,4.49,4.49,4.49,4.49,100.0
2019-03-21 15:58:00,4.45,4.45,4.45,4.45,1637.0
2019-03-22 09:31:00,4.46,4.46,4.46,4.46,0.0
2019-03-22 09:32:00,4.4601,4.4601,4.4601,4.4601,150.0
2019-03-22 09:42:00,4.4785,4.4785,4.4785,4.4785,116.0
2019-03-22 10:25:00,4.475,4.475,4.475,4.475,118.0
2019-03-22 10:26:00,4.475,4.475,4.475,4.475,200.0
2019-03-22 10:34:00,4.475,4.475,4.475,4.475,152.0
2019-03-22 10:54:00,4.49,4.49,4.49,4.49,436.0
2019-03-22 11:50:00,4.5,4.5,4.5,4.5,443.0
2019-03-22 11:52:00,4.46,4.46,4.46,4.46,541.0
2019-03-22 12:36:00,4.455,4.455,4.455,4.455,100.0
2019-03-22 12:41:00,4.451,4.451,4.451,4.451,581.0
2019-03-22 12:46:00,4.46,4.46,4.46,4.46,462.0
2019-03-22 13:34:00,4.46,4.46,4.46,4.46,502.0
2019-03-22 14:05:00,4.4533,4.4533,4.4533,4.4533,500.0
2019-03-22 14:06:00,4.455,4.455,4.455,4.455,100.0
2019-03-22 14:08:00,4.455,4.455,4.455,4.455,100.0
2019-03-22 14:19:00,4.455,4.455,4.455,4.455,100.0
2019-03-22 14:35:00,4.46,4.5,4.46,4.5,800.0
2019-03-22 14:39:00,4.475,4.475,4.475,4.475,100.0
2019-03-22 14:40:00,4.475,4.475,4.475,4.475,100.0
2019-03-22 15:00:00,4.475,4.475,4.475,4.475,407.0
2019-03-22 15:26:00,4.46,4.49,4.46,4.49,280.0
2019-03-22 15:46:00,4.49,4.49,4.49,4.49,191.0
2019-03-22 15:51:00,4.47,4.47,4.47,4.47,120.0
2019-03-22 15:54:00,4.49,4.49,4.49,4.49,100.0
2019-03-22 15:57:00,4.49,4.49,4.49,4.49,128.0
2019-03-22 16:00:00,4.4777,4.49,4.4777,4.49,545.0
2019-03-25 09:31:00,4.5,4.5,4.5,4.5,0.0
2019-03-25 09:39:00,4.4778,4.4778,4.4723,4.4723,4465.0
2019-03-25 10:07:00,4.4777,4.4777,4.4777,4.4777,400.0
2019-03-25 10:16:00,4.45,4.45,4.45,4.45,552.0
2019-03-25 10:41:00,4.45,4.45,4.4,4.4,2664.0
2019-03-25 11:13:00,4.45,4.45,4.45,4.45,130.0
2019-03-25 11:21:00,4.5,4.5,4.5,4.5,305.0
2019-03-25 11:43:00,4.4985,4.4985,4.4985,4.4985,751.0
2019-03-25 11:47:00,4.4781,4.4781,4.4781,4.4781,1515.0
2019-03-25 12:06:00,4.49,4.49,4.49,4.49,302.0
2019-03-25 13:05:00,4.44,4.47,4.44,4.47,307.0
2019-03-25 13:17:00,4.4203,4.4203,4.4203,4.4203,1198.0
2019-03-25 13:19:00,4.41,4.41,4.41,4.41,624.0
2019-03-25 13:54:00,4.47,4.47,4.47,4.47,377.0
2019-03-25 14:40:00,4.435,4.435,4.435,4.435,1300.0
2019-03-25 14:50:00,4.4234,4.4234,4.4234,4.4234,106.0
2019-03-25 15:12:00,4.46,4.46,4.46,4.46,300.0
2019-03-25 15:19:00,4.442,4.442,4.442,4.442,250.0
2019-03-25 15:29:00,4.4379,4.4379,4.4379,4.4379,170.0
2019-03-25 15:38:00,4.46,4.46,4.46,4.46,111.0
2019-03-25 15:43:00,4.435,4.435,4.435,4.435,2578.0
2019-03-25 15:46:00,4.46,4.46,4.46,4.46,200.0
2019-03-25 15:52:00,4.46,4.46,4.46,4.46,100.0
2019-03-25 15:55:00,4.46,4.46,4.46,4.46,103.0
2019-03-25 15:58:00,4.46,4.46,4.46,4.46,100.0
2019-03-25 16:00:00,4.41,4.41,4.41,4.41,0.0
2019-03-26 09:41:00,4.4641,4.4641,4.4641,4.4641,117.0
2019-03-26 10:00:00,4.4553,4.4553,4.4553,4.4553,111.0
2019-03-26 10:58:00,4.48,4.49,4.48,4.49,300.0
2019-03-26 11:39:00,4.46,4.46,4.46,4.46,340.0
2019-03-26 11:46:00,4.326,4.326,4.326,4.326,170.0
2019-03-26 12:06:00,4.4387,4.4387,4.4387,4.4387,157.0
2019-03-26 12:22:00,4.42,4.42,4.42,4.42,495.0
2019-03-26 12:38:00,4.43,4.43,4.43,4.43,117.0
2019-03-26 12:56:00,4.3,4.43,4.3,4.43,3815.0
2019-03-26 12:58:00,4.45,4.45,4.45,4.45,140.0
2019-03-26 13:13:00,4.45,4.45,4.44,4.44,200.0
2019-03-26 13:24:00,4.44,4.44,4.44,4.44,100.0
2019-03-26 13:27:00,4.44,4.44,4.44,4.44,252.0
2019-03-26 13:35:00,4.45,4.45,4.45,4.45,200.0
2019-03-26 13:43:00,4.44,4.44,4.44,4.44,100.0
2019-03-26 13:53:00,4.44,4.44,4.44,4.44,100.0
2019-03-26 13:54:00,4.4425,4.4425,4.4425,4.4425,200.0
2019-03-26 13:57:00,4.45,4.45,4.45,4.45,325.0
2019-03-26 14:46:00,4.44,4.44,4.44,4.44,201.0
2019-03-26 14:58:00,4.445,4.445,4.445,4.445,100.0
2019-03-26 15:09:00,4.445,4.445,4.445,4.445,145.0
2019-03-26 15:12:00,4.44,4.44,4.44,4.44,5068.0
2019-03-26 15:15:00,4.43,4.43,4.43,4.43,100.0
2019-03-26 15:18:00,4.4086,4.4086,4.37,4.37,516.0
2019-03-26 15:42:00,4.42,4.42,4.42,4.42,123.0
2019-03-26 15:48:00,4.43,4.43,4.43,4.43,100.0
2019-03-26 15:50:00,4.43,4.43,4.43,4.43,100.0
2019-03-26 15:53:00,4.43,4.43,4.43,4.43,100.0
2019-03-26 15:57:00,4.42,4.42,4.42,4.42,348.0
2019-03-26 16:00:00,4.42,4.42,4.42,4.42,0.0
2019-03-27 09:31:00,4.37,4.392,4.37,4.392,0.0
2019-03-27 10:05:00,4.375,4.375,4.375,4.375,100.0
2019-03-27 10:14:00,4.3388,4.3388,4.3388,4.3388,126.0
2019-03-27 11:00:00,4.2979,4.3654,4.27,4.3654,1776.0
2019-03-27 11:49:00,4.44,4.44,4.44,4.44,250.0
2019-03-27 13:47:00,4.3115,4.3115,4.3115,4.3115,3033.0
2019-03-27 13:51:00,4.375,4.375,4.375,4.375,111.0
2019-03-27 14:18:00,4.46,4.46,4.4,4.4,353.0
2019-03-27 14:51:00,4.4006,4.4006,4.4006,4.4006,126.0
2019-03-27 15:22:00,4.43,4.43,4.43,4.43,500.0
2019-03-27 15:24:00,4.43,4.43,4.4,4.4,772.0
2019-03-27 16:00:00,4.418,4.46,4.418,4.46,465.0
2019-03-28 09:31:00,4.49,4.49,4.49,4.49,0.0
2019-03-28 10:08:00,4.472,4.472,4.472,4.472,1000.0
2019-03-28 10:30:00,4.4602,4.4602,4.46,4.46,766.0
2019-03-28 11:38:00,4.47,4.47,4.47,4.47,350.0
2019-03-28 12:04:00,4.4618,4.4618,4.45,4.45,2544.0
2019-03-28 12:19:00,4.45,4.45,4.45,4.45,425.0
2019-03-28 12:31:00,4.47,4.47,4.47,4.47,339.0
2019-03-28 13:23:00,4.47,4.47,4.47,4.47,190.0
2019-03-28 13:42:00,4.47,4.47,4.47,4.47,525.0
2019-03-28 14:00:00,4.46,4.46,4.46,4.46,520.0
2019-03-28 14:32:00,4.49,4.49,4.49,4.49,200.0
2019-03-28 14:43:00,4.4732,4.4732,4.4732,4.4732,1170.0
2019-03-28 15:17:00,4.4662,4.4662,4.4662,4.4662,161.0
2019-03-28 15:18:00,4.48,4.48,4.48,4.48,451.0
2019-03-28 15:34:00,4.4602,4.4602,4.4602,4.4602,250.0
2019-03-28 15:35:00,4.46,4.46,4.46,4.46,100.0
2019-03-28 15:37:00,4.4792,4.4792,4.4792,4.4792,500.0
2019-03-28 15:45:00,4.49,4.49,4.49,4.49,489.0
2019-03-28 15:59:00,4.49,4.49,4.49,4.49,241.0
2019-03-28 16:00:00,4.45,4.45,4.45,4.45,905.0
2019-03-29 09:32:00,4.4801,4.4801,4.4801,4.4801,0.0
2019-03-29 09:38:00,4.4723,4.4723,4.4723,4.4723,152.0
2019-03-29 10:20:00,4.47,4.47,4.47,4.47,201.0
2019-03-29 10:50:00,4.4596,4.4596,4.4596,4.4596,205.0
2019-03-29 10:59:00,4.46,4.47,4.46,4.47,700.0
2019-03-29 11:08:00,4.47,4.47,4.45,4.45,305.0
2019-03-29 11:15:00,4.4525,4.4562,4.45,4.45,2700.0
2019-03-29 11:16:00,4.45,4.45,4.45,4.45,510.0
2019-03-29 11:48:00,4.47,4.47,4.47,4.47,355.0
2019-03-29 12:26:00,4.4608,4.4608,4.4608,4.4608,111.0
2019-03-29 12:35:00,4.4799,4.4799,4.4799,4.4799,104.0
2019-03-29 12:48:00,4.4711,4.4711,4.45,4.45,3800.0
2019-03-29 12:50:00,4.465,4.465,4.465,4.465,100.0
2019-03-29 12:54:00,4.4745,4.4745,4.4745,4.4745,250.0
2019-03-29 13:17:00,4.45,4.45,4.45,4.45,700.0
2019-03-29 13:42:00,4.401,4.401,4.4,4.4,1402.0
2019-03-29 13:45:00,4.4001,4.4001,4.4,4.4,1200.0
2019-03-29 13:47:00,4.4364,4.4364,4.4,4.4,220.0
2019-03-29 13:48:00,4.432,4.432,4.432,4.432,132.0
2019-03-29 14:34:00,4.45,4.45,4.45,4.45,100.0
2019-03-29 14:39:00,4.45,4.45,4.45,4.45,200.0
2019-03-29 14:45:00,4.425,4.45,4.4,4.425,1585.0
2019-03-29 15:05:00,4.45,4.45,4.45,4.45,100.0
2019-03-29 15:06:00,4.45,4.45,4.425,4.425,300.0
2019-03-29 15:07:00,4.45,4.45,4.45,4.45,100.0
2019-03-29 15:12:00,4.425,4.425,4.425,4.425,100.0
2019-03-29 15:14:00,4.45,4.45,4.45,4.45,135.0
2019-03-29 15:20:00,4.45,4.45,4.45,4.45,100.0
2019-03-29 15:29:00,4.45,4.45,4.45,4.45,100.0
2019-03-29 15:30:00,4.425,4.425,4.425,4.425,200.0
2019-03-29 15:34:00,4.45,4.45,4.45,4.45,200.0
2019-03-29 15:42:00,4.45,4.45,4.4,4.4,950.0
2019-03-29 15:44:00,4.4,4.425,4.4,4.425,349.0
2019-03-29 15:48:00,4.45,4.45,4.45,4.45,100.0
2019-03-29 15:51:00,4.45,4.45,4.425,4.425,565.0
2019-03-29 15:52:00,4.45,4.45,4.45,4.45,153.0
2019-03-29 15:54:00,4.45,4.45,4.45,4.45,201.0
2019-03-29 15:55:00,4.45,4.45,4.4,4.45,300.0
2019-03-29 15:56:00,4.45,4.45,4.425,4.45,300.0
2019-03-29 15:57:00,4.45,4.45,4.45,4.45,345.0
2019-03-29 15:58:00,4.45,4.48,4.45,4.48,500.0
2019-03-29 15:59:00,4.48,4.48,4.41,4.4406,1251.0
2019-03-29 16:00:00,4.48,4.48,4.44,4.44,1532.0
2019-04-01 09:31:00,4.5301,4.5301,4.5301,4.5301,7083.0
2019-04-01 09:36:00,4.5301,4.5301,4.5301,4.5301,1072.0
2019-04-01 09:38:00,4.53,4.53,4.53,4.53,335.0
2019-04-01 09:41:00,4.535,4.535,4.535,4.535,220.0
2019-04-01 09:53:00,4.53,4.53,4.53,4.53,201.0
2019-04-01 10:37:00,4.5387,4.5387,4.5387,4.5387,501.0
2019-04-01 10:51:00,4.535,4.54,4.535,4.54,1088.0
2019-04-01 10:56:00,4.5347,4.5347,4.5347,4.5347,326.0
2019-04-01 11:04:00,4.5399,4.5399,4.5399,4.5399,1800.0
2019-04-01 11:07:00,4.54,4.54,4.537,4.537,1836.0
2019-04-01 11:20:00,4.54,4.54,4.54,4.54,735.0
2019-04-01 11:32:00,4.535,4.535,4.53,4.53,1641.0
2019-04-01 11:34:00,4.53,4.53,4.53,4.53,656.0
2019-04-01 11:43:00,4.5,4.5,4.5,4.5,307.0
2019-04-01 11:52:00,4.5084,4.5084,4.5084,4.5084,2540.0
2019-04-01 11:54:00,4.5029,4.5029,4.5029,4.5029,623.0
2019-04-01 12:11:00,4.51,4.51,4.51,4.51,300.0
2019-04-01 12:31:00,4.5,4.5,4.5,4.5,200.0
2019-04-01 12:41:00,4.5033,4.5033,4.5033,4.5033,1000.0
2019-04-01 12:48:00,4.51,4.51,4.51,4.51,720.0
2019-04-01 12:55:00,4.5099,4.5099,4.5099,4.5099,281.0
2019-04-01 13:01:00,4.51,4.51,4.51,4.51,722.0
2019-04-01 13:14:00,4.52,4.52,4.52,4.52,546.0
2019-04-01 13:21:00,4.52,4.52,4.52,4.52,209.0
2019-04-01 13:31:00,4.5199,4.52,4.5199,4.52,600.0
2019-04-01 13:40:00,4.52,4.52,4.52,4.52,120.0
2019-04-01 13:52:00,4.51,4.51,4.51,4.51,100.0
2019-04-01 14:06:00,4.52,4.52,4.52,4.52,195.0
2019-04-01 14:20:00,4.5268,4.5268,4.5268,4.5268,2830.0
2019-04-01 14:21:00,4.53,4.53,4.51,4.51,3460.0
2019-04-01 14:29:00,4.51,4.51,4.51,4.51,140.0
2019-04-01 14:38:00,4.511,4.54,4.511,4.54,1820.0
2019-04-01 14:40:00,4.54,4.54,4.54,4.54,3300.0
2019-04-01 14:46:00,4.54,4.54,4.54,4.54,100.0
2019-04-01 14:55:00,4.54,4.54,4.54,4.54,130.0
2019-04-01 15:04:00,4.51,4.51,4.51,4.51,300.0
2019-04-01 15:10:00,4.54,4.54,4.54,4.54,210.0
2019-04-01 15:24:00,4.54,4.54,4.54,4.54,130.0
2019-04-01 15:27:00,4.54,4.54,4.54,4.54,170.0
2019-04-01 15:31:00,4.54,4.54,4.54,4.54,100.0
2019-04-01 15:33:00,4.51,4.51,4.51,4.51,100.0
2019-04-01 15:39:00,4.5251,4.5251,4.5251,4.5251,500.0
2019-04-01 15:41:00,4.5101,4.5101,4.5101,4.5101,500.0
2019-04-01 15:42:00,4.54,4.54,4.54,4.54,215.0
2019-04-01 15:46:00,4.55,4.55,4.55,4.55,1000.0
2019-04-01 15:51:00,4.55,4.55,4.55,4.55,1300.0
2019-04-01 15:52:00,4.55,4.55,4.55,4.55,200.0
2019-04-01 15:53:00,4.5103,4.5103,4.5103,4.5103,326.0
2019-04-01 15:54:00,4.55,4.55,4.55,4.55,1742.0
2019-04-01 15:56:00,4.5626,4.5626,4.5626,4.5626,647.0
2019-04-01 15:58:00,4.64,4.64,4.64,4.64,1300.0
2019-04-01 15:59:00,4.65,4.65,4.65,4.65,267.0
2019-04-01 16:00:00,4.65,4.65,4.65,4.65,1298.0
2019-04-02 09:31:00,4.7,4.7,4.7,4.7,1574.0
2019-04-02 09:32:00,4.67,4.67,4.66,4.66,363.0
2019-04-02 09:33:00,4.65,4.65,4.52,4.55,3326.0
2019-04-02 09:42:00,4.4977,4.4977,4.4977,4.4977,100.0
2019-04-02 09:54:00,4.4977,4.55,4.4977,4.5199,2232.0
2019-04-02 10:24:00,4.5275,4.5275,4.5275,4.5275,210.0
2019-04-02 10:53:00,4.5499,4.5499,4.5499,4.5499,500.0
2019-04-02 10:54:00,4.55,4.55,4.55,4.55,123.0
2019-04-02 11:23:00,4.52,4.55,4.52,4.55,400.0
2019-04-02 11:27:00,4.53,4.53,4.52,4.52,810.0
2019-04-02 11:53:00,4.53,4.53,4.53,4.53,100.0
2019-04-02 11:58:00,4.53,4.55,4.53,4.55,351.0
2019-04-02 12:00:00,4.69,4.69,4.69,4.69,280.0
2019-04-02 12:24:00,4.7,4.7,4.7,4.7,200.0
2019-04-02 12:39:00,4.54,4.54,4.54,4.54,503.0
2019-04-02 13:18:00,4.7,4.7,4.7,4.7,200.0
2019-04-02 13:25:00,4.6999,4.6999,4.6999,4.6999,400.0
2019-04-02 13:41:00,4.655,4.673,4.655,4.673,800.0
2019-04-02 13:43:00,4.699,4.699,4.699,4.699,202.0
2019-04-02 13:49:00,4.655,4.7,4.655,4.7,1110.0
2019-04-02 13:51:00,4.75,4.75,4.75,4.75,200.0
2019-04-02 14:01:00,4.7,4.7,4.7,4.7,1015.0
2019-04-02 14:28:00,4.64,4.75,4.64,4.75,302.0
2019-04-02 14:34:00,4.736,4.736,4.736,4.736,100.0
2019-04-02 14:56:00,4.73,4.73,4.73,4.73,300.0
2019-04-02 15:19:00,4.73,4.73,4.73,4.73,261.0
2019-04-02 15:37:00,4.7,4.7,4.7,4.7,200.0
2019-04-02 15:45:00,4.7,4.7,4.7,4.7,101.0
2019-04-02 15:49:00,4.7,4.7,4.7,4.7,100.0
2019-04-02 15:51:00,4.7,4.7,4.7,4.7,100.0
2019-04-02 15:52:00,4.7,4.7,4.7,4.7,200.0
2019-04-02 15:53:00,4.7,4.7,4.7,4.7,145.0
2019-04-02 15:55:00,4.7,4.7,4.6985,4.6985,602.0
2019-04-02 15:57:00,4.7,4.7,4.7,4.7,254.0
2019-04-02 16:00:00,4.73,4.73,4.73,4.73,2371.0
2019-04-03 09:31:00,4.66,4.66,4.66,4.66,0.0
2019-04-03 09:35:00,4.6418,4.6418,4.6418,4.6418,100.0
2019-04-03 09:36:00,4.6743,4.6743,4.6743,4.6743,121.0
2019-04-03 09:56:00,4.67,4.67,4.67,4.67,100.0
2019-04-03 10:11:00,4.6049,4.6049,4.6049,4.6049,100.0
2019-04-03 10:14:00,4.63,4.63,4.63,4.63,136.0
2019-04-03 10:50:00,4.7,4.7,4.7,4.7,100.0
2019-04-03 10:56:00,4.68,4.7,4.6707,4.7,1420.0
2019-04-03 11:22:00,4.75,4.75,4.75,4.75,3100.0
2019-04-03 11:25:00,4.75,4.75,4.75,4.75,403.0
2019-04-03 11:44:00,4.725,4.725,4.725,4.725,125.0
2019-04-03 11:52:00,4.72,4.75,4.72,4.75,1230.0
2019-04-03 11:53:00,4.75,4.75,4.75,4.75,505.0
2019-04-03 11:59:00,4.75,4.75,4.75,4.75,4200.0
2019-04-03 12:04:00,4.749,4.75,4.749,4.75,2650.0
2019-04-03 12:15:00,4.75,4.75,4.73,4.75,4300.0
2019-04-03 12:16:00,4.75,4.75,4.75,4.75,100.0
2019-04-03 12:19:00,4.74,4.74,4.74,4.74,200.0
2019-04-03 12:25:00,4.74,4.76,4.74,4.75,6200.0
2019-04-03 12:27:00,4.7435,4.75,4.7435,4.7472,1940.0
2019-04-03 12:41:00,4.7486,4.7486,4.7486,4.7486,370.0
2019-04-03 13:11:00,4.75,4.75,4.75,4.75,285.0
2019-04-03 13:35:00,4.75,4.77,4.73,4.77,1600.0
2019-04-03 13:37:00,4.75,4.75,4.73,4.73,1130.0
2019-04-03 13:57:00,4.71,4.71,4.71,4.71,1050.0
2019-04-03 14:05:00,4.71,4.71,4.71,4.71,651.0
2019-04-03 14:15:00,4.7019,4.72,4.7019,4.72,1600.0
2019-04-03 14:26:00,4.72,4.72,4.72,4.72,301.0
2019-04-03 14:43:00,4.73,4.73,4.73,4.73,130.0
2019-04-03 14:55:00,4.73,4.73,4.73,4.73,413.0
2019-04-03 15:11:00,4.74,4.74,4.74,4.74,900.0
2019-04-03 15:16:00,4.74,4.74,4.74,4.74,300.0
2019-04-03 15:29:00,4.75,4.75,4.75,4.75,200.0
2019-04-03 15:30:00,4.75,4.75,4.75,4.75,100.0
2019-04-03 15:35:00,4.75,4.75,4.75,4.75,100.0
2019-04-03 15:43:00,4.75,4.75,4.75,4.75,300.0
2019-04-03 15:45:00,4.73,4.73,4.7,4.7,2000.0
2019-04-03 15:46:00,4.75,4.75,4.7171,4.7171,1100.0
2019-04-03 15:47:00,4.75,4.75,4.7333,4.7333,900.0
2019-04-03 15:55:00,4.75,4.75,4.75,4.75,450.0
2019-04-03 15:56:00,4.75,4.75,4.75,4.75,265.0
2019-04-03 15:59:00,4.75,4.75,4.75,4.75,100.0
2019-04-03 16:00:00,4.75,4.75,4.7454,4.7454,457.0
