date,1. open,2. high,3. low,4. close,5. volume
2019-03-04 09:33:00,19.83,19.91,19.83,19.91,74093.0
2019-03-04 09:34:00,19.97,20.24,19.97,20.22,117792.0
2019-03-04 09:35:00,20.25,20.375,20.25,20.375,56881.0
2019-03-04 09:36:00,20.38,20.38,20.29,20.295,34059.0
2019-03-04 09:37:00,20.27,20.27,20.18,20.18,20584.0
2019-03-04 09:38:00,20.19,20.2296,20.1214,20.2,38047.0
2019-03-04 09:39:00,20.25,20.32,20.25,20.3,62150.0
2019-03-04 09:40:00,20.3,20.38,20.3,20.38,29995.0
2019-03-04 09:41:00,20.4,20.48,20.4,20.47,48567.0
2019-03-04 09:42:00,20.43,20.43,20.28,20.28,59837.0
2019-03-04 09:43:00,20.28,20.35,20.28,20.35,28371.0
2019-03-04 09:44:00,20.3068,20.3068,20.28,20.3,25926.0
2019-03-04 09:45:00,20.3,20.3,20.24,20.29,20020.0
2019-03-04 09:46:00,20.3,20.3,20.27,20.27,9932.0
2019-03-04 09:47:00,20.3,20.3,20.3,20.3,14677.0
2019-03-04 09:48:00,20.295,20.3,20.291,20.291,13038.0
2019-03-04 09:49:00,20.27,20.27,20.2599,20.2599,6859.0
2019-03-04 09:50:00,20.23,20.25,20.21,20.21,27461.0
2019-03-04 09:51:00,20.1921,20.22,20.1921,20.21,17771.0
2019-03-04 09:52:00,20.23,20.23,20.1836,20.1836,14773.0
2019-03-04 09:53:00,20.21,20.28,20.21,20.28,31578.0
2019-03-04 09:54:00,20.3,20.3,20.27,20.27,20109.0
2019-03-04 09:55:00,20.28,20.28,20.24,20.26,14297.0
2019-03-04 09:56:00,20.24,20.24,20.2224,20.2224,12070.0
2019-03-04 09:57:00,20.21,20.25,20.205,20.25,13531.0
2019-03-04 09:58:00,20.27,20.27,20.27,20.27,9844.0
2019-03-04 09:59:00,20.27,20.27,20.2275,20.2275,8951.0
2019-03-04 10:00:00,20.2,20.2,20.1999,20.1999,9085.0
2019-03-04 10:01:00,20.2,20.2,20.2,20.2,7504.0
2019-03-04 10:02:00,20.19,20.19,20.19,20.19,8565.0
2019-03-04 10:03:00,20.18,20.2,20.175,20.175,21939.0
2019-03-04 10:04:00,20.1601,20.19,20.1601,20.19,7198.0
2019-03-04 10:05:00,20.14,20.14,20.14,20.14,7503.0
2019-03-04 10:06:00,20.14,20.16,20.14,20.16,6964.0
2019-03-04 10:07:00,20.18,20.18,20.18,20.18,3606.0
2019-03-04 10:08:00,20.16,20.2,20.16,20.2,5263.0
2019-03-04 10:09:00,20.17,20.17,20.17,20.17,2629.0
2019-03-04 10:10:00,20.185,20.185,20.17,20.17,4885.0
2019-03-04 10:11:00,20.19,20.19,20.18,20.18,9125.0
2019-03-04 10:12:00,20.14,20.14,20.14,20.14,1828.0
2019-03-04 10:13:00,20.11,20.16,20.11,20.16,7780.0
2019-03-04 10:14:00,20.18,20.23,20.18,20.23,6678.0
2019-03-04 10:15:00,20.22,20.22,20.19,20.19,11420.0
2019-03-04 10:16:00,20.2,20.2,20.19,20.19,5570.0
2019-03-04 10:17:00,20.1867,20.26,20.185,20.185,34399.0
2019-03-04 10:18:00,20.23,20.23,20.23,20.23,9795.0
2019-03-04 10:19:00,20.21,20.25,20.21,20.23,14423.0
2019-03-04 10:20:00,20.23,20.23,20.23,20.23,8080.0
2019-03-04 10:21:00,20.21,20.21,20.21,20.21,10691.0
2019-03-04 10:22:00,20.21,20.21,20.2,20.2,5680.0
2019-03-04 10:23:00,20.2,20.2,20.18,20.18,4888.0
2019-03-04 10:24:00,20.2,20.2,20.15,20.15,11547.0
2019-03-04 10:25:00,20.14,20.14,20.12,20.12,6937.0
2019-03-04 10:26:00,20.13,20.13,20.13,20.13,18947.0
2019-03-04 10:27:00,20.15,20.16,20.15,20.16,8355.0
2019-03-04 10:28:00,20.185,20.22,20.185,20.2,25805.0
2019-03-04 10:29:00,20.21,20.25,20.21,20.25,31414.0
2019-03-04 10:30:00,20.285,20.285,20.27,20.27,9980.0
2019-03-04 10:31:00,20.32,20.32,20.295,20.295,15799.0
2019-03-04 10:32:00,20.31,20.31,20.3,20.3,5516.0
2019-03-04 10:33:00,20.28,20.28,20.28,20.28,3162.0
2019-03-04 10:34:00,20.3001,20.33,20.3001,20.33,14620.0
2019-03-04 10:35:00,20.31,20.33,20.31,20.33,6291.0
2019-03-04 10:36:00,20.28,20.29,20.27,20.27,11019.0
2019-03-04 10:37:00,20.31,20.32,20.31,20.32,88054.0
2019-03-04 10:38:00,20.34,20.34,20.34,20.34,6938.0
2019-03-04 10:39:00,20.3002,20.3375,20.3002,20.3375,17533.0
2019-03-04 10:40:00,20.34,20.35,20.34,20.35,8942.0
2019-03-04 10:41:00,20.36,20.36,20.35,20.35,5417.0
2019-03-04 10:42:00,20.35,20.36,20.35,20.36,10867.0
2019-03-04 10:43:00,20.35,20.38,20.35,20.38,17494.0
2019-03-04 10:44:00,20.395,20.4,20.39,20.39,15026.0
2019-03-04 10:45:00,20.39,20.39,20.39,20.39,2638.0
2019-03-04 10:46:00,20.39,20.4515,20.39,20.4301,25640.0
2019-03-04 10:47:00,20.43,20.44,20.42,20.44,11281.0
2019-03-04 10:48:00,20.44,20.44,20.39,20.4,16127.0
2019-03-04 10:49:00,20.4,20.4,20.39,20.39,12843.0
2019-03-04 10:50:00,20.3739,20.4,20.3739,20.4,5459.0
2019-03-04 10:51:00,20.4,20.4,20.4,20.4,2796.0
2019-03-04 10:52:00,20.39,20.4,20.39,20.4,4879.0
2019-03-04 10:53:00,20.37,20.39,20.3307,20.39,20295.0
2019-03-04 10:54:00,20.39,20.4,20.37,20.37,11866.0
2019-03-04 10:55:00,20.34,20.34,20.32,20.32,8924.0
2019-03-04 10:56:00,20.3,20.31,20.28,20.31,19988.0
2019-03-04 10:57:00,20.3133,20.32,20.31,20.32,20661.0
2019-03-04 10:58:00,20.35,20.35,20.32,20.32,11802.0
2019-03-04 10:59:00,20.31,20.31,20.29,20.29,11806.0
2019-03-04 11:00:00,20.29,20.32,20.29,20.32,7373.0
2019-03-04 11:01:00,20.31,20.32,20.31,20.32,8162.0
2019-03-04 11:02:00,20.3,20.3,20.21,20.21,20894.0
2019-03-04 11:03:00,20.195,20.195,20.16,20.16,15386.0
2019-03-04 11:04:00,20.18,20.18,20.18,20.18,2674.0
2019-03-04 11:05:00,20.22,20.22,20.22,20.22,3302.0
2019-03-04 11:06:00,20.24,20.25,20.24,20.25,8865.0
2019-03-04 11:07:00,20.25,20.29,20.25,20.29,12806.0
2019-03-04 11:08:00,20.29,20.29,20.29,20.29,2967.0
2019-03-04 11:09:00,20.27,20.27,20.27,20.27,10733.0
2019-03-04 11:10:00,20.25,20.25,20.22,20.22,12542.0
2019-03-04 11:11:00,20.19,20.21,20.19,20.21,12555.0
2019-03-04 11:12:00,20.24,20.29,20.24,20.29,8458.0
2019-03-04 11:13:00,20.3,20.33,20.3,20.33,16375.0
2019-03-04 11:14:00,20.37,20.37,20.37,20.37,15627.0
2019-03-04 11:15:00,20.38,20.425,20.38,20.425,11978.0
2019-03-04 11:16:00,20.41,20.45,20.41,20.44,23039.0
2019-03-04 11:17:00,20.45,20.46,20.41,20.46,28539.0
2019-03-04 11:18:00,20.46,20.46,20.44,20.44,7285.0
2019-03-04 11:19:00,20.441,20.4455,20.4115,20.4115,21247.0
2019-03-04 11:20:00,20.4076,20.4076,20.4076,20.4076,4789.0
2019-03-04 11:21:00,20.42,20.42,20.37,20.37,6642.0
2019-03-04 11:22:00,20.33,20.33,20.33,20.33,5267.0
2019-03-04 11:23:00,20.35,20.35,20.35,20.35,2250.0
2019-03-04 11:24:00,20.3109,20.32,20.3109,20.32,5439.0
2019-03-04 11:25:00,20.33,20.34,20.33,20.34,7211.0
2019-03-04 11:26:00,20.35,20.365,20.35,20.365,7435.0
2019-03-04 11:27:00,20.42,20.42,20.41,20.41,6663.0
2019-03-04 11:28:00,20.4,20.4,20.4,20.4,2735.0
2019-03-04 11:29:00,20.41,20.41,20.4,20.4,13407.0
2019-03-04 11:30:00,20.4,20.4027,20.4,20.4,12416.0
2019-03-04 11:31:00,20.41,20.431,20.4,20.431,21570.0
2019-03-04 11:32:00,20.46,20.47,20.46,20.47,36876.0
2019-03-04 11:33:00,20.49,20.5,20.45,20.45,84484.0
2019-03-04 11:34:00,20.44,20.46,20.44,20.46,10007.0
2019-03-04 11:35:00,20.44,20.52,20.44,20.52,9781.0
2019-03-04 11:36:00,20.51,20.54,20.51,20.54,10763.0
2019-03-04 11:37:00,20.55,20.57,20.55,20.56,32135.0
2019-03-04 11:38:00,20.55,20.55,20.55,20.55,13686.0
2019-03-04 11:39:00,20.57,20.57,20.57,20.57,14904.0
2019-03-04 11:40:00,20.6,20.6,20.57,20.57,10220.0
2019-03-04 11:41:00,20.56,20.56,20.56,20.56,2587.0
2019-03-04 11:42:00,20.57,20.57,20.54,20.54,8668.0
2019-03-04 11:43:00,20.5001,20.5001,20.5,20.5,8960.0
2019-03-04 11:44:00,20.51,20.51,20.39,20.43,35913.0
2019-03-04 11:45:00,20.46,20.46,20.4,20.4,7013.0
2019-03-04 11:46:00,20.41,20.41,20.4,20.41,12055.0
2019-03-04 11:47:00,20.45,20.46,20.45,20.46,3256.0
2019-03-04 11:48:00,20.45,20.45,20.45,20.45,1476.0
2019-03-04 11:49:00,20.43,20.47,20.43,20.47,16945.0
2019-03-04 11:50:00,20.49,20.49,20.46,20.48,7308.0
2019-03-04 11:51:00,20.48,20.48,20.47,20.47,4971.0
2019-03-04 11:52:00,20.49,20.52,20.49,20.52,14129.0
2019-03-04 11:53:00,20.5,20.51,20.5,20.51,6397.0
2019-03-04 11:54:00,20.49,20.5,20.46,20.49,13250.0
2019-03-04 11:55:00,20.46,20.46,20.45,20.46,7490.0
2019-03-04 11:56:00,20.44,20.44,20.4,20.44,19085.0
2019-03-04 11:57:00,20.43,20.43,20.4,20.4,12963.0
2019-03-04 11:58:00,20.41,20.41,20.41,20.41,4428.0
2019-03-04 11:59:00,20.42,20.43,20.42,20.43,15503.0
2019-03-04 12:00:00,20.43,20.43,20.41,20.41,7654.0
2019-03-04 12:01:00,20.38,20.38,20.36,20.3742,18264.0
2019-03-04 12:02:00,20.37,20.37,20.34,20.37,16012.0
2019-03-04 12:03:00,20.4,20.4,20.4,20.4,2896.0
2019-03-04 12:04:00,20.39,20.4,20.39,20.4,9393.0
2019-03-04 12:05:00,20.4,20.4,20.39,20.39,9482.0
2019-03-04 12:06:00,20.39,20.4,20.39,20.39,9446.0
2019-03-04 12:07:00,20.39,20.39,20.39,20.39,2325.0
2019-03-04 12:08:00,20.37,20.38,20.32,20.32,12688.0
2019-03-04 12:09:00,20.31,20.345,20.3,20.33,18029.0
2019-03-04 12:10:00,20.325,20.325,20.31,20.31,9266.0
2019-03-04 12:11:00,20.31,20.32,20.31,20.32,10764.0
2019-03-04 12:12:00,20.34,20.345,20.34,20.34,5188.0
2019-03-04 12:13:00,20.35,20.35,20.32,20.33,12174.0
2019-03-04 12:14:00,20.33,20.33,20.3,20.3,10610.0
2019-03-04 12:15:00,20.3,20.3,20.3,20.3,4434.0
2019-03-04 12:16:00,20.3,20.305,20.3,20.305,12109.0
2019-03-04 12:17:00,20.29,20.2999,20.26,20.26,12575.0
2019-03-04 12:18:00,20.2799,20.29,20.2542,20.29,14854.0
2019-03-04 12:19:00,20.29,20.29,20.255,20.28,12153.0
2019-03-04 12:20:00,20.29,20.29,20.26,20.26,8141.0
2019-03-04 12:21:00,20.27,20.3,20.27,20.29,14541.0
2019-03-04 12:22:00,20.3,20.3,20.28,20.28,12581.0
2019-03-04 12:23:00,20.28,20.28,20.27,20.27,6757.0
2019-03-04 12:24:00,20.27,20.285,20.26,20.26,10953.0
2019-03-04 12:25:00,20.27,20.27,20.27,20.27,2272.0
2019-03-04 12:26:00,20.255,20.265,20.21,20.21,25349.0
2019-03-04 12:27:00,20.24,20.25,20.24,20.25,6164.0
2019-03-04 12:28:00,20.26,20.275,20.26,20.275,7314.0
2019-03-04 12:29:00,20.28,20.3,20.275,20.29,14075.0
2019-03-04 12:30:00,20.28,20.3,20.28,20.3,9375.0
2019-03-04 12:31:00,20.3,20.33,20.29,20.33,36679.0
2019-03-04 12:32:00,20.32,20.32,20.31,20.31,8503.0
2019-03-04 12:33:00,20.31,20.31,20.31,20.31,4054.0
2019-03-04 12:34:00,20.31,20.31,20.31,20.31,7629.0
2019-03-04 12:35:00,20.3,20.31,20.27,20.31,25641.0
2019-03-04 12:36:00,20.3,20.3,20.29,20.3,9144.0
2019-03-04 12:37:00,20.29,20.29,20.28,20.28,3232.0
2019-03-04 12:38:00,20.28,20.29,20.28,20.29,4348.0
2019-03-04 12:39:00,20.3,20.3,20.3,20.3,3915.0
2019-03-04 12:40:00,20.3,20.305,20.3,20.3,4002.0
2019-03-04 12:41:00,20.3,20.3,20.3,20.3,482.0
2019-03-04 12:42:00,20.3,20.3,20.285,20.29,9245.0
2019-03-04 12:43:00,20.275,20.275,20.21,20.21,17746.0
2019-03-04 12:44:00,20.201,20.201,20.14,20.16,29597.0
2019-03-04 12:45:00,20.16,20.16,20.13,20.13,15705.0
2019-03-04 12:46:00,20.15,20.15,20.15,20.15,5515.0
2019-03-04 12:47:00,20.12,20.15,20.09,20.09,34716.0
2019-03-04 12:48:00,20.05,20.05,20.04,20.04,7000.0
2019-03-04 12:49:00,20.0,20.01,19.98,19.98,19244.0
2019-03-04 12:50:00,19.99,20.0,19.99,20.0,10802.0
2019-03-04 12:51:00,19.98,19.99,19.97,19.99,15435.0
2019-03-04 12:52:00,19.98,20.02,19.98,20.02,11654.0
2019-03-04 12:53:00,20.0,20.02,20.0,20.01,11931.0
2019-03-04 12:54:00,19.99,20.0,19.99,20.0,4483.0
2019-03-04 12:55:00,20.01,20.01,20.01,20.01,6123.0
2019-03-04 12:56:00,20.0,20.01,19.98,19.98,13806.0
2019-03-04 12:57:00,19.95,19.96,19.93,19.93,22205.0
2019-03-04 12:58:00,19.93,19.9799,19.93,19.9799,11017.0
2019-03-04 12:59:00,19.9833,19.9833,19.9833,19.9833,1754.0
2019-03-04 13:00:00,19.98,19.98,19.97,19.98,5299.0
2019-03-04 13:01:00,20.0,20.0,19.9767,19.9767,5495.0
2019-03-04 13:02:00,19.95,19.95,19.91,19.91,10408.0
2019-03-04 13:03:00,19.91,19.95,19.91,19.95,3850.0
2019-03-04 13:04:00,19.93,19.93,19.9119,19.92,18929.0
2019-03-04 13:05:00,19.93,19.93,19.915,19.915,3730.0
2019-03-04 13:06:00,19.91,19.91,19.9,19.91,14165.0
2019-03-04 13:07:00,19.92,19.92,19.92,19.92,1728.0
2019-03-04 13:08:00,19.915,19.94,19.915,19.94,2297.0
2019-03-04 13:09:00,19.91,19.91,19.91,19.91,3185.0
2019-03-04 13:10:00,19.915,19.915,19.91,19.91,4741.0
2019-03-04 13:11:00,19.9,19.9,19.87,19.88,10207.0
2019-03-04 13:12:00,19.855,19.855,19.855,19.855,3210.0
2019-03-04 13:13:00,19.86,19.88,19.86,19.88,4122.0
2019-03-04 13:14:00,19.88,19.92,19.88,19.92,5219.0
2019-03-04 13:15:00,19.95,19.97,19.95,19.97,7880.0
2019-03-04 13:16:00,19.96,19.96,19.9391,19.9391,3891.0
2019-03-04 13:17:00,19.95,19.95,19.93,19.93,5707.0
2019-03-04 13:19:00,19.93,19.93,19.93,19.93,2012.0
2019-03-04 13:20:00,19.97,20.01,19.97,20.01,17023.0
2019-03-04 13:21:00,20.04,20.05,20.04,20.05,4327.0
2019-03-04 13:22:00,20.02,20.02,20.0,20.01,17626.0
2019-03-04 13:23:00,20.05,20.05,20.02,20.04,7824.0
2019-03-04 13:24:00,20.035,20.05,20.035,20.05,7155.0
2019-03-04 13:25:00,20.04,20.06,20.03,20.06,21163.0
2019-03-04 13:26:00,20.06,20.06,20.03,20.03,14215.0
2019-03-04 13:27:00,20.02,20.06,20.01,20.05,12924.0
2019-03-04 13:28:00,20.05,20.06,20.05,20.06,2105.0
2019-03-04 13:29:00,20.08,20.085,20.08,20.085,2106.0
2019-03-04 13:30:00,20.11,20.11,20.11,20.11,6560.0
2019-03-04 13:31:00,20.13,20.13,20.12,20.13,9251.0
2019-03-04 13:32:00,20.12,20.12,20.1,20.1,10531.0
2019-03-04 13:33:00,20.1,20.1,20.09,20.09,2941.0
2019-03-04 13:34:00,20.06,20.06,20.05,20.06,9306.0
2019-03-04 13:35:00,20.07,20.07,20.05,20.05,4546.0
2019-03-04 13:37:00,20.04,20.04,20.03,20.03,3003.0
2019-03-04 13:38:00,20.03,20.04,20.03,20.04,4576.0
2019-03-04 13:39:00,20.03,20.03,20.03,20.03,2408.0
2019-03-04 13:40:00,20.03,20.03,20.0,20.0,2763.0
2019-03-04 13:41:00,20.0,20.0,19.98,19.98,30165.0
2019-03-04 13:42:00,20.0,20.0,19.995,19.995,7385.0
2019-03-04 13:43:00,20.01,20.01,20.01,20.01,3635.0
2019-03-04 13:44:00,20.03,20.04,20.03,20.04,2379.0
2019-03-04 13:45:00,20.05,20.06,20.05,20.06,6623.0
2019-03-04 13:46:00,20.06,20.06,20.04,20.04,5250.0
2019-03-04 13:47:00,20.04,20.04,20.04,20.04,4969.0
2019-03-04 13:48:00,20.04,20.0425,20.03,20.03,4806.0
2019-03-04 13:49:00,20.03,20.04,20.03,20.04,2344.0
2019-03-04 13:50:00,20.045,20.045,20.045,20.045,1159.0
2019-03-04 13:51:00,20.06,20.07,20.06,20.07,3138.0
2019-03-04 13:52:00,20.06,20.06,20.05,20.05,3561.0
2019-03-04 13:53:00,20.03,20.03,20.03,20.03,3811.0
2019-03-04 13:54:00,20.03,20.03,20.03,20.03,1504.0
2019-03-04 13:55:00,20.03,20.03,20.02,20.03,8573.0
2019-03-04 13:56:00,20.03,20.03,20.02,20.02,2487.0
2019-03-04 13:57:00,20.02,20.02,20.0,20.0,6845.0
2019-03-04 13:58:00,19.99,20.01,19.99,20.0,2770.0
2019-03-04 13:59:00,20.0,20.0,20.0,20.0,324.0
2019-03-04 14:00:00,20.0,20.005,20.0,20.005,2855.0
2019-03-04 14:01:00,20.0,20.01,20.0,20.0086,10685.0
2019-03-04 14:02:00,20.0,20.0,19.985,20.0,22607.0
2019-03-04 14:03:00,19.99,19.99,19.99,19.99,4833.0
2019-03-04 14:04:00,19.98,19.98,19.97,19.98,4120.0
2019-03-04 14:05:00,19.97,19.98,19.97,19.98,6224.0
2019-03-04 14:06:00,19.98,19.98,19.98,19.98,2267.0
2019-03-04 14:07:00,19.97,19.97,19.96,19.97,9589.0
2019-03-04 14:08:00,19.99,19.99,19.975,19.975,6961.0
2019-03-04 14:09:00,19.96,19.96,19.94,19.94,3683.0
2019-03-04 14:10:00,19.945,19.95,19.945,19.95,3900.0
2019-03-04 14:11:00,19.9499,19.9499,19.935,19.94,6323.0
2019-03-04 14:12:00,19.95,19.95,19.94,19.95,3809.0
2019-03-04 14:13:00,19.95,19.96,19.95,19.96,4807.0
2019-03-04 14:14:00,19.96,19.96,19.95,19.96,2505.0
2019-03-04 14:15:00,19.96,19.98,19.96,19.96,9949.0
2019-03-04 14:16:00,19.95,20.0,19.95,20.0,10312.0
2019-03-04 14:17:00,20.0,20.01,20.0,20.01,9902.0
2019-03-04 14:18:00,20.0,20.0286,20.0,20.0286,9836.0
2019-03-04 14:19:00,20.03,20.04,20.03,20.035,18185.0
2019-03-04 14:20:00,20.04,20.04,20.03,20.04,8035.0
2019-03-04 14:21:00,20.06,20.06,20.06,20.06,2467.0
2019-03-04 14:22:00,20.03,20.04,20.03,20.04,2905.0
2019-03-04 14:23:00,20.04,20.04,20.04,20.04,1181.0
2019-03-04 14:24:00,20.05,20.05,20.05,20.05,1733.0
2019-03-04 14:25:00,20.07,20.09,20.07,20.07,8168.0
2019-03-04 14:26:00,20.08,20.1,20.08,20.1,4443.0
2019-03-04 14:27:00,20.1,20.1,20.1,20.1,918.0
2019-03-04 14:28:00,20.11,20.11,20.11,20.11,4863.0
2019-03-04 14:29:00,20.12,20.12,20.117,20.117,2543.0
2019-03-04 14:30:00,20.12,20.14,20.12,20.13,17909.0
2019-03-04 14:31:00,20.11,20.11,20.08,20.08,12555.0
2019-03-04 14:32:00,20.09,20.09,20.09,20.09,3690.0
2019-03-04 14:33:00,20.09,20.09,20.0815,20.0815,2208.0
2019-03-04 14:34:00,20.08,20.08,20.08,20.08,2627.0
2019-03-04 14:35:00,20.07,20.07,20.045,20.05,6397.0
2019-03-04 14:36:00,20.06,20.06,20.05,20.05,2364.0
2019-03-04 14:37:00,20.0545,20.0545,20.0545,20.0545,1557.0
2019-03-04 14:38:00,20.04,20.06,19.99,20.01,30697.0
2019-03-04 14:39:00,20.015,20.04,20.015,20.04,1950.0
2019-03-04 14:40:00,20.0599,20.0599,20.05,20.05,1985.0
2019-03-04 14:41:00,20.04,20.09,20.04,20.09,4125.0
2019-03-04 14:42:00,20.07,20.07,20.07,20.07,1751.0
2019-03-04 14:43:00,20.08,20.08,20.07,20.08,5292.0
2019-03-04 14:44:00,20.08,20.08,20.07,20.07,3093.0
2019-03-04 14:45:00,20.07,20.08,20.07,20.08,1504.0
2019-03-04 14:47:00,20.08,20.08,20.07,20.08,5516.0
2019-03-04 14:48:00,20.08,20.08,20.08,20.08,1002.0
2019-03-04 14:49:00,20.08,20.105,20.08,20.09,13738.0
2019-03-04 14:50:00,20.075,20.0999,20.075,20.0999,4311.0
2019-03-04 14:51:00,20.09,20.1,20.09,20.1,2899.0
2019-03-04 14:52:00,20.09,20.12,20.09,20.12,10144.0
2019-03-04 14:53:00,20.11,20.12,20.11,20.12,6651.0
2019-03-04 14:54:00,20.11,20.11,20.08,20.08,3511.0
2019-03-04 14:55:00,20.07,20.08,20.04,20.05,20332.0
2019-03-04 14:56:00,20.06,20.07,20.05,20.05,8450.0
2019-03-04 14:57:00,20.06,20.06,20.06,20.06,915.0
2019-03-04 14:58:00,20.05,20.05,20.04,20.04,6621.0
2019-03-04 14:59:00,20.04,20.045,20.04,20.045,1021.0
2019-03-04 15:00:00,20.04,20.04,20.02,20.04,20164.0
2019-03-04 15:01:00,20.02,20.0383,20.02,20.03,6764.0
2019-03-04 15:02:00,20.02,20.025,20.02,20.02,4059.0
2019-03-04 15:03:00,20.011,20.011,19.97,20.0,16234.0
2019-03-04 15:04:00,20.02,20.04,20.02,20.035,5001.0
2019-03-04 15:05:00,20.01,20.01,20.0,20.0,5201.0
2019-03-04 15:06:00,20.0,20.02,20.0,20.0,12232.0
2019-03-04 15:07:00,20.0053,20.0053,20.0053,20.0053,1591.0
2019-03-04 15:08:00,19.99,20.0,19.99,20.0,6182.0
2019-03-04 15:09:00,20.01,20.01,20.01,20.01,2833.0
2019-03-04 15:10:00,20.01,20.01,20.0,20.0,6666.0
2019-03-04 15:11:00,20.01,20.03,20.01,20.03,3416.0
2019-03-04 15:12:00,20.05,20.05,20.05,20.05,1207.0
2019-03-04 15:13:00,20.07,20.07,20.055,20.055,8140.0
2019-03-04 15:14:00,20.06,20.065,20.04,20.04,8768.0
2019-03-04 15:15:00,20.05,20.05,20.03,20.03,4992.0
2019-03-04 15:16:00,20.035,20.035,20.03,20.035,4166.0
2019-03-04 15:17:00,20.03,20.035,20.03,20.03,7978.0
2019-03-04 15:18:00,20.03,20.045,20.03,20.045,3708.0
2019-03-04 15:19:00,20.06,20.06,20.03,20.03,12505.0
2019-03-04 15:20:00,20.04,20.06,20.04,20.06,3728.0
2019-03-04 15:21:00,20.06,20.07,20.06,20.07,8574.0
2019-03-04 15:22:00,20.07,20.07,20.07,20.07,3980.0
2019-03-04 15:23:00,20.07,20.07,20.05,20.05,12484.0
2019-03-04 15:24:00,20.05,20.05,20.04,20.04,6534.0
2019-03-04 15:25:00,20.04,20.05,20.04,20.045,9878.0
2019-03-04 15:26:00,20.04,20.05,20.04,20.05,7756.0
2019-03-04 15:27:00,20.05,20.05,20.035,20.035,24227.0
2019-03-04 15:28:00,20.04,20.04,20.03,20.03,10631.0
2019-03-04 15:29:00,20.03,20.04,20.025,20.025,8540.0
2019-03-04 15:30:00,20.03,20.04,20.03,20.04,7136.0
2019-03-04 15:31:00,20.04,20.04,20.01,20.01,15430.0
2019-03-04 15:32:00,20.01,20.04,20.01,20.04,9422.0
2019-03-04 15:33:00,20.035,20.04,20.035,20.04,13768.0
2019-03-04 15:34:00,20.04,20.04,20.03,20.03,10887.0
2019-03-04 15:35:00,20.035,20.04,20.01,20.015,19364.0
2019-03-04 15:36:00,20.02,20.04,20.02,20.02,37007.0
2019-03-04 15:37:00,20.005,20.005,19.99,19.99,3259.0
2019-03-04 15:38:00,20.0,20.01,20.0,20.01,12262.0
2019-03-04 15:39:00,20.04,20.04,20.015,20.015,35806.0
2019-03-04 15:40:00,20.02,20.025,20.02,20.02,15071.0
2019-03-04 15:41:00,20.015,20.03,20.015,20.03,12195.0
2019-03-04 15:42:00,20.03,20.03,20.02,20.02,3072.0
2019-03-04 15:43:00,20.03,20.03,20.025,20.03,6688.0
2019-03-04 15:44:00,20.03,20.03,20.03,20.03,16843.0
2019-03-04 15:45:00,20.03,20.03,20.02,20.02,25658.0
2019-03-04 15:46:00,20.02,20.03,20.02,20.03,34666.0
2019-03-04 15:47:00,20.03,20.07,20.03,20.07,29096.0
2019-03-04 15:48:00,20.08,20.1,20.08,20.095,11279.0
2019-03-04 15:49:00,20.1,20.1,20.09,20.1,8901.0
2019-03-04 15:50:00,20.1,20.1,20.09,20.095,19590.0
2019-03-04 15:51:00,20.08,20.09,20.08,20.085,31022.0
2019-03-04 15:52:00,20.085,20.09,20.08,20.09,16192.0
2019-03-04 15:53:00,20.085,20.09,20.08,20.08,20621.0
2019-03-04 15:54:00,20.08,20.08,20.04,20.05,102237.0
2019-03-04 15:55:00,20.06,20.09,20.06,20.09,34715.0
2019-03-04 15:56:00,20.08,20.085,20.035,20.035,42398.0
2019-03-04 15:57:00,20.04,20.04,20.0,20.01,78877.0
2019-03-04 15:58:00,20.015,20.015,20.0,20.005,84752.0
2019-03-04 15:59:00,20.0,20.01,19.985,19.99,64951.0
2019-03-04 16:00:00,19.995,20.0,19.985,20.0,177432.0
2019-03-05 09:31:00,18.53,18.54,18.51,18.54,590172.0
2019-03-05 09:32:00,18.53,18.53,18.5,18.5,36393.0
2019-03-05 09:33:00,18.5,18.51,18.43,18.47,1128859.0
2019-03-05 09:34:00,18.45,18.47,18.25,18.3198,248446.0
2019-03-05 09:35:00,18.3,18.3557,18.25,18.27,230295.0
2019-03-05 09:36:00,18.25,18.3073,18.25,18.3,206563.0
2019-03-05 09:37:00,18.27,18.27,18.06,18.08,154945.0
2019-03-05 09:38:00,18.075,18.1499,18.0,18.0,240010.0
2019-03-05 09:39:00,18.0,18.01,17.74,17.74,307848.0
2019-03-05 09:40:00,17.72,17.9,17.71,17.88,197671.0
2019-03-05 09:41:00,17.87,17.9,17.8,17.8,126437.0
2019-03-05 09:42:00,17.77,17.86,17.77,17.8599,71254.0
2019-03-05 09:43:00,17.86,17.9,17.835,17.87,141571.0
2019-03-05 09:44:00,17.85,17.85,17.73,17.73,188106.0
2019-03-05 09:45:00,17.72,17.74,17.66,17.71,190615.0
2019-03-05 09:46:00,17.73,17.82,17.72,17.72,160842.0
2019-03-05 09:47:00,17.7,17.7,17.55,17.55,76391.0
2019-03-05 09:48:00,17.54,17.58,17.4,17.4,193186.0
2019-03-05 09:49:00,17.36,17.545,17.32,17.545,231639.0
2019-03-05 09:50:00,17.56,17.58,17.45,17.49,172285.0
2019-03-05 09:51:00,17.52,17.52,17.42,17.5098,204893.0
2019-03-05 09:52:00,17.51,17.61,17.5,17.605,213486.0
2019-03-05 09:53:00,17.61,17.61,17.48,17.48,81794.0
2019-03-05 09:54:00,17.4736,17.54,17.4301,17.54,65818.0
2019-03-05 09:55:00,17.49,17.61,17.49,17.6,125539.0
2019-03-05 09:56:00,17.6,17.66,17.59,17.61,96522.0
2019-03-05 09:57:00,17.63,17.67,17.62,17.67,76005.0
2019-03-05 09:58:00,17.6801,17.7124,17.65,17.7,103265.0
2019-03-05 09:59:00,17.73,17.74,17.66,17.679,120964.0
2019-03-05 10:00:00,17.69,17.7,17.61,17.7,254046.0
2019-03-05 10:01:00,17.725,17.8499,17.72,17.795,57833.0
2019-03-05 10:02:00,17.77,17.8,17.695,17.7061,252660.0
2019-03-05 10:03:00,17.7,17.7,17.61,17.68,73752.0
2019-03-05 10:04:00,17.6394,17.6394,17.59,17.6,59956.0
2019-03-05 10:05:00,17.61,17.61,17.515,17.515,112082.0
2019-03-05 10:06:00,17.5,17.51,17.48,17.49,74206.0
2019-03-05 10:07:00,17.4701,17.51,17.43,17.48,74875.0
2019-03-05 10:08:00,17.48,17.48,17.465,17.465,36619.0
2019-03-05 10:09:00,17.46,17.4699,17.46,17.465,29942.0
2019-03-05 10:10:00,17.47,17.52,17.47,17.5126,58363.0
2019-03-05 10:11:00,17.51,17.51,17.475,17.48,36642.0
2019-03-05 10:12:00,17.475,17.475,17.39,17.39,84122.0
2019-03-05 10:13:00,17.39,17.4,17.2801,17.2801,130938.0
2019-03-05 10:14:00,17.29,17.375,17.29,17.3401,80172.0
2019-03-05 10:15:00,17.345,17.41,17.34,17.39,38872.0
2019-03-05 10:16:00,17.36,17.37,17.28,17.285,53747.0
2019-03-05 10:17:00,17.28,17.28,17.195,17.24,91386.0
2019-03-05 10:18:00,17.23,17.23,17.14,17.15,90207.0
2019-03-05 10:19:00,17.15,17.24,17.15,17.2,94226.0
2019-03-05 10:20:00,17.21,17.24,17.195,17.195,42284.0
2019-03-05 10:21:00,17.22,17.285,17.22,17.23,44330.0
2019-03-05 10:22:00,17.23,17.23,17.17,17.17,35738.0
2019-03-05 10:23:00,17.18,17.22,17.18,17.205,40976.0
2019-03-05 10:24:00,17.2,17.21,17.14,17.14,34151.0
2019-03-05 10:25:00,17.15,17.15,17.105,17.14,75087.0
2019-03-05 10:26:00,17.1277,17.1277,17.11,17.115,35591.0
2019-03-05 10:27:00,17.115,17.13,17.1001,17.12,44618.0
2019-03-05 10:28:00,17.12,17.185,17.105,17.17,99691.0
2019-03-05 10:29:00,17.175,17.2,17.175,17.19,67202.0
2019-03-05 10:30:00,17.18,17.18,17.14,17.14,14317.0
2019-03-05 10:31:00,17.14,17.26,17.14,17.255,70252.0
2019-03-05 10:32:00,17.26,17.31,17.26,17.2769,49558.0
2019-03-05 10:33:00,17.28,17.34,17.28,17.34,45228.0
2019-03-05 10:34:00,17.36,17.39,17.32,17.35,187024.0
2019-03-05 10:35:00,17.34,17.34,17.2801,17.31,53037.0
2019-03-05 10:36:00,17.33,17.33,17.2428,17.2428,40293.0
2019-03-05 10:37:00,17.27,17.35,17.26,17.34,56634.0
2019-03-05 10:38:00,17.38,17.47,17.36,17.47,92856.0
2019-03-05 10:39:00,17.46,17.46,17.405,17.4457,56980.0
2019-03-05 10:40:00,17.47,17.48,17.462,17.47,33420.0
2019-03-05 10:41:00,17.44,17.44,17.38,17.395,56408.0
2019-03-05 10:42:00,17.38,17.4101,17.34,17.34,27457.0
2019-03-05 10:43:00,17.35,17.35,17.2721,17.31,55139.0
2019-03-05 10:44:00,17.35,17.35,17.3,17.3,14182.0
2019-03-05 10:45:00,17.31,17.31,17.305,17.31,21187.0
2019-03-05 10:46:00,17.28,17.28,17.24,17.24,23407.0
2019-03-05 10:47:00,17.23,17.23,17.1515,17.1515,45527.0
2019-03-05 10:48:00,17.17,17.21,17.17,17.21,26300.0
2019-03-05 10:49:00,17.2,17.25,17.2,17.24,32255.0
2019-03-05 10:50:00,17.25,17.28,17.25,17.28,28409.0
2019-03-05 10:51:00,17.2901,17.33,17.2901,17.33,14772.0
2019-03-05 10:52:00,17.33,17.39,17.33,17.365,62818.0
2019-03-05 10:53:00,17.38,17.5101,17.38,17.49,112795.0
2019-03-05 10:54:00,17.4898,17.52,17.4898,17.49,50249.0
2019-03-05 10:55:00,17.48,17.53,17.45,17.45,76571.0
2019-03-05 10:56:00,17.43,17.4607,17.43,17.45,35614.0
2019-03-05 10:57:00,17.4875,17.5052,17.4875,17.5,39532.0
2019-03-05 10:58:00,17.5,17.5,17.38,17.38,35519.0
2019-03-05 10:59:00,17.39,17.42,17.39,17.42,14198.0
2019-03-05 11:00:00,17.42,17.44,17.41,17.44,32928.0
2019-03-05 11:01:00,17.47,17.49,17.38,17.38,87666.0
2019-03-05 11:02:00,17.36,17.385,17.34,17.3745,25991.0
2019-03-05 11:03:00,17.35,17.35,17.34,17.34,10425.0
2019-03-05 11:04:00,17.36,17.36,17.33,17.33,18551.0
2019-03-05 11:05:00,17.33,17.36,17.33,17.35,23109.0
2019-03-05 11:06:00,17.3899,17.39,17.355,17.39,32020.0
2019-03-05 11:07:00,17.35,17.42,17.35,17.42,30989.0
2019-03-05 11:08:00,17.41,17.43,17.41,17.42,40907.0
2019-03-05 11:09:00,17.46,17.48,17.46,17.46,24261.0
2019-03-05 11:10:00,17.43,17.43,17.4,17.4,13988.0
2019-03-05 11:11:00,17.39,17.45,17.39,17.45,7075.0
2019-03-05 11:12:00,17.44,17.49,17.44,17.49,47861.0
2019-03-05 11:13:00,17.4575,17.4575,17.4,17.4,17502.0
2019-03-05 11:14:00,17.38,17.38,17.36,17.38,26270.0
2019-03-05 11:15:00,17.4,17.4,17.37,17.37,12338.0
2019-03-05 11:16:00,17.39,17.42,17.39,17.42,10841.0
2019-03-05 11:17:00,17.41,17.4215,17.41,17.4215,7531.0
2019-03-05 11:18:00,17.4176,17.43,17.4176,17.43,9889.0
2019-03-05 11:19:00,17.42,17.49,17.42,17.49,31730.0
2019-03-05 11:20:00,17.495,17.57,17.495,17.567,61103.0
2019-03-05 11:21:00,17.57,17.59,17.56,17.56,31698.0
2019-03-05 11:22:00,17.5573,17.56,17.5573,17.56,6078.0
2019-03-05 11:23:00,17.5899,17.62,17.58,17.59,68758.0
2019-03-05 11:24:00,17.597,17.6461,17.597,17.6388,40720.0
2019-03-05 11:25:00,17.61,17.61,17.59,17.6,12948.0
2019-03-05 11:26:00,17.59,17.59,17.52,17.56,50848.0
2019-03-05 11:27:00,17.52,17.52,17.49,17.49,17688.0
2019-03-05 11:28:00,17.48,17.49,17.4788,17.49,29279.0
2019-03-05 11:29:00,17.49,17.49,17.463,17.49,14390.0
2019-03-05 11:30:00,17.48,17.48,17.42,17.42,22805.0
2019-03-05 11:31:00,17.41,17.41,17.375,17.375,21358.0
2019-03-05 11:32:00,17.38,17.4203,17.38,17.4203,30061.0
2019-03-05 11:33:00,17.45,17.48,17.45,17.48,20102.0
2019-03-05 11:34:00,17.46,17.46,17.46,17.46,4910.0
2019-03-05 11:35:00,17.46,17.46,17.455,17.455,12495.0
2019-03-05 11:36:00,17.46,17.4889,17.46,17.4889,13878.0
2019-03-05 11:37:00,17.485,17.485,17.45,17.45,20175.0
2019-03-05 11:38:00,17.46,17.46,17.4566,17.4566,9251.0
2019-03-05 11:39:00,17.46,17.46,17.45,17.45,12038.0
2019-03-05 11:40:00,17.455,17.455,17.45,17.45,10001.0
2019-03-05 11:41:00,17.45,17.45,17.45,17.45,5247.0
2019-03-05 11:42:00,17.46,17.53,17.4599,17.52,36331.0
2019-03-05 11:43:00,17.53,17.55,17.52,17.52,20311.0
2019-03-05 11:44:00,17.55,17.55,17.53,17.53,22742.0
2019-03-05 11:45:00,17.53,17.53,17.52,17.52,11528.0
2019-03-05 11:46:00,17.5201,17.5201,17.5102,17.52,8193.0
2019-03-05 11:47:00,17.53,17.54,17.53,17.54,8381.0
2019-03-05 11:48:00,17.535,17.57,17.535,17.57,20122.0
2019-03-05 11:49:00,17.575,17.62,17.575,17.61,33830.0
2019-03-05 11:50:00,17.59,17.59,17.54,17.549,11341.0
2019-03-05 11:51:00,17.56,17.56,17.56,17.56,1803.0
2019-03-05 11:52:00,17.56,17.56,17.559,17.56,11320.0
2019-03-05 11:53:00,17.56,17.56,17.54,17.54,22447.0
2019-03-05 11:54:00,17.5451,17.5451,17.53,17.53,10305.0
2019-03-05 11:55:00,17.51,17.515,17.51,17.515,10558.0
2019-03-05 11:56:00,17.515,17.515,17.465,17.465,24829.0
2019-03-05 11:57:00,17.47,17.51,17.45,17.45,52983.0
2019-03-05 11:58:00,17.4799,17.4799,17.4799,17.4799,1947.0
2019-03-05 11:59:00,17.46,17.46,17.42,17.42,10880.0
2019-03-05 12:00:00,17.415,17.415,17.41,17.41,11501.0
2019-03-05 12:01:00,17.39,17.39,17.355,17.37,41839.0
2019-03-05 12:02:00,17.37,17.39,17.37,17.39,30780.0
2019-03-05 12:03:00,17.4,17.405,17.38,17.38,9610.0
2019-03-05 12:04:00,17.38,17.41,17.38,17.39,19318.0
2019-03-05 12:05:00,17.38,17.38,17.31,17.31,34065.0
2019-03-05 12:06:00,17.32,17.35,17.3186,17.34,22022.0
2019-03-05 12:07:00,17.335,17.365,17.335,17.365,19638.0
2019-03-05 12:08:00,17.36,17.36,17.33,17.34,27572.0
2019-03-05 12:09:00,17.3373,17.3373,17.33,17.3312,7238.0
2019-03-05 12:10:00,17.33,17.35,17.33,17.3475,14028.0
2019-03-05 12:11:00,17.35,17.35,17.34,17.35,30142.0
2019-03-05 12:12:00,17.345,17.345,17.34,17.34,5192.0
2019-03-05 12:13:00,17.355,17.355,17.35,17.35,4964.0
2019-03-05 12:14:00,17.34,17.35,17.32,17.32,25961.0
2019-03-05 12:15:00,17.317,17.317,17.31,17.31,9014.0
2019-03-05 12:16:00,17.3,17.3,17.24,17.25,62498.0
2019-03-05 12:17:00,17.27,17.27,17.25,17.27,24468.0
2019-03-05 12:18:00,17.29,17.3,17.28,17.3,17470.0
2019-03-05 12:19:00,17.29,17.31,17.29,17.305,23166.0
2019-03-05 12:20:00,17.33,17.33,17.3,17.3,10738.0
2019-03-05 12:21:00,17.3,17.3,17.3,17.3,5903.0
2019-03-05 12:22:00,17.3,17.3,17.3,17.3,8403.0
2019-03-05 12:23:00,17.29,17.29,17.2775,17.2775,11278.0
2019-03-05 12:24:00,17.255,17.27,17.2475,17.27,36848.0
2019-03-05 12:25:00,17.26,17.285,17.26,17.285,6613.0
2019-03-05 12:26:00,17.29,17.3175,17.29,17.2914,21715.0
2019-03-05 12:27:00,17.3075,17.3075,17.3075,17.3075,5710.0
2019-03-05 12:28:00,17.305,17.34,17.3,17.34,10286.0
2019-03-05 12:29:00,17.34,17.35,17.31,17.31,19340.0
2019-03-05 12:30:00,17.31,17.33,17.31,17.32,11661.0
2019-03-05 12:31:00,17.325,17.325,17.3,17.3,13440.0
2019-03-05 12:32:00,17.285,17.285,17.27,17.27,4918.0
2019-03-05 12:33:00,17.27,17.27,17.27,17.27,14341.0
2019-03-05 12:34:00,17.27,17.28,17.26,17.2756,48646.0
2019-03-05 12:35:00,17.28,17.295,17.28,17.29,20612.0
2019-03-05 12:36:00,17.29,17.29,17.2862,17.2862,6304.0
2019-03-05 12:37:00,17.29,17.29,17.29,17.29,8757.0
2019-03-05 12:38:00,17.2801,17.2801,17.28,17.28,13286.0
2019-03-05 12:39:00,17.28,17.3,17.28,17.29,16182.0
2019-03-05 12:40:00,17.27,17.3,17.27,17.3,23579.0
2019-03-05 12:41:00,17.305,17.305,17.295,17.295,7902.0
2019-03-05 12:42:00,17.3,17.3,17.3,17.3,1050.0
2019-03-05 12:43:00,17.295,17.295,17.295,17.295,1470.0
2019-03-05 12:44:00,17.3,17.3,17.29,17.3,6333.0
2019-03-05 12:45:00,17.29,17.29,17.26,17.26,21843.0
2019-03-05 12:46:00,17.25,17.26,17.24,17.26,22735.0
2019-03-05 12:47:00,17.2501,17.2501,17.23,17.23,24138.0
2019-03-05 12:48:00,17.2299,17.2365,17.225,17.2365,18554.0
2019-03-05 12:49:00,17.235,17.235,17.225,17.23,14199.0
2019-03-05 12:50:00,17.22,17.22,17.215,17.215,9818.0
2019-03-05 12:51:00,17.215,17.215,17.205,17.21,22129.0
2019-03-05 12:52:00,17.2199,17.22,17.2199,17.22,7141.0
2019-03-05 12:53:00,17.23,17.23,17.22,17.22,6497.0
2019-03-05 12:54:00,17.22,17.22,17.215,17.22,5676.0
2019-03-05 12:55:00,17.21,17.23,17.21,17.22,18021.0
2019-03-05 12:56:00,17.22,17.23,17.22,17.23,8309.0
2019-03-05 12:57:00,17.23,17.23,17.23,17.23,13735.0
2019-03-05 12:58:00,17.24,17.24,17.22,17.22,14243.0
2019-03-05 12:59:00,17.21,17.21,17.2,17.2,4297.0
2019-03-05 13:00:00,17.195,17.2,17.1946,17.1946,10953.0
2019-03-05 13:01:00,17.19,17.19,17.19,17.19,2513.0
2019-03-05 13:02:00,17.19,17.2,17.19,17.2,7950.0
2019-03-05 13:03:00,17.19,17.1901,17.19,17.1901,13992.0
2019-03-05 13:04:00,17.195,17.21,17.195,17.2,28380.0
2019-03-05 13:05:00,17.2001,17.205,17.19,17.19,16363.0
2019-03-05 13:06:00,17.1748,17.18,17.165,17.18,14765.0
2019-03-05 13:07:00,17.18,17.22,17.18,17.22,22712.0
2019-03-05 13:08:00,17.21,17.22,17.21,17.21,21948.0
2019-03-05 13:09:00,17.19,17.19,17.18,17.18,4816.0
2019-03-05 13:10:00,17.17,17.17,17.17,17.17,4804.0
2019-03-05 13:11:00,17.17,17.1701,17.15,17.15,24132.0
2019-03-05 13:12:00,17.14,17.14,17.1198,17.12,38901.0
2019-03-05 13:13:00,17.13,17.17,17.13,17.15,21446.0
2019-03-05 13:14:00,17.145,17.16,17.12,17.13,28872.0
2019-03-05 13:15:00,17.14,17.1663,17.14,17.1663,11492.0
2019-03-05 13:16:00,17.17,17.1901,17.17,17.1901,22962.0
2019-03-05 13:17:00,17.1899,17.1899,17.18,17.18,5591.0
2019-03-05 13:18:00,17.1601,17.1601,17.155,17.155,7086.0
2019-03-05 13:19:00,17.16,17.21,17.16,17.18,17412.0
2019-03-05 13:20:00,17.17,17.17,17.16,17.16,8733.0
2019-03-05 13:21:00,17.1554,17.1554,17.15,17.15,8803.0
2019-03-05 13:22:00,17.1499,17.1499,17.135,17.135,14975.0
2019-03-05 13:23:00,17.14,17.14,17.13,17.13,10260.0
2019-03-05 13:24:00,17.13,17.13,17.13,17.13,1800.0
2019-03-05 13:25:00,17.14,17.14,17.105,17.105,26769.0
2019-03-05 13:26:00,17.1,17.16,17.1,17.155,71485.0
2019-03-05 13:27:00,17.155,17.17,17.155,17.17,8337.0
2019-03-05 13:28:00,17.1601,17.1601,17.1601,17.1601,1184.0
2019-03-05 13:29:00,17.16,17.17,17.16,17.17,11160.0
2019-03-05 13:30:00,17.165,17.165,17.16,17.165,40965.0
2019-03-05 13:31:00,17.1516,17.1516,17.14,17.14,19851.0
2019-03-05 13:32:00,17.135,17.15,17.135,17.15,9552.0
2019-03-05 13:33:00,17.14,17.2052,17.14,17.2052,62462.0
2019-03-05 13:34:00,17.209,17.21,17.2,17.21,20468.0
2019-03-05 13:35:00,17.2,17.205,17.2,17.205,3877.0
2019-03-05 13:36:00,17.21,17.25,17.21,17.235,42990.0
2019-03-05 13:37:00,17.235,17.235,17.235,17.235,1070.0
2019-03-05 13:38:00,17.24,17.305,17.24,17.305,34766.0
2019-03-05 13:39:00,17.3,17.33,17.3,17.33,26395.0
2019-03-05 13:40:00,17.3316,17.357,17.33,17.357,43910.0
2019-03-05 13:41:00,17.35,17.38,17.34,17.34,48900.0
2019-03-05 13:42:00,17.34,17.34,17.32,17.33,21761.0
2019-03-05 13:43:00,17.34,17.35,17.33,17.34,23269.0
2019-03-05 13:44:00,17.34,17.34,17.32,17.32,7977.0
2019-03-05 13:45:00,17.32,17.32,17.305,17.305,6687.0
2019-03-05 13:46:00,17.3,17.31,17.29,17.31,13991.0
2019-03-05 13:47:00,17.3,17.305,17.3,17.305,7431.0
2019-03-05 13:48:00,17.305,17.305,17.295,17.3,31675.0
2019-03-05 13:49:00,17.295,17.2977,17.295,17.2977,2873.0
2019-03-05 13:50:00,17.295,17.295,17.295,17.295,600.0
2019-03-05 13:51:00,17.29,17.29,17.285,17.285,12588.0
2019-03-05 13:52:00,17.28,17.28,17.28,17.28,1601.0
2019-03-05 13:53:00,17.28,17.285,17.28,17.285,4884.0
2019-03-05 13:54:00,17.28,17.285,17.28,17.285,7008.0
2019-03-05 13:55:00,17.2801,17.32,17.2801,17.3199,24676.0
2019-03-05 13:56:00,17.34,17.39,17.34,17.39,41595.0
2019-03-05 13:57:00,17.385,17.415,17.38,17.415,33300.0
2019-03-05 13:58:00,17.4201,17.4201,17.39,17.39,25104.0
2019-03-05 13:59:00,17.395,17.4,17.395,17.395,6125.0
2019-03-05 14:00:00,17.4,17.44,17.3975,17.3975,28454.0
2019-03-05 14:01:00,17.38,17.41,17.38,17.41,8735.0
2019-03-05 14:02:00,17.42,17.46,17.41,17.41,36134.0
2019-03-05 14:03:00,17.41,17.41,17.409,17.409,4348.0
2019-03-05 14:04:00,17.41,17.41,17.4099,17.4099,1925.0
2019-03-05 14:05:00,17.4,17.4,17.3801,17.3801,16787.0
2019-03-05 14:06:00,17.375,17.375,17.37,17.37,7200.0
2019-03-05 14:07:00,17.37,17.37,17.365,17.365,9365.0
2019-03-05 14:08:00,17.365,17.365,17.365,17.365,1300.0
2019-03-05 14:09:00,17.36,17.365,17.36,17.365,13637.0
2019-03-05 14:10:00,17.3646,17.43,17.3646,17.4101,23440.0
2019-03-05 14:11:00,17.42,17.45,17.42,17.45,15515.0
2019-03-05 14:12:00,17.46,17.48,17.4599,17.47,45941.0
2019-03-05 14:13:00,17.49,17.4901,17.4801,17.4801,12624.0
2019-03-05 14:14:00,17.49,17.5586,17.48,17.5586,91400.0
2019-03-05 14:15:00,17.555,17.555,17.5015,17.5015,35669.0
2019-03-05 14:16:00,17.5099,17.51,17.5099,17.51,9812.0
2019-03-05 14:17:00,17.51,17.555,17.5,17.54,43113.0
2019-03-05 14:18:00,17.53,17.55,17.53,17.54,32476.0
2019-03-05 14:19:00,17.52,17.53,17.51,17.53,15407.0
2019-03-05 14:20:00,17.54,17.54,17.53,17.54,8965.0
2019-03-05 14:21:00,17.53,17.535,17.53,17.53,18711.0
2019-03-05 14:22:00,17.53,17.54,17.53,17.53,11058.0
2019-03-05 14:23:00,17.53,17.53,17.49,17.495,41229.0
2019-03-05 14:24:00,17.49,17.53,17.49,17.53,35434.0
2019-03-05 14:25:00,17.525,17.525,17.52,17.525,6729.0
2019-03-05 14:26:00,17.53,17.55,17.52,17.52,28468.0
2019-03-05 14:27:00,17.5,17.5,17.4224,17.43,48876.0
2019-03-05 14:28:00,17.4399,17.44,17.4399,17.44,10945.0
2019-03-05 14:29:00,17.44,17.45,17.44,17.45,3501.0
2019-03-05 14:30:00,17.465,17.465,17.41,17.41,20661.0
2019-03-05 14:31:00,17.4294,17.4294,17.42,17.42,4329.0
2019-03-05 14:32:00,17.43,17.4362,17.41,17.4362,46298.0
2019-03-05 14:33:00,17.43,17.46,17.42,17.45,16337.0
2019-03-05 14:34:00,17.451,17.451,17.45,17.45,3802.0
2019-03-05 14:35:00,17.445,17.445,17.44,17.44,3254.0
2019-03-05 14:36:00,17.43,17.43,17.425,17.425,10246.0
2019-03-05 14:37:00,17.42,17.42,17.41,17.41,10765.0
2019-03-05 14:38:00,17.4046,17.43,17.4046,17.43,7578.0
2019-03-05 14:39:00,17.43,17.43,17.42,17.42,17831.0
2019-03-05 14:40:00,17.425,17.425,17.425,17.425,4511.0
2019-03-05 14:41:00,17.421,17.421,17.42,17.4203,5276.0
2019-03-05 14:42:00,17.42,17.421,17.375,17.375,66678.0
2019-03-05 14:43:00,17.37,17.395,17.365,17.3902,25009.0
2019-03-05 14:44:00,17.395,17.395,17.3801,17.385,6707.0
2019-03-05 14:45:00,17.38,17.385,17.36,17.36,11553.0
2019-03-05 14:46:00,17.37,17.395,17.37,17.395,13755.0
2019-03-05 14:47:00,17.39,17.4,17.39,17.4,9638.0
2019-03-05 14:48:00,17.4,17.41,17.395,17.3999,41565.0
2019-03-05 14:49:00,17.4,17.405,17.3901,17.405,13606.0
2019-03-05 14:50:00,17.4,17.405,17.4,17.405,8209.0
2019-03-05 14:51:00,17.4,17.4001,17.4,17.4,8503.0
2019-03-05 14:52:00,17.4,17.4,17.38,17.39,22249.0
2019-03-05 14:53:00,17.39,17.41,17.39,17.41,12019.0
2019-03-05 14:54:00,17.405,17.405,17.4,17.4,21679.0
2019-03-05 14:55:00,17.4,17.4,17.3801,17.3801,10481.0
2019-03-05 14:56:00,17.385,17.4,17.385,17.4,10754.0
2019-03-05 14:57:00,17.395,17.395,17.39,17.39,5650.0
2019-03-05 14:58:00,17.4,17.4,17.4,17.4,3407.0
2019-03-05 14:59:00,17.4,17.4,17.395,17.395,5203.0
2019-03-05 15:00:00,17.4,17.4,17.39,17.395,25040.0
2019-03-05 15:01:00,17.3901,17.4,17.3901,17.4,6250.0
2019-03-05 15:02:00,17.395,17.395,17.395,17.395,1602.0
2019-03-05 15:03:00,17.4,17.41,17.4,17.4021,42203.0
2019-03-05 15:04:00,17.405,17.41,17.39,17.39,27301.0
2019-03-05 15:05:00,17.39,17.395,17.39,17.3901,6987.0
2019-03-05 15:06:00,17.395,17.41,17.39,17.41,37870.0
2019-03-05 15:07:00,17.41,17.43,17.4,17.425,37322.0
2019-03-05 15:08:00,17.43,17.496,17.43,17.496,28898.0
2019-03-05 15:09:00,17.495,17.495,17.45,17.46,27977.0
2019-03-05 15:10:00,17.48,17.5,17.46,17.49,59594.0
2019-03-05 15:11:00,17.5,17.5,17.495,17.495,5246.0
2019-03-05 15:12:00,17.5,17.53,17.5,17.52,17763.0
2019-03-05 15:13:00,17.5097,17.535,17.5,17.535,20708.0
2019-03-05 15:14:00,17.535,17.57,17.535,17.57,25754.0
2019-03-05 15:15:00,17.58,17.58,17.55,17.565,34310.0
2019-03-05 15:16:00,17.58,17.58,17.55,17.56,27995.0
2019-03-05 15:17:00,17.545,17.5485,17.545,17.5485,5651.0
2019-03-05 15:18:00,17.545,17.5475,17.54,17.545,21903.0
2019-03-05 15:19:00,17.55,17.59,17.55,17.59,29853.0
2019-03-05 15:20:00,17.59,17.59,17.585,17.585,13542.0
2019-03-05 15:21:00,17.59,17.64,17.59,17.6312,61918.0
2019-03-05 15:22:00,17.64,17.66,17.64,17.645,21656.0
2019-03-05 15:23:00,17.645,17.645,17.605,17.605,22181.0
2019-03-05 15:24:00,17.6001,17.65,17.6001,17.645,34634.0
2019-03-05 15:25:00,17.645,17.645,17.63,17.63,20176.0
2019-03-05 15:26:00,17.63,17.63,17.63,17.63,6139.0
2019-03-05 15:27:00,17.621,17.625,17.62,17.62,28542.0
2019-03-05 15:28:00,17.621,17.65,17.621,17.65,52355.0
2019-03-05 15:29:00,17.64,17.65,17.64,17.65,4204.0
2019-03-05 15:30:00,17.645,17.6471,17.64,17.645,24146.0
2019-03-05 15:31:00,17.645,17.645,17.64,17.64,2220.0
2019-03-05 15:32:00,17.65,17.7,17.65,17.7,56246.0
2019-03-05 15:33:00,17.7,17.74,17.7,17.74,50971.0
2019-03-05 15:34:00,17.74,17.78,17.71,17.77,112064.0
2019-03-05 15:35:00,17.78,17.82,17.77,17.81,78911.0
2019-03-05 15:36:00,17.82,17.88,17.82,17.825,119030.0
2019-03-05 15:37:00,17.82,17.86,17.79,17.85,60029.0
2019-03-05 15:38:00,17.85,17.91,17.85,17.9099,59028.0
2019-03-05 15:39:00,17.91,17.95,17.91,17.95,94380.0
2019-03-05 15:40:00,17.96,17.96,17.95,17.95,47377.0
2019-03-05 15:41:00,17.95,17.95,17.91,17.91,97750.0
2019-03-05 15:42:00,17.9157,17.96,17.9157,17.9549,51577.0
2019-03-05 15:43:00,17.96,17.96,17.95,17.955,39932.0
2019-03-05 15:44:00,17.95,18.1,17.95,18.095,175989.0
2019-03-05 15:45:00,18.09,18.16,18.07,18.08,119536.0
2019-03-05 15:46:00,18.075,18.12,18.07,18.075,99248.0
2019-03-05 15:47:00,18.075,18.075,18.07,18.07,36699.0
2019-03-05 15:48:00,18.075,18.13,18.075,18.1,105870.0
2019-03-05 15:49:00,18.105,18.12,18.1,18.11,57062.0
2019-03-05 15:50:00,18.115,18.12,18.0401,18.0401,43063.0
2019-03-05 15:51:00,18.045,18.045,18.03,18.0301,50604.0
2019-03-05 15:52:00,18.03,18.0557,17.9243,17.9243,109324.0
2019-03-05 15:53:00,17.93,17.98,17.93,17.98,89605.0
2019-03-05 15:54:00,17.99,18.0101,17.985,18.008,94017.0
2019-03-05 15:55:00,18.0001,18.005,17.98,17.98,25860.0
2019-03-05 15:56:00,17.98,17.99,17.98,17.98,51698.0
2019-03-05 15:57:00,17.98,17.98,17.95,17.955,48005.0
2019-03-05 15:58:00,17.955,17.96,17.95,17.952,124007.0
2019-03-05 15:59:00,17.95,17.95,17.91,17.94,145825.0
2019-03-05 16:00:00,17.945,18.01,17.945,18.01,180184.0
2019-03-06 09:31:00,17.72,17.72,17.72,17.72,37274.0
2019-03-06 09:32:00,17.68,17.68,17.64,17.64,10658.0
2019-03-06 09:33:00,17.61,17.61,17.54,17.559,23540.0
2019-03-06 09:34:00,17.55,17.5887,17.55,17.5887,30915.0
2019-03-06 09:35:00,17.595,17.665,17.595,17.64,27469.0
2019-03-06 09:36:00,17.64,17.67,17.64,17.67,18393.0
2019-03-06 09:37:00,17.67,17.67,17.59,17.59,23266.0
2019-03-06 09:38:00,17.58,17.61,17.58,17.58,40326.0
2019-03-06 09:39:00,17.55,17.55,17.55,17.55,12230.0
2019-03-06 09:40:00,17.61,17.61,17.55,17.58,20008.0
2019-03-06 09:41:00,17.597,17.597,17.597,17.597,5515.0
2019-03-06 09:42:00,17.6,17.6,17.54,17.54,13678.0
2019-03-06 09:43:00,17.5,17.5,17.465,17.465,14787.0
2019-03-06 09:44:00,17.5,17.57,17.5,17.57,16440.0
2019-03-06 09:45:00,17.57,17.6,17.57,17.6,6075.0
2019-03-06 09:46:00,17.59,17.59,17.57,17.57,12656.0
2019-03-06 09:47:00,17.63,17.66,17.63,17.66,12897.0
2019-03-06 09:48:00,17.58,17.58,17.58,17.58,2094.0
2019-03-06 09:49:00,17.59,17.59,17.59,17.59,5625.0
2019-03-06 09:50:00,17.61,17.66,17.61,17.66,32436.0
2019-03-06 09:51:00,17.63,17.63,17.625,17.625,17159.0
2019-03-06 09:52:00,17.64,17.64,17.64,17.64,5102.0
2019-03-06 09:53:00,17.65,17.68,17.65,17.68,10423.0
2019-03-06 09:54:00,17.66,17.68,17.66,17.68,23690.0
2019-03-06 09:55:00,17.685,17.72,17.685,17.72,11392.0
2019-03-06 09:56:00,17.7,17.71,17.7,17.71,19446.0
2019-03-06 09:57:00,17.73,17.74,17.73,17.74,12914.0
2019-03-06 09:58:00,17.73,17.73,17.7,17.7,6717.0
2019-03-06 09:59:00,17.65,17.65,17.65,17.65,3336.0
2019-03-06 10:00:00,17.625,17.625,17.625,17.625,4818.0
2019-03-06 10:01:00,17.6703,17.6703,17.6703,17.6703,6115.0
2019-03-06 10:02:00,17.625,17.625,17.57,17.57,10393.0
2019-03-06 10:03:00,17.61,17.61,17.61,17.61,3635.0
2019-03-06 10:04:00,17.61,17.61,17.5901,17.5901,5556.0
2019-03-06 10:05:00,17.59,17.59,17.59,17.59,8431.0
2019-03-06 10:06:00,17.59,17.59,17.59,17.59,2074.0
2019-03-06 10:07:00,17.582,17.582,17.582,17.582,4277.0
2019-03-06 10:08:00,17.6,17.6,17.59,17.59,6884.0
2019-03-06 10:09:00,17.61,17.65,17.61,17.65,10090.0
2019-03-06 10:10:00,17.665,17.665,17.665,17.665,5900.0
2019-03-06 10:11:00,17.69,17.7048,17.69,17.7048,9221.0
2019-03-06 10:12:00,17.67,17.67,17.67,17.67,2529.0
2019-03-06 10:13:00,17.655,17.655,17.655,17.655,4141.0
2019-03-06 10:14:00,17.64,17.64,17.63,17.63,11162.0
2019-03-06 10:15:00,17.64,17.64,17.64,17.64,2552.0
2019-03-06 10:16:00,17.68,17.68,17.68,17.68,3097.0
2019-03-06 10:17:00,17.67,17.67,17.63,17.63,4807.0
2019-03-06 10:18:00,17.6304,17.6304,17.6304,17.6304,3315.0
2019-03-06 10:19:00,17.6228,17.6228,17.6228,17.6228,1690.0
2019-03-06 10:20:00,17.62,17.644,17.62,17.644,5724.0
2019-03-06 10:21:00,17.65,17.65,17.65,17.65,1780.0
2019-03-06 10:22:00,17.709,17.709,17.709,17.709,3095.0
2019-03-06 10:23:00,17.705,17.705,17.69,17.69,8824.0
2019-03-06 10:24:00,17.69,17.69,17.69,17.69,1632.0
2019-03-06 10:25:00,17.685,17.685,17.685,17.685,1695.0
2019-03-06 10:26:00,17.66,17.68,17.66,17.68,4963.0
2019-03-06 10:27:00,17.68,17.68,17.68,17.68,5890.0
2019-03-06 10:28:00,17.7,17.7,17.7,17.7,1760.0
2019-03-06 10:29:00,17.725,17.725,17.72,17.72,11390.0
2019-03-06 10:30:00,17.74,17.75,17.74,17.75,31705.0
2019-03-06 10:31:00,17.72,17.72,17.72,17.72,4262.0
2019-03-06 10:32:00,17.74,17.74,17.74,17.74,1836.0
2019-03-06 10:33:00,17.735,17.735,17.71,17.71,6263.0
2019-03-06 10:34:00,17.72,17.72,17.72,17.72,2906.0
2019-03-06 10:35:00,17.74,17.74,17.7156,17.7156,8080.0
2019-03-06 10:36:00,17.75,17.8,17.75,17.77,30857.0
2019-03-06 10:37:00,17.76,17.76,17.72,17.72,69268.0
2019-03-06 10:38:00,17.7629,17.77,17.74,17.75,0.0
2019-03-06 10:39:00,17.75,17.76,17.75,17.76,4944.0
2019-03-06 10:40:00,17.76,17.77,17.76,17.77,500.0
2019-03-06 10:42:00,17.8279,17.8279,17.8279,17.8279,27656.0
2019-03-06 10:43:00,17.83,17.845,17.83,17.845,1796.0
2019-03-06 10:46:00,17.8,17.82,17.8,17.82,38442.0
2019-03-06 10:47:00,17.83,17.83,17.83,17.83,2998.0
2019-03-06 10:48:00,17.85,17.85,17.85,17.85,21438.0
2019-03-06 11:05:00,17.61,17.64,17.6,17.64,116712.0
2019-03-06 11:06:00,17.64,17.6989,17.64,17.65,12060.0
2019-03-06 11:07:00,17.62,17.62,17.62,17.62,2615.0
2019-03-06 11:08:00,17.645,17.645,17.635,17.635,13138.0
2019-03-06 11:09:00,17.64,17.64,17.63,17.63,22271.0
2019-03-06 11:10:00,17.61,17.635,17.61,17.635,19309.0
2019-03-06 11:11:00,17.625,17.635,17.625,17.635,8184.0
2019-03-06 11:12:00,17.625,17.625,17.625,17.625,3020.0
2019-03-06 11:13:00,17.625,17.625,17.625,17.625,2951.0
2019-03-06 11:14:00,17.635,17.67,17.635,17.67,25291.0
2019-03-06 11:15:00,17.6799,17.6799,17.6799,17.6799,4231.0
2019-03-06 11:16:00,17.695,17.695,17.69,17.69,6125.0
2019-03-06 11:17:00,17.68,17.68,17.68,17.68,1657.0
2019-03-06 11:18:00,17.67,17.68,17.67,17.68,6192.0
2019-03-06 11:20:00,17.685,17.685,17.66,17.66,5093.0
2019-03-06 11:21:00,17.66,17.66,17.66,17.66,1871.0
2019-03-06 11:22:00,17.655,17.655,17.655,17.655,1662.0
2019-03-06 11:23:00,17.655,17.655,17.655,17.655,1600.0
2019-03-06 11:24:00,17.66,17.68,17.66,17.68,4828.0
2019-03-06 11:25:00,17.655,17.655,17.655,17.655,1945.0
2019-03-06 11:26:00,17.66,17.66,17.66,17.66,2307.0
2019-03-06 11:27:00,17.67,17.67,17.67,17.67,1898.0
2019-03-06 11:28:00,17.68,17.7,17.68,17.7,3750.0
2019-03-06 11:30:00,17.69,17.69,17.69,17.69,2542.0
2019-03-06 11:31:00,17.7,17.74,17.7,17.74,12806.0
2019-03-06 11:32:00,17.7507,17.7507,17.735,17.735,21573.0
2019-03-06 11:33:00,17.75,17.79,17.75,17.79,16533.0
2019-03-06 11:34:00,17.77,17.77,17.75,17.75,6899.0
2019-03-06 11:35:00,17.755,17.77,17.755,17.77,13619.0
2019-03-06 11:36:00,17.75,17.77,17.75,17.77,3870.0
2019-03-06 11:37:00,17.7701,17.7701,17.7701,17.7701,1903.0
2019-03-06 11:38:00,17.79,17.8199,17.79,17.81,20753.0
2019-03-06 11:39:00,17.8,17.815,17.8,17.815,16734.0
2019-03-06 11:40:00,17.82,17.82,17.82,17.82,885.0
2019-03-06 11:41:00,17.81,17.81,17.81,17.81,1300.0
2019-03-06 11:42:00,17.81,17.81,17.785,17.785,11059.0
2019-03-06 11:43:00,17.775,17.775,17.77,17.77,4667.0
2019-03-06 11:44:00,17.76,17.76,17.76,17.76,4288.0
2019-03-06 11:45:00,17.74,17.74,17.69,17.69,8964.0
2019-03-06 11:46:00,17.69,17.69,17.69,17.69,7201.0
2019-03-06 11:47:00,17.6984,17.75,17.6984,17.75,19119.0
2019-03-06 11:48:00,17.76,17.805,17.76,17.79,39514.0
2019-03-06 11:49:00,17.79,17.79,17.79,17.79,1895.0
2019-03-06 11:50:00,17.775,17.78,17.77,17.78,5267.0
2019-03-06 11:51:00,17.75,17.75,17.71,17.72,13164.0
2019-03-06 11:52:00,17.705,17.705,17.69,17.69,3591.0
2019-03-06 11:53:00,17.69,17.7,17.69,17.7,3024.0
2019-03-06 11:54:00,17.67,17.67,17.67,17.67,7311.0
2019-03-06 11:55:00,17.66,17.66,17.64,17.64,16309.0
2019-03-06 11:56:00,17.64,17.65,17.63,17.64,25677.0
2019-03-06 11:57:00,17.64,17.64,17.63,17.63,12184.0
2019-03-06 11:58:00,17.63,17.63,17.6,17.61,17548.0
2019-03-06 11:59:00,17.61,17.61,17.6,17.6,10352.0
2019-03-06 12:00:00,17.61,17.61,17.61,17.61,4129.0
2019-03-06 12:01:00,17.61,17.64,17.61,17.64,6551.0
2019-03-06 12:03:00,17.625,17.63,17.625,17.63,2322.0
2019-03-06 12:04:00,17.62,17.62,17.62,17.62,1158.0
2019-03-06 12:05:00,17.62,17.64,17.62,17.64,4776.0
2019-03-06 12:06:00,17.63,17.63,17.63,17.63,1481.0
2019-03-06 12:07:00,17.64,17.65,17.64,17.65,3463.0
2019-03-06 12:08:00,17.655,17.66,17.65,17.65,6520.0
2019-03-06 12:09:00,17.64,17.64,17.64,17.64,1200.0
2019-03-06 12:10:00,17.6301,17.6301,17.6301,17.6301,2614.0
2019-03-06 12:11:00,17.615,17.615,17.6,17.6,6917.0
2019-03-06 12:12:00,17.58,17.58,17.56,17.56,3560.0
2019-03-06 12:13:00,17.5667,17.5667,17.5667,17.5667,3950.0
2019-03-06 12:14:00,17.56,17.56,17.56,17.56,2300.0
2019-03-06 12:15:00,17.55,17.55,17.55,17.55,1109.0
2019-03-06 12:16:00,17.53,17.53,17.52,17.53,13667.0
2019-03-06 12:17:00,17.55,17.56,17.55,17.56,5650.0
2019-03-06 12:18:00,17.55,17.55,17.525,17.525,10897.0
2019-03-06 12:19:00,17.51,17.51,17.5,17.5,2663.0
2019-03-06 12:21:00,17.495,17.51,17.495,17.51,8665.0
2019-03-06 12:22:00,17.53,17.53,17.52,17.52,13211.0
2019-03-06 12:23:00,17.51,17.51,17.51,17.51,1210.0
2019-03-06 12:24:00,17.51,17.51,17.5,17.505,3277.0
2019-03-06 12:25:00,17.5,17.5,17.5,17.5,1732.0
2019-03-06 12:26:00,17.5,17.5,17.48,17.48,4614.0
2019-03-06 12:27:00,17.485,17.485,17.485,17.485,3052.0
2019-03-06 12:28:00,17.505,17.505,17.5,17.5,10597.0
2019-03-06 12:29:00,17.5,17.53,17.5,17.53,6224.0
2019-03-06 12:30:00,17.53,17.53,17.53,17.53,831.0
2019-03-06 12:31:00,17.54,17.54,17.54,17.54,1203.0
2019-03-06 12:32:00,17.54,17.54,17.54,17.54,2050.0
2019-03-06 12:33:00,17.54,17.54,17.54,17.54,200.0
2019-03-06 12:34:00,17.55,17.55,17.55,17.55,5021.0
2019-03-06 12:35:00,17.535,17.535,17.535,17.535,3525.0
2019-03-06 12:36:00,17.55,17.55,17.55,17.55,3514.0
2019-03-06 12:37:00,17.53,17.53,17.53,17.53,8280.0
2019-03-06 12:38:00,17.5565,17.5565,17.55,17.55,8521.0
2019-03-06 12:39:00,17.55,17.55,17.535,17.535,3246.0
2019-03-06 12:40:00,17.53,17.53,17.53,17.53,522.0
2019-03-06 12:41:00,17.51,17.51,17.495,17.495,3324.0
2019-03-06 12:42:00,17.5,17.5,17.5,17.5,1336.0
2019-03-06 12:43:00,17.49,17.51,17.48,17.51,5272.0
2019-03-06 12:44:00,17.51,17.51,17.51,17.51,2435.0
2019-03-06 12:45:00,17.5099,17.5099,17.5099,17.5099,1202.0
2019-03-06 12:46:00,17.51,17.51,17.5,17.5,1734.0
2019-03-06 12:47:00,17.49,17.49,17.49,17.49,1353.0
2019-03-06 12:48:00,17.5,17.5,17.4801,17.4801,6963.0
2019-03-06 12:49:00,17.48,17.48,17.45,17.45,7426.0
2019-03-06 12:50:00,17.44,17.4456,17.44,17.4456,3639.0
2019-03-06 12:51:00,17.46,17.49,17.46,17.49,7995.0
2019-03-06 12:52:00,17.49,17.49,17.46,17.46,2417.0
2019-03-06 12:53:00,17.47,17.47,17.4401,17.4401,3684.0
2019-03-06 12:54:00,17.45,17.48,17.45,17.48,18065.0
2019-03-06 12:55:00,17.48,17.485,17.48,17.485,3653.0
2019-03-06 12:56:00,17.48,17.48,17.48,17.48,1763.0
2019-03-06 12:57:00,17.4724,17.4724,17.4724,17.4724,1897.0
2019-03-06 12:58:00,17.47,17.47,17.47,17.47,708.0
2019-03-06 12:59:00,17.47,17.47,17.47,17.47,636.0
2019-03-06 13:00:00,17.43,17.43,17.415,17.42,7884.0
2019-03-06 13:01:00,17.44,17.44,17.42,17.43,7625.0
2019-03-06 13:02:00,17.45,17.45,17.45,17.45,1350.0
2019-03-06 13:03:00,17.44,17.44,17.42,17.42,2951.0
2019-03-06 13:04:00,17.41,17.41,17.41,17.41,761.0
2019-03-06 13:05:00,17.42,17.43,17.42,17.42,2774.0
2019-03-06 13:06:00,17.42,17.42,17.42,17.42,1101.0
2019-03-06 13:07:00,17.42,17.42,17.42,17.42,3215.0
2019-03-06 13:08:00,17.42,17.42,17.405,17.405,18559.0
2019-03-06 13:09:00,17.4,17.4,17.39,17.39,3558.0
2019-03-06 13:10:00,17.4,17.41,17.4,17.41,4698.0
2019-03-06 13:11:00,17.42,17.42,17.41,17.41,6730.0
2019-03-06 13:12:00,17.4,17.4101,17.4,17.4101,4354.0
2019-03-06 13:13:00,17.405,17.41,17.405,17.41,1320.0
2019-03-06 13:15:00,17.41,17.44,17.41,17.44,2578.0
2019-03-06 13:16:00,17.44,17.44,17.44,17.44,10428.0
2019-03-06 13:17:00,17.43,17.44,17.43,17.44,2665.0
2019-03-06 13:18:00,17.46,17.47,17.46,17.47,4750.0
2019-03-06 13:19:00,17.46,17.46,17.46,17.46,1288.0
2019-03-06 13:20:00,17.465,17.465,17.455,17.455,2647.0
2019-03-06 13:21:00,17.43,17.43,17.43,17.43,7190.0
2019-03-06 13:22:00,17.425,17.425,17.41,17.41,1746.0
2019-03-06 13:23:00,17.42,17.42,17.4,17.4187,6741.0
2019-03-06 13:24:00,17.43,17.44,17.43,17.44,6561.0
2019-03-06 13:25:00,17.44,17.44,17.44,17.44,500.0
2019-03-06 13:26:00,17.42,17.43,17.42,17.425,5602.0
2019-03-06 13:27:00,17.41,17.415,17.41,17.415,3308.0
2019-03-06 13:28:00,17.44,17.44,17.44,17.44,3215.0
2019-03-06 13:29:00,17.45,17.46,17.45,17.46,8429.0
2019-03-06 13:30:00,17.45,17.45,17.445,17.445,3296.0
2019-03-06 13:31:00,17.45,17.47,17.45,17.47,4377.0
2019-03-06 13:32:00,17.46,17.48,17.4538,17.47,16774.0
2019-03-06 13:33:00,17.485,17.49,17.47,17.47,5611.0
2019-03-06 13:34:00,17.47,17.47,17.47,17.47,1302.0
2019-03-06 13:35:00,17.455,17.46,17.455,17.46,2186.0
2019-03-06 13:36:00,17.44,17.44,17.44,17.44,1529.0
2019-03-06 13:37:00,17.42,17.42,17.41,17.41,3382.0
2019-03-06 13:38:00,17.41,17.41,17.41,17.41,1305.0
2019-03-06 13:39:00,17.4173,17.44,17.4173,17.44,7045.0
2019-03-06 13:40:00,17.47,17.47,17.47,17.47,2201.0
2019-03-06 13:41:00,17.48,17.48,17.46,17.46,2528.0
2019-03-06 13:42:00,17.45,17.45,17.45,17.45,1806.0
2019-03-06 13:43:00,17.46,17.475,17.46,17.475,7134.0
2019-03-06 13:44:00,17.49,17.49,17.49,17.49,4212.0
2019-03-06 13:45:00,17.485,17.485,17.47,17.47,4936.0
2019-03-06 13:46:00,17.45,17.45,17.45,17.45,2264.0
2019-03-06 13:47:00,17.45,17.45,17.445,17.445,1205.0
2019-03-06 13:48:00,17.4449,17.4449,17.4449,17.4449,450.0
2019-03-06 13:50:00,17.445,17.445,17.445,17.445,1200.0
2019-03-06 13:51:00,17.44,17.47,17.44,17.47,9963.0
2019-03-06 13:52:00,17.46,17.47,17.46,17.47,3235.0
2019-03-06 13:53:00,17.45,17.45,17.45,17.45,1171.0
2019-03-06 13:54:00,17.45,17.45,17.45,17.45,913.0
2019-03-06 13:55:00,17.47,17.49,17.47,17.49,4690.0
2019-03-06 13:56:00,17.5,17.51,17.5,17.51,5741.0
2019-03-06 13:57:00,17.51,17.51,17.51,17.51,1749.0
2019-03-06 13:58:00,17.51,17.51,17.5,17.5,2641.0
2019-03-06 13:59:00,17.515,17.53,17.515,17.52,5672.0
2019-03-06 14:00:00,17.53,17.53,17.53,17.53,2111.0
2019-03-06 14:01:00,17.52,17.52,17.52,17.52,2334.0
2019-03-06 14:02:00,17.52,17.53,17.52,17.53,3484.0
2019-03-06 14:03:00,17.52,17.52,17.52,17.52,732.0
2019-03-06 14:04:00,17.53,17.54,17.52,17.54,8976.0
2019-03-06 14:05:00,17.54,17.55,17.54,17.55,4024.0
2019-03-06 14:06:00,17.55,17.55,17.5211,17.54,12851.0
2019-03-06 14:07:00,17.555,17.555,17.555,17.555,1302.0
2019-03-06 14:08:00,17.54,17.54,17.5358,17.5358,3036.0
2019-03-06 14:09:00,17.54,17.54,17.54,17.54,6536.0
2019-03-06 14:10:00,17.53,17.53,17.52,17.53,3942.0
2019-03-06 14:11:00,17.54,17.54,17.54,17.54,1220.0
2019-03-06 14:12:00,17.55,17.55,17.55,17.55,3292.0
2019-03-06 14:13:00,17.54,17.54,17.54,17.54,1917.0
2019-03-06 14:14:00,17.54,17.54,17.54,17.54,1101.0
2019-03-06 14:15:00,17.53,17.53,17.515,17.515,2187.0
2019-03-06 14:16:00,17.52,17.53,17.52,17.52,3571.0
2019-03-06 14:18:00,17.52,17.52,17.5,17.52,15168.0
2019-03-06 14:19:00,17.52,17.52,17.517,17.517,6861.0
2019-03-06 14:20:00,17.5,17.5,17.5,17.5,3143.0
2019-03-06 14:21:00,17.48,17.49,17.47,17.48,15526.0
2019-03-06 14:22:00,17.5,17.5,17.5,17.5,3111.0
2019-03-06 14:23:00,17.5,17.5,17.5,17.5,7361.0
2019-03-06 14:24:00,17.5,17.52,17.5,17.51,13126.0
2019-03-06 14:25:00,17.5199,17.52,17.5199,17.52,9268.0
2019-03-06 14:26:00,17.51,17.515,17.5,17.5,9410.0
2019-03-06 14:27:00,17.49,17.5,17.49,17.4972,13430.0
2019-03-06 14:28:00,17.49,17.49,17.49,17.49,732.0
2019-03-06 14:29:00,17.5,17.5,17.5,17.5,648.0
2019-03-06 14:30:00,17.5,17.5,17.5,17.5,407.0
2019-03-06 14:31:00,17.5,17.5,17.5,17.5,1090.0
2019-03-06 14:32:00,17.51,17.51,17.5,17.5,2250.0
2019-03-06 14:33:00,17.495,17.5,17.495,17.5,2768.0
2019-03-06 14:34:00,17.48,17.48,17.455,17.455,6291.0
2019-03-06 14:35:00,17.47,17.48,17.47,17.48,4271.0
2019-03-06 14:36:00,17.47,17.48,17.47,17.48,3443.0
2019-03-06 14:37:00,17.4764,17.48,17.4764,17.48,1528.0
2019-03-06 14:38:00,17.48,17.48,17.47,17.47,6938.0
2019-03-06 14:39:00,17.48,17.48,17.47,17.47,6213.0
2019-03-06 14:40:00,17.45,17.46,17.45,17.46,2368.0
2019-03-06 14:41:00,17.46,17.46,17.46,17.46,1211.0
2019-03-06 14:42:00,17.46,17.46,17.44,17.44,2895.0
2019-03-06 14:43:00,17.435,17.435,17.43,17.43,1789.0
2019-03-06 14:44:00,17.435,17.435,17.41,17.4102,6711.0
2019-03-06 14:45:00,17.41,17.41,17.405,17.405,1200.0
2019-03-06 14:46:00,17.41,17.42,17.41,17.42,6687.0
2019-03-06 14:47:00,17.41,17.41,17.41,17.41,2976.0
2019-03-06 14:48:00,17.41,17.43,17.41,17.42,12370.0
2019-03-06 14:49:00,17.42,17.43,17.3901,17.3901,24171.0
2019-03-06 14:50:00,17.4,17.4,17.37,17.3701,15521.0
2019-03-06 14:51:00,17.38,17.38,17.375,17.375,5597.0
2019-03-06 14:52:00,17.39,17.41,17.39,17.39,10389.0
2019-03-06 14:53:00,17.37,17.37,17.3562,17.3562,7131.0
2019-03-06 14:54:00,17.35,17.375,17.35,17.36,18018.0
2019-03-06 14:55:00,17.36,17.36,17.36,17.36,6463.0
2019-03-06 14:56:00,17.36,17.36,17.335,17.36,21031.0
2019-03-06 14:57:00,17.36,17.38,17.36,17.3748,12072.0
2019-03-06 14:58:00,17.39,17.41,17.39,17.41,2387.0
2019-03-06 14:59:00,17.41,17.41,17.41,17.41,1101.0
2019-03-06 15:00:00,17.4,17.4,17.34,17.35,34648.0
2019-03-06 15:01:00,17.36,17.36,17.36,17.36,2325.0
2019-03-06 15:02:00,17.37,17.38,17.37,17.37,5671.0
2019-03-06 15:03:00,17.36,17.37,17.36,17.37,3955.0
2019-03-06 15:04:00,17.36,17.36,17.36,17.36,1959.0
2019-03-06 15:05:00,17.35,17.36,17.35,17.36,3475.0
2019-03-06 15:06:00,17.35,17.355,17.35,17.355,1504.0
2019-03-06 15:07:00,17.35,17.35,17.3471,17.3471,3804.0
2019-03-06 15:08:00,17.35,17.35,17.35,17.35,4012.0
2019-03-06 15:09:00,17.34,17.34,17.31,17.315,6780.0
2019-03-06 15:10:00,17.32,17.32,17.315,17.32,2634.0
2019-03-06 15:11:00,17.315,17.315,17.31,17.31,1985.0
2019-03-06 15:12:00,17.311,17.311,17.311,17.311,441.0
2019-03-06 15:13:00,17.32,17.32,17.315,17.32,1403.0
2019-03-06 15:14:00,17.32,17.32,17.315,17.315,914.0
2019-03-06 15:15:00,17.31,17.315,17.31,17.315,3103.0
2019-03-06 15:16:00,17.315,17.32,17.3125,17.315,29681.0
2019-03-06 15:17:00,17.32,17.32,17.315,17.315,7808.0
2019-03-06 15:18:00,17.32,17.44,17.32,17.4399,107397.0
2019-03-06 15:19:00,17.43,17.43,17.43,17.43,66023.0
2019-03-06 15:20:00,17.43,17.435,17.43,17.43,34380.0
2019-03-06 15:21:00,17.435,17.435,17.435,17.435,1592.0
2019-03-06 15:22:00,17.43,17.43,17.43,17.43,8226.0
2019-03-06 15:23:00,17.43,17.43,17.43,17.43,1606.0
2019-03-06 15:25:00,17.43,17.43,17.43,17.43,414.0
2019-03-06 15:26:00,17.435,17.435,17.43,17.43,11682.0
2019-03-06 15:27:00,17.43,17.43,17.43,17.43,3538.0
2019-03-06 15:28:00,17.435,17.435,17.435,17.435,1700.0
2019-03-06 15:29:00,17.43,17.43,17.43,17.43,1300.0
2019-03-06 15:30:00,17.435,17.48,17.4325,17.48,84627.0
2019-03-06 15:31:00,17.48,17.48,17.42,17.435,34808.0
2019-03-06 15:32:00,17.435,17.435,17.43,17.43,7085.0
2019-03-06 15:33:00,17.425,17.425,17.4001,17.4001,7842.0
2019-03-06 15:34:00,17.41,17.41,17.4,17.4,2910.0
2019-03-06 15:35:00,17.405,17.405,17.4,17.4,2109.0
2019-03-06 15:36:00,17.405,17.41,17.4,17.41,3367.0
2019-03-06 15:37:00,17.41,17.44,17.41,17.44,17739.0
2019-03-06 15:38:00,17.445,17.4499,17.435,17.44,12495.0
2019-03-06 15:39:00,17.435,17.435,17.43,17.435,4097.0
2019-03-06 15:40:00,17.44,17.44,17.44,17.44,1041.0
2019-03-06 15:41:00,17.435,17.435,17.435,17.435,3027.0
2019-03-06 15:42:00,17.43,17.43,17.43,17.43,718.0
2019-03-06 15:43:00,17.43,17.435,17.43,17.435,1312.0
2019-03-06 15:44:00,17.44,17.46,17.44,17.44,28753.0
2019-03-06 15:45:00,17.44,17.44,17.43,17.43,9370.0
2019-03-06 15:46:00,17.415,17.42,17.415,17.42,24128.0
2019-03-06 15:47:00,17.42,17.42,17.42,17.42,2410.0
2019-03-06 15:48:00,17.41,17.415,17.41,17.415,8405.0
2019-03-06 15:49:00,17.415,17.42,17.415,17.415,7912.0
2019-03-06 15:50:00,17.42,17.42,17.4,17.4,20731.0
2019-03-06 15:51:00,17.395,17.395,17.385,17.385,11147.0
2019-03-06 15:52:00,17.385,17.385,17.385,17.385,15366.0
2019-03-06 15:53:00,17.385,17.3852,17.385,17.3852,15221.0
2019-03-06 15:54:00,17.385,17.385,17.38,17.38,11959.0
2019-03-06 15:55:00,17.38,17.38,17.36,17.36,13451.0
2019-03-06 15:56:00,17.35,17.35,17.315,17.3197,27281.0
2019-03-06 15:57:00,17.315,17.315,17.2943,17.3,86999.0
2019-03-06 15:58:00,17.305,17.31,17.2946,17.3,39092.0
2019-03-06 15:59:00,17.295,17.3,17.29,17.29,29963.0
2019-03-06 16:00:00,17.29,17.31,17.29,17.29,150732.0
2019-03-07 09:31:00,17.2,17.2,17.2,17.2,31706.0
2019-03-07 09:32:00,17.25,17.25,17.21,17.21,14875.0
2019-03-07 09:34:00,17.23,17.23,17.21,17.21,7152.0
2019-03-07 09:35:00,17.22,17.22,17.22,17.22,3886.0
2019-03-07 09:36:00,17.2,17.2,17.2,17.2,3670.0
2019-03-07 09:37:00,17.21,17.21,17.21,17.21,14025.0
2019-03-07 09:38:00,17.16,17.16,17.16,17.16,8389.0
2019-03-07 09:39:00,17.1,17.1,17.0848,17.0848,23522.0
2019-03-07 09:40:00,17.14,17.14,17.09,17.09,13462.0
2019-03-07 09:41:00,17.06,17.06,17.06,17.06,14094.0
2019-03-07 09:42:00,17.05,17.05,16.97,16.97,29590.0
2019-03-07 09:43:00,16.9231,16.9231,16.82,16.82,28589.0
2019-03-07 09:44:00,16.84,16.88,16.84,16.88,21813.0
2019-03-07 09:45:00,16.9,16.9,16.86,16.87,26567.0
2019-03-07 09:46:00,16.81,16.81,16.78,16.78,59272.0
2019-03-07 09:47:00,16.74,16.75,16.63,16.65,64809.0
2019-03-07 09:48:00,16.63,16.65,16.6,16.65,90093.0
2019-03-07 09:49:00,16.64,16.64,16.56,16.62,55407.0
2019-03-07 09:50:00,16.625,16.625,16.585,16.6197,29575.0
2019-03-07 09:51:00,16.63,16.63,16.6,16.6,19649.0
2019-03-07 09:52:00,16.6,16.6,16.51,16.51,34257.0
2019-03-07 09:53:00,16.49,16.49,16.405,16.405,72371.0
2019-03-07 09:54:00,16.41,16.41,16.31,16.31,82355.0
2019-03-07 09:55:00,16.33,16.37,16.31,16.34,46908.0
2019-03-07 09:56:00,16.32,16.33,16.3,16.33,58690.0
2019-03-07 09:57:00,16.33,16.4,16.32,16.35,58100.0
2019-03-07 09:58:00,16.34,16.39,16.33,16.38,32471.0
2019-03-07 09:59:00,16.38,16.3809,16.35,16.36,22705.0
2019-03-07 10:00:00,16.35,16.35,16.3,16.3,31988.0
2019-03-07 10:01:00,16.3,16.3,16.26,16.28,65307.0
2019-03-07 10:02:00,16.3,16.3,16.2,16.205,61526.0
2019-03-07 10:03:00,16.2,16.2,16.17,16.19,35286.0
2019-03-07 10:04:00,16.225,16.29,16.225,16.29,19102.0
2019-03-07 10:05:00,16.27,16.28,16.19,16.19,29045.0
2019-03-07 10:06:00,16.175,16.24,16.16,16.24,33712.0
2019-03-07 10:07:00,16.25,16.29,16.24,16.259,59266.0
2019-03-07 10:08:00,16.2599,16.34,16.2599,16.295,47955.0
2019-03-07 10:09:00,16.26,16.26,16.2,16.2,24452.0
2019-03-07 10:10:00,16.19,16.19,16.145,16.16,40462.0
2019-03-07 10:11:00,16.16,16.2,16.088,16.1163,157956.0
2019-03-07 10:12:00,16.12,16.16,16.105,16.14,27987.0
2019-03-07 10:13:00,16.13,16.165,16.115,16.165,73422.0
2019-03-07 10:14:00,16.1635,16.18,16.1,16.17,81174.0
2019-03-07 10:15:00,16.2,16.24,16.07,16.07,156155.0
2019-03-07 10:16:00,16.125,16.14,16.08,16.08,76681.0
2019-03-07 10:17:00,16.08,16.11,16.035,16.1,105575.0
2019-03-07 10:18:00,16.04,16.05,16.04,16.05,30127.0
2019-03-07 10:19:00,16.07,16.09,16.07,16.07,17881.0
2019-03-07 10:20:00,16.07,16.07,16.0,16.0,47787.0
2019-03-07 10:21:00,16.0,16.06,15.97,16.06,80406.0
2019-03-07 10:22:00,16.07,16.0898,16.01,16.04,100428.0
2019-03-07 10:23:00,16.04,16.04,15.95,15.95,108701.0
2019-03-07 10:24:00,15.98,16.01,15.91,16.01,81611.0
2019-03-07 10:25:00,15.9994,16.01,15.92,15.96,81801.0
2019-03-07 10:26:00,15.99,15.99,15.95,15.95,11892.0
2019-03-07 10:27:00,15.95,16.0,15.95,15.98,24622.0
2019-03-07 10:28:00,15.98,15.98,15.955,15.955,14068.0
2019-03-07 10:29:00,16.0,16.03,15.9883,15.995,31173.0
2019-03-07 10:30:00,16.0,16.0,15.99,16.0,47650.0
2019-03-07 10:31:00,16.02,16.05,16.0,16.01,33291.0
2019-03-07 10:32:00,16.0,16.05,16.0,16.05,21104.0
2019-03-07 10:33:00,16.03,16.04,16.03,16.03,22604.0
2019-03-07 10:34:00,16.045,16.045,16.02,16.02,13723.0
2019-03-07 10:35:00,16.0399,16.04,16.01,16.01,15435.0
2019-03-07 10:36:00,15.985,16.0,15.9,15.935,136055.0
2019-03-07 10:37:00,15.89,15.92,15.88,15.9,52875.0
2019-03-07 10:38:00,15.95,15.95,15.93,15.93,14198.0
2019-03-07 10:39:00,15.92,15.98,15.92,15.98,22452.0
2019-03-07 10:40:00,16.0,16.0,15.99,15.99,11823.0
2019-03-07 10:41:00,15.9942,16.0,15.9942,16.0,9893.0
2019-03-07 10:42:00,15.98,15.98,15.97,15.97,6127.0
2019-03-07 10:43:00,16.0,16.09,16.0,16.09,17362.0
2019-03-07 10:44:00,16.11,16.1101,16.07,16.095,104432.0
2019-03-07 10:45:00,16.095,16.14,16.095,16.12,26824.0
2019-03-07 10:46:00,16.13,16.16,16.13,16.16,43706.0
2019-03-07 10:47:00,16.1485,16.2,16.1485,16.17,87644.0
2019-03-07 10:48:00,16.17,16.1701,16.17,16.17,31443.0
2019-03-07 10:49:00,16.1871,16.1871,16.17,16.17,15169.0
2019-03-07 10:50:00,16.17,16.24,16.17,16.22,44471.0
2019-03-07 10:51:00,16.23,16.23,16.22,16.22,30670.0
2019-03-07 10:52:00,16.24,16.24,16.24,16.24,5381.0
2019-03-07 10:53:00,16.27,16.28,16.27,16.28,10825.0
2019-03-07 10:54:00,16.27,16.2999,16.27,16.2999,14279.0
2019-03-07 10:55:00,16.32,16.32,16.31,16.32,15775.0
2019-03-07 10:56:00,16.32,16.38,16.32,16.38,46513.0
2019-03-07 10:57:00,16.35,16.35,16.32,16.35,34742.0
2019-03-07 10:58:00,16.36,16.36,16.35,16.35,16144.0
2019-03-07 10:59:00,16.36,16.36,16.3,16.3058,41888.0
2019-03-07 11:00:00,16.32,16.32,16.3,16.31,15945.0
2019-03-07 11:01:00,16.27,16.28,16.231,16.231,34054.0
2019-03-07 11:02:00,16.191,16.2,16.19,16.19,13266.0
2019-03-07 11:03:00,16.22,16.22,16.19,16.2,11664.0
2019-03-07 11:04:00,16.21,16.243,16.21,16.243,8857.0
2019-03-07 11:05:00,16.29,16.29,16.21,16.21,16964.0
2019-03-07 11:06:00,16.22,16.22,16.21,16.21,14069.0
2019-03-07 11:07:00,16.24,16.24,16.24,16.24,15371.0
2019-03-07 11:08:00,16.22,16.22,16.19,16.19,12104.0
2019-03-07 11:09:00,16.2,16.2,16.2,16.2,4143.0
2019-03-07 11:10:00,16.2125,16.2125,16.2,16.2,8278.0
2019-03-07 11:11:00,16.2,16.2,16.1999,16.1999,11010.0
2019-03-07 11:12:00,16.19,16.2131,16.19,16.2131,8026.0
2019-03-07 11:13:00,16.2,16.2,16.2,16.2,2601.0
2019-03-07 11:14:00,16.21,16.21,16.17,16.17,16865.0
2019-03-07 11:15:00,16.2,16.2,16.15,16.17,30384.0
2019-03-07 11:16:00,16.16,16.16,16.14,16.14,14136.0
2019-03-07 11:17:00,16.15,16.17,16.15,16.15,14262.0
2019-03-07 11:18:00,16.17,16.17,16.17,16.17,9266.0
2019-03-07 11:19:00,16.17,16.17,16.17,16.17,11021.0
2019-03-07 11:20:00,16.19,16.195,16.19,16.195,9503.0
2019-03-07 11:21:00,16.19,16.19,16.19,16.19,2607.0
2019-03-07 11:22:00,16.195,16.195,16.195,16.195,7761.0
2019-03-07 11:23:00,16.19,16.22,16.19,16.22,19753.0
2019-03-07 11:24:00,16.22,16.22,16.22,16.22,2920.0
2019-03-07 11:25:00,16.2299,16.27,16.2299,16.27,12438.0
2019-03-07 11:26:00,16.3,16.3,16.3,16.3,5557.0
2019-03-07 11:27:00,16.3,16.34,16.3,16.34,7228.0
2019-03-07 11:28:00,16.37,16.37,16.36,16.36,10529.0
2019-03-07 11:29:00,16.35,16.35,16.34,16.34,8456.0
2019-03-07 11:30:00,16.3232,16.38,16.3232,16.38,33774.0
2019-03-07 11:31:00,16.39,16.46,16.39,16.46,134677.0
2019-03-07 11:32:00,16.48,16.51,16.48,16.51,86028.0
2019-03-07 11:33:00,16.47,16.47,16.46,16.46,18134.0
2019-03-07 11:34:00,16.47,16.48,16.47,16.48,20411.0
2019-03-07 11:35:00,16.5,16.5,16.44,16.44,14040.0
2019-03-07 11:36:00,16.46,16.54,16.46,16.53,55949.0
2019-03-07 11:37:00,16.555,16.56,16.53,16.53,23953.0
2019-03-07 11:38:00,16.4829,16.55,16.4829,16.55,49098.0
2019-03-07 11:39:00,16.53,16.57,16.53,16.56,18133.0
2019-03-07 11:40:00,16.55,16.58,16.5,16.55,29466.0
2019-03-07 11:41:00,16.59,16.59,16.5398,16.5398,35310.0
2019-03-07 11:42:00,16.55,16.55,16.55,16.55,2431.0
2019-03-07 11:43:00,16.52,16.59,16.52,16.59,33202.0
2019-03-07 11:44:00,16.58,16.61,16.58,16.6,30026.0
2019-03-07 11:45:00,16.5701,16.6,16.5701,16.6,13104.0
2019-03-07 11:46:00,16.6,16.615,16.59,16.59,36017.0
2019-03-07 11:47:00,16.59,16.59,16.52,16.52,20909.0
2019-03-07 11:48:00,16.51,16.51,16.5,16.5,13950.0
2019-03-07 11:49:00,16.511,16.54,16.51,16.54,31665.0
2019-03-07 11:50:00,16.53,16.54,16.53,16.54,3806.0
2019-03-07 11:51:00,16.55,16.55,16.515,16.515,15949.0
2019-03-07 11:52:00,16.5,16.5,16.4301,16.468,52862.0
2019-03-07 11:53:00,16.47,16.48,16.47,16.48,23906.0
2019-03-07 11:54:00,16.45,16.45,16.45,16.45,1638.0
2019-03-07 11:55:00,16.4,16.4,16.37,16.3741,23371.0
2019-03-07 11:56:00,16.38,16.4,16.37,16.37,37265.0
2019-03-07 11:57:00,16.37,16.37,16.37,16.37,4356.0
2019-03-07 11:58:00,16.33,16.35,16.33,16.35,3458.0
2019-03-07 11:59:00,16.33,16.33,16.33,16.33,3393.0
2019-03-07 12:00:00,16.32,16.34,16.32,16.34,3458.0
2019-03-07 12:01:00,16.305,16.31,16.305,16.31,5792.0
2019-03-07 12:02:00,16.31,16.31,16.28,16.3,7184.0
2019-03-07 12:03:00,16.33,16.33,16.33,16.33,1563.0
2019-03-07 12:04:00,16.34,16.3499,16.34,16.3499,4163.0
2019-03-07 12:05:00,16.36,16.37,16.36,16.37,17123.0
2019-03-07 12:06:00,16.36,16.37,16.36,16.37,6456.0
2019-03-07 12:07:00,16.35,16.37,16.35,16.37,5564.0
2019-03-07 12:08:00,16.36,16.36,16.36,16.36,5276.0
2019-03-07 12:09:00,16.38,16.38,16.35,16.35,5764.0
2019-03-07 12:10:00,16.36,16.36,16.33,16.33,4211.0
2019-03-07 12:11:00,16.35,16.35,16.35,16.35,4744.0
2019-03-07 12:12:00,16.3485,16.3485,16.34,16.34,3374.0
2019-03-07 12:13:00,16.3,16.3,16.26,16.29,8439.0
2019-03-07 12:14:00,16.285,16.285,16.27,16.27,10613.0
2019-03-07 12:15:00,16.295,16.295,16.295,16.295,4940.0
2019-03-07 12:16:00,16.29,16.29,16.26,16.26,7227.0
2019-03-07 12:17:00,16.28,16.28,16.28,16.28,10871.0
2019-03-07 12:18:00,16.29,16.29,16.28,16.28,3752.0
2019-03-07 12:19:00,16.27,16.29,16.27,16.29,3187.0
2019-03-07 12:20:00,16.3,16.3,16.3,16.3,13076.0
2019-03-07 12:21:00,16.29,16.31,16.29,16.31,15792.0
2019-03-07 12:22:00,16.3,16.3,16.3,16.3,9149.0
2019-03-07 12:23:00,16.295,16.37,16.295,16.37,34007.0
2019-03-07 12:24:00,16.37,16.385,16.37,16.385,8767.0
2019-03-07 12:25:00,16.39,16.39,16.39,16.39,7028.0
2019-03-07 12:26:00,16.41,16.42,16.41,16.42,6632.0
2019-03-07 12:27:00,16.45,16.46,16.43,16.46,13507.0
2019-03-07 12:28:00,16.43,16.48,16.43,16.48,42757.0
2019-03-07 12:29:00,16.486,16.486,16.486,16.486,2430.0
2019-03-07 12:30:00,16.47,16.47,16.43,16.45,13308.0
2019-03-07 12:31:00,16.45,16.47,16.45,16.455,7532.0
2019-03-07 12:32:00,16.49,16.52,16.49,16.51,9657.0
2019-03-07 12:33:00,16.52,16.52,16.48,16.48,15412.0
2019-03-07 12:34:00,16.4601,16.52,16.4601,16.52,20863.0
2019-03-07 12:35:00,16.5,16.5587,16.5,16.5587,11460.0
2019-03-07 12:36:00,16.54,16.54,16.54,16.54,1419.0
2019-03-07 12:37:00,16.57,16.57,16.56,16.56,4745.0
2019-03-07 12:38:00,16.56,16.5671,16.56,16.5671,6790.0
2019-03-07 12:39:00,16.59,16.59,16.59,16.59,3000.0
2019-03-07 12:40:00,16.58,16.58,16.58,16.58,21082.0
2019-03-07 12:41:00,16.56,16.56,16.56,16.56,1848.0
2019-03-07 12:42:00,16.554,16.554,16.52,16.52,21590.0
2019-03-07 12:43:00,16.54,16.54,16.53,16.53,23612.0
2019-03-07 12:44:00,16.52,16.52,16.52,16.52,1327.0
2019-03-07 12:45:00,16.52,16.52,16.52,16.52,3262.0
2019-03-07 12:46:00,16.55,16.55,16.55,16.55,1278.0
2019-03-07 12:47:00,16.56,16.56,16.55,16.55,3853.0
2019-03-07 12:48:00,16.55,16.55,16.55,16.55,4900.0
2019-03-07 12:49:00,16.52,16.52,16.52,16.52,856.0
2019-03-07 12:50:00,16.534,16.57,16.534,16.57,5413.0
2019-03-07 12:51:00,16.56,16.56,16.56,16.56,4157.0
2019-03-07 12:52:00,16.555,16.58,16.555,16.56,9573.0
2019-03-07 12:53:00,16.56,16.56,16.56,16.56,336.0
2019-03-07 12:54:00,16.5531,16.56,16.54,16.54,3594.0
2019-03-07 12:55:00,16.54,16.57,16.54,16.56,21494.0
2019-03-07 12:56:00,16.56,16.56,16.56,16.56,3819.0
2019-03-07 12:57:00,16.58,16.595,16.58,16.595,6228.0
2019-03-07 12:58:00,16.58,16.6,16.56,16.56,30748.0
2019-03-07 12:59:00,16.57,16.57,16.57,16.57,1954.0
2019-03-07 13:00:00,16.58,16.58,16.565,16.565,5132.0
2019-03-07 13:01:00,16.56,16.56,16.56,16.56,5010.0
2019-03-07 13:02:00,16.54,16.54,16.53,16.54,6591.0
2019-03-07 13:03:00,16.5,16.51,16.5,16.51,5062.0
2019-03-07 13:04:00,16.515,16.52,16.515,16.52,4352.0
2019-03-07 13:05:00,16.54,16.54,16.47,16.47,87161.0
2019-03-07 13:06:00,16.47,16.47,16.46,16.46,8780.0
2019-03-07 13:07:00,16.47,16.47,16.44,16.44,7775.0
2019-03-07 13:08:00,16.41,16.41,16.3918,16.395,27301.0
2019-03-07 13:09:00,16.4,16.4,16.4,16.4,5282.0
2019-03-07 13:10:00,16.4073,16.41,16.38,16.39,38814.0
2019-03-07 13:11:00,16.3899,16.3899,16.375,16.375,3733.0
2019-03-07 13:12:00,16.38,16.38,16.38,16.38,5903.0
2019-03-07 13:13:00,16.39,16.39,16.39,16.39,3565.0
2019-03-07 13:14:00,16.375,16.39,16.375,16.39,5118.0
2019-03-07 13:15:00,16.38,16.38,16.38,16.38,1400.0
2019-03-07 13:16:00,16.37,16.37,16.37,16.37,2410.0
2019-03-07 13:17:00,16.39,16.39,16.39,16.39,2946.0
2019-03-07 13:18:00,16.39,16.39,16.37,16.37,4659.0
2019-03-07 13:19:00,16.39,16.39,16.39,16.39,4842.0
2019-03-07 13:20:00,16.38,16.38,16.38,16.38,1718.0
2019-03-07 13:21:00,16.39,16.4,16.385,16.385,28172.0
2019-03-07 13:22:00,16.38,16.39,16.38,16.39,4604.0
2019-03-07 13:23:00,16.38,16.38,16.38,16.38,1732.0
2019-03-07 13:24:00,16.369,16.37,16.369,16.37,5003.0
2019-03-07 13:25:00,16.37,16.37,16.36,16.36,9370.0
2019-03-07 13:26:00,16.35,16.35,16.34,16.34,9073.0
2019-03-07 13:27:00,16.33,16.34,16.3103,16.3103,10211.0
2019-03-07 13:28:00,16.295,16.315,16.295,16.31,5969.0
2019-03-07 13:29:00,16.33,16.33,16.33,16.33,7402.0
2019-03-07 13:30:00,16.32,16.34,16.32,16.34,3950.0
2019-03-07 13:31:00,16.35,16.35,16.35,16.35,3100.0
2019-03-07 13:32:00,16.35,16.35,16.35,16.35,1400.0
2019-03-07 13:33:00,16.35,16.35,16.35,16.35,2040.0
2019-03-07 13:34:00,16.36,16.39,16.36,16.39,8925.0
2019-03-07 13:35:00,16.37,16.42,16.37,16.42,8769.0
2019-03-07 13:36:00,16.4,16.41,16.4,16.41,6587.0
2019-03-07 13:37:00,16.415,16.415,16.415,16.415,7593.0
2019-03-07 13:38:00,16.402,16.41,16.402,16.41,2961.0
2019-03-07 13:39:00,16.4,16.4,16.39,16.39,14618.0
2019-03-07 13:40:00,16.42,16.42,16.42,16.42,934.0
2019-03-07 13:41:00,16.45,16.45,16.45,16.45,1635.0
2019-03-07 13:42:00,16.45,16.45,16.45,16.45,1000.0
2019-03-07 13:43:00,16.46,16.46,16.45,16.46,4655.0
2019-03-07 13:44:00,16.45,16.45,16.45,16.45,963.0
2019-03-07 13:45:00,16.46,16.46,16.46,16.46,1992.0
2019-03-07 13:46:00,16.44,16.44,16.44,16.44,3950.0
2019-03-07 13:47:00,16.44,16.45,16.44,16.45,10236.0
2019-03-07 13:48:00,16.46,16.46,16.46,16.46,4834.0
2019-03-07 13:49:00,16.46,16.46,16.44,16.44,6327.0
2019-03-07 13:50:00,16.46,16.46,16.46,16.46,1290.0
2019-03-07 13:51:00,16.46,16.46,16.43,16.43,12270.0
2019-03-07 13:52:00,16.4001,16.41,16.4001,16.41,8177.0
2019-03-07 13:53:00,16.42,16.42,16.42,16.42,4685.0
2019-03-07 13:54:00,16.39,16.39,16.38,16.38,4460.0
2019-03-07 13:55:00,16.39,16.39,16.39,16.39,1218.0
2019-03-07 13:56:00,16.38,16.38,16.37,16.37,3593.0
2019-03-07 13:57:00,16.3615,16.3615,16.3615,16.3615,7972.0
2019-03-07 13:58:00,16.38,16.38,16.38,16.38,2300.0
2019-03-07 13:59:00,16.41,16.41,16.4,16.4,4566.0
2019-03-07 14:00:00,16.41,16.41,16.41,16.41,3869.0
2019-03-07 14:01:00,16.42,16.42,16.42,16.42,2000.0
2019-03-07 14:02:00,16.4158,16.4158,16.39,16.39,9723.0
2019-03-07 14:03:00,16.39,16.395,16.39,16.395,4370.0
2019-03-07 14:04:00,16.42,16.43,16.42,16.43,2620.0
2019-03-07 14:05:00,16.41,16.41,16.41,16.41,1000.0
2019-03-07 14:06:00,16.43,16.43,16.42,16.42,5422.0
2019-03-07 14:07:00,16.41,16.41,16.41,16.41,1414.0
2019-03-07 14:08:00,16.43,16.45,16.43,16.45,4438.0
2019-03-07 14:09:00,16.45,16.45,16.45,16.45,300.0
2019-03-07 14:10:00,16.44,16.44,16.44,16.44,4252.0
2019-03-07 14:11:00,16.44,16.44,16.43,16.43,2487.0
2019-03-07 14:12:00,16.435,16.435,16.435,16.435,1815.0
2019-03-07 14:13:00,16.4358,16.4358,16.43,16.43,2332.0
2019-03-07 14:14:00,16.44,16.45,16.44,16.45,1769.0
2019-03-07 14:15:00,16.45,16.45,16.435,16.435,6600.0
2019-03-07 14:16:00,16.42,16.42,16.41,16.41,2773.0
2019-03-07 14:17:00,16.4024,16.4024,16.39,16.4,13591.0
2019-03-07 14:18:00,16.4,16.4,16.4,16.4,935.0
2019-03-07 14:19:00,16.42,16.42,16.42,16.42,3718.0
2019-03-07 14:20:00,16.42,16.435,16.42,16.435,2809.0
2019-03-07 14:21:00,16.46,16.47,16.46,16.47,6284.0
2019-03-07 14:22:00,16.47,16.47,16.45,16.45,10945.0
2019-03-07 14:23:00,16.42,16.43,16.42,16.43,3744.0
2019-03-07 14:24:00,16.44,16.44,16.44,16.44,8588.0
2019-03-07 14:25:00,16.435,16.435,16.435,16.435,758.0
2019-03-07 14:26:00,16.428,16.435,16.428,16.43,6112.0
2019-03-07 14:27:00,16.41,16.41,16.4,16.4,3469.0
2019-03-07 14:28:00,16.41,16.44,16.41,16.44,5907.0
2019-03-07 14:29:00,16.4299,16.4299,16.4299,16.4299,1956.0
2019-03-07 14:30:00,16.42,16.42,16.42,16.42,3007.0
2019-03-07 14:31:00,16.44,16.44,16.44,16.44,1144.0
2019-03-07 14:32:00,16.47,16.47,16.46,16.46,24434.0
2019-03-07 14:33:00,16.45,16.46,16.45,16.45,5287.0
2019-03-07 14:34:00,16.44,16.44,16.44,16.44,1310.0
2019-03-07 14:35:00,16.45,16.46,16.45,16.46,4499.0
2019-03-07 14:36:00,16.45,16.45,16.45,16.45,4505.0
2019-03-07 14:37:00,16.45,16.45,16.435,16.435,4612.0
2019-03-07 14:38:00,16.45,16.45,16.45,16.45,2111.0
2019-03-07 14:39:00,16.45,16.45,16.44,16.45,7513.0
2019-03-07 14:40:00,16.43,16.43,16.43,16.43,17526.0
2019-03-07 14:41:00,16.46,16.46,16.44,16.44,5517.0
2019-03-07 14:42:00,16.42,16.42,16.415,16.415,2654.0
2019-03-07 14:43:00,16.42,16.42,16.42,16.42,1896.0
2019-03-07 14:44:00,16.435,16.435,16.435,16.435,4818.0
2019-03-07 14:45:00,16.43,16.43,16.43,16.43,1444.0
2019-03-07 14:46:00,16.43,16.43,16.43,16.43,3507.0
2019-03-07 14:47:00,16.43,16.43,16.43,16.43,2363.0
2019-03-07 14:48:00,16.44,16.44,16.44,16.44,1614.0
2019-03-07 14:49:00,16.45,16.46,16.45,16.46,4419.0
2019-03-07 14:50:00,16.45,16.46,16.45,16.46,4341.0
2019-03-07 14:51:00,16.47,16.475,16.47,16.475,8122.0
2019-03-07 14:52:00,16.49,16.5044,16.49,16.5044,2973.0
2019-03-07 14:53:00,16.5,16.51,16.5,16.5,5873.0
2019-03-07 14:54:00,16.49,16.5,16.49,16.5,10564.0
2019-03-07 14:55:00,16.48,16.48,16.455,16.47,5547.0
2019-03-07 14:56:00,16.47,16.47,16.46,16.46,9950.0
2019-03-07 14:57:00,16.46,16.46,16.46,16.46,9425.0
2019-03-07 14:58:00,16.46,16.46,16.46,16.46,2171.0
2019-03-07 14:59:00,16.45,16.45,16.435,16.435,4473.0
2019-03-07 15:00:00,16.43,16.435,16.43,16.43,3987.0
2019-03-07 15:01:00,16.43,16.43,16.4,16.4,21849.0
2019-03-07 15:02:00,16.4124,16.4124,16.4,16.4,5329.0
2019-03-07 15:03:00,16.42,16.42,16.41,16.41,7318.0
2019-03-07 15:04:00,16.39,16.39,16.39,16.39,4540.0
2019-03-07 15:05:00,16.38,16.38,16.35,16.36,12004.0
2019-03-07 15:06:00,16.375,16.375,16.35,16.37,16995.0
2019-03-07 15:07:00,16.39,16.4,16.39,16.4,4530.0
2019-03-07 15:08:00,16.4,16.4,16.38,16.4,27349.0
2019-03-07 15:09:00,16.39,16.39,16.37,16.37,3737.0
2019-03-07 15:10:00,16.3531,16.37,16.3531,16.37,15528.0
2019-03-07 15:11:00,16.3518,16.36,16.35,16.36,11696.0
2019-03-07 15:12:00,16.36,16.37,16.36,16.37,4886.0
2019-03-07 15:13:00,16.37,16.4,16.37,16.4,7022.0
2019-03-07 15:14:00,16.4,16.4,16.365,16.365,6018.0
2019-03-07 15:15:00,16.37,16.37,16.3626,16.3626,10192.0
2019-03-07 15:16:00,16.39,16.39,16.39,16.39,10282.0
2019-03-07 15:17:00,16.4,16.4,16.3899,16.3899,8212.0
2019-03-07 15:18:00,16.37,16.37,16.37,16.37,3788.0
2019-03-07 15:19:00,16.37,16.38,16.37,16.38,732.0
2019-03-07 15:20:00,16.38,16.39,16.38,16.39,13409.0
2019-03-07 15:21:00,16.405,16.405,16.38,16.39,34583.0
2019-03-07 15:22:00,16.39,16.39,16.39,16.39,3862.0
2019-03-07 15:23:00,16.39,16.39,16.38,16.38,5310.0
2019-03-07 15:24:00,16.39,16.4,16.39,16.4,8728.0
2019-03-07 15:25:00,16.3899,16.4,16.3899,16.4,17435.0
2019-03-07 15:26:00,16.39,16.41,16.39,16.4,20124.0
2019-03-07 15:27:00,16.4,16.4,16.39,16.39,3372.0
2019-03-07 15:28:00,16.38,16.38,16.3701,16.3701,7419.0
2019-03-07 15:29:00,16.37,16.38,16.37,16.38,6793.0
2019-03-07 15:30:00,16.38,16.38,16.355,16.355,9451.0
2019-03-07 15:31:00,16.38,16.38,16.37,16.37,10890.0
2019-03-07 15:32:00,16.365,16.38,16.365,16.38,6899.0
2019-03-07 15:33:00,16.38,16.39,16.38,16.39,1984.0
2019-03-07 15:34:00,16.4,16.4,16.39,16.395,19728.0
2019-03-07 15:35:00,16.39,16.39,16.385,16.39,5430.0
2019-03-07 15:36:00,16.39,16.39,16.38,16.39,5333.0
2019-03-07 15:37:00,16.39,16.39,16.39,16.39,7586.0
2019-03-07 15:38:00,16.4,16.4,16.4,16.4,3551.0
2019-03-07 15:39:00,16.4,16.4,16.4,16.4,10268.0
2019-03-07 15:40:00,16.41,16.445,16.41,16.44,38381.0
2019-03-07 15:41:00,16.445,16.45,16.445,16.45,5825.0
2019-03-07 15:42:00,16.45,16.45,16.45,16.45,6655.0
2019-03-07 15:43:00,16.45,16.45,16.44,16.45,9869.0
2019-03-07 15:44:00,16.45,16.45,16.43,16.43,26472.0
2019-03-07 15:45:00,16.44,16.45,16.44,16.445,18831.0
2019-03-07 15:46:00,16.435,16.45,16.4218,16.445,29915.0
2019-03-07 15:47:00,16.445,16.455,16.44,16.44,17754.0
2019-03-07 15:48:00,16.44,16.44,16.4,16.4,17353.0
2019-03-07 15:49:00,16.4,16.41,16.385,16.41,23387.0
2019-03-07 15:50:00,16.42,16.42,16.41,16.41,3956.0
2019-03-07 15:51:00,16.415,16.42,16.415,16.42,9400.0
2019-03-07 15:52:00,16.42,16.43,16.42,16.425,37548.0
2019-03-07 15:53:00,16.43,16.43,16.42,16.42,23327.0
2019-03-07 15:54:00,16.425,16.43,16.42,16.43,20875.0
2019-03-07 15:55:00,16.425,16.43,16.425,16.43,20667.0
2019-03-07 15:56:00,16.43,16.48,16.425,16.48,55888.0
2019-03-07 15:57:00,16.485,16.57,16.485,16.56,110545.0
2019-03-07 15:58:00,16.56,16.58,16.56,16.58,65677.0
2019-03-07 15:59:00,16.58,16.58,16.55,16.57,104708.0
2019-03-07 16:00:00,16.57,16.57,16.51,16.51,162645.0
2019-03-08 09:31:00,16.11,16.23,16.11,16.23,73310.0
2019-03-08 09:32:00,16.22,16.22,16.19,16.19,12897.0
2019-03-08 09:33:00,16.22,16.22,16.22,16.22,2784.0
2019-03-08 09:34:00,16.22,16.26,16.22,16.26,8933.0
2019-03-08 09:35:00,16.3,16.3,16.3,16.3,3570.0
2019-03-08 09:36:00,16.36,16.41,16.36,16.41,14373.0
2019-03-08 09:37:00,16.4,16.4,16.33,16.33,10510.0
2019-03-08 09:38:00,16.34,16.34,16.34,16.34,4953.0
2019-03-08 09:39:00,16.35,16.41,16.35,16.38,7012.0
2019-03-08 09:40:00,16.45,16.45,16.45,16.45,2592.0
2019-03-08 09:41:00,16.35,16.35,16.35,16.35,2050.0
2019-03-08 09:42:00,16.36,16.39,16.36,16.38,10041.0
2019-03-08 09:43:00,16.42,16.42,16.42,16.42,4769.0
2019-03-08 09:44:00,16.48,16.48,16.45,16.45,5063.0
2019-03-08 09:45:00,16.4,16.4,16.4,16.4,13291.0
2019-03-08 09:46:00,16.39,16.39,16.37,16.39,9627.0
2019-03-08 09:47:00,16.39,16.39,16.39,16.39,2182.0
2019-03-08 09:48:00,16.38,16.45,16.38,16.45,6504.0
2019-03-08 09:49:00,16.4499,16.46,16.42,16.42,19695.0
2019-03-08 09:50:00,16.39,16.39,16.39,16.39,2069.0
2019-03-08 09:51:00,16.43,16.43,16.42,16.42,8383.0
2019-03-08 09:52:00,16.42,16.42,16.42,16.42,1405.0
2019-03-08 09:53:00,16.42,16.42,16.42,16.42,4122.0
2019-03-08 09:54:00,16.4,16.4,16.35,16.35,16353.0
2019-03-08 09:55:00,16.37,16.37,16.37,16.37,2370.0
2019-03-08 09:56:00,16.375,16.375,16.375,16.375,7774.0
2019-03-08 09:57:00,16.38,16.38,16.33,16.33,9143.0
2019-03-08 09:58:00,16.3,16.3,16.3,16.3,5441.0
2019-03-08 09:59:00,16.292,16.292,16.26,16.26,7512.0
2019-03-08 10:00:00,16.24,16.24,16.24,16.24,8136.0
2019-03-08 10:01:00,16.23,16.23,16.23,16.23,3326.0
2019-03-08 10:02:00,16.2,16.2,16.2,16.2,10486.0
2019-03-08 10:03:00,16.18,16.18,16.14,16.14,7248.0
2019-03-08 10:04:00,16.16,16.2,16.16,16.2,9418.0
2019-03-08 10:05:00,16.22,16.23,16.2,16.23,7301.0
2019-03-08 10:06:00,16.16,16.16,16.16,16.16,2300.0
2019-03-08 10:07:00,16.16,16.17,16.16,16.17,6926.0
2019-03-08 10:08:00,16.12,16.12,16.12,16.12,2781.0
2019-03-08 10:09:00,16.09,16.1,16.09,16.1,14999.0
2019-03-08 10:10:00,16.11,16.11,16.11,16.11,1604.0
2019-03-08 10:11:00,16.14,16.14,16.12,16.135,25866.0
2019-03-08 10:12:00,16.14,16.14,16.14,16.14,11914.0
2019-03-08 10:13:00,16.11,16.11,16.0999,16.0999,14157.0
2019-03-08 10:14:00,16.11,16.19,16.11,16.19,12410.0
2019-03-08 10:15:00,16.16,16.17,16.1499,16.17,16178.0
2019-03-08 10:16:00,16.16,16.2,16.16,16.2,11395.0
2019-03-08 10:17:00,16.16,16.16,16.16,16.16,3446.0
2019-03-08 10:18:00,16.17,16.17,16.17,16.17,3813.0
2019-03-08 10:19:00,16.24,16.24,16.2,16.2,8243.0
2019-03-08 10:20:00,16.18,16.18,16.18,16.18,4769.0
2019-03-08 10:21:00,16.17,16.17,16.17,16.17,2514.0
2019-03-08 10:22:00,16.16,16.228,16.16,16.228,15981.0
2019-03-08 10:23:00,16.25,16.2662,16.25,16.2662,16654.0
2019-03-08 10:24:00,16.2618,16.29,16.2618,16.29,12832.0
2019-03-08 10:25:00,16.29,16.29,16.27,16.27,5933.0
2019-03-08 10:26:00,16.295,16.295,16.295,16.295,1917.0
2019-03-08 10:27:00,16.33,16.33,16.33,16.33,3434.0
2019-03-08 10:28:00,16.3,16.3,16.29,16.29,6092.0
2019-03-08 10:29:00,16.29,16.29,16.29,16.29,2103.0
2019-03-08 10:30:00,16.28,16.28,16.28,16.28,2692.0
2019-03-08 10:31:00,16.265,16.265,16.265,16.265,1102.0
2019-03-08 10:32:00,16.25,16.25,16.24,16.24,4505.0
2019-03-08 10:33:00,16.22,16.22,16.22,16.22,2075.0
2019-03-08 10:34:00,16.2,16.2,16.2,16.2,3715.0
2019-03-08 10:35:00,16.2,16.2,16.2,16.2,4341.0
2019-03-08 10:36:00,16.22,16.22,16.2,16.2,9785.0
2019-03-08 10:37:00,16.23,16.23,16.23,16.23,2456.0
2019-03-08 10:38:00,16.215,16.23,16.215,16.23,13848.0
2019-03-08 10:39:00,16.26,16.26,16.26,16.26,1347.0
2019-03-08 10:40:00,16.23,16.23,16.23,16.23,1914.0
2019-03-08 10:41:00,16.21,16.21,16.15,16.15,30959.0
2019-03-08 10:42:00,16.17,16.17,16.17,16.17,3418.0
2019-03-08 10:43:00,16.18,16.21,16.18,16.21,6513.0
2019-03-08 10:44:00,16.26,16.26,16.26,16.26,1808.0
2019-03-08 10:45:00,16.27,16.27,16.27,16.27,3822.0
2019-03-08 10:46:00,16.26,16.29,16.26,16.27,21115.0
2019-03-08 10:47:00,16.31,16.31,16.31,16.31,8698.0
2019-03-08 10:48:00,16.31,16.32,16.31,16.32,4029.0
2019-03-08 10:49:00,16.3,16.3,16.3,16.3,1922.0
2019-03-08 10:50:00,16.3,16.3,16.3,16.3,1315.0
2019-03-08 10:51:00,16.31,16.31,16.31,16.31,8178.0
2019-03-08 10:52:00,16.3,16.3,16.3,16.3,2334.0
2019-03-08 10:53:00,16.28,16.28,16.26,16.26,6083.0
2019-03-08 10:54:00,16.25,16.25,16.25,16.25,3722.0
2019-03-08 10:55:00,16.25,16.25,16.24,16.24,11030.0
2019-03-08 10:56:00,16.25,16.25,16.25,16.25,2027.0
2019-03-08 10:57:00,16.25,16.26,16.25,16.26,5126.0
2019-03-08 10:58:00,16.24,16.2941,16.24,16.2941,30199.0
2019-03-08 10:59:00,16.3,16.34,16.3,16.34,18446.0
2019-03-08 11:00:00,16.35,16.35,16.35,16.35,2806.0
2019-03-08 11:01:00,16.38,16.4151,16.38,16.4151,11834.0
2019-03-08 11:02:00,16.43,16.45,16.43,16.45,7408.0
2019-03-08 11:03:00,16.45,16.45,16.45,16.45,2925.0
2019-03-08 11:04:00,16.45,16.45,16.41,16.41,5669.0
2019-03-08 11:05:00,16.43,16.43,16.4,16.4,5644.0
2019-03-08 11:06:00,16.41,16.41,16.41,16.41,2735.0
2019-03-08 11:07:00,16.41,16.41,16.41,16.41,9876.0
2019-03-08 11:08:00,16.38,16.38,16.3719,16.3719,14074.0
2019-03-08 11:09:00,16.35,16.35,16.3,16.3,11239.0
2019-03-08 11:10:00,16.29,16.29,16.2872,16.2872,10546.0
2019-03-08 11:11:00,16.28,16.28,16.28,16.28,3758.0
2019-03-08 11:12:00,16.29,16.32,16.29,16.32,6020.0
2019-03-08 11:13:00,16.315,16.32,16.315,16.32,14257.0
2019-03-08 11:14:00,16.3306,16.3306,16.3306,16.3306,2598.0
2019-03-08 11:15:00,16.34,16.34,16.32,16.32,13783.0
2019-03-08 11:16:00,16.32,16.32,16.32,16.32,1826.0
2019-03-08 11:17:00,16.32,16.32,16.32,16.32,1984.0
2019-03-08 11:18:00,16.3,16.3,16.3,16.3,1643.0
2019-03-08 11:19:00,16.29,16.29,16.29,16.29,1664.0
2019-03-08 11:20:00,16.29,16.29,16.29,16.29,1535.0
2019-03-08 11:21:00,16.26,16.26,16.24,16.24,4171.0
2019-03-08 11:23:00,16.24,16.24,16.22,16.22,10956.0
2019-03-08 11:24:00,16.2033,16.22,16.2033,16.22,14120.0
2019-03-08 11:25:00,16.23,16.23,16.215,16.215,6729.0
2019-03-08 11:26:00,16.24,16.24,16.22,16.22,15583.0
2019-03-08 11:27:00,16.195,16.195,16.195,16.195,3054.0
2019-03-08 11:28:00,16.21,16.21,16.2,16.2,5829.0
2019-03-08 11:29:00,16.2,16.2,16.19,16.19,5693.0
2019-03-08 11:30:00,16.19,16.19,16.13,16.13,24327.0
2019-03-08 11:31:00,16.12,16.14,16.12,16.14,9493.0
2019-03-08 11:32:00,16.13,16.17,16.13,16.17,9332.0
2019-03-08 11:33:00,16.175,16.22,16.175,16.22,47034.0
2019-03-08 11:34:00,16.21,16.21,16.18,16.18,11002.0
2019-03-08 11:35:00,16.18,16.18,16.18,16.18,705.0
2019-03-08 11:36:00,16.18,16.185,16.18,16.185,4295.0
2019-03-08 11:37:00,16.19,16.2,16.19,16.2,3063.0
2019-03-08 11:38:00,16.195,16.195,16.195,16.195,2109.0
2019-03-08 11:39:00,16.185,16.19,16.185,16.19,5044.0
2019-03-08 11:40:00,16.15,16.15,16.15,16.15,7985.0
2019-03-08 11:41:00,16.14,16.14,16.14,16.14,3657.0
2019-03-08 11:42:00,16.15,16.15,16.15,16.15,1334.0
2019-03-08 11:43:00,16.15,16.18,16.15,16.18,20915.0
2019-03-08 11:44:00,16.19,16.19,16.19,16.19,2293.0
2019-03-08 11:45:00,16.19,16.19,16.19,16.19,1844.0
2019-03-08 11:46:00,16.185,16.21,16.185,16.21,3933.0
2019-03-08 11:47:00,16.2,16.21,16.2,16.21,7332.0
2019-03-08 11:48:00,16.18,16.18,16.18,16.18,1865.0
2019-03-08 11:49:00,16.16,16.16,16.1567,16.1567,5474.0
2019-03-08 11:50:00,16.16,16.16,16.14,16.14,4269.0
2019-03-08 11:51:00,16.12,16.12,16.08,16.08,16622.0
2019-03-08 11:52:00,16.07,16.07,16.07,16.07,2658.0
2019-03-08 11:53:00,16.08,16.08,16.055,16.055,6587.0
2019-03-08 11:54:00,16.06,16.07,16.05,16.05,19687.0
2019-03-08 11:55:00,16.06,16.06,16.05,16.05,5991.0
2019-03-08 11:56:00,16.05,16.05,16.04,16.04,8502.0
2019-03-08 11:57:00,16.05,16.06,16.05,16.06,4888.0
2019-03-08 11:58:00,16.04,16.06,16.03,16.0584,18846.0
2019-03-08 11:59:00,16.05,16.05,16.04,16.04,3447.0
2019-03-08 12:00:00,16.05,16.05,16.04,16.04,6199.0
2019-03-08 12:01:00,16.045,16.045,16.045,16.045,2398.0
2019-03-08 12:02:00,16.04,16.04,16.01,16.01,14325.0
2019-03-08 12:03:00,16.01,16.02,16.01,16.02,9352.0
2019-03-08 12:04:00,16.02,16.03,16.02,16.03,3107.0
2019-03-08 12:05:00,16.02,16.02,16.02,16.02,1405.0
2019-03-08 12:06:00,16.01,16.01,15.98,15.98,42642.0
2019-03-08 12:07:00,15.99,15.99,15.9897,15.9897,11302.0
2019-03-08 12:08:00,15.99,16.02,15.99,16.02,15832.0
2019-03-08 12:09:00,15.99,16.0,15.99,15.99,13801.0
2019-03-08 12:10:00,15.99,15.99,15.98,15.98,3413.0
2019-03-08 12:11:00,15.99,15.99,15.99,15.99,1206.0
2019-03-08 12:12:00,15.98,15.99,15.98,15.99,2597.0
2019-03-08 12:13:00,15.995,16.01,15.995,16.01,13076.0
2019-03-08 12:14:00,16.01,16.01,16.0,16.0,3947.0
2019-03-08 12:15:00,16.01,16.02,16.01,16.02,6908.0
2019-03-08 12:16:00,16.0182,16.0573,16.0182,16.02,27229.0
2019-03-08 12:17:00,16.04,16.04,16.04,16.04,5494.0
2019-03-08 12:18:00,16.05,16.06,16.05,16.06,7233.0
2019-03-08 12:19:00,16.035,16.06,16.035,16.06,9347.0
2019-03-08 12:21:00,16.05,16.07,16.05,16.06,12521.0
2019-03-08 12:22:00,16.04,16.04,16.02,16.02,14947.0
2019-03-08 12:23:00,16.02,16.02,16.02,16.02,2880.0
2019-03-08 12:24:00,16.02,16.02,16.02,16.02,1372.0
2019-03-08 12:25:00,16.02,16.02,16.02,16.02,1005.0
2019-03-08 12:26:00,16.01,16.02,16.01,16.02,2930.0
2019-03-08 12:27:00,16.0497,16.05,16.04,16.05,8773.0
2019-03-08 12:28:00,16.05,16.05,16.05,16.05,1300.0
2019-03-08 12:29:00,16.05,16.05,16.04,16.04,5693.0
2019-03-08 12:30:00,16.06,16.07,16.0578,16.065,20417.0
2019-03-08 12:31:00,16.045,16.045,16.045,16.045,1615.0
2019-03-08 12:32:00,16.06,16.06,16.06,16.06,1277.0
2019-03-08 12:33:00,16.059,16.06,16.0535,16.06,7307.0
2019-03-08 12:34:00,16.04,16.04,16.04,16.04,6273.0
2019-03-08 12:35:00,16.04,16.04,16.04,16.04,3430.0
2019-03-08 12:36:00,16.04,16.04,16.04,16.04,1748.0
2019-03-08 12:37:00,16.0585,16.0585,16.0585,16.0585,1650.0
2019-03-08 12:38:00,16.06,16.06,16.045,16.045,2994.0
2019-03-08 12:39:00,16.03,16.03,16.02,16.02,13543.0
2019-03-08 12:40:00,16.0099,16.03,16.0,16.03,7232.0
2019-03-08 12:41:00,16.03,16.03,16.03,16.03,682.0
2019-03-08 12:42:00,16.02,16.02,16.02,16.02,1708.0
2019-03-08 12:43:00,16.03,16.03,16.0,16.0,7670.0
2019-03-08 12:44:00,16.03,16.04,16.03,16.04,2467.0
2019-03-08 12:45:00,16.035,16.035,16.035,16.035,1708.0
2019-03-08 12:46:00,16.02,16.02,16.02,16.02,2214.0
2019-03-08 12:47:00,16.03,16.03,16.02,16.02,4821.0
2019-03-08 12:48:00,16.01,16.01,16.01,16.01,1940.0
2019-03-08 12:49:00,16.01,16.01,16.01,16.01,2101.0
2019-03-08 12:50:00,16.0155,16.0155,16.0155,16.0155,1054.0
2019-03-08 12:51:00,16.02,16.02,16.0,16.0,16581.0
2019-03-08 12:52:00,16.01,16.01,16.01,16.01,2140.0
2019-03-08 12:53:00,16.01,16.01,16.01,16.01,1075.0
2019-03-08 12:54:00,16.0,16.0,15.93,15.93,52803.0
2019-03-08 12:55:00,15.93,15.9666,15.93,15.9666,10354.0
2019-03-08 12:56:00,15.97,15.97,15.97,15.97,6833.0
2019-03-08 12:57:00,15.9567,15.9567,15.9567,15.9567,1697.0
2019-03-08 12:58:00,15.97,15.98,15.97,15.98,2856.0
2019-03-08 12:59:00,15.9765,15.9765,15.96,15.96,8899.0
2019-03-08 13:00:00,15.98,15.98,15.98,15.98,2000.0
2019-03-08 13:01:00,15.99,15.99,15.99,15.99,10161.0
2019-03-08 13:02:00,15.99,15.99,15.98,15.98,2205.0
2019-03-08 13:03:00,15.99,15.99,15.99,15.99,1387.0
2019-03-08 13:04:00,16.01,16.01,16.01,16.01,1749.0
2019-03-08 13:05:00,16.01,16.02,16.01,16.02,2755.0
2019-03-08 13:06:00,16.025,16.025,16.025,16.025,1405.0
2019-03-08 13:07:00,16.03,16.03,16.03,16.03,6237.0
2019-03-08 13:08:00,16.025,16.0262,16.025,16.0262,2771.0
2019-03-08 13:09:00,16.02,16.03,16.02,16.03,2651.0
2019-03-08 13:10:00,16.02,16.02,16.02,16.02,1305.0
2019-03-08 13:11:00,16.01,16.03,16.01,16.03,5463.0
2019-03-08 13:12:00,16.04,16.04,16.04,16.04,595.0
2019-03-08 13:13:00,16.05,16.05,16.05,16.05,1492.0
2019-03-08 13:14:00,16.05,16.06,16.05,16.06,2898.0
2019-03-08 13:15:00,16.04,16.04,16.04,16.04,2933.0
2019-03-08 13:16:00,16.04,16.04,16.04,16.04,796.0
2019-03-08 13:17:00,16.05,16.05,16.05,16.05,873.0
2019-03-08 13:18:00,16.05,16.05,16.04,16.04,3327.0
2019-03-08 13:19:00,16.03,16.03,16.03,16.03,1005.0
2019-03-08 13:20:00,16.03,16.03,16.03,16.03,663.0
2019-03-08 13:21:00,16.03,16.03,16.03,16.03,505.0
2019-03-08 13:22:00,16.03,16.03,16.02,16.02,2017.0
2019-03-08 13:23:00,16.0,16.0,15.98,15.98,5351.0
2019-03-08 13:24:00,15.98,15.985,15.98,15.985,4425.0
2019-03-08 13:25:00,15.98,15.98,15.98,15.98,1700.0
2019-03-08 13:26:00,15.98,15.98,15.96,15.97,7712.0
2019-03-08 13:27:00,15.975,15.98,15.975,15.98,2295.0
2019-03-08 13:28:00,15.98,15.98,15.98,15.98,2300.0
2019-03-08 13:29:00,15.98,15.99,15.98,15.98,7125.0
2019-03-08 13:30:00,15.9761,15.9761,15.9761,15.9761,2672.0
2019-03-08 13:31:00,15.98,15.98,15.98,15.98,1904.0
2019-03-08 13:32:00,15.97,15.97,15.96,15.9673,9728.0
2019-03-08 13:33:00,15.98,15.98,15.98,15.98,1502.0
2019-03-08 13:34:00,15.965,15.965,15.965,15.965,1522.0
2019-03-08 13:35:00,15.98,15.98,15.98,15.98,2909.0
2019-03-08 13:36:00,15.97,15.9777,15.97,15.9777,5249.0
2019-03-08 13:37:00,15.97,15.97,15.97,15.97,2480.0
2019-03-08 13:38:00,15.99,15.99,15.97,15.97,12523.0
2019-03-08 13:40:00,15.98,15.99,15.98,15.98,20070.0
2019-03-08 13:41:00,15.98,15.99,15.98,15.99,4407.0
2019-03-08 13:42:00,15.98,15.98,15.98,15.98,834.0
2019-03-08 13:43:00,15.98,15.98,15.97,15.97,3232.0
2019-03-08 13:44:00,15.96,15.97,15.96,15.97,3839.0
2019-03-08 13:45:00,15.98,15.98,15.98,15.98,2518.0
2019-03-08 13:46:00,15.98,15.98,15.98,15.98,1710.0
2019-03-08 13:47:00,15.98,15.98,15.98,15.98,5793.0
2019-03-08 13:48:00,15.98,15.98,15.97,15.97,9569.0
2019-03-08 13:49:00,15.9584,15.9584,15.93,15.93,19351.0
2019-03-08 13:50:00,15.95,15.96,15.95,15.96,8905.0
2019-03-08 13:51:00,15.97,15.97,15.93,15.93,4533.0
2019-03-08 13:52:00,15.9299,15.9299,15.9299,15.9299,2500.0
2019-03-08 13:53:00,15.94,15.94,15.93,15.94,6273.0
2019-03-08 13:54:00,15.95,15.95,15.94,15.94,18402.0
2019-03-08 13:55:00,15.93,15.94,15.93,15.94,2542.0
2019-03-08 13:56:00,15.94,15.94,15.94,15.94,2751.0
2019-03-08 13:57:00,15.95,15.95,15.95,15.95,2551.0
2019-03-08 13:58:00,15.95,15.95,15.95,15.95,1977.0
2019-03-08 13:59:00,15.95,15.95,15.95,15.95,1670.0
2019-03-08 14:00:00,15.94,15.94,15.94,15.94,899.0
2019-03-08 14:01:00,15.945,15.95,15.945,15.95,2992.0
2019-03-08 14:02:00,15.95,15.95,15.95,15.95,306.0
2019-03-08 14:03:00,15.9457,15.9457,15.9457,15.9457,2093.0
2019-03-08 14:04:00,15.94,15.94,15.935,15.935,4323.0
2019-03-08 14:05:00,15.935,15.935,15.93,15.93,3242.0
2019-03-08 14:06:00,15.935,15.935,15.935,15.935,935.0
2019-03-08 14:07:00,15.93,15.93,15.93,15.93,472.0
2019-03-08 14:08:00,15.94,15.94,15.93,15.93,1321.0
2019-03-08 14:09:00,15.93,15.93,15.93,15.93,792.0
2019-03-08 14:10:00,15.935,15.9399,15.93,15.93,3380.0
2019-03-08 14:11:00,15.93,15.94,15.93,15.94,5054.0
2019-03-08 14:12:00,15.93,15.93,15.92,15.92,3359.0
2019-03-08 14:14:00,15.925,15.94,15.925,15.94,3808.0
2019-03-08 14:15:00,15.93,15.93,15.93,15.93,7182.0
2019-03-08 14:16:00,15.93,15.935,15.93,15.93,5316.0
2019-03-08 14:17:00,15.925,15.925,15.92,15.92,5478.0
2019-03-08 14:18:00,15.92,15.92,15.92,15.92,4214.0
2019-03-08 14:19:00,15.9116,15.92,15.91,15.915,7656.0
2019-03-08 14:20:00,15.9,15.905,15.9,15.9,30726.0
2019-03-08 14:21:00,15.91,15.91,15.9,15.9,3873.0
2019-03-08 14:22:00,15.905,15.9084,15.905,15.9084,2474.0
2019-03-08 14:23:00,15.91,15.93,15.91,15.93,9929.0
2019-03-08 14:24:00,15.93,15.95,15.93,15.95,11651.0
2019-03-08 14:25:00,15.97,15.98,15.97,15.98,2217.0
2019-03-08 14:26:00,15.98,15.99,15.98,15.99,7005.0
2019-03-08 14:27:00,15.98,15.98,15.97,15.97,4305.0
2019-03-08 14:28:00,15.94,15.94,15.93,15.93,5845.0
2019-03-08 14:29:00,15.95,15.96,15.95,15.96,3267.0
2019-03-08 14:30:00,15.95,15.95,15.95,15.95,1452.0
2019-03-08 14:31:00,15.95,15.98,15.95,15.98,3015.0
2019-03-08 14:32:00,15.97,15.99,15.97,15.98,22266.0
2019-03-08 14:33:00,15.98,15.9899,15.98,15.9899,4110.0
2019-03-08 14:34:00,15.99,15.99,15.97,15.9784,5527.0
2019-03-08 14:35:00,15.97,15.97,15.96,15.96,4417.0
2019-03-08 14:36:00,15.94,15.94,15.93,15.93,3934.0
2019-03-08 14:37:00,15.94,15.96,15.94,15.96,4416.0
2019-03-08 14:38:00,15.975,15.98,15.975,15.98,2763.0
2019-03-08 14:39:00,15.98,15.98,15.98,15.98,1426.0
2019-03-08 14:40:00,15.98,15.98,15.95,15.95,12645.0
2019-03-08 14:41:00,15.95,15.95,15.95,15.95,1160.0
2019-03-08 14:42:00,15.95,15.96,15.95,15.96,4313.0
2019-03-08 14:43:00,15.96,15.97,15.96,15.97,2365.0
2019-03-08 14:44:00,15.965,15.965,15.965,15.965,1382.0
2019-03-08 14:45:00,15.97,15.99,15.97,15.99,2812.0
2019-03-08 14:46:00,15.99,15.99,15.98,15.98,4897.0
2019-03-08 14:47:00,15.9838,15.9903,15.9838,15.9903,3973.0
2019-03-08 14:48:00,16.0,16.005,16.0,16.005,4903.0
2019-03-08 14:49:00,15.99,15.99,15.99,15.99,1849.0
2019-03-08 14:50:00,15.98,15.983,15.98,15.983,8689.0
2019-03-08 14:51:00,16.0,16.0,16.0,16.0,1829.0
2019-03-08 14:52:00,15.99,16.02,15.99,16.019,4642.0
2019-03-08 14:54:00,16.04,16.0531,16.04,16.0531,9856.0
2019-03-08 14:55:00,16.06,16.06,16.04,16.04,5314.0
2019-03-08 14:56:00,16.05,16.05,16.05,16.05,4635.0
2019-03-08 14:57:00,16.03,16.03,16.02,16.02,5918.0
2019-03-08 14:58:00,16.0299,16.0299,16.0299,16.0299,1685.0
2019-03-08 14:59:00,16.02,16.02,16.01,16.01,7682.0
2019-03-08 15:00:00,16.01,16.01,16.01,16.01,3189.0
2019-03-08 15:01:00,16.02,16.03,16.02,16.03,3241.0
2019-03-08 15:02:00,16.035,16.035,16.02,16.02,1896.0
2019-03-08 15:03:00,16.01,16.02,16.01,16.02,3322.0
2019-03-08 15:04:00,16.02,16.03,16.02,16.03,1976.0
2019-03-08 15:05:00,16.03,16.03,16.02,16.02,3114.0
2019-03-08 15:06:00,16.01,16.02,16.01,16.02,5332.0
2019-03-08 15:07:00,16.02,16.02,16.01,16.01,2132.0
2019-03-08 15:08:00,16.02,16.02,16.01,16.01,2084.0
2019-03-08 15:09:00,16.01,16.0215,16.01,16.0215,8359.0
2019-03-08 15:10:00,16.03,16.03,16.02,16.02,2160.0
2019-03-08 15:11:00,16.01,16.01,15.995,15.995,7059.0
2019-03-08 15:12:00,16.0,16.0,15.97,15.98,19942.0
2019-03-08 15:13:00,15.98,15.99,15.98,15.99,4155.0
2019-03-08 15:14:00,15.985,15.985,15.97,15.97,3098.0
2019-03-08 15:15:00,15.965,15.98,15.965,15.98,2267.0
2019-03-08 15:16:00,15.97,15.97,15.96,15.96,7308.0
2019-03-08 15:17:00,15.97,15.97,15.96,15.96,5079.0
2019-03-08 15:18:00,15.94,15.94,15.92,15.93,6022.0
2019-03-08 15:19:00,15.92,15.93,15.9191,15.9191,8773.0
2019-03-08 15:20:00,15.9299,15.93,15.9299,15.93,3435.0
2019-03-08 15:21:00,15.921,15.94,15.921,15.94,3711.0
2019-03-08 15:22:00,15.94,15.94,15.93,15.93,5805.0
2019-03-08 15:23:00,15.94,15.94,15.93,15.93,5950.0
2019-03-08 15:24:00,15.92,15.925,15.92,15.92,4423.0
2019-03-08 15:25:00,15.92,15.92,15.91,15.91,10012.0
2019-03-08 15:26:00,15.915,15.915,15.915,15.915,1230.0
2019-03-08 15:27:00,15.91,15.91,15.905,15.91,4036.0
2019-03-08 15:28:00,15.901,15.92,15.901,15.92,3946.0
2019-03-08 15:29:00,15.92,15.92,15.92,15.92,2292.0
2019-03-08 15:30:00,15.91,15.915,15.91,15.91,1759.0
2019-03-08 15:31:00,15.92,15.92,15.905,15.905,4179.0
2019-03-08 15:32:00,15.91,15.925,15.91,15.925,6235.0
2019-03-08 15:33:00,15.925,15.94,15.915,15.94,14695.0
2019-03-08 15:34:00,15.94,15.94,15.93,15.93,4943.0
2019-03-08 15:35:00,15.93,15.94,15.93,15.94,7503.0
2019-03-08 15:36:00,15.92,15.92,15.92,15.92,1110.0
2019-03-08 15:37:00,15.92,15.92,15.92,15.92,6893.0
2019-03-08 15:38:00,15.9116,15.915,15.9116,15.915,2923.0
2019-03-08 15:39:00,15.915,15.92,15.915,15.92,10160.0
2019-03-08 15:40:00,15.925,15.925,15.91,15.91,6922.0
2019-03-08 15:41:00,15.92,15.9284,15.92,15.9284,6257.0
2019-03-08 15:42:00,15.93,15.93,15.93,15.93,2933.0
2019-03-08 15:43:00,15.94,15.94,15.92,15.92,12576.0
2019-03-08 15:44:00,15.93,15.95,15.93,15.95,9544.0
2019-03-08 15:45:00,15.96,15.96,15.94,15.94,4629.0
2019-03-08 15:46:00,15.96,15.97,15.96,15.97,21513.0
2019-03-08 15:47:00,15.97,15.975,15.97,15.973,9491.0
2019-03-08 15:48:00,15.96,15.97,15.95,15.97,8055.0
2019-03-08 15:49:00,15.965,15.98,15.965,15.98,10898.0
2019-03-08 15:50:00,15.98,15.98,15.9651,15.9651,25910.0
2019-03-08 15:51:00,15.98,15.98,15.975,15.975,7430.0
2019-03-08 15:52:00,15.98,15.98,15.98,15.98,8027.0
2019-03-08 15:53:00,15.975,16.0064,15.975,15.995,26810.0
2019-03-08 15:54:00,15.99,16.0,15.985,15.985,20339.0
2019-03-08 15:55:00,15.99,16.02,15.99,16.02,20600.0
2019-03-08 15:56:00,16.01,16.01,16.0,16.0,13480.0
2019-03-08 15:57:00,15.995,15.995,15.98,15.98,30722.0
2019-03-08 15:58:00,15.98,15.98,15.975,15.98,54146.0
2019-03-08 15:59:00,15.98,16.005,15.97,15.975,89780.0
2019-03-08 16:00:00,16.0,16.0,16.0,16.0,110216.0
