date,1. open,2. high,3. low,4. close,5. volume
2019-03-04 09:31:00,78.7,79.05,78.7,79.05,0.0
2019-03-04 09:33:00,78.765,78.765,78.23,78.23,3312.0
2019-03-04 09:34:00,78.3023,78.3023,78.3023,78.3023,1946.0
2019-03-04 09:35:00,78.44,78.48,78.22,78.22,7511.0
2019-03-04 09:36:00,78.19,78.19,78.19,78.19,1828.0
2019-03-04 09:37:00,78.34,78.34,78.34,78.34,2093.0
2019-03-04 09:38:00,78.43,78.54,78.43,78.54,5255.0
2019-03-04 09:39:00,78.6451,78.805,78.6451,78.805,7096.0
2019-03-04 09:40:00,78.79,78.79,78.69,78.69,4935.0
2019-03-04 09:41:00,78.56,78.56,78.56,78.56,1493.0
2019-03-04 09:42:00,78.57,78.57,78.57,78.57,1339.0
2019-03-04 09:43:00,78.46,78.46,78.46,78.46,1761.0
2019-03-04 09:44:00,78.23,78.23,78.08,78.08,3229.0
2019-03-04 09:45:00,78.03,78.26,78.03,78.26,3601.0
2019-03-04 09:46:00,78.41,78.55,78.41,78.495,11918.0
2019-03-04 09:47:00,78.495,78.495,78.495,78.495,1714.0
2019-03-04 09:48:00,78.385,78.385,78.385,78.385,1804.0
2019-03-04 09:49:00,78.43,78.43,78.43,78.43,2003.0
2019-03-04 09:50:00,78.36,78.36,78.36,78.36,1665.0
2019-03-04 09:51:00,78.32,78.32,78.1,78.1,2758.0
2019-03-04 09:52:00,78.02,78.11,78.02,78.11,3856.0
2019-03-04 09:53:00,78.22,78.22,78.11,78.11,6784.0
2019-03-04 09:54:00,78.09,78.09,78.09,78.09,904.0
2019-03-04 09:55:00,78.13,78.13,78.13,78.13,1818.0
2019-03-04 09:56:00,78.11,78.11,78.08,78.08,5564.0
2019-03-04 09:57:00,78.105,78.105,78.105,78.105,2927.0
2019-03-04 09:58:00,78.21,78.33,78.21,78.33,7351.0
2019-03-04 09:59:00,78.34,78.34,78.285,78.285,4723.0
2019-03-04 10:00:00,78.235,78.235,78.14,78.14,5001.0
2019-03-04 10:01:00,78.17,78.31,78.17,78.31,4493.0
2019-03-04 10:02:00,78.34,78.41,78.34,78.41,8735.0
2019-03-04 10:03:00,78.43,78.43,78.43,78.43,2341.0
2019-03-04 10:05:00,78.35,78.35,78.325,78.325,2461.0
2019-03-04 10:06:00,78.38,78.48,78.38,78.48,5052.0
2019-03-04 10:07:00,78.47,78.47,78.43,78.43,4671.0
2019-03-04 10:08:00,78.39,78.47,78.39,78.42,6303.0
2019-03-04 10:09:00,78.455,78.455,78.455,78.455,2092.0
2019-03-04 10:10:00,78.52,78.54,78.52,78.54,5361.0
2019-03-04 10:11:00,78.605,78.605,78.53,78.53,4412.0
2019-03-04 10:12:00,78.42,78.42,78.42,78.42,1608.0
2019-03-04 10:13:00,78.41,78.46,78.41,78.46,4982.0
2019-03-04 10:14:00,78.4675,78.56,78.4675,78.49,7496.0
2019-03-04 10:15:00,78.5,78.52,78.5,78.52,4552.0
2019-03-04 10:16:00,78.53,78.53,78.5099,78.5099,4743.0
2019-03-04 10:17:00,78.54,78.54,78.54,78.54,1983.0
2019-03-04 10:18:00,78.53,78.53,78.53,78.53,2096.0
2019-03-04 10:19:00,78.56,78.67,78.56,78.67,4442.0
2019-03-04 10:20:00,78.605,78.605,78.59,78.59,3089.0
2019-03-04 10:21:00,78.62,78.62,78.62,78.62,3212.0
2019-03-04 10:22:00,78.6475,78.6475,78.6475,78.6475,957.0
2019-03-04 10:23:00,78.7699,78.7699,78.755,78.755,4469.0
2019-03-04 10:24:00,78.72,78.72,78.72,78.72,1494.0
2019-03-04 10:25:00,78.725,78.725,78.725,78.725,454.0
2019-03-04 10:26:00,78.77,78.77,78.77,78.77,1393.0
2019-03-04 10:27:00,78.81,78.84,78.8,78.84,5690.0
2019-03-04 10:29:00,78.82,78.8756,78.82,78.8756,5736.0
2019-03-04 10:30:00,78.8901,79.0,78.8901,79.0,4642.0
2019-03-04 10:31:00,79.0,79.0,78.875,78.875,3101.0
2019-03-04 10:32:00,78.82,78.82,78.82,78.82,2225.0
2019-03-04 10:33:00,78.76,78.76,78.76,78.76,1346.0
2019-03-04 10:34:00,78.78,78.78,78.78,78.78,2489.0
2019-03-04 10:35:00,78.8,78.8,78.8,78.8,1166.0
2019-03-04 10:36:00,78.76,78.8,78.76,78.8,2317.0
2019-03-04 10:37:00,78.79,78.79,78.79,78.79,901.0
2019-03-04 10:38:00,78.88,78.88,78.88,78.88,2074.0
2019-03-04 10:39:00,78.78,78.78,78.78,78.78,1303.0
2019-03-04 10:40:00,78.82,78.82,78.82,78.82,1816.0
2019-03-04 10:41:00,78.96,78.96,78.9,78.9,7339.0
2019-03-04 10:42:00,78.86,78.86,78.86,78.86,1012.0
2019-03-04 10:43:00,78.76,78.77,78.76,78.77,2401.0
2019-03-04 10:44:00,78.75,78.75,78.75,78.75,1975.0
2019-03-04 10:45:00,78.78,78.78,78.78,78.78,1972.0
2019-03-04 10:46:00,78.79,78.79,78.72,78.72,10962.0
2019-03-04 10:47:00,78.71,78.71,78.71,78.71,1320.0
2019-03-04 10:48:00,78.665,78.665,78.665,78.665,735.0
2019-03-04 10:49:00,78.68,78.68,78.68,78.68,1149.0
2019-03-04 10:50:00,78.655,78.655,78.655,78.655,569.0
2019-03-04 10:51:00,78.61,78.61,78.61,78.61,2866.0
2019-03-04 10:52:00,78.59,78.6,78.59,78.6,2641.0
2019-03-04 10:53:00,78.6,78.62,78.6,78.62,2260.0
2019-03-04 10:54:00,78.64,78.64,78.64,78.64,1157.0
2019-03-04 10:56:00,78.54,78.54,78.54,78.54,3236.0
2019-03-04 10:57:00,78.6,78.6,78.6,78.6,2311.0
2019-03-04 10:58:00,78.58,78.58,78.58,78.58,1585.0
2019-03-04 10:59:00,78.56,78.56,78.56,78.56,679.0
2019-03-04 11:00:00,78.55,78.56,78.55,78.56,3710.0
2019-03-04 11:01:00,78.55,78.56,78.55,78.56,6328.0
2019-03-04 11:02:00,78.54,78.55,78.48,78.48,9520.0
2019-03-04 11:03:00,78.55,78.55,78.55,78.55,2689.0
2019-03-04 11:04:00,78.59,78.59,78.585,78.585,5165.0
2019-03-04 11:05:00,78.65,78.65,78.65,78.65,3784.0
2019-03-04 11:06:00,78.61,78.61,78.59,78.59,3424.0
2019-03-04 11:07:00,78.63,78.63,78.63,78.63,3026.0
2019-03-04 11:08:00,78.65,78.65,78.65,78.65,925.0
2019-03-04 11:09:00,78.59,78.59,78.59,78.59,1507.0
2019-03-04 11:10:00,78.62,78.62,78.5495,78.5495,3291.0
2019-03-04 11:11:00,78.54,78.59,78.54,78.59,6930.0
2019-03-04 11:12:00,78.57,78.57,78.57,78.57,5487.0
2019-03-04 11:13:00,78.61,78.68,78.61,78.68,14702.0
2019-03-04 11:14:00,78.6,78.6,78.57,78.57,4709.0
2019-03-04 11:15:00,78.55,78.58,78.545,78.545,25557.0
2019-03-04 11:16:00,78.52,78.52,78.51,78.51,4906.0
2019-03-04 11:17:00,78.44,78.47,78.44,78.47,10230.0
2019-03-04 11:18:00,78.51,78.52,78.51,78.52,5041.0
2019-03-04 11:19:00,78.61,78.61,78.54,78.54,10793.0
2019-03-04 11:20:00,78.58,78.58,78.55,78.55,3251.0
2019-03-04 11:21:00,78.54,78.54,78.54,78.54,2890.0
2019-03-04 11:22:00,78.49,78.51,78.47,78.51,7330.0
2019-03-04 11:23:00,78.51,78.51,78.465,78.465,12977.0
2019-03-04 11:24:00,78.34,78.38,78.34,78.35,8265.0
2019-03-04 11:25:00,78.34,78.4,78.34,78.345,13806.0
2019-03-04 11:26:00,78.37,78.37,78.37,78.37,6867.0
2019-03-04 11:27:00,78.393,78.393,78.37,78.37,3034.0
2019-03-04 11:28:00,78.35,78.35,78.35,78.35,2561.0
2019-03-04 11:29:00,78.345,78.36,78.345,78.36,3589.0
2019-03-04 11:30:00,78.4,78.4,78.34,78.34,3315.0
2019-03-04 11:31:00,78.35,78.35,78.35,78.35,3364.0
2019-03-04 11:32:00,78.345,78.345,78.345,78.345,1652.0
2019-03-04 11:33:00,78.365,78.365,78.33,78.33,4796.0
2019-03-04 11:34:00,78.26,78.26,78.26,78.26,2245.0
2019-03-04 11:35:00,78.2,78.21,78.2,78.21,3625.0
2019-03-04 11:36:00,78.19,78.19,78.19,78.19,4544.0
2019-03-04 11:37:00,78.24,78.25,78.24,78.25,6550.0
2019-03-04 11:38:00,78.25,78.32,78.25,78.26,14459.0
2019-03-04 11:39:00,78.2,78.2,78.2,78.2,3784.0
2019-03-04 11:40:00,78.21,78.21,78.18,78.18,2950.0
2019-03-04 11:41:00,78.17,78.17,78.17,78.17,1603.0
2019-03-04 11:42:00,78.17,78.18,78.17,78.18,3279.0
2019-03-04 11:43:00,78.1,78.1,78.1,78.1,2062.0
2019-03-04 11:44:00,78.08,78.08,78.035,78.035,3908.0
2019-03-04 11:45:00,78.0,78.0,78.0,78.0,2094.0
2019-03-04 11:46:00,77.98,77.98,77.97,77.97,5981.0
2019-03-04 11:47:00,77.97,78.01,77.97,78.01,2134.0
2019-03-04 11:48:00,78.02,78.02,77.98,77.98,2419.0
2019-03-04 11:49:00,77.99,77.99,77.99,77.99,1767.0
2019-03-04 11:50:00,77.97,77.97,77.94,77.94,2600.0
2019-03-04 11:51:00,77.95,77.96,77.95,77.96,2629.0
2019-03-04 11:52:00,77.95,78.0062,77.95,78.0062,4665.0
2019-03-04 11:53:00,77.97,77.97,77.91,77.91,3211.0
2019-03-04 11:54:00,77.88,77.89,77.88,77.89,1935.0
2019-03-04 11:55:00,77.8301,77.8301,77.8301,77.8301,457.0
2019-03-04 11:56:00,77.79,77.79,77.64,77.71,6805.0
2019-03-04 11:57:00,77.665,77.665,77.665,77.665,665.0
2019-03-04 11:58:00,77.68,77.68,77.68,77.68,978.0
2019-03-04 11:59:00,77.64,77.68,77.64,77.68,1060.0
2019-03-04 12:00:00,77.66,77.66,77.66,77.66,423.0
2019-03-04 12:01:00,77.62,77.63,77.62,77.63,1871.0
2019-03-04 12:02:00,77.63,77.71,77.63,77.71,3877.0
2019-03-04 12:03:00,77.7427,77.7427,77.7427,77.7427,619.0
2019-03-04 12:04:00,77.68,77.68,77.66,77.66,2014.0
2019-03-04 12:05:00,77.64,77.64,77.64,77.64,803.0
2019-03-04 12:06:00,77.5716,77.615,77.5716,77.615,3480.0
2019-03-04 12:07:00,77.53,77.53,77.52,77.52,2244.0
2019-03-04 12:08:00,77.4873,77.4873,77.4873,77.4873,528.0
2019-03-04 12:09:00,77.57,77.57,77.57,77.57,1597.0
2019-03-04 12:10:00,77.5,77.5,77.5,77.5,301.0
2019-03-04 12:11:00,77.49,77.49,77.49,77.49,560.0
2019-03-04 12:12:00,77.5197,77.5197,77.5197,77.5197,1496.0
2019-03-04 12:13:00,77.46,77.46,77.46,77.46,1051.0
2019-03-04 12:14:00,77.44,77.44,77.392,77.392,1884.0
2019-03-04 12:15:00,77.42,77.42,77.37,77.37,2554.0
2019-03-04 12:16:00,77.39,77.39,77.39,77.39,1148.0
2019-03-04 12:17:00,77.37,77.37,77.29,77.29,679.0
2019-03-04 12:18:00,77.24,77.2599,77.24,77.24,3143.0
2019-03-04 12:19:00,77.26,77.26,77.26,77.26,1024.0
2019-03-04 12:20:00,77.28,77.28,77.25,77.25,979.0
2019-03-04 12:21:00,77.32,77.32,77.32,77.32,973.0
2019-03-04 12:22:00,77.37,77.37,77.33,77.33,2291.0
2019-03-04 12:23:00,77.37,77.37,77.33,77.33,2482.0
2019-03-04 12:24:00,77.34,77.36,77.32,77.36,3071.0
2019-03-04 12:25:00,77.3,77.3,77.3,77.3,458.0
2019-03-04 12:26:00,77.26,77.26,77.26,77.26,749.0
2019-03-04 12:27:00,77.22,77.235,77.22,77.235,6017.0
2019-03-04 12:28:00,77.29,77.29,77.29,77.29,1359.0
2019-03-04 12:29:00,77.38,77.48,77.36,77.48,8607.0
2019-03-04 12:30:00,77.44,77.44,77.44,77.44,862.0
2019-03-04 12:31:00,77.48,77.51,77.48,77.51,1068.0
2019-03-04 12:32:00,77.47,77.47,77.455,77.455,2274.0
2019-03-04 12:33:00,77.55,77.55,77.55,77.55,1417.0
2019-03-04 12:34:00,77.53,77.57,77.53,77.57,1240.0
2019-03-04 12:36:00,77.52,77.56,77.52,77.56,2172.0
2019-03-04 12:37:00,77.585,77.585,77.58,77.58,1916.0
2019-03-04 12:38:00,77.55,77.55,77.55,77.55,162.0
2019-03-04 12:39:00,77.575,77.575,77.53,77.53,3050.0
2019-03-04 12:40:00,77.57,77.57,77.57,77.57,1361.0
2019-03-04 12:41:00,77.56,77.56,77.495,77.495,1862.0
2019-03-04 12:42:00,77.47,77.5,77.47,77.5,2013.0
2019-03-04 12:43:00,77.455,77.455,77.455,77.455,421.0
2019-03-04 12:44:00,77.44,77.5,77.44,77.5,3417.0
2019-03-04 12:45:00,77.51,77.51,77.51,77.51,1311.0
2019-03-04 12:46:00,77.46,77.46,77.46,77.46,745.0
2019-03-04 12:47:00,77.425,77.45,77.425,77.45,1436.0
2019-03-04 12:48:00,77.4747,77.4747,77.325,77.325,3660.0
2019-03-04 12:49:00,77.29,77.29,77.29,77.29,810.0
2019-03-04 12:50:00,77.285,77.335,77.28,77.335,2675.0
2019-03-04 12:51:00,77.35,77.42,77.35,77.42,5013.0
2019-03-04 12:52:00,77.46,77.47,77.46,77.47,2360.0
2019-03-04 12:53:00,77.48,77.55,77.48,77.55,5821.0
2019-03-04 12:54:00,77.58,77.58,77.53,77.53,2947.0
2019-03-04 12:55:00,77.54,77.54,77.54,77.54,906.0
2019-03-04 12:56:00,77.525,77.525,77.47,77.47,1981.0
2019-03-04 12:57:00,77.47,77.47,77.47,77.47,602.0
2019-03-04 12:58:00,77.5184,77.5184,77.5184,77.5184,818.0
2019-03-04 12:59:00,77.56,77.65,77.56,77.65,2967.0
2019-03-04 13:00:00,77.68,77.68,77.63,77.63,1315.0
2019-03-04 13:01:00,77.61,77.61,77.61,77.61,834.0
2019-03-04 13:02:00,77.56,77.56,77.54,77.54,1135.0
2019-03-04 13:03:00,77.57,77.57,77.57,77.57,590.0
2019-03-04 13:04:00,77.545,77.545,77.545,77.545,869.0
2019-03-04 13:05:00,77.52,77.52,77.52,77.52,827.0
2019-03-04 13:06:00,77.52,77.55,77.515,77.55,3299.0
2019-03-04 13:07:00,77.53,77.54,77.53,77.54,1519.0
2019-03-04 13:08:00,77.51,77.51,77.51,77.51,803.0
2019-03-04 13:09:00,77.53,77.54,77.5,77.5,4248.0
2019-03-04 13:10:00,77.5,77.5,77.49,77.49,1601.0
2019-03-04 13:11:00,77.48,77.54,77.48,77.54,1992.0
2019-03-04 13:12:00,77.55,77.55,77.54,77.54,2782.0
2019-03-04 13:13:00,77.56,77.56,77.56,77.56,572.0
2019-03-04 13:14:00,77.56,77.62,77.56,77.62,1812.0
2019-03-04 13:15:00,77.67,77.67,77.61,77.61,1602.0
2019-03-04 13:16:00,77.64,77.66,77.64,77.66,2571.0
2019-03-04 13:17:00,77.71,77.725,77.71,77.725,2127.0
2019-03-04 13:18:00,77.73,77.73,77.73,77.73,862.0
2019-03-04 13:19:00,77.78,77.78,77.78,77.78,603.0
2019-03-04 13:20:00,77.7616,77.7616,77.74,77.74,1910.0
2019-03-04 13:21:00,77.76,77.8,77.76,77.8,1636.0
2019-03-04 13:22:00,77.77,77.85,77.77,77.85,1898.0
2019-03-04 13:23:00,77.82,77.82,77.82,77.82,243.0
2019-03-04 13:24:00,77.86,77.86,77.86,77.86,757.0
2019-03-04 13:25:00,77.91,77.96,77.91,77.94,8521.0
2019-03-04 13:26:00,77.965,77.965,77.95,77.95,2072.0
2019-03-04 13:27:00,77.98,77.98,77.98,77.98,2060.0
2019-03-04 13:29:00,77.985,78.02,77.985,78.02,1503.0
2019-03-04 13:30:00,78.09,78.09,78.09,78.09,322.0
2019-03-04 13:31:00,78.08,78.08,78.07,78.07,1245.0
2019-03-04 13:32:00,78.05,78.05,78.04,78.04,2650.0
2019-03-04 13:33:00,78.04,78.04,78.04,78.04,785.0
2019-03-04 13:34:00,78.01,78.01,78.0,78.0,1972.0
2019-03-04 13:35:00,77.96,77.96,77.96,77.96,422.0
2019-03-04 13:36:00,77.97,77.97,77.97,77.97,1410.0
2019-03-04 13:37:00,77.975,77.975,77.96,77.96,1480.0
2019-03-04 13:38:00,77.99,78.03,77.99,78.03,2007.0
2019-03-04 13:39:00,77.995,77.995,77.995,77.995,942.0
2019-03-04 13:40:00,78.02,78.02,78.0,78.0,1626.0
2019-03-04 13:41:00,78.01,78.02,77.99,78.02,6980.0
2019-03-04 13:42:00,78.015,78.05,78.015,78.05,1908.0
2019-03-04 13:43:00,78.08,78.08,78.08,78.08,442.0
2019-03-04 13:44:00,78.13,78.14,78.13,78.14,2400.0
2019-03-04 13:45:00,78.21,78.21,78.21,78.21,592.0
2019-03-04 13:46:00,78.205,78.205,78.13,78.13,3624.0
2019-03-04 13:47:00,78.04,78.04,78.04,78.04,802.0
2019-03-04 13:48:00,78.045,78.045,78.045,78.045,847.0
2019-03-04 13:49:00,78.05,78.07,78.05,78.07,2256.0
2019-03-04 13:50:00,78.06,78.06,78.06,78.06,1132.0
2019-03-04 13:51:00,78.05,78.08,78.05,78.08,1770.0
2019-03-04 13:52:00,78.08,78.105,78.08,78.105,4853.0
2019-03-04 13:53:00,78.13,78.13,78.13,78.13,1103.0
2019-03-04 13:55:00,78.15,78.15,78.13,78.15,3543.0
2019-03-04 13:56:00,78.1499,78.1499,78.1499,78.1499,1278.0
2019-03-04 13:57:00,78.19,78.19,78.14,78.14,5365.0
2019-03-04 13:58:00,78.13,78.13,78.12,78.12,1883.0
2019-03-04 13:59:00,78.13,78.13,78.13,78.13,213.0
2019-03-04 14:00:00,78.14,78.14,78.14,78.14,3039.0
2019-03-04 14:01:00,78.18,78.18,78.18,78.18,955.0
2019-03-04 14:03:00,78.12,78.13,78.09,78.11,9340.0
2019-03-04 14:04:00,78.13,78.14,78.13,78.14,1641.0
2019-03-04 14:05:00,78.15,78.15,78.14,78.14,1302.0
2019-03-04 14:06:00,78.15,78.15,78.15,78.15,993.0
2019-03-04 14:07:00,78.17,78.2,78.17,78.2,2097.0
2019-03-04 14:08:00,78.24,78.24,78.21,78.21,2807.0
2019-03-04 14:09:00,78.18,78.18,78.18,78.18,978.0
2019-03-04 14:10:00,78.17,78.17,78.17,78.17,1429.0
2019-03-04 14:11:00,78.16,78.16,78.16,78.16,2082.0
2019-03-04 14:12:00,78.14,78.14,78.13,78.13,1765.0
2019-03-04 14:13:00,78.13,78.14,78.13,78.14,2748.0
2019-03-04 14:14:00,78.15,78.15,78.15,78.15,610.0
2019-03-04 14:15:00,78.13,78.17,78.13,78.17,2882.0
2019-03-04 14:16:00,78.15,78.16,78.11,78.16,6310.0
2019-03-04 14:17:00,78.15,78.21,78.15,78.21,3412.0
2019-03-04 14:18:00,78.1875,78.1875,78.1875,78.1875,1536.0
2019-03-04 14:19:00,78.145,78.15,78.13,78.13,2891.0
2019-03-04 14:20:00,78.15,78.19,78.15,78.19,2833.0
2019-03-04 14:21:00,78.21,78.23,78.21,78.23,3624.0
2019-03-04 14:22:00,78.28,78.28,78.25,78.25,3381.0
2019-03-04 14:23:00,78.255,78.265,78.25,78.25,3733.0
2019-03-04 14:24:00,78.2565,78.2565,78.25,78.25,2720.0
2019-03-04 14:25:00,78.3,78.33,78.3,78.33,2159.0
2019-03-04 14:26:00,78.39,78.4,78.39,78.39,2682.0
2019-03-04 14:27:00,78.3284,78.3284,78.3284,78.3284,1413.0
2019-03-04 14:28:00,78.37,78.4,78.37,78.37,3688.0
2019-03-04 14:29:00,78.39,78.39,78.39,78.39,1385.0
2019-03-04 14:30:00,78.38,78.38,78.37,78.37,2947.0
2019-03-04 14:31:00,78.36,78.37,78.345,78.345,3909.0
2019-03-04 14:33:00,78.36,78.36,78.36,78.36,2031.0
2019-03-04 14:34:00,78.36,78.37,78.35,78.37,7945.0
2019-03-04 14:35:00,78.36,78.36,78.36,78.36,721.0
2019-03-04 14:36:00,78.3888,78.44,78.3888,78.44,3054.0
2019-03-04 14:37:00,78.39,78.39,78.39,78.39,1469.0
2019-03-04 14:38:00,78.43,78.48,78.43,78.45,6862.0
2019-03-04 14:39:00,78.46,78.47,78.46,78.47,2308.0
2019-03-04 14:40:00,78.52,78.6,78.52,78.595,6644.0
2019-03-04 14:41:00,78.6,78.66,78.6,78.62,6418.0
2019-03-04 14:42:00,78.6,78.6,78.59,78.59,2017.0
2019-03-04 14:43:00,78.565,78.565,78.52,78.54,4014.0
2019-03-04 14:44:00,78.52,78.52,78.48,78.48,3068.0
2019-03-04 14:45:00,78.48,78.48,78.48,78.48,3142.0
2019-03-04 14:46:00,78.52,78.52,78.5,78.5,2459.0
2019-03-04 14:47:00,78.56,78.58,78.56,78.58,2448.0
2019-03-04 14:48:00,78.57,78.57,78.57,78.57,1189.0
2019-03-04 14:49:00,78.54,78.56,78.54,78.56,2540.0
2019-03-04 14:50:00,78.54,78.54,78.54,78.54,1359.0
2019-03-04 14:51:00,78.55,78.56,78.55,78.55,3903.0
2019-03-04 14:52:00,78.53,78.59,78.53,78.59,2862.0
2019-03-04 14:53:00,78.66,78.69,78.66,78.68,5190.0
2019-03-04 14:54:00,78.69,78.69,78.63,78.65,5424.0
2019-03-04 14:55:00,78.67,78.67,78.67,78.67,1114.0
2019-03-04 14:56:00,78.65,78.65,78.64,78.64,2117.0
2019-03-04 14:57:00,78.66,78.66,78.66,78.66,1028.0
2019-03-04 14:58:00,78.665,78.665,78.6,78.6,2500.0
2019-03-04 14:59:00,78.56,78.56,78.56,78.56,726.0
2019-03-04 15:00:00,78.55,78.55,78.49,78.53,4716.0
2019-03-04 15:01:00,78.55,78.57,78.55,78.55,4149.0
2019-03-04 15:02:00,78.52,78.52,78.48,78.48,3410.0
2019-03-04 15:03:00,78.46,78.52,78.46,78.52,3023.0
2019-03-04 15:04:00,78.535,78.535,78.51,78.51,3154.0
2019-03-04 15:05:00,78.51,78.525,78.51,78.52,3068.0
2019-03-04 15:06:00,78.545,78.59,78.545,78.58,7034.0
2019-03-04 15:07:00,78.57,78.59,78.56,78.59,3207.0
2019-03-04 15:08:00,78.57,78.58,78.54,78.58,5520.0
2019-03-04 15:09:00,78.57,78.57,78.57,78.57,410.0
2019-03-04 15:10:00,78.6,78.63,78.6,78.6,5268.0
2019-03-04 15:11:00,78.6,78.6,78.6,78.6,1433.0
2019-03-04 15:12:00,78.62,78.64,78.62,78.63,4332.0
2019-03-04 15:13:00,78.61,78.61,78.59,78.61,4247.0
2019-03-04 15:14:00,78.61,78.61,78.61,78.61,940.0
2019-03-04 15:15:00,78.63,78.6408,78.6,78.6,4052.0
2019-03-04 15:16:00,78.615,78.615,78.57,78.57,2416.0
2019-03-04 15:17:00,78.58,78.6,78.58,78.6,2200.0
2019-03-04 15:18:00,78.58,78.58,78.58,78.58,731.0
2019-03-04 15:19:00,78.59,78.61,78.59,78.6,2279.0
2019-03-04 15:20:00,78.61,78.65,78.61,78.65,3534.0
2019-03-04 15:21:00,78.62,78.67,78.6,78.67,4167.0
2019-03-04 15:22:00,78.7,78.7,78.69,78.69,1605.0
2019-03-04 15:23:00,78.67,78.67,78.67,78.67,3080.0
2019-03-04 15:24:00,78.65,78.65,78.65,78.65,3953.0
2019-03-04 15:25:00,78.67,78.67,78.67,78.67,2414.0
2019-03-04 15:26:00,78.67,78.7,78.67,78.67,3937.0
2019-03-04 15:27:00,78.7,78.73,78.7,78.73,2208.0
2019-03-04 15:28:00,78.72,78.73,78.71,78.73,4997.0
2019-03-04 15:29:00,78.72,78.74,78.72,78.74,3148.0
2019-03-04 15:30:00,78.74,78.74,78.72,78.72,5673.0
2019-03-04 15:31:00,78.68,78.71,78.66,78.71,6046.0
2019-03-04 15:32:00,78.79,78.8,78.79,78.8,2628.0
2019-03-04 15:33:00,78.79,78.82,78.78,78.81,6445.0
2019-03-04 15:34:00,78.89,78.89,78.84,78.86,7183.0
2019-03-04 15:35:00,78.84,78.84,78.79,78.79,8341.0
2019-03-04 15:36:00,78.8,78.88,78.8,78.86,12659.0
2019-03-04 15:37:00,78.82,78.83,78.79,78.83,6259.0
2019-03-04 15:38:00,78.86,78.9,78.86,78.9,2328.0
2019-03-04 15:39:00,78.92,78.92,78.82,78.86,6506.0
2019-03-04 15:40:00,78.85,78.85,78.82,78.82,2550.0
2019-03-04 15:41:00,78.815,78.82,78.79,78.82,7318.0
2019-03-04 15:42:00,78.82,78.82,78.79,78.79,7395.0
2019-03-04 15:43:00,78.78,78.78,78.71,78.74,9161.0
2019-03-04 15:44:00,78.7289,78.74,78.7289,78.73,5233.0
2019-03-04 15:45:00,78.74,78.77,78.74,78.77,7141.0
2019-03-04 15:46:00,78.77,78.81,78.75,78.79,12245.0
2019-03-04 15:47:00,78.8,78.8,78.77,78.79,5221.0
2019-03-04 15:48:00,78.79,78.84,78.79,78.83,9700.0
2019-03-04 15:49:00,78.82,78.85,78.82,78.84,8274.0
2019-03-04 15:50:00,78.85,78.85,78.79,78.79,8120.0
2019-03-04 15:51:00,78.82,78.84,78.81,78.84,10633.0
2019-03-04 15:52:00,78.85,78.86,78.82,78.85,14063.0
2019-03-04 15:53:00,78.845,78.88,78.845,78.88,12189.0
2019-03-04 15:54:00,78.88,78.98,78.88,78.98,18127.0
2019-03-04 15:55:00,78.98,79.03,78.98,79.03,18552.0
2019-03-04 15:56:00,79.02,79.02,78.89,78.89,21085.0
2019-03-04 15:57:00,78.9,78.99,78.88,78.97,24672.0
2019-03-04 15:58:00,78.95,78.95,78.9,78.9,16270.0
2019-03-04 15:59:00,78.88,78.92,78.88,78.92,15753.0
2019-03-04 16:00:00,78.92,78.96,78.91,78.96,25868.0
2019-03-05 09:31:00,79.07,79.07,79.07,79.07,9518.0
2019-03-05 09:32:00,79.27,79.27,79.27,79.27,2499.0
2019-03-05 09:33:00,79.42,79.42,79.42,79.42,1700.0
2019-03-05 09:34:00,79.435,79.435,79.23,79.23,3876.0
2019-03-05 09:35:00,78.9,78.9,78.9,78.9,1873.0
2019-03-05 09:36:00,79.23,79.23,79.23,79.23,885.0
2019-03-05 09:37:00,79.135,79.135,79.1,79.1,4898.0
2019-03-05 09:38:00,79.14,79.14,79.11,79.11,5538.0
2019-03-05 09:39:00,79.2319,79.2319,79.2319,79.2319,3299.0
2019-03-05 09:40:00,79.22,79.22,79.22,79.22,1668.0
2019-03-05 09:41:00,79.3,79.3,79.3,79.3,3973.0
2019-03-05 09:42:00,79.17,79.17,79.17,79.17,1905.0
2019-03-05 09:43:00,79.22,79.36,79.22,79.36,3845.0
2019-03-05 09:44:00,79.39,79.39,79.31,79.33,5630.0
2019-03-05 09:46:00,79.28,79.28,79.28,79.28,2179.0
2019-03-05 09:47:00,79.38,79.38,79.38,79.38,1116.0
2019-03-05 09:48:00,79.45,79.65,79.45,79.65,12141.0
2019-03-05 09:49:00,79.6,79.6,79.6,79.6,3465.0
2019-03-05 09:50:00,79.415,79.46,79.415,79.46,5569.0
2019-03-05 09:51:00,79.61,79.61,79.61,79.61,3419.0
2019-03-05 09:52:00,79.54,79.54,79.54,79.54,1170.0
2019-03-05 09:53:00,79.56,79.56,79.56,79.56,1528.0
2019-03-05 09:54:00,79.46,79.595,79.45,79.595,9487.0
2019-03-05 09:55:00,79.6633,79.6633,79.6633,79.6633,4595.0
2019-03-05 09:56:00,79.61,79.68,79.61,79.68,5116.0
2019-03-05 09:57:00,79.69,79.69,79.69,79.69,2524.0
2019-03-05 09:58:00,79.77,79.82,79.77,79.82,6049.0
2019-03-05 09:59:00,79.92,79.92,79.75,79.75,7004.0
2019-03-05 10:00:00,79.74,79.74,79.74,79.74,2831.0
2019-03-05 10:01:00,79.78,79.78,79.77,79.77,5517.0
2019-03-05 10:02:00,79.78,79.78,79.61,79.61,3758.0
2019-03-05 10:03:00,79.6,79.6,79.57,79.57,4526.0
2019-03-05 10:04:00,79.5624,79.5624,79.5624,79.5624,5005.0
2019-03-05 10:05:00,79.55,79.59,79.55,79.59,3185.0
2019-03-05 10:06:00,79.59,79.59,79.59,79.59,1777.0
2019-03-05 10:07:00,79.59,79.59,79.59,79.59,1436.0
2019-03-05 10:08:00,79.57,79.57,79.57,79.57,1471.0
2019-03-05 10:09:00,79.62,79.62,79.62,79.62,1741.0
2019-03-05 10:10:00,79.61,79.61,79.61,79.61,1070.0
2019-03-05 10:11:00,79.65,79.65,79.6185,79.6185,2727.0
2019-03-05 10:12:00,79.56,79.56,79.56,79.56,1685.0
2019-03-05 10:14:00,79.54,79.54,79.5,79.5,2393.0
2019-03-05 10:15:00,79.51,79.54,79.51,79.54,4451.0
2019-03-05 10:16:00,79.54,79.54,79.51,79.52,4869.0
2019-03-05 10:17:00,79.51,79.51,79.51,79.51,1886.0
2019-03-05 10:18:00,79.49,79.49,79.48,79.48,5201.0
2019-03-05 10:20:00,79.47,79.47,79.45,79.45,2981.0
2019-03-05 10:21:00,79.45,79.52,79.45,79.52,5192.0
2019-03-05 10:22:00,79.52,79.52,79.52,79.52,1641.0
2019-03-05 10:23:00,79.52,79.52,79.52,79.52,706.0
2019-03-05 10:24:00,79.57,79.57,79.57,79.57,1358.0
2019-03-05 10:25:00,79.55,79.55,79.55,79.55,823.0
2019-03-05 10:26:00,79.53,79.53,79.53,79.53,1637.0
2019-03-05 10:27:00,79.5,79.5,79.5,79.5,326.0
2019-03-05 10:28:00,79.48,79.48,79.48,79.48,1481.0
2019-03-05 10:29:00,79.51,79.51,79.34,79.37,20634.0
2019-03-05 10:30:00,79.33,79.33,79.33,79.33,2102.0
2019-03-05 10:31:00,79.35,79.4,79.35,79.4,5226.0
2019-03-05 10:32:00,79.45,79.45,79.45,79.45,4576.0
2019-03-05 10:33:00,79.46,79.46,79.46,79.46,2262.0
2019-03-05 10:34:00,79.42,79.445,79.42,79.445,5068.0
2019-03-05 10:35:00,79.45,79.45,79.45,79.45,1608.0
2019-03-05 10:37:00,79.43,79.43,79.38,79.38,3326.0
2019-03-05 10:38:00,79.25,79.25,79.25,79.25,1940.0
2019-03-05 10:39:00,79.23,79.23,79.23,79.23,3653.0
2019-03-05 10:40:00,79.24,79.24,79.24,79.24,2024.0
2019-03-05 10:41:00,79.25,79.25,79.2,79.2,3703.0
2019-03-05 10:42:00,79.17,79.17,79.17,79.17,1107.0
2019-03-05 10:43:00,79.15,79.18,79.15,79.18,3394.0
2019-03-05 10:45:00,79.17,79.17,79.17,79.17,2031.0
2019-03-05 10:46:00,79.16,79.185,79.16,79.185,2485.0
2019-03-05 10:47:00,79.15,79.15,79.15,79.15,1798.0
2019-03-05 10:48:00,79.09,79.09,79.09,79.09,1632.0
2019-03-05 10:49:00,79.05,79.065,79.05,79.065,4837.0
2019-03-05 10:50:00,79.09,79.09,79.08,79.08,5911.0
2019-03-05 10:51:00,79.09,79.1,79.015,79.1,8934.0
2019-03-05 10:52:00,79.11,79.14,79.11,79.14,5402.0
2019-03-05 10:53:00,79.14,79.14,79.14,79.14,1927.0
2019-03-05 10:54:00,79.14,79.14,79.14,79.14,1742.0
2019-03-05 10:55:00,79.135,79.135,79.085,79.085,4612.0
2019-03-05 10:56:00,79.085,79.085,79.085,79.085,2160.0
2019-03-05 10:57:00,79.075,79.075,79.075,79.075,4090.0
2019-03-05 10:58:00,79.09,79.09,79.05,79.05,5030.0
2019-03-05 10:59:00,79.01,79.01,79.01,79.01,2035.0
2019-03-05 11:00:00,79.02,79.02,79.02,79.02,2004.0
2019-03-05 11:01:00,79.06,79.06,79.04,79.04,4693.0
2019-03-05 11:02:00,79.01,79.055,79.01,79.055,3357.0
2019-03-05 11:03:00,79.04,79.04,79.02,79.02,2559.0
2019-03-05 11:04:00,79.04,79.04,79.04,79.04,1666.0
2019-03-05 11:05:00,79.025,79.025,79.025,79.025,1007.0
2019-03-05 11:06:00,78.97,78.97,78.97,78.97,1286.0
2019-03-05 11:07:00,78.94,78.94,78.94,78.94,2611.0
2019-03-05 11:08:00,78.99,78.99,78.99,78.99,3830.0
2019-03-05 11:09:00,79.03,79.03,79.03,79.03,3750.0
2019-03-05 11:10:00,79.05,79.05,79.05,79.05,1951.0
2019-03-05 11:11:00,79.05,79.07,79.05,79.07,3863.0
2019-03-05 11:12:00,79.0903,79.0903,79.07,79.07,4554.0
2019-03-05 11:14:00,79.08,79.08,79.07,79.07,2998.0
2019-03-05 11:15:00,79.06,79.06,79.06,79.06,1501.0
2019-03-05 11:17:00,79.07,79.07,79.07,79.07,1332.0
2019-03-05 11:18:00,79.05,79.05,79.05,79.05,999.0
2019-03-05 11:19:00,79.07,79.07,79.07,79.07,1158.0
2019-03-05 11:20:00,79.06,79.06,79.06,79.06,3527.0
2019-03-05 11:21:00,79.05,79.05,79.05,79.05,977.0
2019-03-05 11:22:00,79.005,79.025,79.005,79.025,7023.0
2019-03-05 11:23:00,79.01,79.01,79.01,79.01,1834.0
2019-03-05 11:24:00,79.0,79.0,79.0,79.0,1790.0
2019-03-05 11:25:00,78.98,79.07,78.98,79.03,8885.0
2019-03-05 11:27:00,79.06,79.06,79.06,79.06,3927.0
2019-03-05 11:28:00,79.06,79.06,79.06,79.06,2424.0
2019-03-05 11:29:00,79.044,79.044,79.044,79.044,2391.0
2019-03-05 11:30:00,79.02,79.02,79.02,79.02,2153.0
2019-03-05 11:31:00,79.0,79.0,79.0,79.0,1176.0
2019-03-05 11:32:00,78.99,78.99,78.99,78.99,2046.0
2019-03-05 11:33:00,79.01,79.04,79.01,79.04,4477.0
2019-03-05 11:34:00,79.04,79.04,79.04,79.04,1228.0
2019-03-05 11:35:00,79.02,79.03,79.02,79.03,1288.0
2019-03-05 11:37:00,79.02,79.02,79.0,79.0,3461.0
2019-03-05 11:38:00,79.0,79.0,79.0,79.0,1872.0
2019-03-05 11:39:00,79.01,79.01,79.01,79.01,812.0
2019-03-05 11:40:00,79.05,79.05,79.05,79.05,2707.0
2019-03-05 11:41:00,78.98,79.0,78.98,79.0,4162.0
2019-03-05 11:42:00,79.01,79.01,79.0,79.0,2913.0
2019-03-05 11:43:00,79.02,79.02,79.02,79.02,1905.0
2019-03-05 11:44:00,79.06,79.06,79.06,79.06,2763.0
2019-03-05 11:45:00,79.08,79.08,79.08,79.08,1397.0
2019-03-05 11:46:00,79.125,79.125,79.09,79.09,4166.0
2019-03-05 11:47:00,79.1,79.1,79.1,79.1,1032.0
2019-03-05 11:48:00,79.055,79.055,79.055,79.055,1137.0
2019-03-05 11:49:00,79.085,79.085,79.085,79.085,1210.0
2019-03-05 11:50:00,79.07,79.07,79.07,79.07,501.0
2019-03-05 11:51:00,79.06,79.06,79.06,79.06,449.0
2019-03-05 11:52:00,79.07,79.07,79.07,79.07,616.0
2019-03-05 11:53:00,79.045,79.045,79.045,79.045,1002.0
2019-03-05 11:54:00,79.02,79.02,78.99,78.99,2959.0
2019-03-05 11:55:00,78.99,78.99,78.98,78.98,3143.0
2019-03-05 11:56:00,78.99,79.01,78.99,78.9955,5406.0
2019-03-05 11:58:00,79.02,79.02,79.02,79.02,1412.0
2019-03-05 11:59:00,79.0376,79.0376,79.0376,79.0376,1021.0
2019-03-05 12:00:00,79.06,79.08,79.06,79.08,2030.0
2019-03-05 12:01:00,79.045,79.06,79.045,79.06,1463.0
2019-03-05 12:03:00,79.07,79.07,79.06,79.06,3768.0
2019-03-05 12:04:00,79.08,79.08,79.08,79.08,1498.0
2019-03-05 12:05:00,79.06,79.06,79.045,79.045,1639.0
2019-03-05 12:06:00,79.08,79.15,79.08,79.15,4412.0
2019-03-05 12:08:00,79.14,79.14,79.14,79.14,582.0
2019-03-05 12:09:00,79.18,79.18,79.18,79.18,2401.0
2019-03-05 12:10:00,79.17,79.17,79.17,79.17,1103.0
2019-03-05 12:11:00,79.18,79.21,79.18,79.21,2138.0
2019-03-05 12:12:00,79.2,79.2195,79.2,79.2195,3359.0
2019-03-05 12:13:00,79.195,79.195,79.195,79.195,1137.0
2019-03-05 12:14:00,79.22,79.2219,79.22,79.2219,1816.0
2019-03-05 12:15:00,79.2062,79.2062,79.2062,79.2062,883.0
2019-03-05 12:16:00,79.17,79.17,79.17,79.17,2461.0
2019-03-05 12:18:00,79.17,79.17,79.14,79.14,1504.0
2019-03-05 12:19:00,79.12,79.12,79.08,79.1,5209.0
2019-03-05 12:21:00,79.08,79.08,79.08,79.08,917.0
2019-03-05 12:22:00,79.085,79.11,79.085,79.11,1961.0
2019-03-05 12:23:00,79.09,79.1,79.09,79.1,1464.0
2019-03-05 12:26:00,79.12,79.135,79.12,79.135,1211.0
2019-03-05 12:27:00,79.11,79.11,79.11,79.11,535.0
2019-03-05 12:29:00,79.115,79.115,79.115,79.115,134.0
2019-03-05 12:31:00,79.105,79.105,79.105,79.105,1687.0
2019-03-05 12:32:00,79.07,79.07,79.07,79.07,889.0
2019-03-05 12:33:00,79.04,79.04,79.04,79.04,728.0
2019-03-05 12:34:00,79.04,79.04,79.04,79.04,535.0
2019-03-05 12:35:00,79.0,79.0,79.0,79.0,684.0
2019-03-05 12:36:00,78.99,78.99,78.96,78.96,1923.0
2019-03-05 12:37:00,78.95,78.96,78.95,78.96,2991.0
2019-03-05 12:38:00,78.93,78.93,78.93,78.93,1495.0
2019-03-05 12:40:00,78.94,78.94,78.94,78.94,890.0
2019-03-05 12:41:00,78.9101,78.95,78.9101,78.95,1758.0
2019-03-05 12:42:00,78.93,78.93,78.93,78.93,518.0
2019-03-05 12:44:00,78.95,78.95,78.93,78.93,1138.0
2019-03-05 12:45:00,78.935,78.935,78.935,78.935,1491.0
2019-03-05 12:46:00,78.91,78.91,78.91,78.91,2309.0
2019-03-05 12:47:00,78.9,78.9,78.9,78.9,488.0
2019-03-05 12:48:00,78.88,78.88,78.88,78.88,422.0
2019-03-05 12:49:00,78.87,78.87,78.87,78.87,1260.0
2019-03-05 12:50:00,78.875,78.9,78.875,78.9,2199.0
2019-03-05 12:52:00,78.9,78.92,78.9,78.92,4074.0
2019-03-05 12:53:00,78.94,78.99,78.94,78.99,2168.0
2019-03-05 12:55:00,78.99,78.99,78.96,78.96,3883.0
2019-03-05 12:56:00,78.96,78.96,78.96,78.96,1531.0
2019-03-05 12:57:00,78.95,78.95,78.93,78.93,2347.0
2019-03-05 12:58:00,78.95,78.95,78.94,78.94,2358.0
2019-03-05 13:00:00,78.95,78.95,78.95,78.95,540.0
2019-03-05 13:01:00,78.95,78.95,78.94,78.94,1196.0
2019-03-05 13:03:00,78.94,78.94,78.94,78.94,478.0
2019-03-05 13:05:00,78.93,78.93,78.93,78.93,609.0
2019-03-05 13:06:00,78.94,78.94,78.94,78.94,512.0
2019-03-05 13:07:00,78.93,78.96,78.93,78.96,2516.0
2019-03-05 13:08:00,78.9501,78.9501,78.93,78.93,3057.0
2019-03-05 13:09:00,78.94,78.94,78.93,78.93,2511.0
2019-03-05 13:10:00,78.92,78.92,78.92,78.92,1773.0
2019-03-05 13:11:00,78.93,78.96,78.93,78.96,2217.0
2019-03-05 13:12:00,78.95,78.96,78.95,78.96,2724.0
2019-03-05 13:13:00,78.97,78.97,78.96,78.96,2899.0
2019-03-05 13:14:00,78.98,78.99,78.98,78.99,2469.0
2019-03-05 13:15:00,79.02,79.02,79.02,79.02,532.0
2019-03-05 13:16:00,79.01,79.02,79.01,79.02,3109.0
2019-03-05 13:17:00,79.02,79.08,79.02,79.08,3931.0
2019-03-05 13:18:00,79.08,79.08,79.08,79.08,1138.0
2019-03-05 13:20:00,79.08,79.08,79.08,79.08,308.0
2019-03-05 13:21:00,79.05,79.05,79.05,79.05,4025.0
2019-03-05 13:22:00,79.04,79.04,79.02,79.02,1979.0
2019-03-05 13:23:00,79.01,79.05,79.01,79.05,3976.0
2019-03-05 13:25:00,79.04,79.04,79.01,79.01,2807.0
2019-03-05 13:26:00,79.0,79.0,79.0,79.0,1120.0
2019-03-05 13:27:00,78.99,78.99,78.99,78.99,2951.0
2019-03-05 13:28:00,78.97,78.97,78.97,78.97,2506.0
2019-03-05 13:29:00,78.97,78.97,78.97,78.97,1244.0
2019-03-05 13:30:00,78.96,78.96,78.96,78.96,710.0
2019-03-05 13:31:00,78.95,78.95,78.89,78.89,6068.0
2019-03-05 13:32:00,78.87,78.87,78.87,78.87,1004.0
2019-03-05 13:33:00,78.85,78.85,78.85,78.85,738.0
2019-03-05 13:34:00,78.81,78.81,78.78,78.79,2781.0
2019-03-05 13:35:00,78.75,78.75,78.75,78.75,715.0
2019-03-05 13:36:00,78.72,78.72,78.72,78.72,920.0
2019-03-05 13:37:00,78.76,78.76,78.76,78.76,1493.0
2019-03-05 13:38:00,78.78,78.795,78.78,78.795,2450.0
2019-03-05 13:39:00,78.83,78.85,78.83,78.85,2651.0
2019-03-05 13:40:00,78.86,78.86,78.86,78.86,1423.0
2019-03-05 13:41:00,78.86,78.86,78.78,78.78,5645.0
2019-03-05 13:42:00,78.74,78.74,78.74,78.74,1142.0
2019-03-05 13:43:00,78.7436,78.7436,78.7436,78.7436,794.0
2019-03-05 13:44:00,78.73,78.74,78.73,78.74,2936.0
2019-03-05 13:45:00,78.76,78.82,78.76,78.82,2301.0
2019-03-05 13:46:00,78.85,78.85,78.82,78.82,1950.0
2019-03-05 13:48:00,78.83,78.83,78.83,78.83,133.0
2019-03-05 13:49:00,78.84,78.84,78.84,78.84,719.0
2019-03-05 13:50:00,78.82,78.83,78.82,78.83,2617.0
2019-03-05 13:51:00,78.85,78.85,78.85,78.85,1362.0
2019-03-05 13:54:00,78.87,78.87,78.87,78.87,918.0
2019-03-05 13:55:00,78.88,78.88,78.88,78.88,2425.0
2019-03-05 13:56:00,78.87,78.87,78.86,78.86,1640.0
2019-03-05 13:57:00,78.87,78.87,78.87,78.87,1280.0
2019-03-05 13:58:00,78.85,78.85,78.845,78.845,1889.0
2019-03-05 13:59:00,78.85,78.85,78.85,78.85,894.0
2019-03-05 14:00:00,78.81,78.81,78.81,78.81,229.0
2019-03-05 14:01:00,78.82,78.82,78.82,78.82,824.0
2019-03-05 14:02:00,78.86,78.86,78.86,78.86,2867.0
2019-03-05 14:03:00,78.85,78.85,78.85,78.85,1414.0
2019-03-05 14:04:00,78.86,78.86,78.86,78.86,1898.0
2019-03-05 14:06:00,78.855,78.87,78.855,78.87,1356.0
2019-03-05 14:07:00,78.87,78.87,78.87,78.87,1148.0
2019-03-05 14:09:00,78.85,78.87,78.84,78.87,4553.0
2019-03-05 14:10:00,78.85,78.85,78.85,78.85,444.0
2019-03-05 14:13:00,78.85,78.85,78.85,78.85,1226.0
2019-03-05 14:14:00,78.84,78.84,78.82,78.82,1572.0
2019-03-05 14:15:00,78.85,78.86,78.85,78.86,1853.0
2019-03-05 14:16:00,78.85,78.85,78.85,78.85,370.0
2019-03-05 14:18:00,78.84,78.84,78.81,78.82,3166.0
2019-03-05 14:19:00,78.84,78.85,78.84,78.85,1982.0
2019-03-05 14:20:00,78.85,78.85,78.85,78.85,515.0
2019-03-05 14:21:00,78.83,78.83,78.83,78.83,295.0
2019-03-05 14:22:00,78.845,78.845,78.845,78.845,267.0
2019-03-05 14:25:00,78.83,78.845,78.83,78.845,1271.0
2019-03-05 14:26:00,78.845,78.845,78.845,78.845,883.0
2019-03-05 14:27:00,78.83,78.87,78.83,78.87,5209.0
2019-03-05 14:28:00,78.82,78.82,78.79,78.79,2477.0
2019-03-05 14:29:00,78.8,78.8,78.8,78.8,319.0
2019-03-05 14:30:00,78.7993,78.7993,78.7993,78.7993,3252.0
2019-03-05 14:31:00,78.82,78.83,78.82,78.83,1740.0
2019-03-05 14:32:00,78.82,78.82,78.8,78.8,1344.0
2019-03-05 14:34:00,78.82,78.82,78.82,78.82,566.0
2019-03-05 14:35:00,78.79,78.79,78.77,78.77,1694.0
2019-03-05 14:36:00,78.75,78.75,78.72,78.72,2672.0
2019-03-05 14:37:00,78.715,78.715,78.715,78.715,517.0
2019-03-05 14:39:00,78.7,78.7,78.7,78.7,2294.0
2019-03-05 14:40:00,78.72,78.72,78.72,78.72,1617.0
2019-03-05 14:41:00,78.73,78.73,78.73,78.73,1211.0
2019-03-05 14:42:00,78.71,78.71,78.71,78.71,919.0
2019-03-05 14:43:00,78.7,78.73,78.7,78.73,3577.0
2019-03-05 14:44:00,78.75,78.765,78.75,78.765,977.0
2019-03-05 14:46:00,78.768,78.768,78.768,78.768,1696.0
2019-03-05 14:47:00,78.755,78.755,78.755,78.755,193.0
2019-03-05 14:48:00,78.77,78.77,78.77,78.77,829.0
2019-03-05 14:49:00,78.75,78.76,78.75,78.76,3026.0
2019-03-05 14:50:00,78.77,78.77,78.77,78.77,1174.0
2019-03-05 14:51:00,78.75,78.75,78.75,78.75,1789.0
2019-03-05 14:52:00,78.72,78.72,78.72,78.72,862.0
2019-03-05 14:53:00,78.76,78.76,78.76,78.76,1577.0
2019-03-05 14:54:00,78.78,78.78,78.78,78.78,1990.0
2019-03-05 14:55:00,78.78,78.78,78.77,78.77,2729.0
2019-03-05 14:56:00,78.78,78.78,78.78,78.78,1457.0
2019-03-05 14:57:00,78.78,78.78,78.78,78.78,1032.0
2019-03-05 14:58:00,78.78,78.79,78.78,78.79,2611.0
2019-03-05 14:59:00,78.82,78.82,78.81,78.81,3184.0
2019-03-05 15:00:00,78.82,78.82,78.8,78.8,2586.0
2019-03-05 15:01:00,78.8,78.8,78.79,78.79,2530.0
2019-03-05 15:02:00,78.81,78.84,78.81,78.84,2137.0
2019-03-05 15:03:00,78.84,78.86,78.83,78.83,3230.0
2019-03-05 15:04:00,78.84,78.84,78.82,78.82,2445.0
2019-03-05 15:05:00,78.85,78.88,78.85,78.88,2153.0
2019-03-05 15:06:00,78.85,78.85,78.8203,78.84,3151.0
2019-03-05 15:07:00,78.8,78.8,78.77,78.78,4474.0
2019-03-05 15:08:00,78.77,78.8,78.77,78.8,2750.0
2019-03-05 15:09:00,78.805,78.805,78.805,78.805,894.0
2019-03-05 15:10:00,78.79,78.79,78.78,78.78,2210.0
2019-03-05 15:11:00,78.81,78.81,78.81,78.81,772.0
2019-03-05 15:12:00,78.805,78.805,78.805,78.805,1203.0
2019-03-05 15:13:00,78.83,78.83,78.78,78.78,4033.0
2019-03-05 15:15:00,78.82,78.82,78.82,78.82,3615.0
2019-03-05 15:16:00,78.84,78.84,78.77,78.77,6159.0
2019-03-05 15:17:00,78.8,78.8,78.8,78.8,317.0
2019-03-05 15:18:00,78.79,78.79,78.74,78.74,8416.0
2019-03-05 15:19:00,78.73,78.76,78.73,78.76,4564.0
2019-03-05 15:20:00,78.78,78.78,78.78,78.78,1827.0
2019-03-05 15:21:00,78.76,78.77,78.76,78.77,1923.0
2019-03-05 15:22:00,78.78,78.78,78.78,78.78,1720.0
2019-03-05 15:23:00,78.77,78.8,78.77,78.8,3824.0
2019-03-05 15:24:00,78.82,78.84,78.82,78.84,2430.0
2019-03-05 15:25:00,78.86,78.9,78.86,78.9,2253.0
2019-03-05 15:26:00,78.88,78.89,78.88,78.89,2515.0
2019-03-05 15:27:00,78.88,78.88,78.88,78.88,1097.0
2019-03-05 15:28:00,78.92,78.92,78.9,78.9,2471.0
2019-03-05 15:29:00,78.9,78.9,78.9,78.9,914.0
2019-03-05 15:30:00,78.89,78.9,78.89,78.9,2956.0
2019-03-05 15:31:00,78.89,78.89,78.89,78.89,949.0
2019-03-05 15:32:00,78.91,78.91,78.88,78.88,7311.0
2019-03-05 15:33:00,78.86,78.89,78.86,78.89,3013.0
2019-03-05 15:34:00,78.89,78.92,78.88,78.92,3662.0
2019-03-05 15:35:00,78.92,78.94,78.92,78.94,4039.0
2019-03-05 15:36:00,78.95,78.985,78.95,78.985,3191.0
2019-03-05 15:37:00,78.96,78.98,78.96,78.98,4110.0
2019-03-05 15:38:00,79.01,79.02,79.01,79.02,3420.0
2019-03-05 15:39:00,79.01,79.02,79.01,79.02,2181.0
2019-03-05 15:40:00,79.03,79.03,79.01,79.01,2049.0
2019-03-05 15:41:00,79.03,79.055,79.03,79.055,5227.0
2019-03-05 15:42:00,79.07,79.07,79.07,79.07,904.0
2019-03-05 15:43:00,79.11,79.15,79.1,79.15,6434.0
2019-03-05 15:44:00,79.14,79.14,79.14,79.14,1200.0
2019-03-05 15:45:00,79.17,79.2,79.17,79.2,4080.0
2019-03-05 15:46:00,79.26,79.26,79.23,79.24,6226.0
2019-03-05 15:47:00,79.24,79.26,79.23,79.23,7612.0
2019-03-05 15:48:00,79.225,79.24,79.225,79.24,3990.0
2019-03-05 15:49:00,79.25,79.25,79.21,79.21,7175.0
2019-03-05 15:50:00,79.199,79.199,79.17,79.17,7883.0
2019-03-05 15:51:00,79.19,79.19,79.15,79.15,7576.0
2019-03-05 15:52:00,79.13,79.13,79.11,79.11,4814.0
2019-03-05 15:53:00,79.12,79.12,79.11,79.12,9313.0
2019-03-05 15:54:00,79.12,79.14,79.12,79.14,8068.0
2019-03-05 15:55:00,79.14,79.14,79.13,79.13,7576.0
2019-03-05 15:56:00,79.12,79.12,79.065,79.065,11321.0
2019-03-05 15:57:00,79.07,79.13,79.07,79.13,17926.0
2019-03-05 15:58:00,79.13,79.13,79.1,79.1,10319.0
2019-03-05 15:59:00,79.11,79.12,79.11,79.12,16139.0
2019-03-05 16:00:00,79.07,79.1,79.05,79.1,26802.0
2019-03-06 09:32:00,79.32,79.475,79.32,79.475,13160.0
2019-03-06 09:34:00,79.28,79.5,79.28,79.5,6951.0
2019-03-06 09:35:00,79.46,79.46,79.46,79.46,1839.0
2019-03-06 09:36:00,79.51,79.51,79.51,79.51,1615.0
2019-03-06 09:37:00,79.64,79.64,79.64,79.64,1968.0
2019-03-06 09:38:00,79.595,79.595,79.52,79.52,3988.0
2019-03-06 09:39:00,79.5,79.5,79.5,79.5,1639.0
2019-03-06 09:40:00,79.44,79.44,79.44,79.44,1817.0
2019-03-06 09:42:00,79.58,79.58,79.54,79.54,3136.0
2019-03-06 09:43:00,79.39,79.39,79.39,79.39,1334.0
2019-03-06 09:44:00,79.43,79.43,79.43,79.43,1185.0
2019-03-06 09:46:00,79.48,79.48,79.34,79.34,3132.0
2019-03-06 09:47:00,79.47,79.47,79.47,79.47,1619.0
2019-03-06 09:48:00,79.4,79.4,79.4,79.4,2530.0
2019-03-06 09:49:00,79.28,79.28,79.28,79.28,1246.0
2019-03-06 09:50:00,79.34,79.34,79.34,79.34,1402.0
2019-03-06 09:51:00,79.27,79.27,79.27,79.27,1807.0
2019-03-06 09:52:00,79.18,79.18,79.17,79.17,4539.0
2019-03-06 09:53:00,79.15,79.15,79.15,79.15,3393.0
2019-03-06 09:54:00,79.2,79.2,79.2,79.2,1426.0
2019-03-06 09:55:00,79.2,79.2,79.2,79.2,821.0
2019-03-06 09:56:00,79.19,79.19,79.15,79.15,8312.0
2019-03-06 09:57:00,79.1,79.1,79.1,79.1,1439.0
2019-03-06 09:58:00,79.205,79.205,79.205,79.205,911.0
2019-03-06 09:59:00,79.2,79.2,79.2,79.2,2319.0
2019-03-06 10:00:00,79.09,79.12,79.09,79.12,3585.0
2019-03-06 10:01:00,79.05,79.05,79.05,79.05,1931.0
2019-03-06 10:03:00,78.9149,78.9149,78.9149,78.9149,1293.0
2019-03-06 10:04:00,78.96,78.96,78.95,78.95,3658.0
2019-03-06 10:05:00,78.94,78.94,78.94,78.94,506.0
2019-03-06 10:06:00,79.03,79.03,79.03,79.03,1889.0
2019-03-06 10:08:00,79.13,79.13,79.06,79.06,3311.0
2019-03-06 10:09:00,79.09,79.09,79.09,79.09,1434.0
2019-03-06 10:10:00,79.12,79.12,79.12,79.12,1722.0
2019-03-06 10:11:00,79.2,79.2,79.2,79.2,1013.0
2019-03-06 10:12:00,79.11,79.17,79.11,79.17,4223.0
2019-03-06 10:13:00,79.06,79.06,79.06,79.06,1153.0
2019-03-06 10:15:00,79.06,79.06,79.06,79.06,1103.0
2019-03-06 10:16:00,79.14,79.14,79.14,79.14,1401.0
2019-03-06 10:17:00,79.13,79.13,79.13,79.13,1417.0
2019-03-06 10:18:00,79.085,79.1,79.085,79.1,1668.0
2019-03-06 10:21:00,79.14,79.14,79.14,79.14,666.0
2019-03-06 10:22:00,79.2,79.2,79.14,79.14,3214.0
2019-03-06 10:23:00,79.11,79.11,79.11,79.11,933.0
2019-03-06 10:25:00,79.1,79.1,79.1,79.1,1175.0
2019-03-06 10:26:00,79.02,79.02,79.02,79.02,1970.0
2019-03-06 10:28:00,78.99,78.99,78.99,78.99,1182.0
2019-03-06 10:29:00,79.01,79.01,79.01,79.01,5421.0
2019-03-06 10:30:00,79.105,79.105,79.105,79.105,3559.0
2019-03-06 10:31:00,79.025,79.1,79.025,79.1,3192.0
2019-03-06 10:32:00,79.09,79.09,79.09,79.09,3759.0
2019-03-06 10:33:00,79.01,79.01,79.01,79.01,3960.0
2019-03-06 10:34:00,78.96,78.96,78.96,78.96,1405.0
2019-03-06 10:35:00,78.9,78.9,78.9,78.9,1670.0
2019-03-06 10:36:00,78.97,78.97,78.97,78.97,1397.0
2019-03-06 10:37:00,78.95,78.98,78.94,78.98,5392.0
2019-03-06 10:38:00,79.03,79.03,78.98,79.03,1805.0
2019-03-06 10:39:00,78.99,79.02,78.99,78.99,895.0
2019-03-06 10:42:00,79.1,79.1,79.1,79.1,5217.0
2019-03-06 10:43:00,79.1,79.1,79.1,79.1,414.0
2019-03-06 10:46:00,79.16,79.19,79.16,79.19,16245.0
2019-03-06 10:47:00,79.215,79.215,79.215,79.215,4164.0
2019-03-06 10:48:00,79.19,79.2,79.16,79.2,7788.0
2019-03-06 11:05:00,79.03,79.03,79.03,79.03,32594.0
2019-03-06 11:06:00,79.05,79.07,79.05,79.07,2818.0
2019-03-06 11:09:00,79.1,79.15,79.1,79.15,2549.0
2019-03-06 11:10:00,79.11,79.11,79.11,79.11,974.0
2019-03-06 11:12:00,79.12,79.12,79.12,79.12,211.0
2019-03-06 11:13:00,79.13,79.13,79.13,79.13,2594.0
2019-03-06 11:14:00,79.1,79.11,79.1,79.11,2779.0
2019-03-06 11:15:00,79.13,79.13,79.13,79.13,1284.0
2019-03-06 11:17:00,79.12,79.12,79.12,79.12,906.0
2019-03-06 11:18:00,79.09,79.1,79.09,79.1,3735.0
2019-03-06 11:19:00,79.14,79.14,79.14,79.14,1255.0
2019-03-06 11:20:00,79.08,79.08,79.08,79.08,1280.0
2019-03-06 11:22:00,79.02,79.02,79.02,79.02,1320.0
2019-03-06 11:23:00,78.98,78.98,78.98,78.98,966.0
2019-03-06 11:24:00,79.0,79.0,79.0,79.0,1846.0
2019-03-06 11:26:00,78.96,78.96,78.96,78.96,1785.0
2019-03-06 11:27:00,78.9568,78.9568,78.9568,78.9568,1052.0
2019-03-06 11:28:00,78.97,78.97,78.97,78.97,824.0
2019-03-06 11:29:00,79.0,79.0,79.0,79.0,1058.0
2019-03-06 11:30:00,78.985,78.985,78.985,78.985,297.0
2019-03-06 11:31:00,78.94,79.0,78.94,79.0,3703.0
2019-03-06 11:32:00,79.02,79.02,79.02,79.02,667.0
2019-03-06 11:34:00,79.02,79.02,79.02,79.02,782.0
2019-03-06 11:38:00,79.07,79.07,79.07,79.07,924.0
2019-03-06 11:39:00,79.01,79.01,79.01,79.01,1799.0
2019-03-06 11:40:00,79.02,79.02,78.99,78.99,1174.0
2019-03-06 11:42:00,78.95,78.95,78.95,78.95,1523.0
2019-03-06 11:43:00,78.9,78.9,78.9,78.9,893.0
2019-03-06 11:45:00,78.82,78.82,78.82,78.82,730.0
2019-03-06 11:46:00,78.84,78.84,78.84,78.84,2281.0
2019-03-06 11:47:00,78.87,78.87,78.87,78.87,754.0
2019-03-06 11:48:00,78.9,78.9,78.88,78.88,1014.0
2019-03-06 11:50:00,78.81,78.81,78.81,78.81,1192.0
2019-03-06 11:51:00,78.72,78.72,78.72,78.72,898.0
2019-03-06 11:52:00,78.68,78.68,78.68,78.68,330.0
2019-03-06 11:53:00,78.64,78.66,78.64,78.66,1649.0
2019-03-06 11:55:00,78.63,78.63,78.63,78.63,811.0
2019-03-06 11:56:00,78.65,78.65,78.65,78.65,306.0
2019-03-06 11:57:00,78.69,78.69,78.69,78.69,799.0
2019-03-06 11:58:00,78.73,78.73,78.73,78.73,318.0
2019-03-06 11:59:00,78.74,78.74,78.74,78.74,420.0
2019-03-06 12:01:00,78.73,78.73,78.73,78.73,1014.0
2019-03-06 12:02:00,78.75,78.77,78.75,78.77,1957.0
2019-03-06 12:05:00,78.79,78.79,78.77,78.77,1516.0
2019-03-06 12:06:00,78.79,78.79,78.79,78.79,1518.0
2019-03-06 12:07:00,78.83,78.83,78.83,78.83,539.0
2019-03-06 12:08:00,78.86,78.92,78.86,78.92,1416.0
2019-03-06 12:10:00,78.92,78.92,78.92,78.92,261.0
2019-03-06 12:12:00,78.8904,78.9,78.8904,78.9,2287.0
2019-03-06 12:13:00,78.89,78.89,78.89,78.89,545.0
2019-03-06 12:15:00,78.8702,78.8702,78.8702,78.8702,951.0
2019-03-06 12:16:00,78.86,78.86,78.86,78.86,6933.0
2019-03-06 12:17:00,78.9,78.9,78.9,78.9,1237.0
2019-03-06 12:18:00,78.87,78.87,78.86,78.86,1341.0
2019-03-06 12:19:00,78.82,78.82,78.82,78.82,944.0
2019-03-06 12:21:00,78.77,78.82,78.77,78.82,2620.0
2019-03-06 12:22:00,78.8233,78.8233,78.8233,78.8233,665.0
2019-03-06 12:23:00,78.77,78.77,78.77,78.77,1202.0
2019-03-06 12:24:00,78.77,78.77,78.77,78.77,1625.0
2019-03-06 12:25:00,78.74,78.74,78.7,78.7,2132.0
2019-03-06 12:26:00,78.72,78.72,78.72,78.72,978.0
2019-03-06 12:27:00,78.7,78.74,78.7,78.74,2026.0
2019-03-06 12:28:00,78.77,78.77,78.75,78.75,2425.0
2019-03-06 12:29:00,78.8,78.81,78.8,78.81,1187.0
2019-03-06 12:31:00,78.82,78.82,78.82,78.82,482.0
2019-03-06 12:32:00,78.84,78.84,78.84,78.84,445.0
2019-03-06 12:34:00,78.81,78.81,78.81,78.81,1459.0
2019-03-06 12:35:00,78.83,78.86,78.83,78.86,1332.0
2019-03-06 12:36:00,78.89,78.89,78.89,78.89,647.0
2019-03-06 12:37:00,78.86,78.86,78.86,78.86,809.0
2019-03-06 12:38:00,78.885,78.885,78.885,78.885,619.0
2019-03-06 12:39:00,78.91,78.91,78.91,78.91,453.0
2019-03-06 12:40:00,78.86,78.86,78.86,78.86,1066.0
2019-03-06 12:41:00,78.83,78.83,78.82,78.82,2305.0
2019-03-06 12:43:00,78.825,78.825,78.825,78.825,1579.0
2019-03-06 12:44:00,78.8,78.8,78.8,78.8,483.0
2019-03-06 12:46:00,78.8,78.8,78.8,78.8,1934.0
2019-03-06 12:47:00,78.8,78.8,78.8,78.8,2297.0
2019-03-06 12:49:00,78.79,78.79,78.77,78.77,1880.0
2019-03-06 12:50:00,78.79,78.79,78.79,78.79,1754.0
2019-03-06 12:51:00,78.82,78.87,78.82,78.87,1738.0
2019-03-06 12:52:00,78.84,78.84,78.84,78.84,777.0
2019-03-06 12:53:00,78.82,78.82,78.82,78.82,447.0
2019-03-06 12:54:00,78.79,78.82,78.79,78.82,2972.0
2019-03-06 12:57:00,78.81,78.81,78.81,78.81,1561.0
2019-03-06 12:58:00,78.86,78.86,78.86,78.86,897.0
2019-03-06 12:59:00,78.865,78.865,78.865,78.865,786.0
2019-03-06 13:00:00,78.85,78.85,78.85,78.85,1004.0
2019-03-06 13:01:00,78.88,78.88,78.85,78.88,2559.0
2019-03-06 13:03:00,78.88,78.88,78.88,78.88,375.0
2019-03-06 13:04:00,78.9,78.9,78.9,78.9,616.0
2019-03-06 13:05:00,78.91,78.94,78.91,78.91,4335.0
2019-03-06 13:07:00,78.91,78.92,78.89,78.92,5146.0
2019-03-06 13:08:00,78.915,78.915,78.915,78.915,789.0
2019-03-06 13:09:00,78.95,78.95,78.95,78.95,1296.0
2019-03-06 13:11:00,78.95,78.95,78.95,78.95,465.0
2019-03-06 13:12:00,78.97,78.97,78.97,78.97,1183.0
2019-03-06 13:13:00,78.945,78.945,78.94,78.94,2871.0
2019-03-06 13:14:00,78.97,78.97,78.97,78.97,788.0
2019-03-06 13:15:00,78.95,78.95,78.95,78.95,1412.0
2019-03-06 13:17:00,78.93,78.93,78.93,78.93,901.0
2019-03-06 13:18:00,78.955,78.955,78.955,78.955,959.0
2019-03-06 13:20:00,78.98,78.98,78.98,78.98,1580.0
2019-03-06 13:21:00,78.96,78.96,78.95,78.95,2704.0
2019-03-06 13:22:00,78.925,78.925,78.9243,78.9243,3099.0
2019-03-06 13:23:00,78.9,78.93,78.9,78.93,2425.0
2019-03-06 13:24:00,78.94,78.94,78.94,78.94,1113.0
2019-03-06 13:25:00,78.93,78.93,78.91,78.91,3046.0
2019-03-06 13:26:00,78.925,78.925,78.925,78.925,1284.0
2019-03-06 13:27:00,78.92,78.92,78.92,78.92,906.0
2019-03-06 13:28:00,78.95,78.95,78.95,78.95,941.0
2019-03-06 13:29:00,78.92,78.92,78.9,78.91,5078.0
2019-03-06 13:31:00,78.9,78.94,78.9,78.94,2162.0
2019-03-06 13:32:00,78.93,78.93,78.93,78.93,842.0
2019-03-06 13:34:00,78.94,78.94,78.94,78.94,457.0
2019-03-06 13:35:00,78.92,78.92,78.92,78.92,847.0
2019-03-06 13:36:00,78.9301,78.9301,78.9301,78.9301,1293.0
2019-03-06 13:37:00,78.915,78.915,78.915,78.915,1062.0
2019-03-06 13:38:00,78.905,78.905,78.895,78.895,1725.0
2019-03-06 13:39:00,78.93,78.93,78.93,78.93,1075.0
2019-03-06 13:40:00,79.0,79.0,79.0,79.0,2544.0
2019-03-06 13:41:00,78.99,78.99,78.99,78.99,786.0
2019-03-06 13:42:00,78.97,78.97,78.97,78.97,1141.0
2019-03-06 13:43:00,78.95,78.95,78.95,78.95,621.0
2019-03-06 13:44:00,78.94,78.94,78.94,78.94,851.0
2019-03-06 13:45:00,78.94,78.94,78.94,78.94,1639.0
2019-03-06 13:47:00,78.89,78.89,78.89,78.89,510.0
2019-03-06 13:48:00,78.89,78.89,78.88,78.88,1244.0
2019-03-06 13:49:00,78.87,78.87,78.85,78.85,2872.0
2019-03-06 13:50:00,78.845,78.845,78.845,78.845,979.0
2019-03-06 13:51:00,78.8,78.83,78.8,78.8,4237.0
2019-03-06 13:52:00,78.82,78.82,78.82,78.82,1359.0
2019-03-06 13:53:00,78.79,78.79,78.785,78.785,1690.0
2019-03-06 13:54:00,78.8,78.8,78.8,78.8,1562.0
2019-03-06 13:55:00,78.79,78.79,78.79,78.79,1847.0
2019-03-06 13:56:00,78.8485,78.86,78.8485,78.86,2486.0
2019-03-06 13:57:00,78.85,78.85,78.85,78.85,1149.0
2019-03-06 13:58:00,78.8429,78.8429,78.8429,78.8429,854.0
2019-03-06 13:59:00,78.88,78.88,78.88,78.88,977.0
2019-03-06 14:00:00,78.86,78.86,78.86,78.86,230.0
2019-03-06 14:01:00,78.89,78.89,78.89,78.89,519.0
2019-03-06 14:03:00,78.895,78.92,78.895,78.92,1781.0
2019-03-06 14:04:00,78.93,78.93,78.93,78.93,586.0
2019-03-06 14:05:00,78.94,78.95,78.94,78.95,3035.0
2019-03-06 14:06:00,78.95,78.95,78.95,78.95,1750.0
2019-03-06 14:07:00,78.9,78.9,78.9,78.9,441.0
2019-03-06 14:08:00,78.9,78.9,78.88,78.88,1473.0
2019-03-06 14:09:00,78.85,78.87,78.85,78.87,2499.0
2019-03-06 14:10:00,78.88,78.88,78.88,78.88,862.0
2019-03-06 14:11:00,78.88,78.89,78.88,78.89,1501.0
2019-03-06 14:12:00,78.91,78.91,78.9,78.9,1723.0
2019-03-06 14:13:00,78.91,78.94,78.91,78.94,1598.0
2019-03-06 14:14:00,78.92,78.92,78.92,78.92,1134.0
2019-03-06 14:15:00,78.94,78.94,78.94,78.94,1793.0
2019-03-06 14:16:00,78.945,78.945,78.94,78.94,2770.0
2019-03-06 14:17:00,78.92,78.925,78.92,78.925,2675.0
2019-03-06 14:18:00,78.94,78.96,78.94,78.96,1440.0
2019-03-06 14:20:00,78.96,78.96,78.945,78.945,4136.0
2019-03-06 14:23:00,78.95,78.95,78.95,78.95,983.0
2019-03-06 14:24:00,78.95,78.97,78.95,78.97,4455.0
2019-03-06 14:25:00,78.98,78.98,78.98,78.98,1549.0
2019-03-06 14:26:00,78.975,78.975,78.975,78.975,951.0
2019-03-06 14:27:00,78.97,78.97,78.96,78.96,3917.0
2019-03-06 14:28:00,78.96,78.96,78.96,78.96,2425.0
2019-03-06 14:29:00,78.93,78.93,78.93,78.93,1549.0
2019-03-06 14:30:00,78.89,78.9,78.89,78.9,1688.0
2019-03-06 14:31:00,78.87,78.87,78.84,78.84,3198.0
2019-03-06 14:32:00,78.78,78.78,78.78,78.78,994.0
2019-03-06 14:33:00,78.8,78.8,78.8,78.8,341.0
2019-03-06 14:34:00,78.76,78.76,78.76,78.76,1127.0
2019-03-06 14:35:00,78.71,78.72,78.71,78.72,2932.0
2019-03-06 14:36:00,78.68,78.68,78.68,78.68,1209.0
2019-03-06 14:37:00,78.71,78.73,78.71,78.73,2907.0
2019-03-06 14:38:00,78.73,78.73,78.73,78.73,832.0
2019-03-06 14:39:00,78.73,78.75,78.73,78.75,2031.0
2019-03-06 14:40:00,78.71,78.71,78.71,78.71,2027.0
2019-03-06 14:41:00,78.7,78.71,78.7,78.71,2309.0
2019-03-06 14:42:00,78.72,78.72,78.69,78.69,3805.0
2019-03-06 14:43:00,78.68,78.68,78.68,78.68,673.0
2019-03-06 14:44:00,78.66,78.66,78.66,78.66,910.0
2019-03-06 14:45:00,78.64,78.64,78.64,78.64,2472.0
2019-03-06 14:46:00,78.61,78.66,78.61,78.66,2258.0
2019-03-06 14:47:00,78.65,78.65,78.65,78.65,1276.0
2019-03-06 14:48:00,78.6307,78.6307,78.61,78.61,2422.0
2019-03-06 14:51:00,78.63,78.64,78.57,78.58,7525.0
2019-03-06 14:52:00,78.6,78.6,78.55,78.55,8138.0
2019-03-06 14:53:00,78.575,78.575,78.55,78.55,2502.0
2019-03-06 14:54:00,78.57,78.605,78.57,78.6,4025.0
2019-03-06 14:55:00,78.6,78.6,78.6,78.6,994.0
2019-03-06 14:56:00,78.6,78.6,78.52,78.52,6288.0
2019-03-06 14:57:00,78.57,78.57,78.57,78.57,1330.0
2019-03-06 14:58:00,78.6,78.6,78.59,78.6,1951.0
2019-03-06 14:59:00,78.55,78.55,78.55,78.55,549.0
2019-03-06 15:01:00,78.57,78.57,78.57,78.57,2791.0
2019-03-06 15:02:00,78.57,78.57,78.57,78.57,543.0
2019-03-06 15:03:00,78.6,78.6,78.6,78.6,2323.0
2019-03-06 15:04:00,78.59,78.59,78.56,78.56,2485.0
2019-03-06 15:05:00,78.55,78.55,78.55,78.55,1217.0
2019-03-06 15:06:00,78.54,78.57,78.54,78.57,1745.0
2019-03-06 15:07:00,78.52,78.52,78.49,78.49,1981.0
2019-03-06 15:08:00,78.52,78.52,78.46,78.46,4722.0
2019-03-06 15:10:00,78.45,78.49,78.45,78.49,2868.0
2019-03-06 15:11:00,78.482,78.482,78.482,78.482,752.0
2019-03-06 15:12:00,78.49,78.5,78.475,78.5,7928.0
2019-03-06 15:13:00,78.49,78.49,78.49,78.49,2607.0
2019-03-06 15:14:00,78.47,78.47,78.47,78.47,1804.0
2019-03-06 15:15:00,78.48,78.48,78.47,78.47,1833.0
2019-03-06 15:16:00,78.49,78.5,78.49,78.49,3975.0
2019-03-06 15:17:00,78.49,78.49,78.45,78.45,3898.0
2019-03-06 15:18:00,78.46,78.46,78.46,78.46,1425.0
2019-03-06 15:19:00,78.43,78.43,78.43,78.43,1482.0
2019-03-06 15:21:00,78.475,78.5,78.475,78.5,5012.0
2019-03-06 15:22:00,78.48,78.49,78.48,78.49,2079.0
2019-03-06 15:23:00,78.5,78.5,78.5,78.5,940.0
2019-03-06 15:24:00,78.47,78.47,78.47,78.47,1333.0
2019-03-06 15:25:00,78.48,78.52,78.48,78.52,4513.0
2019-03-06 15:26:00,78.48,78.48,78.46,78.46,3316.0
2019-03-06 15:27:00,78.48,78.48,78.48,78.48,471.0
2019-03-06 15:28:00,78.45,78.46,78.45,78.46,2262.0
2019-03-06 15:29:00,78.46,78.46,78.44,78.44,5971.0
2019-03-06 15:30:00,78.47,78.5,78.47,78.5,2561.0
2019-03-06 15:31:00,78.51,78.51,78.5,78.5,3937.0
2019-03-06 15:32:00,78.5,78.5,78.5,78.5,1564.0
2019-03-06 15:33:00,78.5,78.51,78.5,78.51,2548.0
2019-03-06 15:34:00,78.52,78.52,78.5,78.5,5077.0
2019-03-06 15:35:00,78.48,78.52,78.47,78.52,6197.0
2019-03-06 15:36:00,78.51,78.51,78.51,78.51,1852.0
2019-03-06 15:37:00,78.52,78.53,78.52,78.53,2088.0
2019-03-06 15:38:00,78.54,78.54,78.54,78.54,960.0
2019-03-06 15:39:00,78.55,78.55,78.53,78.53,2200.0
2019-03-06 15:40:00,78.5064,78.54,78.5064,78.54,3341.0
2019-03-06 15:41:00,78.55,78.55,78.54,78.54,5431.0
2019-03-06 15:42:00,78.53,78.54,78.53,78.54,3091.0
2019-03-06 15:43:00,78.545,78.545,78.545,78.545,1722.0
2019-03-06 15:44:00,78.56,78.56,78.54,78.54,6322.0
2019-03-06 15:45:00,78.55,78.58,78.55,78.58,5395.0
2019-03-06 15:46:00,78.56,78.56,78.51,78.52,8354.0
2019-03-06 15:47:00,78.52,78.52,78.52,78.52,2948.0
2019-03-06 15:48:00,78.52,78.52,78.51,78.51,3174.0
2019-03-06 15:49:00,78.52,78.54,78.52,78.54,4025.0
2019-03-06 15:50:00,78.55,78.57,78.55,78.56,7739.0
2019-03-06 15:51:00,78.59,78.605,78.59,78.605,4465.0
2019-03-06 15:52:00,78.62,78.62,78.61,78.61,4352.0
2019-03-06 15:53:00,78.61,78.61,78.59,78.59,8051.0
2019-03-06 15:54:00,78.59,78.61,78.59,78.6,13828.0
2019-03-06 15:55:00,78.63,78.63,78.57,78.57,13221.0
2019-03-06 15:56:00,78.54,78.54,78.54,78.54,5907.0
2019-03-06 15:57:00,78.525,78.525,78.45,78.45,9810.0
2019-03-06 15:58:00,78.42,78.42,78.41,78.41,5877.0
2019-03-06 15:59:00,78.39,78.44,78.39,78.44,10295.0
2019-03-06 16:00:00,78.41,78.45,78.4,78.45,28538.0
2019-03-07 09:33:00,77.945,77.945,77.945,77.945,12908.0
2019-03-07 09:35:00,77.85,77.85,77.77,77.77,2861.0
2019-03-07 09:37:00,77.71,77.71,77.71,77.71,436.0
2019-03-07 09:39:00,77.69,77.69,77.69,77.69,1392.0
2019-03-07 09:40:00,77.33,77.33,77.33,77.33,2523.0
2019-03-07 09:41:00,77.35,77.35,77.35,77.35,604.0
2019-03-07 09:43:00,77.14,77.14,77.14,77.14,7649.0
2019-03-07 09:44:00,77.26,77.26,77.22,77.22,3033.0
2019-03-07 09:46:00,77.01,77.01,76.905,76.905,4626.0
2019-03-07 09:47:00,76.68,76.68,76.68,76.68,4893.0
2019-03-07 09:48:00,76.7,76.72,76.7,76.72,4920.0
2019-03-07 09:49:00,76.6,76.6,76.6,76.6,3332.0
2019-03-07 09:50:00,76.6,76.6,76.52,76.52,3069.0
2019-03-07 09:51:00,76.5,76.54,76.5,76.54,3070.0
2019-03-07 09:52:00,76.43,76.5,76.43,76.5,2838.0
2019-03-07 09:54:00,76.37,76.4084,76.37,76.4084,3272.0
2019-03-07 09:55:00,76.37,76.37,76.37,76.37,1290.0
2019-03-07 09:56:00,76.42,76.42,76.2,76.31,11428.0
2019-03-07 09:57:00,76.35,76.35,76.35,76.35,2047.0
2019-03-07 09:58:00,76.42,76.42,76.42,76.42,805.0
2019-03-07 10:00:00,76.42,76.53,76.42,76.53,3078.0
2019-03-07 10:01:00,76.52,76.52,76.52,76.52,2580.0
2019-03-07 10:02:00,76.53,76.53,76.53,76.53,1244.0
2019-03-07 10:03:00,76.4,76.54,76.4,76.54,3099.0
2019-03-07 10:04:00,76.55,76.55,76.55,76.55,2246.0
2019-03-07 10:06:00,76.59,76.73,76.59,76.73,2220.0
2019-03-07 10:07:00,76.7,76.7,76.7,76.7,2268.0
2019-03-07 10:08:00,76.75,76.75,76.65,76.65,6999.0
2019-03-07 10:09:00,76.66,76.66,76.66,76.66,1243.0
2019-03-07 10:10:00,76.71,76.71,76.69,76.69,962.0
2019-03-07 10:11:00,76.73,76.73,76.73,76.73,1279.0
2019-03-07 10:12:00,76.84,76.84,76.84,76.84,758.0
2019-03-07 10:14:00,76.75,76.75,76.7,76.7,2991.0
2019-03-07 10:15:00,76.66,76.66,76.66,76.66,1628.0
2019-03-07 10:16:00,76.64,76.64,76.64,76.64,2139.0
2019-03-07 10:17:00,76.63,76.65,76.63,76.65,3070.0
2019-03-07 10:18:00,76.61,76.61,76.61,76.61,1543.0
2019-03-07 10:19:00,76.64,76.64,76.64,76.64,1941.0
2019-03-07 10:20:00,76.55,76.55,76.55,76.55,1535.0
2019-03-07 10:21:00,76.58,76.58,76.55,76.55,3433.0
2019-03-07 10:22:00,76.57,76.57,76.57,76.57,3907.0
2019-03-07 10:23:00,76.555,76.555,76.555,76.555,2247.0
2019-03-07 10:24:00,76.66,76.73,76.66,76.73,3370.0
2019-03-07 10:25:00,76.69,76.69,76.65,76.65,5195.0
2019-03-07 10:26:00,76.73,76.73,76.68,76.68,4930.0
2019-03-07 10:27:00,76.73,76.73,76.73,76.73,1207.0
2019-03-07 10:29:00,76.79,76.89,76.79,76.89,1866.0
2019-03-07 10:30:00,76.906,76.906,76.906,76.906,2215.0
2019-03-07 10:31:00,76.9,76.9,76.9,76.9,655.0
2019-03-07 10:32:00,76.85,76.85,76.85,76.85,8295.0
2019-03-07 10:33:00,76.9083,76.93,76.9083,76.93,2269.0
2019-03-07 10:34:00,77.08,77.08,77.08,77.08,836.0
2019-03-07 10:35:00,77.15,77.15,77.15,77.15,942.0
2019-03-07 10:36:00,77.17,77.17,77.17,77.17,1214.0
2019-03-07 10:37:00,77.13,77.13,77.13,77.13,2060.0
2019-03-07 10:38:00,77.09,77.1,77.09,77.1,2493.0
2019-03-07 10:40:00,77.11,77.11,77.11,77.11,952.0
2019-03-07 10:41:00,77.13,77.13,77.06,77.06,2510.0
2019-03-07 10:42:00,76.98,76.98,76.98,76.98,831.0
2019-03-07 10:44:00,76.98,76.98,76.98,76.98,2849.0
2019-03-07 10:45:00,76.97,76.97,76.97,76.97,645.0
2019-03-07 10:46:00,77.07,77.07,77.07,77.07,4289.0
2019-03-07 10:47:00,77.15,77.15,77.15,77.15,1123.0
2019-03-07 10:48:00,77.22,77.22,77.22,77.22,573.0
2019-03-07 10:50:00,77.18,77.18,77.18,77.18,1014.0
2019-03-07 10:51:00,77.25,77.25,77.2,77.2,4028.0
2019-03-07 10:53:00,77.23,77.24,77.23,77.24,4078.0
2019-03-07 10:54:00,77.28,77.28,77.28,77.28,1549.0
2019-03-07 10:55:00,77.3,77.3,77.3,77.3,1340.0
2019-03-07 10:56:00,77.36,77.36,77.36,77.36,1281.0
2019-03-07 10:57:00,77.3399,77.3399,77.3399,77.3399,1593.0
2019-03-07 10:58:00,77.34,77.34,77.34,77.34,355.0
2019-03-07 10:59:00,77.27,77.27,77.27,77.27,2207.0
2019-03-07 11:00:00,77.23,77.23,77.23,77.23,1006.0
2019-03-07 11:01:00,77.11,77.11,77.11,77.11,1523.0
2019-03-07 11:02:00,77.05,77.05,77.05,77.05,1243.0
2019-03-07 11:03:00,77.11,77.11,77.11,77.11,1413.0
2019-03-07 11:04:00,77.12,77.12,77.12,77.12,826.0
2019-03-07 11:05:00,77.02,77.02,77.02,77.02,1790.0
2019-03-07 11:06:00,76.97,76.97,76.97,76.97,815.0
2019-03-07 11:08:00,76.95,76.95,76.95,76.95,1434.0
2019-03-07 11:09:00,76.95,77.01,76.95,77.01,2342.0
2019-03-07 11:11:00,77.05,77.05,77.05,77.05,1297.0
2019-03-07 11:12:00,77.03,77.03,77.03,77.03,1777.0
2019-03-07 11:14:00,77.002,77.002,76.97,76.97,1298.0
2019-03-07 11:16:00,77.01,77.01,77.01,77.01,589.0
2019-03-07 11:17:00,76.96,76.98,76.96,76.98,2478.0
2019-03-07 11:19:00,76.98,76.98,76.93,76.93,4971.0
2019-03-07 11:20:00,76.97,76.97,76.97,76.97,2178.0
2019-03-07 11:22:00,76.93,76.93,76.93,76.93,2547.0
2019-03-07 11:24:00,76.995,76.995,76.995,76.995,442.0
2019-03-07 11:25:00,77.01,77.06,77.01,77.06,2853.0
2019-03-07 11:26:00,77.14,77.14,77.14,77.14,2046.0
2019-03-07 11:27:00,77.22,77.25,77.22,77.25,2010.0
2019-03-07 11:28:00,77.23,77.23,77.23,77.23,1719.0
2019-03-07 11:29:00,77.33,77.33,77.33,77.33,1841.0
2019-03-07 11:30:00,77.35,77.35,77.35,77.35,718.0
2019-03-07 11:31:00,77.41,77.41,77.41,77.41,4478.0
2019-03-07 11:32:00,77.44,77.53,77.44,77.53,2764.0
2019-03-07 11:33:00,77.56,77.56,77.56,77.56,1308.0
2019-03-07 11:34:00,77.52,77.52,77.52,77.52,811.0
2019-03-07 11:35:00,77.6,77.6,77.6,77.6,637.0
2019-03-07 11:36:00,77.57,77.57,77.57,77.57,1237.0
2019-03-07 11:38:00,77.61,77.61,77.61,77.61,385.0
2019-03-07 11:39:00,77.64,77.64,77.64,77.64,1399.0
2019-03-07 11:40:00,77.58,77.59,77.58,77.59,3653.0
2019-03-07 11:41:00,77.555,77.555,77.555,77.555,1531.0
2019-03-07 11:42:00,77.6,77.6,77.6,77.6,1483.0
2019-03-07 11:43:00,77.565,77.565,77.565,77.565,904.0
2019-03-07 11:44:00,77.65,77.65,77.65,77.65,962.0
2019-03-07 11:45:00,77.6,77.6,77.59,77.59,2092.0
2019-03-07 11:46:00,77.57,77.57,77.57,77.57,594.0
2019-03-07 11:47:00,77.515,77.515,77.515,77.515,966.0
2019-03-07 11:48:00,77.51,77.51,77.51,77.51,699.0
2019-03-07 11:49:00,77.48,77.48,77.48,77.48,985.0
2019-03-07 11:50:00,77.46,77.46,77.46,77.46,859.0
2019-03-07 11:52:00,77.44,77.44,77.44,77.44,213.0
2019-03-07 11:53:00,77.42,77.42,77.42,77.42,1282.0
2019-03-07 11:54:00,77.4084,77.4084,77.375,77.375,2624.0
2019-03-07 11:55:00,77.3542,77.3542,77.3542,77.3542,1195.0
2019-03-07 11:56:00,77.35,77.35,77.35,77.35,1399.0
2019-03-07 11:57:00,77.36,77.36,77.35,77.35,1730.0
2019-03-07 11:58:00,77.35,77.35,77.35,77.35,1614.0
2019-03-07 11:59:00,77.385,77.385,77.385,77.385,941.0
2019-03-07 12:00:00,77.42,77.42,77.42,77.42,1950.0
2019-03-07 12:01:00,77.399,77.399,77.399,77.399,684.0
2019-03-07 12:02:00,77.38,77.38,77.38,77.38,1031.0
2019-03-07 12:03:00,77.34,77.34,77.34,77.34,1656.0
2019-03-07 12:04:00,77.365,77.365,77.365,77.365,453.0
2019-03-07 12:05:00,77.38,77.43,77.38,77.43,1900.0
2019-03-07 12:06:00,77.43,77.43,77.43,77.43,852.0
2019-03-07 12:07:00,77.47,77.47,77.47,77.47,737.0
2019-03-07 12:08:00,77.54,77.54,77.54,77.54,968.0
2019-03-07 12:09:00,77.56,77.56,77.56,77.56,923.0
2019-03-07 12:10:00,77.58,77.58,77.58,77.58,737.0
2019-03-07 12:11:00,77.63,77.63,77.63,77.63,1321.0
2019-03-07 12:12:00,77.6,77.6,77.6,77.6,750.0
2019-03-07 12:13:00,77.59,77.59,77.59,77.59,1341.0
2019-03-07 12:14:00,77.61,77.61,77.61,77.61,872.0
2019-03-07 12:15:00,77.59,77.65,77.59,77.65,1891.0
2019-03-07 12:16:00,77.7,77.7,77.612,77.612,3949.0
2019-03-07 12:17:00,77.62,77.62,77.62,77.62,784.0
2019-03-07 12:18:00,77.58,77.58,77.58,77.58,920.0
2019-03-07 12:19:00,77.605,77.605,77.605,77.605,603.0
2019-03-07 12:20:00,77.59,77.59,77.59,77.59,1299.0
2019-03-07 12:21:00,77.59,77.59,77.59,77.59,601.0
2019-03-07 12:22:00,77.57,77.57,77.57,77.57,753.0
2019-03-07 12:23:00,77.61,77.61,77.61,77.61,747.0
2019-03-07 12:24:00,77.59,77.59,77.59,77.59,697.0
2019-03-07 12:25:00,77.58,77.59,77.58,77.59,1925.0
2019-03-07 12:26:00,77.64,77.64,77.64,77.64,827.0
2019-03-07 12:27:00,77.72,77.72,77.72,77.72,1052.0
2019-03-07 12:28:00,77.71,77.71,77.71,77.71,989.0
2019-03-07 12:29:00,77.765,77.765,77.765,77.765,514.0
2019-03-07 12:30:00,77.75,77.75,77.705,77.705,2906.0
2019-03-07 12:31:00,77.69,77.69,77.69,77.69,1318.0
2019-03-07 12:32:00,77.7,77.7,77.7,77.7,1009.0
2019-03-07 12:33:00,77.66,77.66,77.59,77.59,5050.0
2019-03-07 12:34:00,77.72,77.72,77.72,77.72,1445.0
2019-03-07 12:35:00,77.78,77.78,77.78,77.78,1647.0
2019-03-07 12:36:00,77.735,77.735,77.735,77.735,487.0
2019-03-07 12:37:00,77.76,77.76,77.76,77.76,318.0
2019-03-07 12:38:00,77.7367,77.7367,77.7367,77.7367,528.0
2019-03-07 12:39:00,77.7418,77.7418,77.7418,77.7418,831.0
2019-03-07 12:41:00,77.73,77.73,77.73,77.73,1241.0
2019-03-07 12:42:00,77.74,77.74,77.74,77.74,823.0
2019-03-07 12:44:00,77.7,77.71,77.7,77.71,1378.0
2019-03-07 12:45:00,77.72,77.72,77.72,77.72,889.0
2019-03-07 12:46:00,77.75,77.75,77.75,77.75,658.0
2019-03-07 12:47:00,77.7,77.7,77.7,77.7,1110.0
2019-03-07 12:48:00,77.72,77.72,77.72,77.72,405.0
2019-03-07 12:49:00,77.72,77.72,77.72,77.72,1999.0
2019-03-07 12:50:00,77.72,77.72,77.72,77.72,272.0
2019-03-07 12:52:00,77.73,77.73,77.73,77.73,732.0
2019-03-07 12:53:00,77.76,77.76,77.76,77.76,829.0
2019-03-07 12:54:00,77.79,77.79,77.79,77.79,584.0
2019-03-07 12:55:00,77.905,77.905,77.905,77.905,2326.0
2019-03-07 12:56:00,77.89,77.89,77.89,77.89,1495.0
2019-03-07 12:57:00,77.88,77.88,77.88,77.88,1016.0
2019-03-07 12:58:00,77.9529,77.9529,77.915,77.915,9757.0
2019-03-07 13:00:00,77.92,77.92,77.92,77.92,591.0
2019-03-07 13:01:00,77.91,77.91,77.86,77.86,2543.0
2019-03-07 13:02:00,77.867,77.867,77.867,77.867,603.0
2019-03-07 13:04:00,77.86,77.86,77.86,77.86,1008.0
2019-03-07 13:05:00,77.84,77.84,77.84,77.84,684.0
2019-03-07 13:06:00,77.81,77.81,77.81,77.81,669.0
2019-03-07 13:07:00,77.78,77.78,77.78,77.78,1087.0
2019-03-07 13:08:00,77.78,77.78,77.78,77.78,469.0
2019-03-07 13:10:00,77.76,77.76,77.76,77.76,324.0
2019-03-07 13:11:00,77.83,77.83,77.83,77.83,765.0
2019-03-07 13:12:00,77.84,77.84,77.84,77.84,1671.0
2019-03-07 13:13:00,77.86,77.87,77.86,77.87,1561.0
2019-03-07 13:14:00,77.85,77.87,77.85,77.87,1392.0
2019-03-07 13:15:00,77.89,77.89,77.89,77.89,602.0
2019-03-07 13:16:00,77.9,77.9,77.9,77.9,553.0
2019-03-07 13:17:00,77.91,77.91,77.9,77.9,1718.0
2019-03-07 13:18:00,77.88,77.88,77.88,77.88,700.0
2019-03-07 13:19:00,77.85,77.85,77.85,77.85,976.0
2019-03-07 13:20:00,77.84,77.84,77.84,77.84,665.0
2019-03-07 13:21:00,77.87,77.87,77.87,77.87,748.0
2019-03-07 13:22:00,77.9,77.9,77.9,77.9,915.0
2019-03-07 13:23:00,77.9,77.9,77.9,77.9,792.0
2019-03-07 13:24:00,77.89,77.89,77.89,77.89,135.0
2019-03-07 13:25:00,77.88,77.88,77.88,77.88,1202.0
2019-03-07 13:26:00,77.89,77.89,77.89,77.89,990.0
2019-03-07 13:27:00,77.89,77.89,77.89,77.89,4263.0
2019-03-07 13:28:00,77.9,77.92,77.9,77.92,2846.0
2019-03-07 13:29:00,77.9,77.9,77.9,77.9,944.0
2019-03-07 13:30:00,77.9,77.9,77.9,77.9,1197.0
2019-03-07 13:31:00,77.9,77.9,77.9,77.9,1402.0
2019-03-07 13:32:00,77.88,77.88,77.87,77.87,2252.0
2019-03-07 13:33:00,77.85,77.85,77.85,77.85,633.0
2019-03-07 13:34:00,77.81,77.83,77.81,77.83,1444.0
2019-03-07 13:35:00,77.82,77.82,77.82,77.82,425.0
2019-03-07 13:36:00,77.77,77.77,77.77,77.77,1206.0
2019-03-07 13:37:00,77.78,77.78,77.78,77.78,461.0
2019-03-07 13:38:00,77.77,77.77,77.77,77.77,1520.0
2019-03-07 13:39:00,77.79,77.81,77.79,77.81,2130.0
2019-03-07 13:40:00,77.82,77.82,77.82,77.82,647.0
2019-03-07 13:41:00,77.84,77.84,77.84,77.84,463.0
2019-03-07 13:42:00,77.84,77.84,77.84,77.84,201.0
2019-03-07 13:43:00,77.86,77.86,77.86,77.86,821.0
2019-03-07 13:44:00,77.84,77.84,77.84,77.84,886.0
2019-03-07 13:45:00,77.85,77.86,77.85,77.86,2201.0
2019-03-07 13:47:00,77.88,77.88,77.86,77.86,1466.0
2019-03-07 13:49:00,77.8799,77.88,77.8799,77.88,1465.0
2019-03-07 13:50:00,77.89,77.89,77.89,77.89,1049.0
2019-03-07 13:51:00,77.89,77.89,77.89,77.89,296.0
2019-03-07 13:52:00,77.9,77.9,77.9,77.9,1521.0
2019-03-07 13:53:00,77.91,77.91,77.91,77.91,1029.0
2019-03-07 13:54:00,77.82,77.82,77.8,77.8,2980.0
2019-03-07 13:55:00,77.815,77.815,77.815,77.815,900.0
2019-03-07 13:57:00,77.82,77.82,77.82,77.82,821.0
2019-03-07 13:58:00,77.83,77.83,77.81,77.81,1680.0
2019-03-07 13:59:00,77.81,77.81,77.81,77.81,1156.0
2019-03-07 14:00:00,77.8,77.8,77.8,77.8,644.0
2019-03-07 14:01:00,77.8,77.8,77.8,77.8,866.0
2019-03-07 14:02:00,77.78,77.78,77.78,77.78,220.0
2019-03-07 14:03:00,77.76,77.775,77.76,77.775,1506.0
2019-03-07 14:04:00,77.8,77.81,77.8,77.81,1621.0
2019-03-07 14:05:00,77.79,77.79,77.79,77.79,449.0
2019-03-07 14:06:00,77.8,77.8,77.75,77.75,3563.0
2019-03-07 14:07:00,77.73,77.73,77.73,77.73,1917.0
2019-03-07 14:08:00,77.72,77.73,77.72,77.73,2171.0
2019-03-07 14:09:00,77.71,77.71,77.71,77.71,900.0
2019-03-07 14:10:00,77.73,77.73,77.73,77.73,2199.0
2019-03-07 14:11:00,77.72,77.73,77.72,77.725,2271.0
2019-03-07 14:13:00,77.71,77.71,77.71,77.71,594.0
2019-03-07 14:14:00,77.69,77.69,77.69,77.69,715.0
2019-03-07 14:15:00,77.68,77.68,77.68,77.68,1018.0
2019-03-07 14:16:00,77.675,77.675,77.66,77.66,1227.0
2019-03-07 14:18:00,77.64,77.65,77.64,77.65,1888.0
2019-03-07 14:19:00,77.62,77.62,77.62,77.62,658.0
2019-03-07 14:20:00,77.61,77.64,77.61,77.64,1954.0
2019-03-07 14:21:00,77.64,77.64,77.64,77.64,1033.0
2019-03-07 14:22:00,77.65,77.65,77.64,77.64,3913.0
2019-03-07 14:23:00,77.64,77.64,77.64,77.64,4315.0
2019-03-07 14:24:00,77.625,77.64,77.62,77.62,3992.0
2019-03-07 14:26:00,77.625,77.625,77.625,77.625,1385.0
2019-03-07 14:28:00,77.64,77.64,77.64,77.64,907.0
2019-03-07 14:29:00,77.61,77.61,77.6061,77.6061,2414.0
2019-03-07 14:30:00,77.59,77.59,77.56,77.56,2251.0
2019-03-07 14:31:00,77.56,77.56,77.56,77.56,1416.0
2019-03-07 14:32:00,77.555,77.555,77.47,77.47,1689.0
2019-03-07 14:33:00,77.48,77.48,77.48,77.48,1284.0
2019-03-07 14:34:00,77.49,77.49,77.45,77.45,7433.0
2019-03-07 14:35:00,77.4498,77.4498,77.4498,77.4498,419.0
2019-03-07 14:36:00,77.46,77.48,77.46,77.48,1686.0
2019-03-07 14:37:00,77.51,77.51,77.51,77.51,878.0
2019-03-07 14:38:00,77.5346,77.5346,77.5346,77.5346,1093.0
2019-03-07 14:39:00,77.5,77.5,77.5,77.5,643.0
2019-03-07 14:40:00,77.5,77.525,77.5,77.525,1257.0
2019-03-07 14:41:00,77.57,77.57,77.57,77.57,2153.0
2019-03-07 14:42:00,77.51,77.51,77.48,77.48,2182.0
2019-03-07 14:43:00,77.49,77.49,77.47,77.47,2335.0
2019-03-07 14:44:00,77.48,77.48,77.48,77.48,1151.0
2019-03-07 14:45:00,77.495,77.495,77.495,77.495,477.0
2019-03-07 14:46:00,77.4801,77.4801,77.4801,77.4801,284.0
2019-03-07 14:48:00,77.43,77.43,77.36,77.36,2571.0
2019-03-07 14:49:00,77.345,77.345,77.345,77.345,781.0
2019-03-07 14:50:00,77.37,77.37,77.37,77.37,1204.0
2019-03-07 14:51:00,77.39,77.39,77.39,77.39,148.0
2019-03-07 14:52:00,77.39,77.39,77.39,77.39,969.0
2019-03-07 14:53:00,77.375,77.385,77.375,77.385,3576.0
2019-03-07 14:54:00,77.37,77.37,77.34,77.34,2816.0
2019-03-07 14:55:00,77.38,77.41,77.38,77.41,9819.0
2019-03-07 14:56:00,77.4,77.4,77.4,77.4,945.0
2019-03-07 14:57:00,77.41,77.41,77.41,77.41,2452.0
2019-03-07 14:58:00,77.435,77.435,77.39,77.39,1821.0
2019-03-07 14:59:00,77.34,77.35,77.34,77.35,2369.0
2019-03-07 15:01:00,77.35,77.35,77.35,77.35,580.0
2019-03-07 15:02:00,77.37,77.39,77.37,77.39,4224.0
2019-03-07 15:03:00,77.38,77.42,77.38,77.42,2849.0
2019-03-07 15:04:00,77.39,77.39,77.333,77.333,2804.0
2019-03-07 15:05:00,77.335,77.36,77.335,77.36,4246.0
2019-03-07 15:06:00,77.35,77.38,77.35,77.38,2635.0
2019-03-07 15:07:00,77.35,77.35,77.335,77.335,6473.0
2019-03-07 15:08:00,77.32,77.32,77.32,77.32,1072.0
2019-03-07 15:09:00,77.34,77.34,77.34,77.34,355.0
2019-03-07 15:10:00,77.39,77.39,77.38,77.38,1280.0
2019-03-07 15:11:00,77.375,77.375,77.375,77.375,633.0
2019-03-07 15:12:00,77.4,77.4,77.38,77.38,2112.0
2019-03-07 15:13:00,77.4,77.4,77.4,77.4,732.0
2019-03-07 15:15:00,77.42,77.42,77.41,77.41,1176.0
2019-03-07 15:16:00,77.4,77.4,77.4,77.4,2293.0
2019-03-07 15:17:00,77.42,77.42,77.42,77.42,1738.0
2019-03-07 15:18:00,77.43,77.47,77.43,77.47,1737.0
2019-03-07 15:19:00,77.47,77.48,77.47,77.48,983.0
2019-03-07 15:20:00,77.51,77.53,77.51,77.53,1637.0
2019-03-07 15:21:00,77.53,77.53,77.53,77.53,1745.0
2019-03-07 15:22:00,77.53,77.57,77.53,77.57,2377.0
2019-03-07 15:23:00,77.57,77.57,77.49,77.49,6488.0
2019-03-07 15:24:00,77.5,77.5,77.47,77.47,3126.0
2019-03-07 15:25:00,77.49,77.49,77.49,77.49,937.0
2019-03-07 15:26:00,77.49,77.49,77.49,77.49,716.0
2019-03-07 15:27:00,77.554,77.554,77.54,77.54,2716.0
2019-03-07 15:28:00,77.5,77.5,77.45,77.45,3316.0
2019-03-07 15:29:00,77.453,77.453,77.453,77.453,4521.0
2019-03-07 15:30:00,77.44,77.44,77.43,77.43,2468.0
2019-03-07 15:31:00,77.43,77.43,77.43,77.43,1573.0
2019-03-07 15:32:00,77.45,77.5,77.45,77.5,3893.0
2019-03-07 15:33:00,77.48,77.48,77.48,77.48,1423.0
2019-03-07 15:34:00,77.48,77.49,77.48,77.49,2622.0
2019-03-07 15:35:00,77.46,77.46,77.43,77.43,3175.0
2019-03-07 15:36:00,77.47,77.52,77.47,77.52,4164.0
2019-03-07 15:37:00,77.54,77.58,77.54,77.58,5052.0
2019-03-07 15:38:00,77.56,77.56,77.54,77.56,3898.0
2019-03-07 15:39:00,77.59,77.59,77.58,77.59,4091.0
2019-03-07 15:40:00,77.63,77.63,77.625,77.625,3045.0
2019-03-07 15:41:00,77.65,77.65,77.64,77.64,3582.0
2019-03-07 15:42:00,77.64,77.645,77.61,77.61,5756.0
2019-03-07 15:43:00,77.63,77.63,77.6,77.6,3024.0
2019-03-07 15:44:00,77.58,77.6,77.58,77.6,4792.0
2019-03-07 15:45:00,77.63,77.67,77.63,77.67,6278.0
2019-03-07 15:46:00,77.65,77.72,77.65,77.72,7623.0
2019-03-07 15:47:00,77.74,77.76,77.74,77.75,6781.0
2019-03-07 15:48:00,77.735,77.735,77.72,77.72,4268.0
2019-03-07 15:49:00,77.71,77.74,77.71,77.73,6991.0
2019-03-07 15:50:00,77.745,77.745,77.73,77.73,4380.0
2019-03-07 15:51:00,77.67,77.68,77.67,77.68,6111.0
2019-03-07 15:52:00,77.68,77.69,77.68,77.69,4301.0
2019-03-07 15:53:00,77.67,77.67,77.64,77.64,8391.0
2019-03-07 15:54:00,77.61,77.61,77.61,77.61,6229.0
2019-03-07 15:55:00,77.63,77.67,77.63,77.67,11417.0
2019-03-07 15:56:00,77.69,77.745,77.69,77.745,11420.0
2019-03-07 15:57:00,77.75,77.75,77.75,77.75,5827.0
2019-03-07 15:58:00,77.76,77.8,77.76,77.795,7983.0
2019-03-07 15:59:00,77.8,77.8,77.775,77.785,11356.0
2019-03-07 16:00:00,77.79,77.86,77.78,77.8,48386.0
2019-03-08 09:31:00,77.33,77.33,77.04,77.04,21228.0
2019-03-08 09:33:00,76.92,76.92,76.92,76.92,1589.0
2019-03-08 09:34:00,76.69,76.69,76.61,76.61,2796.0
2019-03-08 09:35:00,76.7,76.7,76.7,76.7,1657.0
2019-03-08 09:36:00,76.9,76.9,76.9,76.9,1441.0
2019-03-08 09:37:00,76.77,76.94,76.73,76.73,21208.0
2019-03-08 09:39:00,76.78,76.78,76.78,76.78,1043.0
2019-03-08 09:40:00,77.1,77.1,76.9,76.9,4415.0
2019-03-08 09:41:00,76.845,76.845,76.845,76.845,1450.0
2019-03-08 09:43:00,76.89,76.89,76.89,76.89,2143.0
2019-03-08 09:44:00,76.72,76.72,76.72,76.72,1311.0
2019-03-08 09:45:00,76.76,76.86,76.76,76.86,5856.0
2019-03-08 09:46:00,77.02,77.02,77.02,77.02,3673.0
2019-03-08 09:47:00,77.04,77.04,77.04,77.04,971.0
2019-03-08 09:48:00,77.05,77.05,77.05,77.05,691.0
2019-03-08 09:49:00,77.05,77.05,77.05,77.05,5640.0
2019-03-08 09:50:00,77.11,77.18,77.1,77.18,14387.0
2019-03-08 09:52:00,77.04,77.04,77.04,77.04,817.0
2019-03-08 09:53:00,76.9725,77.04,76.9725,77.04,4698.0
2019-03-08 09:54:00,76.98,76.98,76.98,76.98,2217.0
2019-03-08 09:55:00,77.1,77.1,77.1,77.1,8122.0
2019-03-08 09:57:00,77.04,77.04,77.04,77.04,820.0
2019-03-08 09:58:00,77.01,77.01,77.01,77.01,6368.0
2019-03-08 09:59:00,77.035,77.035,77.035,77.035,1519.0
2019-03-08 10:00:00,76.895,76.92,76.895,76.92,5453.0
2019-03-08 10:01:00,76.89,76.99,76.82,76.82,16029.0
2019-03-08 10:02:00,76.8,76.8,76.8,76.8,5239.0
2019-03-08 10:04:00,76.79,76.79,76.79,76.79,489.0
2019-03-08 10:05:00,76.8,76.86,76.8,76.85,14152.0
2019-03-08 10:06:00,76.7,76.7,76.7,76.7,4445.0
2019-03-08 10:07:00,76.63,76.63,76.63,76.63,1251.0
2019-03-08 10:08:00,76.471,76.471,76.39,76.39,5009.0
2019-03-08 10:10:00,76.38,76.49,76.38,76.49,1917.0
2019-03-08 10:12:00,76.52,76.52,76.52,76.52,1047.0
2019-03-08 10:14:00,76.32,76.32,76.32,76.32,2401.0
2019-03-08 10:15:00,76.4,76.4,76.4,76.4,3329.0
2019-03-08 10:16:00,76.53,76.53,76.53,76.53,704.0
2019-03-08 10:17:00,76.44,76.44,76.44,76.44,1333.0
2019-03-08 10:18:00,76.52,76.52,76.52,76.52,1716.0
2019-03-08 10:20:00,76.53,76.55,76.53,76.55,1740.0
2019-03-08 10:22:00,76.6,76.6,76.6,76.6,710.0
2019-03-08 10:23:00,76.73,76.73,76.73,76.73,1765.0
2019-03-08 10:24:00,76.67,76.67,76.6,76.6,5202.0
2019-03-08 10:25:00,76.68,76.68,76.68,76.68,2441.0
2019-03-08 10:26:00,76.72,76.72,76.72,76.72,855.0
2019-03-08 10:28:00,76.78,76.78,76.78,76.78,752.0
2019-03-08 10:29:00,76.82,76.88,76.82,76.88,3605.0
2019-03-08 10:30:00,76.815,76.815,76.815,76.815,1149.0
2019-03-08 10:31:00,76.84,76.84,76.84,76.84,633.0
2019-03-08 10:32:00,76.9,76.91,76.9,76.91,5756.0
2019-03-08 10:33:00,76.97,76.97,76.97,76.97,11287.0
2019-03-08 10:35:00,76.98,76.98,76.98,76.98,1300.0
2019-03-08 10:36:00,77.0007,77.0007,77.0007,77.0007,25181.0
2019-03-08 10:37:00,77.1,77.1,77.1,77.1,1381.0
2019-03-08 10:38:00,77.0925,77.0925,77.0925,77.0925,3318.0
2019-03-08 10:39:00,77.07,77.07,77.04,77.04,29733.0
2019-03-08 10:40:00,77.03,77.03,77.03,77.03,1792.0
2019-03-08 10:42:00,76.94,76.94,76.94,76.94,1654.0
2019-03-08 10:43:00,77.0212,77.0212,77.0212,77.0212,956.0
2019-03-08 10:44:00,77.15,77.15,77.15,77.15,1152.0
2019-03-08 10:45:00,77.26,77.26,77.26,77.26,2099.0
2019-03-08 10:48:00,77.33,77.33,77.33,77.33,505.0
2019-03-08 10:49:00,77.3,77.37,77.3,77.37,2531.0
2019-03-08 10:50:00,77.34,77.34,77.34,77.34,1307.0
2019-03-08 10:52:00,77.32,77.32,77.32,77.32,1200.0
2019-03-08 10:55:00,77.27,77.27,77.27,77.27,845.0
2019-03-08 10:56:00,77.2,77.2,77.2,77.2,645.0
2019-03-08 10:57:00,77.15,77.15,77.15,77.15,1372.0
2019-03-08 10:59:00,77.13,77.13,77.09,77.09,3690.0
2019-03-08 11:01:00,77.0,77.05,77.0,77.05,5325.0
2019-03-08 11:02:00,77.09,77.09,77.09,77.09,822.0
2019-03-08 11:04:00,77.03,77.03,76.99,76.99,1868.0
2019-03-08 11:06:00,77.05,77.05,77.05,77.05,666.0
2019-03-08 11:07:00,77.12,77.13,77.12,77.13,3358.0
2019-03-08 11:08:00,77.05,77.05,77.05,77.05,748.0
2019-03-08 11:09:00,77.0,77.0,77.0,77.0,1444.0
2019-03-08 11:11:00,77.1,77.1,77.1,77.1,3083.0
2019-03-08 11:12:00,77.16,77.16,77.16,77.16,1695.0
2019-03-08 11:13:00,77.25,77.25,77.25,77.25,1419.0
2019-03-08 11:15:00,77.23,77.23,77.183,77.183,3186.0
2019-03-08 11:16:00,77.21,77.21,77.21,77.21,478.0
2019-03-08 11:18:00,77.17,77.17,77.17,77.17,708.0
2019-03-08 11:20:00,77.16,77.2,77.16,77.2,2401.0
2019-03-08 11:22:00,77.16,77.16,77.16,77.16,302.0
2019-03-08 11:23:00,77.14,77.14,77.14,77.14,725.0
2019-03-08 11:26:00,77.26,77.26,77.26,77.26,1224.0
2019-03-08 11:27:00,77.3,77.3,77.3,77.3,638.0
2019-03-08 11:28:00,77.29,77.31,77.29,77.31,2314.0
2019-03-08 11:30:00,77.26,77.26,77.26,77.26,1760.0
2019-03-08 11:31:00,77.22,77.22,77.22,77.22,447.0
2019-03-08 11:32:00,77.21,77.21,77.21,77.21,1039.0
2019-03-08 11:33:00,77.23,77.23,77.23,77.23,6729.0
2019-03-08 11:34:00,77.14,77.14,77.14,77.14,644.0
2019-03-08 11:35:00,77.13,77.13,77.13,77.13,1087.0
2019-03-08 11:36:00,77.01,77.01,77.01,77.01,769.0
2019-03-08 11:37:00,77.03,77.03,77.03,77.03,1103.0
2019-03-08 11:39:00,77.0579,77.0579,77.0579,77.0579,576.0
2019-03-08 11:40:00,77.0,77.01,77.0,77.01,21097.0
2019-03-08 11:41:00,76.98,77.01,76.97,76.97,31597.0
2019-03-08 11:42:00,76.97,76.97,76.97,76.97,1343.0
2019-03-08 11:43:00,77.03,77.03,77.03,77.03,6254.0
2019-03-08 11:44:00,77.0,77.0,77.0,77.0,3285.0
2019-03-08 11:46:00,77.005,77.005,77.005,77.005,2756.0
2019-03-08 11:47:00,77.05,77.1,77.05,77.1,1477.0
2019-03-08 11:49:00,77.08,77.11,77.08,77.11,1376.0
2019-03-08 11:50:00,77.1,77.1,77.1,77.1,445.0
2019-03-08 11:51:00,77.02,77.02,77.02,77.02,321.0
2019-03-08 11:52:00,77.0,77.0,77.0,77.0,1365.0
2019-03-08 11:53:00,77.04,77.05,77.04,77.05,1652.0
2019-03-08 11:54:00,77.13,77.13,77.13,77.13,437.0
2019-03-08 11:55:00,77.16,77.2,77.16,77.2,2075.0
2019-03-08 11:56:00,77.1,77.1,77.1,77.1,682.0
2019-03-08 11:57:00,77.071,77.071,77.071,77.071,422.0
2019-03-08 11:59:00,77.09,77.09,77.09,77.09,766.0
2019-03-08 12:00:00,77.1,77.1,77.05,77.05,1622.0
2019-03-08 12:01:00,77.06,77.06,77.06,77.06,624.0
2019-03-08 12:02:00,77.0,77.0,77.0,77.0,832.0
2019-03-08 12:04:00,77.02,77.02,77.01,77.01,1593.0
2019-03-08 12:06:00,77.02,77.02,77.02,77.02,554.0
2019-03-08 12:08:00,77.04,77.04,77.04,77.04,816.0
2019-03-08 12:09:00,77.03,77.03,76.9984,76.9984,2084.0
2019-03-08 12:11:00,77.0,77.0,77.0,77.0,512.0
2019-03-08 12:12:00,77.0,77.0,77.0,77.0,461.0
2019-03-08 12:14:00,76.97,76.97,76.967,76.967,1601.0
2019-03-08 12:15:00,77.03,77.07,77.03,77.07,1837.0
2019-03-08 12:16:00,77.03,77.03,77.03,77.03,474.0
2019-03-08 12:17:00,77.07,77.07,77.07,77.07,738.0
2019-03-08 12:18:00,77.06,77.06,77.05,77.05,843.0
2019-03-08 12:20:00,77.02,77.02,77.02,77.02,603.0
2019-03-08 12:21:00,77.03,77.05,77.03,77.05,1211.0
2019-03-08 12:22:00,77.04,77.04,77.04,77.04,493.0
2019-03-08 12:23:00,77.02,77.02,77.02,77.02,958.0
2019-03-08 12:24:00,77.06,77.06,77.06,77.06,694.0
2019-03-08 12:26:00,77.09,77.09,77.09,77.09,558.0
2019-03-08 12:27:00,77.13,77.13,77.13,77.13,1334.0
2019-03-08 12:31:00,77.14,77.14,77.14,77.14,705.0
2019-03-08 12:32:00,77.11,77.1612,77.11,77.1612,1320.0
2019-03-08 12:34:00,77.15,77.15,77.12,77.12,1664.0
2019-03-08 12:36:00,77.15,77.15,77.08,77.08,2554.0
2019-03-08 12:38:00,77.06,77.06,77.06,77.06,418.0
2019-03-08 12:39:00,77.035,77.035,77.02,77.02,1634.0
2019-03-08 12:41:00,77.0,77.0,77.0,77.0,208.0
2019-03-08 12:42:00,77.01,77.01,77.01,77.01,745.0
2019-03-08 12:43:00,77.02,77.11,77.02,77.11,5206.0
2019-03-08 12:44:00,77.085,77.1,77.085,77.1,2581.0
2019-03-08 12:45:00,77.1,77.1,77.1,77.1,746.0
2019-03-08 12:48:00,77.0465,77.0465,77.025,77.025,1849.0
2019-03-08 12:50:00,76.99,77.01,76.985,77.01,3133.0
2019-03-08 12:51:00,77.02,77.02,77.02,77.02,1372.0
2019-03-08 12:52:00,77.0,77.0,77.0,77.0,2777.0
2019-03-08 12:53:00,77.0,77.0,76.98,76.98,3347.0
2019-03-08 12:54:00,76.99,76.99,76.98,76.98,2413.0
2019-03-08 12:55:00,77.01,77.01,77.01,77.01,1307.0
2019-03-08 12:56:00,76.98,77.0,76.98,76.98,3646.0
2019-03-08 12:57:00,76.98,76.98,76.98,76.98,1355.0
2019-03-08 12:58:00,76.98,76.99,76.98,76.99,1424.0
2019-03-08 12:59:00,77.02,77.02,77.02,77.02,761.0
2019-03-08 13:00:00,77.0,77.0,77.0,77.0,1124.0
2019-03-08 13:01:00,77.01,77.04,77.01,77.04,2175.0
2019-03-08 13:02:00,77.02,77.02,77.02,77.02,926.0
2019-03-08 13:03:00,77.02,77.02,77.02,77.02,292.0
2019-03-08 13:04:00,77.05,77.05,77.04,77.04,1324.0
2019-03-08 13:06:00,77.03,77.03,77.025,77.025,900.0
2019-03-08 13:07:00,77.02,77.02,77.02,77.02,917.0
2019-03-08 13:08:00,77.02,77.03,77.02,77.03,699.0
2019-03-08 13:10:00,76.98,76.98,76.98,76.98,1459.0
2019-03-08 13:11:00,77.01,77.01,77.01,77.01,826.0
2019-03-08 13:12:00,77.07,77.07,77.07,77.07,613.0
2019-03-08 13:13:00,77.08,77.08,77.08,77.08,1223.0
2019-03-08 13:16:00,77.05,77.05,77.05,77.05,1431.0
2019-03-08 13:17:00,77.05,77.05,77.05,77.05,634.0
2019-03-08 13:18:00,77.04,77.04,77.04,77.04,655.0
2019-03-08 13:19:00,76.98,77.0,76.98,77.0,2067.0
2019-03-08 13:20:00,77.0,77.0,77.0,77.0,505.0
2019-03-08 13:21:00,77.0,77.0,77.0,77.0,674.0
2019-03-08 13:22:00,76.985,76.99,76.985,76.99,2882.0
2019-03-08 13:23:00,77.0,77.0,76.98,76.98,1683.0
2019-03-08 13:24:00,76.97,76.97,76.97,76.97,476.0
2019-03-08 13:26:00,77.0,77.04,77.0,77.04,4683.0
2019-03-08 13:27:00,77.07,77.09,77.02,77.02,7320.0
2019-03-08 13:28:00,77.03,77.03,77.03,77.03,442.0
2019-03-08 13:29:00,77.06,77.06,77.06,77.06,732.0
2019-03-08 13:31:00,77.04,77.04,77.04,77.04,1761.0
2019-03-08 13:32:00,77.03,77.03,77.02,77.02,1704.0
2019-03-08 13:33:00,77.0,77.0,76.99,76.99,883.0
2019-03-08 13:35:00,76.99,76.99,76.99,76.99,460.0
2019-03-08 13:36:00,77.01,77.01,77.01,77.01,771.0
2019-03-08 13:37:00,77.04,77.06,77.04,77.06,2261.0
2019-03-08 13:38:00,77.08,77.08,77.075,77.075,1361.0
2019-03-08 13:40:00,77.13,77.13,77.13,77.13,950.0
2019-03-08 13:41:00,77.16,77.16,77.16,77.16,360.0
2019-03-08 13:42:00,77.18,77.18,77.18,77.18,188.0
2019-03-08 13:44:00,77.2,77.2,77.2,77.2,457.0
2019-03-08 13:45:00,77.2,77.2,77.2,77.2,600.0
2019-03-08 13:46:00,77.16,77.16,77.16,77.16,637.0
2019-03-08 13:47:00,77.17,77.17,77.17,77.17,423.0
2019-03-08 13:48:00,77.21,77.21,77.21,77.21,557.0
2019-03-08 13:50:00,77.21,77.23,77.21,77.23,1540.0
2019-03-08 13:51:00,77.21,77.21,77.21,77.21,1480.0
2019-03-08 13:54:00,77.2,77.2,77.19,77.19,1148.0
2019-03-08 13:55:00,77.14,77.14,77.14,77.14,1075.0
2019-03-08 13:56:00,77.09,77.09,77.09,77.09,179.0
2019-03-08 13:57:00,77.1,77.1,77.1,77.1,645.0
2019-03-08 13:58:00,77.12,77.12,77.12,77.12,1362.0
2019-03-08 13:59:00,77.11,77.11,77.11,77.11,675.0
2019-03-08 14:00:00,77.11,77.11,77.11,77.11,640.0
2019-03-08 14:02:00,77.1,77.1,77.1,77.1,642.0
2019-03-08 14:03:00,77.09,77.09,77.09,77.09,1272.0
2019-03-08 14:04:00,77.06,77.06,77.06,77.06,563.0
2019-03-08 14:05:00,77.01,77.04,77.01,77.04,1279.0
2019-03-08 14:06:00,77.08,77.09,77.06,77.06,3916.0
2019-03-08 14:07:00,77.0511,77.0511,77.0511,77.0511,879.0
2019-03-08 14:08:00,77.07,77.1,77.07,77.1,1240.0
2019-03-08 14:10:00,77.1,77.1,77.09,77.09,1228.0
2019-03-08 14:11:00,77.13,77.16,77.13,77.16,1616.0
2019-03-08 14:12:00,77.1,77.1,77.1,77.1,661.0
2019-03-08 14:14:00,77.12,77.12,77.12,77.12,1003.0
2019-03-08 14:15:00,77.11,77.11,77.11,77.11,388.0
2019-03-08 14:16:00,77.13,77.13,77.13,77.13,1212.0
2019-03-08 14:18:00,77.15,77.15,77.15,77.15,592.0
2019-03-08 14:19:00,77.17,77.17,77.17,77.17,484.0
2019-03-08 14:20:00,77.17,77.17,77.17,77.17,732.0
2019-03-08 14:21:00,77.18,77.18,77.18,77.18,562.0
2019-03-08 14:22:00,77.2,77.2,77.2,77.2,385.0
2019-03-08 14:24:00,77.1719,77.2,77.1719,77.2,1740.0
2019-03-08 14:25:00,77.16,77.18,77.16,77.18,1440.0
2019-03-08 14:26:00,77.19,77.19,77.19,77.19,398.0
2019-03-08 14:27:00,77.21,77.21,77.21,77.21,1327.0
2019-03-08 14:30:00,77.24,77.24,77.24,77.24,6362.0
2019-03-08 14:31:00,77.25,77.26,77.25,77.26,6268.0
2019-03-08 14:32:00,77.27,77.27,77.27,77.27,440.0
2019-03-08 14:33:00,77.25,77.25,77.24,77.24,1715.0
2019-03-08 14:34:00,77.225,77.24,77.225,77.24,2460.0
2019-03-08 14:35:00,77.21,77.21,77.21,77.21,1146.0
2019-03-08 14:36:00,77.22,77.22,77.22,77.22,1039.0
2019-03-08 14:37:00,77.2,77.21,77.2,77.21,3806.0
2019-03-08 14:38:00,77.21,77.21,77.21,77.21,449.0
2019-03-08 14:39:00,77.24,77.24,77.24,77.24,1724.0
2019-03-08 14:40:00,77.25,77.25,77.25,77.25,1263.0
2019-03-08 14:41:00,77.32,77.35,77.32,77.35,1660.0
2019-03-08 14:42:00,77.35,77.35,77.35,77.35,671.0
2019-03-08 14:43:00,77.42,77.42,77.42,77.42,1654.0
2019-03-08 14:44:00,77.42,77.42,77.41,77.41,2518.0
2019-03-08 14:45:00,77.4,77.4,77.4,77.4,994.0
2019-03-08 14:46:00,77.39,77.39,77.39,77.39,972.0
2019-03-08 14:47:00,77.41,77.41,77.395,77.395,1837.0
2019-03-08 14:48:00,77.4,77.4,77.4,77.4,1253.0
2019-03-08 14:49:00,77.43,77.43,77.43,77.43,600.0
2019-03-08 14:50:00,77.39,77.39,77.39,77.39,418.0
2019-03-08 14:51:00,77.37,77.38,77.37,77.38,1720.0
2019-03-08 14:52:00,77.39,77.39,77.39,77.39,530.0
2019-03-08 14:53:00,77.44,77.48,77.44,77.48,1596.0
2019-03-08 14:54:00,77.515,77.515,77.515,77.515,1654.0
2019-03-08 14:55:00,77.47,77.47,77.47,77.47,519.0
2019-03-08 14:56:00,77.44,77.44,77.44,77.44,1160.0
2019-03-08 14:57:00,77.42,77.42,77.405,77.405,2071.0
2019-03-08 14:58:00,77.42,77.42,77.42,77.42,2231.0
2019-03-08 15:00:00,77.41,77.41,77.399,77.399,1167.0
2019-03-08 15:02:00,77.38,77.39,77.38,77.39,710.0
2019-03-08 15:03:00,77.35,77.35,77.35,77.35,509.0
2019-03-08 15:04:00,77.35,77.35,77.35,77.35,230.0
2019-03-08 15:05:00,77.39,77.4,77.36,77.36,3252.0
2019-03-08 15:06:00,77.37,77.39,77.37,77.39,1637.0
2019-03-08 15:07:00,77.33,77.33,77.32,77.32,1713.0
2019-03-08 15:08:00,77.32,77.32,77.28,77.28,8217.0
2019-03-08 15:09:00,77.32,77.32,77.32,77.32,1182.0
2019-03-08 15:10:00,77.38,77.38,77.34,77.34,1886.0
2019-03-08 15:11:00,77.32,77.32,77.25,77.25,3035.0
2019-03-08 15:12:00,77.19,77.19,77.19,77.19,1913.0
2019-03-08 15:13:00,77.1742,77.1742,77.1742,77.1742,1734.0
2019-03-08 15:14:00,77.15,77.15,77.15,77.15,1233.0
2019-03-08 15:15:00,77.16,77.16,77.16,77.16,1891.0
2019-03-08 15:16:00,77.2,77.2,77.17,77.17,1888.0
2019-03-08 15:17:00,77.17,77.17,77.17,77.17,555.0
2019-03-08 15:18:00,77.1,77.1,77.1,77.1,418.0
2019-03-08 15:19:00,77.1,77.11,77.1,77.11,1355.0
2019-03-08 15:20:00,77.11,77.11,77.11,77.11,850.0
2019-03-08 15:21:00,77.13,77.13,77.13,77.13,547.0
2019-03-08 15:22:00,77.13,77.14,77.1,77.1,1982.0
2019-03-08 15:23:00,77.095,77.095,77.08,77.08,2485.0
2019-03-08 15:24:00,77.09,77.09,77.09,77.09,957.0
2019-03-08 15:25:00,77.095,77.095,77.078,77.078,1787.0
2019-03-08 15:26:00,77.05,77.05,77.04,77.04,2368.0
2019-03-08 15:27:00,77.05,77.05,77.05,77.05,881.0
2019-03-08 15:28:00,77.06,77.06,77.06,77.06,1732.0
2019-03-08 15:29:00,77.09,77.09,77.09,77.09,922.0
2019-03-08 15:30:00,77.09,77.09,77.06,77.06,1964.0
2019-03-08 15:31:00,77.01,77.02,77.01,77.02,4802.0
2019-03-08 15:32:00,77.12,77.12,77.11,77.11,1861.0
2019-03-08 15:33:00,77.08,77.2,77.08,77.2,3143.0
2019-03-08 15:34:00,77.19,77.19,77.155,77.155,2496.0
2019-03-08 15:35:00,77.15,77.15,77.12,77.14,5216.0
2019-03-08 15:36:00,77.1,77.1,77.08,77.08,3290.0
2019-03-08 15:37:00,77.1,77.1,77.065,77.07,4977.0
2019-03-08 15:38:00,77.09,77.09,77.09,77.09,785.0
2019-03-08 15:39:00,77.08,77.14,77.08,77.14,3589.0
2019-03-08 15:40:00,77.11,77.11,77.11,77.11,1514.0
2019-03-08 15:41:00,77.13,77.13,77.13,77.13,1982.0
2019-03-08 15:42:00,77.18,77.25,77.18,77.25,11769.0
2019-03-08 15:43:00,77.23,77.23,77.22,77.22,7989.0
2019-03-08 15:44:00,77.22,77.22,77.17,77.18,10068.0
2019-03-08 15:45:00,77.22,77.22,77.21,77.21,4051.0
2019-03-08 15:46:00,77.25,77.3,77.24,77.3,167027.0
2019-03-08 15:47:00,77.31,77.35,77.31,77.33,8214.0
2019-03-08 15:48:00,77.395,77.395,77.39,77.39,4309.0
2019-03-08 15:49:00,77.3801,77.42,77.3801,77.42,7424.0
2019-03-08 15:50:00,77.39,77.39,77.3,77.3,7299.0
2019-03-08 15:51:00,77.38,77.38,77.3425,77.3425,10262.0
2019-03-08 15:52:00,77.35,77.355,77.35,77.355,9408.0
2019-03-08 15:53:00,77.36,77.4,77.36,77.4,6316.0
2019-03-08 15:54:00,77.4,77.41,77.4,77.41,5291.0
2019-03-08 15:55:00,77.41,77.41,77.395,77.41,36563.0
2019-03-08 15:56:00,77.42,77.45,77.42,77.44,14237.0
2019-03-08 15:57:00,77.45,77.505,77.45,77.505,10344.0
2019-03-08 15:58:00,77.485,77.485,77.45,77.48,9731.0
2019-03-08 15:59:00,77.48,77.48,77.46,77.46,10293.0
2019-03-08 16:00:00,77.49,77.56,77.49,77.51,31462.0
