date,1. open,2. high,3. low,4. close,5. volume
2019-03-04 09:31:00,84.4,87.45,84.39,84.7925,297502.0
2019-03-04 09:32:00,84.64,84.83,84.51,84.81,24902.0
2019-03-04 09:33:00,84.805,84.96,83.015,83.7,108952.0
2019-03-04 09:34:00,83.75,84.6,83.63,84.58,57774.0
2019-03-04 09:35:00,84.5,85.96,84.5,85.63,67426.0
2019-03-04 09:36:00,85.835,85.97,84.71,84.71,54328.0
2019-03-04 09:37:00,84.78,84.85,83.5199,83.8201,88812.0
2019-03-04 09:38:00,83.8558,84.0,83.69,84.0,41413.0
2019-03-04 09:39:00,83.99,84.32,83.1,83.5,56544.0
2019-03-04 09:40:00,83.615,83.615,83.005,83.5,50760.0
2019-03-04 09:41:00,83.51,84.17,83.51,83.8881,36992.0
2019-03-04 09:42:00,83.68,83.9557,83.68,83.765,15144.0
2019-03-04 09:43:00,83.82,83.88,83.765,83.88,16963.0
2019-03-04 09:44:00,83.88,84.28,83.88,84.09,54531.0
2019-03-04 09:45:00,83.945,84.09,83.81,83.96,29539.0
2019-03-04 09:46:00,83.85,83.85,83.17,83.255,62700.0
2019-03-04 09:47:00,83.38,83.715,83.1201,83.1201,24339.0
2019-03-04 09:48:00,83.08,83.16,82.281,82.385,84666.0
2019-03-04 09:49:00,82.3858,82.87,82.25,82.87,82667.0
2019-03-04 09:50:00,82.865,83.18,82.75,82.75,57594.0
2019-03-04 09:51:00,82.7,82.81,82.57,82.7,36453.0
2019-03-04 09:52:00,82.61,82.75,82.5101,82.6,28604.0
2019-03-04 09:53:00,82.695,83.23,82.64,83.23,23775.0
2019-03-04 09:54:00,83.055,83.055,82.89,82.94,18566.0
2019-03-04 09:55:00,82.76,83.72,82.76,83.4022,49199.0
2019-03-04 09:56:00,83.485,84.71,83.485,84.71,58685.0
2019-03-04 09:57:00,84.8,84.8827,84.5201,84.6006,25959.0
2019-03-04 09:58:00,84.63,85.44,84.63,84.77,38740.0
2019-03-04 09:59:00,84.98,85.46,84.91,85.01,28161.0
2019-03-04 10:00:00,84.98,85.1,84.9047,85.1,18622.0
2019-03-04 10:01:00,84.95,85.03,84.8,85.03,15031.0
2019-03-04 10:02:00,85.03,85.36,84.82,84.865,66835.0
2019-03-04 10:03:00,84.81,85.145,84.81,84.88,13034.0
2019-03-04 10:04:00,84.985,85.305,84.985,85.305,21910.0
2019-03-04 10:05:00,85.44,85.71,85.32,85.71,56269.0
2019-03-04 10:06:00,85.69,85.8,85.43,85.63,28404.0
2019-03-04 10:07:00,85.63,85.97,85.58,85.815,24535.0
2019-03-04 10:08:00,85.9395,86.05,85.611,85.73,30832.0
2019-03-04 10:09:00,85.715,85.85,85.715,85.83,13649.0
2019-03-04 10:10:00,85.8,85.8,85.62,85.62,26052.0
2019-03-04 10:11:00,85.625,85.625,84.3601,84.9295,83520.0
2019-03-04 10:12:00,84.76,84.795,84.722,84.795,7313.0
2019-03-04 10:13:00,84.7471,84.88,84.49,84.665,33793.0
2019-03-04 10:14:00,84.635,84.8,84.635,84.7,11308.0
2019-03-04 10:15:00,84.725,84.8,84.69,84.72,23657.0
2019-03-04 10:16:00,84.62,84.81,84.56,84.72,45689.0
2019-03-04 10:17:00,84.98,85.0,84.295,84.37,34498.0
2019-03-04 10:18:00,84.3985,84.63,84.3985,84.63,8668.0
2019-03-04 10:19:00,84.42,84.42,84.04,84.15,18252.0
2019-03-04 10:20:00,84.39,84.54,84.3,84.3,15060.0
2019-03-04 10:21:00,84.4,84.895,84.4,84.895,7393.0
2019-03-04 10:22:00,84.69,84.835,84.555,84.65,9609.0
2019-03-04 10:23:00,84.5,84.57,84.5,84.57,5260.0
2019-03-04 10:24:00,84.24,84.24,84.12,84.24,11744.0
2019-03-04 10:25:00,84.37,84.37,84.37,84.37,1707.0
2019-03-04 10:26:00,84.31,84.53,84.31,84.53,9721.0
2019-03-04 10:27:00,84.49,84.5,84.49,84.5,4560.0
2019-03-04 10:28:00,84.78,85.0,84.69,84.98,21711.0
2019-03-04 10:29:00,84.81,84.81,84.635,84.635,5980.0
2019-03-04 10:30:00,84.57,84.57,84.57,84.57,2316.0
2019-03-04 10:31:00,84.58,84.58,84.155,84.21,25214.0
2019-03-04 10:32:00,84.19,84.19,83.51,83.7215,25316.0
2019-03-04 10:33:00,83.78,84.165,83.7402,84.03,33878.0
2019-03-04 10:34:00,84.07,84.09,84.0102,84.0102,9599.0
2019-03-04 10:35:00,83.935,83.945,83.8,83.8,26406.0
2019-03-04 10:36:00,83.76,84.0,83.76,84.0,20766.0
2019-03-04 10:37:00,83.965,84.11,83.965,84.11,5019.0
2019-03-04 10:38:00,84.185,84.395,84.185,84.395,11288.0
2019-03-04 10:39:00,84.39,84.59,84.305,84.52,15434.0
2019-03-04 10:40:00,84.505,84.53,84.2,84.5,35364.0
2019-03-04 10:41:00,84.59,84.68,84.59,84.68,6383.0
2019-03-04 10:42:00,84.829,84.829,84.785,84.785,7089.0
2019-03-04 10:43:00,84.7,84.7,84.6,84.6,4860.0
2019-03-04 10:44:00,84.61,84.61,84.61,84.61,3958.0
2019-03-04 10:45:00,84.595,84.595,84.595,84.595,2780.0
2019-03-04 10:46:00,84.605,84.605,84.49,84.49,28434.0
2019-03-04 10:47:00,84.445,84.445,84.445,84.445,1991.0
2019-03-04 10:48:00,84.42,84.42,84.17,84.235,20073.0
2019-03-04 10:49:00,84.39,84.77,84.39,84.77,21719.0
2019-03-04 10:50:00,84.86,84.9401,84.64,84.73,34877.0
2019-03-04 10:51:00,84.81,84.81,84.29,84.62,21242.0
2019-03-04 10:52:00,84.36,84.435,84.25,84.435,6068.0
2019-03-04 10:53:00,84.425,84.83,84.39,84.83,20911.0
2019-03-04 10:54:00,84.725,84.765,84.71,84.765,9539.0
2019-03-04 10:55:00,84.8191,84.8191,84.7603,84.7603,11472.0
2019-03-04 10:56:00,84.77,85.44,84.77,85.38,40657.0
2019-03-04 10:57:00,85.5,85.5,85.33,85.33,21930.0
2019-03-04 10:58:00,85.31,85.31,85.305,85.305,6295.0
2019-03-04 11:00:00,85.3046,85.3046,85.3046,85.3046,1647.0
2019-03-04 11:01:00,85.31,85.31,85.3033,85.3033,3195.0
2019-03-04 11:02:00,85.305,85.305,85.305,85.305,15657.0
2019-03-04 11:03:00,85.28,85.28,84.61,84.61,50768.0
2019-03-04 11:04:00,84.64,85.1,84.64,85.06,33476.0
2019-03-04 11:05:00,85.11,85.23,85.045,85.08,13957.0
2019-03-04 11:06:00,85.06,85.06,85.04,85.04,8322.0
2019-03-04 11:07:00,85.29,85.44,85.29,85.32,16693.0
2019-03-04 11:08:00,85.3762,85.7001,85.3762,85.6143,32160.0
2019-03-04 11:09:00,85.74,85.74,85.6,85.695,15260.0
2019-03-04 11:10:00,85.77,85.78,85.555,85.565,19650.0
2019-03-04 11:11:00,85.74,86.36,85.74,86.1701,24504.0
2019-03-04 11:12:00,86.07,86.07,85.66,85.8,15867.0
2019-03-04 11:13:00,86.06,86.2,86.06,86.08,21633.0
2019-03-04 11:14:00,86.21,86.3,86.07,86.07,21852.0
2019-03-04 11:15:00,86.47,86.47,86.31,86.31,13648.0
2019-03-04 11:16:00,86.4185,86.49,86.31,86.31,21445.0
2019-03-04 11:17:00,86.24,86.37,86.24,86.37,14071.0
2019-03-04 11:18:00,86.395,86.65,86.395,86.53,13040.0
2019-03-04 11:19:00,86.46,86.46,86.46,86.46,9911.0
2019-03-04 11:20:00,86.74,86.8661,86.702,86.8661,16585.0
2019-03-04 11:21:00,86.723,86.9,86.72,86.72,24384.0
2019-03-04 11:22:00,86.72,86.72,86.39,86.525,33462.0
2019-03-04 11:23:00,86.62,86.8,86.62,86.8,11893.0
2019-03-04 11:24:00,86.74,86.74,86.57,86.57,11594.0
2019-03-04 11:25:00,86.24,86.24,86.12,86.14,15818.0
2019-03-04 11:26:00,86.16,86.16,86.16,86.16,4656.0
2019-03-04 11:27:00,86.14,86.14,85.94,85.95,14605.0
2019-03-04 11:28:00,85.865,85.865,85.55,85.55,14523.0
2019-03-04 11:29:00,85.43,85.5,85.26,85.5,20967.0
2019-03-04 11:30:00,85.695,85.695,85.565,85.565,7271.0
2019-03-04 11:31:00,85.445,85.445,85.17,85.39,24649.0
2019-03-04 11:32:00,85.33,85.6072,85.29,85.6072,11828.0
2019-03-04 11:33:00,85.33,85.33,85.33,85.33,4878.0
2019-03-04 11:34:00,85.3778,85.6,85.35,85.35,22624.0
2019-03-04 11:35:00,85.379,85.52,85.379,85.52,6394.0
2019-03-04 11:36:00,85.4099,85.52,85.4099,85.52,5922.0
2019-03-04 11:37:00,85.6899,85.83,85.6506,85.83,10036.0
2019-03-04 11:38:00,85.88,85.88,85.7776,85.8255,61652.0
2019-03-04 11:39:00,86.05,86.19,86.05,86.12,18396.0
2019-03-04 11:40:00,86.1373,86.24,86.1373,86.24,4724.0
2019-03-04 11:41:00,86.2,86.2,86.2,86.2,2126.0
2019-03-04 11:42:00,86.07,86.07,85.92,86.02,5669.0
2019-03-04 11:43:00,85.75,85.75,85.47,85.47,17192.0
2019-03-04 11:44:00,85.4301,85.4301,85.1901,85.1901,10661.0
2019-03-04 11:45:00,85.27,85.54,85.27,85.54,6960.0
2019-03-04 11:46:00,85.34,85.34,85.0,85.2,21948.0
2019-03-04 11:47:00,84.95,85.06,84.875,85.01,17905.0
2019-03-04 11:48:00,85.11,85.11,85.11,85.11,2750.0
2019-03-04 11:49:00,85.05,85.24,85.05,85.24,11892.0
2019-03-04 11:50:00,85.11,85.11,85.05,85.1,5280.0
2019-03-04 11:51:00,85.2,85.42,85.2,85.42,10424.0
2019-03-04 11:52:00,85.2,85.32,85.08,85.32,12055.0
2019-03-04 11:53:00,85.16,85.16,85.16,85.16,1622.0
2019-03-04 11:54:00,85.16,85.16,85.16,85.16,617.0
2019-03-04 11:55:00,85.26,85.39,85.21,85.3801,14501.0
2019-03-04 11:56:00,85.4,85.46,85.4,85.425,13432.0
2019-03-04 11:57:00,85.39,85.55,85.39,85.55,6768.0
2019-03-04 11:58:00,85.595,85.64,85.595,85.64,6093.0
2019-03-04 11:59:00,85.7536,85.928,85.62,85.6599,19143.0
2019-03-04 12:00:00,85.67,85.67,85.61,85.61,34487.0
2019-03-04 12:01:00,85.64,85.7488,85.61,85.7488,16349.0
2019-03-04 12:02:00,85.569,85.569,85.49,85.49,4743.0
2019-03-04 12:03:00,85.49,85.63,85.49,85.5392,20100.0
2019-03-04 12:04:00,85.6199,85.7,85.53,85.53,16353.0
2019-03-04 12:05:00,85.515,85.535,85.38,85.4,32275.0
2019-03-04 12:06:00,85.54,85.61,85.52,85.57,47872.0
2019-03-04 12:07:00,85.51,85.51,85.35,85.35,4863.0
2019-03-04 12:08:00,85.26,85.26,85.02,85.02,4463.0
2019-03-04 12:09:00,85.01,85.01,85.01,85.01,1440.0
2019-03-04 12:10:00,85.055,85.055,84.945,84.945,16896.0
2019-03-04 12:11:00,84.75,84.785,84.715,84.735,32276.0
2019-03-04 12:12:00,84.78,84.8011,84.68,84.785,19607.0
2019-03-04 12:13:00,84.935,84.935,84.8315,84.8315,6476.0
2019-03-04 12:14:00,84.75,84.75,84.54,84.615,6526.0
2019-03-04 12:15:00,84.6,84.6,84.41,84.41,10708.0
2019-03-04 12:16:00,84.405,84.45,84.3,84.32,10508.0
2019-03-04 12:17:00,84.36,84.36,84.15,84.15,10777.0
2019-03-04 12:18:00,84.065,84.065,83.86,83.965,27367.0
2019-03-04 12:19:00,84.01,84.27,84.01,84.1,10605.0
2019-03-04 12:20:00,83.965,84.0,83.965,84.0,5622.0
2019-03-04 12:21:00,83.99,84.3381,83.99,84.3381,10401.0
2019-03-04 12:22:00,84.3225,84.3225,84.07,84.155,4103.0
2019-03-04 12:23:00,84.13,84.13,84.06,84.06,3890.0
2019-03-04 12:24:00,84.11,84.43,84.11,84.32,17854.0
2019-03-04 12:25:00,84.36,84.36,84.094,84.24,10630.0
2019-03-04 12:26:00,84.24,84.2978,84.17,84.22,20811.0
2019-03-04 12:28:00,84.27,84.7,84.265,84.46,21572.0
2019-03-04 12:29:00,84.6195,84.6195,84.45,84.45,7581.0
2019-03-04 12:30:00,84.44,84.46,84.34,84.46,6090.0
2019-03-04 12:31:00,84.5,84.5,84.34,84.34,6741.0
2019-03-04 12:32:00,84.26,84.26,84.25,84.25,4534.0
2019-03-04 12:33:00,84.22,84.22,84.2,84.2,7056.0
2019-03-04 12:34:00,84.2001,84.2001,84.2,84.2,4417.0
2019-03-04 12:35:00,84.11,84.15,84.11,84.14,4998.0
2019-03-04 12:36:00,84.15,84.23,84.15,84.23,6706.0
2019-03-04 12:37:00,84.225,84.29,84.225,84.245,8334.0
2019-03-04 12:38:00,84.22,84.32,84.22,84.32,12835.0
2019-03-04 12:39:00,84.26,84.26,84.05,84.05,12710.0
2019-03-04 12:40:00,84.08,84.17,84.08,84.11,10490.0
2019-03-04 12:41:00,84.05,84.05,84.05,84.05,4527.0
2019-03-04 12:42:00,84.11,84.21,84.11,84.21,4143.0
2019-03-04 12:43:00,84.16,84.16,84.16,84.16,1359.0
2019-03-04 12:44:00,84.115,84.115,84.115,84.115,526.0
2019-03-04 12:45:00,84.115,84.32,84.115,84.23,9105.0
2019-03-04 12:46:00,84.11,84.1899,84.03,84.1899,10830.0
2019-03-04 12:47:00,84.22,84.22,84.22,84.22,521.0
2019-03-04 12:48:00,84.255,84.255,84.2,84.2,2830.0
2019-03-04 12:49:00,84.09,84.09,84.08,84.08,13169.0
2019-03-04 12:50:00,84.2063,84.2063,84.2063,84.2063,1571.0
2019-03-04 12:51:00,84.188,84.188,84.188,84.188,755.0
2019-03-04 12:52:00,84.11,84.11,84.07,84.07,2853.0
2019-03-04 12:53:00,84.06,84.06,84.005,84.005,6667.0
2019-03-04 12:54:00,84.0,84.11,84.0,84.11,12076.0
2019-03-04 12:55:00,84.01,84.0101,84.01,84.0101,1869.0
2019-03-04 12:57:00,84.01,84.01,84.0,84.0,2474.0
2019-03-04 12:58:00,84.005,84.005,83.5028,83.84,24299.0
2019-03-04 12:59:00,83.825,83.825,83.77,83.77,2945.0
2019-03-04 13:00:00,83.529,83.55,83.31,83.3427,9138.0
2019-03-04 13:01:00,83.36,83.44,83.25,83.4,19103.0
2019-03-04 13:02:00,83.315,83.359,83.315,83.359,6621.0
2019-03-04 13:03:00,83.35,83.375,83.35,83.375,2760.0
2019-03-04 13:04:00,83.375,83.375,83.12,83.21,19957.0
2019-03-04 13:05:00,83.19,83.199,83.16,83.18,22933.0
2019-03-04 13:06:00,83.18,83.2588,83.1502,83.2588,9911.0
2019-03-04 13:07:00,83.26,83.29,83.225,83.23,7744.0
2019-03-04 13:08:00,83.23,83.265,83.16,83.265,10143.0
2019-03-04 13:09:00,83.266,83.266,83.266,83.266,1560.0
2019-03-04 13:10:00,83.23,83.23,83.08,83.11,8470.0
2019-03-04 13:11:00,83.1488,83.3,83.1488,83.3,6451.0
2019-03-04 13:12:00,83.24,83.269,83.24,83.269,6280.0
2019-03-04 13:13:00,83.269,83.27,83.099,83.099,10794.0
2019-03-04 13:14:00,83.1101,83.1101,82.8,82.845,30794.0
2019-03-04 13:15:00,82.87,82.87,82.87,82.87,2512.0
2019-03-04 13:16:00,82.82,82.825,82.7601,82.825,7724.0
2019-03-04 13:17:00,82.825,82.835,82.825,82.835,6069.0
2019-03-04 13:18:00,82.8101,83.0637,82.8101,83.0637,25339.0
2019-03-04 13:19:00,83.0,83.119,83.0,83.02,10217.0
2019-03-04 13:20:00,83.03,83.1,83.03,83.0301,7971.0
2019-03-04 13:21:00,83.11,83.1598,83.11,83.1598,7328.0
2019-03-04 13:22:00,83.14,83.21,83.14,83.19,7293.0
2019-03-04 13:23:00,83.227,83.227,83.22,83.22,4203.0
2019-03-04 13:24:00,83.21,83.232,83.14,83.14,11109.0
2019-03-04 13:25:00,83.1,83.1,83.1,83.1,7219.0
2019-03-04 13:26:00,83.1,83.11,83.1,83.11,15810.0
2019-03-04 13:27:00,83.1,83.13,82.93,83.13,47937.0
2019-03-04 13:28:00,83.14,83.14,83.08,83.08,11569.0
2019-03-04 13:29:00,83.01,83.235,83.01,83.235,9689.0
2019-03-04 13:30:00,83.17,83.21,83.11,83.21,8274.0
2019-03-04 13:31:00,83.16,83.16,83.12,83.12,3312.0
2019-03-04 13:32:00,83.16,83.17,83.15,83.15,5055.0
2019-03-04 13:33:00,83.14,83.14,83.11,83.115,6035.0
2019-03-04 13:34:00,83.1,83.1,83.005,83.005,6035.0
2019-03-04 13:35:00,83.01,83.01,82.97,82.98,9017.0
2019-03-04 13:36:00,82.9,82.9606,82.889,82.9606,3963.0
2019-03-04 13:37:00,82.95,82.95,82.9,82.9,2913.0
2019-03-04 13:38:00,82.89,82.9,82.89,82.9,4470.0
2019-03-04 13:39:00,82.905,82.94,82.83,82.83,8579.0
2019-03-04 13:40:00,82.84,82.84,82.839,82.839,3603.0
2019-03-04 13:41:00,82.81,82.81,82.6602,82.6602,16151.0
2019-03-04 13:42:00,82.64,82.66,82.62,82.65,14528.0
2019-03-04 13:43:00,82.68,82.75,82.65,82.65,8831.0
2019-03-04 13:44:00,82.6,82.625,82.55,82.575,32335.0
2019-03-04 13:45:00,82.6201,82.79,82.6201,82.76,10610.0
2019-03-04 13:46:00,82.72,82.89,82.67,82.89,8059.0
2019-03-04 13:47:00,82.85,82.855,82.85,82.855,4505.0
2019-03-04 13:48:00,82.855,82.855,82.81,82.81,8414.0
2019-03-04 13:49:00,82.7378,82.7378,82.6459,82.6459,4692.0
2019-03-04 13:50:00,82.615,82.6299,82.61,82.61,4455.0
2019-03-04 13:51:00,82.6,82.61,82.6,82.61,2256.0
2019-03-04 13:52:00,82.65,82.65,82.65,82.65,1606.0
2019-03-04 13:53:00,82.66,82.66,82.66,82.66,1900.0
2019-03-04 13:54:00,82.69,82.81,82.685,82.81,13807.0
2019-03-04 13:55:00,82.73,82.73,82.62,82.64,11050.0
2019-03-04 13:56:00,82.615,82.73,82.615,82.73,16750.0
2019-03-04 13:57:00,82.7,82.7,82.7,82.7,978.0
2019-03-04 13:58:00,82.68,82.68,82.68,82.68,335.0
2019-03-04 13:59:00,82.73,82.73,82.73,82.73,3606.0
2019-03-04 14:00:00,82.71,82.71,82.71,82.71,1551.0
2019-03-04 14:01:00,82.76,82.78,82.76,82.77,9030.0
2019-03-04 14:02:00,82.78,82.78,82.7,82.71,14775.0
2019-03-04 14:03:00,82.71,82.71,82.505,82.5099,22541.0
2019-03-04 14:04:00,82.51,82.51,82.295,82.31,26007.0
2019-03-04 14:05:00,82.315,82.32,82.315,82.32,6700.0
2019-03-04 14:06:00,82.305,82.305,82.05,82.05,40248.0
2019-03-04 14:07:00,82.07,82.26,82.07,82.25,39700.0
2019-03-04 14:08:00,82.255,82.255,82.13,82.19,27196.0
2019-03-04 14:09:00,82.1801,82.2,82.165,82.165,8381.0
2019-03-04 14:10:00,82.165,82.19,82.165,82.19,3541.0
2019-03-04 14:11:00,82.23,82.29,82.23,82.27,4876.0
2019-03-04 14:12:00,82.21,82.26,82.17,82.17,7170.0
2019-03-04 14:13:00,82.21,82.23,82.18,82.23,10784.0
2019-03-04 14:14:00,82.22,82.23,82.175,82.19,9096.0
2019-03-04 14:15:00,82.22,82.34,82.215,82.34,11079.0
2019-03-04 14:16:00,82.295,82.32,82.2801,82.3001,8660.0
2019-03-04 14:17:00,82.328,82.328,82.27,82.27,2878.0
2019-03-04 14:18:00,82.29,82.32,82.29,82.32,3286.0
2019-03-04 14:19:00,82.38,82.48,82.38,82.4,8605.0
2019-03-04 14:20:00,82.36,82.36,82.36,82.36,1974.0
2019-03-04 14:21:00,82.365,82.495,82.365,82.495,5407.0
2019-03-04 14:22:00,82.51,82.55,82.51,82.54,5289.0
2019-03-04 14:23:00,82.58,82.69,82.58,82.69,6283.0
2019-03-04 14:24:00,82.79,82.79,82.78,82.78,6011.0
2019-03-04 14:25:00,82.8448,83.13,82.8448,82.9,46190.0
2019-03-04 14:26:00,82.8011,82.825,82.8011,82.825,6713.0
2019-03-04 14:27:00,83.0295,83.09,83.0,83.05,14597.0
2019-03-04 14:28:00,83.0304,83.0304,82.93,83.0,14585.0
2019-03-04 14:29:00,83.045,83.045,83.045,83.045,1487.0
2019-03-04 14:30:00,83.05,83.13,83.0,83.0,8293.0
2019-03-04 14:31:00,83.0301,83.0301,82.74,82.79,11280.0
2019-03-04 14:32:00,82.81,82.85,82.72,82.85,6577.0
2019-03-04 14:33:00,82.92,82.98,82.91,82.98,8119.0
2019-03-04 14:34:00,83.0,83.3,83.0,83.3,28950.0
2019-03-04 14:35:00,83.29,83.46,83.29,83.46,17428.0
2019-03-04 14:36:00,83.455,83.455,83.32,83.32,6797.0
2019-03-04 14:37:00,83.345,83.3742,83.32,83.3742,4842.0
2019-03-04 14:38:00,83.48,83.51,83.34,83.34,19610.0
2019-03-04 14:39:00,83.3,83.3,83.17,83.2896,9230.0
2019-03-04 14:40:00,83.39,83.54,83.39,83.5,7637.0
2019-03-04 14:41:00,83.4856,83.4856,83.4,83.4,5125.0
2019-03-04 14:42:00,83.39,83.53,83.39,83.53,18018.0
2019-03-04 14:43:00,83.48,83.58,83.475,83.58,15999.0
2019-03-04 14:44:00,83.57,83.57,83.545,83.545,4263.0
2019-03-04 14:45:00,83.515,83.62,83.515,83.62,10851.0
2019-03-04 14:46:00,83.72,83.74,83.63,83.6731,13024.0
2019-03-04 14:47:00,83.7,83.7,83.6201,83.6201,2785.0
2019-03-04 14:48:00,83.65,83.9,83.65,83.74,18711.0
2019-03-04 14:49:00,83.77,83.84,83.77,83.84,3184.0
2019-03-04 14:50:00,83.89,83.915,83.7528,83.7528,11978.0
2019-03-04 14:51:00,83.78,83.78,83.78,83.78,1821.0
2019-03-04 14:52:00,83.7941,83.7941,83.7482,83.75,5874.0
2019-03-04 14:53:00,83.75,83.89,83.75,83.89,4335.0
2019-03-04 14:54:00,84.0,84.06,84.0,84.06,7710.0
2019-03-04 14:55:00,83.9883,84.035,83.91,84.03,9170.0
2019-03-04 14:56:00,84.04,84.04,83.995,83.995,2200.0
2019-03-04 14:57:00,83.92,84.03,83.86,83.86,13870.0
2019-03-04 14:58:00,83.84,83.84,83.68,83.72,12883.0
2019-03-04 14:59:00,83.7101,83.9,83.7101,83.9,6529.0
2019-03-04 15:00:00,83.89,83.89,83.75,83.75,8443.0
2019-03-04 15:01:00,83.78,83.84,83.78,83.84,3332.0
2019-03-04 15:02:00,83.87,83.87,83.73,83.73,5884.0
2019-03-04 15:03:00,83.755,83.78,83.75,83.77,8422.0
2019-03-04 15:04:00,83.8,83.91,83.775,83.775,13255.0
2019-03-04 15:05:00,83.81,83.81,83.73,83.73,3602.0
2019-03-04 15:06:00,83.855,83.855,83.836,83.836,5229.0
2019-03-04 15:07:00,83.845,83.845,83.75,83.75,10034.0
2019-03-04 15:08:00,83.769,83.85,83.76,83.85,15686.0
2019-03-04 15:09:00,83.86,83.925,83.86,83.925,4398.0
2019-03-04 15:10:00,83.91,83.93,83.91,83.925,6942.0
2019-03-04 15:11:00,83.945,84.0,83.91,84.0,10965.0
2019-03-04 15:12:00,84.05,84.23,84.05,84.23,16004.0
2019-03-04 15:13:00,84.3293,84.37,84.3293,84.35,9563.0
2019-03-04 15:14:00,84.37,84.5,84.37,84.5,9428.0
2019-03-04 15:15:00,84.55,84.885,84.52,84.885,22378.0
2019-03-04 15:16:00,84.82,84.82,84.635,84.635,15702.0
2019-03-04 15:17:00,84.56,84.83,84.56,84.83,4767.0
2019-03-04 15:18:00,84.75,84.75,84.5,84.5,7368.0
2019-03-04 15:19:00,84.56,84.735,84.37,84.735,15613.0
2019-03-04 15:20:00,84.735,84.735,84.58,84.58,2144.0
2019-03-04 15:21:00,84.51,84.655,84.4439,84.655,7424.0
2019-03-04 15:22:00,84.6561,84.6561,84.6561,84.6561,3875.0
2019-03-04 15:23:00,84.6701,84.6701,84.62,84.67,6034.0
2019-03-04 15:24:00,84.66,84.66,84.65,84.65,3307.0
2019-03-04 15:25:00,84.555,84.555,84.13,84.365,13883.0
2019-03-04 15:26:00,84.275,84.275,84.23,84.23,3506.0
2019-03-04 15:27:00,84.23,84.28,84.205,84.28,6066.0
2019-03-04 15:28:00,84.37,84.3701,84.37,84.3701,4558.0
2019-03-04 15:29:00,84.44,84.49,84.44,84.49,2859.0
2019-03-04 15:30:00,84.49,84.51,84.475,84.51,11518.0
2019-03-04 15:31:00,84.59,84.59,84.17,84.19,24607.0
2019-03-04 15:32:00,84.155,84.155,83.899,83.899,19335.0
2019-03-04 15:33:00,83.9,83.94,83.6118,83.6118,36423.0
2019-03-04 15:34:00,83.69,83.9501,83.69,83.905,28692.0
2019-03-04 15:35:00,83.875,83.88,83.675,83.69,19321.0
2019-03-04 15:36:00,83.76,83.825,83.73,83.79,31099.0
2019-03-04 15:37:00,83.735,83.735,83.6306,83.735,15978.0
2019-03-04 15:38:00,83.74,83.74,83.64,83.7389,18394.0
2019-03-04 15:39:00,83.66,83.66,83.5323,83.5323,6636.0
2019-03-04 15:40:00,83.52,83.52,83.27,83.5,33794.0
2019-03-04 15:41:00,83.52,83.72,83.5,83.72,13661.0
2019-03-04 15:42:00,83.75,83.75,83.74,83.75,7506.0
2019-03-04 15:43:00,83.7448,83.8714,83.625,83.625,23468.0
2019-03-04 15:44:00,83.63,83.77,83.61,83.7,17332.0
2019-03-04 15:45:00,83.7,83.91,83.7,83.91,15528.0
2019-03-04 15:46:00,84.01,84.339,84.01,84.339,21748.0
2019-03-04 15:47:00,84.41,84.5,84.22,84.5,22597.0
2019-03-04 15:48:00,84.6,84.7704,84.56,84.7704,18947.0
2019-03-04 15:49:00,84.87,84.87,84.575,84.594,13934.0
2019-03-04 15:50:00,84.54,84.54,84.3696,84.39,13653.0
2019-03-04 15:51:00,84.52,84.54,84.4,84.4,13674.0
2019-03-04 15:52:00,84.4,84.41,84.33,84.4,10738.0
2019-03-04 15:53:00,84.38,84.62,84.38,84.62,32084.0
2019-03-04 15:54:00,84.57,84.6,84.41,84.59,20125.0
2019-03-04 15:55:00,84.61,84.7223,84.61,84.66,12182.0
2019-03-04 15:56:00,84.66,84.66,84.6299,84.645,10935.0
2019-03-04 15:57:00,84.655,84.9,84.655,84.9,32957.0
2019-03-04 15:58:00,84.97,85.08,84.97,84.98,18383.0
2019-03-04 15:59:00,85.02,85.145,85.01,85.145,26801.0
2019-03-04 16:00:00,85.12,85.14,84.8,84.8,42142.0
2019-03-05 09:31:00,85.09,85.5862,85.09,85.5862,21767.0
2019-03-05 09:32:00,85.6,85.65,85.6,85.65,7244.0
2019-03-05 09:33:00,85.69,86.04,85.61,86.04,21074.0
2019-03-05 09:34:00,86.55,87.0,86.55,87.0,29695.0
2019-03-05 09:35:00,86.9,86.9,86.6,86.6,13838.0
2019-03-05 09:36:00,86.79,87.22,86.7025,86.77,21934.0
2019-03-05 09:37:00,86.93,86.93,86.73,86.9,21155.0
2019-03-05 09:38:00,86.92,87.25,86.87,87.25,45596.0
2019-03-05 09:39:00,87.42,87.585,87.4084,87.585,11194.0
2019-03-05 09:40:00,87.53,87.61,87.4,87.61,16752.0
2019-03-05 09:41:00,87.575,87.575,87.28,87.28,8901.0
2019-03-05 09:42:00,87.1901,87.5,87.1901,87.5,7746.0
2019-03-05 09:43:00,87.43,87.43,87.25,87.25,4950.0
2019-03-05 09:44:00,87.5,87.5,87.5,87.5,2947.0
2019-03-05 09:45:00,87.49,88.0,87.49,88.0,14993.0
2019-03-05 09:46:00,87.79,88.0,87.79,88.0,23977.0
2019-03-05 09:47:00,87.85,88.11,87.85,88.11,4697.0
2019-03-05 09:48:00,87.96,88.027,87.85,87.85,7737.0
2019-03-05 09:49:00,87.983,88.5,87.983,88.33,37741.0
2019-03-05 09:50:00,88.49,88.5,88.49,88.5,9428.0
2019-03-05 09:51:00,88.27,88.285,88.13,88.13,7734.0
2019-03-05 09:52:00,88.165,88.165,87.705,87.705,12720.0
2019-03-05 09:53:00,87.54,87.54,87.54,87.54,1675.0
2019-03-05 09:54:00,87.39,87.39,86.85,86.99,12036.0
2019-03-05 09:55:00,87.1,87.18,86.955,86.97,25842.0
2019-03-05 09:56:00,87.02,87.19,87.0,87.19,26228.0
2019-03-05 09:57:00,87.01,87.15,86.96,87.15,11261.0
2019-03-05 09:58:00,87.33,87.525,87.33,87.525,5736.0
2019-03-05 09:59:00,87.2731,87.2731,87.2731,87.2731,3339.0
2019-03-05 10:00:00,86.985,87.06,86.985,87.06,2525.0
2019-03-05 10:01:00,87.45,87.45,87.45,87.45,1478.0
2019-03-05 10:03:00,87.38,87.38,87.38,87.38,1264.0
2019-03-05 10:04:00,87.56,87.56,87.51,87.51,6847.0
2019-03-05 10:05:00,87.495,87.535,87.495,87.535,3702.0
2019-03-05 10:06:00,87.45,87.45,87.45,87.45,1267.0
2019-03-05 10:07:00,87.455,87.455,87.455,87.455,1415.0
2019-03-05 10:08:00,87.46,87.46,87.46,87.46,1613.0
2019-03-05 10:09:00,87.33,87.33,87.33,87.33,1715.0
2019-03-05 10:10:00,87.27,87.2756,87.27,87.2756,3864.0
2019-03-05 10:11:00,87.4,87.415,87.4,87.415,4089.0
2019-03-05 10:12:00,87.42,87.42,87.31,87.31,6368.0
2019-03-05 10:13:00,87.43,87.43,87.43,87.43,3034.0
2019-03-05 10:14:00,87.53,87.92,87.53,87.92,3270.0
2019-03-05 10:15:00,87.6501,87.6501,87.49,87.54,7223.0
2019-03-05 10:16:00,87.36,87.36,87.36,87.36,2463.0
2019-03-05 10:17:00,87.4,87.4,87.4,87.4,1222.0
2019-03-05 10:18:00,87.4028,87.4028,87.4028,87.4028,990.0
2019-03-05 10:19:00,87.55,87.55,87.55,87.55,2324.0
2019-03-05 10:20:00,87.73,87.73,87.69,87.69,3515.0
2019-03-05 10:22:00,87.47,87.47,87.47,87.47,1358.0
2019-03-05 10:23:00,87.54,87.54,87.54,87.54,852.0
2019-03-05 10:24:00,87.645,87.645,87.645,87.645,1556.0
2019-03-05 10:26:00,87.63,87.63,87.56,87.56,2511.0
2019-03-05 10:27:00,87.52,87.52,87.52,87.52,2664.0
2019-03-05 10:29:00,87.505,87.6,87.505,87.6,3060.0
2019-03-05 10:30:00,87.645,87.645,87.645,87.645,1132.0
2019-03-05 10:32:00,87.56,87.59,87.47,87.59,9783.0
2019-03-05 10:33:00,87.58,87.58,87.58,87.58,1710.0
2019-03-05 10:34:00,87.67,87.69,87.67,87.69,5299.0
2019-03-05 10:35:00,87.53,87.63,87.53,87.63,12825.0
2019-03-05 10:36:00,87.745,87.9,87.745,87.9,4435.0
2019-03-05 10:37:00,88.11,88.11,87.98,87.98,5314.0
2019-03-05 10:38:00,88.13,88.13,88.13,88.13,1009.0
2019-03-05 10:39:00,88.14,88.14,88.14,88.14,932.0
2019-03-05 10:40:00,88.25,88.51,88.18,88.51,8458.0
2019-03-05 10:41:00,88.74,88.74,88.7,88.7,3746.0
2019-03-05 10:42:00,88.835,89.0,88.75,89.0,14733.0
2019-03-05 10:43:00,88.945,88.945,88.94,88.94,7655.0
2019-03-05 10:44:00,88.83,88.83,88.83,88.83,5291.0
2019-03-05 10:45:00,88.705,88.79,88.7,88.79,7745.0
2019-03-05 10:47:00,88.9,88.9,88.56,88.64,8708.0
2019-03-05 10:48:00,88.765,88.765,88.765,88.765,1752.0
2019-03-05 10:49:00,88.77,88.77,88.77,88.77,978.0
2019-03-05 10:50:00,88.77,88.77,88.395,88.395,5073.0
2019-03-05 10:51:00,88.445,88.9,88.445,88.9,4865.0
2019-03-05 10:52:00,88.92,88.92,88.54,88.54,3373.0
2019-03-05 10:53:00,88.8,88.8,88.8,88.8,1759.0
2019-03-05 10:54:00,88.86,88.86,88.86,88.86,2925.0
2019-03-05 10:55:00,88.86,88.86,88.7376,88.7376,5420.0
2019-03-05 10:56:00,88.88,89.08,88.88,89.08,8332.0
2019-03-05 10:57:00,89.175,89.175,89.175,89.175,3240.0
2019-03-05 10:58:00,89.11,89.36,89.055,89.36,9531.0
2019-03-05 10:59:00,89.445,89.445,89.3301,89.3301,8182.0
2019-03-05 11:00:00,89.335,89.335,89.335,89.335,5110.0
2019-03-05 11:01:00,89.23,89.34,89.23,89.34,3116.0
2019-03-05 11:02:00,89.5,89.5,89.5,89.5,1670.0
2019-03-05 11:03:00,89.55,89.55,89.55,89.55,2421.0
2019-03-05 11:04:00,89.62,89.6876,89.62,89.6876,4729.0
2019-03-05 11:05:00,89.8,89.8,89.75,89.75,5916.0
2019-03-05 11:06:00,89.7027,89.7027,89.5001,89.5001,3344.0
2019-03-05 11:07:00,89.495,89.495,89.495,89.495,2227.0
2019-03-05 11:08:00,89.57,89.57,89.57,89.57,2957.0
2019-03-05 11:09:00,89.66,89.68,89.66,89.68,16349.0
2019-03-05 11:10:00,89.85,89.85,89.72,89.72,10127.0
2019-03-05 11:11:00,89.78,89.78,89.78,89.78,3480.0
2019-03-05 11:12:00,89.6,89.6,89.57,89.57,9693.0
2019-03-05 11:13:00,89.19,89.19,89.1139,89.1139,4475.0
2019-03-05 11:14:00,88.9,88.9,88.7655,88.7655,8922.0
2019-03-05 11:16:00,88.78,88.78,88.78,88.78,1931.0
2019-03-05 11:17:00,88.75,88.75,88.75,88.75,5137.0
2019-03-05 11:18:00,88.87,88.87,88.805,88.805,3217.0
2019-03-05 11:19:00,88.675,88.675,88.675,88.675,1545.0
2019-03-05 11:20:00,88.5675,88.5675,88.5675,88.5675,1691.0
2019-03-05 11:21:00,88.5801,88.71,88.5801,88.71,4335.0
2019-03-05 11:22:00,88.71,88.71,88.71,88.71,1680.0
2019-03-05 11:23:00,88.8856,88.8856,88.8856,88.8856,1713.0
2019-03-05 11:24:00,88.85,88.85,88.85,88.85,6517.0
2019-03-05 11:25:00,88.93,89.08,88.93,89.08,3547.0
2019-03-05 11:26:00,89.23,89.35,89.23,89.34,7337.0
2019-03-05 11:27:00,89.46,89.46,89.46,89.46,5300.0
2019-03-05 11:28:00,89.5,89.56,89.5,89.56,3350.0
2019-03-05 11:29:00,89.47,89.47,89.47,89.47,1416.0
2019-03-05 11:30:00,89.3854,89.3854,89.27,89.27,5469.0
2019-03-05 11:31:00,89.175,89.175,89.175,89.175,970.0
2019-03-05 11:32:00,88.9987,88.9987,88.9987,88.9987,124.0
2019-03-05 11:33:00,89.159,89.159,88.9734,88.9734,6141.0
2019-03-05 11:34:00,88.87,88.87,88.87,88.87,2445.0
2019-03-05 11:35:00,88.91,88.91,88.91,88.91,1818.0
2019-03-05 11:36:00,88.94,89.089,88.94,89.089,6227.0
2019-03-05 11:37:00,89.11,89.11,88.95,88.95,8473.0
2019-03-05 11:38:00,89.0088,89.0088,89.0088,89.0088,1765.0
2019-03-05 11:39:00,88.98,89.11,88.98,89.11,6786.0
2019-03-05 11:41:00,89.18,89.18,89.18,89.18,683.0
2019-03-05 11:42:00,89.26,89.26,89.26,89.26,949.0
2019-03-05 11:43:00,89.31,89.31,89.31,89.31,1219.0
2019-03-05 11:44:00,89.26,89.26,89.22,89.22,2108.0
2019-03-05 11:45:00,89.2825,89.2825,89.2825,89.2825,877.0
2019-03-05 11:46:00,89.21,89.21,89.21,89.21,1758.0
2019-03-05 11:47:00,89.2,89.2,88.99,88.99,4001.0
2019-03-05 11:49:00,88.95,88.95,88.86,88.86,1576.0
2019-03-05 11:50:00,88.92,88.93,88.85,88.85,9006.0
2019-03-05 11:51:00,88.785,88.82,88.71,88.71,12111.0
2019-03-05 11:52:00,88.75,88.75,88.71,88.71,2948.0
2019-03-05 11:53:00,88.64,88.64,88.35,88.44,9269.0
2019-03-05 11:55:00,88.39,88.39,88.39,88.39,424.0
2019-03-05 11:56:00,88.37,88.5,88.37,88.5,1479.0
2019-03-05 11:57:00,88.55,88.55,88.49,88.49,1629.0
2019-03-05 11:58:00,88.57,88.57,88.57,88.57,404.0
2019-03-05 11:59:00,88.47,88.47,88.47,88.47,100.0
2019-03-05 12:01:00,88.55,88.62,88.55,88.62,1684.0
2019-03-05 12:02:00,88.59,88.59,88.59,88.59,3436.0
2019-03-05 12:03:00,88.76,88.76,88.76,88.76,942.0
2019-03-05 12:04:00,88.81,88.81,88.81,88.81,907.0
2019-03-05 12:06:00,88.82,88.82,88.82,88.82,509.0
2019-03-05 12:07:00,88.81,88.81,88.81,88.81,594.0
2019-03-05 12:08:00,88.83,88.83,88.79,88.79,2053.0
2019-03-05 12:09:00,88.7684,88.7684,88.61,88.61,3186.0
2019-03-05 12:11:00,88.63,88.65,88.63,88.65,1846.0
2019-03-05 12:12:00,88.67,88.67,88.67,88.67,616.0
2019-03-05 12:13:00,88.655,88.655,88.59,88.59,2796.0
2019-03-05 12:14:00,88.59,88.59,88.565,88.565,2040.0
2019-03-05 12:15:00,88.44,88.44,88.37,88.37,3751.0
2019-03-05 12:17:00,88.41,88.44,88.41,88.44,1998.0
2019-03-05 12:18:00,88.47,88.47,88.44,88.445,5753.0
2019-03-05 12:19:00,88.435,88.435,88.435,88.435,1853.0
2019-03-05 12:20:00,88.435,88.435,88.435,88.435,554.0
2019-03-05 12:21:00,88.435,88.435,88.435,88.435,487.0
2019-03-05 12:22:00,88.41,88.5,88.41,88.49,2749.0
2019-03-05 12:24:00,88.43,88.43,88.38,88.38,1611.0
2019-03-05 12:25:00,88.35,88.42,88.35,88.42,1686.0
2019-03-05 12:26:00,88.42,88.42,88.245,88.245,5827.0
2019-03-05 12:27:00,88.215,88.215,88.15,88.19,5753.0
2019-03-05 12:28:00,88.22,88.31,88.22,88.31,5191.0
2019-03-05 12:29:00,88.21,88.27,88.21,88.27,3480.0
2019-03-05 12:30:00,88.21,88.27,88.21,88.27,5171.0
2019-03-05 12:31:00,88.23,88.23,88.23,88.23,1913.0
2019-03-05 12:32:00,88.2,88.2,88.2,88.2,887.0
2019-03-05 12:34:00,88.205,88.205,88.19,88.19,2067.0
2019-03-05 12:35:00,88.23,88.23,88.23,88.23,694.0
2019-03-05 12:36:00,88.19,88.23,88.19,88.23,1746.0
2019-03-05 12:37:00,88.23,88.3,88.23,88.29,5553.0
2019-03-05 12:38:00,88.235,88.235,88.235,88.235,1670.0
2019-03-05 12:39:00,88.26,88.26,88.26,88.26,802.0
2019-03-05 12:40:00,88.2902,88.2902,88.2902,88.2902,692.0
2019-03-05 12:41:00,88.3,88.33,88.3,88.33,7772.0
2019-03-05 12:42:00,88.24,88.24,88.24,88.24,1010.0
2019-03-05 12:44:00,88.3,88.3,88.3,88.3,2196.0
2019-03-05 12:45:00,88.2601,88.2601,88.2601,88.2601,533.0
2019-03-05 12:46:00,88.35,88.35,88.35,88.35,422.0
2019-03-05 12:47:00,88.4,88.4,88.4,88.4,673.0
2019-03-05 12:48:00,88.39,88.39,88.39,88.39,580.0
2019-03-05 12:49:00,88.34,88.34,88.34,88.34,1273.0
2019-03-05 12:51:00,88.275,88.29,88.275,88.29,3984.0
2019-03-05 12:52:00,88.29,88.29,88.29,88.29,644.0
2019-03-05 12:53:00,88.29,88.29,88.25,88.25,3449.0
2019-03-05 12:55:00,88.34,88.38,88.34,88.38,1782.0
2019-03-05 12:56:00,88.4,88.4,88.39,88.39,1541.0
2019-03-05 12:57:00,88.36,88.36,88.35,88.35,3176.0
2019-03-05 12:58:00,88.37,88.4,88.37,88.4,1734.0
2019-03-05 13:00:00,88.4,88.62,88.4,88.62,4625.0
2019-03-05 13:01:00,88.74,88.74,88.62,88.62,2531.0
2019-03-05 13:02:00,88.65,88.69,88.65,88.69,1707.0
2019-03-05 13:03:00,88.67,88.67,88.67,88.67,591.0
2019-03-05 13:04:00,88.58,88.66,88.58,88.66,1995.0
2019-03-05 13:05:00,88.65,88.65,88.65,88.65,643.0
2019-03-05 13:06:00,88.68,88.68,88.68,88.68,346.0
2019-03-05 13:07:00,88.69,88.69,88.69,88.69,1056.0
2019-03-05 13:08:00,88.7,88.77,88.7,88.77,2579.0
2019-03-05 13:09:00,88.8,88.87,88.8,88.87,2355.0
2019-03-05 13:10:00,88.93,88.97,88.93,88.97,1834.0
2019-03-05 13:11:00,89.0,89.0,88.885,88.885,1653.0
2019-03-05 13:12:00,88.82,88.83,88.82,88.83,2047.0
2019-03-05 13:14:00,88.845,88.845,88.845,88.845,632.0
2019-03-05 13:16:00,88.74,88.74,88.74,88.74,426.0
2019-03-05 13:18:00,88.77,88.77,88.69,88.69,1714.0
2019-03-05 13:19:00,88.6,88.6,88.6,88.6,579.0
2019-03-05 13:20:00,88.66,88.66,88.66,88.66,417.0
2019-03-05 13:21:00,88.6478,88.6478,88.6478,88.6478,601.0
2019-03-05 13:22:00,88.566,88.61,88.566,88.61,2045.0
2019-03-05 13:24:00,88.59,88.59,88.51,88.51,1633.0
2019-03-05 13:25:00,88.5016,88.5016,88.5016,88.5016,875.0
2019-03-05 13:26:00,88.52,88.52,88.48,88.48,1156.0
2019-03-05 13:27:00,88.44,88.44,88.44,88.44,515.0
2019-03-05 13:28:00,88.43,88.435,88.43,88.435,1693.0
2019-03-05 13:29:00,88.405,88.405,88.405,88.405,984.0
2019-03-05 13:30:00,88.37,88.37,88.37,88.37,1825.0
2019-03-05 13:31:00,88.39,88.39,88.32,88.32,2577.0
2019-03-05 13:32:00,88.32,88.32,88.32,88.32,552.0
2019-03-05 13:33:00,88.29,88.29,88.29,88.29,1455.0
2019-03-05 13:34:00,88.3,88.33,88.3,88.33,2625.0
2019-03-05 13:35:00,88.34,88.4574,88.34,88.4574,3968.0
2019-03-05 13:36:00,88.44,88.44,88.44,88.44,953.0
2019-03-05 13:37:00,88.405,88.405,88.34,88.375,2602.0
2019-03-05 13:38:00,88.4,88.4,88.4,88.4,880.0
2019-03-05 13:39:00,88.38,88.41,88.38,88.41,2592.0
2019-03-05 13:40:00,88.43,88.5,88.43,88.49,2939.0
2019-03-05 13:41:00,88.5,88.5,88.5,88.5,1180.0
2019-03-05 13:42:00,88.44,88.44,88.355,88.355,2385.0
2019-03-05 13:43:00,88.31,88.31,88.31,88.31,706.0
2019-03-05 13:44:00,88.27,88.27,88.21,88.21,9450.0
2019-03-05 13:45:00,88.24,88.24,88.24,88.24,7513.0
2019-03-05 13:46:00,88.24,88.24,88.24,88.24,1461.0
2019-03-05 13:47:00,88.24,88.24,88.24,88.24,1156.0
2019-03-05 13:48:00,88.25,88.25,88.2,88.2,1713.0
2019-03-05 13:49:00,88.17,88.17,88.1,88.1,2151.0
2019-03-05 13:50:00,88.07,88.07,87.91,87.91,4413.0
2019-03-05 13:51:00,87.92,87.92,87.86,87.86,5360.0
2019-03-05 13:52:00,87.7271,87.7271,87.54,87.54,4190.0
2019-03-05 13:53:00,87.585,87.585,87.585,87.585,988.0
2019-03-05 13:54:00,87.53,87.59,87.53,87.59,2222.0
2019-03-05 13:55:00,87.62,87.62,87.62,87.62,417.0
2019-03-05 13:56:00,87.54,87.54,87.54,87.54,501.0
2019-03-05 13:57:00,87.56,87.65,87.56,87.65,3917.0
2019-03-05 13:58:00,87.67,87.68,87.67,87.68,1394.0
2019-03-05 13:59:00,87.64,87.64,87.595,87.595,2353.0
2019-03-05 14:00:00,87.5,87.5,87.5,87.5,738.0
2019-03-05 14:01:00,87.39,87.39,87.39,87.39,564.0
2019-03-05 14:02:00,87.43,87.43,87.38,87.38,1217.0
2019-03-05 14:03:00,87.385,87.385,87.38,87.38,1031.0
2019-03-05 14:04:00,87.375,87.375,87.355,87.355,1243.0
2019-03-05 14:05:00,87.4,87.4,87.4,87.4,475.0
2019-03-05 14:06:00,87.42,87.42,87.42,87.42,1077.0
2019-03-05 14:07:00,87.36,87.43,87.36,87.43,4856.0
2019-03-05 14:08:00,87.47,87.56,87.47,87.56,2305.0
2019-03-05 14:09:00,87.58,87.58,87.58,87.58,544.0
2019-03-05 14:10:00,87.64,87.64,87.64,87.64,524.0
2019-03-05 14:11:00,87.68,87.68,87.68,87.68,728.0
2019-03-05 14:12:00,87.705,87.72,87.705,87.72,1764.0
2019-03-05 14:13:00,87.84,87.84,87.84,87.84,745.0
2019-03-05 14:14:00,87.84,87.87,87.81,87.87,3294.0
2019-03-05 14:15:00,87.92,87.92,87.92,87.92,1072.0
2019-03-05 14:16:00,87.95,88.02,87.95,88.02,2276.0
2019-03-05 14:17:00,88.03,88.03,88.03,88.03,806.0
2019-03-05 14:18:00,88.03,88.03,88.0,88.0,1981.0
2019-03-05 14:19:00,88.03,88.03,88.0,88.0,1981.0
2019-03-05 14:20:00,88.03,88.03,88.03,88.03,1104.0
2019-03-05 14:21:00,88.04,88.17,88.04,88.17,8566.0
2019-03-05 14:23:00,88.17,88.27,88.17,88.27,4198.0
2019-03-05 14:24:00,88.2,88.24,88.2,88.22,4272.0
2019-03-05 14:25:00,88.34,88.34,88.34,88.34,609.0
2019-03-05 14:26:00,88.37,88.37,88.36,88.36,2533.0
2019-03-05 14:27:00,88.377,88.48,88.377,88.48,2311.0
2019-03-05 14:28:00,88.55,88.57,88.55,88.57,1618.0
2019-03-05 14:29:00,88.66,88.66,88.6,88.6,1374.0
2019-03-05 14:30:00,88.7,88.7,88.7,88.7,916.0
2019-03-05 14:31:00,88.7,88.7,88.7,88.7,438.0
2019-03-05 14:32:00,88.66,88.71,88.64,88.7,5847.0
2019-03-05 14:33:00,88.6601,88.6601,88.63,88.63,4453.0
2019-03-05 14:34:00,88.64,88.64,88.635,88.635,1944.0
2019-03-05 14:35:00,88.615,88.64,88.615,88.64,2442.0
2019-03-05 14:36:00,88.65,88.65,88.65,88.65,1187.0
2019-03-05 14:37:00,88.61,88.61,88.54,88.54,43292.0
2019-03-05 14:38:00,88.58,88.65,88.53,88.53,5382.0
2019-03-05 14:39:00,88.48,88.48,88.48,88.48,1251.0
2019-03-05 14:40:00,88.45,88.45,88.42,88.42,1730.0
2019-03-05 14:41:00,88.44,88.44,88.44,88.44,1118.0
2019-03-05 14:42:00,88.42,88.42,88.33,88.35,4196.0
2019-03-05 14:43:00,88.39,88.405,88.3,88.3,3870.0
2019-03-05 14:44:00,88.34,88.53,88.34,88.53,6078.0
2019-03-05 14:45:00,88.635,88.635,88.59,88.59,3104.0
2019-03-05 14:46:00,88.58,88.58,88.58,88.58,600.0
2019-03-05 14:47:00,88.55,88.55,88.55,88.55,426.0
2019-03-05 14:48:00,88.58,88.58,88.58,88.58,1602.0
2019-03-05 14:49:00,88.6,88.75,88.6,88.75,4146.0
2019-03-05 14:50:00,88.72,88.72,88.65,88.66,3401.0
2019-03-05 14:52:00,88.64,88.64,88.64,88.64,778.0
2019-03-05 14:53:00,88.64,88.72,88.64,88.72,2081.0
2019-03-05 14:54:00,88.75,89.16,88.75,88.98,7654.0
2019-03-05 14:55:00,88.99,88.99,88.99,88.99,1363.0
2019-03-05 14:56:00,88.99,88.99,88.855,88.855,5622.0
2019-03-05 14:57:00,88.82,88.825,88.815,88.815,3020.0
2019-03-05 14:58:00,88.8,88.8,88.8,88.8,1501.0
2019-03-05 14:59:00,88.84,89.06,88.84,89.06,3564.0
2019-03-05 15:00:00,89.16,89.16,89.15,89.15,2643.0
2019-03-05 15:01:00,89.085,89.085,89.085,89.085,469.0
2019-03-05 15:02:00,89.07,89.14,89.06,89.14,8517.0
2019-03-05 15:03:00,89.1095,89.1095,89.1095,89.1095,694.0
2019-03-05 15:04:00,89.1,89.435,89.1,89.395,10496.0
2019-03-05 15:05:00,89.48,89.58,89.48,89.58,2318.0
2019-03-05 15:06:00,89.56,89.56,89.5389,89.5389,2404.0
2019-03-05 15:07:00,89.44,89.44,89.44,89.44,652.0
2019-03-05 15:08:00,89.47,89.47,89.47,89.47,759.0
2019-03-05 15:09:00,89.46,89.71,89.46,89.71,6549.0
2019-03-05 15:10:00,89.81,89.845,89.8,89.845,2319.0
2019-03-05 15:11:00,89.93,89.98,89.872,89.9161,9886.0
2019-03-05 15:12:00,89.895,89.895,89.895,89.895,711.0
2019-03-05 15:13:00,89.885,90.16,89.87,90.02,15130.0
2019-03-05 15:14:00,89.99,90.075,89.925,90.075,5207.0
2019-03-05 15:15:00,90.21,90.21,90.06,90.21,13566.0
2019-03-05 15:16:00,90.24,90.245,90.0429,90.0429,8185.0
2019-03-05 15:17:00,89.93,90.04,89.93,90.04,9971.0
2019-03-05 15:18:00,90.0,90.0,89.925,89.925,3382.0
2019-03-05 15:19:00,89.875,89.875,89.875,89.875,1954.0
2019-03-05 15:20:00,89.8363,89.8363,89.8363,89.8363,447.0
2019-03-05 15:21:00,89.68,89.79,89.68,89.79,3370.0
2019-03-05 15:22:00,89.745,89.745,89.59,89.59,5223.0
2019-03-05 15:23:00,89.6171,89.6171,89.455,89.455,3164.0
2019-03-05 15:24:00,89.46,89.55,89.46,89.55,3603.0
2019-03-05 15:25:00,89.57,89.58,89.57,89.57,1788.0
2019-03-05 15:26:00,89.59,89.63,89.59,89.63,4395.0
2019-03-05 15:27:00,89.67,89.79,89.67,89.79,6256.0
2019-03-05 15:28:00,89.81,89.91,89.81,89.815,4935.0
2019-03-05 15:29:00,89.68,89.68,89.68,89.68,1341.0
2019-03-05 15:30:00,89.66,89.66,89.66,89.66,969.0
2019-03-05 15:31:00,89.6,89.6,89.57,89.57,3116.0
2019-03-05 15:32:00,89.58,89.58,89.57,89.57,4796.0
2019-03-05 15:33:00,89.58,89.6,89.445,89.445,4757.0
2019-03-05 15:34:00,89.48,89.49,89.48,89.48,3428.0
2019-03-05 15:35:00,89.4402,89.4402,89.435,89.435,1892.0
2019-03-05 15:36:00,89.425,89.5195,89.425,89.5195,5656.0
2019-03-05 15:37:00,89.5,89.5,89.4,89.4,5493.0
2019-03-05 15:38:00,89.3905,89.485,89.3905,89.485,6592.0
2019-03-05 15:39:00,89.519,89.519,89.519,89.519,1416.0
2019-03-05 15:40:00,89.5,89.5,89.49,89.49,1745.0
2019-03-05 15:41:00,89.48,89.62,89.48,89.62,7035.0
2019-03-05 15:42:00,89.65,89.65,89.6,89.6351,4924.0
2019-03-05 15:43:00,89.65,89.84,89.65,89.84,5980.0
2019-03-05 15:44:00,89.87,89.87,89.8,89.8,5624.0
2019-03-05 15:45:00,89.76,89.865,89.76,89.865,6673.0
2019-03-05 15:46:00,89.89,89.89,89.8807,89.8807,3993.0
2019-03-05 15:47:00,89.88,89.935,89.8605,89.935,9986.0
2019-03-05 15:48:00,89.98,90.08,89.98,90.03,9966.0
2019-03-05 15:49:00,89.99,89.99,89.97,89.97,2682.0
2019-03-05 15:50:00,89.975,89.975,89.95,89.95,2564.0
2019-03-05 15:51:00,89.955,89.98,89.92,89.93,16334.0
2019-03-05 15:52:00,89.91,89.92,89.91,89.91,5922.0
2019-03-05 15:53:00,89.915,89.92,89.905,89.905,4976.0
2019-03-05 15:54:00,89.9,89.9,89.89,89.89,5910.0
2019-03-05 15:55:00,89.9,89.9,89.88,89.88,4536.0
2019-03-05 15:56:00,89.885,89.91,89.88,89.91,32561.0
2019-03-05 15:57:00,89.88,89.88,89.76,89.77,17915.0
2019-03-05 15:58:00,89.76,89.77,89.75,89.76,12995.0
2019-03-05 15:59:00,89.75,89.76,89.75,89.755,8001.0
2019-03-05 16:00:00,89.76,89.76,89.6501,89.6501,45072.0
2019-03-06 09:31:00,90.02,90.02,90.02,90.02,10387.0
2019-03-06 09:33:00,90.5954,90.95,90.5954,90.95,4632.0
2019-03-06 09:35:00,91.55,91.8,91.55,91.8,5966.0
2019-03-06 09:36:00,92.06,92.06,92.06,92.06,4091.0
2019-03-06 09:37:00,92.405,92.405,92.03,92.03,5369.0
2019-03-06 09:38:00,91.75,91.75,91.75,91.75,2250.0
2019-03-06 09:39:00,91.85,91.85,91.85,91.85,1748.0
2019-03-06 09:40:00,91.9,91.9,91.9,91.9,1221.0
2019-03-06 09:41:00,91.97,91.97,91.97,91.97,2341.0
2019-03-06 09:42:00,92.105,92.105,92.105,92.105,1703.0
2019-03-06 09:43:00,92.24,92.24,92.24,92.24,1129.0
2019-03-06 09:44:00,92.229,92.229,92.18,92.18,3746.0
2019-03-06 09:46:00,92.0,92.0,91.84,91.845,7685.0
2019-03-06 09:47:00,91.83,91.93,91.775,91.775,12698.0
2019-03-06 09:48:00,91.67,91.71,91.67,91.71,6184.0
2019-03-06 09:49:00,91.55,91.55,91.53,91.53,8163.0
2019-03-06 09:50:00,91.51,91.51,91.51,91.51,1725.0
2019-03-06 09:51:00,91.53,91.53,91.2,91.21,15910.0
2019-03-06 09:52:00,91.51,91.51,91.51,91.51,5454.0
2019-03-06 09:53:00,91.41,91.41,91.41,91.41,1634.0
2019-03-06 09:54:00,91.67,91.67,91.67,91.67,2893.0
2019-03-06 09:55:00,91.55,91.64,91.55,91.64,6759.0
2019-03-06 09:56:00,91.62,91.62,91.62,91.62,2400.0
2019-03-06 09:57:00,91.85,91.85,91.85,91.85,2057.0
2019-03-06 09:58:00,91.96,91.96,91.96,91.96,1525.0
2019-03-06 09:59:00,92.07,92.07,92.07,92.07,3521.0
2019-03-06 10:00:00,92.32,92.45,92.32,92.45,6150.0
2019-03-06 10:01:00,92.6,92.6,92.6,92.6,4761.0
2019-03-06 10:03:00,92.65,92.65,92.65,92.65,1300.0
2019-03-06 10:04:00,92.63,92.66,92.63,92.66,3794.0
2019-03-06 10:05:00,92.44,92.44,92.23,92.23,4881.0
2019-03-06 10:06:00,92.46,92.46,92.46,92.46,1527.0
2019-03-06 10:08:00,92.56,92.56,92.56,92.56,910.0
2019-03-06 10:09:00,92.68,92.68,92.54,92.54,4261.0
2019-03-06 10:10:00,92.55,92.55,92.55,92.55,3900.0
2019-03-06 10:11:00,92.59,92.59,92.59,92.59,794.0
2019-03-06 10:12:00,92.64,92.64,92.4,92.4,2856.0
2019-03-06 10:13:00,92.48,92.48,92.48,92.48,2307.0
2019-03-06 10:14:00,92.53,92.53,92.53,92.53,1423.0
2019-03-06 10:16:00,92.7,92.7,92.51,92.51,4079.0
2019-03-06 10:17:00,92.18,92.21,92.18,92.21,5261.0
2019-03-06 10:20:00,92.13,92.13,92.13,92.13,515.0
2019-03-06 10:21:00,92.185,92.185,92.185,92.185,1225.0
2019-03-06 10:22:00,92.36,92.36,92.35,92.35,3438.0
2019-03-06 10:23:00,92.52,92.52,92.3,92.4,6573.0
2019-03-06 10:25:00,92.2468,92.2468,92.2468,92.2468,1851.0
2019-03-06 10:27:00,92.14,92.28,92.14,92.28,4091.0
2019-03-06 10:28:00,92.4,92.4,92.28,92.28,7028.0
2019-03-06 10:30:00,92.185,92.185,92.185,92.185,620.0
2019-03-06 10:31:00,92.18,92.18,92.16,92.16,4623.0
2019-03-06 10:33:00,92.14,92.3,91.98,92.24,19426.0
2019-03-06 10:35:00,92.19,92.19,92.075,92.075,3757.0
2019-03-06 10:36:00,92.265,92.265,92.265,92.265,3191.0
2019-03-06 10:37:00,92.3103,92.66,92.2,92.645,22617.0
2019-03-06 10:38:00,92.57,92.73,92.57,92.73,0.0
2019-03-06 10:39:00,92.69,92.69,92.61,92.61,2958.0
2019-03-06 10:41:00,92.76,92.76,92.76,92.76,7752.0
2019-03-06 10:42:00,92.92,92.92,92.92,92.92,13867.0
2019-03-06 10:43:00,92.87,93.17,92.87,93.09,6436.0
2019-03-06 10:44:00,93.075,93.1075,92.875,92.875,5288.0
2019-03-06 10:45:00,92.805,92.85,92.74,92.7625,2678.0
2019-03-06 10:46:00,92.75,92.86,92.75,92.82,1963.0
2019-03-06 10:47:00,92.9,92.98,92.9,92.98,600.0
2019-03-06 10:48:00,92.98,92.98,92.855,92.89,819.0
2019-03-06 10:49:00,92.89,92.96,92.89,92.96,1406.0
2019-03-06 10:50:00,92.94,93.02,92.94,93.01,2225.0
2019-03-06 10:51:00,93.02,93.02,92.72,92.72,2548.0
2019-03-06 10:52:00,92.76,92.83,92.76,92.82,1753.0
2019-03-06 11:05:00,93.195,93.195,93.195,93.195,0.0
2019-03-06 11:06:00,93.4,93.4,93.36,93.36,36590.0
2019-03-06 11:08:00,93.44,93.44,93.44,93.44,422.0
2019-03-06 11:09:00,93.5,93.5,93.5,93.5,661.0
2019-03-06 11:10:00,93.435,93.435,93.435,93.435,1955.0
2019-03-06 11:11:00,93.3506,93.3506,93.3506,93.3506,2462.0
2019-03-06 11:12:00,93.305,93.305,93.305,93.305,2113.0
2019-03-06 11:13:00,93.345,93.345,93.345,93.345,1480.0
2019-03-06 11:14:00,93.4,93.4,93.4,93.4,672.0
2019-03-06 11:15:00,93.33,93.33,93.33,93.33,1092.0
2019-03-06 11:16:00,93.36,93.49,93.36,93.49,2182.0
2019-03-06 11:17:00,93.385,93.385,93.385,93.385,1905.0
2019-03-06 11:19:00,93.43,93.55,93.43,93.55,3759.0
2019-03-06 11:20:00,93.51,93.51,93.51,93.51,1015.0
2019-03-06 11:21:00,93.48,93.48,93.39,93.39,4594.0
2019-03-06 11:22:00,93.3693,93.415,93.3693,93.415,4273.0
2019-03-06 11:23:00,93.4,93.4,93.4,93.4,1289.0
2019-03-06 11:24:00,93.45,93.45,93.45,93.45,3026.0
2019-03-06 11:25:00,93.43,93.43,93.43,93.43,2829.0
2019-03-06 11:26:00,93.425,93.425,93.34,93.375,7441.0
2019-03-06 11:27:00,93.48,93.48,93.48,93.48,1563.0
2019-03-06 11:28:00,93.45,93.47,93.425,93.425,15887.0
2019-03-06 11:29:00,93.45,93.45,93.45,93.45,1440.0
2019-03-06 11:30:00,93.4,93.4,93.4,93.4,1832.0
2019-03-06 11:31:00,93.45,93.45,93.45,93.45,2882.0
2019-03-06 11:32:00,93.435,93.5,93.435,93.495,9531.0
2019-03-06 11:33:00,93.4,93.4,93.4,93.4,2756.0
2019-03-06 11:34:00,93.49,93.51,93.49,93.51,4382.0
2019-03-06 11:35:00,93.38,93.41,93.38,93.41,6381.0
2019-03-06 11:36:00,93.46,93.46,93.36,93.36,5671.0
2019-03-06 11:37:00,93.24,93.24,93.01,93.01,4273.0
2019-03-06 11:38:00,93.025,93.025,92.94,92.94,6839.0
2019-03-06 11:39:00,92.79,92.79,92.79,92.79,2605.0
2019-03-06 11:40:00,92.8,92.95,92.8,92.95,11026.0
2019-03-06 11:41:00,92.97,92.97,92.97,92.97,2724.0
2019-03-06 11:42:00,92.79,92.79,92.79,92.79,2027.0
2019-03-06 11:43:00,92.84,92.84,92.84,92.84,4438.0
2019-03-06 11:44:00,92.75,92.75,92.735,92.735,0.0
2019-03-06 11:45:00,92.75,92.75,92.75,92.75,500.0
2019-03-06 11:59:00,92.35,92.35,92.26,92.26,29355.0
2019-03-06 12:00:00,92.27,92.27,92.27,92.27,4750.0
2019-03-06 12:01:00,92.14,92.17,92.14,92.17,3682.0
2019-03-06 12:02:00,92.065,92.065,92.05,92.05,4156.0
2019-03-06 12:03:00,91.865,91.92,91.865,91.91,7672.0
2019-03-06 12:04:00,91.85,92.0,91.85,92.0,2382.0
2019-03-06 12:05:00,92.05,92.05,92.05,92.05,1465.0
2019-03-06 12:06:00,92.03,92.03,92.03,92.03,681.0
2019-03-06 12:07:00,92.025,92.12,92.025,92.12,3704.0
2019-03-06 12:08:00,92.27,92.271,92.27,92.271,2767.0
2019-03-06 12:09:00,92.305,92.305,92.305,92.305,829.0
2019-03-06 12:10:00,92.39,92.49,92.39,92.47,3588.0
2019-03-06 12:11:00,92.59,92.59,92.59,92.59,1031.0
2019-03-06 12:12:00,92.57,92.57,92.52,92.52,1874.0
2019-03-06 12:13:00,92.48,92.5,92.48,92.5,3045.0
2019-03-06 12:14:00,92.455,92.455,92.42,92.45,5286.0
2019-03-06 12:15:00,92.46,92.57,92.46,92.57,3402.0
2019-03-06 12:16:00,92.665,92.81,92.665,92.81,1511.0
2019-03-06 12:17:00,92.81,92.81,92.73,92.73,2469.0
2019-03-06 12:18:00,92.64,92.64,92.63,92.63,1774.0
2019-03-06 12:19:00,92.53,92.53,92.53,92.53,1100.0
2019-03-06 12:20:00,92.5,92.5,92.5,92.5,2612.0
2019-03-06 12:21:00,92.58,92.58,92.565,92.565,2535.0
2019-03-06 12:23:00,92.58,92.65,92.54,92.65,20383.0
2019-03-06 12:24:00,92.72,92.73,92.69,92.71,11991.0
2019-03-06 12:25:00,92.68,92.68,92.29,92.29,7005.0
2019-03-06 12:27:00,92.37,92.5,92.37,92.48,9781.0
2019-03-06 12:28:00,92.23,92.23,92.21,92.21,2386.0
2019-03-06 12:29:00,92.255,92.33,92.255,92.33,6827.0
2019-03-06 12:30:00,92.25,92.33,92.25,92.33,4668.0
2019-03-06 12:32:00,92.325,92.37,92.325,92.37,1839.0
2019-03-06 12:33:00,92.52,92.52,92.52,92.52,828.0
2019-03-06 12:35:00,92.475,92.475,92.475,92.475,372.0
2019-03-06 12:36:00,92.5052,92.65,92.5052,92.65,1978.0
2019-03-06 12:37:00,92.595,92.595,92.595,92.595,172.0
2019-03-06 12:40:00,92.57,92.64,92.53,92.64,4874.0
2019-03-06 12:41:00,92.66,92.66,92.645,92.645,2771.0
2019-03-06 12:43:00,92.695,92.695,92.695,92.695,3175.0
2019-03-06 12:44:00,92.694,92.7,92.694,92.7,1699.0
2019-03-06 12:45:00,92.61,92.61,92.61,92.61,3878.0
2019-03-06 12:46:00,92.68,92.68,92.68,92.68,760.0
2019-03-06 12:47:00,92.715,92.715,92.7,92.7,2144.0
2019-03-06 12:48:00,92.665,92.665,92.665,92.665,130.0
2019-03-06 12:49:00,92.54,92.54,92.54,92.54,1048.0
2019-03-06 12:50:00,92.56,92.56,92.56,92.56,881.0
2019-03-06 12:51:00,92.6,92.6,92.6,92.6,928.0
2019-03-06 12:52:00,92.74,92.74,92.685,92.685,1329.0
2019-03-06 12:53:00,92.67,92.67,92.67,92.67,989.0
2019-03-06 12:54:00,92.59,92.62,92.57,92.62,3665.0
2019-03-06 12:55:00,92.74,92.75,92.74,92.75,4155.0
2019-03-06 12:56:00,92.675,92.675,92.675,92.675,1646.0
2019-03-06 12:57:00,92.72,92.72,92.72,92.72,590.0
2019-03-06 12:58:00,92.75,92.75,92.75,92.75,1171.0
2019-03-06 12:59:00,92.75,92.8595,92.75,92.8595,11974.0
2019-03-06 13:00:00,92.96,93.08,92.96,93.08,3308.0
2019-03-06 13:01:00,93.07,93.07,93.07,93.07,327.0
2019-03-06 13:02:00,93.125,93.13,93.125,93.13,1566.0
2019-03-06 13:03:00,93.07,93.07,93.07,93.07,1200.0
2019-03-06 13:04:00,93.065,93.065,93.065,93.065,800.0
2019-03-06 13:05:00,92.92,92.92,92.92,92.92,1708.0
2019-03-06 13:06:00,92.915,92.915,92.81,92.81,1657.0
2019-03-06 13:07:00,92.69,92.69,92.69,92.69,1625.0
2019-03-06 13:08:00,92.86,92.86,92.86,92.86,1407.0
2019-03-06 13:09:00,92.92,92.92,92.92,92.92,455.0
2019-03-06 13:10:00,92.97,92.97,92.97,92.97,406.0
2019-03-06 13:11:00,93.0,93.0,93.0,93.0,458.0
2019-03-06 13:13:00,92.95,93.02,92.95,93.02,1498.0
2019-03-06 13:15:00,93.02,93.02,93.02,93.02,601.0
2019-03-06 13:16:00,93.09,93.09,93.09,93.09,842.0
2019-03-06 13:17:00,93.09,93.09,93.09,93.09,210.0
2019-03-06 13:18:00,93.0702,93.0702,93.0702,93.0702,1600.0
2019-03-06 13:19:00,93.11,93.11,93.11,93.11,596.0
2019-03-06 13:20:00,93.11,93.11,93.11,93.11,426.0
2019-03-06 13:21:00,93.09,93.09,92.96,93.04,6446.0
2019-03-06 13:23:00,93.035,93.035,93.035,93.035,300.0
2019-03-06 13:24:00,92.98,92.98,92.92,92.92,2259.0
2019-03-06 13:25:00,92.89,92.89,92.825,92.825,2391.0
2019-03-06 13:26:00,92.78,92.78,92.78,92.78,2533.0
2019-03-06 13:27:00,92.71,92.785,92.71,92.785,1651.0
2019-03-06 13:28:00,92.82,92.82,92.82,92.82,262.0
2019-03-06 13:31:00,92.88,92.93,92.88,92.93,1111.0
2019-03-06 13:32:00,92.98,92.98,92.97,92.97,1143.0
2019-03-06 13:33:00,92.95,93.11,92.95,93.11,4740.0
2019-03-06 13:34:00,93.1,93.1,93.095,93.095,2200.0
2019-03-06 13:35:00,93.18,93.18,93.18,93.18,665.0
2019-03-06 13:37:00,93.135,93.135,93.1,93.1,1748.0
2019-03-06 13:38:00,93.13,93.13,93.13,93.13,492.0
2019-03-06 13:39:00,93.19,93.19,93.19,93.19,1127.0
2019-03-06 13:40:00,93.2,93.2,93.2,93.2,1708.0
2019-03-06 13:41:00,93.22,93.22,93.21,93.21,3836.0
2019-03-06 13:42:00,93.12,93.12,92.92,92.92,2388.0
2019-03-06 13:44:00,92.98,93.02,92.98,93.02,1508.0
2019-03-06 13:45:00,92.94,93.0,92.94,93.0,1815.0
2019-03-06 13:46:00,92.94,92.94,92.94,92.94,947.0
2019-03-06 13:47:00,92.98,92.98,92.98,92.98,647.0
2019-03-06 13:48:00,93.005,93.005,92.99,92.99,1732.0
2019-03-06 13:50:00,93.0,93.0,93.0,93.0,625.0
2019-03-06 13:51:00,92.975,92.975,92.975,92.975,480.0
2019-03-06 13:52:00,92.97,92.97,92.89,92.89,3755.0
2019-03-06 13:53:00,92.96,92.96,92.96,92.96,1711.0
2019-03-06 13:54:00,92.955,93.07,92.955,93.07,6535.0
2019-03-06 13:55:00,93.05,93.1,93.05,93.1,7689.0
2019-03-06 13:57:00,93.0713,93.0713,93.0,93.0,2626.0
2019-03-06 13:58:00,92.98,93.03,92.98,93.03,2560.0
2019-03-06 13:59:00,93.01,93.02,93.01,93.02,1541.0
2019-03-06 14:00:00,93.065,93.065,92.96,92.96,5514.0
2019-03-06 14:01:00,92.99,93.03,92.99,93.03,3132.0
2019-03-06 14:02:00,92.995,93.06,92.995,93.06,3376.0
2019-03-06 14:03:00,93.02,93.02,93.02,93.02,1204.0
2019-03-06 14:04:00,93.1,93.15,93.1,93.15,2851.0
2019-03-06 14:05:00,93.19,93.19,93.19,93.19,1602.0
2019-03-06 14:06:00,93.31,93.31,93.215,93.215,4670.0
2019-03-06 14:07:00,93.195,93.195,93.135,93.135,2376.0
2019-03-06 14:08:00,93.135,93.135,92.995,92.995,3641.0
2019-03-06 14:09:00,92.9,92.9,92.87,92.87,2363.0
2019-03-06 14:11:00,92.92,92.95,92.92,92.95,1485.0
2019-03-06 14:12:00,92.95,92.95,92.86,92.86,6626.0
2019-03-06 14:13:00,92.82,92.82,92.735,92.735,2111.0
2019-03-06 14:14:00,92.64,92.64,92.64,92.64,635.0
2019-03-06 14:15:00,92.67,92.67,92.67,92.67,1311.0
2019-03-06 14:17:00,92.66,92.76,92.66,92.76,3000.0
2019-03-06 14:19:00,92.77,92.77,92.77,92.77,1667.0
2019-03-06 14:21:00,92.83,92.87,92.83,92.87,1646.0
2019-03-06 14:22:00,92.89,92.915,92.89,92.915,871.0
2019-03-06 14:24:00,92.94,92.94,92.91,92.925,3425.0
2019-03-06 14:25:00,92.93,92.93,92.93,92.93,365.0
2019-03-06 14:27:00,92.93,92.93,92.92,92.92,695.0
2019-03-06 14:28:00,92.92,92.97,92.92,92.97,1943.0
2019-03-06 14:29:00,92.96,92.96,92.96,92.96,2420.0
2019-03-06 14:30:00,93.02,93.06,93.02,93.06,2801.0
2019-03-06 14:31:00,93.14,93.16,93.14,93.16,1369.0
2019-03-06 14:33:00,93.13,93.13,93.125,93.125,1898.0
2019-03-06 14:34:00,93.09,93.09,93.04,93.04,2947.0
2019-03-06 14:36:00,93.065,93.065,93.065,93.065,467.0
2019-03-06 14:37:00,93.1,93.16,93.1,93.16,2236.0
2019-03-06 14:38:00,93.16,93.24,93.16,93.24,4298.0
2019-03-06 14:39:00,93.26,93.26,93.26,93.26,2482.0
2019-03-06 14:40:00,93.26,93.26,93.26,93.26,1130.0
2019-03-06 14:41:00,93.26,93.26,93.26,93.26,2158.0
2019-03-06 14:42:00,93.26,93.26,93.26,93.26,794.0
2019-03-06 14:43:00,93.2801,93.34,93.2801,93.34,2636.0
2019-03-06 14:44:00,93.295,93.295,93.295,93.295,461.0
2019-03-06 14:45:00,93.325,93.325,93.325,93.325,1793.0
2019-03-06 14:46:00,93.32,93.405,93.32,93.405,3125.0
2019-03-06 14:47:00,93.4,93.4,93.4,93.4,474.0
2019-03-06 14:48:00,93.37,93.37,93.31,93.31,1815.0
2019-03-06 14:50:00,93.3,93.3,93.26,93.29,5146.0
2019-03-06 14:51:00,93.34,93.34,93.24,93.24,3616.0
2019-03-06 14:52:00,93.23,93.26,93.23,93.23,3272.0
2019-03-06 14:53:00,93.07,93.07,93.07,93.07,708.0
2019-03-06 14:54:00,93.11,93.11,93.11,93.11,884.0
2019-03-06 14:55:00,93.09,93.09,93.09,93.09,687.0
2019-03-06 14:56:00,93.05,93.06,93.05,93.06,2093.0
2019-03-06 14:57:00,93.08,93.15,93.08,93.15,2200.0
2019-03-06 14:58:00,93.23,93.23,93.23,93.23,778.0
2019-03-06 14:59:00,93.22,93.22,93.22,93.22,616.0
2019-03-06 15:00:00,93.11,93.11,93.05,93.05,2619.0
2019-03-06 15:01:00,92.81,92.94,92.81,92.94,2235.0
2019-03-06 15:02:00,92.96,92.96,92.96,92.96,403.0
2019-03-06 15:03:00,93.04,93.04,93.015,93.015,1973.0
2019-03-06 15:04:00,92.98,92.98,92.9,92.9,3403.0
2019-03-06 15:06:00,92.92,92.92,92.92,92.92,837.0
2019-03-06 15:07:00,92.91,92.97,92.91,92.97,3188.0
2019-03-06 15:08:00,92.93,92.93,92.93,92.93,1238.0
2019-03-06 15:09:00,92.985,92.985,92.96,92.96,2750.0
2019-03-06 15:10:00,92.95,92.95,92.95,92.95,834.0
2019-03-06 15:11:00,92.975,92.975,92.975,92.975,473.0
2019-03-06 15:12:00,93.0,93.05,93.0,93.05,2444.0
2019-03-06 15:13:00,93.045,93.15,93.045,93.15,5029.0
2019-03-06 15:14:00,93.13,93.13,92.97,92.97,4400.0
2019-03-06 15:15:00,92.94,92.94,92.94,92.94,945.0
2019-03-06 15:16:00,92.88,92.88,92.8023,92.8023,2033.0
2019-03-06 15:17:00,92.75,92.75,92.64,92.66,5473.0
2019-03-06 15:18:00,92.65,92.65,92.65,92.65,1240.0
2019-03-06 15:19:00,92.64,92.655,92.64,92.655,3316.0
2019-03-06 15:20:00,92.64,92.64,92.41,92.44,13393.0
2019-03-06 15:21:00,92.455,92.455,92.185,92.185,5854.0
2019-03-06 15:22:00,92.23,92.23,92.16,92.16,2619.0
2019-03-06 15:23:00,92.08,92.08,92.06,92.06,2139.0
2019-03-06 15:24:00,92.09,92.165,92.07,92.165,5651.0
2019-03-06 15:25:00,92.165,92.175,91.91,91.91,7173.0
2019-03-06 15:26:00,91.81,91.81,91.71,91.71,2391.0
2019-03-06 15:27:00,91.66,91.66,91.5,91.5,8497.0
2019-03-06 15:28:00,91.49,91.49,91.37,91.37,7038.0
2019-03-06 15:29:00,91.29,91.46,91.26,91.46,8293.0
2019-03-06 15:30:00,91.51,91.72,91.51,91.72,2278.0
2019-03-06 15:31:00,91.67,91.67,91.615,91.655,4838.0
2019-03-06 15:32:00,91.64,91.64,91.64,91.64,1220.0
2019-03-06 15:33:00,91.67,91.7,91.645,91.7,4024.0
2019-03-06 15:34:00,91.75,91.77,91.73,91.77,3478.0
2019-03-06 15:35:00,91.75,91.75,91.75,91.75,1517.0
2019-03-06 15:36:00,91.74,91.86,91.74,91.86,5325.0
2019-03-06 15:37:00,91.91,91.96,91.91,91.96,3747.0
2019-03-06 15:38:00,91.96,91.96,91.8,91.835,6860.0
2019-03-06 15:39:00,91.76,91.76,91.7,91.7,3648.0
2019-03-06 15:40:00,91.838,91.838,91.77,91.77,3772.0
2019-03-06 15:41:00,91.76,91.82,91.76,91.82,3901.0
2019-03-06 15:42:00,91.7911,91.7911,91.7911,91.7911,1306.0
2019-03-06 15:43:00,91.82,91.82,91.78,91.78,3010.0
2019-03-06 15:44:00,91.77,91.85,91.77,91.82,6756.0
2019-03-06 15:45:00,91.8,91.82,91.79,91.82,5805.0
2019-03-06 15:46:00,91.78,91.86,91.78,91.86,4454.0
2019-03-06 15:47:00,91.88,91.91,91.88,91.91,7548.0
2019-03-06 15:48:00,91.895,91.91,91.89,91.91,5492.0
2019-03-06 15:49:00,91.93,91.93,91.93,91.93,2590.0
2019-03-06 15:50:00,91.92,91.93,91.92,91.93,5390.0
2019-03-06 15:51:00,91.925,92.0,91.92,92.0,12875.0
2019-03-06 15:52:00,91.995,92.03,91.98,92.03,16661.0
2019-03-06 15:53:00,92.03,92.07,92.03,92.07,3575.0
2019-03-06 15:54:00,92.11,92.16,92.11,92.16,11880.0
2019-03-06 15:55:00,92.165,92.18,92.14,92.14,10486.0
2019-03-06 15:56:00,92.12,92.12,91.64,91.67,16879.0
2019-03-06 15:57:00,91.65,91.65,91.55,91.55,12114.0
2019-03-06 15:58:00,91.55,91.55,91.46,91.46,13245.0
2019-03-06 15:59:00,91.47,91.53,91.46,91.5,16248.0
2019-03-06 16:00:00,91.5,91.5,91.29,91.29,39832.0
2019-03-07 09:31:00,90.0,90.0,89.3,89.3,21739.0
2019-03-07 09:33:00,90.24,90.24,90.24,90.24,900.0
2019-03-07 09:34:00,90.0,90.0,90.0,90.0,1875.0
2019-03-07 09:35:00,89.82,89.82,89.82,89.82,2441.0
2019-03-07 09:36:00,90.0,90.0,90.0,90.0,4049.0
2019-03-07 09:37:00,90.115,90.115,90.115,90.115,3407.0
2019-03-07 09:38:00,90.1038,90.1038,90.1038,90.1038,3004.0
2019-03-07 09:39:00,89.94,89.94,89.94,89.94,2804.0
2019-03-07 09:40:00,90.1368,90.23,90.1368,90.23,6303.0
2019-03-07 09:41:00,90.46,90.46,90.46,90.46,2665.0
2019-03-07 09:42:00,90.96,90.96,90.96,90.96,3150.0
2019-03-07 09:43:00,91.02,91.37,90.51,90.88,19903.0
2019-03-07 09:45:00,90.71,90.71,90.71,90.71,1312.0
2019-03-07 09:46:00,90.45,90.45,90.45,90.45,2878.0
2019-03-07 09:47:00,90.45,90.45,90.45,90.45,2321.0
2019-03-07 09:48:00,90.42,90.42,90.28,90.28,5525.0
2019-03-07 09:49:00,90.28,90.49,90.1603,90.49,5046.0
2019-03-07 09:51:00,90.41,90.41,90.41,90.41,998.0
2019-03-07 09:52:00,90.47,90.47,90.47,90.47,1198.0
2019-03-07 09:53:00,90.5,90.5,90.5,90.5,2462.0
2019-03-07 09:54:00,90.48,90.48,90.48,90.48,1343.0
2019-03-07 09:55:00,90.63,90.63,90.63,90.63,1339.0
2019-03-07 09:57:00,90.585,90.585,90.585,90.585,1272.0
2019-03-07 09:58:00,90.65,90.65,90.65,90.65,997.0
2019-03-07 09:59:00,90.65,90.87,90.5,90.87,4356.0
2019-03-07 10:00:00,91.04,91.04,91.04,91.04,1691.0
2019-03-07 10:01:00,91.28,91.28,91.28,91.28,2464.0
2019-03-07 10:03:00,91.11,91.11,91.11,91.11,1217.0
2019-03-07 10:04:00,91.34,91.34,91.34,91.34,1196.0
2019-03-07 10:05:00,91.44,91.44,91.44,91.44,3941.0
2019-03-07 10:06:00,91.565,91.565,91.565,91.565,835.0
2019-03-07 10:07:00,91.45,91.45,91.45,91.45,1675.0
2019-03-07 10:08:00,91.5,91.5,91.5,91.5,1311.0
2019-03-07 10:09:00,91.47,91.47,91.47,91.47,504.0
2019-03-07 10:10:00,91.25,91.25,91.25,91.25,1768.0
2019-03-07 10:11:00,91.0,91.0,90.965,90.965,13489.0
2019-03-07 10:12:00,90.96,90.96,90.96,90.96,1609.0
2019-03-07 10:13:00,91.08,91.17,91.08,91.17,3900.0
2019-03-07 10:14:00,91.2112,91.2112,91.2112,91.2112,1410.0
2019-03-07 10:16:00,91.3,91.3,91.3,91.3,301.0
2019-03-07 10:17:00,91.32,91.32,91.1,91.1,4724.0
2019-03-07 10:18:00,91.0,91.0,91.0,91.0,1487.0
2019-03-07 10:19:00,90.835,90.835,90.835,90.835,912.0
2019-03-07 10:20:00,90.75,90.75,90.75,90.75,4096.0
2019-03-07 10:23:00,90.82,90.82,90.82,90.82,301.0
2019-03-07 10:24:00,90.92,90.92,90.92,90.92,964.0
2019-03-07 10:25:00,90.88,90.88,90.88,90.88,1840.0
2019-03-07 10:27:00,90.88,90.88,90.88,90.88,504.0
2019-03-07 10:28:00,90.785,90.785,90.785,90.785,532.0
2019-03-07 10:29:00,90.86,90.86,90.86,90.86,1322.0
2019-03-07 10:31:00,90.91,90.91,90.91,90.91,578.0
2019-03-07 10:32:00,90.6461,90.6461,90.6461,90.6461,2103.0
2019-03-07 10:33:00,90.53,90.53,90.53,90.53,1976.0
2019-03-07 10:34:00,90.48,90.48,90.48,90.48,1295.0
2019-03-07 10:35:00,90.49,90.49,90.49,90.49,1749.0
2019-03-07 10:36:00,90.415,90.415,90.415,90.415,275.0
2019-03-07 10:37:00,90.44,90.44,90.44,90.44,1776.0
2019-03-07 10:38:00,90.35,90.35,90.35,90.35,1456.0
2019-03-07 10:39:00,90.165,90.165,90.165,90.165,2160.0
2019-03-07 10:40:00,90.175,90.175,90.175,90.175,1719.0
2019-03-07 10:42:00,90.15,90.15,90.15,90.15,1745.0
2019-03-07 10:43:00,89.96,90.11,89.96,90.11,6757.0
2019-03-07 10:44:00,90.09,90.09,90.09,90.09,2245.0
2019-03-07 10:45:00,89.98,89.98,89.98,89.98,1600.0
2019-03-07 10:47:00,90.085,90.34,90.085,90.34,2658.0
2019-03-07 10:49:00,90.24,90.24,90.24,90.24,1176.0
2019-03-07 10:50:00,90.04,90.07,90.04,90.07,2430.0
2019-03-07 10:52:00,89.91,90.02,89.91,90.02,11599.0
2019-03-07 10:53:00,90.045,90.045,90.045,90.045,3234.0
2019-03-07 10:54:00,90.2,90.2,90.2,90.2,1439.0
2019-03-07 10:55:00,90.205,90.205,90.205,90.205,314.0
2019-03-07 10:56:00,90.0,90.0,90.0,90.0,1890.0
2019-03-07 11:00:00,90.18,90.18,90.18,90.18,3147.0
2019-03-07 11:01:00,90.185,90.185,90.185,90.185,970.0
2019-03-07 11:02:00,90.11,90.11,90.11,90.11,525.0
2019-03-07 11:03:00,90.24,90.24,90.24,90.24,2993.0
2019-03-07 11:04:00,90.39,90.39,90.39,90.39,2492.0
2019-03-07 11:06:00,90.06,90.06,90.06,90.06,1868.0
2019-03-07 11:07:00,89.9778,90.12,89.9778,90.12,4872.0
2019-03-07 11:08:00,90.1,90.1,90.1,90.1,540.0
2019-03-07 11:09:00,90.04,90.04,90.04,90.04,1770.0
2019-03-07 11:10:00,89.96,89.96,89.96,89.96,220.0
2019-03-07 11:11:00,89.96,89.96,89.96,89.96,2511.0
2019-03-07 11:12:00,89.82,89.83,89.82,89.83,29560.0
2019-03-07 11:13:00,89.76,89.76,89.76,89.76,2331.0
2019-03-07 11:14:00,89.57,89.57,89.57,89.57,1193.0
2019-03-07 11:16:00,89.54,89.605,89.54,89.605,959.0
2019-03-07 11:18:00,89.54,89.67,89.54,89.67,4183.0
2019-03-07 11:20:00,89.79,89.885,89.79,89.885,3082.0
2019-03-07 11:23:00,89.96,89.96,89.96,89.96,401.0
2019-03-07 11:24:00,89.91,89.95,89.91,89.95,3731.0
2019-03-07 11:25:00,89.96,89.97,89.96,89.97,3608.0
2019-03-07 11:26:00,90.1,90.1,90.09,90.09,1819.0
2019-03-07 11:27:00,90.31,90.31,90.31,90.31,1032.0
2019-03-07 11:28:00,90.34,90.34,90.34,90.34,1512.0
2019-03-07 11:29:00,90.3,90.3,90.3,90.3,925.0
2019-03-07 11:30:00,90.21,90.21,90.21,90.21,1629.0
2019-03-07 11:31:00,90.16,90.16,90.16,90.16,1050.0
2019-03-07 11:32:00,90.2,90.26,90.2,90.26,2884.0
2019-03-07 11:33:00,90.21,90.22,90.21,90.22,2017.0
2019-03-07 11:35:00,90.26,90.33,90.26,90.33,2216.0
2019-03-07 11:36:00,90.23,90.23,90.23,90.23,810.0
2019-03-07 11:37:00,90.235,90.235,90.235,90.235,200.0
2019-03-07 11:39:00,90.11,90.14,90.11,90.14,5888.0
2019-03-07 11:40:00,90.1,90.1,90.1,90.1,2127.0
2019-03-07 11:42:00,90.07,90.07,90.07,90.07,587.0
2019-03-07 11:43:00,90.1,90.17,90.1,90.17,1988.0
2019-03-07 11:45:00,90.07,90.07,90.01,90.01,2773.0
2019-03-07 11:46:00,90.02,90.02,90.02,90.02,933.0
2019-03-07 11:47:00,89.87,89.87,89.87,89.87,1404.0
2019-03-07 11:48:00,89.86,89.95,89.86,89.945,5660.0
2019-03-07 11:49:00,89.94,89.94,89.94,89.94,415.0
2019-03-07 11:51:00,89.915,89.99,89.915,89.94,4047.0
2019-03-07 11:52:00,89.919,89.919,89.919,89.919,1678.0
2019-03-07 11:53:00,89.97,89.995,89.97,89.995,2504.0
2019-03-07 11:54:00,89.95,89.95,89.88,89.88,1793.0
2019-03-07 11:55:00,89.88,89.88,89.88,89.88,2059.0
2019-03-07 11:56:00,89.9,89.9,89.9,89.9,617.0
2019-03-07 11:57:00,89.95,89.965,89.95,89.965,3739.0
2019-03-07 11:58:00,90.015,90.015,89.97,89.97,3227.0
2019-03-07 11:59:00,90.08,90.145,90.08,90.145,3692.0
2019-03-07 12:00:00,90.1,90.14,90.07,90.08,6405.0
2019-03-07 12:01:00,90.185,90.185,90.18,90.18,3058.0
2019-03-07 12:02:00,90.14,90.14,90.03,90.03,3844.0
2019-03-07 12:03:00,90.12,90.18,90.12,90.18,3424.0
2019-03-07 12:04:00,90.235,90.235,90.19,90.215,5534.0
2019-03-07 12:05:00,90.13,90.16,90.13,90.16,3131.0
2019-03-07 12:07:00,90.1,90.24,90.1,90.24,3480.0
2019-03-07 12:08:00,90.26,90.26,90.17,90.17,2974.0
2019-03-07 12:09:00,90.2,90.2,90.2,90.2,3027.0
2019-03-07 12:10:00,90.21,90.21,90.06,90.06,2154.0
2019-03-07 12:12:00,90.085,90.085,90.085,90.085,734.0
2019-03-07 12:14:00,90.04,90.075,90.04,90.075,7635.0
2019-03-07 12:15:00,90.095,90.095,89.965,89.965,2588.0
2019-03-07 12:16:00,89.9,89.9,89.69,89.69,3248.0
2019-03-07 12:18:00,89.72,89.72,89.48,89.48,4960.0
2019-03-07 12:19:00,89.43,89.48,89.43,89.48,3654.0
2019-03-07 12:21:00,89.37,89.37,89.195,89.195,2851.0
2019-03-07 12:22:00,89.18,89.18,89.0,89.0,3661.0
2019-03-07 12:23:00,89.02,89.21,89.02,89.21,4455.0
2019-03-07 12:24:00,89.09,89.09,89.09,89.09,1408.0
2019-03-07 12:25:00,89.09,89.09,89.09,89.09,199.0
2019-03-07 12:26:00,89.185,89.185,89.185,89.185,1796.0
2019-03-07 12:27:00,89.25,89.25,89.25,89.25,309.0
2019-03-07 12:28:00,89.18,89.18,89.18,89.18,779.0
2019-03-07 12:29:00,89.135,89.135,89.135,89.135,637.0
2019-03-07 12:30:00,89.13,89.13,89.06,89.06,766.0
2019-03-07 12:31:00,89.12,89.12,89.12,89.12,726.0
2019-03-07 12:32:00,89.085,89.085,89.085,89.085,1594.0
2019-03-07 12:33:00,89.13,89.13,89.03,89.03,6528.0
2019-03-07 12:34:00,89.07,89.18,89.07,89.18,6850.0
2019-03-07 12:35:00,89.2,89.2,89.2,89.2,825.0
2019-03-07 12:36:00,89.19,89.23,89.19,89.23,1447.0
2019-03-07 12:37:00,89.27,89.27,89.27,89.27,812.0
2019-03-07 12:38:00,89.2995,89.39,89.2995,89.39,2822.0
2019-03-07 12:39:00,89.51,89.51,89.29,89.29,2750.0
2019-03-07 12:41:00,89.16,89.16,89.16,89.16,529.0
2019-03-07 12:45:00,89.12,89.12,89.06,89.06,2686.0
2019-03-07 12:46:00,89.12,89.12,89.12,89.12,829.0
2019-03-07 12:48:00,89.165,89.165,89.165,89.165,696.0
2019-03-07 12:49:00,89.09,89.09,89.09,89.09,834.0
2019-03-07 12:51:00,89.04,89.04,89.04,89.04,729.0
2019-03-07 12:52:00,89.0,89.0,89.0,89.0,844.0
2019-03-07 12:53:00,89.025,89.025,88.99,88.99,6412.0
2019-03-07 12:54:00,89.0,89.0,89.0,89.0,1608.0
2019-03-07 12:55:00,88.98,88.98,88.98,88.98,763.0
2019-03-07 12:56:00,88.9456,88.9456,88.9456,88.9456,1346.0
2019-03-07 12:57:00,89.04,89.04,89.04,89.04,628.0
2019-03-07 12:58:00,89.05,89.05,89.05,89.05,419.0
2019-03-07 12:59:00,89.0,89.0,89.0,89.0,1031.0
2019-03-07 13:00:00,88.8699,88.8699,88.8699,88.8699,1130.0
2019-03-07 13:01:00,88.77,88.82,88.77,88.82,2439.0
2019-03-07 13:03:00,88.79,88.79,88.79,88.79,617.0
2019-03-07 13:05:00,88.79,88.79,88.79,88.79,427.0
2019-03-07 13:06:00,88.7,88.7,88.7,88.7,1091.0
2019-03-07 13:07:00,88.59,88.59,88.59,88.59,710.0
2019-03-07 13:08:00,88.52,88.52,88.52,88.52,1274.0
2019-03-07 13:09:00,88.42,88.42,88.42,88.42,2020.0
2019-03-07 13:10:00,88.38,88.41,88.38,88.41,2494.0
2019-03-07 13:11:00,88.43,88.43,88.43,88.43,200.0
2019-03-07 13:13:00,88.43,88.43,88.43,88.43,411.0
2019-03-07 13:14:00,88.38,88.38,88.38,88.38,1201.0
2019-03-07 13:15:00,88.42,88.47,88.42,88.47,3178.0
2019-03-07 13:16:00,88.45,88.5,88.45,88.5,2819.0
2019-03-07 13:18:00,88.46,88.65,88.46,88.65,3358.0
2019-03-07 13:19:00,88.69,88.71,88.69,88.69,3999.0
2019-03-07 13:20:00,88.72,88.81,88.72,88.79,3876.0
2019-03-07 13:21:00,88.77,88.77,88.77,88.77,906.0
2019-03-07 13:22:00,88.74,88.75,88.74,88.75,2715.0
2019-03-07 13:23:00,88.76,88.76,88.76,88.76,1400.0
2019-03-07 13:25:00,88.76,88.76,88.76,88.76,1238.0
2019-03-07 13:28:00,88.73,88.73,88.73,88.73,1970.0
2019-03-07 13:29:00,88.68,88.68,88.68,88.68,348.0
2019-03-07 13:30:00,88.72,88.9505,88.72,88.88,12804.0
2019-03-07 13:31:00,88.77,88.87,88.77,88.87,5497.0
2019-03-07 13:32:00,88.79,88.79,88.79,88.79,925.0
2019-03-07 13:33:00,88.765,88.765,88.765,88.765,818.0
2019-03-07 13:34:00,88.74,88.74,88.74,88.74,701.0
2019-03-07 13:35:00,88.72,88.72,88.72,88.72,1100.0
2019-03-07 13:36:00,88.665,88.665,88.665,88.665,1411.0
2019-03-07 13:37:00,88.66,88.66,88.66,88.66,232.0
2019-03-07 13:38:00,88.62,88.62,88.62,88.62,328.0
2019-03-07 13:39:00,88.56,88.58,88.56,88.58,3329.0
2019-03-07 13:40:00,88.58,88.59,88.58,88.58,3226.0
2019-03-07 13:41:00,88.56,88.62,88.56,88.62,2383.0
2019-03-07 13:42:00,88.57,88.57,88.57,88.57,302.0
2019-03-07 13:43:00,88.66,88.76,88.66,88.76,2471.0
2019-03-07 13:44:00,88.75,88.75,88.75,88.75,466.0
2019-03-07 13:45:00,88.83,88.87,88.83,88.87,1263.0
2019-03-07 13:46:00,88.87,88.87,88.87,88.87,112.0
2019-03-07 13:48:00,88.88,88.94,88.88,88.94,1839.0
2019-03-07 13:49:00,88.97,88.97,88.97,88.97,553.0
2019-03-07 13:50:00,88.99,89.09,88.99,89.09,1162.0
2019-03-07 13:52:00,89.16,89.16,89.16,89.16,759.0
2019-03-07 13:53:00,88.99,89.04,88.99,89.04,1818.0
2019-03-07 13:54:00,88.8,88.8,88.8,88.8,897.0
2019-03-07 13:55:00,88.91,88.93,88.91,88.93,3781.0
2019-03-07 13:56:00,88.84,88.84,88.84,88.84,2107.0
2019-03-07 13:58:00,88.97,89.05,88.97,89.05,1440.0
2019-03-07 13:59:00,89.1,89.1,89.1,89.1,1239.0
2019-03-07 14:00:00,88.97,88.97,88.97,88.97,700.0
2019-03-07 14:01:00,89.14,89.15,89.14,89.15,1379.0
2019-03-07 14:02:00,89.17,89.17,89.17,89.17,335.0
2019-03-07 14:04:00,89.28,89.34,89.28,89.34,961.0
2019-03-07 14:06:00,89.28,89.28,89.22,89.22,1803.0
2019-03-07 14:08:00,89.2,89.2,89.2,89.2,472.0
2019-03-07 14:10:00,89.15,89.15,89.15,89.15,221.0
2019-03-07 14:14:00,89.11,89.19,89.1,89.19,4886.0
2019-03-07 14:15:00,89.19,89.19,89.19,89.19,669.0
2019-03-07 14:16:00,89.25,89.25,89.25,89.25,637.0
2019-03-07 14:17:00,89.18,89.18,89.18,89.18,766.0
2019-03-07 14:18:00,89.22,89.22,89.22,89.22,660.0
2019-03-07 14:19:00,89.21,89.21,89.21,89.21,341.0
2019-03-07 14:20:00,89.25,89.25,89.25,89.25,645.0
2019-03-07 14:21:00,89.265,89.32,89.265,89.32,959.0
2019-03-07 14:24:00,89.29,89.39,89.29,89.39,1224.0
2019-03-07 14:25:00,89.32,89.32,89.32,89.32,655.0
2019-03-07 14:26:00,89.39,89.42,89.39,89.42,1947.0
2019-03-07 14:29:00,89.33,89.33,89.33,89.33,228.0
2019-03-07 14:31:00,89.3543,89.3543,89.3543,89.3543,626.0
2019-03-07 14:32:00,89.355,89.355,89.355,89.355,179.0
2019-03-07 14:33:00,89.31,89.31,89.31,89.31,487.0
2019-03-07 14:34:00,89.345,89.345,89.345,89.345,403.0
2019-03-07 14:35:00,89.29,89.37,89.29,89.36,1948.0
2019-03-07 14:36:00,89.35,89.35,89.31,89.31,1836.0
2019-03-07 14:38:00,89.31,89.31,89.31,89.31,732.0
2019-03-07 14:39:00,89.29,89.29,89.29,89.29,758.0
2019-03-07 14:40:00,89.2,89.2,89.2,89.2,1000.0
2019-03-07 14:41:00,89.2,89.22,89.2,89.22,1289.0
2019-03-07 14:42:00,89.27,89.27,89.17,89.17,2973.0
2019-03-07 14:45:00,89.18,89.18,89.18,89.18,351.0
2019-03-07 14:47:00,89.115,89.115,89.115,89.115,1100.0
2019-03-07 14:48:00,89.13,89.13,89.13,89.13,410.0
2019-03-07 14:49:00,89.06,89.06,89.06,89.06,705.0
2019-03-07 14:50:00,89.045,89.045,89.045,89.045,939.0
2019-03-07 14:51:00,89.045,89.045,89.045,89.045,212.0
2019-03-07 14:52:00,89.09,89.16,89.09,89.12,5468.0
2019-03-07 14:53:00,89.1157,89.1157,89.1157,89.1157,651.0
2019-03-07 14:54:00,89.11,89.11,89.11,89.11,1047.0
2019-03-07 14:56:00,89.105,89.25,89.105,89.25,3082.0
2019-03-07 14:57:00,89.35,89.35,89.35,89.35,1246.0
2019-03-07 14:58:00,89.34,89.34,89.34,89.34,1232.0
2019-03-07 14:59:00,89.41,89.41,89.37,89.37,1571.0
2019-03-07 15:01:00,89.275,89.275,89.275,89.275,1633.0
2019-03-07 15:02:00,89.32,89.32,89.32,89.32,365.0
2019-03-07 15:04:00,89.23,89.23,89.23,89.23,677.0
2019-03-07 15:05:00,89.29,89.38,89.29,89.38,3455.0
2019-03-07 15:06:00,89.39,89.39,89.39,89.39,1028.0
2019-03-07 15:07:00,89.39,89.39,89.39,89.39,347.0
2019-03-07 15:08:00,89.41,89.48,89.41,89.48,3797.0
2019-03-07 15:10:00,89.47,89.55,89.47,89.55,1997.0
2019-03-07 15:11:00,89.58,89.58,89.58,89.58,562.0
2019-03-07 15:14:00,89.62,89.75,89.62,89.75,4203.0
2019-03-07 15:15:00,89.73,89.75,89.73,89.75,3053.0
2019-03-07 15:16:00,89.6901,89.6901,89.68,89.68,2764.0
2019-03-07 15:19:00,89.72,89.72,89.71,89.71,3405.0
2019-03-07 15:21:00,89.74,89.74,89.74,89.74,125.0
2019-03-07 15:22:00,89.81,89.81,89.81,89.81,1057.0
2019-03-07 15:23:00,89.9,89.9,89.9,89.9,1462.0
2019-03-07 15:25:00,89.96,90.05,89.945,90.05,4723.0
2019-03-07 15:26:00,90.06,90.06,90.06,90.06,1402.0
2019-03-07 15:27:00,90.08,90.08,90.08,90.08,1310.0
2019-03-07 15:29:00,90.0,90.0,89.99,89.99,1330.0
2019-03-07 15:30:00,90.03,90.03,89.95,89.95,3263.0
2019-03-07 15:31:00,89.92,89.95,89.9,89.95,5558.0
2019-03-07 15:32:00,90.03,90.1,90.03,90.1,2175.0
2019-03-07 15:33:00,90.07,90.07,90.07,90.07,317.0
2019-03-07 15:34:00,90.1,90.1,90.09,90.09,2414.0
2019-03-07 15:35:00,90.02,90.02,89.94,89.94,2116.0
2019-03-07 15:36:00,89.945,89.945,89.945,89.945,794.0
2019-03-07 15:37:00,89.98,90.01,89.98,90.01,1491.0
2019-03-07 15:38:00,89.998,89.998,89.998,89.998,664.0
2019-03-07 15:39:00,89.99,89.99,89.99,89.99,819.0
2019-03-07 15:40:00,90.05,90.06,90.05,90.06,2154.0
2019-03-07 15:41:00,90.07,90.07,89.98,90.0,5023.0
2019-03-07 15:42:00,90.01,90.01,90.01,90.01,1106.0
2019-03-07 15:43:00,90.04,90.04,90.04,90.04,1163.0
2019-03-07 15:44:00,90.0,90.0,89.98,89.98,2509.0
2019-03-07 15:45:00,90.03,90.05,90.03,90.05,3399.0
2019-03-07 15:46:00,90.05,90.08,90.05,90.08,3357.0
2019-03-07 15:47:00,90.08,90.09,90.0,90.0,5521.0
2019-03-07 15:48:00,89.95,90.01,89.95,90.01,3746.0
2019-03-07 15:49:00,90.01,90.01,90.01,90.01,538.0
2019-03-07 15:50:00,89.99,90.01,89.99,90.01,1231.0
2019-03-07 15:51:00,89.995,89.995,89.95,89.95,3161.0
2019-03-07 15:52:00,90.01,90.02,89.97,89.97,7681.0
2019-03-07 15:53:00,89.92,89.92,89.83,89.83,2287.0
2019-03-07 15:54:00,89.79,89.81,89.79,89.81,2678.0
2019-03-07 15:55:00,89.81,90.01,89.81,90.01,8733.0
2019-03-07 15:56:00,90.03,90.14,90.03,90.14,4515.0
2019-03-07 15:57:00,90.04,90.18,90.04,90.18,8836.0
2019-03-07 15:58:00,90.14,90.14,90.08,90.08,7106.0
2019-03-07 15:59:00,90.08,90.08,90.04,90.04,8072.0
2019-03-07 16:00:00,90.05,90.08,89.98,89.98,13620.0
2019-03-08 09:32:00,89.17,89.17,89.17,89.17,4691.0
2019-03-08 09:33:00,88.99,88.99,88.99,88.99,1982.0
2019-03-08 09:34:00,89.29,89.29,89.29,89.29,2084.0
2019-03-08 09:35:00,89.285,89.285,89.285,89.285,838.0
2019-03-08 09:36:00,89.48,89.48,89.35,89.35,10701.0
2019-03-08 09:37:00,89.2,89.2,89.09,89.09,12620.0
2019-03-08 09:39:00,89.2805,89.74,89.2805,89.74,3512.0
2019-03-08 09:40:00,89.69,89.69,89.69,89.69,6861.0
2019-03-08 09:41:00,89.855,89.855,89.855,89.855,1658.0
2019-03-08 09:42:00,89.85,90.0,89.85,90.0,7942.0
2019-03-08 09:44:00,89.88,89.88,89.88,89.88,3199.0
2019-03-08 09:47:00,90.08,90.08,90.08,90.08,2147.0
2019-03-08 09:48:00,90.2,90.2,90.2,90.2,578.0
2019-03-08 09:50:00,89.97,89.97,89.77,89.77,1883.0
2019-03-08 09:52:00,89.58,89.58,89.5,89.5,3757.0
2019-03-08 09:53:00,89.7871,89.7871,89.7871,89.7871,825.0
2019-03-08 09:54:00,89.5344,89.5344,89.5344,89.5344,234.0
2019-03-08 09:57:00,89.51,89.51,89.51,89.51,2213.0
2019-03-08 09:59:00,89.41,89.41,89.355,89.355,4031.0
2019-03-08 10:01:00,89.36,89.36,89.36,89.36,425.0
2019-03-08 10:03:00,89.22,89.22,89.22,89.22,1410.0
2019-03-08 10:04:00,89.24,89.325,89.24,89.325,4488.0
2019-03-08 10:06:00,89.225,89.225,89.225,89.225,791.0
2019-03-08 10:07:00,89.05,89.05,89.05,89.05,1361.0
2019-03-08 10:08:00,89.0,89.0,88.99,88.99,4306.0
2019-03-08 10:10:00,88.99,89.1,88.99,89.1,5391.0
2019-03-08 10:12:00,88.97,88.97,88.97,88.97,284.0
2019-03-08 10:13:00,88.97,88.97,88.97,88.97,1819.0
2019-03-08 10:15:00,89.0,89.0,89.0,89.0,279.0
2019-03-08 10:16:00,89.0,89.0,89.0,89.0,882.0
2019-03-08 10:17:00,89.119,89.119,89.119,89.119,1763.0
2019-03-08 10:18:00,88.84,88.84,88.84,88.84,879.0
2019-03-08 10:19:00,88.73,88.73,88.73,88.73,332.0
2019-03-08 10:21:00,88.9,88.9,88.85,88.85,3443.0
2019-03-08 10:22:00,89.08,89.08,89.08,89.08,1231.0
2019-03-08 10:24:00,89.24,89.24,89.24,89.24,1207.0
2019-03-08 10:27:00,89.53,89.53,89.53,89.53,1592.0
2019-03-08 10:30:00,89.47,89.47,89.47,89.47,5213.0
2019-03-08 10:31:00,89.29,89.29,89.29,89.29,542.0
2019-03-08 10:33:00,89.57,89.57,89.57,89.57,434.0
2019-03-08 10:35:00,89.57,89.57,89.57,89.57,1019.0
2019-03-08 10:37:00,89.46,89.57,89.46,89.57,4322.0
2019-03-08 10:38:00,89.69,89.69,89.69,89.69,2757.0
2019-03-08 10:39:00,89.6,89.6,89.6,89.6,692.0
2019-03-08 10:40:00,89.72,89.72,89.72,89.72,692.0
2019-03-08 10:41:00,89.535,89.535,89.535,89.535,865.0
2019-03-08 10:43:00,89.59,89.59,89.59,89.59,577.0
2019-03-08 10:44:00,89.61,89.61,89.61,89.61,773.0
2019-03-08 10:49:00,89.5623,89.5623,89.5623,89.5623,260.0
2019-03-08 10:51:00,89.48,89.48,89.48,89.48,798.0
2019-03-08 10:54:00,89.605,89.605,89.605,89.605,751.0
2019-03-08 10:55:00,89.58,89.58,89.58,89.58,600.0
2019-03-08 10:56:00,89.48,89.48,89.48,89.48,969.0
2019-03-08 10:57:00,89.41,89.41,89.41,89.41,411.0
2019-03-08 10:58:00,89.535,89.535,89.535,89.535,595.0
2019-03-08 11:00:00,89.46,89.46,89.46,89.46,176.0
2019-03-08 11:01:00,89.36,89.47,89.36,89.47,3513.0
2019-03-08 11:02:00,89.525,89.525,89.525,89.525,1348.0
2019-03-08 11:03:00,89.52,89.52,89.52,89.52,1848.0
2019-03-08 11:04:00,89.5,89.52,89.5,89.52,3314.0
2019-03-08 11:06:00,89.36,89.36,89.36,89.36,1911.0
2019-03-08 11:08:00,89.32,89.32,89.32,89.32,569.0
2019-03-08 11:09:00,89.22,89.22,89.22,89.22,351.0
2019-03-08 11:10:00,89.0,89.0,89.0,89.0,1355.0
2019-03-08 11:11:00,88.93,88.93,88.93,88.93,927.0
2019-03-08 11:12:00,88.7,88.7,88.7,88.7,406.0
2019-03-08 11:14:00,88.84,88.84,88.84,88.84,972.0
2019-03-08 11:15:00,88.54,88.76,88.54,88.76,2136.0
2019-03-08 11:16:00,88.83,88.83,88.83,88.83,1180.0
2019-03-08 11:17:00,88.885,88.885,88.885,88.885,1371.0
2019-03-08 11:18:00,88.945,88.945,88.945,88.945,825.0
2019-03-08 11:19:00,88.86,88.86,88.86,88.86,1037.0
2019-03-08 11:20:00,88.96,88.97,88.96,88.97,4554.0
2019-03-08 11:22:00,88.96,88.96,88.96,88.96,780.0
2019-03-08 11:23:00,89.0,89.0,89.0,89.0,1415.0
2019-03-08 11:24:00,89.0,89.0,88.95,88.95,3477.0
2019-03-08 11:25:00,89.0,89.0,89.0,89.0,1812.0
2019-03-08 11:29:00,88.885,88.885,88.885,88.885,715.0
2019-03-08 11:30:00,88.8,88.84,88.8,88.84,4235.0
2019-03-08 11:32:00,88.92,88.92,88.92,88.92,1694.0
2019-03-08 11:33:00,88.965,88.965,88.965,88.965,925.0
2019-03-08 11:34:00,88.95,89.01,88.95,89.01,1195.0
2019-03-08 11:36:00,88.96,88.96,88.91,88.91,2360.0
2019-03-08 11:41:00,88.935,88.935,88.935,88.935,1076.0
2019-03-08 11:43:00,88.99,88.99,88.99,88.99,1102.0
2019-03-08 11:44:00,88.95,88.95,88.95,88.95,134.0
2019-03-08 11:45:00,89.0,89.02,89.0,89.02,2856.0
2019-03-08 11:46:00,88.94,88.94,88.94,88.94,824.0
2019-03-08 11:47:00,89.0,89.0,89.0,89.0,1316.0
2019-03-08 11:48:00,89.015,89.015,89.015,89.015,486.0
2019-03-08 11:49:00,89.05,89.05,89.05,89.05,886.0
2019-03-08 11:50:00,89.01,89.01,89.01,89.01,958.0
2019-03-08 11:51:00,88.955,88.955,88.955,88.955,1000.0
2019-03-08 11:52:00,88.81,88.81,88.81,88.81,661.0
2019-03-08 11:54:00,88.8,88.8,88.8,88.8,1028.0
2019-03-08 11:56:00,88.67,88.67,88.67,88.67,599.0
2019-03-08 11:57:00,88.62,88.62,88.62,88.62,892.0
2019-03-08 12:01:00,88.495,88.495,88.495,88.495,775.0
2019-03-08 12:02:00,88.5,88.5,88.5,88.5,557.0
2019-03-08 12:04:00,88.545,88.545,88.545,88.545,368.0
2019-03-08 12:05:00,88.55,88.55,88.49,88.49,1948.0
2019-03-08 12:07:00,88.49,88.49,88.49,88.49,1056.0
2019-03-08 12:08:00,88.61,88.61,88.61,88.61,474.0
2019-03-08 12:09:00,88.665,88.665,88.665,88.665,320.0
2019-03-08 12:11:00,88.61,88.61,88.61,88.61,602.0
2019-03-08 12:13:00,88.62,88.62,88.62,88.62,469.0
2019-03-08 12:14:00,88.69,88.73,88.69,88.73,1908.0
2019-03-08 12:15:00,88.75,88.75,88.75,88.75,750.0
2019-03-08 12:16:00,88.81,88.82,88.81,88.82,1540.0
2019-03-08 12:17:00,88.97,88.97,88.97,88.97,668.0
2019-03-08 12:19:00,88.94,88.94,88.94,88.94,422.0
2019-03-08 12:20:00,89.01,89.01,89.01,89.01,447.0
2019-03-08 12:21:00,88.905,88.905,88.905,88.905,908.0
2019-03-08 12:23:00,88.865,88.865,88.7,88.7,1776.0
2019-03-08 12:24:00,88.73,88.73,88.73,88.73,1004.0
2019-03-08 12:25:00,88.655,88.655,88.655,88.655,492.0
2019-03-08 12:26:00,88.57,88.73,88.57,88.73,1873.0
2019-03-08 12:27:00,88.75,88.75,88.75,88.75,409.0
2019-03-08 12:29:00,88.75,88.75,88.75,88.75,381.0
2019-03-08 12:30:00,88.7,88.7,88.7,88.7,569.0
2019-03-08 12:31:00,88.78,88.78,88.78,88.78,119.0
2019-03-08 12:32:00,88.7,88.7,88.7,88.7,1375.0
2019-03-08 12:33:00,88.68,88.75,88.68,88.75,1400.0
2019-03-08 12:34:00,88.79,88.79,88.79,88.79,605.0
2019-03-08 12:35:00,88.73,88.76,88.73,88.76,1210.0
2019-03-08 12:37:00,88.7116,88.7116,88.57,88.57,1236.0
2019-03-08 12:39:00,88.56,88.56,88.5,88.5,1314.0
2019-03-08 12:41:00,88.52,88.52,88.52,88.52,441.0
2019-03-08 12:42:00,88.4,88.4,88.4,88.4,382.0
2019-03-08 12:43:00,88.27,88.31,88.27,88.31,3003.0
2019-03-08 12:44:00,88.38,88.38,88.38,88.38,267.0
2019-03-08 12:46:00,88.39,88.39,88.39,88.39,533.0
2019-03-08 12:47:00,88.43,88.43,88.43,88.43,1503.0
2019-03-08 12:48:00,88.395,88.395,88.395,88.395,761.0
2019-03-08 12:50:00,88.28,88.28,88.28,88.28,1413.0
2019-03-08 12:53:00,88.18,88.18,88.18,88.18,1283.0
2019-03-08 12:54:00,88.09,88.09,88.09,88.09,1188.0
2019-03-08 12:55:00,88.24,88.24,88.24,88.24,847.0
2019-03-08 12:56:00,88.3,88.3,88.3,88.3,613.0
2019-03-08 12:57:00,88.27,88.325,88.27,88.325,3534.0
2019-03-08 12:58:00,88.36,88.36,88.36,88.36,338.0
2019-03-08 13:00:00,88.3,88.3,88.3,88.3,539.0
2019-03-08 13:01:00,88.36,88.36,88.36,88.36,817.0
2019-03-08 13:03:00,88.4,88.4,88.4,88.4,158.0
2019-03-08 13:04:00,88.42,88.42,88.42,88.42,909.0
2019-03-08 13:05:00,88.41,88.41,88.35,88.35,1636.0
2019-03-08 13:06:00,88.42,88.49,88.42,88.49,3154.0
2019-03-08 13:07:00,88.605,88.605,88.17,88.18,9496.0
2019-03-08 13:08:00,88.16,88.16,88.01,88.1,12083.0
2019-03-08 13:09:00,88.0,88.1,88.0,88.1,3504.0
2019-03-08 13:10:00,88.16,88.16,88.16,88.16,1830.0
2019-03-08 13:11:00,88.1,88.1,88.1,88.1,342.0
2019-03-08 13:12:00,88.05,88.05,88.05,88.05,531.0
2019-03-08 13:13:00,88.18,88.18,88.18,88.18,566.0
2019-03-08 13:14:00,88.195,88.195,88.195,88.195,730.0
2019-03-08 13:15:00,88.14,88.14,88.14,88.14,474.0
2019-03-08 13:17:00,88.21,88.21,88.21,88.21,584.0
2019-03-08 13:19:00,88.19,88.25,88.17,88.2,2854.0
2019-03-08 13:22:00,88.205,88.205,88.065,88.065,2007.0
2019-03-08 13:24:00,88.06,88.06,88.06,88.06,694.0
2019-03-08 13:25:00,88.06,88.06,88.06,88.06,500.0
2019-03-08 13:26:00,88.07,88.1,88.07,88.1,1911.0
2019-03-08 13:27:00,88.16,88.16,88.16,88.16,1077.0
2019-03-08 13:28:00,88.23,88.25,88.23,88.25,1961.0
2019-03-08 13:29:00,88.31,88.31,88.31,88.31,590.0
2019-03-08 13:31:00,88.34,88.34,88.34,88.34,443.0
2019-03-08 13:32:00,88.25,88.25,88.25,88.25,702.0
2019-03-08 13:33:00,88.25,88.26,88.25,88.26,1673.0
2019-03-08 13:34:00,88.225,88.225,88.225,88.225,881.0
2019-03-08 13:35:00,88.11,88.11,88.11,88.11,1623.0
2019-03-08 13:36:00,88.06,88.06,88.06,88.06,1611.0
2019-03-08 13:37:00,88.0,88.03,87.99,88.03,5845.0
2019-03-08 13:40:00,88.085,88.085,88.085,88.085,663.0
2019-03-08 13:42:00,88.045,88.045,88.045,88.045,501.0
2019-03-08 13:44:00,88.01,88.01,88.01,88.01,392.0
2019-03-08 13:45:00,87.985,87.985,87.985,87.985,1478.0
2019-03-08 13:46:00,87.985,87.985,87.985,87.985,1512.0
2019-03-08 13:47:00,88.02,88.065,88.02,88.065,2168.0
2019-03-08 13:48:00,88.19,88.19,88.19,88.19,678.0
2019-03-08 13:49:00,88.06,88.06,88.06,88.06,1411.0
2019-03-08 13:51:00,88.09,88.09,88.09,88.09,236.0
2019-03-08 13:53:00,88.0,88.0,87.95,87.95,2343.0
2019-03-08 13:54:00,87.94,87.95,87.94,87.95,2199.0
2019-03-08 13:55:00,87.97,87.97,87.97,87.97,1420.0
2019-03-08 13:57:00,87.975,87.975,87.975,87.975,231.0
2019-03-08 13:58:00,87.8,87.8,87.8,87.8,910.0
2019-03-08 13:59:00,87.705,87.705,87.705,87.705,300.0
2019-03-08 14:00:00,87.74,87.79,87.74,87.79,2745.0
2019-03-08 14:03:00,87.87,87.87,87.87,87.87,803.0
2019-03-08 14:04:00,87.805,87.805,87.805,87.805,825.0
2019-03-08 14:05:00,87.92,87.92,87.92,87.92,2533.0
2019-03-08 14:06:00,87.93,87.93,87.93,87.93,1008.0
2019-03-08 14:07:00,87.97,87.97,87.9,87.9,786.0
2019-03-08 14:08:00,87.8,87.8,87.8,87.8,1668.0
2019-03-08 14:09:00,87.88,87.88,87.88,87.88,441.0
2019-03-08 14:11:00,87.88,87.91,87.88,87.91,1726.0
2019-03-08 14:12:00,87.88,87.88,87.88,87.88,1351.0
2019-03-08 14:13:00,87.88,87.88,87.78,87.78,2188.0
2019-03-08 14:14:00,87.79,87.79,87.79,87.79,412.0
2019-03-08 14:15:00,87.77,87.78,87.77,87.78,1782.0
2019-03-08 14:18:00,87.69,87.69,87.69,87.69,587.0
2019-03-08 14:19:00,87.68,87.72,87.68,87.72,1223.0
2019-03-08 14:21:00,87.73,87.73,87.73,87.73,400.0
2019-03-08 14:22:00,87.74,87.83,87.74,87.79,2431.0
2019-03-08 14:24:00,87.81,87.81,87.81,87.81,536.0
2019-03-08 14:26:00,87.67,87.67,87.67,87.67,537.0
2019-03-08 14:27:00,87.68,87.68,87.68,87.68,860.0
2019-03-08 14:29:00,87.56,87.56,87.495,87.495,2230.0
2019-03-08 14:30:00,87.41,87.58,87.41,87.58,4131.0
2019-03-08 14:31:00,87.5,87.5,87.5,87.5,352.0
2019-03-08 14:32:00,87.64,87.64,87.64,87.64,676.0
2019-03-08 14:33:00,87.63,87.63,87.63,87.63,342.0
2019-03-08 14:34:00,87.59,87.59,87.59,87.59,633.0
2019-03-08 14:35:00,87.555,87.555,87.52,87.52,3471.0
2019-03-08 14:37:00,87.55,87.55,87.55,87.55,560.0
2019-03-08 14:38:00,87.59,87.68,87.59,87.68,781.0
2019-03-08 14:40:00,87.685,87.685,87.615,87.615,1029.0
2019-03-08 14:41:00,87.65,87.65,87.65,87.65,415.0
2019-03-08 14:42:00,87.69,87.72,87.69,87.72,1938.0
2019-03-08 14:43:00,87.74,87.74,87.74,87.74,1431.0
2019-03-08 14:44:00,87.76,87.83,87.76,87.83,1168.0
2019-03-08 14:46:00,87.85,87.94,87.85,87.94,1355.0
2019-03-08 14:47:00,87.955,88.13,87.955,88.12,6047.0
2019-03-08 14:48:00,88.145,88.145,88.145,88.145,601.0
2019-03-08 14:49:00,88.0,88.0,88.0,88.0,960.0
2019-03-08 14:50:00,88.095,88.095,88.095,88.095,1478.0
2019-03-08 14:51:00,88.1407,88.1407,88.1407,88.1407,2111.0
2019-03-08 14:53:00,88.21,88.31,88.21,88.31,1431.0
2019-03-08 14:55:00,88.37,88.37,88.37,88.37,789.0
2019-03-08 14:56:00,88.41,88.57,88.41,88.57,6934.0
2019-03-08 14:57:00,88.68,88.93,88.68,88.89,10834.0
2019-03-08 14:58:00,88.95,88.95,88.95,88.95,751.0
2019-03-08 14:59:00,88.96,88.96,88.88,88.88,1965.0
2019-03-08 15:00:00,88.87,88.87,88.87,88.87,461.0
2019-03-08 15:01:00,88.86,88.86,88.85,88.85,1838.0
2019-03-08 15:02:00,88.85,88.85,88.85,88.85,3565.0
2019-03-08 15:03:00,88.77,88.8,88.77,88.8,1468.0
2019-03-08 15:04:00,88.75,88.75,88.75,88.75,506.0
2019-03-08 15:05:00,88.75,88.75,88.75,88.75,583.0
2019-03-08 15:06:00,88.66,88.66,88.66,88.66,787.0
2019-03-08 15:08:00,88.63,88.645,88.63,88.645,1891.0
2019-03-08 15:09:00,88.74,88.74,88.74,88.74,3970.0
2019-03-08 15:10:00,88.735,88.735,88.735,88.735,528.0
2019-03-08 15:11:00,88.7,88.7,88.7,88.7,446.0
2019-03-08 15:12:00,88.73,88.73,88.73,88.73,1784.0
2019-03-08 15:13:00,88.755,88.755,88.755,88.755,685.0
2019-03-08 15:14:00,88.76,88.76,88.76,88.76,771.0
2019-03-08 15:15:00,88.745,88.795,88.745,88.795,3933.0
2019-03-08 15:16:00,88.79,88.79,88.79,88.79,1114.0
2019-03-08 15:17:00,88.785,88.785,88.76,88.76,1848.0
2019-03-08 15:18:00,88.65,88.65,88.65,88.65,1222.0
2019-03-08 15:19:00,88.6,88.6,88.6,88.6,571.0
2019-03-08 15:21:00,88.57,88.57,88.57,88.57,330.0
2019-03-08 15:22:00,88.54,88.54,88.54,88.54,732.0
2019-03-08 15:23:00,88.525,88.68,88.525,88.68,5152.0
2019-03-08 15:24:00,88.68,88.7,88.68,88.7,998.0
2019-03-08 15:25:00,88.74,88.74,88.74,88.74,1100.0
2019-03-08 15:26:00,88.8,88.8,88.8,88.8,939.0
2019-03-08 15:27:00,88.75,88.77,88.75,88.77,1944.0
2019-03-08 15:28:00,88.795,88.82,88.795,88.82,2298.0
2019-03-08 15:29:00,88.85,88.85,88.85,88.85,487.0
2019-03-08 15:30:00,88.68,88.68,88.68,88.68,1983.0
2019-03-08 15:31:00,88.67,88.67,88.66,88.66,3133.0
2019-03-08 15:32:00,88.6638,88.6638,88.6638,88.6638,617.0
2019-03-08 15:33:00,88.61,88.72,88.61,88.72,3218.0
2019-03-08 15:34:00,88.73,88.78,88.73,88.78,4469.0
2019-03-08 15:36:00,88.705,88.705,88.705,88.705,1723.0
2019-03-08 15:37:00,88.625,88.625,88.625,88.625,1154.0
2019-03-08 15:38:00,88.64,88.71,88.64,88.7,5458.0
2019-03-08 15:39:00,88.62,88.62,88.62,88.62,405.0
2019-03-08 15:40:00,88.545,88.545,88.545,88.545,1046.0
2019-03-08 15:41:00,88.55,88.55,88.55,88.55,860.0
2019-03-08 15:42:00,88.59,88.59,88.59,88.59,288.0
2019-03-08 15:43:00,88.57,88.78,88.57,88.78,5301.0
2019-03-08 15:44:00,88.85,88.9,88.85,88.9,2367.0
2019-03-08 15:45:00,88.97,88.97,88.95,88.95,4169.0
2019-03-08 15:46:00,88.9,88.9,88.87,88.9,3773.0
2019-03-08 15:47:00,88.92,88.97,88.92,88.97,4292.0
2019-03-08 15:48:00,88.99,89.01,88.97,88.97,8122.0
2019-03-08 15:49:00,88.99,89.03,88.99,89.03,2844.0
2019-03-08 15:50:00,89.06,89.15,89.06,89.15,4257.0
2019-03-08 15:51:00,89.17,89.24,89.17,89.23,5966.0
2019-03-08 15:52:00,89.22,89.28,89.22,89.25,4255.0
2019-03-08 15:53:00,89.29,89.31,89.29,89.31,2670.0
2019-03-08 15:54:00,89.34,89.45,89.34,89.45,4164.0
2019-03-08 15:55:00,89.42,89.46,89.41,89.46,4354.0
2019-03-08 15:56:00,89.38,89.38,89.325,89.325,7614.0
2019-03-08 15:57:00,89.275,89.34,89.275,89.34,7344.0
2019-03-08 15:58:00,89.32,89.36,89.32,89.34,7911.0
2019-03-08 15:59:00,89.32,89.32,89.25,89.25,9198.0
2019-03-08 16:00:00,89.21,89.2999,89.21,89.2999,18940.0
